0 13 6
1 8 15
2 13 0
3 5 7
4 15 0
5 8 3
6 11 10
7 12 14
8 10 4
9 8 13
10 13 12
11 12 7
12 18 0
13 7 5
14 18 12
15 4 9
16 14 4
17 12 8
18 4 12
19 19 7
20 0 11
21 0 12
22 1 13
23 11 16
24 10 0
25 9 3
26 10 5
27 12 0
28 14 15
29 4 0
30 13 4
31 13 13
32 0 11
33 19 19
34 17 0
35 14 3
36 11 14
37 14 17
38 4 11
39 2 19
40 11 6
41 10 8
42 13 15
43 4 8
44 0 12
45 10 7
46 13 17
47 10 4
48 10 18
49 3 14
50 13 7
51 13 12
52 15 2
53 9 0
54 18 7
55 12 4
56 13 6
57 14 15
58 13 7
59 10 5
60 13 4
61 8 16
62 11 19
63 1 7
64 10 4
65 19 7
66 10 2
67 19 12
68 6 5
69 12 4
70 0 7
71 19 18
72 2 0
73 14 17
74 10 8
75 4 9
76 5 6
77 1 19
78 4 15
79 8 15
80 5 17
81 9 13
82 18 12
83 13 17
84 4 12
85 10 17
86 5 7
87 5 0
88 7 10
89 18 7
90 5 6
91 19 7
92 13 0
93 18 0
94 0 11
95 13 4
96 13 15
97 10 19
98 8 16
99 2 19
100 5 7
101 13 13
102 10 0
103 14 18
104 7 5
105 12 0
106 0 12
107 12 4
108 4 17
109 1 14
110 5 17
111 12 9
112 7 19
113 17 0
114 1 5
115 12 18
116 12 14
117 11 11
118 13 9
119 11 15
120 8 3
121 4 17
122 10 5
123 19 12
124 1 19
125 1 0
126 10 7
127 16 2
128 5 17
129 10 8
130 11 7
131 8 13
132 11 16
133 18 0
134 9 3
135 3 17
136 13 10
137 9 8
138 8 6
139 3 13
140 14 4
141 3 6
142 18 7
143 3 5
144 5 6
145 17 16
146 2 19
147 4 0
148 11 18
149 13 9
150 11 6
151 11 14
152 2 0
153 17 0
154 10 4
155 5 15
156 4 15
157 12 17
158 3 6
159 13 0
160 15 1
161 4 8
162 6 10
163 8 3
164 9 19
165 1 13
166 14 17
167 10 19
168 17 2
169 19 7
170 6 5
171 14 15
172 9 13
173 18 12
174 17 17
175 0 5
176 6 17
177 19 12
178 13 15
179 5 7
180 12 0
181 14 15
182 3 5
183 9 0
184 18 0
185 12 14
186 15 0
187 11 2
188 3 6
189 13 6
190 13 12
191 5 6
192 13 15
193 10 3
194 9 17
195 10 0
196 1 5
197 3 5
198 12 7
199 4 11
200 18 12
201 5 0
202 5 17
203 3 6
204 12 13
205 10 18
206 7 5
207 11 5
208 13 11
209 12 18
210 2 17
211 5 15
212 0 11
213 17 0
214 9 0
215 19 19
216 12 17
217 8 19
218 10 0
219 18 2
220 18 0
221 0 12
222 13 8
223 1 19
224 1 14
225 5 7
226 13 5
227 12 18
228 17 0
229 13 17
230 1 0
231 18 0
232 10 4
233 0 5
234 14 3
235 10 17
236 11 18
237 4 15
238 14 15
239 11 19
240 4 12
241 9 18
242 4 0
243 19 12
244 0 11
245 3 5
246 14 17
247 11 7
248 10 8
249 9 6
250 4 9
251 18 12
252 13 6
253 17 16
254 10 3
255 4 11
256 10 19
257 17 0
258 13 0
259 8 13
260 18 0
261 13 15
262 12 7
263 13 12
264 12 0
265 13 4
266 3 14
267 1 13
268 18 7
269 8 6
270 4 8
271 3 6
272 13 11
273 8 4
274 11 1
275 9 0
276 1 5
277 10 4
278 3 5
279 1 12
280 19 18
281 5 15
282 1 13
283 6 5
284 13 9
285 19 19
286 19 18
287 12 14
288 3 17
289 4 12
290 15 1
291 0 5
292 4 15
293 10 3
294 3 13
295 6 17
296 9 17
297 5 6
298 10 16
299 5 7
300 8 18
301 12 4
302 12 13
303 7 18
304 5 0
305 13 17
306 10 18
307 9 13
308 19 7
309 19 12
310 7 19
311 9 6
312 3 6
313 11 19
314 1 5
315 8 3
316 0 5
317 3 5
318 13 0
319 7 5
320 8 13
321 5 17
322 8 4
323 17 17
324 1 12
325 3 6
326 17 0
327 5 6
328 9 19
329 8 6
330 13 8
331 11 10
332 7 18
333 13 5
334 12 3
335 5 15
336 4 9
337 18 7
338 1 5
339 13 6
340 0 5
341 18 12
342 18 3
343 12 4
344 10 4
345 2 17
346 1 5
347 13 4
348 18 0
349 14 6
350 11 7
351 7 19
352 14 15
353 0 10
354 0 11
355 14 17
356 1 13
357 3 14
358 7 18
359 13 17
360 19 7
361 4 11
362 4 17
363 5 17
364 13 12
365 19 12
366 13 11
367 11 16
368 7 10
369 8 19
370 13 9
371 10 0
372 8 17
373 3 5
374 4 0
375 12 7
376 11 2
377 6 10
378 0 5
379 10 2
380 14 17
381 1 7
382 4 17
383 13 7
384 1 12
385 18 2
386 12 7
387 9 17
388 4 12
389 18 12
390 10 16
391 9 19
392 17 0
393 8 19
394 13 7
395 14 9
396 11 16
397 5 7
398 12 14
399 8 3
400 11 2
401 11 11
402 7 10
403 9 13
404 19 19
405 4 15
406 2 19
407 9 3
408 8 13
409 11 0
410 15 3
411 10 7
412 14 0
413 16 1
414 9 6
415 18 3
416 8 17
417 10 8
418 2 16
419 3 13
420 15 6
421 1 5
422 12 13
423 9 13
424 10 16
425 13 15
426 2 0
427 9 17
428 13 0
429 12 14
430 13 6
431 13 12
432 12 19
433 14 4
434 15 2
435 8 6
436 1 19
437 8 3
438 19 12
439 13 4
440 4 8
441 5 6
442 18 7
443 11 10
444 18 0
445 3 6
446 6 5
447 8 17
448 9 6
449 0 5
450 8 15
451 18 2
452 15 7
453 14 15
454 3 5
455 0 10
456 5 17
457 0 11
458 18 12
459 9 3
460 13 15
461 10 2
462 13 13
463 13 9
464 0 7
465 5 0
466 9 17
467 14 4
468 15 6
469 4 0
470 10 0
471 5 0
472 1 5
473 18 3
474 11 11
475 1 7
476 0 10
477 5 15
478 4 9
479 11 0
480 18 2
481 16 0
482 4 17
483 10 5
484 4 15
485 0 11
486 13 8
487 7 17
488 13 5
489 19 18
490 14 15
491 7 19
492 6 10
493 0 10
494 11 10
495 14 3
496 14 0
497 13 9
498 18 3
499 1 0
500 0 7
501 15 1
502 3 6
503 10 4
504 17 0
505 14 4
506 4 8
507 5 17
508 7 10
509 8 16
510 13 12
511 15 7
512 19 12
513 3 5
514 19 7
515 11 11
516 18 1
517 15 6
518 18 12
519 11 10
520 13 0
521 16 0
522 19 19
523 13 8
524 13 15
525 13 17
526 15 2
527 8 13
528 18 0
529 11 11
530 13 13
531 19 18
532 3 6
533 11 10
534 13 9
535 5 15
536 18 2
537 14 3
538 14 15
539 10 5
540 2 19
541 8 19
542 4 9
543 14 0
544 2 0
545 11 16
546 0 11
547 11 2
548 17 16
549 16 1
550 1 19
551 17 0
552 10 2
553 9 13
554 4 8
555 13 0
556 8 6
557 10 16
558 11 19
559 11 16
560 4 11
561 10 7
562 7 19
563 8 19
564 3 5
565 10 17
566 4 17
567 1 16
568 4 12
569 11 14
570 1 13
571 8 15
572 15 1
573 3 6
574 8 13
575 15 0
576 19 19
577 10 8
578 18 7
579 0 16
580 3 5
581 4 0
582 4 15
583 9 6
584 13 1
585 10 7
586 16 2
587 18 0
588 8 16
589 9 17
590 14 4
591 10 4
592 14 3
593 5 0
594 10 17
595 14 4
596 13 12
597 0 12
598 0 17
599 11 6
600 11 2
601 4 0
602 18 3
603 12 14
604 12 19
605 12 13
606 9 17
607 0 16
608 17 0
609 10 2
610 13 11
611 2 19
612 0 17
613 17 17
614 1 7
615 5 15
616 17 16
617 18 0
618 14 17
619 5 0
620 13 12
621 4 15
622 10 19
623 13 15
624 1 0
625 4 9
626 10 17
627 11 15
628 1 14
629 17 0
630 0 7
631 18 0
632 13 17
633 1 19
634 13 6
635 6 10
636 3 14
637 8 6
638 4 11
639 13 11
640 10 5
641 0 11
642 19 18
643 11 11
644 10 8
645 10 0
646 11 0
647 6 17
648 12 14
649 0 5
650 19 7
651 11 16
652 5 15
653 10 7
654 13 7
655 11 2
656 0 16
657 14 17
658 14 15
659 10 8
660 18 7
661 9 6
662 7 17
663 1 13
664 9 17
665 4 0
666 6 17
667 12 18
668 19 19
669 19 12
670 7 19
671 19 7
672 13 17
673 11 7
674 13 6
675 2 19
676 7 10
677 8 15
678 15 2
679 3 13
680 1 5
681 18 7
682 13 4
683 18 2
684 18 3
685 17 0
686 4 12
687 15 7
688 3 17
689 13 8
690 10 2
691 19 18
692 14 4
693 11 10
694 1 7
695 13 0
696 12 13
697 3 6
698 4 17
699 10 0
700 18 0
701 17 17
702 0 17
703 0 7
704 11 11
705 3 14
706 4 11
707 1 12
708 13 12
709 15 3
710 18 12
711 9 8
712 11 18
713 7 5
714 3 5
715 5 0
716 2 0
717 19 12
718 15 2
719 0 5
720 15 3
721 5 7
722 8 3
723 12 14
724 0 10
725 4 15
726 13 5
727 12 0
728 10 4
729 11 2
730 8 17
731 19 7
732 3 13
733 6 5
734 9 19
735 17 0
736 9 0
737 9 15
738 18 2
739 8 6
740 1 7
741 4 8
742 3 6
743 10 0
744 9 6
745 12 13
746 8 6
747 15 2
748 0 11
749 4 9
750 14 0
751 12 1
752 4 0
753 0 10
754 15 6
755 3 14
756 4 12
757 12 14
758 18 0
759 1 13
760 15 7
761 10 3
762 10 2
763 5 6
764 5 7
765 12 13
766 0 16
767 5 0
768 1 12
769 6 10
770 18 7
771 7 10
772 10 19
773 11 0
774 10 16
775 1 5
776 13 9
777 10 4
778 18 3
779 5 15
780 8 19
781 3 17
782 10 18
783 13 8
784 12 7
785 13 9
786 13 8
787 5 6
788 13 9
789 19 19
790 4 17
791 7 19
792 11 16
793 14 3
794 13 1
795 0 5
796 15 1
797 3 17
798 9 3
799 15 6
800 8 19
801 18 2
802 1 19
803 13 2
804 8 3
805 4 0
806 1 0
807 6 10
808 5 0
809 13 6
810 15 2
811 4 17
812 11 19
813 9 17
814 7 5
815 0 17
816 9 6
817 4 0
818 2 0
819 12 8
820 7 19
821 10 0
822 8 15
823 0 11
824 13 0
825 1 0
826 12 0
827 5 0
828 1 5
829 4 0
830 2 19
831 10 19
832 8 16
833 4 15
834 14 17
835 3 13
836 10 5
837 5 0
838 11 10
839 3 17
840 5 17
841 11 11
842 14 4
843 5 15
844 0 16
845 0 17
846 10 17
847 15 7
848 0 10
849 9 17
850 10 18
851 13 10
852 6 5
853 10 16
854 13 7
855 13 9
856 1 13
857 3 14
858 8 15
859 18 12
860 13 11
861 11 8
862 12 8
863 3 13
864 1 12
865 0 16
866 4 0
867 17 0
868 5 0
869 8 6
870 18 3
871 13 4
872 9 0
873 13 1
874 8 16
875 13 12
876 17 16
877 11 0
878 4 11
879 9 6
880 3 14
881 9 13
882 12 19
883 4 0
884 13 15
885 18 0
886 11 10
887 12 14
888 4 8
889 4 9
890 8 19
891 3 5
892 17 17
893 2 0
894 10 3
895 14 4
896 7 10
897 17 16
898 13 13
899 6 10
900 7 5
901 8 4
902 18 2
903 14 15
904 15 6
905 0 7
906 0 5
907 13 0
908 19 18
909 13 15
910 4 8
911 2 17
912 1 0
913 0 17
914 11 8
915 15 7
916 8 17
917 19 12
918 8 13
919 1 7
920 11 16
921 1 19
922 9 17
923 3 17
924 17 0
925 7 19
926 4 9
927 8 8
928 14 15
929 17 17
930 1 13
931 6 17
932 2 19
933 13 6
934 4 12
935 10 19
936 13 17
937 13 15
938 15 6
939 11 1
940 3 13
941 15 7
942 10 8
943 3 6
944 14 15
945 11 2
946 10 18
947 12 0
948 18 12
949 4 17
950 5 7
951 11 19
952 18 0
953 7 17
954 0 16
955 9 3
956 10 16
957 11 16
958 15 1
959 10 16
960 5 6
961 13 8
962 10 2
963 9 18
964 8 15
965 19 19
966 8 17
967 17 16
968 18 3
969 1 12
970 5 7
971 12 19
972 4 8
973 5 6
974 15 0
975 19 12
976 17 0
977 6 5
978 3 5
979 18 12
980 5 17
981 3 6
982 10 7
983 8 3
984 3 5
985 1 19
986 4 15
987 4 9
988 1 5
989 13 5
990 9 3
991 11 2
992 0 17
993 18 2
994 13 15
995 2 0
996 8 19
997 10 8
998 3 6
999 7 19
1000 0 11
1001 10 2
1002 3 5
1003 0 16
1004 1 13
1005 0 17
1006 13 9
1007 1 12
1008 13 12
1009 10 0
1010 7 5
1011 13 8
1012 4 17
1013 11 16
1014 6 5
1015 19 7
1016 3 14
1017 0 7
1018 10 16
1019 10 19
1020 9 13
1021 7 10
1022 13 6
1023 3 6
1024 14 15
1025 2 19
1026 11 11
1027 13 4
1028 12 6
1029 10 18
1030 7 5
1031 5 7
1032 5 6
1033 4 11
1034 15 1
1035 15 6
1036 5 17
1037 13 0
1038 1 0
1039 8 6
1040 11 0
1041 4 17
1042 5 7
1043 8 13
1044 0 10
1045 3 13
1046 17 17
1047 19 12
1048 10 0
1049 18 0
1050 9 17
1051 14 17
1052 9 13
1053 11 10
1054 3 5
1055 9 6
1056 18 12
1057 2 0
1058 18 7
1059 10 4
1060 18 3
1061 12 0
1062 6 10
1063 15 0
1064 8 3
1065 8 17
1066 11 18
1067 18 2
1068 10 7
1069 8 4
1070 13 6
1071 0 16
1072 7 10
1073 0 17
1074 3 14
1075 9 19
1076 5 0
1077 13 0
1078 1 13
1079 11 16
1080 13 17
1081 18 3
1082 8 3
1083 13 9
1084 9 2
1085 1 12
1086 7 18
1087 17 0
1088 9 17
1089 8 16
1090 15 7
1091 13 13
1092 5 17
1093 3 13
1094 3 14
1095 15 1
1096 5 15
1097 10 19
1098 4 8
1099 10 5
1100 10 18
1101 6 10
1102 19 18
1103 1 13
1104 11 0
1105 13 12
1106 8 4
1107 13 8
1108 0 5
1109 8 17
1110 14 4
1111 8 6
1112 10 0
1113 13 15
1114 1 0
1115 18 2
1116 7 19
1117 11 11
1118 8 19
1119 19 7
1120 9 17
1121 8 3
1122 14 17
1123 7 10
1124 10 3
1125 1 7
1126 12 18
1127 11 0
1128 8 15
1129 18 0
1130 6 10
1131 7 10
1132 13 4
1133 3 6
1134 18 3
1135 10 4
1136 8 4
1137 17 0
1138 10 16
1139 19 12
1140 3 13
1141 12 6
1142 4 17
1143 15 6
1144 11 19
1145 1 5
1146 1 12
1147 6 5
1148 10 8
1149 13 9
1150 11 16
1151 1 13
1152 7 8
1153 5 17
1154 1 12
1155 10 19
1156 17 16
1157 0 7
1158 8 17
1159 0 11
1160 13 17
1161 1 7
1162 14 15
1163 14 4
1164 4 9
1165 10 2
1166 6 10
1167 15 7
1168 0 10
1169 7 9
1170 18 12
1171 1 13
1172 8 16
1173 13 8
1174 10 3
1175 10 0
1176 17 17
1177 7 5
1178 1 19
1179 4 17
1180 18 0
1181 10 4
1182 0 5
1183 14 17
1184 4 15
1185 4 12
1186 5 15
1187 10 7
1188 18 7
1189 8 3
1190 7 10
1191 5 17
1192 11 10
1193 4 11
1194 7 9
1195 10 18
1196 19 19
1197 4 0
1198 8 15
1199 2 19
# colocadas=1200 ocupadas=50 mayor=187
