0 0 0
1 0 19
2 19 0
3 19 19
4 18 0
5 0 2
6 0 4
7 0 6
8 0 8
9 1 2
10 18 19
11 0 10
12 0 12
13 0 14
14 0 16
15 2 0
16 2 19
17 4 0
18 19 0
19 4 19
20 6 0
21 0 18
22 6 19
23 0 19
24 8 0
25 8 19
26 10 0
27 10 19
28 12 0
29 1 8
30 12 19
31 14 0
32 4 1
33 14 19
34 0 8
35 4 18
36 19 19
37 16 0
38 16 19
39 18 19
40 19 2
41 16 18
42 19 4
43 17 0
44 10 1
45 19 6
46 18 0
47 11 0
48 0 3
49 19 8
50 19 10
51 19 12
52 5 19
53 18 10
54 10 18
55 19 14
56 18 4
57 13 0
58 15 0
59 10 0
60 19 16
61 11 0
62 6 19
63 4 0
64 19 19
65 3 19
66 17 19
67 2 19
68 13 1
69 10 19
70 1 4
71 18 14
72 1 7
73 19 15
74 8 18
75 19 0
76 1 14
77 1 5
78 8 19
79 14 0
80 19 18
81 3 19
82 1 9
83 2 9
84 1 11
85 18 0
86 2 19
87 5 19
88 1 17
89 3 19
90 0 9
91 0 1
92 2 8
93 2 3
94 6 19
95 12 1
96 2 6
97 19 1
98 0 14
99 1 18
100 4 1
101 19 5
102 0 11
103 19 3
104 4 0
105 2 4
106 17 14
107 12 18
108 11 19
109 0 12
110 19 14
111 19 19
112 16 0
113 1 17
114 19 10
115 17 4
116 18 12
117 16 14
118 19 16
119 4 17
120 19 11
121 1 10
122 16 1
123 12 2
124 15 18
125 19 6
126 19 10
127 13 19
128 0 5
129 1 18
130 19 12
131 1 14
132 1 0
133 2 19
134 0 15
135 0 11
136 10 19
137 15 14
138 11 2
139 16 19
140 2 2
141 0 13
142 0 6
143 0 7
144 2 0
145 4 1
146 18 12
147 18 19
148 1 8
149 0 0
150 14 14
151 0 12
152 1 7
153 19 4
154 1 8
155 19 11
156 1 7
157 1 2
158 3 17
159 19 9
160 0 17
161 3 0
162 14 18
163 12 0
164 11 18
165 15 0
166 0 5
167 19 17
168 0 18
169 17 12
170 19 2
171 19 12
172 19 15
173 11 0
174 13 14
175 1 8
176 19 19
177 1 11
178 9 19
179 19 14
180 0 1
181 0 6
182 12 19
183 19 16
184 19 17
185 1 4
186 14 0
187 15 19
188 19 15
189 1 0
190 12 0
191 0 0
192 1 19
193 5 19
194 2 2
195 1 1
196 19 11
197 19 1
198 0 16
199 2 9
200 11 3
201 1 3
202 7 19
203 13 19
204 11 19
205 19 2
206 10 0
207 0 11
208 4 19
209 1 15
210 0 2
211 0 3
212 0 19
213 14 17
214 2 10
215 19 14
216 16 19
217 19 0
218 0 14
219 9 18
220 12 1
221 0 1
222 2 15
223 9 19
224 6 19
225 16 4
226 15 4
227 4 18
228 1 15
229 14 19
230 2 7
231 1 18
232 1 12
233 14 4
234 18 4
235 13 19
236 11 0
237 1 16
238 18 0
239 9 0
240 1 2
241 2 1
242 1 5
243 0 18
244 0 2
245 2 0
246 8 19
247 14 19
248 19 13
249 1 1
250 0 1
251 5 0
252 19 14
253 1 2
254 8 0
255 2 2
256 10 0
257 1 19
258 12 14
259 17 19
260 19 12
261 1 10
262 19 1
263 19 5
264 16 19
265 19 11
266 2 6
267 16 12
268 10 3
269 19 16
270 0 16
271 7 0
272 6 0
273 0 7
274 19 6
275 13 17
276 19 5
277 0 12
278 4 19
279 13 19
280 6 18
281 1 13
282 16 0
283 5 19
284 6 17
285 0 11
286 1 17
287 19 8
288 2 8
289 5 17
290 3 4
291 2 10
292 2 4
293 19 6
294 0 4
295 9 3
296 0 3
297 3 4
298 19 13
299 3 19
300 3 16
301 6 19
302 1 12
303 0 6
304 0 13
305 4 2
306 12 0
307 0 19
308 1 0
309 4 1
310 14 19
311 0 14
312 5 0
313 0 7
314 0 13
315 19 5
316 4 2
317 4 17
318 1 18
319 1 10
320 2 18
321 0 17
322 1 14
323 10 19
324 5 1
325 0 6
326 4 0
327 1 4
328 14 1
329 1 2
330 8 18
331 17 4
332 9 19
333 18 19
334 0 10
335 1 17
336 0 2
337 0 0
338 5 19
339 0 15
340 0 11
341 1 5
342 0 10
343 19 10
344 2 4
345 19 4
346 0 17
347 1 19
348 19 2
349 0 1
350 11 14
351 19 7
352 0 16
353 0 2
354 16 4
355 0 12
356 19 1
357 2 16
358 0 14
359 6 0
360 0 5
361 13 19
362 0 15
363 6 19
364 7 18
365 1 5
366 5 2
367 2 0
368 0 7
369 7 0
370 4 19
371 19 12
372 1 13
373 3 6
374 19 13
375 0 1
376 14 0
377 2 6
378 14 1
379 0 8
380 6 0
381 14 0
382 19 12
383 0 5
384 7 0
385 5 0
386 19 6
387 19 19
388 0 19
389 19 0
390 1 6
391 1 9
392 1 2
393 2 6
394 7 17
395 1 16
396 2 1
397 19 9
398 1 15
399 0 9
400 7 19
401 1 0
402 4 0
403 10 14
404 0 11
405 18 0
406 0 0
407 3 2
408 3 19
409 2 0
410 3 1
411 8 3
412 16 3
413 3 8
414 19 2
415 6 19
416 3 17
417 2 2
418 19 7
419 1 1
420 1 5
421 7 3
422 1 12
423 6 3
424 0 12
425 12 1
426 1 11
427 19 1
428 1 8
429 19 3
430 12 0
431 6 4
432 3 16
433 1 7
434 0 2
435 1 8
436 6 17
437 1 9
438 9 0
439 0 13
440 5 0
441 0 1
442 2 15
443 13 4
444 0 16
445 19 11
446 1 12
447 15 3
448 19 0
449 9 14
450 2 7
451 0 0
452 14 1
453 12 17
454 4 2
455 5 4
456 19 4
457 19 2
458 3 0
459 12 4
460 8 19
461 19 5
462 15 0
463 2 9
464 18 7
465 19 7
466 0 6
467 19 12
468 8 14
469 19 10
470 18 0
471 5 19
472 15 19
473 6 19
474 4 3
475 3 17
476 3 4
477 1 11
478 4 2
479 10 0
480 16 0
481 13 0
482 19 4
483 15 12
484 4 19
485 5 3
486 1 4
487 1 12
488 0 3
489 19 15
490 19 0
491 8 0
492 0 12
493 5 4
494 19 14
495 18 2
496 7 0
497 5 1
498 0 1
499 1 14
500 0 15
501 5 17
502 1 5
503 1 0
504 0 0
505 15 0
506 0 8
507 1 2
508 16 0
509 1 10
510 18 19
511 19 9
512 0 14
513 2 1
514 19 15
515 0 11
516 0 13
517 0 14
518 11 4
519 1 7
520 5 16
521 11 17
522 10 4
523 1 13
524 12 0
525 5 0
526 3 19
527 1 0
528 0 5
529 14 0
530 17 0
531 19 11
532 0 12
533 1 14
534 0 10
535 14 12
536 19 19
537 9 4
538 1 3
539 3 7
540 8 0
541 0 11
542 0 2
543 2 16
544 4 0
545 2 2
546 5 3
547 19 1
548 5 19
549 2 19
550 3 0
551 4 16
552 5 4
553 0 3
554 18 9
555 0 13
556 0 18
557 19 6
558 1 2
559 2 1
560 6 0
561 0 4
562 2 4
563 19 10
564 1 10
565 4 15
566 0 10
567 16 0
568 10 17
569 1 3
570 3 15
571 0 7
572 2 2
573 1 7
574 1 10
575 1 18
576 0 19
577 17 9
578 1 16
579 19 9
580 0 3
581 2 18
582 19 3
583 0 18
584 0 14
585 4 19
586 0 16
587 14 1
588 19 5
589 0 12
590 1 6
591 0 10
592 2 5
593 4 1
594 3 6
595 8 1
596 14 3
597 7 14
598 1 4
599 16 9
600 2 15
601 3 15
602 1 17
603 0 6
604 12 19
605 19 4
606 18 19
607 15 0
608 19 14
609 0 0
610 1 2
611 0 4
612 3 7
613 2 0
614 5 0
615 8 4
616 11 19
617 4 17
618 2 6
619 7 4
620 3 8
621 1 12
622 1 19
623 2 5
624 7 3
625 1 9
626 0 5
627 13 0
628 19 13
629 0 7
630 2 2
631 0 19
632 6 3
633 0 18
634 0 11
635 1 6
636 13 1
637 1 0
638 9 17
639 0 4
640 3 19
641 0 0
642 1 15
643 0 9
644 2 17
645 19 8
646 0 5
647 1 8
648 0 4
649 12 0
650 1 13
651 2 15
652 0 19
653 13 3
654 0 6
655 3 7
656 3 14
657 19 3
658 6 0
659 4 0
660 0 10
661 17 2
662 0 5
663 12 3
664 7 19
665 11 3
666 19 6
667 19 19
668 6 19
669 10 19
670 9 19
671 14 0
672 1 2
673 19 4
674 2 10
675 1 1
676 15 0
677 2 2
678 1 18
679 4 4
680 0 8
681 0 9
682 6 14
683 8 17
684 19 12
685 5 14
686 2 7
687 11 0
688 8 0
689 13 0
690 8 1
691 1 3
692 19 3
693 0 1
694 0 13
695 13 1
696 0 18
697 19 5
698 4 1
699 13 0
700 5 19
701 5 3
702 1 10
703 13 1
704 5 13
705 1 19
706 8 0
707 19 11
708 1 6
709 0 2
710 1 1
711 0 4
712 1 15
713 0 1
714 2 8
715 4 16
716 19 6
717 2 10
718 0 19
719 14 0
720 0 6
721 0 7
722 19 10
723 1 11
724 13 12
725 0 8
726 3 2
727 12 0
728 19 5
729 6 19
730 19 11
731 2 19
732 7 17
733 2 13
734 6 17
735 10 3
736 19 10
737 0 15
738 1 5
739 5 19
740 9 3
741 2 5
742 16 2
743 1 5
744 1 2
745 0 10
746 2 16
747 0 7
748 1 0
749 4 0
750 1 12
751 0 16
752 2 11
753 2 15
754 3 4
755 4 19
756 13 2
757 0 12
758 10 1
759 9 0
760 2 6
761 1 18
762 2 17
763 0 8
764 19 7
765 18 5
766 8 0
767 0 7
768 8 3
769 2 1
770 3 16
771 2 0
772 12 2
773 1 11
774 15 0
775 1 12
776 3 6
777 0 0
778 9 0
779 0 18
780 0 8
781 2 1
782 8 19
783 8 0
784 19 0
785 0 7
786 3 0
787 19 9
788 18 19
789 1 8
790 2 6
791 0 3
792 1 17
793 5 19
794 4 2
795 4 14
796 2 11
797 19 5
798 0 12
799 5 12
800 3 13
801 19 2
802 2 4
803 4 19
804 2 18
805 0 9
806 0 17
807 19 19
808 5 4
809 11 2
810 15 9
811 18 19
812 4 12
813 7 19
814 3 19
815 4 19
816 0 4
817 4 15
818 12 12
819 3 17
820 1 14
821 19 10
822 11 3
823 2 2
824 6 19
825 2 16
826 0 14
827 7 3
828 5 0
829 0 1
830 1 7
831 3 1
832 0 7
833 0 3
834 2 19
835 18 0
836 7 19
837 4 0
838 0 15
839 19 1
840 1 3
841 19 2
842 0 3
843 6 3
844 4 3
845 2 0
846 3 18
847 1 11
848 19 1
849 19 2
850 10 3
851 5 5
852 9 3
853 14 19
854 0 6
855 2 3
856 0 11
857 1 19
858 0 13
859 2 13
860 1 10
861 3 4
862 6 2
863 5 0
864 0 16
865 4 2
866 0 18
867 2 8
868 19 4
869 19 9
870 14 0
871 4 3
872 4 5
873 14 9
874 19 10
875 7 0
876 19 5
877 6 19
878 13 19
879 19 19
880 2 15
881 0 7
882 4 0
883 0 14
884 2 17
885 1 14
886 4 6
887 0 5
888 0 15
889 12 19
890 15 2
891 3 19
892 0 19
893 7 19
894 18 19
895 3 2
896 0 4
897 11 19
898 6 19
899 5 17
900 2 19
901 5 0
902 13 9
903 0 8
904 8 3
905 12 9
906 11 0
907 0 6
908 0 16
909 19 19
910 2 9
911 1 3
912 0 10
913 1 11
914 4 14
915 1 19
916 5 2
917 0 5
918 13 0
919 0 2
920 1 2
921 1 12
922 19 8
923 10 19
924 0 15
925 0 9
926 18 19
927 4 17
928 2 8
929 1 9
930 14 0
931 3 8
932 0 19
933 2 9
934 1 11
935 1 9
936 19 1
937 1 17
938 1 0
939 0 14
940 0 2
941 1 2
942 3 12
943 2 5
944 2 0
945 2 6
946 2 18
947 0 16
948 0 17
949 9 1
950 0 18
951 19 19
952 3 1
953 19 2
954 2 3
955 4 0
956 2 9
957 0 19
958 14 2
959 19 4
960 11 12
961 3 17
962 2 19
963 13 2
964 1 15
965 0 3
966 19 11
967 3 5
968 5 1
969 1 0
970 2 0
971 6 0
972 1 18
973 1 14
974 3 14
975 2 12
976 0 0
977 19 0
978 0 15
979 4 18
980 3 11
981 2 4
982 1 8
983 1 17
984 19 5
985 9 19
986 3 13
987 10 0
988 11 9
989 0 1
990 7 3
991 3 3
992 0 11
993 1 11
994 8 1
995 1 4
996 0 0
997 18 0
998 1 0
999 9 0
1000 19 4
1001 19 10
1002 2 0
1003 1 6
1004 0 12
1005 1 1
1006 2 16
1007 0 18
1008 7 1
1009 19 1
1010 1 16
1011 13 0
1012 0 19
1013 19 11
1014 3 0
1015 5 19
1016 0 18
1017 18 19
1018 19 3
1019 8 19
1020 1 2
1021 5 2
1022 8 0
1023 19 0
1024 0 8
1025 5 0
1026 2 3
1027 2 5
1028 1 13
1029 3 5
1030 0 17
1031 0 6
1032 0 2
1033 10 12
1034 0 4
1035 2 4
1036 2 11
1037 4 19
1038 7 19
1039 6 0
1040 4 7
1041 5 0
1042 19 19
1043 19 1
1044 19 10
1045 1 5
1046 4 1
1047 4 18
1048 1 9
1049 3 9
1050 1 17
1051 0 14
1052 0 16
1053 6 1
1054 0 11
1055 0 3
1056 8 19
1057 17 0
1058 1 1
1059 5 3
1060 16 0
1061 1 12
1062 0 5
1063 6 2
1064 15 0
1065 3 16
1066 3 6
1067 12 0
1068 1 18
1069 6 1
1070 6 2
1071 2 1
1072 19 0
1073 7 4
1074 3 2
1075 1 10
1076 19 7
1077 2 0
1078 6 19
1079 0 1
1080 1 6
1081 1 0
1082 0 6
1083 9 12
1084 3 15
1085 1 7
1086 1 6
1087 0 13
1088 2 7
1089 4 3
1090 6 4
1091 8 12
1092 3 5
1093 4 11
1094 7 0
1095 0 15
1096 2 9
1097 1 14
1098 7 12
1099 3 19
1100 1 3
1101 2 14
1102 0 16
1103 0 14
1104 0 7
1105 2 2
1106 0 13
1107 2 1
1108 0 4
1109 10 9
1110 19 2
1111 3 3
1112 1 14
1113 6 3
1114 7 19
1115 0 8
1116 0 3
1117 6 0
1118 0 18
1119 3 9
1120 1 9
1121 0 14
1122 0 19
1123 18 19
1124 2 15
1125 2 10
1126 0 6
1127 3 8
1128 1 4
1129 6 19
1130 4 3
1131 2 5
1132 6 2
1133 11 0
1134 3 15
1135 8 0
1136 14 0
1137 5 1
1138 19 9
1139 0 15
1140 6 12
1141 3 9
1142 1 3
1143 1 8
1144 3 11
1145 1 6
1146 1 15
1147 6 3
1148 1 16
1149 7 19
1150 0 18
1151 5 0
1152 0 7
1153 0 12
1154 0 3
1155 5 12
1156 0 6
1157 19 6
1158 10 0
1159 0 13
1160 0 8
1161 4 12
1162 3 8
1163 0 17
1164 19 19
1165 9 0
1166 18 19
1167 4 19
1168 0 16
1169 0 0
1170 2 4
1171 0 7
1172 9 9
1173 0 6
1174 0 9
1175 1 7
1176 1 0
1177 5 3
1178 3 1
1179 5 19
1180 0 0
1181 19 19
1182 0 5
1183 2 11
1184 1 11
1185 3 7
1186 0 2
1187 0 10
1188 4 19
1189 3 6
1190 19 8
1191 0 4
1192 4 0
1193 0 3
1194 1 2
1195 1 16
1196 19 1
1197 1 6
1198 3 12
1199 3 0
# colocadas=1200 ocupadas=50 mayor=183
