0 0 0
1 0 19
2 19 0
3 19 19
4 0 2
5 0 4
6 0 6
7 0 8
8 0 10
9 0 12
10 0 14
11 0 16
12 2 0
13 2 19
14 4 0
15 4 19
16 6 0
17 0 17
18 6 19
19 8 0
20 8 19
21 9 19
22 10 0
23 11 19
24 12 0
25 1 4
26 1 10
27 18 0
28 13 19
29 14 0
30 6 1
31 0 15
32 8 19
33 15 19
34 2 1
35 16 0
36 0 9
37 17 19
38 6 18
39 19 1
40 19 3
41 19 5
42 13 18
43 5 19
44 7 19
45 19 6
46 17 18
47 1 11
48 9 19
49 19 8
50 1 0
51 0 14
52 19 10
53 12 1
54 7 0
55 5 1
56 0 0
57 13 19
58 1 0
59 1 10
60 5 2
61 0 18
62 19 12
63 19 14
64 1 11
65 6 0
66 8 0
67 3 0
68 1 19
69 4 2
70 19 15
71 16 19
72 3 19
73 17 17
74 19 5
75 4 19
76 18 19
77 19 0
78 19 17
79 0 19
80 1 7
81 0 11
82 4 0
83 16 17
84 5 18
85 9 18
86 19 19
87 13 0
88 1 13
89 6 1
90 18 19
91 6 0
92 18 1
93 2 2
94 6 19
95 4 3
96 14 19
97 19 13
98 0 18
99 18 0
100 19 19
101 0 15
102 11 1
103 8 19
104 0 19
105 19 1
106 7 19
107 3 3
108 1 8
109 9 0
110 1 7
111 1 17
112 2 5
113 2 1
114 2 8
115 2 10
116 0 8
117 0 5
118 1 16
119 10 19
120 1 3
121 1 6
122 1 10
123 3 0
124 19 0
125 2 19
126 19 6
127 19 11
128 1 7
129 19 5
130 18 3
131 0 12
132 11 19
133 2 2
134 1 4
135 2 12
136 1 17
137 19 4
138 19 6
139 19 9
140 15 0
141 17 0
142 5 0
143 17 1
144 18 19
145 2 14
146 18 0
147 12 0
148 3 10
149 1 16
150 17 3
151 0 9
152 2 18
153 2 1
154 1 11
155 19 18
156 19 17
157 15 17
158 16 1
159 19 2
160 0 1
161 3 19
162 0 13
163 1 3
164 18 13
165 10 0
166 9 19
167 19 13
168 18 11
169 6 0
170 1 19
171 14 18
172 0 11
173 4 0
174 1 14
175 2 9
176 0 7
177 3 0
178 14 19
179 19 19
180 19 1
181 13 19
182 16 2
183 11 2
184 2 2
185 0 8
186 0 2
187 8 1
188 15 2
189 0 0
190 0 16
191 18 19
192 14 19
193 1 10
194 8 18
195 10 2
196 2 8
197 14 2
198 1 1
199 5 19
200 2 0
201 13 0
202 1 7
203 13 2
204 0 9
205 3 9
206 0 19
207 16 3
208 0 15
209 14 17
210 1 12
211 19 18
212 6 19
213 3 2
214 9 2
215 16 18
216 13 17
217 2 4
218 9 3
219 19 11
220 2 2
221 7 19
222 1 17
223 17 0
224 9 0
225 17 19
226 0 1
227 12 17
228 3 2
229 10 19
230 2 19
231 2 2
232 2 10
233 1 8
234 15 1
235 3 8
236 11 17
237 19 19
238 13 19
239 18 13
240 5 18
241 8 17
242 12 0
243 3 0
244 6 19
245 12 2
246 9 19
247 1 0
248 19 3
249 19 5
250 4 19
251 4 0
252 0 0
253 2 14
254 1 10
255 5 17
256 19 13
257 2 1
258 19 0
259 0 10
260 2 2
261 14 19
262 2 0
263 0 16
264 19 1
265 4 3
266 19 8
267 10 0
268 7 0
269 19 6
270 4 18
271 11 2
272 0 15
273 0 3
274 8 2
275 9 4
276 0 8
277 2 10
278 10 2
279 9 0
280 15 18
281 19 18
282 10 0
283 1 19
284 1 16
285 15 17
286 14 17
287 1 9
288 1 11
289 5 16
290 0 1
291 0 7
292 19 19
293 3 10
294 19 9
295 1 6
296 2 8
297 16 19
298 12 19
299 17 19
300 7 17
301 3 3
302 0 9
303 6 17
304 13 0
305 8 19
306 18 13
307 0 11
308 6 0
309 4 1
310 7 17
311 19 5
312 10 3
313 10 17
314 0 8
315 1 3
316 0 7
317 10 2
318 19 0
319 0 19
320 0 10
321 2 6
322 0 3
323 1 14
324 9 0
325 10 1
326 1 2
327 16 19
328 1 4
329 19 6
330 1 17
331 0 6
332 6 17
333 1 0
334 2 3
335 18 19
336 4 19
337 5 0
338 1 7
339 0 0
340 0 7
341 3 1
342 19 12
343 3 3
344 2 10
345 1 12
346 1 7
347 2 3
348 1 1
349 1 0
350 3 0
351 7 17
352 13 19
353 6 18
354 6 19
355 9 19
356 8 0
357 19 8
358 6 17
359 8 19
360 6 0
361 4 16
362 2 5
363 2 6
364 0 16
365 3 2
366 0 15
367 11 19
368 0 12
369 1 5
370 1 16
371 8 4
372 3 8
373 10 0
374 12 0
375 4 0
376 7 2
377 0 13
378 1 8
379 6 2
380 9 19
381 19 14
382 2 7
383 3 0
384 8 1
385 19 11
386 4 0
387 3 9
388 3 16
389 3 1
390 11 18
391 1 4
392 1 2
393 1 5
394 3 0
395 1 17
396 11 19
397 15 19
398 0 8
399 0 4
400 5 2
401 0 7
402 0 12
403 0 9
404 13 17
405 19 19
406 16 0
407 0 3
408 0 10
409 7 4
410 14 1
411 19 2
412 18 0
413 0 0
414 19 5
415 19 10
416 3 8
417 19 1
418 1 11
419 19 7
420 2 0
421 1 9
422 1 8
423 0 9
424 11 18
425 12 19
426 2 18
427 3 9
428 19 0
429 2 8
430 4 0
431 0 16
432 9 17
433 2 4
434 14 0
435 19 4
436 17 0
437 0 4
438 3 2
439 2 3
440 3 19
441 14 19
442 7 0
443 0 6
444 0 2
445 9 0
446 1 19
447 4 9
448 19 3
449 1 8
450 0 19
451 19 9
452 2 1
453 11 19
454 10 0
455 5 19
456 2 6
457 6 19
458 3 1
459 0 3
460 12 19
461 4 2
462 0 15
463 0 17
464 19 15
465 12 1
466 3 9
467 2 4
468 2 0
469 12 0
470 6 4
471 12 1
472 1 7
473 19 10
474 0 5
475 19 14
476 5 19
477 18 19
478 4 19
479 5 4
480 19 9
481 0 1
482 3 6
483 1 10
484 19 19
485 6 19
486 1 17
487 5 17
488 5 0
489 12 17
490 11 19
491 1 4
492 0 13
493 7 19
494 0 6
495 2 3
496 18 0
497 0 17
498 19 10
499 2 17
500 19 15
501 13 0
502 9 0
503 2 10
504 0 0
505 2 2
506 3 19
507 2 6
508 0 12
509 0 18
510 0 14
511 1 0
512 3 0
513 10 0
514 6 0
515 0 5
516 0 1
517 2 0
518 3 1
519 0 6
520 19 0
521 1 0
522 12 16
523 0 16
524 12 19
525 10 19
526 14 0
527 0 8
528 0 0
529 0 5
530 0 13
531 11 16
532 9 0
533 0 6
534 0 15
535 18 19
536 19 9
537 1 2
538 13 19
539 1 10
540 16 0
541 1 5
542 4 19
543 18 0
544 1 17
545 12 18
546 6 19
547 4 3
548 2 14
549 1 1
550 16 1
551 0 1
552 3 3
553 0 9
554 3 19
555 17 0
556 19 4
557 11 18
558 8 17
559 12 18
560 2 16
561 19 0
562 1 4
563 1 5
564 10 0
565 3 10
566 3 6
567 2 11
568 3 16
569 2 9
570 8 0
571 0 19
572 1 0
573 11 0
574 0 8
575 0 0
576 10 16
577 19 1
578 6 1
579 2 12
580 10 0
581 12 0
582 19 19
583 19 3
584 18 0
585 19 0
586 15 0
587 1 1
588 0 18
589 3 11
590 2 2
591 0 10
592 1 2
593 13 0
594 3 10
595 2 2
596 1 13
597 5 19
598 2 11
599 15 3
600 3 4
601 12 0
602 19 10
603 1 9
604 7 17
605 2 9
606 4 10
607 1 11
608 0 1
609 2 4
610 0 13
611 16 2
612 2 11
613 1 14
614 19 14
615 18 19
616 2 14
617 1 1
618 9 19
619 13 0
620 1 13
621 19 19
622 17 13
623 12 19
624 1 16
625 3 18
626 3 10
627 11 18
628 7 0
629 0 1
630 19 13
631 1 1
632 8 19
633 16 1
634 4 0
635 0 11
636 19 6
637 19 2
638 3 15
639 0 13
640 1 10
641 4 19
642 9 16
643 0 5
644 19 1
645 4 4
646 4 3
647 4 17
648 2 8
649 0 7
650 5 1
651 10 18
652 18 19
653 19 0
654 5 0
655 3 4
656 2 12
657 7 19
658 11 19
659 19 1
660 5 2
661 19 3
662 4 16
663 8 0
664 3 9
665 12 0
666 4 17
667 6 17
668 8 16
669 4 1
670 1 4
671 6 2
672 6 19
673 14 3
674 6 0
675 16 2
676 0 10
677 0 17
678 14 0
679 19 5
680 1 7
681 5 2
682 2 3
683 19 9
684 19 8
685 1 2
686 3 16
687 3 0
688 2 6
689 0 14
690 3 5
691 7 16
692 2 2
693 0 6
694 19 12
695 19 0
696 1 8
697 10 1
698 2 5
699 3 3
700 1 1
701 2 15
702 2 11
703 19 11
704 1 6
705 19 6
706 3 15
707 9 0
708 0 12
709 15 0
710 4 0
711 18 1
712 5 17
713 0 19
714 10 2
715 11 0
716 0 16
717 5 0
718 14 0
719 2 7
720 13 0
721 13 19
722 0 2
723 1 9
724 4 18
725 19 19
726 7 0
727 18 0
728 1 11
729 3 6
730 3 8
731 4 2
732 19 5
733 1 19
734 16 13
735 1 0
736 3 4
737 0 18
738 19 7
739 19 2
740 19 10
741 3 19
742 9 2
743 3 3
744 19 3
745 2 9
746 19 2
747 14 0
748 4 19
749 3 18
750 0 1
751 19 0
752 12 0
753 3 19
754 3 1
755 19 4
756 3 14
757 1 9
758 2 0
759 10 0
760 3 0
761 1 12
762 4 6
763 14 19
764 15 19
765 2 9
766 3 11
767 12 1
768 9 0
769 1 10
770 5 2
771 0 10
772 15 13
773 3 4
774 9 18
775 1 7
776 1 14
777 1 13
778 19 6
779 18 19
780 1 3
781 1 5
782 14 13
783 0 14
784 13 3
785 0 15
786 0 14
787 16 19
788 0 15
789 6 16
790 0 5
791 1 4
792 9 19
793 2 3
794 18 0
795 2 7
796 13 0
797 0 4
798 1 2
799 3 1
800 1 5
801 19 7
802 15 2
803 19 0
804 0 2
805 11 1
806 1 16
807 1 10
808 12 1
809 7 1
810 14 0
811 0 5
812 5 18
813 4 8
814 0 19
815 2 11
816 19 3
817 12 0
818 1 17
819 13 2
820 1 4
821 3 5
822 0 17
823 2 19
824 0 0
825 1 16
826 0 1
827 11 0
828 3 7
829 12 0
830 15 1
831 13 13
832 0 18
833 19 19
834 7 19
835 19 5
836 1 14
837 11 0
838 1 7
839 0 6
840 4 16
841 1 6
842 2 2
843 18 19
844 2 12
845 2 11
846 4 9
847 4 1
848 3 19
849 4 8
850 12 13
851 0 14
852 1 19
853 9 18
854 7 0
855 0 15
856 8 0
857 18 5
858 0 17
859 4 0
860 0 11
861 12 2
862 11 2
863 19 5
864 9 0
865 2 12
866 12 0
867 1 0
868 11 0
869 19 2
870 19 8
871 2 1
872 3 4
873 19 1
874 0 18
875 0 12
876 2 16
877 0 0
878 3 13
879 19 3
880 19 6
881 0 9
882 5 19
883 12 0
884 10 19
885 2 0
886 1 7
887 2 8
888 2 18
889 2 17
890 1 5
891 9 3
892 2 15
893 0 16
894 4 5
895 1 1
896 1 11
897 3 15
898 0 13
899 0 11
900 0 19
901 0 3
902 18 8
903 11 19
904 3 1
905 19 9
906 3 6
907 19 0
908 6 15
909 12 19
910 3 17
911 0 5
912 1 16
913 1 12
914 10 2
915 3 2
916 3 8
917 5 0
918 0 8
919 19 10
920 9 19
921 15 2
922 3 9
923 0 6
924 3 0
925 1 4
926 2 17
927 17 1
928 11 19
929 2 15
930 10 0
931 3 16
932 14 2
933 8 0
934 2 13
935 11 13
936 8 19
937 12 19
938 2 2
939 0 1
940 19 7
941 2 3
942 11 2
943 8 3
944 11 19
945 0 0
946 10 13
947 18 0
948 6 0
949 0 5
950 15 19
951 6 19
952 2 0
953 4 16
954 1 11
955 5 5
956 9 18
957 9 17
958 15 0
959 8 17
960 14 19
961 0 16
962 0 1
963 2 9
964 1 18
965 5 15
966 3 16
967 3 15
968 17 8
969 10 1
970 13 19
971 5 19
972 2 18
973 14 19
974 14 0
975 5 0
976 3 0
977 0 18
978 7 3
979 6 0
980 0 6
981 6 3
982 11 3
983 4 5
984 6 4
985 13 2
986 18 18
987 2 17
988 2 6
989 9 0
990 4 6
991 0 0
992 1 10
993 16 8
994 10 19
995 1 15
996 1 5
997 10 3
998 5 4
999 1 4
1000 2 19
1001 0 1
1002 5 5
1003 0 10
1004 11 1
1005 1 10
1006 0 15
1007 10 1
1008 0 12
1009 3 5
1010 0 19
1011 0 16
1012 0 5
1013 7 17
1014 0 18
1015 4 2
1016 19 6
1017 19 9
1018 6 17
1019 9 13
1020 0 9
1021 1 11
1022 8 0
1023 5 4
1024 11 19
1025 12 2
1026 0 7
1027 1 0
1028 9 0
1029 3 9
1030 0 19
1031 13 19
1032 14 19
1033 2 12
1034 15 0
1035 2 2
1036 0 6
1037 19 0
1038 0 15
1039 19 2
1040 3 4
1041 0 5
1042 13 19
1043 0 8
1044 3 19
1045 19 5
1046 2 15
1047 5 0
1048 3 3
1049 3 1
1050 4 16
1051 7 19
1052 0 9
1053 0 8
1054 4 4
1055 19 3
1056 4 0
1057 0 14
1058 5 2
1059 1 13
1060 15 8
1061 18 0
1062 0 11
1063 14 0
1064 0 2
1065 3 16
1066 2 9
1067 14 8
1068 9 3
1069 0 3
1070 8 0
1071 0 10
1072 1 11
1073 1 10
1074 19 6
1075 8 13
1076 11 0
1077 19 0
1078 9 1
1079 5 17
1080 8 19
1081 13 8
1082 0 2
1083 0 17
1084 4 7
1085 10 1
1086 1 3
1087 3 0
1088 4 16
1089 1 19
1090 2 1
1091 0 11
1092 0 4
1093 19 5
1094 19 6
1095 13 0
1096 18 19
1097 7 13
1098 2 18
1099 0 13
1100 1 9
1101 1 12
1102 5 14
1103 9 1
1104 3 2
1105 0 10
1106 1 2
1107 0 16
1108 2 7
1109 3 16
1110 0 0
1111 19 2
1112 3 3
1113 12 19
1114 1 14
1115 12 8
1116 0 3
1117 0 7
1118 1 3
1119 4 2
1120 3 17
1121 0 2
1122 7 19
1123 0 12
1124 1 1
1125 19 8
1126 4 19
1127 2 3
1128 1 18
1129 2 0
1130 0 11
1131 0 12
1132 0 1
1133 3 4
1134 11 8
1135 1 0
1136 1 2
1137 3 0
1138 5 16
1139 5 0
1140 19 5
1141 7 0
1142 0 3
1143 3 1
1144 6 13
1145 2 6
1146 9 0
1147 0 18
1148 8 3
1149 0 15
1150 4 16
1151 8 0
1152 17 0
1153 0 4
1154 9 0
1155 1 8
1156 2 14
1157 19 7
1158 3 16
1159 2 19
1160 6 19
1161 19 6
1162 11 19
1163 0 0
1164 2 17
1165 3 7
1166 0 11
1167 2 1
1168 3 19
1169 18 0
1170 6 0
1171 8 0
1172 1 17
1173 0 14
1174 2 0
1175 2 4
1176 2 15
1177 0 19
1178 11 2
1179 0 3
1180 3 1
1181 1 0
1182 2 7
1183 5 19
1184 19 19
1185 1 12
1186 18 19
1187 7 3
1188 3 2
1189 1 1
1190 17 0
1191 0 2
1192 0 6
1193 0 12
1194 18 0
1195 0 8
1196 5 13
1197 12 0
1198 0 17
1199 10 2
# colocadas=1200 ocupadas=50 mayor=187
