0 18 1
1 16 13
2 0 2
3 15 9
4 18 16
5 7 2
6 9 18
7 15 15
8 6 15
9 17 4
10 4 17
11 6 11
12 19 11
13 12 5
14 9 19
15 13 8
16 12 8
17 7 11
18 3 14
19 9 18
20 14 12
21 2 8
22 0 8
23 12 6
24 10 14
25 14 9
26 18 11
27 15 7
28 13 11
29 19 7
30 12 10
31 13 10
32 13 1
33 16 0
34 12 5
35 17 0
36 5 13
37 15 9
38 3 0
39 0 4
40 14 15
41 16 18
42 6 10
43 5 7
44 18 2
45 18 8
46 11 4
47 0 16
48 13 16
49 17 16
50 7 16
51 13 12
52 8 3
53 3 15
54 1 16
55 15 6
56 10 19
57 5 19
58 0 7
59 19 6
60 6 19
61 2 1
62 18 0
63 1 1
64 5 19
65 2 0
66 6 14
67 16 0
68 6 2
69 15 7
70 18 19
71 3 4
72 3 14
73 0 1
74 17 19
75 7 15
76 8 2
77 15 6
78 19 11
79 15 7
80 18 3
81 12 16
82 4 4
83 18 1
84 14 12
85 3 0
86 18 7
87 16 4
88 18 19
89 2 1
90 6 19
91 11 19
92 1 4
93 15 15
94 18 16
95 1 2
96 6 17
97 14 15
98 5 8
99 3 4
100 17 16
101 2 0
102 16 19
103 18 0
104 18 16
105 1 18
106 10 4
107 0 16
108 14 1
109 6 1
110 17 13
111 13 1
112 2 2
113 15 15
114 13 16
115 12 16
116 1 8
117 18 1
118 3 2
119 0 2
120 9 19
121 6 6
122 19 5
123 17 16
124 0 1
125 2 8
126 16 18
127 17 3
128 10 12
129 17 19
130 18 0
131 9 18
132 13 8
133 0 18
134 18 1
135 0 4
136 18 11
137 14 1
138 6 7
139 16 17
140 6 15
141 7 12
142 4 0
143 19 11
144 4 2
145 14 15
146 1 4
147 7 16
148 15 4
149 2 1
150 13 1
151 18 11
152 4 16
153 15 15
154 15 6
155 12 9
156 4 17
157 1 8
158 11 9
159 14 1
160 10 15
161 1 18
162 15 7
163 18 19
164 7 2
165 9 12
166 13 12
167 5 9
168 10 14
169 12 9
170 16 13
171 4 4
172 19 11
173 0 18
174 3 4
175 15 6
176 14 9
177 5 7
178 6 14
179 8 3
180 3 0
181 18 0
182 0 4
183 6 15
184 9 3
185 4 4
186 15 7
187 14 12
188 11 9
189 13 16
190 15 9
191 19 6
192 16 4
193 18 3
194 0 2
195 14 9
196 13 1
197 0 6
198 8 3
199 16 1
200 11 4
201 0 7
202 2 8
203 6 2
204 12 9
205 10 15
206 4 0
207 13 12
208 6 18
209 19 5
210 3 2
211 16 18
212 5 1
213 19 6
214 9 19
215 4 2
216 3 4
217 17 4
218 7 2
219 4 13
220 0 1
221 12 19
222 13 11
223 2 0
224 13 10
225 3 2
226 5 13
227 18 8
228 18 2
229 4 9
230 14 12
231 15 6
232 18 3
233 18 11
234 13 11
235 9 3
236 8 16
237 17 13
238 13 19
239 4 16
240 16 13
241 18 2
242 7 11
243 5 19
244 0 8
245 4 4
246 6 1
247 4 13
248 4 2
249 15 7
250 14 13
251 1 4
252 16 0
253 0 4
254 16 1
255 12 16
256 7 15
257 10 4
258 12 6
259 5 9
260 5 1
261 4 19
262 5 19
263 1 16
264 6 15
265 11 4
266 1 18
267 13 16
268 16 4
269 5 13
270 6 2
271 17 13
272 4 19
273 3 15
274 3 2
275 14 1
276 14 12
277 18 3
278 10 14
279 13 7
280 6 1
281 17 19
282 14 15
283 8 3
284 16 13
285 5 0
286 7 16
287 8 2
288 2 9
289 8 3
290 18 1
291 7 12
292 18 0
293 18 2
294 0 18
295 11 5
296 2 8
297 7 1
298 13 10
299 10 15
300 15 6
301 16 0
302 12 19
303 6 17
304 0 7
305 8 2
306 8 3
307 6 18
308 1 18
309 4 2
310 0 8
311 19 0
312 18 7
313 13 12
314 0 7
315 0 2
316 8 2
317 4 9
318 4 17
319 5 8
320 18 1
321 3 9
322 0 8
323 12 5
324 15 15
325 13 11
326 9 18
327 12 6
328 8 3
329 0 1
330 7 11
331 4 13
332 18 16
333 9 19
334 8 2
335 12 16
336 8 16
337 7 15
338 5 19
339 5 13
340 7 0
341 3 4
342 4 13
343 17 0
344 6 9
345 18 19
346 8 3
347 12 5
348 17 19
349 2 7
350 10 12
351 0 18
352 4 19
353 9 18
354 0 2
355 18 2
356 6 10
357 13 1
358 7 2
359 13 16
360 0 1
361 6 17
362 3 2
363 9 12
364 18 8
365 19 7
366 5 19
367 5 1
368 13 8
369 17 4
370 19 1
371 4 2
372 6 2
373 13 19
374 4 4
375 5 13
376 14 12
377 9 16
378 19 11
379 10 14
380 7 12
381 7 1
382 4 16
383 6 11
384 3 2
385 0 2
386 4 2
387 12 19
388 10 15
389 13 7
390 13 10
391 9 19
392 18 0
393 0 7
394 13 12
395 13 11
396 6 16
397 15 9
398 18 9
399 13 8
400 6 3
401 18 3
402 10 12
403 6 2
404 14 15
405 3 0
406 7 13
407 16 17
408 0 1
409 13 19
410 12 10
411 18 19
412 7 11
413 6 3
414 2 0
415 6 11
416 11 4
417 9 18
418 4 13
419 16 4
420 3 4
421 8 16
422 18 11
423 3 14
424 8 2
425 19 2
426 5 0
427 3 15
428 12 19
429 18 7
430 12 16
431 6 17
432 15 15
433 6 15
434 17 3
435 5 1
436 15 7
437 7 15
438 10 14
439 9 16
440 5 0
441 6 16
442 2 8
443 18 2
444 15 4
445 1 8
446 3 2
447 10 16
448 12 9
449 9 14
450 1 18
451 17 4
452 0 16
453 1 16
454 15 3
455 7 11
456 5 7
457 15 4
458 19 11
459 16 18
460 0 6
461 3 14
462 14 12
463 14 9
464 17 16
465 17 5
466 19 7
467 13 19
468 13 10
469 6 17
470 5 8
471 14 1
472 3 15
473 13 16
474 18 8
475 3 0
476 6 2
477 8 13
478 10 14
479 6 16
480 3 14
481 9 14
482 9 16
483 4 2
484 8 15
485 3 15
486 19 6
487 17 4
488 9 19
489 17 19
490 18 16
491 9 12
492 4 17
493 0 2
494 18 11
495 6 3
496 12 16
497 19 7
498 12 19
499 11 9
500 12 6
501 15 9
502 18 9
503 4 16
504 12 9
505 6 2
506 0 18
507 7 0
508 0 1
509 5 13
510 13 7
511 13 11
512 2 8
513 7 1
514 10 12
515 10 16
516 1 8
517 18 8
518 2 0
519 14 15
520 4 17
521 17 13
522 17 16
523 3 10
524 16 17
525 15 15
526 13 10
527 3 14
528 14 15
529 11 5
530 7 15
531 15 3
532 10 14
533 18 9
534 13 8
535 4 4
536 3 0
537 3 4
538 14 9
539 18 3
540 6 17
541 2 0
542 15 6
543 4 4
544 4 16
545 13 12
546 3 0
547 13 16
548 4 13
549 19 11
550 13 19
551 15 7
552 9 16
553 18 2
554 12 7
555 10 15
556 6 19
557 13 1
558 5 19
559 18 16
560 15 15
561 15 9
562 1 4
563 10 14
564 6 19
565 3 15
566 6 11
567 18 3
568 5 19
569 11 9
570 0 16
571 5 13
572 5 1
573 6 3
574 3 14
575 18 11
576 6 2
577 8 14
578 2 0
579 18 7
580 6 3
581 14 15
582 5 0
583 2 8
584 14 8
585 15 15
586 8 13
587 17 16
588 6 16
589 12 10
590 0 7
591 8 3
592 15 6
593 7 2
594 16 13
595 1 18
596 13 8
597 8 15
598 14 15
599 9 13
600 6 4
601 12 19
602 6 15
603 3 0
604 15 7
605 12 16
606 6 19
607 17 9
608 6 2
609 15 15
610 14 15
611 0 4
612 8 14
613 18 1
614 15 4
615 0 2
616 14 8
617 19 3
618 8 13
619 18 16
620 19 11
621 1 16
622 19 7
623 0 16
624 8 2
625 14 1
626 1 4
627 7 11
628 10 16
629 15 15
630 13 19
631 11 14
632 9 18
633 6 1
634 4 13
635 13 16
636 9 16
637 18 7
638 14 15
639 13 8
640 13 1
641 3 4
642 4 17
643 4 16
644 7 2
645 17 13
646 18 9
647 15 6
648 2 0
649 12 19
650 15 7
651 18 0
652 14 9
653 10 14
654 18 19
655 3 2
656 16 18
657 12 6
658 4 17
659 16 13
660 0 4
661 9 13
662 8 2
663 0 8
664 15 9
665 17 9
666 0 1
667 17 5
668 17 4
669 15 3
670 2 10
671 0 2
672 7 2
673 3 10
674 19 7
675 15 4
676 6 2
677 18 9
678 7 15
679 18 1
680 18 7
681 8 13
682 12 16
683 11 4
684 15 6
685 18 0
686 17 5
687 11 5
688 15 7
689 5 19
690 6 11
691 6 1
692 12 7
693 14 8
694 9 19
695 7 11
696 16 9
697 7 4
698 4 16
699 1 16
700 3 15
701 8 15
702 18 11
703 18 1
704 14 12
705 2 9
706 7 5
707 13 16
708 4 4
709 19 9
710 3 0
711 10 16
712 6 15
713 5 13
714 9 14
715 17 19
716 0 1
717 9 16
718 2 0
719 19 7
720 13 12
721 19 11
722 13 10
723 18 7
724 12 6
725 10 16
726 18 11
727 11 4
728 12 10
729 19 11
730 4 17
731 14 12
732 0 7
733 0 18
734 13 10
735 10 14
736 9 18
737 18 9
738 9 16
739 6 2
740 10 15
741 19 9
742 19 7
743 11 5
744 8 2
745 0 16
746 10 14
747 2 8
748 2 10
749 13 11
750 18 7
751 6 1
752 19 7
753 1 4
754 18 0
755 9 19
756 11 4
757 4 0
758 13 8
759 11 5
760 6 11
761 12 8
762 9 18
763 0 2
764 18 1
765 0 8
766 4 2
767 10 16
768 16 17
769 18 19
770 3 2
771 16 4
772 18 9
773 6 16
774 2 1
775 17 19
776 12 16
777 10 9
778 4 13
779 13 8
780 18 11
781 19 11
782 17 16
783 14 13
784 6 15
785 9 13
786 9 19
787 18 11
788 19 11
789 1 1
790 1 16
791 3 10
792 9 18
793 6 2
794 15 4
795 18 16
796 15 15
797 11 12
798 8 13
799 18 8
800 9 19
801 0 16
802 5 7
803 6 1
804 10 13
805 6 2
806 6 1
807 7 13
808 5 8
809 16 18
810 17 13
811 14 15
812 16 17
813 11 11
814 15 15
815 11 9
816 6 16
817 0 7
818 18 0
819 7 12
820 7 6
821 11 4
822 1 8
823 9 16
824 11 5
825 18 3
826 14 12
827 13 10
828 17 16
829 17 4
830 15 9
831 1 16
832 13 11
833 2 8
834 15 3
835 6 19
836 11 12
837 7 13
838 6 6
839 19 6
840 0 3
841 3 0
842 18 16
843 10 14
844 3 14
845 2 0
846 15 6
847 14 9
848 11 4
849 17 16
850 4 2
851 6 15
852 10 12
853 18 11
854 2 10
855 0 2
856 1 8
857 16 18
858 3 10
859 2 8
860 9 18
861 18 19
862 2 10
863 14 15
864 17 19
865 12 5
866 15 4
867 3 10
868 10 16
869 3 2
870 10 4
871 0 3
872 3 4
873 15 15
874 5 13
875 6 16
876 18 1
877 0 1
878 19 11
879 3 0
880 1 5
881 15 9
882 19 3
883 9 16
884 13 10
885 18 3
886 5 19
887 10 16
888 0 4
889 18 11
890 1 18
891 18 16
892 19 7
893 13 16
894 6 15
895 7 2
896 0 16
897 3 15
898 19 6
899 6 7
900 17 5
901 4 16
902 0 8
903 8 14
904 6 19
905 13 11
906 14 13
907 9 16
908 14 1
909 5 19
910 3 14
911 0 7
912 11 4
913 10 16
914 0 18
915 0 8
916 4 2
917 12 9
918 14 12
919 18 0
920 1 16
921 13 1
922 0 16
923 1 16
924 19 11
925 17 4
926 6 6
927 13 7
928 7 11
929 8 2
930 14 15
931 12 10
932 12 6
933 6 11
934 0 3
935 7 2
936 16 17
937 13 10
938 13 12
939 14 12
940 5 7
941 8 2
942 11 5
943 9 19
944 12 16
945 4 17
946 11 4
947 7 2
948 15 15
949 1 18
950 18 7
951 13 19
952 1 1
953 11 14
954 7 11
955 13 8
956 16 13
957 11 5
958 12 19
959 12 7
960 7 12
961 0 18
962 2 9
963 7 6
964 12 5
965 13 12
966 8 2
967 2 8
968 8 13
969 16 18
970 14 9
971 17 16
972 19 5
973 0 1
974 17 5
975 9 18
976 7 2
977 4 4
978 13 19
979 13 16
980 8 2
981 1 1
982 9 12
983 11 5
984 7 2
985 7 15
986 9 16
987 19 7
988 13 11
989 18 16
990 0 1
991 18 11
992 17 16
993 19 4
994 2 0
995 8 14
996 7 13
997 18 2
998 4 13
999 3 15
1000 5 8
1001 14 12
1002 8 2
1003 6 13
1004 15 7
1005 17 13
1006 8 13
1007 14 15
1008 17 4
1009 6 14
1010 16 17
1011 12 16
1012 14 1
1013 12 19
1014 16 18
1015 6 11
1016 0 7
1017 16 17
1018 10 12
1019 4 16
1020 6 19
1021 8 14
1022 10 14
1023 14 13
1024 3 14
1025 18 7
1026 9 12
1027 18 19
1028 3 2
1029 5 19
1030 16 18
1031 15 3
1032 0 8
1033 4 17
1034 13 16
1035 19 5
1036 2 5
1037 12 9
1038 6 2
1039 10 15
1040 18 3
1041 13 7
1042 7 11
1043 1 5
1044 16 13
1045 16 4
1046 3 4
1047 14 12
1048 15 9
1049 13 19
1050 12 19
1051 13 19
1052 17 19
1053 19 6
1054 17 4
1055 14 9
1056 12 19
1057 6 11
1058 13 10
1059 3 0
1060 15 6
1061 5 7
1062 15 4
1063 18 16
1064 17 5
1065 2 9
1066 17 16
1067 1 1
1068 0 7
1069 15 15
1070 17 4
1071 10 14
1072 4 16
1073 13 12
1074 19 11
1075 18 2
1076 0 2
1077 7 16
1078 18 3
1079 7 11
1080 8 13
1081 4 10
1082 15 7
1083 18 8
1084 6 1
1085 15 3
1086 0 8
1087 6 15
1088 4 2
1089 18 7
1090 7 17
1091 6 6
1092 12 6
1093 7 16
1094 0 1
1095 15 4
1096 18 19
1097 3 10
1098 9 19
1099 0 16
1100 5 8
1101 1 18
1102 18 16
1103 7 15
1104 7 2
1105 2 8
1106 18 1
1107 19 5
1108 5 7
1109 6 11
1110 4 17
1111 19 3
1112 1 1
1113 18 0
1114 14 15
1115 6 15
1116 19 7
1117 8 14
1118 14 12
1119 13 1
1120 13 12
1121 17 19
1122 18 3
1123 18 7
1124 12 16
1125 8 2
1126 5 8
1127 10 16
1128 19 6
1129 15 3
1130 0 18
1131 12 5
1132 6 7
1133 10 13
1134 18 8
1135 13 16
1136 17 13
1137 9 16
1138 1 18
1139 2 5
1140 13 8
1141 15 15
1142 19 7
1143 6 19
1144 6 6
1145 7 15
1146 18 2
1147 16 13
1148 10 16
1149 12 16
1150 8 13
1151 18 9
1152 16 19
1153 6 2
1154 16 4
1155 13 16
1156 0 7
1157 12 16
1158 14 15
1159 15 6
1160 15 9
1161 17 4
1162 18 11
1163 0 8
1164 0 1
1165 9 11
1166 4 4
1167 3 15
1168 3 4
1169 18 1
1170 13 19
1171 16 4
1172 14 12
1173 8 3
1174 5 13
1175 4 13
1176 6 7
1177 16 18
1178 3 14
1179 8 14
1180 17 16
1181 6 6
1182 8 11
1183 7 2
1184 4 16
1185 7 11
1186 15 15
1187 18 8
1188 18 7
1189 11 4
1190 5 7
1191 12 8
1192 13 11
1193 12 19
1194 19 7
1195 8 2
1196 14 15
1197 9 18
1198 10 14
1199 19 11
# colocadas=1200 ocupadas=50 mayor=193
