0 0 0
1 0 19
2 19 0
3 19 19
4 0 2
5 18 0
6 0 4
7 0 6
8 0 8
9 0 10
10 0 12
11 0 14
12 0 16
13 2 0
14 2 19
15 4 0
16 4 19
17 6 0
18 6 19
19 19 0
20 8 0
21 9 0
22 7 19
23 9 19
24 11 0
25 2 1
26 11 19
27 13 0
28 13 19
29 5 19
30 15 0
31 17 0
32 1 12
33 15 19
34 0 12
35 18 19
36 19 2
37 11 1
38 19 4
39 1 8
40 19 6
41 15 1
42 19 8
43 6 1
44 18 4
45 12 19
46 19 19
47 16 0
48 2 0
49 7 0
50 10 0
51 17 19
52 19 10
53 9 0
54 14 19
55 19 12
56 19 15
57 14 1
58 0 7
59 0 5
60 0 1
61 16 19
62 0 3
63 19 17
64 19 4
65 1 2
66 11 0
67 1 4
68 2 4
69 18 10
70 1 6
71 19 14
72 9 1
73 1 11
74 18 6
75 0 18
76 5 0
77 19 6
78 1 13
79 7 18
80 1 15
81 12 0
82 1 4
83 1 17
84 8 0
85 6 2
86 14 0
87 1 0
88 19 15
89 18 0
90 13 0
91 16 1
92 3 0
93 2 2
94 19 9
95 12 18
96 0 2
97 0 15
98 0 16
99 2 5
100 12 17
101 2 13
102 6 0
103 18 11
104 2 7
105 1 13
106 5 2
107 2 9
108 15 0
109 19 16
110 0 0
111 19 17
112 2 17
113 16 2
114 18 2
115 10 0
116 0 1
117 2 11
118 0 11
119 19 13
120 7 0
121 19 1
122 2 1
123 19 8
124 19 12
125 0 12
126 17 0
127 15 1
128 8 19
129 16 0
130 0 13
131 9 19
132 8 0
133 0 14
134 4 0
135 0 3
136 6 1
137 0 4
138 1 3
139 17 0
140 2 15
141 11 17
142 18 6
143 7 0
144 17 11
145 0 9
146 0 6
147 0 19
148 3 0
149 12 0
150 1 15
151 0 0
152 17 19
153 0 13
154 9 0
155 0 5
156 0 1
157 11 0
158 1 17
159 8 1
160 0 10
161 8 19
162 12 0
163 0 9
164 19 0
165 3 19
166 19 6
167 11 0
168 2 2
169 0 11
170 6 0
171 1 12
172 5 1
173 7 0
174 6 19
175 16 11
176 3 11
177 13 0
178 0 14
179 0 2
180 19 1
181 2 19
182 10 17
183 1 13
184 0 13
185 1 18
186 0 14
187 11 1
188 0 3
189 0 8
190 15 0
191 0 18
192 15 11
193 15 2
194 2 15
195 18 6
196 19 6
197 18 6
198 8 2
199 14 2
200 0 13
201 0 14
202 1 15
203 19 7
204 1 7
205 2 15
206 1 16
207 2 10
208 1 9
209 1 19
210 0 16
211 9 19
212 18 0
213 2 4
214 13 19
215 0 19
216 16 0
217 11 18
218 2 5
219 13 2
220 12 0
221 1 6
222 0 0
223 2 4
224 9 17
225 16 19
226 0 7
227 17 2
228 11 19
229 5 19
230 6 0
231 13 0
232 1 18
233 4 1
234 4 19
235 1 17
236 1 12
237 19 14
238 1 10
239 5 0
240 19 0
241 1 1
242 19 11
243 19 16
244 0 10
245 0 11
246 0 1
247 2 9
248 19 10
249 11 18
250 7 2
251 2 18
252 5 3
253 12 19
254 4 2
255 1 15
256 18 0
257 6 2
258 2 0
259 0 6
260 1 0
261 19 17
262 7 19
263 0 0
264 4 0
265 15 19
266 12 2
267 0 9
268 2 11
269 5 0
270 1 5
271 11 0
272 19 9
273 10 18
274 0 17
275 0 2
276 19 0
277 14 0
278 0 4
279 4 0
280 8 17
281 5 4
282 1 17
283 3 9
284 1 1
285 1 13
286 0 3
287 1 9
288 0 13
289 0 1
290 1 2
291 3 19
292 8 0
293 17 0
294 3 8
295 0 4
296 2 19
297 4 4
298 0 10
299 0 15
300 0 17
301 10 17
302 2 5
303 2 1
304 11 2
305 3 2
306 5 0
307 2 3
308 7 0
309 14 19
310 19 10
311 0 2
312 19 8
313 10 0
314 14 11
315 4 2
316 0 18
317 19 3
318 4 19
319 3 2
320 6 19
321 0 12
322 9 0
323 13 0
324 1 3
325 13 11
326 3 0
327 10 0
328 0 3
329 1 11
330 3 9
331 2 0
332 0 5
333 8 0
334 0 8
335 2 13
336 2 1
337 3 4
338 4 2
339 0 9
340 1 8
341 1 6
342 18 0
343 3 7
344 2 7
345 7 0
346 3 7
347 2 9
348 15 19
349 14 19
350 1 4
351 12 0
352 3 2
353 10 2
354 19 13
355 19 0
356 19 12
357 18 1
358 11 19
359 16 2
360 0 19
361 0 18
362 0 14
363 12 19
364 0 7
365 2 8
366 0 4
367 1 2
368 0 2
369 2 0
370 0 19
371 0 6
372 16 0
373 19 13
374 1 10
375 4 0
376 1 0
377 3 9
378 1 7
379 1 8
380 2 8
381 18 19
382 0 7
383 13 0
384 0 16
385 15 0
386 1 7
387 0 11
388 7 19
389 3 10
390 0 18
391 0 8
392 0 9
393 0 5
394 19 12
395 5 0
396 15 19
397 12 0
398 19 2
399 6 19
400 2 15
401 13 0
402 12 0
403 0 19
404 5 2
405 0 12
406 19 7
407 17 1
408 0 4
409 7 19
410 2 2
411 18 0
412 7 17
413 3 0
414 9 0
415 19 8
416 2 9
417 19 0
418 1 3
419 4 2
420 10 19
421 1 11
422 0 3
423 11 0
424 4 0
425 0 8
426 0 2
427 17 0
428 2 18
429 0 11
430 0 9
431 3 1
432 5 1
433 0 13
434 2 3
435 14 0
436 19 16
437 0 15
438 19 6
439 2 0
440 2 19
441 12 11
442 4 4
443 16 0
444 14 19
445 5 19
446 3 0
447 18 0
448 15 2
449 1 2
450 13 0
451 3 3
452 3 6
453 0 16
454 1 15
455 0 10
456 1 3
457 0 5
458 3 7
459 19 15
460 1 12
461 11 11
462 11 1
463 5 18
464 11 0
465 14 2
466 0 17
467 18 8
468 19 14
469 5 19
470 19 15
471 12 18
472 12 19
473 19 8
474 15 0
475 10 11
476 2 14
477 2 8
478 0 14
479 2 10
480 0 16
481 19 5
482 16 0
483 19 14
484 0 12
485 0 17
486 9 1
487 19 7
488 2 15
489 1 13
490 5 0
491 12 18
492 0 9
493 19 8
494 1 0
495 4 5
496 7 18
497 9 11
498 9 19
499 3 1
500 3 4
501 0 11
502 8 0
503 0 0
504 15 0
505 2 0
506 0 12
507 10 3
508 1 4
509 0 11
510 12 19
511 4 6
512 2 6
513 6 18
514 0 12
515 3 14
516 17 19
517 19 1
518 19 4
519 0 1
520 4 5
521 18 10
522 1 15
523 19 2
524 1 8
525 19 11
526 8 11
527 6 1
528 2 5
529 2 2
530 17 10
531 9 2
532 15 19
533 6 17
534 19 7
535 2 3
536 10 0
537 0 3
538 0 18
539 1 0
540 0 19
541 2 0
542 11 19
543 0 15
544 19 0
545 4 3
546 0 4
547 1 16
548 2 14
549 7 11
550 18 19
551 0 18
552 3 2
553 13 2
554 14 19
555 12 19
556 1 19
557 0 7
558 0 10
559 16 0
560 19 10
561 3 1
562 1 6
563 6 11
564 10 4
565 12 2
566 15 19
567 1 0
568 10 19
569 7 0
570 4 6
571 0 5
572 2 15
573 0 0
574 2 14
575 0 13
576 0 17
577 4 19
578 18 2
579 1 9
580 12 0
581 19 3
582 2 18
583 2 11
584 1 11
585 2 7
586 14 19
587 3 5
588 8 2
589 0 4
590 8 0
591 0 14
592 0 18
593 0 1
594 7 0
595 12 18
596 11 2
597 0 6
598 3 19
599 13 19
600 1 3
601 1 8
602 19 4
603 0 2
604 1 5
605 5 17
606 19 6
607 1 6
608 14 19
609 1 9
610 2 17
611 4 19
612 1 13
613 5 11
614 1 4
615 0 0
616 10 2
617 2 2
618 13 0
619 0 17
620 9 17
621 9 0
622 0 3
623 2 5
624 12 0
625 9 19
626 18 0
627 7 2
628 19 7
629 3 5
630 5 1
631 0 18
632 9 2
633 10 19
634 2 8
635 1 3
636 19 0
637 2 18
638 10 0
639 19 13
640 2 7
641 9 4
642 3 3
643 2 11
644 9 0
645 6 0
646 0 1
647 3 0
648 1 12
649 4 11
650 2 6
651 2 10
652 19 19
653 2 11
654 0 3
655 19 2
656 0 16
657 8 17
658 10 2
659 4 10
660 19 12
661 0 11
662 1 6
663 1 0
664 0 12
665 18 19
666 6 2
667 0 0
668 4 3
669 2 8
670 1 7
671 16 10
672 1 2
673 3 3
674 12 19
675 3 19
676 2 17
677 8 4
678 19 5
679 2 10
680 2 11
681 2 5
682 6 3
683 2 4
684 5 3
685 15 19
686 2 2
687 1 4
688 19 4
689 7 4
690 1 16
691 4 5
692 18 2
693 19 3
694 0 9
695 4 17
696 19 6
697 2 10
698 13 19
699 5 4
700 1 1
701 0 6
702 1 9
703 1 2
704 19 19
705 4 9
706 7 3
707 3 8
708 1 11
709 19 13
710 5 3
711 0 16
712 4 19
713 4 10
714 0 19
715 2 9
716 0 18
717 0 1
718 8 0
719 9 2
720 2 19
721 17 2
722 2 11
723 2 2
724 0 8
725 2 13
726 3 6
727 0 11
728 1 2
729 18 19
730 16 2
731 4 1
732 1 5
733 1 10
734 0 5
735 1 9
736 11 0
737 3 10
738 1 0
739 2 5
740 19 5
741 1 14
742 0 6
743 2 9
744 6 1
745 0 5
746 19 12
747 19 19
748 0 0
749 15 0
750 0 10
751 4 4
752 6 19
753 1 11
754 15 10
755 18 19
756 0 7
757 19 6
758 2 4
759 5 2
760 7 0
761 3 19
762 0 19
763 0 8
764 6 2
765 1 4
766 5 19
767 2 12
768 4 8
769 3 7
770 6 0
771 12 19
772 3 11
773 5 0
774 0 9
775 19 19
776 2 6
777 0 10
778 19 5
779 6 0
780 10 0
781 2 2
782 8 2
783 15 2
784 1 0
785 3 18
786 1 10
787 5 3
788 2 8
789 3 6
790 2 5
791 19 6
792 0 0
793 7 17
794 14 19
795 9 0
796 9 19
797 3 7
798 19 5
799 0 14
800 2 10
801 4 11
802 1 17
803 0 15
804 4 2
805 5 0
806 1 19
807 0 11
808 6 17
809 1 9
810 11 19
811 3 19
812 14 0
813 3 17
814 1 6
815 1 7
816 2 19
817 3 10
818 5 4
819 2 6
820 0 10
821 1 0
822 13 0
823 0 16
824 1 14
825 19 9
826 3 16
827 4 1
828 0 11
829 13 19
830 4 9
831 11 18
832 0 10
833 0 7
834 1 7
835 2 0
836 2 9
837 3 8
838 14 10
839 5 17
840 2 16
841 4 0
842 0 18
843 0 19
844 2 5
845 13 10
846 1 18
847 0 0
848 2 3
849 2 18
850 0 7
851 4 12
852 6 0
853 12 10
854 0 9
855 3 11
856 19 2
857 3 7
858 0 14
859 2 6
860 1 2
861 1 10
862 0 2
863 4 13
864 0 17
865 0 1
866 2 1
867 1 5
868 2 4
869 7 0
870 1 4
871 3 13
872 19 3
873 7 4
874 6 0
875 0 15
876 0 6
877 0 7
878 6 19
879 1 19
880 19 11
881 4 2
882 4 8
883 5 3
884 4 9
885 8 1
886 11 19
887 3 10
888 7 0
889 1 6
890 0 0
891 1 16
892 6 0
893 2 2
894 10 0
895 3 14
896 2 8
897 4 8
898 9 0
899 11 18
900 7 2
901 12 19
902 3 9
903 18 0
904 10 0
905 4 17
906 0 14
907 5 19
908 19 0
909 3 10
910 3 0
911 19 6
912 0 1
913 4 19
914 1 2
915 0 4
916 2 2
917 2 6
918 14 2
919 2 3
920 9 0
921 4 0
922 19 8
923 0 6
924 3 6
925 18 19
926 1 11
927 2 17
928 19 2
929 10 18
930 2 10
931 1 5
932 19 10
933 19 19
934 3 19
935 0 11
936 3 5
937 1 8
938 1 4
939 6 2
940 3 4
941 11 10
942 12 0
943 0 18
944 3 0
945 13 2
946 11 0
947 1 11
948 18 0
949 2 14
950 4 0
951 2 15
952 3 2
953 12 2
954 4 5
955 0 11
956 1 10
957 10 17
958 11 2
959 0 19
960 12 0
961 11 19
962 1 19
963 0 10
964 10 10
965 2 18
966 0 8
967 19 1
968 8 19
969 0 16
970 1 17
971 19 5
972 0 15
973 19 11
974 6 4
975 2 14
976 0 9
977 3 0
978 3 5
979 11 0
980 10 2
981 0 13
982 7 2
983 1 9
984 5 0
985 4 19
986 1 2
987 4 3
988 0 10
989 5 3
990 19 7
991 19 10
992 19 8
993 0 5
994 2 4
995 0 19
996 12 0
997 2 19
998 11 0
999 2 3
1000 3 4
1001 12 0
1002 0 2
1003 2 11
1004 0 17
1005 9 17
1006 1 12
1007 2 0
1008 1 2
1009 1 1
1010 0 11
1011 0 6
1012 9 2
1013 17 0
1014 19 4
1015 6 0
1016 4 0
1017 3 0
1018 1 2
1019 16 0
1020 8 17
1021 0 4
1022 1 4
1023 4 2
1024 1 1
1025 6 5
1026 0 4
1027 1 19
1028 6 4
1029 1 4
1030 19 7
1031 0 5
1032 7 17
1033 0 2
1034 5 0
1035 2 5
1036 19 9
1037 0 4
1038 2 19
1039 8 0
1040 6 5
1041 1 19
1042 5 1
1043 0 10
1044 0 3
1045 5 0
1046 10 0
1047 1 0
1048 6 2
1049 2 2
1050 3 1
1051 6 19
1052 7 0
1053 6 4
1054 2 6
1055 3 3
1056 2 17
1057 6 1
1058 1 5
1059 0 5
1060 3 8
1061 0 18
1062 3 6
1063 0 6
1064 0 16
1065 8 0
1066 0 19
1067 2 10
1068 4 1
1069 0 14
1070 3 19
1071 4 0
1072 15 0
1073 2 5
1074 0 11
1075 0 9
1076 4 19
1077 6 5
1078 3 7
1079 5 2
1080 2 3
1081 3 19
1082 2 2
1083 19 3
1084 6 17
1085 4 2
1086 9 19
1087 2 18
1088 1 19
1089 4 19
1090 2 17
1091 0 19
1092 2 13
1093 5 0
1094 0 5
1095 1 9
1096 18 19
1097 0 7
1098 0 10
1099 3 4
1100 2 3
1101 0 2
1102 19 8
1103 0 9
1104 11 0
1105 0 12
1106 5 3
1107 9 10
1108 6 16
1109 7 19
1110 0 1
1111 4 16
1112 19 4
1113 1 12
1114 2 18
1115 4 6
1116 12 0
1117 0 3
1118 0 11
1119 2 9
1120 2 2
1121 5 4
1122 1 3
1123 7 0
1124 19 0
1125 9 18
1126 4 4
1127 0 17
1128 1 16
1129 6 19
1130 1 13
1131 0 2
1132 7 19
1133 2 1
1134 18 0
1135 0 18
1136 4 0
1137 2 6
1138 0 17
1139 10 19
1140 0 6
1141 5 5
1142 6 19
1143 5 1
1144 8 2
1145 1 12
1146 19 19
1147 0 13
1148 0 0
1149 4 3
1150 8 10
1151 1 9
1152 5 3
1153 3 0
1154 1 0
1155 19 0
1156 0 18
1157 3 1
1158 4 3
1159 18 19
1160 2 17
1161 4 7
1162 0 3
1163 19 3
1164 2 0
1165 2 18
1166 19 19
1167 11 0
1168 0 16
1169 3 0
1170 8 0
1171 6 15
1172 5 15
1173 5 0
1174 3 16
1175 12 0
1176 0 4
1177 19 9
1178 4 5
1179 7 10
1180 0 17
1181 9 19
1182 2 1
1183 1 8
1184 1 4
1185 0 0
1186 8 1
1187 0 5
1188 5 3
1189 1 18
1190 6 10
1191 4 15
1192 2 7
1193 3 19
1194 0 12
1195 18 19
1196 3 15
1197 1 3
1198 0 18
1199 0 2
# colocadas=1200 ocupadas=50 mayor=184
