0 13 9
1 19 0
2 14 6
3 0 8
4 18 6
5 15 6
6 10 10
7 14 18
8 12 15
9 12 17
10 10 5
11 5 11
12 18 10
13 8 16
14 19 4
15 13 0
16 16 7
17 8 14
18 1 12
19 14 6
20 5 9
21 5 8
22 0 12
23 1 3
24 7 12
25 8 17
26 7 6
27 10 18
28 13 19
29 15 7
30 11 7
31 5 15
32 10 6
33 1 10
34 10 5
35 0 9
36 19 16
37 8 12
38 6 13
39 11 15
40 3 5
41 10 7
42 2 19
43 8 15
44 6 14
45 12 19
46 0 8
47 5 16
48 9 17
49 12 1
50 5 9
51 6 8
52 10 3
53 4 9
54 0 10
55 13 2
56 12 6
57 11 7
58 15 18
59 10 9
60 13 8
61 7 8
62 19 6
63 2 12
64 6 13
65 17 4
66 8 13
67 7 12
68 7 11
69 10 2
70 18 13
71 12 5
72 5 9
73 10 14
74 3 6
75 18 0
76 14 0
77 3 5
78 15 15
79 0 13
80 19 14
81 11 18
82 7 12
83 5 18
84 12 0
85 8 16
86 10 7
87 10 17
88 12 6
89 14 5
90 10 18
91 5 15
92 12 11
93 17 3
94 2 18
95 13 19
96 18 6
97 18 9
98 18 10
99 14 3
100 12 19
101 15 14
102 14 1
103 10 3
104 1 0
105 15 15
106 8 17
107 9 16
108 11 7
109 1 12
110 13 9
111 2 12
112 6 18
113 6 15
114 18 16
115 8 14
116 13 8
117 10 13
118 10 6
119 12 2
120 13 0
121 19 19
122 17 4
123 2 19
124 12 1
125 10 5
126 14 6
127 10 7
128 1 4
129 14 5
130 6 11
131 1 3
132 12 0
133 5 11
134 12 12
135 19 6
136 15 1
137 10 10
138 8 12
139 14 6
140 19 15
141 13 19
142 3 6
143 13 0
144 10 2
145 12 18
146 14 18
147 19 0
148 12 11
149 9 18
150 19 14
151 13 9
152 6 8
153 6 11
154 8 15
155 10 9
156 13 8
157 9 19
158 5 18
159 5 10
160 12 17
161 1 4
162 8 19
163 12 18
164 19 18
165 19 3
166 3 5
167 9 19
168 17 3
169 11 5
170 14 0
171 15 14
172 15 2
173 13 0
174 16 7
175 10 3
176 10 14
177 13 2
178 7 11
179 18 6
180 19 19
181 19 4
182 12 19
183 15 15
184 7 10
185 6 18
186 7 9
187 8 19
188 19 6
189 12 15
190 11 7
191 18 0
192 10 2
193 5 15
194 19 15
195 3 6
196 3 5
197 3 6
198 5 11
199 6 15
200 8 9
201 8 8
202 19 14
203 2 18
204 17 13
205 19 15
206 18 9
207 9 15
208 12 17
209 5 18
210 18 10
211 1 3
212 15 6
213 14 4
214 1 10
215 6 18
216 10 7
217 8 6
218 14 3
219 5 15
220 13 3
221 15 18
222 13 9
223 14 4
224 13 19
225 5 8
226 18 13
227 18 17
228 7 6
229 17 7
230 14 0
231 13 2
232 19 0
233 15 1
234 16 7
235 18 0
236 15 14
237 12 7
238 9 16
239 13 0
240 14 6
241 10 18
242 11 1
243 1 12
244 10 5
245 11 5
246 13 8
247 12 18
248 12 1
249 8 6
250 6 11
251 19 3
252 7 17
253 0 10
254 15 2
255 19 16
256 15 6
257 5 11
258 12 12
259 17 13
260 10 17
261 2 12
262 0 12
263 10 18
264 14 0
265 5 9
266 6 15
267 11 15
268 10 13
269 13 0
270 14 18
271 9 19
272 11 1
273 7 6
274 19 0
275 18 6
276 14 6
277 13 3
278 10 10
279 12 0
280 12 19
281 8 17
282 18 0
283 12 17
284 13 9
285 15 15
286 10 9
287 10 16
288 7 8
289 13 8
290 19 6
291 15 7
292 8 14
293 10 6
294 11 17
295 10 10
296 19 4
297 8 16
298 11 4
299 18 9
300 19 0
301 8 6
302 15 4
303 17 4
304 5 15
305 15 1
306 13 0
307 7 12
308 8 13
309 5 8
310 12 1
311 18 6
312 2 19
313 8 19
314 10 3
315 15 2
316 5 18
317 6 14
318 16 7
319 15 1
320 0 13
321 7 7
322 9 19
323 13 2
324 6 12
325 10 2
326 12 11
327 8 19
328 10 9
329 10 14
330 12 17
331 17 3
332 15 18
333 8 14
334 12 15
335 15 14
336 17 4
337 8 17
338 15 2
339 12 4
340 9 16
341 18 13
342 15 6
343 0 0
344 1 0
345 8 13
346 0 0
347 11 17
348 5 9
349 5 8
350 7 12
351 13 3
352 15 1
353 5 16
354 11 7
355 14 6
356 11 8
357 19 18
358 1 10
359 17 17
360 6 18
361 5 18
362 18 10
363 0 10
364 11 15
365 9 15
366 14 18
367 19 6
368 18 6
369 12 12
370 6 18
371 12 15
372 10 5
373 11 7
374 11 14
375 14 0
376 9 18
377 12 17
378 17 13
379 9 16
380 9 15
381 0 7
382 18 13
383 13 2
384 18 0
385 10 6
386 17 13
387 7 8
388 0 12
389 11 17
390 5 18
391 13 4
392 12 4
393 15 18
394 11 8
395 13 0
396 5 9
397 13 3
398 6 13
399 0 13
400 19 15
401 13 2
402 13 3
403 6 18
404 6 11
405 6 8
406 2 18
407 19 19
408 14 18
409 0 12
410 15 2
411 15 6
412 13 19
413 12 11
414 7 19
415 2 19
416 9 16
417 14 6
418 10 10
419 5 11
420 1 4
421 10 14
422 19 6
423 13 2
424 12 12
425 13 4
426 18 6
427 19 18
428 19 3
429 7 8
430 12 4
431 17 3
432 14 0
433 18 9
434 10 9
435 10 5
436 2 11
437 19 0
438 3 5
439 10 18
440 19 4
441 10 3
442 7 17
443 19 19
444 5 8
445 15 7
446 17 4
447 14 5
448 18 17
449 15 1
450 10 6
451 10 10
452 1 0
453 18 0
454 19 16
455 13 4
456 7 11
457 15 18
458 0 0
459 2 12
460 10 15
461 10 2
462 14 2
463 16 7
464 13 2
465 18 18
466 19 0
467 2 18
468 2 11
469 15 7
470 2 12
471 1 10
472 0 10
473 2 19
474 19 18
475 10 3
476 15 15
477 8 16
478 18 10
479 12 17
480 18 0
481 3 6
482 19 19
483 2 11
484 7 7
485 19 0
486 8 19
487 2 18
488 19 15
489 10 14
490 12 11
491 1 10
492 12 4
493 2 19
494 11 18
495 8 17
496 12 19
497 10 2
498 1 3
499 17 3
500 10 9
501 7 8
502 8 14
503 13 9
504 19 18
505 10 18
506 7 7
507 5 15
508 7 12
509 7 8
510 0 10
511 9 17
512 16 4
513 13 19
514 7 7
515 15 14
516 0 8
517 6 14
518 3 5
519 13 8
520 8 17
521 12 0
522 19 16
523 6 13
524 9 16
525 11 7
526 10 3
527 13 0
528 16 5
529 15 2
530 12 1
531 9 19
532 5 9
533 12 19
534 2 18
535 15 1
536 13 3
537 19 6
538 5 18
539 11 18
540 6 18
541 10 18
542 1 10
543 18 9
544 14 6
545 6 11
546 14 18
547 19 15
548 15 15
549 10 2
550 0 9
551 18 0
552 17 4
553 18 17
554 5 8
555 0 10
556 5 18
557 18 13
558 11 4
559 19 19
560 11 8
561 17 3
562 11 15
563 10 3
564 6 15
565 18 18
566 5 9
567 11 18
568 1 4
569 8 13
570 7 17
571 15 18
572 15 14
573 13 9
574 15 15
575 10 13
576 19 0
577 16 7
578 5 13
579 8 16
580 10 5
581 3 6
582 19 3
583 13 17
584 12 17
585 1 0
586 5 8
587 10 10
588 8 19
589 8 12
590 8 14
591 18 10
592 18 0
593 13 8
594 7 14
595 1 10
596 18 17
597 12 15
598 15 7
599 5 9
600 18 6
601 9 16
602 3 5
603 13 9
604 16 4
605 13 19
606 2 19
607 16 5
608 5 8
609 8 16
610 19 4
611 16 7
612 10 14
613 10 2
614 8 13
615 10 18
616 18 18
617 15 2
618 10 6
619 19 0
620 8 5
621 13 2
622 19 6
623 10 9
624 10 5
625 1 3
626 15 6
627 9 19
628 2 18
629 10 10
630 14 0
631 18 0
632 18 17
633 1 4
634 0 0
635 18 6
636 14 6
637 19 3
638 13 3
639 2 12
640 1 0
641 5 15
642 5 11
643 12 18
644 13 2
645 7 15
646 13 8
647 17 4
648 10 15
649 10 3
650 15 5
651 12 17
652 0 8
653 12 18
654 19 6
655 6 13
656 19 16
657 8 6
658 18 18
659 10 2
660 2 11
661 7 8
662 12 14
663 10 17
664 7 7
665 0 9
666 8 19
667 13 9
668 6 11
669 0 0
670 12 15
671 12 0
672 15 1
673 5 11
674 0 10
675 15 7
676 19 4
677 5 16
678 3 6
679 12 17
680 12 18
681 10 9
682 9 19
683 8 14
684 8 19
685 5 9
686 15 2
687 8 13
688 3 5
689 5 15
690 19 15
691 6 17
692 6 14
693 3 6
694 8 17
695 14 19
696 2 19
697 12 17
698 1 10
699 9 19
700 10 18
701 16 18
702 8 16
703 15 1
704 0 8
705 10 3
706 5 16
707 1 0
708 10 14
709 2 12
710 8 19
711 19 16
712 16 7
713 10 2
714 19 0
715 12 18
716 18 0
717 13 8
718 13 3
719 18 17
720 4 18
721 6 13
722 10 15
723 15 2
724 17 13
725 15 14
726 16 5
727 12 4
728 15 1
729 0 9
730 6 14
731 13 0
732 10 10
733 8 17
734 15 18
735 12 17
736 10 6
737 10 3
738 11 18
739 10 9
740 2 18
741 18 9
742 16 18
743 13 17
744 8 15
745 15 18
746 2 11
747 0 8
748 10 18
749 19 18
750 11 4
751 6 18
752 1 12
753 10 14
754 12 1
755 0 9
756 18 13
757 2 19
758 9 13
759 9 19
760 13 2
761 15 7
762 19 0
763 17 13
764 8 14
765 9 12
766 0 12
767 15 15
768 0 0
769 16 6
770 12 12
771 0 10
772 10 2
773 12 11
774 12 4
775 0 8
776 10 10
777 8 16
778 2 18
779 12 12
780 10 5
781 15 2
782 17 17
783 6 13
784 11 18
785 15 8
786 8 17
787 8 19
788 12 17
789 16 7
790 10 9
791 2 19
792 10 18
793 9 6
794 5 8
795 11 5
796 1 3
797 17 7
798 2 18
799 18 10
800 8 16
801 10 3
802 19 3
803 19 15
804 14 0
805 12 11
806 4 17
807 10 15
808 8 6
809 13 4
810 1 10
811 15 7
812 19 19
813 13 19
814 12 14
815 12 15
816 4 18
817 8 17
818 9 19
819 10 10
820 10 14
821 11 18
822 19 18
823 19 16
824 18 9
825 11 7
826 12 19
827 13 0
828 10 15
829 5 9
830 1 0
831 0 10
832 10 14
833 11 15
834 12 15
835 17 3
836 13 17
837 18 7
838 11 1
839 9 6
840 13 19
841 12 12
842 18 0
843 19 0
844 10 9
845 12 1
846 19 4
847 13 9
848 6 11
849 4 17
850 18 13
851 10 2
852 13 3
853 11 1
854 10 15
855 8 16
856 3 5
857 17 7
858 18 10
859 10 10
860 15 1
861 12 4
862 15 2
863 10 3
864 19 15
865 13 8
866 17 4
867 9 13
868 5 11
869 13 2
870 9 12
871 10 2
872 3 6
873 5 15
874 13 3
875 18 9
876 17 13
877 18 13
878 1 12
879 18 0
880 3 11
881 12 0
882 0 0
883 8 19
884 1 0
885 18 17
886 1 10
887 8 17
888 13 2
889 10 9
890 13 9
891 12 19
892 13 3
893 17 3
894 10 5
895 10 3
896 12 17
897 0 0
898 11 5
899 0 10
900 8 13
901 5 8
902 8 16
903 14 5
904 10 5
905 8 6
906 18 10
907 0 12
908 14 6
909 8 17
910 12 11
911 2 19
912 15 1
913 15 8
914 17 4
915 14 18
916 17 3
917 10 10
918 6 14
919 6 11
920 10 6
921 12 12
922 11 8
923 17 13
924 16 7
925 0 7
926 11 4
927 4 18
928 3 5
929 1 10
930 8 16
931 9 11
932 3 10
933 0 8
934 14 8
935 12 4
936 15 7
937 13 17
938 15 18
939 8 14
940 6 17
941 10 1
942 19 19
943 19 3
944 12 11
945 6 13
946 19 18
947 11 4
948 14 5
949 9 3
950 12 12
951 10 3
952 13 0
953 6 14
954 16 7
955 12 4
956 8 17
957 0 10
958 6 13
959 19 0
960 19 19
961 5 9
962 18 0
963 10 14
964 10 0
965 5 18
966 12 17
967 3 6
968 1 4
969 13 19
970 19 16
971 2 18
972 12 19
973 3 11
974 6 15
975 10 2
976 10 15
977 12 11
978 7 17
979 19 18
980 5 13
981 18 9
982 8 13
983 10 14
984 13 2
985 15 8
986 17 4
987 9 19
988 13 4
989 8 19
990 11 7
991 3 10
992 11 8
993 18 13
994 5 11
995 19 4
996 19 19
997 19 0
998 19 18
999 6 11
1000 6 17
1001 19 19
1002 17 3
1003 15 14
1004 19 15
1005 1 10
1006 7 8
1007 10 18
1008 17 4
1009 17 3
1010 12 4
1011 17 13
1012 6 13
1013 14 6
1014 2 19
1015 13 3
1016 12 12
1017 11 18
1018 17 4
1019 15 6
1020 0 10
1021 14 18
1022 15 18
1023 12 0
1024 15 2
1025 5 15
1026 14 18
1027 18 0
1028 6 15
1029 15 18
1030 11 7
1031 9 12
1032 1 10
1033 18 6
1034 12 11
1035 10 9
1036 3 11
1037 9 11
1038 19 0
1039 18 18
1040 5 15
1041 19 3
1042 12 12
1043 13 4
1044 19 6
1045 12 11
1046 10 5
1047 13 8
1048 8 14
1049 5 11
1050 10 18
1051 1 12
1052 18 17
1053 6 15
1054 10 10
1055 7 17
1056 6 18
1057 8 13
1058 14 18
1059 18 13
1060 1 0
1061 19 16
1062 10 9
1063 17 13
1064 13 19
1065 18 18
1066 19 4
1067 15 15
1068 13 0
1069 18 10
1070 15 9
1071 12 12
1072 14 6
1073 15 18
1074 12 4
1075 10 15
1076 16 9
1077 5 15
1078 0 0
1079 9 19
1080 6 11
1081 17 9
1082 5 11
1083 2 18
1084 0 10
1085 12 0
1086 1 3
1087 5 18
1088 19 3
1089 16 9
1090 6 18
1091 19 4
1092 10 3
1093 12 11
1094 18 13
1095 10 14
1096 0 7
1097 12 18
1098 13 4
1099 7 16
1100 6 11
1101 18 6
1102 3 10
1103 10 15
1104 19 18
1105 6 8
1106 8 19
1107 10 1
1108 1 10
1109 0 12
1110 19 6
1111 7 6
1112 2 19
1113 7 8
1114 5 18
1115 15 7
1116 19 19
1117 9 12
1118 12 4
1119 15 14
1120 5 11
1121 9 19
1122 17 3
1123 18 17
1124 3 5
1125 1 4
1126 8 16
1127 19 15
1128 14 19
1129 1 12
1130 6 8
1131 9 11
1132 0 12
1133 15 1
1134 3 6
1135 19 16
1136 12 12
1137 16 18
1138 19 15
1139 4 9
1140 12 17
1141 6 15
1142 1 12
1143 8 14
1144 5 13
1145 7 8
1146 0 8
1147 18 9
1148 13 9
1149 13 0
1150 10 2
1151 10 14
1152 12 0
1153 11 18
1154 13 8
1155 3 5
1156 19 16
1157 10 18
1158 13 0
1159 0 9
1160 6 18
1161 16 7
1162 9 12
1163 2 18
1164 15 2
1165 5 18
1166 0 8
1167 19 18
1168 14 18
1169 11 18
1170 17 17
1171 0 10
1172 1 10
1173 12 11
1174 8 6
1175 19 19
1176 17 13
1177 3 11
1178 5 15
1179 10 1
1180 19 15
1181 5 9
1182 6 11
1183 11 15
1184 17 4
1185 13 9
1186 6 13
1187 12 18
1188 12 0
1189 6 18
1190 10 2
1191 0 10
1192 15 18
1193 17 9
1194 13 4
1195 0 7
1196 1 10
1197 17 3
1198 5 18
1199 18 6
# colocadas=1200 ocupadas=50 mayor=184
