# semilla=3
20 50
1200
16 9
9 6
39 8
41 2
39 1
31 5
36 4
13 8
35 9
31 7
41 3
15 3
34 7
48 1
43 2
11 1
20 1
18 8
39 7
46 7
26 8
9 6
7 1
9 8
14 5
44 7
50 5
27 9
25 6
35 7
38 4
22 1
18 3
45 6
35 2
46 4
41 5
19 2
5 8
41 8
6 6
5 7
10 1
19 7
50 7
8 1
39 1
25 6
36 5
33 4
3 5
1 2
7 9
3 4
27 5
40 5
10 1
22 6
24 3
25 7
30 9
25 9
7 9
18 7
41 4
20 7
17 9
20 9
22 1
27 6
2 7
40 3
4 6
30 6
44 6
39 5
48 8
2 1
44 1
24 5
41 8
20 6
12 6
12 6
49 6
39 5
20 7
7 1
37 3
20 9
15 5
16 6
12 7
42 2
7 6
22 4
29 3
6 6
48 4
37 8
18 4
8 1
34 4
21 3
18 6
42 2
40 6
38 3
27 5
34 5
30 6
41 7
19 7
37 7
3 7
10 4
1 8
40 9
28 9
46 4
3 8
49 9
19 9
22 4
5 5
8 4
3 1
45 9
13 7
37 1
1 8
48 2
11 9
20 4
43 1
34 9
27 1
40 2
22 3
17 9
31 1
23 4
13 2
35 2
11 4
18 3
1 8
41 7
4 5
16 5
40 9
34 7
4 8
21 1
4 3
3 2
4 2
31 1
46 2
33 9
32 6
11 6
5 6
25 7
38 5
24 5
13 6
28 2
9 9
1 7
6 3
3 6
30 9
25 1
40 7
4 6
41 8
49 6
27 7
30 1
16 4
35 5
45 2
28 4
28 3
2 6
24 9
17 2
30 2
47 9
25 2
47 6
37 9
7 1
31 3
16 7
3 9
6 2
43 7
12 1
22 2
2 2
44 8
45 5
38 5
6 1
50 9
34 4
7 9
48 2
36 1
36 6
37 3
5 4
12 4
30 7
17 6
39 7
23 9
27 2
25 9
16 7
48 3
27 9
44 8
10 7
10 3
7 8
48 8
45 9
29 3
9 5
49 4
10 9
21 4
45 9
50 5
43 7
39 5
14 5
2 5
31 7
13 3
37 6
16 6
31 3
27 8
45 4
30 9
2 8
47 2
26 1
30 4
16 2
14 5
16 4
50 5
9 3
40 1
17 3
3 6
12 7
6 2
8 2
17 5
3 6
29 6
1 1
22 6
28 7
32 2
14 8
26 3
35 6
8 5
5 7
8 8
34 5
7 9
45 6
44 6
49 8
19 5
7 6
44 9
34 2
43 8
33 6
4 5
44 3
42 3
12 6
42 8
8 2
36 3
22 7
36 5
42 3
30 8
20 3
46 2
7 3
49 9
35 7
23 2
18 5
25 1
9 1
31 9
18 4
45 9
23 6
26 8
35 2
23 8
8 3
18 2
44 2
37 2
12 4
37 7
43 7
48 3
38 3
26 4
35 9
11 3
13 5
24 5
2 8
27 7
21 9
38 5
41 8
34 5
43 8
2 4
47 1
7 4
32 3
34 8
13 4
34 4
3 9
42 8
8 5
43 3
9 8
6 1
2 6
40 4
33 2
32 9
2 6
21 6
23 3
6 1
46 2
48 6
14 2
13 7
45 4
32 6
7 1
27 2
13 3
26 8
31 2
35 7
14 8
20 1
30 8
49 7
29 3
30 1
47 5
24 6
29 9
24 7
15 1
14 5
24 3
30 9
13 3
14 1
11 7
33 3
41 1
9 2
39 3
29 8
12 1
2 7
29 6
27 1
46 1
16 7
3 7
32 1
15 4
7 7
31 4
11 6
40 2
23 2
39 1
47 5
18 8
20 8
16 9
18 1
22 6
21 2
4 7
6 1
7 1
44 2
2 3
33 1
31 1
13 9
22 4
49 8
22 8
23 1
25 5
49 7
6 5
12 7
8 9
25 9
22 9
44 7
12 7
36 6
12 6
27 8
15 8
50 8
23 5
11 9
47 7
32 1
10 3
46 1
30 2
49 2
21 4
39 1
40 1
29 8
47 6
24 1
5 4
26 2
22 5
8 8
6 4
16 1
10 3
38 1
8 4
19 4
15 9
33 7
33 6
35 4
30 3
40 2
3 2
39 1
7 4
17 2
7 8
26 4
44 2
42 8
49 6
26 8
50 2
19 8
25 4
8 9
1 8
20 2
22 6
13 8
49 2
36 6
28 2
39 9
14 4
23 1
22 4
28 8
6 5
14 6
11 4
47 4
48 8
46 9
27 6
13 7
31 7
31 1
19 1
12 2
2 3
19 9
34 1
41 8
3 4
48 4
18 8
28 1
23 8
48 4
48 5
10 2
29 5
27 8
5 4
10 8
49 5
25 6
11 7
20 8
31 9
35 4
24 5
19 1
30 6
23 5
48 4
34 1
1 3
41 9
10 9
2 3
4 1
14 8
23 6
36 1
32 3
16 1
18 7
22 1
39 9
7 8
20 5
16 8
27 5
22 1
2 7
3 3
49 4
9 7
33 6
36 3
18 1
11 1
2 8
42 1
30 8
34 9
27 6
34 3
19 3
5 3
36 2
27 6
29 8
18 5
29 5
34 3
37 6
9 9
3 7
32 4
30 5
2 6
37 9
8 8
9 5
46 5
7 7
43 2
24 1
33 8
49 8
13 5
23 3
42 7
26 6
4 5
14 1
21 6
40 7
36 5
3 3
27 5
27 2
32 4
13 2
45 9
8 2
41 1
19 2
28 5
31 8
18 5
35 9
4 3
16 8
11 3
10 3
45 8
44 7
42 1
10 7
4 3
49 3
20 4
42 3
10 1
34 3
35 4
25 2
28 7
12 1
18 2
9 2
10 5
9 7
23 2
13 1
24 3
31 4
5 6
35 8
7 6
31 1
48 6
34 8
37 7
30 9
35 5
29 3
35 8
25 4
49 5
48 3
20 3
21 5
13 3
4 1
27 3
8 1
11 2
26 6
34 5
6 8
35 8
21 3
38 4
21 8
33 6
41 6
38 6
45 6
45 6
19 5
18 3
8 9
15 6
47 4
19 7
18 8
9 8
22 9
12 9
34 8
40 1
5 7
28 9
40 5
4 4
25 7
14 2
24 9
14 1
36 8
8 7
47 7
46 9
24 1
20 6
33 6
26 8
24 2
38 8
10 6
15 1
24 2
40 1
9 2
14 6
28 5
13 1
2 9
47 6
35 8
48 6
47 4
29 6
44 2
33 7
15 8
9 5
19 9
13 2
12 2
28 1
23 7
1 8
12 8
18 3
25 4
33 7
38 5
28 5
7 2
5 8
49 6
5 1
21 8
28 2
43 6
42 7
38 4
21 4
42 7
6 1
42 9
2 9
34 4
37 2
12 4
31 9
26 5
23 8
43 9
15 4
37 5
22 3
38 9
24 9
23 6
50 9
14 8
4 7
20 4
32 4
12 2
30 2
33 7
14 6
12 1
21 8
16 7
44 1
16 7
24 7
15 3
19 5
23 5
4 6
47 2
14 4
20 8
12 3
16 8
45 4
14 6
39 4
12 9
26 9
28 3
41 5
29 6
4 2
35 8
32 1
38 3
18 9
27 8
15 7
33 8
23 7
40 8
49 3
8 7
22 3
38 6
7 6
34 3
20 8
41 9
10 8
24 8
3 6
41 4
40 2
45 9
38 5
38 5
35 6
27 5
1 7
44 9
48 6
28 8
24 3
16 5
45 4
37 7
46 2
21 9
11 6
47 8
12 9
26 8
13 7
36 6
7 1
39 8
45 4
11 9
43 3
8 2
36 9
8 7
36 9
21 7
18 2
31 5
44 6
15 5
8 4
8 8
24 7
10 5
24 3
17 9
13 4
16 5
23 6
7 2
46 3
49 2
15 8
22 2
21 3
11 1
43 8
18 9
9 6
29 7
33 7
28 5
19 9
18 7
10 1
3 3
28 1
14 3
33 4
45 6
17 1
41 9
37 6
13 2
11 4
48 2
32 7
48 5
10 2
35 6
43 3
17 3
6 2
44 3
7 1
45 2
41 9
26 8
36 8
17 3
45 1
5 5
44 7
11 1
3 6
34 6
24 2
3 4
25 1
35 8
43 6
41 4
29 8
16 1
23 4
15 3
27 7
7 7
21 2
35 4
19 2
2 7
2 6
15 4
30 9
17 7
43 4
34 7
41 5
5 3
29 9
34 2
19 3
29 9
9 5
34 3
15 6
34 5
8 2
32 2
31 4
48 7
2 1
2 8
40 1
4 9
31 1
4 6
44 5
20 8
32 5
50 5
9 5
41 2
26 1
8 4
16 2
11 7
34 9
9 3
6 5
33 9
1 8
5 6
44 8
6 7
43 6
36 7
28 8
22 1
21 5
31 5
31 5
14 6
7 5
48 8
27 8
49 4
47 6
39 1
43 4
38 1
40 7
16 7
12 6
7 3
33 8
17 7
27 6
25 7
3 6
47 7
24 7
18 9
15 3
15 4
50 1
42 7
47 2
39 7
31 8
25 9
33 9
28 4
31 7
4 9
46 3
2 4
37 2
9 7
50 9
8 2
7 4
19 9
9 7
28 3
11 4
45 7
32 6
41 8
33 1
17 9
2 6
21 9
25 4
8 5
13 2
14 7
16 4
22 4
48 2
22 9
20 4
35 4
36 7
1 9
42 5
16 3
49 5
38 2
17 6
14 5
10 6
14 4
41 9
8 8
28 5
4 9
26 5
38 5
34 4
29 4
20 6
43 2
7 7
50 7
46 6
42 4
17 2
39 2
2 3
21 6
39 3
15 6
4 2
50 6
39 9
5 7
22 9
19 1
32 8
50 8
50 3
31 1
8 3
24 8
18 7
34 4
30 7
31 6
45 6
47 1
35 6
31 8
35 8
1 8
5 5
12 4
35 2
43 3
12 5
21 2
24 9
1 4
22 1
40 1
25 3
7 9
29 6
48 8
1 8
44 7
42 9
48 2
7 2
43 2
13 2
18 2
43 6
2 4
4 8
3 2
33 4
21 8
48 5
50 6
45 1
13 9
42 1
14 7
9 6
29 9
34 7
43 8
9 5
41 5
5 4
49 3
35 6
29 7
16 9
45 9
21 5
22 6
50 3
19 6
5 3
25 5
39 8
26 9
28 4
7 6
1 6
29 1
42 8
34 5
40 8
35 9
48 8
50 4
20 2
45 2
32 8
26 3
13 5
46 3
36 5
1 3
13 4
30 2
19 6
43 4
34 2
1 6
29 5
32 1
41 6
19 3
41 8
38 8
20 9
31 6
16 2
13 9
3 6
35 2
23 1
12 1
31 3
21 2
11 6
38 4
31 9
41 9
4 1
49 9
15 6
10 5
36 4
23 6
38 7
10 8
28 7
4 8
26 1
42 2
18 7
20 6
8 1
12 2
27 1
26 7
