# semilla=5
20 50
1200
40 5
48 6
45 9
2 8
50 4
42 1
11 2
24 8
16 7
35 2
37 4
1 4
27 5
12 7
11 2
9 8
9 3
1 1
14 4
11 3
19 6
13 9
44 4
12 4
25 5
2 6
27 3
10 5
5 6
20 1
39 6
5 5
23 5
31 6
12 8
31 3
4 5
2 6
26 1
36 7
24 7
38 1
29 1
46 3
40 4
8 4
30 6
33 6
34 5
50 8
7 6
19 1
28 2
14 6
33 6
10 6
18 9
6 5
44 6
20 3
6 3
47 5
31 3
47 1
6 9
26 1
16 6
17 8
42 7
10 1
41 1
32 6
14 3
47 3
41 7
7 3
28 6
10 1
27 5
10 8
40 3
34 8
32 6
31 5
19 8
26 3
8 7
35 3
41 8
22 3
6 8
18 9
36 9
24 2
50 6
45 1
49 5
24 9
46 5
32 5
50 5
22 3
38 1
31 9
50 5
21 5
30 5
33 6
23 5
42 6
48 7
23 3
45 8
24 6
34 3
34 3
13 6
31 5
45 2
47 7
11 9
43 7
20 9
50 5
47 1
13 3
38 8
40 3
15 3
41 1
31 4
11 1
9 2
21 3
31 4
36 1
27 8
23 7
43 2
38 4
16 6
1 6
26 5
27 2
45 9
24 1
36 5
7 5
35 9
22 5
23 3
27 7
37 9
24 8
10 3
39 7
37 8
13 3
39 2
23 1
25 2
21 9
10 6
41 7
28 7
15 8
19 8
46 7
25 3
39 5
48 5
32 5
27 1
21 5
32 5
10 8
2 2
43 8
16 5
3 3
26 1
31 9
36 5
16 8
3 4
32 5
10 5
19 8
39 8
34 2
2 3
20 5
35 6
40 5
47 9
2 8
23 6
44 3
3 1
17 9
30 2
44 9
13 1
28 7
39 8
25 8
26 4
19 8
49 2
20 1
45 7
38 5
42 8
20 3
11 8
45 9
32 6
35 3
28 9
4 2
47 4
18 2
5 1
22 7
5 7
45 8
4 2
8 4
40 2
46 3
19 8
10 3
40 3
27 3
5 4
3 9
7 7
48 2
18 1
37 2
48 7
40 3
1 7
6 6
44 8
32 6
42 6
4 3
45 5
10 9
19 9
36 4
17 2
36 4
17 5
34 3
16 6
30 7
12 3
46 1
42 6
6 1
6 2
33 8
16 7
30 8
21 2
34 1
35 7
4 3
28 4
48 2
6 8
14 3
45 7
23 4
19 6
40 6
25 7
9 6
42 5
41 7
24 9
3 4
48 3
26 2
7 1
3 3
13 4
3 8
31 6
1 7
31 5
40 7
21 8
30 2
13 3
42 3
5 6
25 8
10 9
17 2
18 3
49 5
44 4
3 8
3 6
49 6
21 1
45 1
44 8
31 3
8 6
19 8
44 4
47 3
3 4
46 1
37 4
43 2
40 7
46 6
44 5
12 8
24 5
5 8
11 4
12 4
3 7
47 5
1 8
4 8
50 7
11 1
3 9
34 6
7 2
16 8
6 8
4 4
42 1
32 7
4 1
17 7
29 5
41 1
3 4
12 9
41 7
13 9
15 2
21 2
6 9
11 2
47 4
40 1
29 9
23 8
28 7
34 3
47 1
49 5
45 8
15 9
8 3
20 8
6 5
26 6
9 3
35 2
31 4
45 2
28 4
18 1
32 4
4 4
19 6
7 2
27 6
25 9
1 5
42 3
37 1
29 3
45 1
47 1
45 7
18 2
25 9
9 6
5 5
11 3
17 8
44 6
19 1
5 9
49 9
2 1
8 1
9 6
28 5
40 1
15 9
28 3
24 4
22 6
1 3
38 3
47 2
18 9
39 3
41 3
29 7
28 2
22 6
29 4
30 7
11 8
4 3
35 8
32 1
7 3
27 1
14 1
3 4
31 6
26 8
14 4
18 4
20 9
34 6
49 4
24 6
16 1
40 8
26 6
10 3
16 8
25 1
7 3
26 2
49 5
13 6
31 8
35 2
13 7
45 1
7 9
39 3
25 1
21 1
40 5
33 7
33 8
35 7
29 9
43 1
35 3
27 6
38 1
44 9
14 5
19 2
2 2
50 6
40 7
20 1
18 4
5 1
49 2
43 5
23 9
14 8
34 2
8 4
22 9
28 7
1 7
25 3
49 9
14 6
25 6
7 9
45 6
16 2
14 5
20 5
40 2
11 2
41 7
50 3
15 2
37 9
47 7
27 4
28 8
34 4
20 7
18 2
39 6
12 7
2 3
8 5
37 9
39 3
28 4
21 2
42 6
47 2
4 8
9 9
5 6
13 8
42 7
15 8
7 1
13 3
8 2
22 3
24 2
37 8
48 6
50 3
46 9
38 2
24 2
5 4
14 6
24 3
30 2
16 7
35 8
25 1
8 6
9 1
32 7
22 2
32 5
2 2
31 6
49 4
22 7
10 5
32 2
37 2
19 7
22 2
34 7
4 4
27 4
18 2
10 5
7 9
31 7
12 9
25 4
6 8
23 3
6 1
50 3
24 1
2 5
36 8
25 9
6 1
14 4
29 1
31 9
6 5
39 8
33 1
4 3
26 9
28 1
14 1
27 7
28 7
1 3
22 3
20 4
28 2
24 4
26 7
13 5
9 8
24 5
1 2
50 3
49 8
5 2
44 7
3 7
10 4
42 1
48 8
21 8
9 8
16 2
24 1
1 3
28 2
18 3
49 6
22 4
10 5
34 9
6 5
8 2
42 7
24 5
24 8
36 8
16 3
17 1
35 1
47 7
9 4
31 1
1 1
50 4
27 4
33 4
20 1
33 4
3 7
23 1
36 5
29 8
7 2
24 9
18 7
25 5
11 2
42 8
4 4
34 7
7 9
20 9
24 7
9 8
23 2
32 1
37 4
37 8
3 1
48 2
8 6
10 6
22 5
18 8
10 2
17 5
2 5
25 3
41 4
45 5
38 8
12 3
37 1
48 6
36 2
1 8
3 8
44 1
2 7
8 7
47 9
40 8
40 4
35 2
46 2
47 2
3 2
46 8
20 9
35 2
42 5
8 7
49 5
17 8
20 5
1 6
34 8
30 7
10 4
17 6
40 4
30 2
10 6
6 7
29 9
42 7
12 4
9 8
11 9
29 6
2 3
28 5
37 8
33 9
14 9
16 3
27 9
17 6
19 2
13 5
28 6
34 5
32 2
8 2
22 2
7 5
49 3
4 9
25 3
41 6
47 5
7 7
22 2
20 2
19 6
27 7
5 2
20 2
12 1
7 9
27 2
30 7
5 4
27 1
37 9
19 2
44 9
21 6
5 8
25 2
11 4
8 9
7 2
42 9
25 7
8 5
20 9
30 7
3 4
33 3
25 3
13 6
46 9
5 3
20 1
42 8
20 8
36 9
17 5
11 5
30 8
26 2
9 4
30 2
29 4
9 4
11 2
47 8
17 8
44 3
45 8
7 5
38 5
41 6
45 1
35 9
8 4
49 1
22 8
41 8
34 5
39 6
4 5
9 9
27 5
27 6
50 3
19 4
49 1
1 8
11 5
27 5
27 8
22 9
33 6
46 1
11 8
42 1
35 8
50 8
24 1
15 9
1 8
8 4
11 3
33 4
43 7
42 2
25 7
42 4
42 5
1 4
43 4
38 2
48 9
24 7
38 5
15 2
24 9
39 9
49 8
44 1
17 9
1 3
28 1
30 1
13 4
7 3
30 8
31 8
19 9
5 1
50 8
40 4
2 8
33 4
5 6
13 2
35 6
6 3
15 7
1 1
28 1
20 4
47 7
26 3
50 2
25 4
14 3
26 8
10 7
2 5
30 9
50 4
45 5
49 2
15 7
27 9
46 8
47 4
13 6
38 5
46 1
13 9
11 6
41 2
46 7
24 3
41 5
12 1
35 3
46 7
7 1
45 9
30 6
47 2
32 3
24 1
4 6
49 8
17 8
22 9
27 3
26 7
36 8
2 4
31 5
7 9
5 9
31 4
6 6
7 2
47 6
27 3
21 6
50 1
20 2
34 2
49 2
3 8
33 8
14 8
20 3
28 5
40 8
37 2
44 9
16 5
6 5
5 7
19 7
7 3
23 7
6 6
14 6
44 2
30 6
7 8
21 1
44 8
45 1
39 4
19 5
17 8
33 9
23 9
33 2
33 8
27 4
40 7
28 2
9 2
29 6
3 5
24 7
39 2
12 1
29 3
47 5
3 2
38 1
5 2
19 5
19 7
43 4
3 7
30 5
11 6
34 9
37 7
30 8
3 3
24 8
21 2
8 8
18 6
22 2
25 7
29 5
9 3
48 9
30 6
18 3
12 7
1 7
21 5
13 3
28 9
30 2
19 7
3 4
13 7
16 8
38 9
2 2
50 9
20 2
22 6
40 6
11 1
3 4
32 1
18 8
34 4
3 4
22 6
15 6
30 1
3 2
49 4
7 5
8 4
5 2
50 6
22 5
27 3
50 5
20 2
26 3
16 8
1 5
31 4
4 9
14 7
43 2
19 8
3 5
1 8
10 2
48 2
16 6
24 4
40 8
1 1
38 6
34 7
23 6
18 4
38 5
29 3
44 1
38 4
15 1
37 5
6 4
16 4
25 4
19 3
14 3
8 8
15 8
41 5
45 5
6 3
38 8
35 2
44 6
37 8
34 1
20 1
36 3
39 3
42 5
25 5
31 6
9 4
29 9
36 4
48 2
40 1
32 3
19 9
2 4
18 3
18 7
18 2
41 6
20 2
40 4
2 4
18 7
29 5
5 8
26 8
10 7
43 8
35 1
50 7
40 1
13 9
50 5
22 9
44 3
24 7
40 3
25 4
37 1
19 4
27 8
31 9
47 3
49 8
31 8
29 4
16 6
46 4
10 2
8 8
42 8
35 1
44 3
1 8
45 3
8 1
49 2
28 8
12 2
49 1
22 7
35 9
41 6
46 4
11 8
33 8
43 9
21 1
50 6
1 8
3 4
13 9
17 5
20 4
43 4
29 2
37 8
31 4
22 7
17 4
24 7
1 6
8 3
16 6
19 4
23 4
19 2
41 9
31 5
8 9
34 5
3 3
43 2
7 8
20 3
35 4
21 6
12 1
28 7
25 1
8 5
34 7
48 2
7 1
21 5
36 8
9 3
24 9
20 5
6 7
28 9
1 8
31 5
48 8
7 5
34 2
16 7
8 2
38 4
42 9
40 7
34 4
44 8
34 9
24 4
10 1
2 2
40 7
27 1
44 8
22 9
15 6
32 5
14 4
32 8
17 2
18 2
40 9
19 7
3 8
4 3
4 4
28 9
38 3
14 6
16 2
50 9
28 3
15 8
42 8
37 3
29 3
24 8
8 8
20 2
30 6
43 6
39 4
5 9
18 6
20 9
3 6
24 6
11 4
25 9
27 6
