0 4 14
1 7 11
2 5 19
3 14 12
4 6 19
5 3 10
6 13 2
7 19 8
8 18 9
9 4 10
10 14 11
11 9 0
12 7 15
13 15 8
14 6 14
15 6 9
16 1 7
17 16 10
18 5 19
19 18 2
20 6 18
21 6 11
22 2 16
23 7 11
24 9 9
25 18 4
26 15 3
27 9 18
28 5 2
29 17 9
30 10 19
31 2 11
32 16 11
33 1 19
34 18 9
35 18 1
36 14 12
37 17 10
38 12 16
39 14 11
40 4 7
41 11 16
42 18 7
43 16 10
44 15 2
45 19 10
46 4 19
47 5 3
48 13 1
49 4 16
50 2 3
51 6 2
52 2 17
53 2 4
54 8 18
55 3 5
56 18 6
57 1 11
58 0 10
59 5 4
60 15 13
61 5 3
62 2 16
63 17 11
64 14 12
65 2 7
66 15 11
67 1 7
68 2 11
69 9 18
70 11 9
71 4 5
72 4 2
73 15 14
74 19 4
75 5 19
76 14 8
77 11 8
78 18 4
79 0 11
80 13 12
81 2 7
82 3 19
83 3 18
84 14 10
85 4 19
86 1 7
87 2 17
88 9 12
89 2 7
90 8 0
91 3 14
92 3 19
93 1 15
94 2 16
95 3 11
96 15 4
97 5 7
98 15 8
99 9 11
100 17 12
101 19 11
102 8 15
103 10 5
104 17 11
105 1 14
106 3 5
107 11 19
108 8 18
109 7 15
110 15 13
111 14 12
112 16 9
113 9 12
114 2 3
115 18 7
116 7 2
117 2 5
118 15 17
119 18 2
120 2 2
121 13 10
122 16 10
123 2 11
124 12 16
125 19 10
126 2 3
127 1 18
128 19 7
129 9 11
130 6 2
131 14 8
132 6 10
133 1 7
134 5 14
135 8 15
136 9 18
137 3 5
138 3 11
139 14 11
140 4 9
141 6 15
142 19 8
143 17 9
144 6 9
145 17 12
146 7 2
147 13 12
148 4 1
149 3 13
150 2 5
151 9 15
152 4 2
153 11 5
154 4 1
155 2 2
156 4 2
157 4 10
158 18 1
159 4 15
160 3 8
161 6 10
162 11 16
163 5 4
164 10 19
165 0 10
166 19 7
167 14 17
168 7 12
169 6 2
170 4 7
171 2 3
172 14 13
173 5 3
174 3 5
175 4 1
176 12 12
177 13 9
178 8 18
179 15 13
180 3 14
181 18 9
182 1 19
183 15 17
184 14 17
185 11 9
186 0 11
187 14 12
188 15 14
189 15 11
190 5 4
191 14 11
192 9 12
193 2 17
194 4 9
195 3 13
196 2 4
197 5 7
198 5 13
199 3 18
200 3 10
201 11 8
202 19 4
203 1 18
204 11 19
205 4 7
206 16 2
207 8 15
208 2 16
209 15 8
210 13 2
211 13 1
212 9 11
213 12 16
214 3 17
215 15 13
216 13 12
217 5 19
218 6 14
219 9 18
220 5 3
221 3 14
222 14 8
223 8 18
224 18 4
225 18 6
226 17 6
227 1 16
228 15 8
229 1 19
230 15 3
231 7 11
232 13 10
233 18 6
234 10 5
235 1 18
236 16 1
237 5 12
238 4 19
239 10 9
240 12 8
241 5 9
242 19 8
243 9 10
244 3 13
245 5 8
246 9 18
247 1 19
248 14 13
249 12 7
250 15 11
251 6 19
252 15 13
253 3 14
254 11 9
255 3 13
256 16 2
257 7 12
258 4 5
259 14 12
260 2 3
261 2 17
262 5 7
263 19 11
264 14 11
265 2 4
266 15 4
267 7 2
268 4 10
269 15 17
270 3 7
271 10 9
272 6 18
273 17 9
274 19 10
275 11 16
276 18 10
277 7 15
278 0 16
279 1 18
280 19 4
281 13 9
282 16 9
283 1 16
284 18 4
285 8 15
286 4 12
287 4 14
288 4 2
289 19 4
290 0 14
291 3 17
292 1 14
293 19 10
294 13 2
295 3 10
296 13 1
297 0 14
298 14 13
299 1 6
300 18 2
301 2 16
302 13 10
303 18 9
304 6 15
305 17 11
306 5 4
307 7 11
308 5 9
309 17 10
310 1 19
311 6 14
312 6 19
313 18 8
314 6 15
315 19 11
316 17 11
317 18 4
318 9 11
319 3 18
320 9 10
321 5 12
322 14 8
323 10 19
324 6 18
325 18 9
326 6 9
327 19 7
328 0 10
329 12 8
330 8 18
331 11 5
332 11 19
333 13 12
334 9 15
335 6 12
336 12 7
337 15 12
338 2 17
339 3 8
340 8 15
341 19 8
342 9 15
343 2 3
344 1 14
345 19 10
346 6 13
347 6 11
348 4 7
349 12 8
350 3 5
351 5 14
352 2 8
353 12 7
354 10 5
355 7 15
356 5 7
357 18 1
358 15 8
359 11 9
360 19 7
361 1 18
362 3 8
363 2 16
364 9 18
365 19 8
366 6 19
367 4 9
368 17 9
369 10 9
370 1 7
371 14 14
372 13 9
373 15 3
374 14 15
375 15 13
376 0 11
377 15 4
378 0 10
379 9 0
380 11 9
381 0 11
382 13 15
383 19 7
384 10 9
385 7 9
386 4 14
387 12 12
388 7 11
389 5 19
390 15 3
391 3 19
392 12 8
393 15 4
394 8 18
395 18 2
396 2 13
397 2 4
398 3 7
399 8 0
400 2 17
401 5 9
402 8 9
403 4 5
404 6 15
405 5 18
406 14 13
407 16 11
408 1 6
409 3 13
410 17 11
411 4 10
412 11 5
413 5 2
414 5 6
415 2 16
416 19 4
417 12 7
418 5 14
419 6 9
420 19 8
421 3 10
422 13 10
423 4 10
424 7 15
425 6 4
426 13 9
427 6 6
428 3 18
429 18 10
430 5 4
431 3 10
432 18 4
433 3 19
434 13 2
435 3 18
436 9 18
437 9 0
438 15 2
439 6 15
440 8 8
441 15 13
442 4 7
443 18 7
444 18 1
445 14 15
446 13 10
447 10 5
448 5 17
449 3 5
450 14 4
451 14 13
452 0 10
453 12 16
454 5 19
455 4 10
456 19 10
457 5 6
458 3 14
459 18 6
460 10 19
461 18 10
462 16 10
463 8 0
464 4 14
465 5 14
466 17 8
467 13 15
468 4 5
469 2 3
470 4 17
471 2 17
472 15 11
473 2 16
474 6 19
475 19 4
476 1 15
477 14 10
478 5 19
479 15 3
480 16 9
481 6 4
482 18 9
483 7 1
484 1 7
485 3 10
486 19 7
487 13 10
488 13 1
489 14 17
490 4 16
491 11 9
492 7 15
493 4 10
494 15 17
495 6 6
496 10 9
497 9 8
498 14 12
499 14 8
500 18 2
501 8 18
502 19 8
503 6 10
504 6 9
505 16 10
506 3 19
507 12 8
508 16 9
509 9 14
510 12 13
511 2 4
512 15 8
513 17 10
514 14 17
515 8 15
516 14 8
517 15 8
518 18 7
519 14 5
520 9 18
521 11 16
522 18 6
523 14 10
524 5 4
525 9 7
526 2 7
527 6 10
528 17 7
529 0 11
530 16 10
531 14 15
532 7 15
533 14 8
534 9 15
535 7 2
536 11 13
537 19 6
538 12 7
539 4 2
540 11 9
541 6 15
542 13 2
543 5 7
544 2 14
545 17 11
546 3 10
547 4 15
548 2 17
549 1 7
550 3 14
551 8 18
552 4 10
553 12 8
554 2 3
555 13 10
556 7 12
557 5 13
558 13 1
559 17 12
560 9 8
561 12 7
562 1 16
563 13 15
564 8 15
565 9 18
566 9 15
567 17 10
568 12 16
569 13 2
570 8 18
571 14 4
572 17 13
573 14 5
574 8 15
575 9 11
576 7 11
577 2 4
578 4 7
579 14 15
580 12 8
581 9 10
582 17 9
583 7 12
584 18 1
585 3 17
586 6 14
587 0 10
588 5 12
589 14 10
590 19 9
591 6 16
592 2 16
593 6 19
594 5 2
595 10 9
596 11 5
597 3 5
598 13 1
599 2 3
600 9 18
601 8 18
602 5 7
603 19 8
604 1 19
605 18 9
606 12 13
607 16 10
608 15 17
609 6 9
610 17 12
611 18 7
612 4 2
613 2 14
614 9 7
615 18 6
616 1 18
617 18 4
618 1 16
619 19 6
620 5 2
621 13 10
622 2 7
623 2 16
624 19 5
625 7 15
626 18 6
627 4 4
628 14 17
629 4 19
630 17 11
631 7 11
632 19 4
633 6 11
634 5 16
635 19 7
636 0 11
637 7 9
638 11 16
639 17 6
640 3 18
641 6 9
642 15 8
643 8 15
644 9 11
645 13 15
646 18 6
647 14 4
648 17 6
649 5 4
650 14 10
651 14 8
652 1 7
653 10 5
654 19 8
655 4 2
656 9 18
657 17 9
658 9 8
659 6 18
660 7 15
661 7 6
662 18 6
663 11 5
664 11 19
665 10 5
666 4 12
667 11 13
668 10 19
669 1 19
670 1 18
671 16 9
672 17 12
673 18 9
674 9 0
675 13 12
676 16 10
677 17 11
678 7 11
679 3 10
680 5 19
681 8 15
682 2 5
683 12 16
684 15 17
685 3 5
686 5 2
687 4 4
688 11 9
689 0 10
690 10 9
691 13 2
692 17 9
693 14 12
694 18 2
695 0 11
696 2 7
697 3 12
698 7 18
699 0 10
700 11 19
701 19 3
702 8 0
703 0 11
704 2 5
705 6 11
706 11 9
707 14 17
708 19 7
709 12 7
710 13 12
711 17 6
712 15 8
713 14 12
714 14 5
715 17 4
716 4 12
717 9 0
718 7 11
719 16 9
720 19 8
721 6 19
722 15 17
723 6 16
724 7 1
725 5 19
726 17 12
727 4 5
728 3 12
729 10 19
730 14 17
731 3 19
732 11 16
733 13 10
734 12 16
735 11 5
736 15 17
737 5 14
738 2 17
739 11 19
740 10 5
741 2 16
742 6 6
743 2 17
744 12 8
745 7 15
746 9 10
747 6 19
748 6 10
749 7 17
750 5 16
751 6 14
752 8 0
753 9 11
754 4 10
755 10 19
756 0 10
757 6 16
758 15 2
759 10 9
760 5 3
761 1 7
762 4 7
763 5 19
764 14 15
765 4 12
766 11 9
767 6 19
768 11 5
769 3 14
770 18 4
771 2 14
772 0 11
773 9 0
774 16 10
775 5 16
776 5 2
777 13 12
778 10 9
779 2 7
780 5 19
781 3 14
782 1 19
783 11 9
784 4 14
785 6 19
786 8 17
787 14 17
788 12 13
789 14 4
790 5 3
791 18 6
792 5 7
793 11 19
794 17 11
795 9 19
796 8 0
797 3 12
798 4 16
799 1 5
800 14 10
801 18 9
802 3 10
803 11 18
804 3 18
805 8 15
806 1 7
807 11 13
808 19 4
809 0 10
810 2 4
811 12 13
812 0 5
813 1 18
814 11 19
815 11 18
816 18 7
817 9 18
818 7 2
819 17 4
820 14 8
821 15 17
822 0 11
823 2 14
824 1 19
825 9 10
826 18 1
827 10 5
828 9 7
829 14 12
830 5 19
831 7 17
832 19 7
833 13 1
834 3 19
835 4 13
836 1 18
837 9 8
838 6 15
839 17 9
840 13 2
841 18 9
842 13 1
843 11 5
844 17 12
845 6 9
846 16 4
847 9 0
848 17 9
849 18 9
850 0 10
851 18 4
852 0 11
853 16 11
854 19 8
855 3 14
856 3 16
857 3 18
858 18 2
859 13 10
860 8 0
861 4 10
862 10 5
863 9 7
864 6 14
865 17 13
866 6 11
867 14 3
868 3 11
869 14 17
870 17 10
871 17 12
872 19 4
873 2 3
874 15 17
875 10 9
876 2 11
877 1 19
878 15 11
879 11 13
880 9 11
881 19 7
882 9 8
883 15 8
884 4 7
885 14 8
886 18 4
887 18 6
888 6 15
889 16 11
890 5 6
891 15 4
892 3 19
893 1 18
894 12 13
895 7 16
896 13 2
897 15 11
898 1 19
899 11 16
900 15 5
901 9 7
902 2 4
903 9 15
904 0 10
905 2 3
906 3 5
907 17 6
908 6 14
909 11 13
910 14 4
911 2 14
912 4 16
913 9 0
914 8 18
915 3 18
916 11 5
917 18 6
918 16 10
919 12 7
920 12 8
921 8 0
922 13 15
923 14 11
924 6 15
925 8 15
926 12 13
927 12 16
928 14 3
929 9 15
930 17 10
931 14 4
932 7 11
933 8 15
934 9 0
935 9 15
936 19 9
937 3 7
938 6 10
939 15 8
940 12 7
941 12 8
942 1 5
943 5 2
944 6 9
945 5 3
946 16 5
947 0 7
948 4 7
949 15 3
950 6 11
951 11 13
952 8 16
953 18 9
954 3 14
955 9 8
956 9 14
957 7 11
958 6 6
959 1 11
960 6 2
961 11 16
962 16 6
963 5 6
964 7 15
965 13 1
966 14 17
967 3 10
968 10 5
969 6 10
970 6 9
971 11 9
972 3 19
973 14 8
974 9 18
975 13 9
976 13 12
977 4 12
978 6 15
979 11 19
980 1 4
981 4 14
982 6 19
983 3 18
984 2 11
985 15 11
986 8 18
987 2 5
988 2 2
989 14 12
990 0 11
991 17 13
992 8 0
993 9 0
994 15 2
995 2 16
996 13 12
997 3 12
998 6 10
999 3 5
1000 1 11
1001 15 17
1002 6 9
1003 5 4
1004 18 1
1005 12 7
1006 9 10
1007 6 11
1008 15 3
1009 19 9
1010 3 19
1011 16 10
1012 7 11
1013 14 17
1014 9 9
1015 1 18
1016 5 7
1017 12 13
1018 2 11
1019 14 11
1020 12 8
1021 11 5
1022 2 5
1023 18 9
1024 19 8
1025 11 10
1026 5 14
1027 4 10
1028 15 8
1029 3 10
1030 1 7
1031 18 7
1032 13 2
1033 5 2
1034 2 17
1035 4 14
1036 13 10
1037 10 19
1038 15 11
1039 11 9
1040 19 4
1041 11 10
1042 11 13
1043 17 9
1044 15 17
1045 4 4
1046 8 15
1047 11 19
1048 10 14
1049 14 5
1050 2 7
1051 6 14
1052 3 18
1053 15 2
1054 18 2
1055 2 16
1056 14 11
1057 4 12
1058 12 7
1059 10 5
1060 3 12
1061 8 0
1062 4 5
1063 15 3
1064 4 12
1065 12 16
1066 4 10
1067 16 11
1068 4 7
1069 15 2
1070 15 3
1071 6 10
1072 18 9
1073 0 10
1074 17 12
1075 9 14
1076 14 15
1077 6 9
1078 1 19
1079 14 12
1080 18 6
1081 6 10
1082 18 7
1083 5 3
1084 11 16
1085 5 19
1086 18 6
1087 6 15
1088 6 19
1089 11 5
1090 0 11
1091 5 2
1092 3 10
1093 0 4
1094 2 4
1095 3 19
1096 14 4
1097 14 8
1098 5 3
1099 16 7
1100 2 17
1101 15 8
1102 3 18
1103 6 14
1104 19 7
1105 17 13
1106 6 15
1107 12 8
1108 3 5
1109 2 1
1110 1 11
1111 10 5
1112 14 8
1113 15 2
1114 1 18
1115 19 8
1116 2 16
1117 11 9
1118 7 12
1119 15 4
1120 10 14
1121 6 14
1122 7 11
1123 12 13
1124 12 16
1125 14 10
1126 18 7
1127 14 4
1128 3 14
1129 1 19
1130 11 5
1131 4 10
1132 15 3
1133 16 10
1134 11 16
1135 2 3
1136 3 12
1137 7 15
1138 14 17
1139 3 19
1140 5 2
1141 14 5
1142 2 17
1143 9 14
1144 0 3
1145 18 6
1146 15 8
1147 15 2
1148 1 7
1149 1 18
1150 5 7
1151 8 15
1152 19 7
1153 18 1
1154 13 1
1155 5 3
1156 19 8
1157 13 15
1158 17 10
1159 6 15
1160 10 14
1161 5 2
1162 14 4
1163 4 7
1164 11 13
1165 16 10
1166 12 13
1167 10 19
1168 2 7
1169 6 9
1170 4 14
1171 19 7
1172 1 1
1173 18 7
1174 3 16
1175 5 19
1176 6 10
1177 10 5
1178 10 9
1179 11 19
1180 6 9
1181 11 13
1182 2 5
1183 13 10
1184 9 0
1185 18 4
1186 13 2
1187 4 16
1188 10 19
1189 19 4
1190 15 17
1191 3 5
1192 7 15
1193 2 16
1194 17 12
1195 1 7
1196 17 9
1197 6 19
1198 9 18
1199 8 15
# colocadas=1200 ocupadas=50 mayor=183
