0 8 1
1 0 12
2 6 12
3 17 12
4 13 18
5 1 19
6 7 2
7 0 8
8 11 8
9 14 14
10 0 11
11 19 10
12 8 16
13 13 14
14 5 16
15 18 16
16 18 12
17 5 14
18 8 10
19 2 6
20 5 12
21 17 12
22 12 15
23 18 17
24 7 3
25 12 19
26 14 19
27 15 19
28 6 16
29 12 16
30 16 16
31 16 15
32 0 15
33 5 2
34 8 17
35 6 5
36 2 0
37 13 2
38 11 19
39 14 14
40 10 12
41 19 6
42 1 15
43 12 19
44 0 12
45 15 10
46 13 14
47 8 13
48 2 7
49 4 6
50 16 16
51 5 5
52 18 16
53 13 17
54 18 17
55 1 0
56 16 14
57 18 16
58 10 17
59 3 9
60 5 0
61 14 8
62 7 19
63 4 7
64 8 19
65 18 17
66 10 18
67 14 19
68 7 13
69 17 15
70 18 6
71 19 12
72 19 13
73 11 9
74 13 10
75 2 18
76 8 13
77 18 16
78 8 16
79 6 12
80 9 1
81 19 17
82 16 17
83 19 18
84 8 1
85 19 11
86 11 19
87 16 16
88 11 2
89 5 3
90 18 19
91 19 17
92 2 0
93 17 14
94 11 11
95 12 11
96 8 17
97 1 4
98 18 12
99 19 10
100 13 8
101 4 14
102 8 16
103 19 18
104 19 11
105 14 8
106 2 4
107 14 14
108 16 17
109 16 15
110 17 19
111 5 14
112 5 16
113 11 11
114 19 6
115 4 0
116 13 5
117 6 16
118 15 15
119 7 13
120 18 19
121 0 9
122 16 14
123 5 16
124 0 19
125 5 2
126 13 18
127 16 16
128 1 4
129 11 1
130 16 17
131 17 12
132 14 5
133 10 13
134 18 12
135 4 6
136 19 10
137 5 0
138 7 2
139 14 17
140 12 2
141 15 16
142 8 11
143 19 17
144 13 2
145 0 15
146 5 12
147 8 13
148 6 16
149 5 16
150 15 11
151 3 18
152 13 8
153 11 8
154 15 10
155 13 5
156 7 13
157 8 13
158 15 11
159 5 3
160 5 2
161 19 18
162 10 12
163 17 19
164 1 15
165 17 15
166 15 15
167 11 9
168 12 11
169 8 10
170 15 16
171 14 16
172 11 2
173 4 14
174 2 9
175 17 12
176 16 15
177 18 17
178 12 19
179 17 15
180 14 2
181 7 16
182 14 8
183 2 18
184 12 15
185 19 12
186 5 3
187 10 13
188 4 16
189 14 10
190 5 14
191 7 3
192 2 6
193 17 16
194 15 15
195 6 5
196 19 13
197 2 4
198 13 15
199 0 8
200 11 8
201 10 17
202 8 11
203 3 18
204 10 18
205 13 10
206 12 2
207 11 9
208 5 5
209 16 15
210 14 17
211 15 15
212 1 0
213 14 3
214 0 15
215 19 12
216 17 11
217 6 12
218 1 15
219 19 13
220 2 0
221 15 3
222 3 9
223 5 16
224 14 10
225 15 12
226 13 2
227 5 2
228 4 16
229 19 11
230 2 18
231 7 13
232 16 13
233 16 15
234 11 2
235 8 16
236 2 9
237 1 19
238 6 5
239 11 1
240 1 0
241 19 19
242 19 10
243 5 12
244 14 3
245 5 16
246 12 2
247 14 16
248 18 16
249 14 17
250 6 16
251 17 13
252 13 17
253 17 16
254 12 15
255 18 11
256 8 13
257 0 9
258 0 19
259 6 12
260 2 7
261 11 0
262 13 8
263 5 3
264 0 11
265 16 14
266 13 15
267 19 12
268 0 15
269 13 2
270 5 12
271 17 11
272 3 18
273 4 14
274 19 13
275 5 2
276 10 12
277 2 6
278 1 4
279 11 8
280 16 18
281 16 16
282 14 8
283 5 5
284 7 13
285 8 10
286 15 3
287 16 15
288 16 14
289 10 0
290 14 5
291 6 5
292 19 11
293 9 1
294 12 15
295 1 15
296 15 18
297 19 18
298 14 3
299 8 11
300 1 19
301 19 10
302 2 18
303 19 11
304 6 12
305 13 14
306 7 2
307 0 15
308 3 18
309 12 2
310 8 10
311 13 18
312 13 2
313 16 17
314 16 15
315 17 10
316 16 14
317 5 5
318 12 2
319 8 17
320 8 2
321 8 16
322 13 5
323 11 11
324 5 16
325 8 1
326 0 12
327 2 18
328 11 10
329 18 6
330 5 14
331 15 11
332 7 2
333 16 16
334 13 2
335 13 10
336 1 15
337 19 6
338 6 16
339 7 3
340 17 12
341 5 16
342 16 17
343 15 10
344 0 11
345 3 9
346 5 12
347 2 4
348 3 18
349 15 19
350 16 18
351 2 7
352 10 13
353 18 16
354 7 19
355 16 15
356 4 0
357 12 8
358 0 8
359 10 12
360 11 8
361 13 17
362 8 13
363 18 17
364 12 8
365 17 18
366 11 0
367 6 16
368 5 0
369 10 13
370 14 5
371 6 5
372 10 17
373 18 6
374 19 10
375 15 8
376 19 12
377 17 13
378 6 12
379 16 16
380 17 12
381 16 14
382 19 13
383 19 12
384 10 0
385 4 0
386 0 9
387 16 13
388 2 9
389 19 13
390 0 8
391 19 6
392 11 8
393 5 16
394 16 15
395 4 14
396 12 2
397 12 8
398 11 8
399 8 19
400 1 4
401 7 13
402 0 15
403 6 16
404 2 19
405 19 12
406 12 8
407 17 9
408 19 13
409 11 8
410 13 2
411 18 16
412 14 14
413 8 17
414 7 2
415 5 3
416 3 9
417 19 17
418 13 5
419 5 2
420 15 3
421 14 19
422 15 19
423 17 16
424 15 15
425 2 6
426 15 11
427 17 8
428 14 5
429 5 3
430 5 2
431 14 3
432 5 3
433 5 14
434 1 15
435 8 11
436 18 12
437 15 3
438 14 19
439 0 12
440 4 18
441 14 8
442 2 9
443 14 10
444 19 14
445 5 16
446 18 19
447 12 8
448 19 19
449 13 10
450 7 3
451 5 2
452 11 8
453 9 1
454 6 16
455 8 16
456 13 18
457 11 11
458 12 2
459 13 8
460 13 15
461 3 18
462 4 18
463 11 9
464 16 14
465 14 13
466 4 14
467 3 18
468 0 9
469 0 15
470 2 7
471 0 11
472 17 19
473 13 5
474 14 5
475 2 6
476 8 1
477 8 17
478 5 0
479 1 15
480 11 0
481 18 16
482 17 9
483 16 19
484 2 7
485 18 17
486 14 16
487 15 19
488 1 19
489 7 19
490 8 10
491 16 15
492 13 5
493 8 19
494 7 2
495 10 11
496 2 4
497 11 11
498 2 19
499 14 17
500 17 8
501 4 0
502 19 11
503 17 9
504 0 12
505 3 9
506 10 18
507 7 3
508 4 18
509 5 14
510 14 16
511 14 8
512 8 11
513 15 10
514 14 19
515 0 8
516 15 19
517 8 13
518 11 8
519 5 3
520 16 13
521 18 19
522 0 9
523 10 12
524 10 17
525 11 9
526 1 4
527 5 5
528 7 2
529 5 12
530 11 19
531 13 8
532 2 0
533 11 8
534 19 19
535 2 4
536 18 6
537 10 13
538 7 3
539 19 6
540 13 2
541 8 16
542 2 6
543 4 7
544 2 9
545 14 5
546 18 19
547 1 0
548 3 18
549 10 11
550 14 14
551 4 14
552 16 18
553 7 13
554 0 8
555 11 9
556 11 8
557 2 7
558 13 5
559 8 10
560 0 9
561 8 11
562 4 18
563 12 2
564 11 11
565 15 11
566 5 14
567 15 13
568 13 2
569 17 12
570 15 10
571 17 19
572 14 3
573 15 11
574 18 12
575 10 0
576 7 19
577 7 2
578 2 0
579 15 10
580 8 10
581 6 5
582 5 16
583 16 17
584 0 15
585 11 9
586 6 12
587 8 19
588 9 1
589 13 14
590 14 14
591 5 5
592 6 5
593 15 11
594 6 16
595 18 19
596 5 16
597 4 14
598 3 9
599 16 13
600 1 19
601 11 8
602 12 15
603 17 8
604 4 6
605 7 16
606 14 5
607 12 2
608 17 19
609 8 13
610 14 10
611 13 14
612 14 14
613 0 11
614 7 19
615 18 6
616 19 13
617 15 12
618 1 4
619 4 16
620 14 8
621 19 10
622 11 0
623 4 7
624 3 18
625 17 13
626 8 19
627 14 19
628 7 19
629 5 5
630 4 6
631 13 14
632 1 0
633 15 11
634 19 6
635 19 14
636 8 16
637 6 5
638 17 9
639 8 19
640 0 12
641 16 13
642 5 16
643 8 11
644 17 15
645 5 12
646 16 16
647 0 8
648 14 17
649 6 16
650 6 12
651 12 16
652 14 14
653 15 19
654 5 5
655 18 6
656 18 19
657 12 19
658 5 2
659 13 8
660 8 2
661 2 9
662 17 12
663 19 17
664 9 0
665 10 18
666 14 16
667 5 0
668 3 9
669 19 18
670 17 19
671 15 12
672 5 3
673 7 19
674 18 19
675 2 0
676 16 14
677 5 14
678 15 3
679 4 14
680 16 17
681 16 13
682 17 19
683 14 19
684 13 14
685 5 16
686 0 11
687 19 17
688 2 19
689 18 19
690 1 15
691 13 2
692 19 6
693 6 16
694 14 8
695 12 2
696 4 0
697 18 12
698 15 19
699 10 11
700 9 1
701 0 12
702 19 13
703 19 18
704 5 0
705 17 19
706 5 2
707 11 11
708 16 15
709 8 10
710 18 17
711 14 14
712 10 17
713 19 14
714 6 5
715 18 16
716 4 0
717 11 9
718 7 2
719 13 8
720 4 18
721 8 19
722 10 12
723 0 9
724 17 13
725 19 13
726 13 2
727 10 18
728 8 17
729 8 11
730 15 10
731 0 8
732 18 17
733 18 6
734 12 2
735 19 11
736 5 12
737 8 16
738 14 10
739 14 3
740 19 14
741 1 0
742 14 17
743 7 19
744 17 8
745 17 12
746 8 19
747 10 0
748 19 6
749 17 9
750 8 10
751 0 11
752 4 7
753 8 11
754 2 6
755 18 6
756 19 19
757 11 8
758 4 6
759 2 7
760 11 0
761 11 19
762 2 9
763 12 18
764 5 16
765 8 1
766 2 0
767 5 14
768 3 18
769 19 6
770 16 18
771 8 10
772 6 16
773 0 12
774 10 0
775 0 15
776 18 13
777 5 3
778 17 8
779 3 9
780 19 13
781 2 6
782 5 16
783 16 16
784 4 18
785 4 7
786 1 0
787 8 11
788 18 16
789 4 14
790 18 12
791 13 5
792 10 17
793 14 5
794 7 19
795 15 11
796 7 16
797 11 0
798 18 19
799 10 18
800 6 12
801 4 6
802 5 12
803 18 6
804 3 18
805 5 2
806 16 15
807 14 16
808 18 14
809 2 4
810 13 14
811 19 18
812 11 9
813 8 19
814 19 10
815 13 2
816 13 10
817 7 13
818 8 13
819 10 0
820 2 0
821 12 11
822 0 9
823 11 11
824 4 16
825 5 16
826 14 14
827 7 3
828 19 11
829 17 9
830 14 19
831 4 7
832 5 3
833 19 10
834 5 0
835 4 6
836 6 12
837 12 15
838 12 19
839 11 19
840 0 8
841 12 19
842 4 18
843 1 0
844 1 4
845 12 2
846 5 12
847 1 19
848 17 14
849 5 2
850 17 12
851 4 7
852 5 3
853 15 10
854 0 9
855 15 3
856 15 19
857 4 16
858 7 13
859 17 19
860 2 9
861 2 0
862 19 11
863 15 11
864 13 14
865 14 8
866 19 10
867 12 16
868 14 19
869 12 15
870 0 11
871 0 12
872 14 17
873 7 2
874 11 19
875 3 18
876 13 2
877 18 14
878 18 17
879 1 15
880 7 19
881 7 3
882 11 0
883 10 0
884 16 16
885 2 4
886 14 3
887 14 16
888 18 19
889 13 18
890 11 8
891 2 18
892 17 14
893 0 8
894 8 19
895 11 9
896 0 9
897 15 3
898 10 13
899 0 19
900 11 0
901 0 11
902 14 14
903 19 6
904 2 7
905 8 16
906 0 12
907 8 10
908 15 19
909 5 14
910 19 11
911 14 19
912 5 5
913 7 19
914 6 5
915 13 17
916 14 10
917 19 17
918 1 4
919 16 14
920 0 15
921 5 2
922 10 0
923 12 2
924 7 2
925 10 11
926 8 13
927 14 3
928 9 1
929 11 11
930 5 16
931 8 2
932 4 14
933 6 12
934 1 15
935 5 3
936 0 11
937 3 9
938 5 14
939 2 9
940 19 10
941 14 17
942 4 0
943 13 14
944 18 12
945 10 17
946 17 12
947 17 19
948 2 4
949 2 6
950 7 2
951 1 0
952 18 19
953 8 11
954 18 16
955 8 10
956 8 2
957 0 15
958 6 16
959 0 12
960 10 18
961 10 12
962 18 12
963 4 6
964 5 2
965 5 3
966 18 6
967 7 2
968 5 2
969 19 14
970 13 5
971 5 3
972 3 9
973 13 10
974 18 15
975 1 4
976 8 11
977 5 12
978 12 16
979 1 19
980 12 19
981 15 10
982 2 7
983 3 18
984 2 9
985 5 2
986 12 15
987 18 16
988 16 13
989 1 15
990 19 11
991 0 8
992 16 19
993 8 1
994 0 9
995 16 15
996 7 3
997 3 9
998 5 0
999 16 16
1000 17 12
1001 4 7
1002 5 5
1003 2 4
1004 8 19
1005 19 10
1006 8 10
1007 13 8
1008 19 13
1009 13 18
1010 16 18
1011 11 0
1012 18 15
1013 15 11
1014 0 15
1015 14 10
1016 1 4
1017 15 19
1018 19 6
1019 13 2
1020 18 12
1021 7 2
1022 7 13
1023 11 8
1024 2 18
1025 11 19
1026 12 19
1027 6 12
1028 3 18
1029 14 14
1030 2 4
1031 14 19
1032 10 0
1033 17 12
1034 11 19
1035 2 9
1036 1 4
1037 5 3
1038 16 14
1039 6 5
1040 2 0
1041 5 2
1042 12 19
1043 17 8
1044 17 16
1045 4 6
1046 17 19
1047 5 3
1048 0 11
1049 7 19
1050 5 2
1051 4 14
1052 1 15
1053 12 2
1054 13 10
1055 13 17
1056 16 16
1057 19 11
1058 15 19
1059 18 6
1060 14 10
1061 5 5
1062 18 17
1063 15 3
1064 3 9
1065 13 10
1066 8 13
1067 18 12
1068 18 19
1069 17 16
1070 14 5
1071 2 18
1072 13 2
1073 8 19
1074 12 2
1075 1 0
1076 14 3
1077 17 12
1078 13 2
1079 11 0
1080 12 2
1081 2 6
1082 9 1
1083 5 12
1084 6 12
1085 14 10
1086 19 17
1087 14 16
1088 2 7
1089 5 12
1090 6 12
1091 2 6
1092 2 0
1093 5 12
1094 13 2
1095 17 19
1096 2 9
1097 8 11
1098 2 4
1099 3 9
1100 4 7
1101 11 10
1102 7 19
1103 10 17
1104 2 7
1105 5 14
1106 3 18
1107 15 12
1108 11 11
1109 0 8
1110 13 18
1111 16 15
1112 19 6
1113 11 9
1114 11 8
1115 2 18
1116 18 13
1117 8 10
1118 17 9
1119 5 16
1120 18 12
1121 0 15
1122 18 17
1123 8 11
1124 10 13
1125 1 0
1126 2 0
1127 0 12
1128 7 16
1129 8 2
1130 16 14
1131 13 5
1132 18 19
1133 14 5
1134 0 11
1135 4 14
1136 18 14
1137 11 19
1138 17 12
1139 1 0
1140 17 19
1141 16 16
1142 0 19
1143 18 16
1144 11 9
1145 15 18
1146 5 3
1147 12 2
1148 18 19
1149 19 14
1150 14 8
1151 10 18
1152 3 18
1153 18 12
1154 13 5
1155 13 2
1156 12 19
1157 16 17
1158 9 0
1159 2 18
1160 13 14
1161 0 12
1162 0 9
1163 1 15
1164 0 11
1165 19 13
1166 1 4
1167 6 5
1168 10 11
1169 16 15
1170 2 4
1171 8 19
1172 10 17
1173 3 18
1174 7 13
1175 13 8
1176 8 1
1177 18 6
1178 10 18
1179 10 0
1180 5 2
1181 17 12
1182 19 10
1183 10 12
1184 18 12
1185 15 3
1186 14 5
1187 11 8
1188 8 13
1189 14 14
1190 16 16
1191 0 8
1192 13 15
1193 2 6
1194 1 4
1195 11 9
1196 7 19
1197 15 10
1198 0 15
1199 6 16
# colocadas=1200 ocupadas=50 mayor=188
