# semilla=2
20 50
1200
4 2
6 6
11 5
17 4
39 1
38 3
28 7
47 9
24 9
29 9
18 1
2 6
30 6
25 7
34 3
36 3
16 4
2 3
21 3
9 9
33 6
33 9
12 8
27 9
49 6
38 6
24 8
11 7
46 8
42 9
16 8
18 8
33 9
23 8
30 6
37 9
47 8
32 4
21 3
40 5
50 8
20 5
46 9
36 9
33 7
20 4
32 9
24 2
22 1
13 2
4 1
18 4
44 2
49 9
9 5
16 4
4 7
46 1
4 6
24 3
16 1
6 2
5 1
3 1
24 5
9 3
48 3
34 1
25 1
16 3
3 1
23 2
19 6
32 1
20 8
36 1
17 7
40 3
31 4
6 6
7 1
29 3
34 7
32 9
21 3
22 5
17 7
42 1
45 9
9 1
17 1
9 3
11 2
30 4
33 1
16 4
46 8
5 5
6 4
40 6
17 7
18 9
49 1
10 1
25 7
11 2
33 2
16 2
7 1
12 4
7 4
2 9
43 8
30 5
35 7
14 4
47 7
28 9
2 1
27 9
38 3
7 8
24 1
34 2
40 6
19 6
20 1
44 7
7 2
20 4
50 1
29 1
27 8
30 4
38 2
1 5
2 6
20 2
15 8
13 2
37 6
26 8
9 6
26 2
17 2
8 2
40 6
42 7
14 2
2 8
50 1
47 8
19 6
30 3
24 5
31 9
31 7
32 5
26 4
11 8
39 5
36 7
45 2
38 2
5 6
12 9
10 7
5 2
44 1
9 5
25 4
46 6
29 3
34 5
8 3
35 7
7 6
34 4
46 9
17 3
11 8
46 4
26 6
49 3
30 8
47 1
39 7
48 3
26 9
4 8
18 7
17 7
46 8
24 9
22 2
49 4
35 4
26 7
41 1
21 8
34 8
42 3
7 1
26 4
47 7
14 2
25 9
50 4
18 4
32 3
1 7
31 5
33 3
30 4
49 2
23 1
32 9
43 2
49 8
44 6
30 5
33 8
2 2
40 6
12 7
17 3
4 3
32 7
30 5
10 1
19 9
30 1
24 1
35 7
37 8
14 5
32 3
31 9
46 5
5 5
21 5
22 5
42 7
34 2
33 4
26 9
10 9
41 2
20 1
15 8
36 4
34 5
4 2
8 7
24 4
21 6
5 6
30 6
11 8
29 5
30 3
46 8
41 4
18 6
11 2
16 8
13 6
12 6
9 3
15 5
36 7
26 6
18 9
38 6
48 7
49 5
35 2
24 5
26 8
12 5
23 8
31 2
12 6
25 3
2 2
23 3
23 2
47 7
1 9
21 4
39 7
35 5
31 3
24 6
13 8
7 3
14 6
17 3
27 6
17 2
22 4
16 4
47 1
22 6
42 1
10 3
5 7
29 5
9 6
34 2
22 7
15 1
26 8
32 6
35 2
38 9
35 8
26 8
11 7
25 9
29 1
7 8
38 3
8 9
12 2
26 5
30 1
17 2
43 6
15 3
2 3
28 2
22 8
4 8
16 2
31 3
36 1
9 9
35 1
4 4
35 1
34 6
44 9
16 3
24 8
1 3
35 2
16 2
30 4
4 4
41 7
22 7
46 9
33 3
33 2
10 4
12 7
13 5
22 7
10 7
9 7
21 5
7 9
7 8
18 5
34 8
18 4
27 3
45 9
43 2
2 9
49 4
14 4
26 1
42 3
41 1
48 5
45 8
35 1
48 4
10 6
3 4
7 3
41 9
12 2
44 8
41 5
14 3
21 5
34 2
27 7
43 1
30 5
43 2
41 5
2 4
27 6
17 9
47 7
38 9
48 4
28 3
45 3
29 8
23 7
31 5
40 4
38 8
29 4
49 8
37 6
20 2
11 6
39 8
15 3
44 5
14 9
20 2
1 1
13 6
4 6
35 5
47 6
29 2
27 8
46 1
19 3
14 3
11 7
47 2
41 8
18 2
32 8
16 3
37 5
15 4
40 6
38 7
34 7
16 4
36 1
17 4
9 7
28 2
30 7
26 8
25 5
14 4
15 1
35 9
6 9
44 1
4 7
46 7
26 4
33 5
7 6
33 6
34 8
38 2
46 8
48 4
18 1
2 8
3 3
42 3
14 6
16 9
4 3
42 5
49 2
42 9
35 2
44 3
28 3
3 5
33 5
31 1
36 6
49 6
44 2
39 6
7 6
24 5
31 5
33 3
2 1
22 7
41 1
23 9
46 1
43 2
45 9
33 7
28 7
16 3
11 1
2 6
44 3
19 1
3 4
37 4
26 2
24 2
39 2
16 4
36 4
7 1
45 7
6 9
18 4
4 9
34 9
26 7
9 3
28 3
30 6
4 3
34 8
28 8
11 8
39 3
23 3
2 5
46 3
10 7
37 5
29 8
30 4
28 7
18 4
23 1
26 1
28 5
2 9
31 5
44 5
16 8
46 8
24 9
40 8
43 4
36 9
11 8
19 6
27 2
33 4
48 7
8 7
39 8
40 9
30 2
48 7
29 6
36 6
11 3
15 3
27 8
32 3
27 5
21 7
20 5
43 6
43 1
26 1
14 8
7 2
1 6
21 6
47 7
12 6
6 9
39 8
26 4
29 2
39 1
23 1
20 8
9 1
1 6
26 8
42 1
31 4
15 6
11 6
20 7
37 8
30 5
6 9
14 6
16 6
24 3
16 9
42 4
14 8
16 7
18 4
33 3
1 7
50 8
48 6
42 3
44 4
47 3
32 1
47 3
14 4
1 2
30 4
48 3
18 7
40 1
1 6
8 5
3 6
31 7
8 2
30 3
10 8
42 2
18 3
31 9
5 9
46 5
19 1
36 9
14 2
27 3
12 5
30 4
3 6
30 1
10 4
40 6
41 5
45 2
13 3
15 1
21 2
18 2
24 2
33 3
23 3
28 4
20 9
49 1
49 1
22 3
47 2
35 1
9 8
27 6
31 5
20 2
41 3
48 2
1 2
10 6
46 3
20 9
9 2
15 4
22 2
12 7
14 7
42 1
22 7
32 9
23 3
34 2
43 1
9 7
10 7
50 4
41 5
40 9
45 2
6 9
37 3
13 2
35 6
9 9
16 4
44 8
44 7
30 2
21 4
4 6
7 7
2 2
48 5
23 9
16 6
28 4
3 3
11 3
47 3
26 3
7 5
49 7
30 1
8 7
1 2
3 4
28 1
13 7
21 3
12 5
18 5
37 4
34 5
20 7
32 8
25 5
26 3
42 7
19 8
34 7
37 6
35 2
37 1
17 7
38 8
47 2
33 9
31 9
41 5
11 4
24 2
48 4
14 7
9 9
13 9
25 3
5 5
30 3
49 9
6 6
44 3
15 9
3 7
36 1
26 9
49 5
15 3
47 7
15 4
37 4
33 5
36 5
39 5
11 1
42 7
33 1
4 8
13 9
21 5
47 1
30 6
12 8
4 4
24 5
48 8
17 9
17 1
47 6
1 7
42 4
12 7
45 8
9 7
45 5
5 3
49 1
27 2
35 3
2 1
24 4
44 9
31 7
43 6
7 1
5 4
2 9
50 9
2 3
2 5
17 2
2 1
23 5
7 7
43 3
27 1
16 4
11 7
35 1
37 5
7 4
38 4
4 4
43 4
44 3
40 1
11 2
38 4
42 4
19 6
45 2
42 4
41 3
37 4
7 6
32 3
14 4
25 5
1 2
15 5
42 6
19 9
50 5
43 1
49 5
6 8
33 3
39 6
19 7
39 7
42 2
35 3
42 4
40 3
5 8
6 3
31 1
10 7
13 8
24 9
42 3
28 4
7 6
22 5
28 3
16 5
31 6
1 1
1 2
14 5
4 8
33 4
14 4
5 1
2 2
25 2
27 7
41 9
2 1
12 2
13 4
6 5
34 9
18 2
50 3
50 5
13 2
12 1
1 2
42 8
30 1
42 1
15 6
44 2
16 5
49 2
11 4
6 7
18 8
8 5
39 3
21 7
15 4
13 8
29 2
32 7
42 6
46 1
30 1
28 8
47 4
36 7
36 1
43 9
26 5
8 8
19 5
48 7
16 3
45 4
8 1
18 9
45 3
25 7
38 1
44 3
46 1
4 4
3 5
35 3
11 8
23 2
46 7
36 3
7 7
19 4
1 4
50 5
4 4
14 8
34 8
29 1
3 5
27 9
40 9
14 7
7 8
30 9
43 3
36 3
20 3
46 9
8 9
12 1
22 1
40 5
41 7
21 3
5 4
10 6
46 6
4 4
39 1
13 6
4 1
50 8
26 3
46 1
39 7
5 6
11 9
34 4
7 5
17 6
32 5
30 4
22 9
1 1
48 2
27 7
27 8
37 5
27 1
17 1
2 3
39 6
14 4
6 9
23 5
22 1
8 6
44 5
12 3
17 5
32 9
36 9
17 5
37 6
34 9
30 7
25 2
26 2
34 3
7 6
26 8
50 2
48 7
26 8
40 5
31 1
36 8
35 6
41 7
48 4
39 2
1 3
44 5
46 1
19 1
43 7
50 5
26 4
43 7
33 5
39 7
26 5
1 5
12 5
1 4
2 4
12 6
18 4
49 6
25 3
2 1
7 4
27 2
25 5
9 5
13 7
3 7
27 6
5 4
29 3
45 9
41 8
26 8
46 5
40 4
28 8
16 8
41 5
14 8
25 1
17 9
17 5
21 4
37 7
4 2
7 3
11 6
19 9
15 4
49 2
7 9
17 9
29 6
33 3
13 4
8 5
34 8
49 8
30 9
22 5
10 8
29 1
28 9
26 3
15 6
34 7
19 8
9 5
24 7
44 1
11 6
45 9
37 4
38 7
22 9
14 5
44 3
50 5
38 4
41 2
1 9
45 8
1 9
13 1
5 9
42 6
11 7
12 5
27 6
10 1
44 9
38 8
2 7
48 3
12 4
43 2
30 4
22 4
6 5
4 2
18 7
7 2
13 7
13 7
37 4
31 4
5 3
36 2
24 4
14 6
45 8
23 5
12 8
49 9
18 9
38 2
2 9
35 3
22 9
16 4
15 4
49 7
46 7
19 3
44 5
43 1
28 9
43 8
9 5
22 9
38 2
10 9
45 7
39 6
3 7
32 7
49 2
6 8
30 8
45 1
45 3
16 6
26 6
44 6
39 5
38 9
30 7
27 3
34 3
13 4
41 4
7 1
4 7
5 7
35 8
12 6
25 3
50 1
2 7
27 3
12 9
20 3
7 2
12 4
14 4
8 6
3 4
22 1
33 9
10 6
3 9
46 5
16 3
36 4
48 4
45 8
4 9
33 7
20 8
34 1
12 4
6 6
2 8
39 1
49 7
8 4
25 6
40 8
7 4
30 2
39 9
35 4
10 1
31 8
21 8
31 8
50 5
9 5
38 8
20 2
7 1
28 2
21 1
20 1
14 3
23 6
42 3
6 5
40 2
