0 0 0
1 0 5
2 5 0
3 5 5
4 0 2
5 2 0
6 5 2
7 1 3
8 2 5
9 2 2
10 1 1
11 0 3
12 0 1
13 3 2
14 3 4
15 4 5
16 4 1
17 2 3
18 2 2
19 4 0
20 5 5
21 3 5
22 3 4
23 1 3
24 4 3
25 5 0
26 5 3
27 3 2
28 4 4
29 5 1
30 5 2
31 3 5
32 1 4
33 3 4
34 1 1
35 2 3
36 4 5
37 5 5
38 0 2
39 1 5
40 3 0
41 3 5
42 5 4
43 0 4
44 2 1
45 1 2
46 0 5
47 3 3
48 0 1
49 4 2
50 2 2
51 3 4
52 0 2
53 2 4
54 1 3
55 5 1
56 2 3
57 1 1
58 0 3
59 3 2
60 3 4
61 2 5
62 2 1
63 1 5
64 1 3
65 1 1
66 4 3
67 0 4
68 5 2
69 3 1
70 5 0
71 5 1
72 2 1
73 2 0
74 2 4
75 0 5
76 2 3
77 2 5
78 3 0
79 0 1
80 4 2
81 5 3
82 4 3
83 0 0
84 5 5
85 5 4
86 5 2
87 1 3
88 0 4
89 0 1
90 1 2
91 1 4
92 1 3
93 1 0
94 2 4
95 2 0
96 5 5
97 4 4
98 1 4
99 4 0
100 2 5
101 4 2
102 4 3
103 2 4
104 3 0
105 1 3
106 5 3
107 4 1
# colocadas=108 ocupadas=24 mayor=44
