0 2 4
1 5 2
2 2 0
3 4 1
4 4 5
5 0 1
6 1 2
7 3 5
8 3 3
9 0 3
10 4 0
11 1 5
12 0 0
13 0 1
14 5 5
15 5 4
16 4 1
17 5 0
18 0 0
19 2 1
20 4 0
21 4 5
22 0 1
23 1 0
24 4 2
25 0 5
26 5 5
27 1 5
28 3 1
29 2 3
30 1 4
31 2 2
32 1 2
33 0 2
34 1 3
35 0 1
36 4 3
37 0 0
38 3 4
39 1 2
40 0 4
41 4 2
42 2 1
43 3 3
44 2 0
45 4 1
46 2 5
47 2 4
48 4 2
49 0 3
50 4 1
51 1 5
52 5 0
53 2 5
54 5 4
55 3 0
56 0 4
57 5 5
58 4 0
59 0 5
60 5 1
61 2 3
62 5 2
63 0 4
64 1 0
65 4 5
66 3 1
67 1 4
68 4 4
69 2 4
70 2 2
71 5 1
72 5 3
73 2 3
74 3 0
75 1 4
76 5 4
77 1 5
78 4 4
79 3 2
80 3 5
81 1 4
82 1 3
83 5 0
84 0 0
85 2 0
86 2 4
87 3 3
88 1 0
89 0 5
90 3 0
91 1 4
92 1 1
93 1 2
94 4 0
95 2 4
96 2 3
97 3 1
98 1 1
99 0 4
100 2 2
101 2 1
102 5 4
103 4 1
104 2 5
105 1 3
106 2 3
107 5 2
# colocadas=108 ocupadas=25 mayor=43
