0 0 0
1 0 5
2 5 0
3 5 5
4 0 2
5 2 0
6 2 5
7 0 3
8 5 2
9 1 1
10 4 5
11 2 2
12 1 0
13 2 0
14 5 4
15 5 5
16 4 4
17 3 1
18 3 0
19 1 4
20 4 1
21 3 5
22 2 0
23 3 3
24 5 4
25 3 2
26 4 5
27 3 0
28 1 3
29 1 0
30 4 0
31 2 4
32 0 0
33 3 0
34 0 1
35 2 0
36 5 5
37 4 3
38 5 3
39 2 5
40 2 1
41 5 2
42 5 1
43 0 0
44 1 0
45 4 2
46 5 4
47 4 4
48 5 2
49 2 2
50 1 4
51 3 1
52 4 2
53 5 4
54 4 4
55 1 2
56 5 0
57 4 5
58 2 4
59 4 0
60 0 4
61 0 2
62 0 5
63 4 1
64 3 3
65 0 4
66 0 3
67 5 0
68 3 4
69 4 0
70 0 1
71 4 3
72 1 5
73 5 0
74 1 1
75 2 1
76 3 5
77 3 1
78 3 4
79 1 0
80 4 4
81 0 0
82 0 1
83 1 4
84 3 2
85 2 1
86 5 4
87 4 0
88 3 3
89 4 2
90 0 2
91 5 3
92 3 5
93 2 5
94 1 3
95 5 4
96 0 0
97 4 1
98 2 3
99 1 2
100 0 1
101 0 3
102 3 5
103 5 1
104 4 5
105 2 4
106 5 0
107 0 5
# colocadas=108 ocupadas=24 mayor=43
