0 3 3
1 2 1
2 0 2
3 0 1
4 3 5
5 0 2
6 5 4
7 4 0
8 5 2
9 2 0
10 2 2
11 1 3
12 3 1
13 1 1
14 4 1
15 1 5
16 0 4
17 0 0
18 3 1
19 4 5
20 4 3
21 2 5
22 3 0
23 3 1
24 5 5
25 5 0
26 4 1
27 4 4
28 1 4
29 2 4
30 0 5
31 3 2
32 0 1
33 2 2
34 0 3
35 3 4
36 1 5
37 4 4
38 5 3
39 5 2
40 1 4
41 4 2
42 0 0
43 4 3
44 2 4
45 0 2
46 0 4
47 1 0
48 5 1
49 2 1
50 3 4
51 4 5
52 5 5
53 4 4
54 0 1
55 1 1
56 5 0
57 5 4
58 2 3
59 5 5
60 2 5
61 0 3
62 3 2
63 3 3
64 1 5
65 3 4
66 3 5
67 4 5
68 4 0
69 0 2
70 2 2
71 4 4
72 5 5
73 2 1
74 1 2
75 4 5
76 2 0
77 1 1
78 2 1
79 3 0
80 2 5
81 5 5
82 5 0
83 0 1
84 1 1
85 0 0
86 1 2
87 0 2
88 4 1
89 0 5
90 0 3
91 4 3
92 4 0
93 3 4
94 4 2
95 4 1
96 3 1
97 3 3
98 3 5
99 1 3
100 1 2
101 4 5
102 1 0
103 2 3
104 0 0
105 4 4
106 1 3
107 5 4
# colocadas=108 ocupadas=26 mayor=51
