# semilla=5
6 24
108
20 5
24 6
23 9
1 8
8 1
6 2
12 8
8 7
18 2
19 4
1 4
14 5
6 7
6 2
5 8
5 3
1 1
7 4
6 3
10 6
7 9
22 4
6 4
13 5
1 6
14 3
5 5
3 6
10 1
20 6
3 5
12 5
16 6
6 8
16 3
2 5
1 6
13 1
18 7
12 7
19 1
15 1
23 3
20 4
4 4
15 6
17 6
17 5
15 2
19 6
10 1
14 2
7 6
17 6
5 6
9 9
3 5
22 6
10 3
3 3
24 5
16 3
24 1
3 9
13 1
8 6
9 8
21 7
5 1
21 1
16 6
7 3
24 3
21 7
4 3
14 6
5 1
14 5
5 8
20 3
17 8
16 6
16 5
10 8
13 3
4 7
18 3
21 8
11 3
3 8
9 9
18 9
12 2
12 1
10 6
18 5
16 5
23 5
11 3
19 1
16 9
9 6
22 5
15 5
17 6
12 5
21 6
24 7
