# semilla=3
6 24
108
8 9
5 6
20 8
21 2
20 1
16 5
18 4
7 8
18 9
16 7
21 3
8 3
17 7
24 1
22 2
6 1
10 1
9 8
20 7
23 7
13 8
5 6
4 1
5 8
7 5
22 7
21 5
14 9
13 6
18 7
19 4
11 1
9 3
23 6
18 2
23 4
21 5
10 2
3 8
21 8
3 6
3 7
5 1
10 7
14 2
2 1
13 6
18 5
17 4
2 5
1 2
4 9
2 4
14 5
20 5
5 1
11 6
12 3
13 7
15 9
13 9
4 9
9 7
21 4
10 7
9 9
10 9
11 1
14 6
1 7
20 3
2 6
15 6
22 6
20 5
24 8
1 1
22 1
12 5
21 8
10 6
6 6
6 6
12 5
10 7
4 1
19 3
10 9
8 5
8 6
6 7
21 2
4 6
11 4
15 3
3 6
24 4
19 8
9 4
4 1
17 4
11 3
9 6
21 2
20 6
19 3
14 5
17 5
