0 0 0
1 0 5
2 5 0
3 5 5
4 0 2
5 2 0
6 2 5
7 5 2
8 1 1
9 1 3
10 4 5
11 5 4
12 1 4
13 2 3
14 3 1
15 3 4
16 4 3
17 5 5
18 0 3
19 4 0
20 3 2
21 3 1
22 5 1
23 1 5
24 1 2
25 1 1
26 5 0
27 2 5
28 5 4
29 4 2
30 3 5
31 3 2
32 1 2
33 0 4
34 2 1
35 5 1
36 2 0
37 1 3
38 0 1
39 1 0
40 4 3
41 3 3
42 3 1
43 5 3
44 2 0
45 0 2
46 1 2
47 4 4
48 1 0
49 4 5
50 0 0
51 3 0
52 3 5
53 4 5
54 1 4
55 1 1
56 0 3
57 3 2
58 1 5
59 0 5
60 1 0
61 1 3
62 4 1
63 5 2
64 4 0
65 2 4
66 2 2
67 1 1
68 0 3
69 4 3
70 1 0
71 4 4
72 4 3
73 3 4
74 0 2
75 2 0
76 1 5
77 3 1
78 0 5
79 3 0
80 1 0
81 1 3
82 2 3
83 3 3
84 5 3
85 3 5
86 4 2
87 3 4
88 4 1
89 5 1
90 0 4
91 2 0
92 3 2
93 2 5
94 0 5
95 1 5
96 0 1
97 3 5
98 3 4
99 5 4
100 1 2
101 1 3
102 3 0
103 4 2
104 2 2
105 3 1
106 5 2
107 3 0
# colocadas=108 ocupadas=24 mayor=52
