# semilla=1
32 100
192
18 2
33 2
64 8
61 7
27 2
63 1
50 7
78 1
90 8
35 4
76 2
41 1
3 1
84 9
2 7
88 4
55 1
68 4
98 8
64 9
30 6
30 4
98 8
38 1
54 9
83 2
24 5
16 6
93 9
55 9
86 4
39 5
76 8
65 7
76 1
62 4
96 7
54 3
47 9
90 6
12 8
85 9
14 3
67 7
48 8
94 1
61 1
40 7
83 3
22 9
30 1
99 4
70 9
30 7
66 6
74 6
59 5
85 9
78 1
50 9
17 9
100 9
27 7
8 8
47 9
26 9
53 8
46 7
45 1
69 9
80 6
59 1
30 3
71 3
12 9
33 1
87 2
11 1
58 1
97 5
32 5
15 3
45 5
9 3
21 5
68 3
85 5
83 5
59 6
64 8
15 1
40 7
44 7
25 5
14 5
94 9
27 7
3 4
3 7
19 1
93 3
58 9
87 7
70 4
81 9
58 4
68 1
51 6
85 7
8 5
17 4
7 5
10 2
40 5
96 3
54 5
17 1
72 1
76 4
73 8
22 9
5 7
26 6
13 4
74 7
76 4
64 2
86 7
38 9
64 1
42 7
37 1
21 4
42 3
44 7
28 5
87 2
49 9
45 9
63 9
31 2
93 1
11 3
22 3
69 4
35 6
77 9
33 6
44 6
15 5
31 8
18 9
99 2
42 1
53 2
49 3
17 6
15 7
10 9
29 2
35 6
38 9
15 8
36 2
6 5
2 1
12 7
15 1
25 4
76 7
21 2
58 3
88 4
21 2
56 7
70 5
71 5
92 8
41 2
27 6
6 1
2 5
93 6
58 7
41 7
9 2
41 8
15 5
28 9
89 8
85 6
34 3
