# semilla=3
32 100
192
31 9
17 6
78 8
81 2
78 1
61 5
71 4
25 8
70 9
61 7
82 3
30 3
67 7
95 1
86 2
21 1
39 1
35 8
77 7
92 7
51 8
18 6
13 1
18 8
28 5
87 7
100 5
54 9
50 6
69 7
75 4
44 1
36 3
90 6
70 2
92 4
82 5
37 2
9 8
82 8
12 6
9 7
20 1
38 7
99 7
16 1
78 1
49 6
71 5
65 4
5 5
1 2
14 9
5 4
53 5
79 5
20 1
44 6
47 3
49 7
59 9
50 9
14 9
35 7
82 4
39 7
34 9
39 9
44 1
54 6
3 7
79 3
8 6
60 6
87 6
78 5
95 8
3 1
87 1
48 5
81 8
39 6
23 6
24 6
98 6
77 5
39 7
14 1
73 3
40 9
29 5
31 6
24 7
84 2
14 6
43 4
57 3
11 6
95 4
73 8
35 4
16 1
68 4
41 3
36 6
83 2
80 6
76 3
54 5
67 5
60 6
82 7
38 7
73 7
5 7
20 4
1 8
80 9
56 9
92 4
5 8
97 9
37 9
44 4
9 5
16 4
6 1
89 9
26 7
74 1
2 8
96 2
22 9
39 4
85 1
68 9
53 1
79 2
44 3
33 9
62 1
46 4
26 2
69 2
22 4
36 3
1 8
81 7
7 5
32 5
80 9
67 7
7 8
42 1
8 3
6 2
7 2
62 1
92 2
66 9
63 6
21 6
10 6
50 7
76 5
47 5
25 6
55 2
17 9
1 7
11 3
6 6
59 9
49 1
80 7
7 6
81 8
98 6
54 7
59 1
32 4
69 5
89 2
55 4
55 3
4 6
48 9
34 2
60 2
94 9
49 2
94 6
