# semilla=1
20 400
1200
69 2
131 2
254 8
242 7
108 2
250 1
200 7
312 1
357 8
137 4
303 2
163 1
12 1
333 9
5 7
352 4
217 1
271 4
392 8
254 9
120 6
119 4
390 8
149 1
214 9
329 2
96 5
62 6
370 9
217 9
344 4
156 5
301 8
259 7
302 1
246 4
381 7
213 3
188 9
360 6
45 8
340 9
56 3
267 7
190 8
376 1
241 1
158 7
332 3
87 9
117 1
395 4
277 9
119 7
264 6
296 6
236 5
338 9
312 1
197 9
67 9
399 9
106 7
29 8
187 9
103 9
212 8
183 7
178 1
276 9
320 6
235 1
118 3
282 3
47 9
131 1
345 2
43 1
232 1
387 5
128 5
57 3
177 5
36 3
82 5
271 3
337 5
332 5
233 6
255 8
59 1
160 7
176 7
97 5
56 5
374 9
108 7
11 4
10 7
75 1
369 3
229 9
348 7
279 4
323 9
231 4
269 1
203 6
338 7
31 5
65 4
25 5
37 2
159 5
381 3
214 5
67 1
288 1
303 4
292 8
88 9
20 7
103 6
51 4
294 7
303 4
253 2
341 7
152 9
256 1
167 7
145 1
81 4
168 3
174 7
110 5
346 2
195 9
177 9
249 9
121 2
372 1
44 3
87 3
276 4
138 6
308 9
131 6
174 6
59 5
121 8
70 9
395 2
165 1
209 2
195 3
65 6
59 7
40 9
115 2
137 6
152 9
59 8
142 2
24 5
7 1
47 7
59 1
97 4
301 7
83 2
231 3
349 4
82 2
223 7
278 5
282 5
365 8
162 2
107 6
21 1
6 5
372 6
231 7
161 7
33 2
163 8
58 5
111 9
353 8
339 6
133 3
278 4
158 4
127 6
42 5
46 8
47 6
117 7
158 1
168 3
163 5
126 6
52 9
314 2
126 4
11 4
206 2
138 9
37 2
12 1
149 6
253 8
79 2
257 6
40 9
341 3
92 3
73 6
157 2
364 9
309 5
65 4
73 9
370 1
400 6
320 9
383 4
92 5
222 9
81 1
366 4
130 2
350 8
221 9
129 9
225 9
233 1
203 6
88 5
249 1
331 7
293 1
32 6
297 3
304 3
71 5
142 7
289 7
89 2
120 8
4 3
271 6
257 8
352 4
123 6
254 8
116 7
173 9
313 5
331 4
25 2
391 9
331 6
82 9
393 4
160 5
355 5
283 6
85 8
305 2
64 9
293 7
91 3
129 7
112 1
254 7
368 6
197 9
85 9
374 1
269 2
131 2
137 2
72 2
228 4
196 7
204 3
167 8
65 8
109 2
221 9
210 2
339 5
143 4
194 9
3 4
271 8
297 1
16 4
134 4
89 5
76 9
103 5
160 5
350 8
87 9
183 8
216 2
394 4
293 7
105 5
56 1
61 1
280 5
346 3
39 9
192 5
224 9
347 6
389 9
166 1
64 8
368 8
180 5
277 7
174 8
58 7
196 4
286 1
143 9
102 8
308 9
210 5
360 3
231 9
102 6
270 1
348 7
297 7
208 6
319 2
253 4
328 5
323 1
209 3
325 7
139 3
393 2
398 1
179 5
363 7
351 9
156 3
237 5
249 3
240 9
24 5
262 2
382 7
36 6
35 8
11 3
260 3
354 2
206 5
310 5
107 9
107 4
171 5
36 2
358 9
338 6
240 9
286 1
87 5
335 9
139 6
313 4
201 9
205 3
248 5
313 6
367 4
133 4
339 1
319 7
163 7
390 4
138 4
38 3
297 8
298 3
311 5
236 9
84 3
399 3
367 8
185 5
385 7
124 2
368 4
368 5
35 2
117 7
165 8
52 3
24 1
306 1
386 4
350 1
254 9
371 8
176 5
61 3
49 4
205 4
254 8
194 3
119 4
146 8
281 7
109 8
367 5
170 8
304 2
110 2
24 1
3 8
164 7
298 5
101 7
82 3
16 1
199 3
341 9
30 7
131 3
41 8
334 5
8 1
275 1
269 3
22 5
400 2
222 2
98 1
256 3
382 5
352 4
340 8
200 6
324 5
134 4
126 1
302 3
180 7
310 9
327 9
32 6
281 7
276 4
365 9
218 2
366 5
381 2
129 3
50 3
31 4
220 1
28 2
263 8
257 6
51 6
21 3
273 1
227 3
203 8
13 9
139 2
129 6
44 5
18 7
30 5
161 3
134 7
60 5
49 7
126 9
286 4
170 6
261 7
300 8
54 3
335 8
269 9
369 9
275 1
150 3
103 6
200 9
167 2
210 6
65 2
23 5
334 9
161 7
153 6
181 5
167 9
257 1
270 2
77 6
373 6
168 2
232 5
246 8
187 7
41 1
69 1
269 8
295 5
126 6
186 6
207 5
238 6
273 9
86 1
76 5
352 4
289 3
58 3
393 7
373 1
51 9
349 5
366 2
105 5
35 9
329 2
38 4
330 3
262 7
12 6
250 5
113 4
307 8
121 7
232 6
279 4
247 2
132 7
104 1
383 9
395 7
264 8
40 7
316 9
297 7
21 6
235 1
98 5
357 1
277 2
155 9
383 6
398 9
331 9
145 9
211 9
266 7
309 5
232 5
68 9
228 3
282 3
130 1
218 1
189 7
206 5
338 1
47 2
3 7
138 8
140 6
326 8
394 6
199 8
60 8
182 3
213 3
10 3
134 6
66 5
212 5
264 5
379 7
354 5
222 6
398 8
111 8
206 7
47 2
67 4
77 4
374 1
53 5
80 8
397 2
205 3
2 2
219 1
282 4
274 7
178 1
334 2
377 9
348 7
344 2
136 5
92 8
361 1
110 2
200 2
343 8
151 9
255 7
60 8
55 3
198 4
86 9
132 7
381 9
148 8
325 9
110 6
249 2
5 6
363 5
29 9
321 8
154 2
118 9
141 5
362 4
211 3
67 5
100 7
288 1
273 9
77 7
139 5
246 5
137 8
110 8
189 8
124 6
91 3
379 8
274 3
30 9
167 9
354 3
331 4
162 8
246 6
61 3
72 5
116 2
326 9
360 1
289 3
351 2
116 4
258 5
217 6
3 1
157 4
44 4
144 6
138 9
195 1
63 6
178 3
59 5
395 3
349 1
178 2
48 2
154 6
128 5
272 1
186 1
41 3
205 6
369 4
49 6
141 1
264 6
58 6
329 3
311 5
208 2
348 9
244 7
275 7
155 4
324 5
282 3
28 9
57 3
124 4
223 5
280 1
129 9
139 9
135 8
65 7
363 2
382 6
36 9
186 9
285 9
351 1
317 5
229 3
80 2
297 3
347 4
248 6
187 5
82 3
196 8
208 2
308 3
139 5
342 1
276 1
330 3
195 9
52 8
16 7
307 7
142 6
210 7
311 8
28 2
242 1
331 1
22 2
301 3
272 9
391 6
283 5
291 6
243 4
319 4
55 9
184 3
60 1
361 6
217 6
130 1
316 7
213 7
184 5
387 6
226 4
326 9
74 1
175 2
263 3
279 8
175 2
299 1
246 4
197 3
204 4
52 4
172 6
337 4
347 8
381 8
190 8
334 4
222 8
205 9
62 8
137 3
77 1
193 7
56 1
335 2
94 8
393 7
342 9
148 3
79 9
55 5
10 8
204 4
276 7
3 9
128 7
82 3
176 4
39 9
286 3
90 7
300 1
263 4
219 4
21 9
372 4
359 9
354 9
40 4
204 8
61 1
199 2
287 2
329 8
24 9
123 1
11 5
239 5
371 7
86 3
288 6
395 9
326 8
257 7
284 3
358 7
358 7
103 8
143 6
78 5
291 5
90 2
375 6
173 3
133 5
130 6
197 5
290 8
7 3
67 5
116 4
37 9
317 4
279 7
367 4
296 3
284 8
201 4
43 2
79 1
16 7
196 7
350 3
303 3
345 9
280 2
124 7
72 5
104 7
183 3
116 5
364 3
179 8
275 5
46 9
154 4
362 8
12 5
319 2
315 6
387 8
131 1
27 6
82 3
323 2
58 7
325 4
382 4
259 9
204 2
363 4
197 9
69 5
372 1
368 2
104 7
340 8
280 4
138 1
327 3
344 9
258 4
211 5
394 7
205 5
253 2
343 3
96 9
9 8
386 1
251 4
202 9
173 4
49 2
348 1
217 8
97 3
305 9
98 9
198 9
185 4
120 6
338 2
175 1
235 1
313 3
76 5
241 1
299 9
34 7
48 7
263 5
202 5
181 8
26 9
245 1
219 5
302 6
77 9
143 2
311 6
213 7
267 1
295 2
19 9
8 2
171 6
189 9
18 6
299 2
249 2
277 8
172 9
279 1
83 6
185 4
75 3
302 2
207 6
261 7
185 6
134 6
20 2
393 4
136 7
282 5
294 2
39 3
137 7
43 3
145 9
372 5
121 4
51 5
370 8
25 9
155 4
279 2
282 6
174 5
265 3
19 8
187 1
15 6
214 3
286 1
362 9
218 3
102 4
59 3
301 9
63 5
235 4
29 6
234 6
315 6
113 1
8 8
17 3
130 9
21 1
118 2
269 3
18 9
103 4
227 5
125 8
260 6
167 7
335 2
100 3
97 5
298 7
315 8
187 1
250 1
54 7
363 6
174 2
332 7
100 9
254 9
257 8
308 8
310 8
85 5
346 9
155 7
311 9
133 5
159 1
310 1
235 8
183 4
261 8
108 8
172 3
197 7
28 2
183 1
131 9
380 1
157 7
8 6
174 5
302 1
107 2
169 2
344 2
66 5
210 6
120 1
330 3
387 9
384 6
155 5
194 7
270 8
38 4
209 4
312 1
317 4
323 4
125 7
195 4
319 3
369 5
381 6
1 5
228 8
88 3
16 6
224 9
176 9
251 6
310 2
299 5
281 5
220 1
160 2
328 8
59 9
113 5
224 6
119 1
53 9
264 9
84 3
150 1
35 4
2 1
217 1
34 1
5 1
276 6
171 1
314 1
287 4
241 4
137 5
298 9
268 5
120 3
108 7
31 4
285 8
19 6
168 7
62 1
289 3
259 2
390 3
112 4
91 5
51 1
161 3
33 8
77 4
23 5
177 1
302 2
227 4
117 3
62 1
104 1
383 2
45 4
147 5
270 7
128 1
371 5
392 4
167 6
183 8
392 7
348 7
46 7
126 8
176 3
310 2
123 2
396 7
142 9
156 6
387 6
210 8
187 6
162 7
242 9
9 6
66 5
87 5
291 3
281 3
86 8
331 3
70 3
41 5
121 6
331 6
88 5
243 5
40 7
79 9
181 8
56 3
351 6
36 3
246 9
18 1
372 4
333 6
377 6
260 6
258 6
176 2
95 7
17 5
315 4
32 4
156 6
289 7
126 6
396 1
119 5
358 1
101 2
70 4
189 9
137 3
84 4
39 5
294 9
261 9
308 9
222 8
298 9
244 3
263 6
101 7
38 5
106 4
