# semilla=2
20 400
1200
29 2
44 6
87 5
129 4
311 1
298 3
221 7
371 9
191 9
228 9
138 1
15 6
239 6
195 7
270 3
287 3
121 4
13 3
167 3
70 9
262 6
264 9
94 8
213 9
391 6
304 6
186 8
83 7
367 8
336 9
128 8
143 8
257 9
182 8
237 6
291 9
371 8
250 4
167 3
316 5
396 8
159 5
362 9
288 9
260 7
160 4
251 9
188 2
175 1
98 2
31 1
140 4
350 2
387 9
70 5
126 4
31 7
368 1
30 6
185 3
128 1
43 2
35 1
21 1
192 5
66 3
377 3
268 1
198 1
127 3
19 1
177 2
147 6
251 1
158 8
283 1
136 7
319 3
243 4
48 6
53 1
230 3
266 7
250 9
168 3
175 5
135 7
335 1
359 9
72 1
130 1
68 3
88 2
233 4
261 1
127 4
366 8
38 5
42 4
320 6
132 7
143 9
385 1
78 1
197 7
83 2
263 2
124 2
52 1
94 4
54 4
13 9
343 8
233 5
275 7
109 4
374 7
218 9
11 1
215 9
298 3
49 8
188 1
266 2
313 6
149 6
158 1
351 7
52 2
157 4
397 1
232 1
211 8
238 4
302 2
3 5
13 6
157 2
113 8
99 2
293 6
201 8
72 6
203 2
131 2
63 2
316 6
329 7
109 2
13 8
398 1
371 8
149 6
235 3
192 5
248 9
245 7
252 5
203 4
81 8
306 5
281 7
357 2
300 2
37 6
91 9
76 7
35 2
349 1
66 5
200 4
363 6
225 3
269 5
58 3
277 7
50 6
265 4
367 9
132 3
81 8
361 4
207 6
392 3
239 8
369 1
305 7
378 3
202 9
28 8
141 7
130 7
362 8
185 9
170 2
390 4
273 4
207 7
326 1
161 8
269 8
333 3
49 1
207 4
374 7
111 2
200 9
393 4
141 4
251 3
5 7
247 5
263 3
240 4
390 2
180 1
249 9
343 2
387 8
346 6
236 5
258 8
15 2
315 6
89 7
131 3
28 3
256 7
238 5
80 1
145 9
240 1
188 1
276 7
289 8
105 5
256 3
248 9
365 5
40 5
161 5
171 5
335 7
266 2
261 4
201 9
77 9
322 2
158 1
120 8
288 4
268 5
32 2
58 7
187 4
164 6
40 6
235 6
86 8
227 5
237 3
368 8
328 4
140 6
82 2
122 8
98 6
95 6
72 3
120 5
282 7
205 6
144 9
298 6
381 7
385 5
273 2
189 5
203 8
90 5
182 8
245 2
96 6
195 3
15 2
180 3
184 2
375 7
5 9
165 4
305 7
278 5
241 3
185 6
104 8
49 3
105 6
129 3
216 6
129 2
176 4
127 4
373 1
173 6
332 1
74 3
33 7
228 5
68 6
268 2
174 7
117 1
201 8
251 6
279 2
302 9
276 8
206 8
87 7
198 9
232 1
56 8
303 3
61 9
90 2
202 5
235 1
130 2
343 6
113 3
13 3
219 2
173 8
26 8
124 2
247 3
287 1
71 9
278 1
25 4
280 1
268 6
350 9
123 3
191 8
1 3
277 2
127 2
239 4
28 4
321 7
173 7
368 9
260 3
262 2
78 4
89 7
104 5
175 7
74 7
67 7
161 5
51 9
52 8
140 5
271 8
144 4
216 3
358 9
338 2
16 9
385 4
109 4
201 1
331 3
321 1
381 5
360 8
277 1
378 4
74 6
20 4
56 3
326 9
96 2
352 8
323 5
107 3
167 5
266 2
212 7
342 1
234 5
338 2
326 5
9 4
215 6
134 9
373 7
304 9
383 4
221 3
355 3
230 8
178 7
243 5
315 4
298 8
228 4
387 8
294 6
159 2
88 6
310 8
114 3
350 5
107 9
154 2
7 1
102 6
30 6
274 5
371 6
226 2
215 8
365 1
145 3
109 3
84 7
370 2
325 8
143 2
254 8
122 3
290 5
117 4
317 6
303 7
269 7
121 4
288 1
134 4
71 7
224 2
234 7
203 8
195 5
111 4
115 1
273 9
47 9
346 1
28 7
363 7
206 4
264 5
52 6
262 6
267 8
298 2
361 8
377 4
144 1
16 8
22 3
333 3
106 6
124 9
25 3
331 5
391 2
329 9
277 2
348 3
224 3
18 5
262 5
243 1
285 6
392 6
352 2
311 6
55 6
187 5
245 5
261 3
14 1
175 7
325 1
179 9
367 1
340 2
354 9
260 7
220 7
123 3
84 1
9 6
345 3
151 1
21 4
290 4
207 2
185 2
306 2
125 4
282 4
53 1
355 7
41 9
144 4
27 9
265 9
207 7
65 3
219 3
236 6
28 3
265 8
224 8
84 8
305 3
180 3
12 5
362 3
78 7
292 5
227 8
238 4
217 7
138 4
181 1
203 1
219 5
13 9
245 5
352 5
127 8
365 8
187 9
317 8
340 4
285 9
82 8
148 6
215 2
259 4
383 7
60 7
307 8
320 9
233 2
380 7
232 6
286 6
85 3
120 3
210 8
256 3
209 5
161 7
154 5
344 6
342 1
206 1
106 8
52 2
6 6
166 6
376 7
92 6
42 9
308 8
206 4
228 2
309 1
177 1
156 8
72 1
5 6
208 8
334 1
247 4
115 6
85 6
156 7
291 8
239 5
44 9
110 6
124 6
191 3
124 9
333 4
108 8
122 7
137 4
262 3
1 7
393 8
379 6
333 3
347 4
373 3
249 1
376 3
108 4
1 2
234 4
380 3
140 7
316 1
6 6
60 5
19 6
242 7
63 2
237 3
74 8
329 2
137 3
248 9
39 9
363 5
147 1
281 9
107 2
214 3
96 5
238 4
21 6
236 1
79 4
317 6
326 5
359 2
98 3
114 1
166 2
140 2
191 2
259 3
180 3
217 4
159 9
390 1
386 1
175 3
369 2
279 1
71 8
214 6
247 5
153 2
321 3
379 2
4 2
74 6
365 3
154 9
67 2
118 4
172 2
96 7
108 7
333 1
172 7
255 9
177 3
270 2
337 1
65 7
75 7
393 4
325 5
316 9
360 2
45 9
293 3
102 2
276 6
67 9
122 4
348 8
345 7
234 2
161 4
25 6
55 7
10 2
383 5
181 9
124 6
217 4
23 3
86 3
373 3
201 3
54 5
392 7
238 1
57 7
1 2
17 4
223 1
99 7
161 3
90 5
137 5
292 4
265 5
159 7
256 8
198 5
202 3
335 7
151 8
270 7
295 6
277 2
289 1
131 7
299 8
371 2
257 9
241 9
328 5
81 4
190 2
377 4
109 7
65 9
98 9
200 3
37 5
234 3
386 9
48 6
348 3
113 9
22 7
288 1
201 9
392 5
120 3
373 7
114 4
294 4
257 5
283 5
311 5
82 1
331 7
263 1
29 8
100 9
166 5
376 1
240 6
95 8
25 4
189 5
381 8
136 9
129 1
369 6
6 7
335 4
94 7
354 8
69 7
356 5
38 3
391 1
215 2
273 3
11 1
188 4
349 9
244 7
344 6
53 1
40 4
12 9
395 9
16 3
15 5
131 2
10 1
180 5
55 7
341 3
211 1
122 4
84 7
279 1
295 5
53 4
300 4
25 4
343 4
349 3
320 1
88 2
299 4
331 4
145 6
354 2
332 4
325 3
292 4
55 6
252 3
108 4
199 5
2 2
118 5
335 6
150 9
397 5
340 1
392 5
46 8
257 3
312 6
147 7
305 7
331 2
275 3
331 4
320 3
34 8
42 3
246 1
78 7
98 8
192 9
334 3
222 4
54 6
175 5
224 3
127 5
242 6
1 1
4 2
107 5
29 8
258 4
106 4
40 1
14 2
199 2
213 7
321 9
13 1
89 2
103 4
42 5
266 9
138 2
396 3
395 5
101 2
91 1
4 2
335 8
240 1
330 1
117 6
345 2
124 5
389 2
87 4
44 7
142 8
60 5
306 3
166 7
113 4
102 8
227 2
249 7
336 6
366 1
236 1
220 8
372 4
284 7
284 1
338 9
207 5
61 8
148 5
384 7
123 3
354 4
61 1
142 9
359 3
200 7
299 1
347 3
362 1
31 4
20 5
276 3
81 8
179 2
362 7
283 3
53 7
148 4
3 4
395 5
30 4
111 8
269 8
232 1
20 5
209 9
320 9
111 7
51 8
237 9
338 3
286 3
154 3
367 9
64 9
96 1
172 1
313 5
322 7
166 3
35 4
73 6
361 6
28 4
305 1
98 6
32 1
396 8
204 3
361 1
305 7
35 6
84 9
265 4
54 5
130 6
255 5
239 4
170 9
2 1
384 2
209 7
216 8
289 5
214 1
131 1
9 3
312 6
111 4
48 9
182 5
174 1
57 6
346 5
93 3
132 5
251 9
282 9
136 5
290 6
266 9
239 7
199 2
203 2
268 3
55 6
202 8
393 2
382 7
206 8
317 5
248 1
281 8
273 6
324 7
384 4
311 2
5 3
347 5
366 1
150 1
337 7
399 5
204 4
341 7
260 5
311 7
201 5
1 5
94 5
4 4
12 4
95 6
143 4
388 6
200 3
12 1
53 4
211 2
195 5
71 5
103 7
17 7
212 6
37 4
232 3
353 9
328 8
206 8
362 5
318 4
219 8
122 8
326 5
107 8
193 1
136 9
129 5
162 4
294 7
26 2
49 3
88 6
147 9
116 4
390 2
53 9
131 9
232 6
260 3
97 4
61 5
269 8
389 8
233 9
174 5
77 8
228 1
217 9
205 3
119 6
267 7
146 8
69 5
188 7
350 1
82 6
356 9
289 4
299 7
174 9
112 5
347 3
398 5
297 4
327 2
8 9
356 8
4 9
103 1
35 9
332 6
87 7
93 5
213 6
80 1
351 9
299 8
11 7
379 3
94 4
344 2
233 4
176 4
41 5
27 2
138 7
50 2
103 7
100 7
291 4
247 4
38 3
287 2
188 4
111 6
354 8
184 5
93 8
387 9
142 9
302 2
14 9
280 3
169 9
125 4
114 4
392 7
363 7
148 3
352 5
339 1
224 9
338 8
72 5
170 9
299 2
77 9
357 7
305 6
19 7
253 7
390 2
45 8
239 8
357 1
358 3
128 6
202 6
348 6
306 5
304 9
235 7
216 3
272 3
98 4
327 4
54 1
25 7
39 7
280 8
89 6
194 3
395 1
13 7
212 3
96 9
154 3
53 2
96 4
110 4
60 6
21 4
173 1
259 9
77 6
20 9
367 5
125 3
282 4
378 4
353 8
26 9
260 7
156 8
267 1
94 4
42 6
16 8
305 1
388 7
61 4
197 6
318 8
53 4
238 2
309 9
274 4
80 1
246 8
162 8
245 8
394 5
68 5
299 8
158 2
49 1
217 2
164 1
157 1
106 3
183 6
336 3
48 5
315 2
