# semilla=1
30 400
2700
69 2
131 2
254 8
242 7
108 2
250 1
200 7
312 1
357 8
137 4
303 2
163 1
12 1
333 9
5 7
352 4
217 1
271 4
392 8
254 9
120 6
119 4
390 8
149 1
214 9
329 2
96 5
62 6
370 9
217 9
344 4
156 5
301 8
259 7
302 1
246 4
381 7
213 3
188 9
360 6
45 8
340 9
56 3
267 7
190 8
376 1
241 1
158 7
332 3
87 9
117 1
395 4
277 9
119 7
264 6
296 6
236 5
338 9
312 1
197 9
67 9
399 9
106 7
29 8
187 9
103 9
212 8
183 7
178 1
276 9
320 6
235 1
118 3
282 3
47 9
131 1
345 2
43 1
232 1
387 5
128 5
57 3
177 5
36 3
82 5
271 3
337 5
332 5
233 6
255 8
59 1
160 7
176 7
97 5
56 5
374 9
108 7
11 4
10 7
75 1
369 3
229 9
348 7
279 4
323 9
231 4
269 1
203 6
338 7
31 5
65 4
25 5
37 2
159 5
381 3
214 5
67 1
288 1
303 4
292 8
88 9
20 7
103 6
51 4
294 7
303 4
253 2
341 7
152 9
256 1
167 7
145 1
81 4
168 3
174 7
110 5
346 2
195 9
177 9
249 9
121 2
372 1
44 3
87 3
276 4
138 6
308 9
131 6
174 6
59 5
121 8
70 9
395 2
165 1
209 2
195 3
65 6
59 7
40 9
115 2
137 6
152 9
59 8
142 2
24 5
7 1
47 7
59 1
97 4
301 7
83 2
231 3
349 4
82 2
223 7
278 5
282 5
365 8
162 2
107 6
21 1
6 5
372 6
231 7
161 7
33 2
163 8
58 5
111 9
353 8
339 6
133 3
278 4
158 4
127 6
42 5
46 8
47 6
117 7
158 1
168 3
163 5
126 6
52 9
314 2
126 4
11 4
206 2
138 9
37 2
12 1
149 6
253 8
79 2
257 6
40 9
341 3
92 3
73 6
157 2
364 9
309 5
65 4
73 9
370 1
400 6
320 9
383 4
92 5
222 9
81 1
366 4
130 2
350 8
221 9
129 9
225 9
233 1
203 6
88 5
249 1
331 7
293 1
32 6
297 3
304 3
71 5
142 7
289 7
89 2
120 8
4 3
271 6
257 8
352 4
123 6
254 8
116 7
173 9
313 5
331 4
25 2
391 9
331 6
82 9
393 4
160 5
355 5
283 6
85 8
305 2
64 9
293 7
91 3
129 7
112 1
254 7
368 6
197 9
85 9
374 1
269 2
131 2
137 2
72 2
228 4
196 7
204 3
167 8
65 8
109 2
221 9
210 2
339 5
143 4
194 9
3 4
271 8
297 1
16 4
134 4
89 5
76 9
103 5
160 5
350 8
87 9
183 8
216 2
394 4
293 7
105 5
56 1
61 1
280 5
346 3
39 9
192 5
224 9
347 6
389 9
166 1
64 8
368 8
180 5
277 7
174 8
58 7
196 4
286 1
143 9
102 8
308 9
210 5
360 3
231 9
102 6
270 1
348 7
297 7
208 6
319 2
253 4
328 5
323 1
209 3
325 7
139 3
393 2
398 1
179 5
363 7
351 9
156 3
237 5
249 3
240 9
24 5
262 2
382 7
36 6
35 8
11 3
260 3
354 2
206 5
310 5
107 9
107 4
171 5
36 2
358 9
338 6
240 9
286 1
87 5
335 9
139 6
313 4
201 9
205 3
248 5
313 6
367 4
133 4
339 1
319 7
163 7
390 4
138 4
38 3
297 8
298 3
311 5
236 9
84 3
399 3
367 8
185 5
385 7
124 2
368 4
368 5
35 2
117 7
165 8
52 3
24 1
306 1
386 4
350 1
254 9
371 8
176 5
61 3
49 4
205 4
254 8
194 3
119 4
146 8
281 7
109 8
367 5
170 8
304 2
110 2
24 1
3 8
164 7
298 5
101 7
82 3
16 1
199 3
341 9
30 7
131 3
41 8
334 5
8 1
275 1
269 3
22 5
400 2
222 2
98 1
256 3
382 5
352 4
340 8
200 6
324 5
134 4
126 1
302 3
180 7
310 9
327 9
32 6
281 7
276 4
365 9
218 2
366 5
381 2
129 3
50 3
31 4
220 1
28 2
263 8
257 6
51 6
21 3
273 1
227 3
203 8
13 9
139 2
129 6
44 5
18 7
30 5
161 3
134 7
60 5
49 7
126 9
286 4
170 6
261 7
300 8
54 3
335 8
269 9
369 9
275 1
150 3
103 6
200 9
167 2
210 6
65 2
23 5
334 9
161 7
153 6
181 5
167 9
257 1
270 2
77 6
373 6
168 2
232 5
246 8
187 7
41 1
69 1
269 8
295 5
126 6
186 6
207 5
238 6
273 9
86 1
76 5
352 4
289 3
58 3
393 7
373 1
51 9
349 5
366 2
105 5
35 9
329 2
38 4
330 3
262 7
12 6
250 5
113 4
307 8
121 7
232 6
279 4
247 2
132 7
104 1
383 9
395 7
264 8
40 7
316 9
297 7
21 6
235 1
98 5
357 1
277 2
155 9
383 6
398 9
331 9
145 9
211 9
266 7
309 5
232 5
68 9
228 3
282 3
130 1
218 1
189 7
206 5
338 1
47 2
3 7
138 8
140 6
326 8
394 6
199 8
60 8
182 3
213 3
10 3
134 6
66 5
212 5
264 5
379 7
354 5
222 6
398 8
111 8
206 7
47 2
67 4
77 4
374 1
53 5
80 8
397 2
205 3
2 2
219 1
282 4
274 7
178 1
334 2
377 9
348 7
344 2
136 5
92 8
361 1
110 2
200 2
343 8
151 9
255 7
60 8
55 3
198 4
86 9
132 7
381 9
148 8
325 9
110 6
249 2
5 6
363 5
29 9
321 8
154 2
118 9
141 5
362 4
211 3
67 5
100 7
288 1
273 9
77 7
139 5
246 5
137 8
110 8
189 8
124 6
91 3
379 8
274 3
30 9
167 9
354 3
331 4
162 8
246 6
61 3
72 5
116 2
326 9
360 1
289 3
351 2
116 4
258 5
217 6
3 1
157 4
44 4
144 6
138 9
195 1
63 6
178 3
59 5
395 3
349 1
178 2
48 2
154 6
128 5
272 1
186 1
41 3
205 6
369 4
49 6
141 1
264 6
58 6
329 3
311 5
208 2
348 9
244 7
275 7
155 4
324 5
282 3
28 9
57 3
124 4
223 5
280 1
129 9
139 9
135 8
65 7
363 2
382 6
36 9
186 9
285 9
351 1
317 5
229 3
80 2
297 3
347 4
248 6
187 5
82 3
196 8
208 2
308 3
139 5
342 1
276 1
330 3
195 9
52 8
16 7
307 7
142 6
210 7
311 8
28 2
242 1
331 1
22 2
301 3
272 9
391 6
283 5
291 6
243 4
319 4
55 9
184 3
60 1
361 6
217 6
130 1
316 7
213 7
184 5
387 6
226 4
326 9
74 1
175 2
263 3
279 8
175 2
299 1
246 4
197 3
204 4
52 4
172 6
337 4
347 8
381 8
190 8
334 4
222 8
205 9
62 8
137 3
77 1
193 7
56 1
335 2
94 8
393 7
342 9
148 3
79 9
55 5
10 8
204 4
276 7
3 9
128 7
82 3
176 4
39 9
286 3
90 7
300 1
263 4
219 4
21 9
372 4
359 9
354 9
40 4
204 8
61 1
199 2
287 2
329 8
24 9
123 1
11 5
239 5
371 7
86 3
288 6
395 9
326 8
257 7
284 3
358 7
358 7
103 8
143 6
78 5
291 5
90 2
375 6
173 3
133 5
130 6
197 5
290 8
7 3
67 5
116 4
37 9
317 4
279 7
367 4
296 3
284 8
201 4
43 2
79 1
16 7
196 7
350 3
303 3
345 9
280 2
124 7
72 5
104 7
183 3
116 5
364 3
179 8
275 5
46 9
154 4
362 8
12 5
319 2
315 6
387 8
131 1
27 6
82 3
323 2
58 7
325 4
382 4
259 9
204 2
363 4
197 9
69 5
372 1
368 2
104 7
340 8
280 4
138 1
327 3
344 9
258 4
211 5
394 7
205 5
253 2
343 3
96 9
9 8
386 1
251 4
202 9
173 4
49 2
348 1
217 8
97 3
305 9
98 9
198 9
185 4
120 6
338 2
175 1
235 1
313 3
76 5
241 1
299 9
34 7
48 7
263 5
202 5
181 8
26 9
245 1
219 5
302 6
77 9
143 2
311 6
213 7
267 1
295 2
19 9
8 2
171 6
189 9
18 6
299 2
249 2
277 8
172 9
279 1
83 6
185 4
75 3
302 2
207 6
261 7
185 6
134 6
20 2
393 4
136 7
282 5
294 2
39 3
137 7
43 3
145 9
372 5
121 4
51 5
370 8
25 9
155 4
279 2
282 6
174 5
265 3
19 8
187 1
15 6
214 3
286 1
362 9
218 3
102 4
59 3
301 9
63 5
235 4
29 6
234 6
315 6
113 1
8 8
17 3
130 9
21 1
118 2
269 3
18 9
103 4
227 5
125 8
260 6
167 7
335 2
100 3
97 5
298 7
315 8
187 1
250 1
54 7
363 6
174 2
332 7
100 9
254 9
257 8
308 8
310 8
85 5
346 9
155 7
311 9
133 5
159 1
310 1
235 8
183 4
261 8
108 8
172 3
197 7
28 2
183 1
131 9
380 1
157 7
8 6
174 5
302 1
107 2
169 2
344 2
66 5
210 6
120 1
330 3
387 9
384 6
155 5
194 7
270 8
38 4
209 4
312 1
317 4
323 4
125 7
195 4
319 3
369 5
381 6
1 5
228 8
88 3
16 6
224 9
176 9
251 6
310 2
299 5
281 5
220 1
160 2
328 8
59 9
113 5
224 6
119 1
53 9
264 9
84 3
150 1
35 4
2 1
217 1
34 1
5 1
276 6
171 1
314 1
287 4
241 4
137 5
298 9
268 5
120 3
108 7
31 4
285 8
19 6
168 7
62 1
289 3
259 2
390 3
112 4
91 5
51 1
161 3
33 8
77 4
23 5
177 1
302 2
227 4
117 3
62 1
104 1
383 2
45 4
147 5
270 7
128 1
371 5
392 4
167 6
183 8
392 7
348 7
46 7
126 8
176 3
310 2
123 2
396 7
142 9
156 6
387 6
210 8
187 6
162 7
242 9
9 6
66 5
87 5
291 3
281 3
86 8
331 3
70 3
41 5
121 6
331 6
88 5
243 5
40 7
79 9
181 8
56 3
351 6
36 3
246 9
18 1
372 4
333 6
377 6
260 6
258 6
176 2
95 7
17 5
315 4
32 4
156 6
289 7
126 6
396 1
119 5
358 1
101 2
70 4
189 9
137 3
84 4
39 5
294 9
261 9
308 9
222 8
298 9
244 3
263 6
101 7
38 5
106 4
391 3
69 4
11 3
249 6
95 1
185 2
313 4
348 4
45 8
330 4
309 6
85 1
112 6
246 9
19 1
188 8
287 6
70 8
35 9
164 5
310 6
294 2
247 6
213 2
135 2
338 6
10 3
168 4
161 5
130 5
250 7
7 5
84 5
25 2
221 7
314 4
143 6
394 8
295 5
312 5
346 3
166 3
181 2
204 6
268 4
203 8
77 8
358 4
20 4
41 2
20 9
260 8
292 8
359 6
267 3
289 8
204 1
198 9
371 9
380 8
85 6
27 6
181 8
122 9
156 2
227 6
100 3
69 8
24 6
291 6
89 8
245 1
295 4
313 1
228 3
261 4
205 8
64 6
135 3
87 6
68 3
380 9
158 4
284 7
240 8
262 9
160 3
267 9
159 4
145 3
350 1
175 2
218 7
366 9
377 3
317 8
231 9
227 6
106 1
44 2
50 9
199 3
228 7
94 8
230 9
304 1
301 4
303 8
251 7
149 6
398 3
307 5
93 1
285 1
344 2
282 4
229 6
227 6
382 2
199 1
383 8
143 7
239 6
260 2
85 7
278 7
315 8
259 3
164 3
180 3
313 4
116 4
233 3
53 2
218 1
233 3
192 9
165 5
204 1
199 8
367 8
155 5
330 7
161 5
90 2
251 3
229 3
235 2
276 2
275 6
162 8
347 9
326 6
371 6
288 8
166 8
354 7
275 4
86 4
275 4
305 4
27 6
318 1
169 7
16 6
185 6
308 7
108 5
115 6
204 7
343 3
5 7
334 6
310 4
120 2
314 6
197 4
364 5
50 7
3 6
48 7
79 2
274 3
386 6
74 7
224 6
278 9
142 4
100 3
85 9
83 3
62 8
300 9
67 7
69 6
311 6
305 3
11 6
399 3
116 4
355 8
304 8
18 2
69 9
241 3
108 6
363 3
144 6
34 7
244 1
271 8
101 4
106 1
370 5
22 5
266 4
37 2
395 2
205 6
54 8
368 9
364 8
342 5
74 7
191 6
385 7
211 7
189 9
106 4
34 3
122 4
11 4
343 7
234 8
291 2
28 3
270 1
23 7
143 7
68 4
356 6
213 6
300 1
260 8
67 9
187 1
179 2
126 2
224 3
10 6
67 3
148 1
242 1
248 2
385 7
48 8
279 9
50 3
276 7
330 9
210 4
268 7
245 6
225 2
35 4
304 6
54 2
182 2
101 2
354 2
2 9
222 4
47 5
250 1
294 7
287 5
201 1
344 1
142 8
225 4
138 6
397 8
227 9
29 5
264 3
382 8
234 5
300 3
165 9
338 7
389 7
351 9
306 7
245 4
157 1
33 3
253 2
185 5
159 9
156 3
55 9
71 8
20 8
241 6
278 6
65 1
276 4
395 5
319 2
237 5
7 5
372 9
355 1
290 7
58 2
351 6
310 8
47 8
272 6
302 1
97 3
29 2
22 2
285 9
157 4
83 9
77 4
112 2
258 6
354 7
137 3
147 4
36 5
30 1
222 5
244 7
224 2
95 4
394 1
327 7
213 6
182 9
76 3
116 4
31 6
35 8
165 4
113 5
80 9
196 2
245 1
242 5
135 5
107 3
354 7
340 1
394 7
235 9
13 3
119 8
331 2
152 7
103 9
171 2
128 4
252 2
92 8
184 7
205 9
216 1
321 7
73 7
66 1
150 7
316 7
327 2
104 5
246 7
136 9
393 2
167 3
288 9
133 1
288 2
395 6
233 5
385 2
146 3
44 7
362 7
15 8
299 3
397 9
201 8
396 4
261 1
193 1
211 2
128 1
233 2
151 1
178 1
35 2
24 5
182 5
47 9
241 6
168 3
322 6
270 4
168 4
128 4
160 5
275 6
366 5
301 1
337 8
130 4
76 4
83 2
133 7
104 3
85 9
319 2
162 7
362 4
82 1
229 4
206 2
359 5
396 4
370 5
262 8
173 2
36 2
119 2
269 8
366 9
235 1
308 3
235 7
277 2
99 1
125 5
110 9
311 5
158 5
179 5
148 1
15 1
321 8
22 4
40 6
232 5
59 4
345 2
99 1
100 3
320 1
226 1
287 4
244 3
273 1
115 3
33 1
71 6
296 2
265 9
134 4
204 1
279 5
181 5
278 7
207 9
271 9
239 5
46 3
389 8
289 7
69 4
270 1
265 1
163 3
113 6
204 1
210 8
258 2
353 1
68 9
211 9
200 9
140 1
112 4
156 7
154 9
12 5
98 9
267 9
84 4
46 4
246 3
27 7
145 1
78 2
21 7
244 3
112 8
339 2
340 7
115 2
66 6
260 8
253 9
339 6
222 4
227 5
207 6
198 4
194 2
93 6
39 1
215 8
32 8
57 4
233 6
263 2
172 1
142 9
393 6
67 3
221 5
367 8
374 4
251 7
15 9
131 2
147 5
13 2
167 9
340 3
113 5
379 2
88 8
191 7
327 8
348 8
341 2
289 8
289 2
344 1
31 1
143 1
138 5
91 9
245 6
9 8
176 4
116 6
377 1
12 8
263 4
202 3
92 4
42 7
21 3
164 1
233 9
318 9
84 1
217 4
132 9
225 4
21 7
211 7
262 7
140 8
173 1
41 8
375 7
83 7
83 9
261 9
374 9
319 3
137 7
384 8
147 6
363 8
204 9
193 5
123 6
278 9
367 9
116 5
11 2
135 7
83 5
395 5
252 1
82 8
57 4
78 2
197 1
89 2
49 8
282 8
13 1
139 1
271 8
380 4
183 8
57 6
164 7
335 7
149 2
118 8
288 6
219 7
364 7
301 5
96 3
28 6
181 7
35 6
295 3
75 2
273 4
245 4
184 9
321 3
396 4
154 3
384 3
332 7
218 8
180 1
273 2
13 6
128 3
110 7
228 9
302 5
219 6
247 6
42 1
398 3
285 8
91 2
5 2
13 3
143 4
369 8
206 9
262 5
358 5
286 7
54 7
238 4
37 6
69 1
323 7
327 1
149 6
395 1
356 8
163 1
391 9
162 7
356 1
299 8
352 2
217 7
377 2
290 1
6 9
305 7
391 6
90 7
377 1
74 5
265 7
331 3
292 8
371 5
299 5
380 1
399 7
277 7
75 6
88 8
202 9
340 3
258 2
310 7
134 7
251 1
321 5
82 5
199 5
64 5
5 2
344 2
240 3
239 4
122 1
116 2
56 2
373 1
297 2
23 5
213 3
178 2
26 7
315 4
82 9
294 8
88 6
310 7
263 3
167 9
37 1
8 5
51 8
45 1
340 1
380 5
281 5
303 5
235 7
61 4
157 3
261 9
382 1
188 8
49 7
345 3
141 2
192 5
389 4
169 3
286 4
315 1
118 8
184 3
210 6
219 8
58 5
28 9
152 9
164 4
107 4
377 4
193 6
132 1
252 9
72 7
392 8
47 9
142 2
113 2
219 7
73 2
342 8
266 4
83 4
140 6
361 6
178 5
291 3
16 4
132 8
400 9
9 6
9 3
358 4
133 4
38 7
353 6
353 6
386 4
55 1
201 6
294 6
351 7
176 5
207 5
396 6
315 2
224 4
314 8
178 5
368 1
55 9
28 3
319 4
396 9
225 5
217 7
319 1
35 7
79 4
243 7
253 2
210 3
366 8
111 5
286 1
153 5
72 5
332 9
156 8
69 7
171 9
165 4
143 1
160 9
295 5
255 5
136 3
149 5
172 3
133 7
345 8
337 8
370 3
197 1
48 4
163 1
268 5
21 7
56 6
67 1
177 4
320 6
266 7
365 4
267 2
17 6
10 8
14 3
382 5
344 4
220 5
323 3
23 1
255 7
278 2
195 5
224 1
118 6
215 8
308 4
297 9
346 2
173 7
336 3
400 4
265 8
37 7
348 7
112 5
399 1
145 1
134 2
93 5
388 8
356 7
157 2
153 1
245 3
131 9
107 3
22 7
283 1
291 9
153 1
373 7
175 2
132 3
307 4
38 3
400 7
272 1
113 7
350 1
344 1
271 7
392 3
28 7
335 7
98 3
114 2
314 8
277 9
172 5
99 9
306 5
199 4
344 5
318 5
365 3
365 5
186 5
257 4
396 4
275 1
54 4
142 3
378 6
113 3
335 1
312 4
199 5
132 4
326 5
193 1
394 1
79 8
224 5
188 7
399 6
317 4
147 5
136 8
317 3
298 6
73 7
32 2
134 2
397 8
107 8
158 1
138 6
3 8
221 7
217 6
312 8
390 4
380 7
201 5
50 2
373 3
362 6
188 7
362 7
64 7
27 7
312 4
58 4
353 8
197 3
352 3
113 2
355 6
166 9
226 3
194 8
289 3
20 9
102 4
391 3
62 5
286 1
3 6
147 4
28 5
337 3
66 2
368 3
302 7
138 3
38 4
392 3
309 7
111 7
278 8
89 2
256 4
105 2
350 3
126 4
313 3
281 5
34 6
41 6
271 5
92 8
222 9
295 9
114 3
284 2
223 7
189 4
228 9
201 6
343 3
27 1
189 8
83 8
294 6
181 3
235 4
280 8
275 5
307 4
66 4
145 2
341 2
336 4
218 9
110 5
253 1
193 4
326 1
159 5
319 4
220 1
389 8
167 7
125 2
87 9
27 7
84 1
264 8
249 6
282 7
15 7
200 4
266 1
287 1
335 4
332 6
19 3
225 3
232 3
74 5
259 7
355 2
263 2
37 7
248 6
108 1
272 7
113 8
102 3
122 4
272 6
329 5
245 9
121 4
145 2
395 1
389 1
320 6
46 9
334 3
234 9
42 7
370 3
279 1
366 3
164 6
232 4
205 8
44 7
188 1
146 4
300 6
192 1
49 8
389 7
158 3
154 4
382 6
171 4
21 1
10 3
308 8
167 1
137 9
140 2
368 4
7 3
385 7
178 5
256 1
198 2
157 7
385 4
118 9
299 7
291 5
6 1
78 8
363 3
180 2
307 4
286 9
80 3
206 3
313 6
100 3
71 2
66 1
306 5
140 6
4 3
359 1
33 8
367 7
366 7
159 3
201 7
387 6
230 6
150 8
96 5
5 5
118 1
256 1
4 2
305 8
2 4
68 7
377 7
114 5
94 4
83 2
170 6
45 2
285 4
105 6
287 9
230 2
221 6
85 3
317 2
182 3
352 8
313 2
234 7
112 2
35 5
169 7
189 6
221 9
318 2
98 7
178 9
378 8
178 2
230 6
5 4
156 7
343 3
99 5
362 9
316 1
84 5
30 2
137 2
93 9
232 4
240 7
28 3
253 6
258 5
382 7
46 7
67 9
120 7
250 2
303 6
273 9
95 1
362 4
98 1
178 4
123 9
270 7
286 7
85 4
1 4
262 9
30 3
281 2
13 3
279 5
118 6
171 3
49 5
212 6
305 1
281 1
345 8
20 6
160 5
346 7
158 7
248 5
345 2
300 1
366 2
218 2
107 2
323 1
126 8
37 4
175 4
152 5
239 8
357 9
294 9
108 8
193 2
376 1
38 5
370 8
105 5
213 3
329 7
193 8
114 4
253 1
150 5
243 8
181 2
304 2
110 8
199 4
216 1
374 3
390 7
218 6
270 3
35 9
365 3
24 4
389 9
279 8
336 5
155 8
69 1
363 8
223 6
224 6
112 5
105 8
296 8
139 7
146 5
228 2
57 6
230 5
266 4
261 6
128 3
81 5
363 4
211 1
346 7
204 4
70 2
44 3
240 7
113 5
310 7
138 1
146 3
62 7
145 5
353 7
284 1
340 3
50 3
266 8
222 2
30 6
332 6
158 1
157 8
17 6
146 9
322 4
135 5
87 5
262 6
285 2
357 1
66 3
197 6
174 8
86 5
14 5
10 9
327 1
216 9
238 1
317 9
200 2
64 1
197 2
256 4
182 1
210 8
278 6
97 1
66 8
242 5
222 9
52 7
232 9
265 5
48 1
217 3
180 4
43 8
186 2
304 6
339 2
105 6
82 3
170 2
107 5
286 2
252 8
257 8
198 6
268 9
244 3
348 3
1 3
158 3
334 3
107 3
356 4
235 3
44 8
260 9
200 7
313 7
279 9
349 7
241 5
245 3
344 4
194 1
141 3
226 4
80 7
227 1
178 4
342 3
147 8
170 3
308 2
339 7
344 2
38 1
16 2
45 3
281 5
32 4
221 6
350 5
340 6
103 3
210 2
182 2
217 8
171 9
53 1
339 1
76 7
393 4
104 2
343 3
234 9
13 6
359 5
338 5
79 8
27 1
148 3
392 1
320 6
13 3
130 2
120 5
335 8
256 4
40 3
147 1
330 4
81 3
125 8
56 1
101 6
334 3
139 2
42 5
119 7
153 9
70 5
72 5
274 2
154 9
52 4
226 7
328 2
16 7
245 1
151 8
241 6
93 4
245 9
103 9
378 9
329 4
71 7
358 4
368 6
252 4
25 4
59 6
35 1
109 7
170 7
231 8
236 8
191 1
105 5
67 9
389 2
390 7
103 6
53 1
378 4
102 7
100 5
159 6
120 1
348 4
306 5
157 3
341 2
8 6
374 3
356 7
252 8
400 2
116 6
32 2
124 3
102 7
72 7
206 6
43 1
281 8
294 6
148 6
381 6
192 1
59 7
155 5
30 9
246 5
27 8
163 7
378 8
298 9
263 4
88 9
22 7
132 4
162 4
380 2
314 3
216 7
290 5
311 3
48 5
123 5
293 3
233 7
9 3
157 9
71 3
211 1
240 9
384 8
266 1
199 2
353 5
212 8
56 9
219 7
14 5
308 1
150 5
