# semilla=3
30 400
2700
122 9
67 6
310 8
321 2
311 1
241 5
283 4
99 8
277 9
244 7
328 3
119 3
268 7
380 1
344 2
82 1
155 1
138 8
305 7
366 7
203 8
69 6
50 1
70 8
112 5
345 7
399 5
216 9
198 6
274 7
300 4
173 1
144 3
358 6
278 2
366 4
325 5
146 2
33 8
328 8
46 6
35 7
78 1
151 7
394 7
61 1
310 1
194 6
283 5
259 4
19 5
4 2
56 9
17 4
209 5
313 5
80 1
174 6
185 3
194 7
236 9
198 9
53 9
139 7
325 4
155 7
133 9
156 9
174 1
213 6
11 7
316 3
31 6
239 6
348 6
312 5
378 8
12 1
347 1
190 5
322 8
153 6
91 6
95 6
389 6
305 5
154 7
54 1
292 3
159 9
114 5
123 6
96 7
333 2
53 6
171 4
225 3
41 6
380 4
292 8
139 4
62 1
272 4
162 3
143 6
329 2
318 6
302 3
216 5
266 5
238 6
325 7
149 7
291 7
19 7
80 4
3 8
319 9
223 9
368 4
17 8
386 9
148 9
175 4
35 5
62 4
24 1
356 9
102 7
296 1
7 8
382 2
88 9
154 4
340 1
269 9
212 1
314 2
175 3
130 9
245 1
181 4
102 2
274 2
88 4
141 3
4 8
322 7
26 5
128 5
317 9
267 7
27 8
166 1
29 3
24 2
26 2
248 1
365 2
264 9
251 6
81 6
37 6
198 7
301 5
185 5
98 6
220 2
66 9
2 7
41 3
22 6
236 9
195 1
319 7
28 6
322 8
390 6
216 7
236 1
126 4
275 5
356 2
218 4
219 3
15 6
192 9
135 2
238 2
375 9
193 2
376 6
289 9
53 1
243 3
121 7
23 9
48 2
338 7
92 1
175 2
14 2
345 8
357 5
297 5
46 1
393 9
271 4
55 9
384 2
284 1
282 6
289 3
40 4
93 4
233 7
130 6
307 7
180 9
215 2
193 9
121 7
383 3
213 9
352 8
80 7
77 3
50 8
384 8
358 9
227 3
70 5
386 4
76 9
162 4
354 9
400 5
344 7
305 5
112 5
12 5
246 7
103 3
292 6
123 6
248 3
215 8
360 4
240 9
15 8
370 2
205 1
240 4
121 2
112 5
124 4
398 5
71 3
319 1
131 3
24 6
94 7
47 2
61 2
136 5
19 6
232 6
4 1
172 6
224 7
249 2
108 8
201 3
279 6
62 5
40 7
58 8
271 5
50 9
359 6
348 6
388 8
152 5
55 6
345 9
270 2
342 8
261 6
31 5
348 3
331 3
92 6
336 8
64 2
287 3
170 7
285 5
332 3
235 8
160 3
362 2
55 3
387 9
279 7
184 2
137 5
197 1
70 1
246 9
139 4
357 9
182 6
207 8
278 2
181 8
58 3
139 2
349 2
289 2
95 4
291 7
344 7
384 3
304 3
204 4
279 9
88 3
104 5
190 5
16 8
209 7
162 9
299 5
325 8
271 5
342 8
16 4
373 1
56 4
252 3
269 8
102 4
272 4
19 9
331 8
58 5
337 3
70 8
46 1
14 6
317 4
260 2
256 9
10 6
166 6
177 3
42 1
367 2
379 6
106 2
103 7
358 4
249 6
56 1
210 2
103 3
201 8
243 2
276 7
107 8
156 1
238 8
388 7
225 3
234 1
369 5
188 6
230 9
186 7
115 1
108 5
190 3
236 9
100 3
108 1
88 7
258 3
326 1
72 2
312 3
227 8
95 1
12 7
230 6
209 1
361 1
123 7
21 7
253 1
113 4
49 7
243 4
85 6
319 2
178 2
305 1
373 5
141 8
154 8
128 9
137 1
173 6
163 2
30 7
46 1
54 1
349 2
10 3
258 1
247 1
97 9
170 4
388 8
175 8
180 1
196 5
385 7
45 5
95 7
59 9
200 9
172 9
349 7
90 7
284 6
95 6
213 8
118 8
400 8
177 5
87 9
369 7
250 1
79 3
364 1
240 2
389 2
164 4
308 1
314 1
231 8
376 6
190 1
37 4
205 2
174 5
57 8
42 4
124 1
79 3
300 1
58 4
148 4
113 9
264 7
259 6
275 4
240 3
319 2
22 2
307 1
52 4
131 2
56 8
205 4
349 2
329 8
390 6
207 8
399 2
150 8
195 4
60 9
4 8
154 2
175 6
99 8
386 2
283 6
217 2
311 9
110 4
180 1
172 4
221 8
44 5
112 6
85 4
372 4
377 8
365 9
215 6
98 7
248 7
241 1
150 1
95 2
15 3
151 9
266 1
328 8
21 4
382 4
142 8
222 1
177 8
380 4
383 5
74 2
228 5
211 8
40 4
79 8
391 5
193 6
83 7
160 8
243 9
278 4
185 5
147 1
238 6
184 5
383 4
267 1
8 3
323 9
77 9
11 3
26 1
105 8
182 6
283 1
251 3
123 1
142 7
174 1
309 9
49 8
160 5
127 8
215 5
174 1
16 7
20 3
390 4
70 7
261 6
283 3
144 1
87 1
9 8
330 1
236 8
267 9
213 6
266 3
151 3
38 3
281 2
209 6
228 8
143 5
232 5
272 3
296 6
72 9
20 7
249 4
235 5
16 6
295 9
60 8
65 5
364 5
53 7
343 2
191 1
264 8
386 8
100 5
178 3
335 7
204 6
26 5
110 1
163 6
313 7
285 5
19 3
214 5
212 2
254 4
103 2
358 9
59 2
324 1
145 2
221 5
248 8
138 5
280 9
25 3
121 8
87 3
77 3
354 8
346 7
332 1
73 7
28 3
389 3
160 4
333 3
76 1
269 3
274 4
196 2
222 7
94 1
144 2
68 2
75 5
65 7
181 2
99 1
190 3
245 4
33 6
280 8
54 6
243 1
379 6
272 8
292 7
238 9
276 5
227 3
274 8
197 4
388 5
384 3
154 3
163 5
104 3
28 1
210 3
59 1
81 2
207 6
269 5
48 8
277 8
167 3
303 4
166 8
260 6
327 6
303 6
360 6
354 6
147 5
139 3
64 9
114 6
374 4
145 7
137 8
67 8
172 9
91 9
267 8
317 1
36 7
218 9
313 5
31 4
196 7
109 2
188 9
110 1
281 8
61 7
375 7
365 9
186 1
154 6
259 6
205 8
191 2
300 8
75 6
113 1
190 2
315 1
72 2
108 6
223 5
101 1
15 9
376 6
274 8
378 6
370 4
226 6
350 2
261 7
116 8
72 5
147 9
98 2
89 2
221 1
180 7
4 8
95 8
141 3
200 4
262 7
301 5
224 5
50 2
33 8
386 6
34 1
167 8
217 2
338 6
330 7
299 4
166 4
332 7
46 1
329 9
14 9
269 4
294 2
93 4
241 9
203 5
177 8
339 9
117 4
294 5
176 3
298 9
187 9
182 6
394 9
105 8
31 7
160 4
253 4
95 2
234 2
257 7
109 6
96 1
168 8
127 7
349 1
122 7
188 7
115 3
146 5
177 5
28 6
375 2
107 4
156 8
89 3
126 8
359 4
111 6
312 4
90 9
202 9
218 3
322 5
227 6
29 2
275 8
251 1
297 3
138 9
215 8
114 7
257 8
178 7
317 8
389 3
59 7
174 3
299 6
56 6
271 3
153 8
323 9
78 8
192 8
22 6
325 4
320 2
360 9
304 5
300 5
278 6
211 5
6 7
348 9
377 6
217 8
190 3
128 5
358 4
289 7
366 2
166 9
83 6
372 8
89 9
202 8
101 7
284 6
55 1
311 8
360 4
85 9
341 3
62 2
283 9
61 7
286 9
162 7
141 2
246 5
351 6
118 5
61 4
57 8
191 7
76 5
190 3
136 9
103 4
127 5
178 6
55 2
361 3
385 2
116 8
171 2
168 3
85 1
342 8
138 9
69 6
226 7
259 7
221 5
152 9
140 7
79 1
17 3
221 1
109 3
259 4
358 6
132 1
322 9
289 6
104 2
82 4
379 2
249 7
379 5
77 2
279 6
343 3
133 3
45 2
349 3
49 1
358 2
323 9
201 8
284 8
135 3
359 1
36 5
350 7
88 1
17 6
266 6
186 2
23 4
199 1
275 8
342 6
322 4
226 8
122 1
177 4
118 3
213 7
50 7
162 2
280 4
149 2
13 7
14 6
115 4
233 9
136 7
340 4
268 7
327 5
33 3
232 9
272 2
146 3
225 9
65 5
268 3
116 6
270 5
63 2
256 2
246 4
380 7
11 1
12 8
319 1
30 9
246 1
25 6
346 5
157 8
252 5
399 5
68 5
321 2
208 1
59 4
122 2
82 7
272 9
72 3
43 5
263 9
4 8
35 6
347 8
44 7
342 6
287 7
223 8
176 1
166 5
247 5
243 5
106 6
50 5
381 8
216 8
386 4
369 6
308 1
340 4
300 1
313 7
124 7
93 6
51 3
257 8
131 7
216 6
194 7
21 6
376 7
187 7
140 9
113 3
117 4
393 1
329 7
373 2
310 7
245 8
194 9
258 9
222 4
243 7
30 9
367 3
12 4
290 2
71 7
398 9
60 2
54 4
151 9
66 7
223 3
81 4
354 7
255 6
321 8
264 1
131 9
10 6
163 9
198 4
63 5
102 2
106 7
125 4
171 4
379 2
171 9
156 4
278 4
287 7
1 9
330 5
123 3
386 5
300 2
129 6
105 5
80 6
111 4
321 9
60 8
219 5
29 9
203 5
297 5
270 4
231 4
160 6
341 2
55 7
396 7
367 6
336 4
129 2
312 2
13 3
164 6
308 3
115 6
25 2
399 6
311 9
35 7
172 9
149 1
250 8
399 8
394 3
248 1
62 3
190 8
143 7
265 4
236 7
243 6
357 6
375 1
279 6
246 8
275 8
6 8
38 5
96 4
273 2
338 3
90 5
161 2
186 9
3 4
171 1
313 1
195 3
55 9
232 6
381 8
5 8
347 7
334 9
380 2
56 2
341 2
104 2
144 2
340 6
15 4
26 8
20 2
262 4
168 8
381 5
393 6
358 1
99 9
331 1
112 7
66 6
228 9
268 7
343 8
70 5
323 5
40 4
389 3
279 6
225 7
124 9
358 9
163 5
173 6
393 3
152 6
38 3
198 5
305 8
208 9
221 4
52 6
4 6
226 1
333 8
272 5
317 8
274 9
382 8
398 4
153 2
354 2
249 8
203 3
104 5
366 3
288 5
1 3
103 4
233 2
149 6
338 4
265 2
1 6
226 5
251 1
326 6
151 3
321 8
300 8
160 9
244 6
124 2
104 9
19 6
275 2
178 1
92 1
243 3
168 2
88 6
298 4
244 9
325 9
32 1
385 9
118 6
73 5
287 4
179 6
297 7
77 8
220 7
30 8
207 1
332 2
137 7
157 6
64 1
93 2
209 1
203 7
389 4
352 2
223 1
136 6
95 7
344 6
212 1
120 6
261 4
384 7
190 6
148 3
117 6
378 1
126 3
249 5
100 3
292 8
389 9
301 8
85 7
131 7
389 7
48 4
194 2
108 6
183 5
156 7
331 9
397 7
79 6
265 2
147 6
309 5
373 4
99 7
335 4
334 4
268 4
192 5
230 4
333 2
382 2
263 1
337 7
17 9
300 5
160 6
65 9
68 5
89 8
394 7
134 9
123 3
347 8
43 4
182 1
290 8
31 9
216 7
60 7
162 7
155 6
326 7
40 8
100 2
350 5
225 2
136 9
35 4
303 9
179 5
389 4
297 6
209 1
39 1
76 4
320 4
335 2
103 6
87 9
393 2
87 7
258 8
12 2
166 4
196 7
400 4
56 1
46 2
288 5
345 4
94 8
95 2
353 6
38 8
257 3
73 4
116 8
143 7
345 1
119 5
346 6
36 3
82 1
230 2
395 4
56 3
69 9
162 4
286 7
13 5
46 8
128 9
236 4
62 7
296 3
116 9
137 2
65 8
210 1
309 7
59 4
279 7
382 3
46 2
243 1
90 4
166 6
241 8
150 2
56 6
304 1
11 6
162 1
35 3
133 2
14 5
352 8
324 1
216 7
26 5
176 3
281 6
105 2
165 5
280 7
80 7
132 2
353 4
251 9
47 7
157 2
315 9
281 6
350 4
100 4
266 7
238 5
356 3
79 1
124 3
260 8
191 7
303 7
381 8
263 9
155 7
274 7
156 2
365 6
55 2
198 7
134 8
153 2
119 8
292 8
84 2
300 7
367 8
109 8
153 1
378 5
348 5
38 3
304 4
371 1
22 8
211 9
199 7
221 1
79 1
193 7
231 2
126 3
359 3
330 6
58 6
335 6
321 1
159 6
328 1
333 5
252 6
385 1
105 7
366 1
130 1
43 4
165 8
36 8
323 7
4 7
10 5
232 9
70 7
127 3
223 9
49 2
38 2
127 1
127 6
161 8
283 1
212 4
39 6
58 8
335 4
196 3
162 3
184 6
286 6
52 3
227 2
176 3
180 4
48 3
241 9
156 8
267 5
258 2
204 2
99 2
38 4
129 6
330 4
89 3
321 9
57 3
101 6
326 6
387 4
39 3
205 1
126 5
159 1
191 8
190 6
276 5
173 8
291 2
174 4
358 5
297 8
116 8
157 4
355 6
55 8
60 9
255 3
174 3
26 6
32 5
2 4
156 6
134 3
309 8
347 3
77 6
268 6
305 9
265 4
358 5
165 7
364 2
214 4
293 2
131 2
71 9
9 8
225 5
165 5
107 5
205 2
9 2
340 7
46 9
75 3
260 8
124 5
169 7
359 1
202 4
6 7
259 9
141 5
338 5
81 6
10 4
379 2
89 3
111 2
214 1
227 7
353 9
393 8
123 2
168 9
327 5
264 6
14 4
300 4
287 8
309 8
332 1
382 8
237 6
86 6
388 2
180 1
129 7
273 8
161 6
305 2
16 9
131 3
391 9
49 5
228 5
230 8
44 9
144 5
27 6
220 5
115 6
80 4
244 4
286 6
33 1
12 9
251 7
145 7
358 7
140 6
233 1
264 7
258 2
94 4
78 6
179 2
99 5
258 9
392 7
133 6
166 4
4 9
10 8
46 6
303 5
222 2
68 2
177 2
90 3
315 4
285 4
347 8
335 8
156 4
343 9
163 5
181 6
352 9
329 4
192 6
66 5
321 5
376 4
215 6
238 8
51 2
8 7
344 8
232 9
228 6
150 8
184 1
383 5
82 2
26 2
25 5
192 8
272 8
301 6
3 1
105 5
298 8
156 7
119 6
205 6
398 4
327 8
349 4
98 9
109 3
398 2
367 5
376 8
153 3
261 8
64 7
335 7
359 8
149 4
24 8
47 5
39 4
381 7
12 8
69 7
344 1
58 8
391 8
323 7
171 1
307 5
62 1
311 5
322 6
141 4
349 2
287 6
265 2
244 5
284 2
193 9
324 8
337 2
2 5
165 6
322 6
207 3
155 6
143 4
372 9
234 2
80 9
182 4
191 2
291 6
106 5
377 4
272 3
12 2
392 9
376 9
261 7
277 2
307 1
355 4
285 8
214 6
187 4
376 7
39 7
193 4
387 4
198 8
103 1
191 6
386 1
400 1
175 6
56 4
269 8
98 5
300 6
283 6
179 7
224 9
342 7
96 7
133 9
203 8
358 5
10 2
226 9
280 2
51 2
192 8
132 5
110 2
245 8
279 9
314 5
367 8
295 1
5 4
123 7
188 8
359 3
162 9
148 6
101 3
136 1
257 7
47 2
311 3
200 6
116 7
20 1
133 4
360 1
315 6
295 9
56 2
146 6
109 8
351 2
241 5
261 2
103 1
82 4
276 9
204 2
326 2
16 7
225 1
141 8
115 3
327 6
341 8
345 6
234 5
264 6
209 7
27 7
234 2
287 6
66 1
138 4
93 2
136 3
356 8
125 9
302 5
64 9
333 3
146 3
260 1
306 5
250 9
104 7
261 1
242 4
133 8
40 8
193 5
396 6
252 9
112 6
60 4
43 2
263 2
106 9
309 7
51 4
123 3
291 3
160 2
92 5
156 3
232 6
25 1
97 6
291 8
173 9
318 5
193 9
19 9
347 1
179 1
205 7
43 3
86 3
68 6
139 2
320 2
90 8
121 7
53 1
143 4
390 8
306 5
291 1
354 4
139 8
237 3
162 9
92 4
309 7
95 7
343 2
259 9
270 8
157 3
386 4
118 8
259 4
21 3
117 7
143 6
157 5
120 1
148 4
148 9
185 9
388 9
217 7
280 6
376 4
372 8
205 4
184 3
180 1
342 5
35 5
238 2
58 4
73 6
98 4
371 1
328 5
158 4
11 7
78 1
333 5
171 6
90 8
191 9
134 4
326 3
133 2
89 8
182 6
343 7
227 7
341 6
175 3
20 7
242 5
199 9
350 2
87 8
377 9
27 2
88 5
114 3
150 3
157 3
388 5
323 6
397 6
34 6
86 7
359 6
367 9
291 5
18 8
216 9
303 8
152 2
92 1
383 7
84 8
326 7
387 5
61 4
63 9
363 4
306 6
41 7
213 5
77 9
100 1
307 5
256 9
56 8
281 5
30 9
113 3
42 7
275 1
298 5
133 5
72 6
349 1
116 3
128 8
261 7
31 9
337 3
181 8
46 7
354 2
233 4
120 5
354 4
286 2
6 3
183 2
2 6
225 2
91 3
126 5
74 7
146 9
104 3
300 9
101 1
56 7
339 4
280 2
254 3
370 4
398 8
68 2
275 5
223 1
13 1
24 4
192 1
347 5
4 2
254 8
311 2
126 7
344 1
92 7
330 2
242 9
26 3
379 5
137 4
346 5
243 6
302 6
349 8
290 9
13 7
242 7
301 8
260 8
155 2
346 6
313 3
211 4
86 8
363 5
289 5
225 9
187 8
220 1
13 2
100 6
284 7
77 1
275 4
83 4
328 2
117 5
301 3
10 8
347 9
400 4
343 2
278 1
259 4
306 4
84 3
330 6
261 5
6 2
62 5
124 7
385 9
364 5
71 5
263 8
367 6
203 8
60 4
217 1
91 2
67 8
108 2
259 2
278 8
244 2
189 8
22 7
37 3
213 1
92 7
184 3
41 7
205 2
183 6
109 9
169 6
256 6
219 2
368 1
96 7
83 8
228 2
336 7
75 6
286 2
236 6
230 5
15 5
400 9
143 5
137 7
176 2
231 4
230 1
49 7
177 4
257 5
4 5
381 4
211 1
163 8
135 2
328 4
132 9
147 1
267 2
179 3
190 1
146 3
94 4
15 7
353 1
274 2
170 2
24 1
165 5
363 8
229 2
106 5
241 8
96 5
248 9
370 4
76 7
236 9
44 5
243 8
237 2
70 9
285 7
236 6
233 6
185 5
307 4
188 4
110 4
338 8
3 6
288 9
95 5
27 4
18 1
47 7
180 9
359 6
308 4
154 5
223 7
381 3
87 9
376 5
342 1
330 4
221 5
16 8
238 5
33 7
292 7
285 3
28 8
77 8
274 8
174 1
98 9
167 2
395 6
94 7
128 1
289 5
102 9
123 5
210 6
60 1
123 1
373 7
393 4
84 1
262 4
314 3
221 4
223 9
163 2
1 2
116 5
126 2
290 9
67 1
219 9
397 4
120 6
216 1
1 2
124 1
39 8
287 3
141 2
213 8
16 6
41 9
243 2
312 9
300 2
163 1
165 2
354 6
68 4
149 5
107 7
169 6
166 9
242 4
61 3
209 2
348 4
190 1
361 3
108 1
124 5
358 2
298 3
323 3
184 7
343 2
196 8
197 6
333 5
39 8
130 6
6 3
223 2
383 9
55 2
132 7
171 8
334 4
321 2
26 1
92 1
292 5
80 2
218 2
157 9
361 7
291 8
256 9
162 9
22 8
301 5
86 1
273 1
49 5
215 3
93 6
303 6
151 3
171 9
220 6
378 2
262 8
326 3
173 1
180 8
110 5
216 4
233 3
49 5
258 8
65 2
200 1
74 7
63 8
37 1
41 6
97 1
153 6
193 7
216 9
50 2
21 4
206 5
69 7
150 3
34 4
170 3
32 1
98 1
82 5
315 7
118 6
295 6
292 2
181 5
93 1
247 7
396 7
362 8
265 2
159 7
166 9
40 3
243 1
151 1
205 5
192 9
180 5
275 7
39 8
134 5
128 1
389 5
264 6
346 9
66 5
102 3
330 7
269 9
309 1
132 1
353 8
396 6
193 5
355 6
208 7
313 7
232 6
210 4
52 7
95 9
396 8
331 9
119 3
273 4
77 8
61 2
252 7
295 1
259 5
335 9
117 8
343 3
357 7
141 6
81 5
73 1
388 5
135 2
119 6
147 6
399 8
121 1
97 7
141 6
57 3
298 8
250 2
373 7
201 8
332 4
76 4
303 9
182 4
191 6
74 1
160 5
94 3
25 1
396 5
166 6
115 4
398 2
325 6
163 7
219 5
67 2
187 1
285 1
158 5
6 8
204 5
365 6
311 9
113 7
337 4
309 7
119 9
321 4
293 5
364 9
320 8
158 7
381 2
111 6
8 8
179 9
178 4
119 5
29 6
34 8
174 4
186 3
52 4
293 8
123 5
34 7
189 8
359 8
349 4
280 6
12 5
292 3
290 9
41 4
174 4
123 9
2 7
103 9
392 2
10 9
134 4
41 8
19 1
65 5
160 3
196 6
45 6
337 9
382 5
106 4
97 8
282 7
209 7
119 2
75 8
16 7
78 8
182 3
51 4
319 7
62 4
164 1
354 6
356 3
117 1
373 2
133 8
166 7
315 8
262 7
248 5
183 4
97 2
224 3
327 8
238 5
383 7
378 2
153 5
55 4
140 3
247 6
161 1
279 4
346 3
48 7
59 3
32 6
7 5
264 4
313 9
21 5
153 9
356 3
103 7
19 8
345 6
358 4
211 2
289 7
39 5
135 4
382 6
313 6
11 3
281 2
179 2
240 8
362 3
165 8
150 9
70 2
89 1
60 6
169 3
164 7
332 7
126 1
169 8
392 3
325 1
203 3
4 8
183 7
270 1
285 4
377 8
234 4
44 2
7 4
85 6
160 4
144 6
318 6
300 7
91 5
362 4
372 1
219 1
38 1
349 4
151 4
296 4
184 2
255 1
29 1
163 3
379 6
80 4
281 6
66 3
70 5
130 9
146 1
100 5
93 6
150 1
326 4
55 3
218 8
223 1
271 7
108 6
11 3
155 7
398 5
156 9
131 9
175 9
372 8
368 5
43 2
71 6
332 4
185 1
209 4
86 3
49 5
118 6
151 6
117 4
289 1
289 1
274 6
276 9
196 2
223 4
51 9
31 9
131 9
90 7
3 8
353 2
173 9
14 3
6 7
340 1
208 4
125 8
70 8
323 8
23 8
106 2
199 3
351 7
162 7
32 5
177 4
200 1
174 1
373 3
236 7
344 7
150 5
137 5
321 2
39 7
242 7
46 9
190 7
67 7
204 7
108 1
205 2
201 2
238 6
148 4
386 1
300 8
317 2
398 7
249 5
15 3
254 4
271 8
102 5
118 3
326 8
192 9
304 4
146 7
400 7
364 1
166 3
365 7
84 1
234 7
32 4
266 7
49 9
52 9
280 9
169 5
343 2
206 4
78 6
290 1
189 6
291 2
171 4
396 1
221 4
323 4
131 4
32 4
24 3
272 5
74 2
359 6
158 9
133 9
85 7
181 1
196 7
261 6
7 3
20 8
66 7
228 4
287 5
385 9
43 9
324 2
2 9
280 5
281 8
208 6
282 4
355 3
278 5
285 5
250 3
1 3
345 8
331 1
122 9
388 2
25 4
9 3
260 8
344 6
198 8
323 2
337 8
182 7
183 7
155 2
263 6
235 1
34 8
207 4
274 6
202 9
153 2
163 9
344 2
197 4
82 9
222 9
246 3
164 8
119 6
86 5
274 4
174 2
138 2
317 9
398 3
364 7
225 4
67 6
308 5
264 4
25 1
110 5
278 5
172 9
313 6
170 2
131 1
101 8
297 5
327 7
75 1
49 2
260 7
371 9
249 7
57 8
36 4
48 6
10 5
254 6
164 2
325 3
261 8
252 9
183 9
399 5
366 9
176 3
107 5
146 3
286 4
75 4
195 2
217 7
337 8
332 4
268 5
293 6
115 3
266 8
371 5
362 3
374 2
151 4
315 4
117 4
