# semilla=1
50 400
7500
69 2
131 2
254 8
242 7
108 2
250 1
200 7
312 1
357 8
137 4
303 2
163 1
12 1
333 9
5 7
352 4
217 1
271 4
392 8
254 9
120 6
119 4
390 8
149 1
214 9
329 2
96 5
62 6
370 9
217 9
344 4
156 5
301 8
259 7
302 1
246 4
381 7
213 3
188 9
360 6
45 8
340 9
56 3
267 7
190 8
376 1
241 1
158 7
332 3
87 9
117 1
395 4
277 9
119 7
264 6
296 6
236 5
338 9
312 1
197 9
67 9
399 9
106 7
29 8
187 9
103 9
212 8
183 7
178 1
276 9
320 6
235 1
118 3
282 3
47 9
131 1
345 2
43 1
232 1
387 5
128 5
57 3
177 5
36 3
82 5
271 3
337 5
332 5
233 6
255 8
59 1
160 7
176 7
97 5
56 5
374 9
108 7
11 4
10 7
75 1
369 3
229 9
348 7
279 4
323 9
231 4
269 1
203 6
338 7
31 5
65 4
25 5
37 2
159 5
381 3
214 5
67 1
288 1
303 4
292 8
88 9
20 7
103 6
51 4
294 7
303 4
253 2
341 7
152 9
256 1
167 7
145 1
81 4
168 3
174 7
110 5
346 2
195 9
177 9
249 9
121 2
372 1
44 3
87 3
276 4
138 6
308 9
131 6
174 6
59 5
121 8
70 9
395 2
165 1
209 2
195 3
65 6
59 7
40 9
115 2
137 6
152 9
59 8
142 2
24 5
7 1
47 7
59 1
97 4
301 7
83 2
231 3
349 4
82 2
223 7
278 5
282 5
365 8
162 2
107 6
21 1
6 5
372 6
231 7
161 7
33 2
163 8
58 5
111 9
353 8
339 6
133 3
278 4
158 4
127 6
42 5
46 8
47 6
117 7
158 1
168 3
163 5
126 6
52 9
314 2
126 4
11 4
206 2
138 9
37 2
12 1
149 6
253 8
79 2
257 6
40 9
341 3
92 3
73 6
157 2
364 9
309 5
65 4
73 9
370 1
400 6
320 9
383 4
92 5
222 9
81 1
366 4
130 2
350 8
221 9
129 9
225 9
233 1
203 6
88 5
249 1
331 7
293 1
32 6
297 3
304 3
71 5
142 7
289 7
89 2
120 8
4 3
271 6
257 8
352 4
123 6
254 8
116 7
173 9
313 5
331 4
25 2
391 9
331 6
82 9
393 4
160 5
355 5
283 6
85 8
305 2
64 9
293 7
91 3
129 7
112 1
254 7
368 6
197 9
85 9
374 1
269 2
131 2
137 2
72 2
228 4
196 7
204 3
167 8
65 8
109 2
221 9
210 2
339 5
143 4
194 9
3 4
271 8
297 1
16 4
134 4
89 5
76 9
103 5
160 5
350 8
87 9
183 8
216 2
394 4
293 7
105 5
56 1
61 1
280 5
346 3
39 9
192 5
224 9
347 6
389 9
166 1
64 8
368 8
180 5
277 7
174 8
58 7
196 4
286 1
143 9
102 8
308 9
210 5
360 3
231 9
102 6
270 1
348 7
297 7
208 6
319 2
253 4
328 5
323 1
209 3
325 7
139 3
393 2
398 1
179 5
363 7
351 9
156 3
237 5
249 3
240 9
24 5
262 2
382 7
36 6
35 8
11 3
260 3
354 2
206 5
310 5
107 9
107 4
171 5
36 2
358 9
338 6
240 9
286 1
87 5
335 9
139 6
313 4
201 9
205 3
248 5
313 6
367 4
133 4
339 1
319 7
163 7
390 4
138 4
38 3
297 8
298 3
311 5
236 9
84 3
399 3
367 8
185 5
385 7
124 2
368 4
368 5
35 2
117 7
165 8
52 3
24 1
306 1
386 4
350 1
254 9
371 8
176 5
61 3
49 4
205 4
254 8
194 3
119 4
146 8
281 7
109 8
367 5
170 8
304 2
110 2
24 1
3 8
164 7
298 5
101 7
82 3
16 1
199 3
341 9
30 7
131 3
41 8
334 5
8 1
275 1
269 3
22 5
400 2
222 2
98 1
256 3
382 5
352 4
340 8
200 6
324 5
134 4
126 1
302 3
180 7
310 9
327 9
32 6
281 7
276 4
365 9
218 2
366 5
381 2
129 3
50 3
31 4
220 1
28 2
263 8
257 6
51 6
21 3
273 1
227 3
203 8
13 9
139 2
129 6
44 5
18 7
30 5
161 3
134 7
60 5
49 7
126 9
286 4
170 6
261 7
300 8
54 3
335 8
269 9
369 9
275 1
150 3
103 6
200 9
167 2
210 6
65 2
23 5
334 9
161 7
153 6
181 5
167 9
257 1
270 2
77 6
373 6
168 2
232 5
246 8
187 7
41 1
69 1
269 8
295 5
126 6
186 6
207 5
238 6
273 9
86 1
76 5
352 4
289 3
58 3
393 7
373 1
51 9
349 5
366 2
105 5
35 9
329 2
38 4
330 3
262 7
12 6
250 5
113 4
307 8
121 7
232 6
279 4
247 2
132 7
104 1
383 9
395 7
264 8
40 7
316 9
297 7
21 6
235 1
98 5
357 1
277 2
155 9
383 6
398 9
331 9
145 9
211 9
266 7
309 5
232 5
68 9
228 3
282 3
130 1
218 1
189 7
206 5
338 1
47 2
3 7
138 8
140 6
326 8
394 6
199 8
60 8
182 3
213 3
10 3
134 6
66 5
212 5
264 5
379 7
354 5
222 6
398 8
111 8
206 7
47 2
67 4
77 4
374 1
53 5
80 8
397 2
205 3
2 2
219 1
282 4
274 7
178 1
334 2
377 9
348 7
344 2
136 5
92 8
361 1
110 2
200 2
343 8
151 9
255 7
60 8
55 3
198 4
86 9
132 7
381 9
148 8
325 9
110 6
249 2
5 6
363 5
29 9
321 8
154 2
118 9
141 5
362 4
211 3
67 5
100 7
288 1
273 9
77 7
139 5
246 5
137 8
110 8
189 8
124 6
91 3
379 8
274 3
30 9
167 9
354 3
331 4
162 8
246 6
61 3
72 5
116 2
326 9
360 1
289 3
351 2
116 4
258 5
217 6
3 1
157 4
44 4
144 6
138 9
195 1
63 6
178 3
59 5
395 3
349 1
178 2
48 2
154 6
128 5
272 1
186 1
41 3
205 6
369 4
49 6
141 1
264 6
58 6
329 3
311 5
208 2
348 9
244 7
275 7
155 4
324 5
282 3
28 9
57 3
124 4
223 5
280 1
129 9
139 9
135 8
65 7
363 2
382 6
36 9
186 9
285 9
351 1
317 5
229 3
80 2
297 3
347 4
248 6
187 5
82 3
196 8
208 2
308 3
139 5
342 1
276 1
330 3
195 9
52 8
16 7
307 7
142 6
210 7
311 8
28 2
242 1
331 1
22 2
301 3
272 9
391 6
283 5
291 6
243 4
319 4
55 9
184 3
60 1
361 6
217 6
130 1
316 7
213 7
184 5
387 6
226 4
326 9
74 1
175 2
263 3
279 8
175 2
299 1
246 4
197 3
204 4
52 4
172 6
337 4
347 8
381 8
190 8
334 4
222 8
205 9
62 8
137 3
77 1
193 7
56 1
335 2
94 8
393 7
342 9
148 3
79 9
55 5
10 8
204 4
276 7
3 9
128 7
82 3
176 4
39 9
286 3
90 7
300 1
263 4
219 4
21 9
372 4
359 9
354 9
40 4
204 8
61 1
199 2
287 2
329 8
24 9
123 1
11 5
239 5
371 7
86 3
288 6
395 9
326 8
257 7
284 3
358 7
358 7
103 8
143 6
78 5
291 5
90 2
375 6
173 3
133 5
130 6
197 5
290 8
7 3
67 5
116 4
37 9
317 4
279 7
367 4
296 3
284 8
201 4
43 2
79 1
16 7
196 7
350 3
303 3
345 9
280 2
124 7
72 5
104 7
183 3
116 5
364 3
179 8
275 5
46 9
154 4
362 8
12 5
319 2
315 6
387 8
131 1
27 6
82 3
323 2
58 7
325 4
382 4
259 9
204 2
363 4
197 9
69 5
372 1
368 2
104 7
340 8
280 4
138 1
327 3
344 9
258 4
211 5
394 7
205 5
253 2
343 3
96 9
9 8
386 1
251 4
202 9
173 4
49 2
348 1
217 8
97 3
305 9
98 9
198 9
185 4
120 6
338 2
175 1
235 1
313 3
76 5
241 1
299 9
34 7
48 7
263 5
202 5
181 8
26 9
245 1
219 5
302 6
77 9
143 2
311 6
213 7
267 1
295 2
19 9
8 2
171 6
189 9
18 6
299 2
249 2
277 8
172 9
279 1
83 6
185 4
75 3
302 2
207 6
261 7
185 6
134 6
20 2
393 4
136 7
282 5
294 2
39 3
137 7
43 3
145 9
372 5
121 4
51 5
370 8
25 9
155 4
279 2
282 6
174 5
265 3
19 8
187 1
15 6
214 3
286 1
362 9
218 3
102 4
59 3
301 9
63 5
235 4
29 6
234 6
315 6
113 1
8 8
17 3
130 9
21 1
118 2
269 3
18 9
103 4
227 5
125 8
260 6
167 7
335 2
100 3
97 5
298 7
315 8
187 1
250 1
54 7
363 6
174 2
332 7
100 9
254 9
257 8
308 8
310 8
85 5
346 9
155 7
311 9
133 5
159 1
310 1
235 8
183 4
261 8
108 8
172 3
197 7
28 2
183 1
131 9
380 1
157 7
8 6
174 5
302 1
107 2
169 2
344 2
66 5
210 6
120 1
330 3
387 9
384 6
155 5
194 7
270 8
38 4
209 4
312 1
317 4
323 4
125 7
195 4
319 3
369 5
381 6
1 5
228 8
88 3
16 6
224 9
176 9
251 6
310 2
299 5
281 5
220 1
160 2
328 8
59 9
113 5
224 6
119 1
53 9
264 9
84 3
150 1
35 4
2 1
217 1
34 1
5 1
276 6
171 1
314 1
287 4
241 4
137 5
298 9
268 5
120 3
108 7
31 4
285 8
19 6
168 7
62 1
289 3
259 2
390 3
112 4
91 5
51 1
161 3
33 8
77 4
23 5
177 1
302 2
227 4
117 3
62 1
104 1
383 2
45 4
147 5
270 7
128 1
371 5
392 4
167 6
183 8
392 7
348 7
46 7
126 8
176 3
310 2
123 2
396 7
142 9
156 6
387 6
210 8
187 6
162 7
242 9
9 6
66 5
87 5
291 3
281 3
86 8
331 3
70 3
41 5
121 6
331 6
88 5
243 5
40 7
79 9
181 8
56 3
351 6
36 3
246 9
18 1
372 4
333 6
377 6
260 6
258 6
176 2
95 7
17 5
315 4
32 4
156 6
289 7
126 6
396 1
119 5
358 1
101 2
70 4
189 9
137 3
84 4
39 5
294 9
261 9
308 9
222 8
298 9
244 3
263 6
101 7
38 5
106 4
391 3
69 4
11 3
249 6
95 1
185 2
313 4
348 4
45 8
330 4
309 6
85 1
112 6
246 9
19 1
188 8
287 6
70 8
35 9
164 5
310 6
294 2
247 6
213 2
135 2
338 6
10 3
168 4
161 5
130 5
250 7
7 5
84 5
25 2
221 7
314 4
143 6
394 8
295 5
312 5
346 3
166 3
181 2
204 6
268 4
203 8
77 8
358 4
20 4
41 2
20 9
260 8
292 8
359 6
267 3
289 8
204 1
198 9
371 9
380 8
85 6
27 6
181 8
122 9
156 2
227 6
100 3
69 8
24 6
291 6
89 8
245 1
295 4
313 1
228 3
261 4
205 8
64 6
135 3
87 6
68 3
380 9
158 4
284 7
240 8
262 9
160 3
267 9
159 4
145 3
350 1
175 2
218 7
366 9
377 3
317 8
231 9
227 6
106 1
44 2
50 9
199 3
228 7
94 8
230 9
304 1
301 4
303 8
251 7
149 6
398 3
307 5
93 1
285 1
344 2
282 4
229 6
227 6
382 2
199 1
383 8
143 7
239 6
260 2
85 7
278 7
315 8
259 3
164 3
180 3
313 4
116 4
233 3
53 2
218 1
233 3
192 9
165 5
204 1
199 8
367 8
155 5
330 7
161 5
90 2
251 3
229 3
235 2
276 2
275 6
162 8
347 9
326 6
371 6
288 8
166 8
354 7
275 4
86 4
275 4
305 4
27 6
318 1
169 7
16 6
185 6
308 7
108 5
115 6
204 7
343 3
5 7
334 6
310 4
120 2
314 6
197 4
364 5
50 7
3 6
48 7
79 2
274 3
386 6
74 7
224 6
278 9
142 4
100 3
85 9
83 3
62 8
300 9
67 7
69 6
311 6
305 3
11 6
399 3
116 4
355 8
304 8
18 2
69 9
241 3
108 6
363 3
144 6
34 7
244 1
271 8
101 4
106 1
370 5
22 5
266 4
37 2
395 2
205 6
54 8
368 9
364 8
342 5
74 7
191 6
385 7
211 7
189 9
106 4
34 3
122 4
11 4
343 7
234 8
291 2
28 3
270 1
23 7
143 7
68 4
356 6
213 6
300 1
260 8
67 9
187 1
179 2
126 2
224 3
10 6
67 3
148 1
242 1
248 2
385 7
48 8
279 9
50 3
276 7
330 9
210 4
268 7
245 6
225 2
35 4
304 6
54 2
182 2
101 2
354 2
2 9
222 4
47 5
250 1
294 7
287 5
201 1
344 1
142 8
225 4
138 6
397 8
227 9
29 5
264 3
382 8
234 5
300 3
165 9
338 7
389 7
351 9
306 7
245 4
157 1
33 3
253 2
185 5
159 9
156 3
55 9
71 8
20 8
241 6
278 6
65 1
276 4
395 5
319 2
237 5
7 5
372 9
355 1
290 7
58 2
351 6
310 8
47 8
272 6
302 1
97 3
29 2
22 2
285 9
157 4
83 9
77 4
112 2
258 6
354 7
137 3
147 4
36 5
30 1
222 5
244 7
224 2
95 4
394 1
327 7
213 6
182 9
76 3
116 4
31 6
35 8
165 4
113 5
80 9
196 2
245 1
242 5
135 5
107 3
354 7
340 1
394 7
235 9
13 3
119 8
331 2
152 7
103 9
171 2
128 4
252 2
92 8
184 7
205 9
216 1
321 7
73 7
66 1
150 7
316 7
327 2
104 5
246 7
136 9
393 2
167 3
288 9
133 1
288 2
395 6
233 5
385 2
146 3
44 7
362 7
15 8
299 3
397 9
201 8
396 4
261 1
193 1
211 2
128 1
233 2
151 1
178 1
35 2
24 5
182 5
47 9
241 6
168 3
322 6
270 4
168 4
128 4
160 5
275 6
366 5
301 1
337 8
130 4
76 4
83 2
133 7
104 3
85 9
319 2
162 7
362 4
82 1
229 4
206 2
359 5
396 4
370 5
262 8
173 2
36 2
119 2
269 8
366 9
235 1
308 3
235 7
277 2
99 1
125 5
110 9
311 5
158 5
179 5
148 1
15 1
321 8
22 4
40 6
232 5
59 4
345 2
99 1
100 3
320 1
226 1
287 4
244 3
273 1
115 3
33 1
71 6
296 2
265 9
134 4
204 1
279 5
181 5
278 7
207 9
271 9
239 5
46 3
389 8
289 7
69 4
270 1
265 1
163 3
113 6
204 1
210 8
258 2
353 1
68 9
211 9
200 9
140 1
112 4
156 7
154 9
12 5
98 9
267 9
84 4
46 4
246 3
27 7
145 1
78 2
21 7
244 3
112 8
339 2
340 7
115 2
66 6
260 8
253 9
339 6
222 4
227 5
207 6
198 4
194 2
93 6
39 1
215 8
32 8
57 4
233 6
263 2
172 1
142 9
393 6
67 3
221 5
367 8
374 4
251 7
15 9
131 2
147 5
13 2
167 9
340 3
113 5
379 2
88 8
191 7
327 8
348 8
341 2
289 8
289 2
344 1
31 1
143 1
138 5
91 9
245 6
9 8
176 4
116 6
377 1
12 8
263 4
202 3
92 4
42 7
21 3
164 1
233 9
318 9
84 1
217 4
132 9
225 4
21 7
211 7
262 7
140 8
173 1
41 8
375 7
83 7
83 9
261 9
374 9
319 3
137 7
384 8
147 6
363 8
204 9
193 5
123 6
278 9
367 9
116 5
11 2
135 7
83 5
395 5
252 1
82 8
57 4
78 2
197 1
89 2
49 8
282 8
13 1
139 1
271 8
380 4
183 8
57 6
164 7
335 7
149 2
118 8
288 6
219 7
364 7
301 5
96 3
28 6
181 7
35 6
295 3
75 2
273 4
245 4
184 9
321 3
396 4
154 3
384 3
332 7
218 8
180 1
273 2
13 6
128 3
110 7
228 9
302 5
219 6
247 6
42 1
398 3
285 8
91 2
5 2
13 3
143 4
369 8
206 9
262 5
358 5
286 7
54 7
238 4
37 6
69 1
323 7
327 1
149 6
395 1
356 8
163 1
391 9
162 7
356 1
299 8
352 2
217 7
377 2
290 1
6 9
305 7
391 6
90 7
377 1
74 5
265 7
331 3
292 8
371 5
299 5
380 1
399 7
277 7
75 6
88 8
202 9
340 3
258 2
310 7
134 7
251 1
321 5
82 5
199 5
64 5
5 2
344 2
240 3
239 4
122 1
116 2
56 2
373 1
297 2
23 5
213 3
178 2
26 7
315 4
82 9
294 8
88 6
310 7
263 3
167 9
37 1
8 5
51 8
45 1
340 1
380 5
281 5
303 5
235 7
61 4
157 3
261 9
382 1
188 8
49 7
345 3
141 2
192 5
389 4
169 3
286 4
315 1
118 8
184 3
210 6
219 8
58 5
28 9
152 9
164 4
107 4
377 4
193 6
132 1
252 9
72 7
392 8
47 9
142 2
113 2
219 7
73 2
342 8
266 4
83 4
140 6
361 6
178 5
291 3
16 4
132 8
400 9
9 6
9 3
358 4
133 4
38 7
353 6
353 6
386 4
55 1
201 6
294 6
351 7
176 5
207 5
396 6
315 2
224 4
314 8
178 5
368 1
55 9
28 3
319 4
396 9
225 5
217 7
319 1
35 7
79 4
243 7
253 2
210 3
366 8
111 5
286 1
153 5
72 5
332 9
156 8
69 7
171 9
165 4
143 1
160 9
295 5
255 5
136 3
149 5
172 3
133 7
345 8
337 8
370 3
197 1
48 4
163 1
268 5
21 7
56 6
67 1
177 4
320 6
266 7
365 4
267 2
17 6
10 8
14 3
382 5
344 4
220 5
323 3
23 1
255 7
278 2
195 5
224 1
118 6
215 8
308 4
297 9
346 2
173 7
336 3
400 4
265 8
37 7
348 7
112 5
399 1
145 1
134 2
93 5
388 8
356 7
157 2
153 1
245 3
131 9
107 3
22 7
283 1
291 9
153 1
373 7
175 2
132 3
307 4
38 3
400 7
272 1
113 7
350 1
344 1
271 7
392 3
28 7
335 7
98 3
114 2
314 8
277 9
172 5
99 9
306 5
199 4
344 5
318 5
365 3
365 5
186 5
257 4
396 4
275 1
54 4
142 3
378 6
113 3
335 1
312 4
199 5
132 4
326 5
193 1
394 1
79 8
224 5
188 7
399 6
317 4
147 5
136 8
317 3
298 6
73 7
32 2
134 2
397 8
107 8
158 1
138 6
3 8
221 7
217 6
312 8
390 4
380 7
201 5
50 2
373 3
362 6
188 7
362 7
64 7
27 7
312 4
58 4
353 8
197 3
352 3
113 2
355 6
166 9
226 3
194 8
289 3
20 9
102 4
391 3
62 5
286 1
3 6
147 4
28 5
337 3
66 2
368 3
302 7
138 3
38 4
392 3
309 7
111 7
278 8
89 2
256 4
105 2
350 3
126 4
313 3
281 5
34 6
41 6
271 5
92 8
222 9
295 9
114 3
284 2
223 7
189 4
228 9
201 6
343 3
27 1
189 8
83 8
294 6
181 3
235 4
280 8
275 5
307 4
66 4
145 2
341 2
336 4
218 9
110 5
253 1
193 4
326 1
159 5
319 4
220 1
389 8
167 7
125 2
87 9
27 7
84 1
264 8
249 6
282 7
15 7
200 4
266 1
287 1
335 4
332 6
19 3
225 3
232 3
74 5
259 7
355 2
263 2
37 7
248 6
108 1
272 7
113 8
102 3
122 4
272 6
329 5
245 9
121 4
145 2
395 1
389 1
320 6
46 9
334 3
234 9
42 7
370 3
279 1
366 3
164 6
232 4
205 8
44 7
188 1
146 4
300 6
192 1
49 8
389 7
158 3
154 4
382 6
171 4
21 1
10 3
308 8
167 1
137 9
140 2
368 4
7 3
385 7
178 5
256 1
198 2
157 7
385 4
118 9
299 7
291 5
6 1
78 8
363 3
180 2
307 4
286 9
80 3
206 3
313 6
100 3
71 2
66 1
306 5
140 6
4 3
359 1
33 8
367 7
366 7
159 3
201 7
387 6
230 6
150 8
96 5
5 5
118 1
256 1
4 2
305 8
2 4
68 7
377 7
114 5
94 4
83 2
170 6
45 2
285 4
105 6
287 9
230 2
221 6
85 3
317 2
182 3
352 8
313 2
234 7
112 2
35 5
169 7
189 6
221 9
318 2
98 7
178 9
378 8
178 2
230 6
5 4
156 7
343 3
99 5
362 9
316 1
84 5
30 2
137 2
93 9
232 4
240 7
28 3
253 6
258 5
382 7
46 7
67 9
120 7
250 2
303 6
273 9
95 1
362 4
98 1
178 4
123 9
270 7
286 7
85 4
1 4
262 9
30 3
281 2
13 3
279 5
118 6
171 3
49 5
212 6
305 1
281 1
345 8
20 6
160 5
346 7
158 7
248 5
345 2
300 1
366 2
218 2
107 2
323 1
126 8
37 4
175 4
152 5
239 8
357 9
294 9
108 8
193 2
376 1
38 5
370 8
105 5
213 3
329 7
193 8
114 4
253 1
150 5
243 8
181 2
304 2
110 8
199 4
216 1
374 3
390 7
218 6
270 3
35 9
365 3
24 4
389 9
279 8
336 5
155 8
69 1
363 8
223 6
224 6
112 5
105 8
296 8
139 7
146 5
228 2
57 6
230 5
266 4
261 6
128 3
81 5
363 4
211 1
346 7
204 4
70 2
44 3
240 7
113 5
310 7
138 1
146 3
62 7
145 5
353 7
284 1
340 3
50 3
266 8
222 2
30 6
332 6
158 1
157 8
17 6
146 9
322 4
135 5
87 5
262 6
285 2
357 1
66 3
197 6
174 8
86 5
14 5
10 9
327 1
216 9
238 1
317 9
200 2
64 1
197 2
256 4
182 1
210 8
278 6
97 1
66 8
242 5
222 9
52 7
232 9
265 5
48 1
217 3
180 4
43 8
186 2
304 6
339 2
105 6
82 3
170 2
107 5
286 2
252 8
257 8
198 6
268 9
244 3
348 3
1 3
158 3
334 3
107 3
356 4
235 3
44 8
260 9
200 7
313 7
279 9
349 7
241 5
245 3
344 4
194 1
141 3
226 4
80 7
227 1
178 4
342 3
147 8
170 3
308 2
339 7
344 2
38 1
16 2
45 3
281 5
32 4
221 6
350 5
340 6
103 3
210 2
182 2
217 8
171 9
53 1
339 1
76 7
393 4
104 2
343 3
234 9
13 6
359 5
338 5
79 8
27 1
148 3
392 1
320 6
13 3
130 2
120 5
335 8
256 4
40 3
147 1
330 4
81 3
125 8
56 1
101 6
334 3
139 2
42 5
119 7
153 9
70 5
72 5
274 2
154 9
52 4
226 7
328 2
16 7
245 1
151 8
241 6
93 4
245 9
103 9
378 9
329 4
71 7
358 4
368 6
252 4
25 4
59 6
35 1
109 7
170 7
231 8
236 8
191 1
105 5
67 9
389 2
390 7
103 6
53 1
378 4
102 7
100 5
159 6
120 1
348 4
306 5
157 3
341 2
8 6
374 3
356 7
252 8
400 2
116 6
32 2
124 3
102 7
72 7
206 6
43 1
281 8
294 6
148 6
381 6
192 1
59 7
155 5
30 9
246 5
27 8
163 7
378 8
298 9
263 4
88 9
22 7
132 4
162 4
380 2
314 3
216 7
290 5
311 3
48 5
123 5
293 3
233 7
9 3
157 9
71 3
211 1
240 9
384 8
266 1
199 2
353 5
212 8
56 9
219 7
14 5
308 1
150 5
167 9
15 3
279 1
112 6
380 2
84 5
381 7
267 3
41 9
254 9
33 7
188 3
236 7
314 6
349 5
256 9
40 9
70 1
324 2
106 6
246 9
76 3
360 3
218 1
39 6
327 5
351 5
371 6
190 5
209 7
244 8
189 6
320 7
78 3
359 8
129 5
219 8
310 1
151 9
253 6
254 3
229 3
332 8
78 4
171 2
350 9
289 6
88 7
321 7
156 5
114 1
336 8
184 2
135 8
369 7
236 1
219 5
250 9
77 6
76 4
377 7
63 2
165 3
241 9
230 9
80 8
80 1
97 7
172 5
250 5
19 7
42 4
14 6
208 5
127 5
222 6
227 6
349 5
62 6
18 5
105 2
309 5
9 5
172 2
205 8
151 9
144 6
74 8
30 2
194 8
161 1
239 4
70 6
77 4
249 3
145 6
113 4
315 1
310 8
142 8
237 8
187 7
217 2
116 6
29 6
54 7
280 8
170 3
104 2
138 8
250 8
164 8
279 2
253 5
373 9
331 2
363 3
214 2
381 3
196 2
217 9
112 3
2 9
348 2
52 2
331 6
64 9
330 6
214 7
39 7
332 8
154 7
226 7
319 9
312 3
235 8
199 2
171 5
321 3
136 1
49 3
375 1
3 6
174 1
83 7
225 1
221 9
290 7
63 7
30 1
70 4
259 8
333 7
161 3
148 3
292 3
284 3
389 3
302 4
372 4
16 4
251 9
235 6
241 7
272 1
216 4
364 7
137 1
394 9
166 2
263 4
220 5
67 9
240 9
189 5
63 2
365 6
208 8
187 7
347 9
225 8
193 9
15 1
250 6
391 4
53 1
180 2
367 3
355 8
63 4
75 8
380 2
86 5
388 8
356 6
96 4
23 5
333 8
279 9
233 5
126 1
156 8
77 4
101 3
157 2
132 3
201 5
382 3
233 7
349 2
183 6
119 1
277 3
233 3
145 7
77 6
176 5
2 3
97 5
110 1
30 1
236 5
114 9
386 2
384 2
310 3
104 3
16 7
81 3
226 6
27 8
317 9
184 5
297 3
279 9
27 4
59 8
252 4
264 6
58 5
78 5
328 7
136 2
10 1
190 9
95 1
168 3
22 1
16 5
127 1
372 5
247 8
173 2
103 3
180 2
190 3
185 4
237 7
230 6
315 2
127 4
49 4
46 5
268 6
42 2
301 6
128 9
146 5
64 3
367 7
109 8
70 4
41 7
38 7
79 4
155 5
309 9
372 8
198 2
56 6
233 8
338 7
109 6
77 5
167 4
307 1
339 7
137 6
56 3
105 6
241 6
289 1
29 8
69 8
256 9
387 4
143 5
316 3
146 2
163 4
175 6
101 2
213 4
216 3
263 9
46 7
15 7
72 7
178 9
204 3
375 2
392 9
119 4
250 8
194 6
130 9
5 9
387 9
358 5
13 7
380 9
202 3
88 5
51 7
59 8
207 1
250 2
289 2
114 6
198 6
183 5
124 7
71 4
350 7
320 1
127 4
291 3
291 6
96 2
395 4
216 1
263 6
275 6
179 7
117 6
397 7
37 4
240 3
183 6
48 8
264 7
194 5
38 8
240 3
135 1
271 6
217 4
180 8
170 8
267 1
75 4
355 2
116 5
187 4
290 3
228 6
189 1
360 3
200 9
181 6
339 9
293 7
155 9
134 8
43 1
54 9
138 5
109 7
286 4
126 5
48 7
201 9
148 5
310 8
48 7
115 4
247 2
264 6
292 9
43 1
42 6
126 8
47 4
17 8
68 2
352 8
34 1
74 8
65 8
224 8
151 1
311 5
279 2
306 2
321 9
287 6
18 4
277 9
78 1
385 7
22 3
171 7
285 2
309 8
158 6
106 7
248 2
195 5
3 2
155 4
291 7
7 7
39 2
125 2
215 9
229 9
160 9
394 1
74 8
249 6
77 9
60 4
138 9
8 8
321 8
74 3
162 7
227 5
311 8
304 6
362 7
394 2
12 4
282 4
127 6
222 9
392 2
43 1
399 4
331 6
123 4
271 3
282 2
262 3
32 5
327 5
301 6
179 7
191 4
1 8
68 3
196 1
94 1
136 6
396 4
209 4
125 7
339 4
213 7
23 3
300 1
322 4
52 1
150 3
281 7
313 6
95 3
84 9
76 8
331 2
230 3
400 5
137 6
227 4
294 1
375 4
334 4
138 4
384 7
378 5
367 4
185 8
211 4
235 9
347 9
162 1
120 4
277 3
217 2
279 2
390 7
219 9
196 8
49 4
31 7
107 9
359 4
222 9
382 9
367 9
309 8
386 6
328 2
193 5
261 6
161 3
216 9
127 4
39 4
44 5
350 7
380 4
253 5
18 7
177 7
238 7
105 1
147 4
78 3
173 9
347 5
313 8
218 5
192 6
133 4
233 7
382 6
20 4
398 2
338 3
127 6
74 9
229 7
129 1
214 6
74 6
36 4
198 4
205 9
283 2
347 8
109 2
71 7
58 7
395 9
302 4
240 8
279 2
83 1
181 1
290 8
70 8
197 4
373 4
309 1
175 4
246 5
382 3
281 8
259 9
214 1
80 4
6 5
215 2
95 1
193 5
262 3
147 3
88 5
261 4
342 5
230 4
261 4
360 1
106 7
168 6
338 7
394 1
345 7
46 3
253 3
181 5
93 1
355 8
237 6
177 6
318 9
382 9
112 9
69 4
213 2
123 5
154 9
238 6
323 8
9 8
361 8
68 1
218 7
96 5
288 7
98 7
380 1
125 8
175 6
228 5
41 1
266 6
81 3
28 6
242 4
313 1
18 1
245 8
240 7
125 7
91 2
125 5
156 4
13 2
106 7
341 5
254 5
157 2
324 8
72 5
161 5
301 9
174 1
153 4
131 8
258 9
115 1
161 8
57 2
219 6
130 1
72 9
157 6
176 7
92 1
240 6
84 4
246 3
319 7
280 7
57 5
390 2
314 8
84 7
252 3
380 2
16 9
359 9
246 9
68 4
23 9
155 7
351 8
132 6
283 6
265 6
291 1
93 7
114 8
324 6
337 5
372 4
34 5
150 9
396 1
151 8
247 3
48 9
281 4
26 9
174 5
34 9
309 4
304 3
75 7
324 6
325 4
311 8
342 3
1 4
26 1
40 7
186 7
97 3
3 7
17 4
32 7
58 6
192 9
308 3
195 9
328 2
382 6
251 1
240 4
207 9
41 7
308 7
10 6
264 5
119 7
255 7
190 1
32 7
311 7
301 3
354 3
170 4
73 8
212 6
387 1
188 6
186 2
385 7
68 1
73 1
376 5
136 6
21 2
66 3
123 6
108 3
228 4
210 6
68 5
304 3
236 1
294 3
376 2
17 3
213 5
263 4
30 2
309 9
398 9
277 7
375 5
355 8
287 8
239 2
290 6
55 5
118 1
122 2
106 3
336 7
386 7
325 3
290 4
288 4
250 3
352 2
197 8
184 1
309 8
327 8
395 1
128 5
89 9
312 8
35 6
45 5
357 9
155 3
279 1
162 2
76 9
359 3
89 1
316 9
1 1
36 9
185 8
25 9
332 9
40 8
233 1
142 6
230 2
178 2
90 3
388 1
296 7
100 4
80 8
63 6
269 8
306 2
369 9
349 3
257 5
50 5
46 2
293 6
276 8
295 5
226 5
388 9
225 9
237 3
156 5
40 5
18 7
367 3
251 6
342 5
63 5
224 4
125 7
277 2
206 3
130 1
350 5
394 4
174 2
133 7
54 3
124 8
166 8
209 2
262 8
19 7
102 7
290 5
316 3
69 7
29 1
330 1
226 1
178 9
229 6
96 4
372 8
319 4
339 4
200 6
397 8
143 5
83 5
344 2
393 9
37 9
317 8
293 9
125 2
256 2
231 9
280 3
58 6
268 7
298 4
267 2
231 4
58 2
244 5
296 9
155 1
171 7
125 7
79 9
290 8
35 8
132 7
379 9
296 9
35 2
197 2
137 7
17 2
279 6
39 7
346 8
246 3
205 1
134 7
346 7
198 8
8 4
276 3
38 8
207 4
55 8
101 7
326 7
223 1
144 1
398 1
250 7
67 3
381 4
259 7
146 2
281 1
212 3
240 3
153 1
333 5
300 5
17 9
168 5
17 8
45 3
380 7
360 8
136 8
12 7
18 5
396 1
178 4
176 3
126 3
47 1
49 3
158 6
253 8
11 7
296 9
195 4
377 9
73 9
394 2
214 9
198 4
286 1
306 9
162 7
199 9
323 4
68 7
91 2
291 2
370 5
90 6
242 8
394 9
83 5
328 4
136 2
367 9
167 4
336 9
113 5
397 3
327 3
30 8
183 3
317 4
156 1
218 8
253 1
89 9
194 8
335 6
158 5
82 6
342 9
382 6
48 7
125 6
49 6
125 2
188 9
340 5
23 6
266 1
198 2
2 1
294 3
237 2
111 6
35 9
71 7
95 8
311 2
264 5
361 8
94 6
338 3
62 3
40 7
83 3
115 5
55 1
309 4
4 4
7 8
356 4
315 7
153 3
174 6
317 7
56 4
174 1
217 8
370 4
85 1
257 5
240 4
43 2
111 3
128 4
367 9
185 9
268 1
293 9
102 8
17 2
90 7
66 8
259 4
123 1
191 3
281 3
221 9
126 5
178 9
104 5
304 4
53 9
22 6
157 9
92 3
212 6
280 5
307 1
399 9
127 1
163 8
26 4
205 2
226 7
253 9
283 4
388 8
55 4
391 3
326 5
310 5
4 2
342 7
10 4
259 6
141 4
394 8
287 3
232 1
195 9
203 7
29 1
149 6
120 4
236 9
241 8
20 9
98 2
165 5
220 4
360 3
142 5
351 9
300 6
55 6
218 9
218 8
246 4
51 3
265 8
318 8
30 2
44 7
205 5
98 8
294 6
305 7
277 9
58 1
122 8
198 5
315 5
44 3
202 2
27 4
177 3
90 5
289 2
120 1
215 5
81 3
297 3
312 6
281 4
63 6
337 8
104 5
320 1
368 4
91 6
337 9
98 4
333 7
57 6
299 5
92 1
386 9
156 7
277 7
207 2
163 6
70 5
138 8
82 8
99 7
241 2
394 8
364 2
286 3
132 5
211 5
381 5
103 6
333 3
344 4
277 2
221 4
135 9
274 4
68 2
173 1
379 8
129 1
340 1
310 4
19 6
48 3
343 3
99 4
331 1
259 9
6 7
253 1
278 4
268 4
339 2
167 7
91 1
264 7
157 6
16 8
175 7
225 8
243 6
371 3
224 1
347 9
169 5
292 1
16 7
79 8
101 7
279 8
92 4
264 1
315 3
211 8
384 1
102 1
291 7
38 9
206 1
73 4
353 7
174 4
53 7
163 1
307 2
104 6
181 1
331 7
304 5
223 5
334 9
83 3
264 3
337 1
292 1
224 4
114 8
50 1
224 3
282 5
265 8
379 3
318 7
99 5
163 2
331 2
288 2
248 1
285 7
183 9
29 2
238 5
30 6
371 8
65 5
235 1
65 5
273 2
304 2
332 2
220 7
261 2
217 6
287 3
359 8
256 9
392 7
151 8
240 4
107 9
99 3
32 5
377 1
392 8
230 3
107 5
280 5
75 2
95 9
47 3
88 7
87 4
390 7
130 6
397 3
286 4
213 6
382 1
397 4
88 5
30 2
116 1
219 1
266 1
90 1
276 8
372 7
323 3
187 7
116 8
368 9
326 5
63 9
384 5
13 5
325 9
391 1
147 1
48 6
183 2
343 9
231 5
364 1
29 9
140 6
179 4
394 5
251 5
390 2
118 7
195 8
84 7
235 7
114 8
398 9
324 2
377 9
203 7
97 4
318 3
20 3
234 6
181 2
130 4
164 5
10 5
223 8
136 6
368 2
361 1
138 7
358 3
119 6
317 7
392 1
121 9
364 3
114 2
99 2
99 4
22 7
375 6
74 1
239 4
32 1
365 2
19 4
181 2
193 4
349 6
201 5
88 5
159 5
299 6
117 4
62 7
73 6
146 6
306 9
304 6
27 9
30 2
223 6
270 6
277 4
157 9
147 7
265 9
166 3
77 9
52 3
337 4
358 5
223 7
135 9
322 6
159 8
230 1
233 9
211 1
296 2
153 9
93 2
58 4
186 8
188 5
77 5
396 2
373 3
349 8
170 9
119 6
20 1
61 3
255 8
352 9
48 7
32 3
38 5
6 8
125 4
111 3
284 7
68 3
81 6
345 1
191 1
378 8
232 2
18 8
71 7
332 5
393 1
20 9
20 3
114 5
270 2
390 5
95 1
304 2
245 3
390 5
60 9
44 6
68 4
117 6
303 8
179 1
291 2
375 5
293 9
95 1
383 9
336 6
305 5
287 3
321 1
252 9
86 6
296 9
188 9
220 8
242 6
210 2
348 2
51 4
167 4
20 1
304 6
114 7
193 1
344 1
222 5
339 6
358 2
53 6
92 6
199 8
82 3
215 8
97 1
257 3
102 3
342 2
306 1
46 4
232 5
32 7
139 7
382 4
232 2
36 4
107 4
16 3
211 8
226 6
92 4
216 2
196 6
186 2
265 8
272 9
354 1
101 5
183 6
15 4
126 7
167 6
345 8
237 2
376 9
391 1
327 4
397 6
40 7
130 4
30 5
49 5
289 3
221 6
265 2
157 2
227 8
84 4
294 1
274 1
102 4
168 2
299 7
211 9
336 7
342 6
194 8
145 9
183 4
72 9
323 5
278 2
374 8
180 7
368 3
339 1
44 8
351 1
202 3
298 3
94 9
36 7
287 4
267 7
393 6
357 7
90 7
304 5
120 6
314 9
5 5
148 9
392 5
75 4
391 8
20 5
59 2
27 2
255 3
250 8
316 7
116 1
213 3
27 5
233 1
80 9
335 4
107 3
110 3
10 7
322 1
385 7
314 6
185 6
78 6
166 9
353 6
324 1
166 8
393 3
48 1
372 1
250 2
97 7
319 9
211 2
135 9
224 1
385 8
111 1
283 1
359 5
216 2
172 6
300 7
32 5
68 4
7 3
229 1
314 7
356 2
283 1
271 3
364 8
34 1
281 1
73 4
2 9
17 9
330 4
306 7
365 2
250 6
171 3
370 4
126 2
336 4
85 5
48 2
356 4
67 2
231 5
185 4
73 3
300 4
218 2
191 9
274 3
395 1
397 9
348 1
143 1
286 8
214 4
304 2
181 6
257 9
303 5
85 5
152 8
261 6
259 7
57 1
34 2
160 7
329 7
191 6
296 2
361 3
286 8
259 7
116 9
130 7
173 5
89 1
58 2
225 2
372 8
389 6
142 2
161 7
63 3
267 9
230 9
46 8
176 2
165 2
396 2
283 4
254 4
249 6
23 3
32 1
220 6
157 9
319 4
182 3
352 2
324 4
400 1
91 6
224 5
108 3
108 7
388 9
95 3
123 8
74 5
289 6
83 6
278 5
124 4
86 5
17 3
67 1
224 1
180 8
75 7
111 3
279 6
377 3
378 2
368 5
191 6
25 9
157 3
370 8
331 1
239 7
314 2
10 1
394 1
9 1
396 4
190 4
231 1
361 1
114 5
103 9
393 3
99 4
191 9
111 3
291 2
161 3
280 8
339 8
12 9
245 2
7 8
164 6
178 7
74 2
56 8
337 6
86 2
198 1
259 8
1 3
152 5
156 1
244 8
32 3
1 8
306 7
19 4
60 7
345 9
269 1
299 5
4 1
124 9
367 7
143 6
372 1
110 7
110 8
258 1
67 9
320 5
330 1
50 7
49 1
254 8
77 2
359 8
129 3
31 2
273 8
37 3
173 8
385 9
81 8
377 6
132 5
248 3
339 5
268 1
91 4
54 7
40 2
152 2
130 4
89 6
55 8
51 6
267 9
34 8
299 7
45 9
308 2
240 8
132 7
239 8
195 7
50 7
171 1
36 3
253 7
16 2
375 7
352 9
307 6
21 1
259 1
231 9
90 8
155 7
40 9
372 4
219 6
252 7
331 7
341 1
292 9
329 9
53 3
393 7
280 3
131 4
254 3
176 9
327 2
81 8
10 5
20 9
50 5
253 3
211 5
181 5
166 5
96 9
303 4
320 9
56 3
130 2
104 1
351 3
267 8
378 9
59 9
287 4
91 7
216 3
21 6
354 1
165 3
76 6
127 1
366 7
336 3
168 4
321 4
247 5
139 9
259 9
247 4
386 3
364 2
290 4
233 3
193 3
11 2
378 1
18 9
29 8
386 8
372 1
253 5
146 5
375 7
246 2
45 5
324 7
223 4
121 9
79 2
355 5
106 2
180 5
71 4
184 6
82 2
54 4
156 4
325 2
22 6
309 7
110 6
313 2
388 8
240 6
350 5
171 9
10 9
45 3
85 1
14 4
105 7
159 3
55 7
270 9
5 4
35 4
82 6
105 6
118 5
178 7
368 6
26 8
103 2
237 3
200 7
107 6
174 4
254 8
205 1
239 6
330 8
173 1
227 7
347 8
250 5
31 9
237 4
48 5
332 3
231 4
137 3
278 5
372 7
4 4
290 8
8 5
326 5
284 5
40 7
24 9
358 1
101 8
391 4
203 6
154 8
320 9
132 5
309 3
203 7
256 9
116 4
209 8
39 7
29 1
354 4
181 4
55 1
242 4
28 3
162 1
343 9
131 4
98 7
270 2
294 3
131 1
75 1
368 1
304 9
111 3
168 3
89 7
297 1
2 6
260 1
111 2
395 8
238 2
88 5
266 1
212 5
299 9
300 4
93 6
51 5
363 5
103 9
58 1
144 4
111 4
278 4
256 6
205 8
371 2
191 2
239 5
244 1
11 6
245 1
127 9
65 1
203 2
119 1
154 6
53 2
142 5
369 3
121 9
381 3
245 1
211 8
367 1
7 6
321 7
153 8
27 8
163 7
323 1
87 5
186 4
35 3
314 6
203 9
278 5
387 9
392 6
188 8
73 4
214 4
54 2
88 1
326 1
43 8
271 2
96 6
270 9
324 3
94 7
39 8
56 1
247 6
207 3
299 6
72 4
200 6
97 9
400 9
52 5
226 4
297 8
78 5
28 3
101 8
277 4
22 7
323 6
245 9
213 4
100 2
8 3
254 4
255 5
202 2
259 2
51 6
87 4
351 7
159 7
132 9
325 4
194 7
18 1
384 4
191 7
165 7
142 8
363 7
90 3
357 7
179 6
297 6
257 7
18 6
389 2
172 1
109 6
92 9
390 5
256 9
90 7
189 6
16 3
94 6
353 8
321 8
351 9
99 2
165 1
220 4
225 5
216 5
41 9
102 8
58 1
400 1
273 4
123 1
310 8
343 6
105 4
57 1
356 5
321 5
360 2
69 6
231 7
169 1
261 5
43 8
114 3
290 4
269 5
387 8
147 5
51 9
334 5
83 3
270 3
220 5
204 7
119 3
211 3
288 9
170 4
112 3
148 2
325 2
354 4
60 5
385 1
68 7
203 1
64 1
68 8
203 5
123 3
241 4
327 4
311 5
269 7
236 5
68 9
67 1
67 9
79 1
266 5
280 9
90 1
178 8
280 3
119 6
333 3
362 4
346 3
290 8
340 4
65 4
24 9
172 4
208 8
368 5
365 3
60 1
45 1
147 8
26 2
323 5
309 6
178 4
109 5
98 3
174 5
338 6
186 1
40 4
89 7
331 8
108 1
238 7
194 6
352 6
253 1
332 5
384 2
340 1
208 7
192 7
95 5
327 4
394 2
156 1
218 1
235 1
207 4
280 8
132 1
307 4
115 3
392 6
123 5
170 1
198 5
9 8
14 7
9 2
89 4
10 7
311 8
79 2
110 4
390 7
289 6
189 2
370 4
101 2
66 5
178 6
218 5
212 6
339 4
39 8
113 5
325 1
261 6
97 6
294 5
192 4
339 6
166 9
281 5
209 2
194 4
378 8
373 4
111 6
246 8
3 1
154 3
262 7
37 5
284 3
166 6
198 8
323 3
132 4
127 7
365 6
315 9
383 1
155 8
259 6
331 1
77 8
256 1
17 7
336 7
377 2
105 7
369 6
221 8
197 7
33 8
94 9
352 4
96 2
375 7
185 4
93 7
356 6
365 6
73 9
341 3
120 5
282 4
333 2
41 4
289 7
252 1
165 4
39 7
44 6
94 8
121 6
380 4
146 3
232 2
349 1
53 5
274 5
53 5
104 8
373 4
380 1
213 2
175 8
232 8
287 4
222 5
195 2
295 7
339 7
52 2
187 6
180 7
245 8
106 4
73 4
60 1
294 3
250 6
129 5
46 4
398 9
73 5
365 4
50 5
268 7
165 9
183 3
269 8
259 4
329 6
107 9
381 6
66 9
71 7
368 5
19 1
365 1
209 6
22 9
237 8
326 9
152 9
205 7
347 6
130 8
41 1
77 6
34 6
28 1
327 7
165 4
72 7
120 5
175 1
116 4
136 7
154 8
208 8
399 8
397 5
9 8
230 8
271 7
384 4
306 6
326 7
88 3
337 8
283 6
319 9
12 4
383 2
192 1
334 8
34 6
322 2
47 9
188 4
360 2
171 3
125 6
121 5
126 9
201 1
8 5
391 5
256 2
250 7
144 2
32 6
250 6
275 5
103 7
372 7
87 6
36 9
228 5
241 6
104 6
197 6
88 8
186 5
280 3
114 3
171 1
64 3
103 3
287 9
26 7
388 3
67 6
242 8
50 1
200 3
195 2
383 3
44 9
134 5
78 6
352 2
297 8
44 9
393 1
99 9
396 6
355 8
59 4
9 1
351 9
54 5
324 1
214 9
89 9
307 5
369 3
24 1
289 4
97 3
374 2
326 6
25 5
57 3
111 1
26 4
88 7
293 4
73 1
262 8
252 1
76 8
131 8
288 6
301 6
311 8
214 4
382 6
239 8
254 1
97 6
99 2
172 8
24 3
134 9
125 8
368 7
66 3
303 1
262 6
248 5
283 5
143 9
257 7
126 9
115 6
158 5
293 6
296 7
134 4
307 2
336 8
85 6
282 3
277 2
227 8
352 6
163 2
275 9
111 4
341 3
182 6
277 9
263 9
88 3
326 4
301 4
106 9
17 7
97 8
211 6
349 1
162 3
65 4
215 9
250 3
261 2
64 2
9 8
92 2
280 2
72 1
209 5
98 6
335 8
326 8
238 8
240 5
53 6
175 2
234 7
144 7
170 2
155 3
133 1
76 3
96 7
64 4
207 3
366 5
178 9
66 7
59 7
186 4
7 2
109 7
41 1
292 6
182 7
60 3
315 3
112 4
239 4
272 3
237 5
248 4
201 1
7 2
89 1
120 6
162 2
214 8
72 1
140 6
356 4
277 6
254 3
145 5
12 6
254 1
390 4
119 1
287 9
151 3
249 5
282 2
99 2
95 1
165 3
259 3
382 1
101 3
115 3
337 4
274 4
128 5
265 7
120 3
194 3
339 3
198 7
258 3
338 2
292 9
66 9
99 3
248 4
241 2
166 1
255 3
229 3
259 9
204 7
58 1
85 4
314 4
137 7
143 1
19 8
229 2
398 7
68 7
109 1
1 5
384 1
122 3
368 4
345 8
294 5
330 3
257 4
142 6
200 1
400 7
393 2
279 7
152 1
154 2
101 8
64 6
333 4
337 3
313 1
329 7
193 1
82 9
79 5
246 7
70 2
185 8
314 4
144 3
86 8
331 8
100 7
328 2
99 7
96 8
27 2
25 3
74 7
98 7
270 2
165 7
340 7
146 4
216 1
17 6
129 7
255 5
45 6
398 3
28 2
30 3
252 6
217 1
228 2
375 8
131 4
194 3
221 4
379 6
199 2
358 8
314 7
168 4
29 2
136 1
294 4
222 4
281 4
19 2
158 2
319 1
272 1
386 3
231 3
26 1
335 4
115 4
281 1
232 4
218 4
332 3
188 1
269 9
183 7
18 6
383 1
113 8
293 7
111 8
144 3
189 5
55 1
299 9
279 7
286 7
305 2
67 3
143 6
24 5
100 7
326 2
236 1
79 1
80 3
233 3
77 3
291 3
161 4
312 2
186 5
57 1
91 2
28 4
25 5
73 9
4 3
235 1
221 1
63 3
41 1
24 6
245 8
139 8
285 2
261 9
314 4
115 5
391 9
212 8
12 5
398 8
225 4
371 7
76 3
90 2
163 4
256 1
51 6
379 1
264 6
320 4
67 4
316 9
179 4
375 6
82 7
227 3
202 6
192 5
136 4
182 2
182 3
377 3
142 3
271 9
135 4
115 8
106 5
348 5
335 8
162 3
189 5
3 1
272 7
387 7
146 6
75 3
349 2
44 2
391 2
93 4
185 1
113 6
211 7
400 9
130 8
200 1
372 9
343 6
386 8
363 7
37 6
298 2
180 8
145 2
217 5
347 8
222 8
74 4
192 4
205 3
266 6
17 3
270 2
40 4
8 8
161 8
216 3
308 6
372 4
17 5
44 1
18 1
345 8
113 6
162 6
50 3
148 5
326 9
40 7
163 8
330 6
90 5
22 5
217 1
277 9
307 4
71 2
372 9
298 8
390 5
172 2
54 6
216 8
222 7
19 9
174 1
59 4
199 4
361 5
245 7
349 6
203 8
234 7
44 5
247 5
249 2
80 2
53 9
204 3
397 6
398 3
36 7
268 1
117 7
291 3
267 2
235 1
111 6
169 2
73 4
324 1
248 3
252 5
104 5
313 5
233 1
154 6
39 8
228 8
25 6
239 8
186 1
177 4
354 3
37 2
160 7
211 6
136 9
342 5
64 7
116 2
243 3
92 9
264 9
181 4
145 2
387 3
226 6
389 8
111 7
25 5
133 1
171 3
385 5
400 7
149 4
153 6
355 8
146 5
375 8
334 4
397 4
105 5
196 1
2 9
328 2
192 7
178 4
344 2
377 1
118 9
328 9
373 6
212 6
170 9
153 1
389 5
132 8
336 7
305 7
396 1
286 5
20 9
398 4
131 1
374 7
349 4
174 8
143 7
153 2
279 9
350 4
85 9
228 5
9 7
287 1
172 3
164 1
97 7
243 4
245 9
338 2
397 6
366 7
87 9
346 6
56 6
36 4
26 2
69 2
105 9
169 3
239 7
160 1
400 8
75 6
244 9
240 8
344 8
207 2
20 9
282 6
332 3
168 8
212 1
179 2
32 6
128 4
350 1
379 7
150 9
378 7
334 1
70 1
392 4
367 4
304 7
380 6
178 8
310 6
20 1
63 2
382 2
78 1
14 2
6 7
395 6
301 4
281 9
121 4
238 8
318 8
205 1
28 5
105 5
354 4
140 6
130 6
38 5
276 4
213 3
298 7
75 4
200 1
167 7
35 7
332 2
263 8
122 8
34 3
160 5
292 6
177 4
286 7
58 5
117 5
206 9
291 8
143 9
99 4
377 3
277 4
121 5
321 2
34 5
119 4
298 6
102 3
333 3
200 8
33 9
303 3
108 4
244 8
73 6
29 1
344 4
260 3
107 3
311 8
23 6
234 4
103 2
200 5
47 1
182 9
361 3
168 5
243 8
133 2
237 5
185 9
111 7
48 5
393 4
387 7
390 5
57 4
291 4
142 7
180 1
2 8
164 2
191 4
284 2
50 2
18 7
158 1
291 1
182 3
171 8
167 1
330 8
19 9
260 1
207 2
217 9
51 6
197 7
53 3
154 7
115 7
232 7
378 9
244 7
85 2
323 1
113 2
32 8
189 3
376 4
302 8
304 1
389 7
240 6
297 5
364 3
108 8
114 8
176 4
64 3
382 3
28 2
368 7
264 2
340 4
396 7
114 7
40 7
191 8
229 9
216 2
356 8
6 9
337 7
19 1
207 1
333 8
217 6
30 8
256 5
352 7
337 8
357 3
293 2
66 6
347 2
204 4
26 4
175 5
339 4
190 8
373 4
259 4
64 2
140 7
321 7
324 5
128 3
144 5
121 1
61 1
398 6
267 3
49 8
305 6
298 5
33 4
153 7
155 3
96 5
128 3
73 4
240 8
190 1
296 6
203 1
190 4
161 8
13 8
186 9
40 2
386 3
28 8
47 6
357 5
124 3
131 9
375 6
204 8
335 3
256 6
276 7
102 5
303 7
226 9
391 2
4 4
185 2
17 3
309 8
310 8
200 4
217 8
186 8
122 1
265 3
331 3
239 3
293 4
64 1
207 9
21 4
164 3
299 4
347 3
291 7
39 3
227 5
371 8
192 9
363 9
128 1
93 6
135 9
65 9
380 6
36 9
254 3
125 4
111 6
118 6
64 6
370 3
267 5
74 8
179 5
206 1
236 9
135 7
319 6
18 6
154 4
378 1
382 1
265 4
331 5
107 2
185 8
296 2
287 1
104 4
180 7
64 4
122 3
49 8
128 4
303 1
178 1
192 1
89 2
242 4
275 5
19 5
339 8
11 4
393 3
263 3
212 6
294 3
399 8
230 6
318 2
390 2
307 7
27 6
49 4
231 7
222 4
351 1
299 7
74 4
183 1
380 6
169 5
110 1
173 8
99 5
4 8
28 7
29 6
288 5
217 5
223 9
351 5
24 7
321 4
322 1
374 4
55 2
373 1
161 4
160 7
289 8
32 6
336 2
36 1
355 6
286 6
349 1
65 7
91 2
141 7
79 1
101 7
219 5
389 6
224 3
396 9
355 5
359 2
73 1
23 8
33 9
287 5
149 9
92 8
124 3
1 5
277 5
57 1
292 3
271 1
183 9
33 1
184 9
76 9
14 9
81 7
195 8
5 7
259 2
47 1
95 6
264 7
151 3
365 4
1 8
8 4
395 4
258 3
304 1
44 5
107 2
157 2
163 8
33 1
311 1
286 7
6 3
329 3
279 9
63 5
194 3
87 5
373 7
81 3
147 6
270 7
385 8
141 9
146 8
385 5
11 1
181 5
81 7
209 7
244 8
264 1
275 4
123 8
122 1
63 8
300 7
223 9
332 6
138 1
181 9
220 6
195 7
7 8
25 3
329 6
160 1
363 7
41 7
335 9
197 2
374 4
171 2
42 1
283 9
368 1
383 5
165 2
350 5
41 2
328 1
96 5
281 1
267 9
31 9
171 3
289 4
12 5
305 7
213 7
214 4
313 3
255 3
45 4
289 4
258 1
336 9
108 4
226 9
398 3
244 4
287 9
235 2
382 3
185 6
237 4
38 8
53 1
345 1
398 6
60 5
69 6
191 4
85 2
47 6
102 2
345 3
188 3
334 2
124 8
387 8
84 8
326 2
36 8
54 9
338 6
346 7
213 6
179 1
186 9
170 8
18 3
84 3
54 3
155 6
121 4
309 6
15 6
386 3
386 2
43 6
292 9
179 8
239 6
399 2
234 7
32 7
102 9
151 1
168 4
338 7
374 1
202 8
224 5
228 4
322 7
293 5
46 3
4 4
250 6
162 2
157 3
89 1
263 4
260 9
31 5
242 2
134 6
153 5
186 4
339 9
99 8
34 9
297 5
194 3
282 3
49 6
331 2
153 3
27 3
333 1
366 7
367 3
121 2
103 5
234 3
243 3
218 6
153 1
194 2
140 3
294 8
4 5
341 3
188 3
38 5
4 3
175 6
263 9
336 3
57 4
230 5
339 4
385 4
230 4
265 2
47 7
209 7
314 9
342 8
89 8
293 5
56 4
155 2
322 6
160 6
47 1
110 6
50 4
231 7
197 9
103 4
224 7
66 6
142 6
64 1
353 7
362 6
252 3
164 2
310 8
126 5
374 9
214 9
297 9
205 7
67 4
99 1
385 3
178 3
153 6
42 1
26 1
360 5
260 4
97 9
121 6
264 7
112 2
148 2
111 2
134 6
289 9
278 3
137 2
101 6
391 1
180 7
45 4
343 1
10 8
395 5
286 4
258 1
199 8
90 8
373 9
18 1
67 5
245 8
324 9
364 1
383 8
127 4
37 1
221 3
3 1
275 5
166 2
114 1
278 3
50 6
326 4
143 8
90 8
320 3
274 6
83 7
303 4
153 5
235 8
70 3
90 3
256 7
383 6
87 3
136 9
333 1
207 9
140 3
279 6
375 2
274 5
23 3
325 7
13 2
331 1
296 9
5 8
276 7
188 3
91 1
5 6
372 2
29 2
75 3
12 5
113 4
347 2
177 7
177 8
197 9
98 5
369 9
98 7
123 7
112 2
166 3
207 4
163 9
191 1
107 3
165 5
318 8
52 1
96 9
189 4
82 5
398 3
57 4
193 9
222 5
106 2
145 8
258 8
117 1
133 6
201 3
335 6
169 8
87 9
51 8
65 3
1 7
87 3
56 9
327 4
324 2
29 8
115 9
204 6
151 2
115 6
382 1
49 5
143 5
283 5
94 7
353 8
165 7
144 9
395 7
107 7
180 2
359 9
229 5
158 7
180 1
146 3
58 6
122 4
265 6
72 1
179 3
299 5
272 7
365 1
372 4
154 6
176 9
382 1
2 7
146 1
51 3
300 5
56 1
140 1
312 8
256 1
106 4
378 1
179 5
191 9
116 6
166 8
18 3
66 4
336 4
366 1
46 1
27 4
387 6
212 3
100 4
192 4
118 1
216 6
281 7
67 6
339 3
49 8
387 5
375 7
206 2
107 6
368 6
353 7
200 8
157 2
247 1
249 2
168 3
89 6
210 3
294 3
355 3
372 6
207 2
316 4
310 3
381 8
192 5
368 3
157 8
18 7
69 8
157 6
313 2
177 7
124 2
3 8
62 6
313 8
309 4
52 9
12 9
153 7
106 6
218 4
86 3
25 8
223 2
89 1
337 1
43 8
292 7
179 4
271 1
183 8
388 2
188 3
398 7
124 2
267 5
284 1
289 7
75 9
137 7
113 6
222 4
287 2
111 6
280 8
281 3
389 6
196 2
119 7
220 8
203 5
357 3
109 6
13 9
37 2
163 7
29 8
313 9
60 1
331 8
345 4
241 5
195 6
133 9
399 4
363 9
32 9
331 2
340 2
287 9
394 2
24 2
91 5
209 1
43 2
99 3
232 1
95 4
111 4
84 1
186 9
389 1
120 1
320 3
86 2
122 7
75 4
333 6
27 2
347 6
146 5
25 4
242 1
42 9
24 2
256 4
59 2
10 1
328 7
394 8
59 1
9 9
1 5
52 5
157 3
388 6
28 2
276 6
173 3
261 9
212 2
279 5
275 2
225 2
61 1
355 1
37 1
73 4
213 5
322 9
287 4
146 2
270 2
317 5
263 5
397 8
394 8
315 5
221 7
127 1
188 2
382 3
348 3
258 3
233 3
319 1
310 1
213 7
168 9
244 5
9 1
1 2
374 3
359 4
359 8
103 2
44 5
52 4
380 3
155 3
173 3
275 3
380 2
301 7
245 4
27 8
113 9
282 9
244 4
372 5
107 6
149 1
325 8
271 3
323 7
292 5
356 3
348 5
227 7
88 1
229 5
220 7
292 7
392 7
200 3
377 9
314 7
99 4
39 8
344 9
294 6
120 7
388 2
146 2
64 7
12 4
314 7
285 8
202 5
41 4
203 2
262 5
231 5
130 7
272 8
123 6
166 4
178 1
129 9
62 8
390 6
154 1
20 5
278 7
208 3
294 2
172 5
1 6
153 4
263 2
197 8
344 9
189 6
138 8
111 9
330 6
27 7
210 9
340 6
244 1
62 6
310 8
236 9
55 5
71 4
1 8
278 1
37 3
14 9
345 1
3 2
325 8
251 7
182 7
9 4
86 1
392 3
301 2
106 4
122 1
244 6
123 3
209 7
269 8
102 7
133 9
333 5
389 4
85 6
15 7
140 6
49 6
178 3
379 7
41 2
116 4
335 1
111 5
72 6
385 4
339 1
246 4
311 2
124 1
264 9
357 5
7 2
245 1
263 7
57 7
208 7
300 6
248 6
342 6
240 5
263 3
387 9
83 2
217 3
377 2
103 7
391 7
356 5
259 8
26 6
93 4
302 6
193 5
236 3
277 7
125 3
380 6
298 4
126 7
356 1
245 5
70 4
175 6
133 1
14 9
38 4
208 3
265 9
19 9
102 4
123 9
176 7
166 1
354 1
288 8
174 6
83 4
256 1
201 1
146 9
223 1
147 3
370 3
321 7
1 7
249 3
104 2
162 8
224 2
162 6
107 2
112 7
63 7
283 3
258 7
216 7
235 8
320 4
315 7
293 4
345 2
14 6
179 4
140 7
161 3
177 4
99 3
252 3
88 3
350 4
274 1
386 7
192 6
246 9
190 6
373 4
241 7
238 4
265 2
347 3
102 3
310 4
65 6
211 8
322 8
240 2
338 4
2 8
395 7
256 4
290 8
322 2
293 3
238 5
26 7
386 5
89 3
225 5
351 5
10 8
243 5
185 9
248 6
48 2
247 9
90 8
339 7
99 6
144 3
135 7
173 1
317 2
227 9
378 8
178 8
146 7
154 2
1 1
12 3
16 5
82 1
252 7
300 7
163 7
259 4
78 1
216 6
259 7
344 4
121 4
68 8
98 6
20 3
42 3
340 1
222 5
356 1
343 7
314 4
100 8
351 1
263 9
304 5
348 4
49 6
5 8
216 4
117 8
83 3
75 9
83 8
183 2
123 5
317 7
221 8
343 1
208 3
223 9
130 7
315 6
156 7
247 2
170 2
86 3
156 9
268 3
45 8
255 7
310 2
265 9
327 8
394 7
284 7
186 5
154 8
243 8
155 5
244 4
169 4
338 9
276 9
220 5
59 9
24 6
198 8
55 2
64 8
172 5
198 2
189 4
252 2
41 8
187 6
340 5
62 7
29 4
391 8
371 8
61 5
184 4
58 8
80 7
28 1
13 1
49 5
354 2
107 2
134 1
320 9
277 9
44 5
315 3
376 8
69 3
378 4
98 7
290 8
336 2
36 3
246 6
134 1
134 4
317 9
91 9
288 9
83 8
81 9
222 7
77 4
1 5
292 1
309 1
89 7
228 3
340 9
319 4
374 9
240 4
54 3
281 2
340 5
152 1
281 6
162 5
267 9
17 6
10 1
198 8
90 7
111 1
369 4
381 3
250 1
188 7
211 3
245 3
90 9
316 3
238 2
317 9
327 4
11 5
15 6
328 2
161 7
179 8
221 5
42 5
243 8
391 9
302 8
119 8
155 5
68 9
198 1
49 4
256 4
333 1
216 5
342 3
69 6
327 1
122 6
296 6
291 2
352 5
173 7
29 2
287 4
84 7
8 4
184 4
44 9
102 9
111 9
312 8
66 7
286 1
191 7
55 3
254 7
165 2
336 8
277 7
131 1
240 6
7 5
164 3
204 6
279 8
360 2
170 9
193 1
276 1
260 8
253 3
128 2
400 6
60 4
329 3
116 6
141 3
29 7
160 5
144 7
41 9
370 1
141 2
151 1
305 4
139 1
58 8
101 1
117 1
375 8
235 4
295 8
394 3
387 6
266 1
177 3
63 4
143 4
43 1
286 8
81 2
378 3
358 1
83 8
356 3
11 1
206 2
400 5
203 9
151 5
260 6
366 2
355 4
329 1
3 5
39 5
188 8
318 9
131 3
100 9
20 4
273 9
296 7
129 7
277 4
145 6
51 4
132 2
245 7
203 6
279 6
295 8
384 5
215 4
271 6
296 3
87 3
361 3
43 6
100 4
219 2
55 6
100 8
194 7
90 9
335 5
193 6
115 3
221 2
58 7
195 7
35 9
201 3
272 3
34 8
33 4
87 7
140 3
279 3
288 9
175 6
389 5
354 3
63 6
364 4
88 1
132 3
71 4
89 9
7 9
270 8
23 9
149 6
104 9
173 3
252 7
390 4
258 1
223 4
184 9
361 5
11 9
180 2
120 1
377 8
348 5
306 1
248 9
349 7
365 7
397 9
195 9
270 6
24 5
149 9
230 4
4 4
344 5
92 8
298 5
152 6
329 5
347 9
230 5
266 9
295 2
76 6
392 5
389 6
66 1
114 9
153 9
372 3
46 2
274 9
389 8
362 3
216 3
106 5
111 6
359 8
389 8
35 6
138 3
47 6
100 6
136 7
174 4
293 9
198 4
396 7
398 6
177 9
61 6
16 7
389 5
388 5
337 8
328 5
259 3
77 8
170 1
166 8
122 7
17 8
276 3
114 4
305 7
52 3
117 6
11 7
383 8
228 9
72 8
288 3
14 7
145 9
246 1
383 1
202 5
43 7
325 3
376 3
19 9
359 4
84 1
92 7
169 3
135 1
286 6
45 1
156 4
69 6
282 6
113 4
96 5
168 5
24 2
192 5
24 8
36 8
387 8
125 3
351 6
135 6
81 8
344 2
264 8
174 3
383 2
389 7
372 1
114 1
232 3
281 9
395 1
128 1
304 9
185 1
347 6
313 9
339 3
116 4
155 7
26 6
65 9
60 4
261 4
293 2
177 3
114 5
261 8
267 5
1 3
393 6
228 7
310 6
320 2
79 4
264 6
293 3
230 8
187 7
51 8
224 5
309 9
21 1
181 7
51 4
179 3
22 2
292 1
330 9
386 8
391 1
391 9
116 8
332 3
139 7
50 2
26 2
287 6
124 9
112 8
240 3
172 1
222 2
113 2
367 6
65 7
331 8
21 5
40 4
51 5
92 2
323 1
267 1
102 6
35 7
386 9
274 8
118 2
15 5
18 5
41 4
377 8
179 5
294 5
358 5
298 8
298 9
305 5
267 2
340 6
164 7
33 1
92 1
40 3
201 8
174 4
53 4
74 1
171 4
356 7
60 7
165 1
132 9
59 4
80 1
207 5
349 7
309 3
288 3
137 1
266 6
186 2
232 3
319 7
133 5
166 8
108 2
181 8
355 6
145 3
154 1
214 2
375 2
335 8
257 8
103 5
261 5
385 9
225 4
133 8
345 2
70 3
281 4
175 5
68 2
259 3
332 3
288 7
15 3
67 1
175 4
165 8
173 8
44 4
125 8
38 5
373 4
197 1
156 9
331 7
55 7
1 9
305 5
280 1
144 1
144 4
193 7
222 4
188 4
46 1
49 6
104 4
311 3
231 6
154 9
224 6
217 1
314 7
280 1
57 7
241 8
373 1
48 1
308 9
349 6
75 9
168 3
242 1
283 6
107 2
399 3
318 9
118 6
95 2
239 7
394 9
178 9
298 6
156 9
325 5
233 3
395 4
263 5
340 6
164 6
277 5
42 9
121 1
44 1
209 7
149 1
361 5
249 7
167 8
259 8
254 9
54 8
121 2
348 9
192 5
388 3
206 5
35 7
397 7
129 5
252 5
297 4
185 6
183 2
358 3
345 8
163 1
384 6
347 6
158 7
47 4
267 6
239 8
296 7
265 2
262 1
300 4
321 4
266 4
165 2
29 4
337 5
87 3
317 5
16 3
373 5
344 1
127 1
275 5
48 2
312 5
359 4
236 3
378 8
374 7
53 2
34 1
10 9
154 2
131 8
304 2
175 5
248 9
354 6
63 9
37 1
117 8
244 4
198 8
189 1
258 6
129 9
394 4
139 3
317 9
370 9
103 5
319 1
374 5
120 9
398 2
194 7
77 4
186 4
232 5
291 3
308 9
336 8
201 8
314 1
214 2
260 2
223 6
376 1
204 9
68 4
314 9
37 5
273 2
309 1
384 7
311 9
