# semilla=3
50 400
7500
122 9
67 6
310 8
321 2
311 1
241 5
283 4
99 8
277 9
244 7
328 3
119 3
268 7
380 1
344 2
82 1
155 1
138 8
305 7
366 7
203 8
69 6
50 1
70 8
112 5
345 7
399 5
216 9
198 6
274 7
300 4
173 1
144 3
358 6
278 2
366 4
325 5
146 2
33 8
328 8
46 6
35 7
78 1
151 7
394 7
61 1
310 1
194 6
283 5
259 4
19 5
4 2
56 9
17 4
209 5
313 5
80 1
174 6
185 3
194 7
236 9
198 9
53 9
139 7
325 4
155 7
133 9
156 9
174 1
213 6
11 7
316 3
31 6
239 6
348 6
312 5
378 8
12 1
347 1
190 5
322 8
153 6
91 6
95 6
389 6
305 5
154 7
54 1
292 3
159 9
114 5
123 6
96 7
333 2
53 6
171 4
225 3
41 6
380 4
292 8
139 4
62 1
272 4
162 3
143 6
329 2
318 6
302 3
216 5
266 5
238 6
325 7
149 7
291 7
19 7
80 4
3 8
319 9
223 9
368 4
17 8
386 9
148 9
175 4
35 5
62 4
24 1
356 9
102 7
296 1
7 8
382 2
88 9
154 4
340 1
269 9
212 1
314 2
175 3
130 9
245 1
181 4
102 2
274 2
88 4
141 3
4 8
322 7
26 5
128 5
317 9
267 7
27 8
166 1
29 3
24 2
26 2
248 1
365 2
264 9
251 6
81 6
37 6
198 7
301 5
185 5
98 6
220 2
66 9
2 7
41 3
22 6
236 9
195 1
319 7
28 6
322 8
390 6
216 7
236 1
126 4
275 5
356 2
218 4
219 3
15 6
192 9
135 2
238 2
375 9
193 2
376 6
289 9
53 1
243 3
121 7
23 9
48 2
338 7
92 1
175 2
14 2
345 8
357 5
297 5
46 1
393 9
271 4
55 9
384 2
284 1
282 6
289 3
40 4
93 4
233 7
130 6
307 7
180 9
215 2
193 9
121 7
383 3
213 9
352 8
80 7
77 3
50 8
384 8
358 9
227 3
70 5
386 4
76 9
162 4
354 9
400 5
344 7
305 5
112 5
12 5
246 7
103 3
292 6
123 6
248 3
215 8
360 4
240 9
15 8
370 2
205 1
240 4
121 2
112 5
124 4
398 5
71 3
319 1
131 3
24 6
94 7
47 2
61 2
136 5
19 6
232 6
4 1
172 6
224 7
249 2
108 8
201 3
279 6
62 5
40 7
58 8
271 5
50 9
359 6
348 6
388 8
152 5
55 6
345 9
270 2
342 8
261 6
31 5
348 3
331 3
92 6
336 8
64 2
287 3
170 7
285 5
332 3
235 8
160 3
362 2
55 3
387 9
279 7
184 2
137 5
197 1
70 1
246 9
139 4
357 9
182 6
207 8
278 2
181 8
58 3
139 2
349 2
289 2
95 4
291 7
344 7
384 3
304 3
204 4
279 9
88 3
104 5
190 5
16 8
209 7
162 9
299 5
325 8
271 5
342 8
16 4
373 1
56 4
252 3
269 8
102 4
272 4
19 9
331 8
58 5
337 3
70 8
46 1
14 6
317 4
260 2
256 9
10 6
166 6
177 3
42 1
367 2
379 6
106 2
103 7
358 4
249 6
56 1
210 2
103 3
201 8
243 2
276 7
107 8
156 1
238 8
388 7
225 3
234 1
369 5
188 6
230 9
186 7
115 1
108 5
190 3
236 9
100 3
108 1
88 7
258 3
326 1
72 2
312 3
227 8
95 1
12 7
230 6
209 1
361 1
123 7
21 7
253 1
113 4
49 7
243 4
85 6
319 2
178 2
305 1
373 5
141 8
154 8
128 9
137 1
173 6
163 2
30 7
46 1
54 1
349 2
10 3
258 1
247 1
97 9
170 4
388 8
175 8
180 1
196 5
385 7
45 5
95 7
59 9
200 9
172 9
349 7
90 7
284 6
95 6
213 8
118 8
400 8
177 5
87 9
369 7
250 1
79 3
364 1
240 2
389 2
164 4
308 1
314 1
231 8
376 6
190 1
37 4
205 2
174 5
57 8
42 4
124 1
79 3
300 1
58 4
148 4
113 9
264 7
259 6
275 4
240 3
319 2
22 2
307 1
52 4
131 2
56 8
205 4
349 2
329 8
390 6
207 8
399 2
150 8
195 4
60 9
4 8
154 2
175 6
99 8
386 2
283 6
217 2
311 9
110 4
180 1
172 4
221 8
44 5
112 6
85 4
372 4
377 8
365 9
215 6
98 7
248 7
241 1
150 1
95 2
15 3
151 9
266 1
328 8
21 4
382 4
142 8
222 1
177 8
380 4
383 5
74 2
228 5
211 8
40 4
79 8
391 5
193 6
83 7
160 8
243 9
278 4
185 5
147 1
238 6
184 5
383 4
267 1
8 3
323 9
77 9
11 3
26 1
105 8
182 6
283 1
251 3
123 1
142 7
174 1
309 9
49 8
160 5
127 8
215 5
174 1
16 7
20 3
390 4
70 7
261 6
283 3
144 1
87 1
9 8
330 1
236 8
267 9
213 6
266 3
151 3
38 3
281 2
209 6
228 8
143 5
232 5
272 3
296 6
72 9
20 7
249 4
235 5
16 6
295 9
60 8
65 5
364 5
53 7
343 2
191 1
264 8
386 8
100 5
178 3
335 7
204 6
26 5
110 1
163 6
313 7
285 5
19 3
214 5
212 2
254 4
103 2
358 9
59 2
324 1
145 2
221 5
248 8
138 5
280 9
25 3
121 8
87 3
77 3
354 8
346 7
332 1
73 7
28 3
389 3
160 4
333 3
76 1
269 3
274 4
196 2
222 7
94 1
144 2
68 2
75 5
65 7
181 2
99 1
190 3
245 4
33 6
280 8
54 6
243 1
379 6
272 8
292 7
238 9
276 5
227 3
274 8
197 4
388 5
384 3
154 3
163 5
104 3
28 1
210 3
59 1
81 2
207 6
269 5
48 8
277 8
167 3
303 4
166 8
260 6
327 6
303 6
360 6
354 6
147 5
139 3
64 9
114 6
374 4
145 7
137 8
67 8
172 9
91 9
267 8
317 1
36 7
218 9
313 5
31 4
196 7
109 2
188 9
110 1
281 8
61 7
375 7
365 9
186 1
154 6
259 6
205 8
191 2
300 8
75 6
113 1
190 2
315 1
72 2
108 6
223 5
101 1
15 9
376 6
274 8
378 6
370 4
226 6
350 2
261 7
116 8
72 5
147 9
98 2
89 2
221 1
180 7
4 8
95 8
141 3
200 4
262 7
301 5
224 5
50 2
33 8
386 6
34 1
167 8
217 2
338 6
330 7
299 4
166 4
332 7
46 1
329 9
14 9
269 4
294 2
93 4
241 9
203 5
177 8
339 9
117 4
294 5
176 3
298 9
187 9
182 6
394 9
105 8
31 7
160 4
253 4
95 2
234 2
257 7
109 6
96 1
168 8
127 7
349 1
122 7
188 7
115 3
146 5
177 5
28 6
375 2
107 4
156 8
89 3
126 8
359 4
111 6
312 4
90 9
202 9
218 3
322 5
227 6
29 2
275 8
251 1
297 3
138 9
215 8
114 7
257 8
178 7
317 8
389 3
59 7
174 3
299 6
56 6
271 3
153 8
323 9
78 8
192 8
22 6
325 4
320 2
360 9
304 5
300 5
278 6
211 5
6 7
348 9
377 6
217 8
190 3
128 5
358 4
289 7
366 2
166 9
83 6
372 8
89 9
202 8
101 7
284 6
55 1
311 8
360 4
85 9
341 3
62 2
283 9
61 7
286 9
162 7
141 2
246 5
351 6
118 5
61 4
57 8
191 7
76 5
190 3
136 9
103 4
127 5
178 6
55 2
361 3
385 2
116 8
171 2
168 3
85 1
342 8
138 9
69 6
226 7
259 7
221 5
152 9
140 7
79 1
17 3
221 1
109 3
259 4
358 6
132 1
322 9
289 6
104 2
82 4
379 2
249 7
379 5
77 2
279 6
343 3
133 3
45 2
349 3
49 1
358 2
323 9
201 8
284 8
135 3
359 1
36 5
350 7
88 1
17 6
266 6
186 2
23 4
199 1
275 8
342 6
322 4
226 8
122 1
177 4
118 3
213 7
50 7
162 2
280 4
149 2
13 7
14 6
115 4
233 9
136 7
340 4
268 7
327 5
33 3
232 9
272 2
146 3
225 9
65 5
268 3
116 6
270 5
63 2
256 2
246 4
380 7
11 1
12 8
319 1
30 9
246 1
25 6
346 5
157 8
252 5
399 5
68 5
321 2
208 1
59 4
122 2
82 7
272 9
72 3
43 5
263 9
4 8
35 6
347 8
44 7
342 6
287 7
223 8
176 1
166 5
247 5
243 5
106 6
50 5
381 8
216 8
386 4
369 6
308 1
340 4
300 1
313 7
124 7
93 6
51 3
257 8
131 7
216 6
194 7
21 6
376 7
187 7
140 9
113 3
117 4
393 1
329 7
373 2
310 7
245 8
194 9
258 9
222 4
243 7
30 9
367 3
12 4
290 2
71 7
398 9
60 2
54 4
151 9
66 7
223 3
81 4
354 7
255 6
321 8
264 1
131 9
10 6
163 9
198 4
63 5
102 2
106 7
125 4
171 4
379 2
171 9
156 4
278 4
287 7
1 9
330 5
123 3
386 5
300 2
129 6
105 5
80 6
111 4
321 9
60 8
219 5
29 9
203 5
297 5
270 4
231 4
160 6
341 2
55 7
396 7
367 6
336 4
129 2
312 2
13 3
164 6
308 3
115 6
25 2
399 6
311 9
35 7
172 9
149 1
250 8
399 8
394 3
248 1
62 3
190 8
143 7
265 4
236 7
243 6
357 6
375 1
279 6
246 8
275 8
6 8
38 5
96 4
273 2
338 3
90 5
161 2
186 9
3 4
171 1
313 1
195 3
55 9
232 6
381 8
5 8
347 7
334 9
380 2
56 2
341 2
104 2
144 2
340 6
15 4
26 8
20 2
262 4
168 8
381 5
393 6
358 1
99 9
331 1
112 7
66 6
228 9
268 7
343 8
70 5
323 5
40 4
389 3
279 6
225 7
124 9
358 9
163 5
173 6
393 3
152 6
38 3
198 5
305 8
208 9
221 4
52 6
4 6
226 1
333 8
272 5
317 8
274 9
382 8
398 4
153 2
354 2
249 8
203 3
104 5
366 3
288 5
1 3
103 4
233 2
149 6
338 4
265 2
1 6
226 5
251 1
326 6
151 3
321 8
300 8
160 9
244 6
124 2
104 9
19 6
275 2
178 1
92 1
243 3
168 2
88 6
298 4
244 9
325 9
32 1
385 9
118 6
73 5
287 4
179 6
297 7
77 8
220 7
30 8
207 1
332 2
137 7
157 6
64 1
93 2
209 1
203 7
389 4
352 2
223 1
136 6
95 7
344 6
212 1
120 6
261 4
384 7
190 6
148 3
117 6
378 1
126 3
249 5
100 3
292 8
389 9
301 8
85 7
131 7
389 7
48 4
194 2
108 6
183 5
156 7
331 9
397 7
79 6
265 2
147 6
309 5
373 4
99 7
335 4
334 4
268 4
192 5
230 4
333 2
382 2
263 1
337 7
17 9
300 5
160 6
65 9
68 5
89 8
394 7
134 9
123 3
347 8
43 4
182 1
290 8
31 9
216 7
60 7
162 7
155 6
326 7
40 8
100 2
350 5
225 2
136 9
35 4
303 9
179 5
389 4
297 6
209 1
39 1
76 4
320 4
335 2
103 6
87 9
393 2
87 7
258 8
12 2
166 4
196 7
400 4
56 1
46 2
288 5
345 4
94 8
95 2
353 6
38 8
257 3
73 4
116 8
143 7
345 1
119 5
346 6
36 3
82 1
230 2
395 4
56 3
69 9
162 4
286 7
13 5
46 8
128 9
236 4
62 7
296 3
116 9
137 2
65 8
210 1
309 7
59 4
279 7
382 3
46 2
243 1
90 4
166 6
241 8
150 2
56 6
304 1
11 6
162 1
35 3
133 2
14 5
352 8
324 1
216 7
26 5
176 3
281 6
105 2
165 5
280 7
80 7
132 2
353 4
251 9
47 7
157 2
315 9
281 6
350 4
100 4
266 7
238 5
356 3
79 1
124 3
260 8
191 7
303 7
381 8
263 9
155 7
274 7
156 2
365 6
55 2
198 7
134 8
153 2
119 8
292 8
84 2
300 7
367 8
109 8
153 1
378 5
348 5
38 3
304 4
371 1
22 8
211 9
199 7
221 1
79 1
193 7
231 2
126 3
359 3
330 6
58 6
335 6
321 1
159 6
328 1
333 5
252 6
385 1
105 7
366 1
130 1
43 4
165 8
36 8
323 7
4 7
10 5
232 9
70 7
127 3
223 9
49 2
38 2
127 1
127 6
161 8
283 1
212 4
39 6
58 8
335 4
196 3
162 3
184 6
286 6
52 3
227 2
176 3
180 4
48 3
241 9
156 8
267 5
258 2
204 2
99 2
38 4
129 6
330 4
89 3
321 9
57 3
101 6
326 6
387 4
39 3
205 1
126 5
159 1
191 8
190 6
276 5
173 8
291 2
174 4
358 5
297 8
116 8
157 4
355 6
55 8
60 9
255 3
174 3
26 6
32 5
2 4
156 6
134 3
309 8
347 3
77 6
268 6
305 9
265 4
358 5
165 7
364 2
214 4
293 2
131 2
71 9
9 8
225 5
165 5
107 5
205 2
9 2
340 7
46 9
75 3
260 8
124 5
169 7
359 1
202 4
6 7
259 9
141 5
338 5
81 6
10 4
379 2
89 3
111 2
214 1
227 7
353 9
393 8
123 2
168 9
327 5
264 6
14 4
300 4
287 8
309 8
332 1
382 8
237 6
86 6
388 2
180 1
129 7
273 8
161 6
305 2
16 9
131 3
391 9
49 5
228 5
230 8
44 9
144 5
27 6
220 5
115 6
80 4
244 4
286 6
33 1
12 9
251 7
145 7
358 7
140 6
233 1
264 7
258 2
94 4
78 6
179 2
99 5
258 9
392 7
133 6
166 4
4 9
10 8
46 6
303 5
222 2
68 2
177 2
90 3
315 4
285 4
347 8
335 8
156 4
343 9
163 5
181 6
352 9
329 4
192 6
66 5
321 5
376 4
215 6
238 8
51 2
8 7
344 8
232 9
228 6
150 8
184 1
383 5
82 2
26 2
25 5
192 8
272 8
301 6
3 1
105 5
298 8
156 7
119 6
205 6
398 4
327 8
349 4
98 9
109 3
398 2
367 5
376 8
153 3
261 8
64 7
335 7
359 8
149 4
24 8
47 5
39 4
381 7
12 8
69 7
344 1
58 8
391 8
323 7
171 1
307 5
62 1
311 5
322 6
141 4
349 2
287 6
265 2
244 5
284 2
193 9
324 8
337 2
2 5
165 6
322 6
207 3
155 6
143 4
372 9
234 2
80 9
182 4
191 2
291 6
106 5
377 4
272 3
12 2
392 9
376 9
261 7
277 2
307 1
355 4
285 8
214 6
187 4
376 7
39 7
193 4
387 4
198 8
103 1
191 6
386 1
400 1
175 6
56 4
269 8
98 5
300 6
283 6
179 7
224 9
342 7
96 7
133 9
203 8
358 5
10 2
226 9
280 2
51 2
192 8
132 5
110 2
245 8
279 9
314 5
367 8
295 1
5 4
123 7
188 8
359 3
162 9
148 6
101 3
136 1
257 7
47 2
311 3
200 6
116 7
20 1
133 4
360 1
315 6
295 9
56 2
146 6
109 8
351 2
241 5
261 2
103 1
82 4
276 9
204 2
326 2
16 7
225 1
141 8
115 3
327 6
341 8
345 6
234 5
264 6
209 7
27 7
234 2
287 6
66 1
138 4
93 2
136 3
356 8
125 9
302 5
64 9
333 3
146 3
260 1
306 5
250 9
104 7
261 1
242 4
133 8
40 8
193 5
396 6
252 9
112 6
60 4
43 2
263 2
106 9
309 7
51 4
123 3
291 3
160 2
92 5
156 3
232 6
25 1
97 6
291 8
173 9
318 5
193 9
19 9
347 1
179 1
205 7
43 3
86 3
68 6
139 2
320 2
90 8
121 7
53 1
143 4
390 8
306 5
291 1
354 4
139 8
237 3
162 9
92 4
309 7
95 7
343 2
259 9
270 8
157 3
386 4
118 8
259 4
21 3
117 7
143 6
157 5
120 1
148 4
148 9
185 9
388 9
217 7
280 6
376 4
372 8
205 4
184 3
180 1
342 5
35 5
238 2
58 4
73 6
98 4
371 1
328 5
158 4
11 7
78 1
333 5
171 6
90 8
191 9
134 4
326 3
133 2
89 8
182 6
343 7
227 7
341 6
175 3
20 7
242 5
199 9
350 2
87 8
377 9
27 2
88 5
114 3
150 3
157 3
388 5
323 6
397 6
34 6
86 7
359 6
367 9
291 5
18 8
216 9
303 8
152 2
92 1
383 7
84 8
326 7
387 5
61 4
63 9
363 4
306 6
41 7
213 5
77 9
100 1
307 5
256 9
56 8
281 5
30 9
113 3
42 7
275 1
298 5
133 5
72 6
349 1
116 3
128 8
261 7
31 9
337 3
181 8
46 7
354 2
233 4
120 5
354 4
286 2
6 3
183 2
2 6
225 2
91 3
126 5
74 7
146 9
104 3
300 9
101 1
56 7
339 4
280 2
254 3
370 4
398 8
68 2
275 5
223 1
13 1
24 4
192 1
347 5
4 2
254 8
311 2
126 7
344 1
92 7
330 2
242 9
26 3
379 5
137 4
346 5
243 6
302 6
349 8
290 9
13 7
242 7
301 8
260 8
155 2
346 6
313 3
211 4
86 8
363 5
289 5
225 9
187 8
220 1
13 2
100 6
284 7
77 1
275 4
83 4
328 2
117 5
301 3
10 8
347 9
400 4
343 2
278 1
259 4
306 4
84 3
330 6
261 5
6 2
62 5
124 7
385 9
364 5
71 5
263 8
367 6
203 8
60 4
217 1
91 2
67 8
108 2
259 2
278 8
244 2
189 8
22 7
37 3
213 1
92 7
184 3
41 7
205 2
183 6
109 9
169 6
256 6
219 2
368 1
96 7
83 8
228 2
336 7
75 6
286 2
236 6
230 5
15 5
400 9
143 5
137 7
176 2
231 4
230 1
49 7
177 4
257 5
4 5
381 4
211 1
163 8
135 2
328 4
132 9
147 1
267 2
179 3
190 1
146 3
94 4
15 7
353 1
274 2
170 2
24 1
165 5
363 8
229 2
106 5
241 8
96 5
248 9
370 4
76 7
236 9
44 5
243 8
237 2
70 9
285 7
236 6
233 6
185 5
307 4
188 4
110 4
338 8
3 6
288 9
95 5
27 4
18 1
47 7
180 9
359 6
308 4
154 5
223 7
381 3
87 9
376 5
342 1
330 4
221 5
16 8
238 5
33 7
292 7
285 3
28 8
77 8
274 8
174 1
98 9
167 2
395 6
94 7
128 1
289 5
102 9
123 5
210 6
60 1
123 1
373 7
393 4
84 1
262 4
314 3
221 4
223 9
163 2
1 2
116 5
126 2
290 9
67 1
219 9
397 4
120 6
216 1
1 2
124 1
39 8
287 3
141 2
213 8
16 6
41 9
243 2
312 9
300 2
163 1
165 2
354 6
68 4
149 5
107 7
169 6
166 9
242 4
61 3
209 2
348 4
190 1
361 3
108 1
124 5
358 2
298 3
323 3
184 7
343 2
196 8
197 6
333 5
39 8
130 6
6 3
223 2
383 9
55 2
132 7
171 8
334 4
321 2
26 1
92 1
292 5
80 2
218 2
157 9
361 7
291 8
256 9
162 9
22 8
301 5
86 1
273 1
49 5
215 3
93 6
303 6
151 3
171 9
220 6
378 2
262 8
326 3
173 1
180 8
110 5
216 4
233 3
49 5
258 8
65 2
200 1
74 7
63 8
37 1
41 6
97 1
153 6
193 7
216 9
50 2
21 4
206 5
69 7
150 3
34 4
170 3
32 1
98 1
82 5
315 7
118 6
295 6
292 2
181 5
93 1
247 7
396 7
362 8
265 2
159 7
166 9
40 3
243 1
151 1
205 5
192 9
180 5
275 7
39 8
134 5
128 1
389 5
264 6
346 9
66 5
102 3
330 7
269 9
309 1
132 1
353 8
396 6
193 5
355 6
208 7
313 7
232 6
210 4
52 7
95 9
396 8
331 9
119 3
273 4
77 8
61 2
252 7
295 1
259 5
335 9
117 8
343 3
357 7
141 6
81 5
73 1
388 5
135 2
119 6
147 6
399 8
121 1
97 7
141 6
57 3
298 8
250 2
373 7
201 8
332 4
76 4
303 9
182 4
191 6
74 1
160 5
94 3
25 1
396 5
166 6
115 4
398 2
325 6
163 7
219 5
67 2
187 1
285 1
158 5
6 8
204 5
365 6
311 9
113 7
337 4
309 7
119 9
321 4
293 5
364 9
320 8
158 7
381 2
111 6
8 8
179 9
178 4
119 5
29 6
34 8
174 4
186 3
52 4
293 8
123 5
34 7
189 8
359 8
349 4
280 6
12 5
292 3
290 9
41 4
174 4
123 9
2 7
103 9
392 2
10 9
134 4
41 8
19 1
65 5
160 3
196 6
45 6
337 9
382 5
106 4
97 8
282 7
209 7
119 2
75 8
16 7
78 8
182 3
51 4
319 7
62 4
164 1
354 6
356 3
117 1
373 2
133 8
166 7
315 8
262 7
248 5
183 4
97 2
224 3
327 8
238 5
383 7
378 2
153 5
55 4
140 3
247 6
161 1
279 4
346 3
48 7
59 3
32 6
7 5
264 4
313 9
21 5
153 9
356 3
103 7
19 8
345 6
358 4
211 2
289 7
39 5
135 4
382 6
313 6
11 3
281 2
179 2
240 8
362 3
165 8
150 9
70 2
89 1
60 6
169 3
164 7
332 7
126 1
169 8
392 3
325 1
203 3
4 8
183 7
270 1
285 4
377 8
234 4
44 2
7 4
85 6
160 4
144 6
318 6
300 7
91 5
362 4
372 1
219 1
38 1
349 4
151 4
296 4
184 2
255 1
29 1
163 3
379 6
80 4
281 6
66 3
70 5
130 9
146 1
100 5
93 6
150 1
326 4
55 3
218 8
223 1
271 7
108 6
11 3
155 7
398 5
156 9
131 9
175 9
372 8
368 5
43 2
71 6
332 4
185 1
209 4
86 3
49 5
118 6
151 6
117 4
289 1
289 1
274 6
276 9
196 2
223 4
51 9
31 9
131 9
90 7
3 8
353 2
173 9
14 3
6 7
340 1
208 4
125 8
70 8
323 8
23 8
106 2
199 3
351 7
162 7
32 5
177 4
200 1
174 1
373 3
236 7
344 7
150 5
137 5
321 2
39 7
242 7
46 9
190 7
67 7
204 7
108 1
205 2
201 2
238 6
148 4
386 1
300 8
317 2
398 7
249 5
15 3
254 4
271 8
102 5
118 3
326 8
192 9
304 4
146 7
400 7
364 1
166 3
365 7
84 1
234 7
32 4
266 7
49 9
52 9
280 9
169 5
343 2
206 4
78 6
290 1
189 6
291 2
171 4
396 1
221 4
323 4
131 4
32 4
24 3
272 5
74 2
359 6
158 9
133 9
85 7
181 1
196 7
261 6
7 3
20 8
66 7
228 4
287 5
385 9
43 9
324 2
2 9
280 5
281 8
208 6
282 4
355 3
278 5
285 5
250 3
1 3
345 8
331 1
122 9
388 2
25 4
9 3
260 8
344 6
198 8
323 2
337 8
182 7
183 7
155 2
263 6
235 1
34 8
207 4
274 6
202 9
153 2
163 9
344 2
197 4
82 9
222 9
246 3
164 8
119 6
86 5
274 4
174 2
138 2
317 9
398 3
364 7
225 4
67 6
308 5
264 4
25 1
110 5
278 5
172 9
313 6
170 2
131 1
101 8
297 5
327 7
75 1
49 2
260 7
371 9
249 7
57 8
36 4
48 6
10 5
254 6
164 2
325 3
261 8
252 9
183 9
399 5
366 9
176 3
107 5
146 3
286 4
75 4
195 2
217 7
337 8
332 4
268 5
293 6
115 3
266 8
371 5
362 3
374 2
151 4
315 4
117 4
5 4
12 2
387 9
354 4
375 7
131 6
133 3
125 7
373 7
301 6
340 8
186 6
191 6
97 4
60 2
86 8
46 8
188 3
145 1
149 3
138 9
351 9
173 1
302 6
301 4
385 6
39 6
251 5
217 6
3 2
263 7
320 1
258 9
331 9
40 3
46 5
154 4
270 7
90 9
371 1
127 9
120 8
395 6
113 4
231 5
28 5
214 2
351 5
397 1
317 2
25 6
241 9
245 8
14 6
38 5
393 2
397 2
133 2
243 1
77 6
340 1
193 1
156 7
249 6
357 7
108 5
271 7
255 6
184 8
85 3
99 2
379 7
97 4
171 4
345 9
338 2
211 3
262 2
225 1
240 3
21 6
324 2
23 9
104 3
395 3
190 9
216 3
271 7
186 8
311 1
387 2
384 2
234 3
243 3
372 9
269 3
74 7
162 7
326 9
81 7
302 1
168 4
75 2
340 6
210 2
70 3
261 9
13 5
148 6
130 6
307 1
103 4
26 7
375 9
291 9
394 9
143 2
56 8
276 1
55 7
344 8
339 2
310 8
199 2
361 4
97 8
126 6
383 6
250 6
84 6
328 4
64 1
200 1
188 9
194 1
258 2
107 3
347 8
392 8
25 5
244 6
128 5
188 6
56 5
289 2
102 6
77 6
368 5
103 8
63 5
28 5
138 2
226 2
348 8
277 5
323 8
355 6
226 5
190 7
194 6
394 3
228 5
149 4
325 3
115 7
363 2
338 6
223 5
43 4
63 8
85 2
62 9
217 8
22 4
259 5
220 9
100 2
156 5
343 4
186 7
132 1
391 6
123 4
217 6
231 6
144 7
84 1
280 5
371 8
380 4
226 6
66 3
270 6
334 5
121 9
85 1
168 4
322 3
104 3
163 1
87 9
290 2
7 3
196 4
384 6
241 1
262 1
334 1
230 8
249 5
182 7
246 3
110 9
12 9
6 1
80 7
381 3
359 2
132 1
394 3
40 9
348 9
86 5
30 8
97 5
390 1
242 5
100 2
191 5
231 8
170 2
56 5
125 7
204 6
27 3
217 7
54 3
179 3
43 1
253 4
139 7
17 3
115 5
107 3
239 5
379 3
340 1
361 7
162 3
243 8
176 4
1 5
164 1
349 3
157 1
211 4
365 3
307 5
252 9
200 3
39 1
333 8
303 2
278 9
289 3
18 5
255 9
207 9
345 3
31 2
181 6
238 3
251 5
185 2
185 4
289 9
188 2
246 8
153 1
297 7
327 7
315 4
112 7
373 5
351 3
387 6
366 5
184 7
13 4
200 2
111 5
107 8
263 6
328 1
288 1
207 7
124 7
69 2
139 9
259 6
89 9
142 8
378 2
135 3
35 9
47 4
238 5
179 8
274 3
233 4
298 9
24 7
30 8
140 7
25 4
293 7
295 5
396 6
14 2
336 4
101 4
147 8
60 2
343 1
222 3
294 9
179 8
202 4
94 4
357 1
349 9
68 2
73 3
69 9
382 1
363 3
276 8
311 3
5 2
3 5
192 8
214 5
163 5
109 6
120 9
128 5
340 2
156 6
8 5
364 3
288 7
149 8
65 7
185 5
235 1
226 4
114 7
100 6
168 6
194 9
202 6
68 6
24 1
280 9
299 6
311 7
240 5
367 4
392 5
323 3
307 1
56 4
123 7
235 1
119 5
19 5
72 7
354 9
301 9
142 3
353 2
292 4
92 2
142 1
389 6
373 6
91 5
16 3
269 9
354 4
23 5
274 7
191 5
335 8
361 9
207 6
224 9
92 5
114 8
27 9
87 3
267 5
342 7
151 4
21 9
91 7
137 5
120 2
93 9
187 7
105 3
372 4
77 9
102 2
289 1
375 2
223 6
67 1
330 8
213 7
151 8
125 3
8 9
189 1
361 5
320 5
159 1
274 8
23 9
300 6
60 4
29 5
172 5
257 8
185 5
85 4
332 5
386 5
117 2
67 2
13 8
26 4
178 4
348 1
358 1
101 1
72 3
164 7
212 3
203 2
231 1
292 4
33 1
103 6
327 3
230 2
80 5
270 2
153 8
169 2
214 9
400 2
1 8
252 7
71 5
361 8
2 4
4 6
94 7
157 6
367 4
258 8
74 6
47 1
365 9
266 2
266 1
92 8
245 1
15 9
151 2
302 3
29 4
243 3
252 5
385 8
227 2
203 6
309 6
217 9
265 5
218 4
196 6
175 1
383 7
15 7
223 4
296 7
280 5
321 8
146 4
6 8
77 9
176 7
83 7
137 6
1 6
87 4
144 8
387 8
395 1
191 2
258 1
240 7
264 7
114 4
275 9
72 3
350 8
373 5
79 9
107 7
56 3
170 2
281 9
199 6
129 2
94 8
144 2
377 8
217 5
351 1
356 2
80 8
143 7
396 3
7 9
140 7
177 9
240 8
239 1
33 2
98 4
48 8
392 5
254 5
177 7
217 9
267 7
382 8
297 7
233 1
364 7
6 5
27 2
399 8
94 3
101 3
207 6
247 2
262 8
142 5
243 1
235 1
273 9
320 1
325 4
203 8
57 4
85 5
74 8
80 6
69 3
74 8
74 5
25 2
7 6
148 5
372 9
328 4
3 8
270 6
34 4
336 5
207 9
367 8
356 7
27 1
119 4
94 4
330 3
285 3
303 2
324 1
341 9
220 1
223 8
338 7
146 6
36 2
303 3
91 9
187 4
22 3
70 9
17 7
314 2
216 6
168 4
99 2
285 7
47 9
367 9
67 3
358 5
343 1
356 5
117 2
288 4
237 5
247 5
138 4
333 9
369 4
38 5
137 6
59 1
399 2
2 4
318 5
145 2
9 7
392 8
191 3
229 6
343 6
238 7
251 2
191 9
171 9
92 9
55 3
331 8
94 9
333 3
232 5
11 6
183 7
203 9
376 2
118 8
26 7
354 5
122 2
23 6
178 6
247 1
15 6
21 9
172 3
64 5
113 9
31 9
20 4
348 3
75 3
55 1
138 1
1 2
80 1
212 1
175 5
62 7
241 3
99 2
370 9
45 4
315 6
253 2
212 4
292 5
236 5
131 8
394 7
30 9
152 8
216 3
44 2
293 9
156 2
279 5
392 6
227 5
112 9
72 4
86 4
12 6
108 2
67 7
9 7
252 3
29 8
278 3
188 2
372 6
203 7
191 5
94 9
69 9
303 8
123 4
243 7
148 3
322 2
378 8
259 7
379 6
33 2
289 2
232 3
248 5
354 2
367 6
377 1
152 9
108 5
119 6
332 1
101 9
91 4
369 1
169 7
209 5
351 7
17 9
400 2
134 9
43 5
316 8
395 5
222 8
119 9
248 7
37 6
203 1
396 4
338 1
297 3
180 6
96 8
276 9
258 2
151 9
115 9
186 8
113 8
35 7
316 3
179 3
131 5
370 8
308 9
68 5
223 5
178 9
380 6
28 5
135 1
262 4
290 7
324 7
50 9
85 2
91 7
347 2
289 6
14 8
169 3
274 6
277 4
30 6
262 4
117 7
5 6
106 4
132 8
32 7
138 3
200 7
305 4
152 1
270 1
144 2
389 2
318 4
327 7
357 4
186 3
15 9
267 1
346 1
29 3
100 8
246 6
12 8
220 5
119 8
163 9
322 6
357 3
198 9
243 7
119 2
144 9
178 4
146 9
21 5
91 8
260 1
115 3
259 2
242 9
228 6
85 6
220 3
172 4
37 1
39 5
283 5
2 1
193 3
36 2
188 1
324 3
187 6
174 6
65 6
48 7
125 8
227 6
216 7
257 4
215 8
377 7
399 8
284 8
169 6
185 8
290 3
364 7
171 2
221 9
346 4
287 9
342 1
150 9
278 6
235 7
160 5
270 6
109 7
177 9
20 8
226 1
293 5
45 5
235 3
53 4
77 9
60 1
232 6
72 4
259 2
276 5
397 7
205 9
166 8
142 9
94 3
257 4
5 6
301 1
392 9
234 4
127 5
189 8
400 3
226 6
255 5
36 9
226 5
199 8
282 5
354 4
151 6
326 6
311 4
35 1
139 9
230 6
350 7
192 6
55 5
135 4
243 7
71 4
60 8
347 8
135 3
360 8
320 1
145 9
9 8
276 7
118 8
50 7
44 2
73 4
208 9
71 5
83 9
229 7
107 9
354 2
218 7
328 2
261 6
125 2
215 1
156 4
258 5
37 5
189 6
88 5
323 7
256 8
195 7
342 3
32 7
3 1
345 2
10 8
397 5
247 9
163 5
390 1
224 2
200 3
12 5
113 8
345 5
240 1
281 3
389 6
124 3
85 7
12 1
338 1
2 9
384 6
218 6
344 1
289 7
229 8
42 3
57 6
91 7
107 3
264 5
264 1
1 2
326 7
77 6
117 6
137 2
2 5
6 7
18 2
90 2
284 3
158 5
172 9
144 7
255 7
255 3
7 8
323 3
227 3
108 6
239 3
184 2
287 5
6 7
172 6
395 9
185 9
226 1
87 9
245 4
141 7
170 8
394 1
126 7
230 6
193 8
348 1
209 3
29 4
398 5
148 3
247 9
107 7
9 6
323 1
246 5
30 1
323 3
248 5
199 6
203 2
338 5
54 4
384 7
28 6
158 1
212 4
156 7
55 6
26 6
289 3
176 1
66 6
52 6
392 9
108 7
66 2
33 5
312 6
332 9
124 2
133 1
156 4
288 2
372 7
185 7
49 9
363 9
120 1
232 2
236 6
104 6
28 1
308 5
281 8
73 7
168 4
247 1
261 7
327 7
39 5
249 5
396 1
92 6
277 4
202 8
355 2
205 8
33 4
170 8
377 5
306 1
203 1
11 8
105 1
160 1
303 6
125 6
210 7
141 1
269 4
336 6
166 7
230 1
350 3
363 3
353 1
111 9
106 7
372 3
288 7
84 1
255 2
215 7
109 2
120 9
280 1
85 5
386 7
10 3
329 1
230 6
63 7
351 4
301 9
250 6
320 1
103 3
374 8
125 8
294 4
86 2
235 1
273 3
37 3
219 8
267 1
140 4
292 1
163 3
45 9
165 4
24 5
228 4
2 9
105 7
253 2
123 5
218 6
266 8
231 7
184 4
259 2
301 3
162 4
69 6
274 3
323 1
282 9
328 7
320 4
118 1
214 2
226 5
340 4
259 7
162 6
278 5
395 3
255 1
301 2
6 4
8 9
189 8
145 9
65 6
203 2
200 5
370 3
191 6
231 9
308 4
316 9
154 9
290 5
228 1
273 2
385 2
182 4
196 4
114 1
285 2
379 5
340 6
261 8
64 5
116 2
381 2
72 5
217 4
243 9
55 9
127 6
253 8
388 6
163 7
166 2
399 9
196 7
325 1
389 7
316 8
73 4
202 6
56 9
157 2
227 4
254 7
256 5
155 4
369 5
266 7
292 2
311 7
328 3
384 3
164 5
7 7
145 3
65 2
241 5
81 2
284 5
97 1
127 6
71 4
172 3
115 6
147 3
270 9
47 5
203 9
366 6
152 7
92 4
239 4
179 2
288 9
292 9
374 7
332 1
268 3
146 2
311 1
213 5
320 6
304 8
69 6
162 6
202 8
20 9
26 8
44 5
151 6
290 9
43 2
211 1
64 1
31 6
133 3
37 7
253 9
252 2
341 7
101 9
127 7
83 1
138 2
333 5
161 8
230 7
265 8
125 8
276 6
289 9
192 1
212 3
14 6
216 1
335 9
55 5
306 5
347 5
383 2
56 6
228 4
216 4
8 3
82 7
332 7
213 8
105 5
59 4
362 2
269 4
156 5
207 5
365 2
286 9
260 1
212 6
150 2
215 5
353 7
4 8
126 7
136 9
17 1
336 1
343 5
43 3
58 1
194 8
235 5
26 6
400 3
151 1
154 8
287 1
392 6
64 4
262 7
375 6
129 6
380 9
64 2
33 7
367 7
154 1
146 4
226 7
82 8
2 4
143 9
42 2
90 7
98 5
101 1
55 9
195 6
151 6
156 8
58 4
327 3
332 1
43 9
35 4
54 9
191 7
280 2
394 2
184 3
274 8
156 4
281 4
56 6
62 2
81 4
310 6
389 5
323 4
225 6
275 9
62 3
148 1
284 2
278 2
349 9
94 6
54 6
396 8
234 6
6 7
115 8
173 9
380 5
230 5
321 7
63 3
302 8
365 3
214 6
94 3
215 2
1 8
386 4
175 8
250 2
238 8
27 3
159 8
82 3
282 3
110 9
72 3
38 4
183 2
110 7
313 6
227 5
240 1
38 7
262 9
180 4
167 9
400 8
127 6
117 2
58 9
69 4
208 7
107 3
247 5
311 4
132 3
343 1
120 7
290 4
115 5
64 1
243 4
381 2
358 2
330 3
238 7
128 6
47 2
139 5
15 1
198 8
225 9
232 1
289 9
242 9
186 6
269 2
126 5
83 9
93 9
179 9
164 4
54 7
310 1
327 1
370 2
10 9
294 7
186 9
26 5
157 2
152 3
87 5
202 9
122 4
9 2
33 3
133 8
77 5
396 2
269 8
28 5
345 1
178 1
166 7
224 9
302 1
204 8
92 6
305 1
365 4
21 9
5 2
118 3
392 7
304 7
90 8
349 5
124 6
161 4
220 6
110 8
346 9
108 3
383 2
192 7
370 9
321 7
163 6
154 2
311 5
171 3
179 6
150 1
295 8
108 6
32 6
398 1
222 8
117 8
389 1
325 4
344 7
177 8
141 9
208 5
147 8
163 7
178 1
207 3
258 7
266 4
227 7
142 7
160 2
50 8
346 3
60 4
92 9
101 8
388 2
313 4
304 1
116 8
268 4
65 1
293 6
251 5
231 3
338 2
13 6
328 4
74 6
207 2
260 7
298 5
231 8
263 8
172 2
110 1
294 1
324 6
363 1
72 1
266 7
181 7
386 2
115 4
358 4
282 5
262 5
72 3
267 3
221 6
175 9
394 2
236 1
107 9
381 7
61 1
299 4
30 7
251 4
398 4
103 1
224 6
148 4
206 7
35 2
377 1
29 4
122 5
42 3
168 7
1 4
301 2
231 3
159 5
285 2
156 4
255 4
224 9
321 2
311 4
211 6
172 7
366 9
123 1
84 4
360 4
343 7
364 9
131 9
250 9
273 5
181 8
325 1
318 3
4 9
101 8
265 5
13 3
123 4
376 7
362 1
262 1
25 2
93 6
164 8
265 3
373 5
199 9
191 8
117 7
121 8
75 6
266 7
77 8
220 2
388 5
148 4
69 1
145 6
256 4
353 6
16 6
322 7
354 7
278 5
245 2
22 9
298 2
379 5
58 3
260 2
42 8
263 3
392 1
21 5
60 8
272 1
346 7
228 3
135 7
390 6
137 2
264 3
198 9
293 2
298 9
368 5
71 9
389 8
15 9
187 8
298 5
213 8
218 3
55 4
188 6
245 1
149 2
239 5
201 5
127 5
21 7
145 3
11 5
397 3
311 1
49 5
228 7
19 4
381 4
47 8
207 7
112 6
319 9
319 1
100 3
317 3
359 3
391 6
273 1
117 3
347 2
193 2
68 7
218 7
85 1
166 6
370 4
77 1
102 3
29 9
127 1
204 2
265 4
289 1
115 5
288 4
108 6
157 6
23 4
377 6
46 7
337 8
176 4
333 8
360 2
369 3
152 1
313 5
179 1
319 6
39 4
112 7
19 8
367 7
370 9
269 2
141 1
321 8
126 1
184 6
236 3
238 1
226 7
267 6
348 4
324 6
312 4
302 6
10 4
117 5
296 6
398 9
233 2
379 4
64 7
147 9
370 6
233 1
64 8
38 9
178 9
237 7
50 2
137 7
363 2
37 9
230 4
185 3
110 4
55 1
65 6
109 9
179 3
333 1
383 1
112 8
186 5
120 7
355 8
291 1
327 2
385 1
385 3
307 8
315 9
297 2
165 2
381 9
237 9
197 3
142 4
389 9
177 8
111 9
307 8
123 2
20 1
101 6
211 5
6 5
34 1
372 9
69 5
292 7
123 6
147 1
258 1
362 8
150 2
68 4
99 2
233 9
72 3
373 3
155 5
109 4
218 9
312 8
112 5
163 1
39 9
333 4
276 9
173 3
119 3
85 7
169 6
293 1
227 5
105 7
174 6
328 4
241 3
131 6
90 3
366 6
390 1
103 1
226 4
293 7
157 3
300 3
84 7
247 6
330 5
388 8
292 8
328 6
308 2
161 1
239 1
337 8
188 7
285 3
189 5
158 7
206 5
224 3
138 7
2 7
63 7
219 2
9 4
368 1
9 5
4 4
290 2
229 9
106 2
92 4
197 9
181 2
159 5
253 4
385 9
293 2
187 6
171 3
137 3
158 6
136 8
362 8
149 1
47 8
315 6
69 3
378 2
209 7
323 2
352 6
385 1
97 6
104 7
62 1
387 7
8 6
114 4
198 9
235 1
288 8
310 8
362 4
262 1
259 8
11 2
98 6
239 5
306 8
184 7
15 5
207 6
195 3
305 3
347 1
19 8
38 3
50 8
199 4
12 3
364 8
335 4
203 6
216 7
314 9
340 5
1 5
155 6
108 3
240 8
182 8
181 4
197 6
168 7
30 7
289 1
224 4
198 8
167 4
142 4
371 9
380 9
216 1
328 2
32 4
280 7
315 5
195 6
345 7
112 2
393 9
215 7
398 1
104 7
135 5
167 6
343 6
397 7
180 8
60 2
235 9
152 6
307 5
56 1
276 8
39 2
152 7
371 1
371 3
155 4
383 2
260 3
283 1
218 2
225 2
121 7
328 5
294 8
146 7
20 8
42 9
190 1
150 3
388 4
169 9
288 5
345 7
397 7
17 3
119 4
363 2
118 1
297 6
384 6
335 7
285 3
340 4
22 1
346 8
220 5
379 3
117 5
344 3
223 2
151 9
5 7
103 6
392 1
317 2
201 7
22 6
84 8
318 9
69 7
211 6
275 8
149 7
370 4
70 3
333 1
60 1
141 2
265 8
225 2
318 8
388 4
34 7
102 8
235 3
317 7
201 3
234 8
339 3
196 4
219 9
196 1
97 2
298 5
290 4
78 8
25 5
383 4
273 2
136 8
184 2
126 2
300 2
195 5
323 3
128 2
132 3
195 4
191 9
182 4
111 4
265 6
119 9
287 2
371 3
290 9
2 4
116 8
366 3
358 5
121 1
270 8
75 5
210 5
167 8
303 3
220 4
286 3
145 6
321 5
397 6
5 8
42 5
326 5
386 3
190 6
44 6
341 2
2 3
32 3
379 2
302 4
87 1
288 3
373 7
352 6
170 4
138 5
12 9
288 6
276 4
69 1
377 9
113 8
246 8
184 1
324 6
275 9
165 5
167 7
385 7
347 5
26 1
39 3
9 9
204 8
123 4
261 6
21 5
123 7
368 9
36 5
4 3
121 8
186 7
343 7
383 7
76 1
88 7
236 4
65 3
294 2
246 3
5 3
153 7
280 6
290 2
348 4
309 1
205 1
277 1
222 2
232 5
340 9
302 5
356 7
311 3
313 8
331 4
270 4
155 3
22 7
32 3
161 2
91 5
231 4
205 6
45 6
191 3
120 1
310 2
243 7
165 1
209 6
133 8
260 4
394 4
296 2
66 1
93 6
129 4
94 9
201 8
277 6
142 4
119 5
232 3
276 1
99 3
279 2
258 5
153 3
381 7
95 6
36 5
365 8
254 5
48 1
66 4
31 6
87 5
58 4
318 6
173 3
17 7
51 2
261 7
26 7
343 9
157 9
73 3
216 2
22 6
352 6
145 2
359 3
218 1
46 8
10 8
10 7
255 9
177 2
326 2
396 8
11 5
110 6
293 7
147 5
253 8
183 3
209 8
31 2
320 6
166 1
248 6
387 9
43 5
394 8
153 6
206 9
158 7
176 7
348 1
73 8
93 5
160 8
195 2
363 2
21 2
371 1
183 2
129 2
295 5
6 6
119 7
250 4
131 7
199 2
36 8
297 9
109 1
201 3
352 3
351 8
382 3
244 7
365 6
304 3
312 4
313 4
336 8
189 2
270 5
101 1
280 2
193 3
289 4
386 1
186 5
83 7
77 9
167 5
62 7
28 2
79 9
254 9
256 4
332 4
137 3
154 3
246 7
22 6
399 2
384 7
30 6
208 9
168 3
210 2
276 6
102 1
187 9
366 8
57 3
334 6
1 6
208 5
269 5
158 9
301 2
142 5
294 6
8 1
250 5
348 3
356 5
352 7
343 1
138 9
316 6
337 3
267 6
394 6
387 6
116 4
86 3
284 8
398 2
235 9
253 8
174 4
183 6
31 7
11 9
311 2
36 9
301 5
174 9
185 5
219 7
89 4
191 9
282 2
156 5
119 6
12 5
174 1
357 3
344 9
242 8
238 5
160 2
122 2
260 2
377 6
244 6
58 3
308 7
28 3
236 7
37 5
3 1
174 7
249 2
246 8
170 2
177 4
356 2
195 7
149 3
254 4
284 4
219 6
159 5
145 7
283 4
262 4
30 1
361 5
73 6
237 9
320 7
68 6
110 5
120 3
373 6
29 4
41 2
146 7
257 3
154 1
337 6
273 4
97 3
76 6
239 2
231 3
275 4
305 2
356 9
99 2
101 6
161 7
349 7
29 1
296 5
276 3
78 2
166 9
227 4
130 6
260 6
226 8
347 6
383 3
188 9
98 6
14 2
55 5
285 8
227 2
280 3
219 7
56 5
306 5
154 9
110 5
296 5
112 2
59 8
289 5
167 3
166 6
319 3
193 7
267 3
278 9
66 5
89 9
6 8
105 1
309 3
359 5
25 9
233 9
27 6
49 1
365 7
331 3
55 5
289 6
300 7
317 5
72 5
101 8
391 3
295 1
138 5
154 7
391 6
337 7
400 1
395 2
280 9
203 6
260 3
230 9
28 6
18 8
282 7
345 2
252 3
16 5
366 1
81 4
58 6
396 4
380 6
261 1
93 8
169 6
201 3
138 5
341 9
343 7
228 6
167 2
280 4
365 2
259 6
234 6
120 6
259 2
383 9
344 1
289 9
222 4
230 9
231 3
400 7
62 7
347 1
145 1
47 8
131 6
107 3
354 4
238 5
53 4
320 5
296 1
200 7
13 3
167 3
382 3
190 1
66 6
336 3
295 7
65 4
249 4
62 8
274 3
193 7
107 5
266 3
73 6
30 5
331 8
344 2
245 6
242 1
361 9
46 9
121 2
231 1
321 3
221 2
351 2
377 1
248 5
326 2
165 6
87 9
9 5
261 7
299 9
119 3
220 8
164 3
355 8
207 9
334 7
104 4
390 8
145 9
313 1
54 3
120 5
280 7
296 7
6 2
152 1
14 9
198 6
163 9
213 4
307 8
4 7
312 2
129 8
306 3
119 4
336 9
34 1
339 6
398 5
238 5
87 4
35 6
152 2
313 6
195 8
299 9
374 6
308 1
82 7
353 9
350 4
370 1
230 7
257 4
10 8
245 7
5 4
169 5
46 3
33 5
233 9
30 1
219 2
228 4
287 3
226 7
149 6
102 2
9 2
211 6
309 1
174 3
100 4
265 1
103 2
33 3
326 1
137 8
175 2
195 8
387 9
226 6
182 6
173 5
53 7
96 4
63 7
300 1
356 1
366 1
11 3
363 4
87 2
399 3
224 6
175 7
149 4
362 2
35 2
178 5
214 9
98 8
397 5
150 5
156 7
261 1
42 5
118 4
202 9
8 1
57 1
325 9
129 2
122 4
44 6
397 5
285 3
22 6
135 3
172 5
220 3
229 8
267 6
317 2
151 8
180 3
225 9
349 5
86 5
141 6
351 9
96 9
6 4
77 2
51 9
24 2
18 4
396 4
188 2
249 1
68 6
328 7
50 9
86 6
197 6
47 9
64 8
339 5
64 1
38 8
233 6
355 7
55 1
33 7
11 5
190 1
87 7
338 6
151 7
312 6
67 2
49 6
72 3
131 2
311 3
192 2
197 6
138 3
393 9
216 6
393 4
4 3
347 6
69 4
110 9
80 4
54 4
26 8
97 5
207 5
158 8
308 3
74 5
279 8
171 8
116 3
180 2
165 9
126 2
383 2
243 6
166 1
90 4
172 2
288 9
99 4
171 3
326 2
241 4
297 7
222 7
41 7
119 4
118 4
220 7
127 4
280 2
90 3
69 3
64 9
197 5
7 2
329 8
54 6
92 4
96 5
173 3
239 8
229 3
183 6
138 2
280 9
73 1
192 8
128 9
262 5
144 2
98 6
308 7
43 1
256 4
362 4
337 8
289 7
223 7
300 5
360 3
26 9
83 9
77 9
309 9
334 1
231 9
114 5
289 8
201 9
96 5
385 1
15 5
128 7
199 8
40 6
210 2
208 6
297 9
286 8
148 3
66 8
263 2
119 8
160 1
329 9
263 7
44 7
81 6
302 2
86 5
197 4
116 4
185 4
255 5
336 9
33 9
19 6
101 8
115 5
392 6
52 9
57 8
28 2
343 8
364 6
244 8
194 8
397 5
23 3
399 7
8 7
330 6
73 9
357 2
47 3
240 3
389 9
310 9
58 4
321 5
303 3
239 9
66 9
390 4
366 2
396 5
76 5
56 4
384 6
12 4
128 6
104 4
300 3
368 7
69 6
112 6
132 3
139 9
58 2
396 2
204 7
178 8
201 7
282 6
140 5
261 4
104 6
263 3
356 9
180 7
37 7
137 7
131 1
258 7
349 9
23 4
30 5
60 8
349 9
258 9
70 7
234 2
220 9
393 3
94 9
165 8
45 6
374 7
335 1
382 7
288 8
237 6
162 7
221 9
168 2
229 7
220 1
375 6
134 7
218 2
151 6
136 4
132 9
85 8
323 7
271 7
130 6
73 1
321 1
4 2
339 9
92 8
287 5
90 8
164 6
382 8
17 5
349 1
131 4
180 4
253 8
111 1
270 8
7 2
250 5
204 4
118 9
163 7
276 7
329 1
126 6
60 2
120 5
231 5
200 2
380 3
10 2
51 6
116 4
319 7
228 7
17 9
92 1
232 5
316 9
382 1
28 3
116 3
97 8
83 9
357 9
126 2
359 7
13 8
84 2
227 7
215 1
144 5
217 1
273 8
121 7
315 8
380 9
29 7
322 8
140 6
1 8
32 9
245 6
195 3
355 1
290 8
141 8
49 8
191 8
346 5
399 3
186 3
18 3
205 3
236 4
258 9
56 2
41 5
8 7
13 6
379 6
10 8
317 6
385 5
298 9
378 7
286 2
339 6
34 6
280 9
122 1
395 4
187 6
351 5
18 5
4 4
124 3
295 6
269 6
390 7
23 6
225 7
115 5
96 3
320 9
59 8
330 1
375 6
388 4
310 5
125 2
114 4
161 6
355 7
129 6
303 2
102 8
263 2
255 5
386 1
305 2
63 8
241 1
285 3
306 8
49 9
183 3
124 9
128 5
169 6
253 7
241 6
389 7
115 7
180 6
261 7
352 4
360 4
384 6
202 9
120 4
297 1
57 6
338 2
364 2
181 3
46 2
209 3
41 7
182 3
46 4
71 3
397 2
368 4
388 4
340 8
56 7
371 8
262 4
202 4
67 2
312 7
16 9
277 5
353 8
61 1
397 6
67 3
342 4
198 7
144 1
267 8
162 6
54 6
264 3
327 9
100 7
296 3
135 3
173 9
320 1
133 7
187 8
282 8
217 9
268 7
186 4
288 4
384 3
90 4
380 9
180 3
350 4
45 4
272 3
52 1
200 1
50 7
376 1
81 5
186 4
148 6
196 7
290 8
13 3
302 8
163 5
71 5
22 3
232 7
101 5
302 7
380 3
155 4
270 8
87 3
307 2
138 4
101 8
92 6
280 4
113 1
301 3
245 9
96 6
376 5
260 1
212 5
167 7
339 3
337 3
212 6
158 3
344 7
74 3
140 9
163 9
74 4
236 1
175 3
337 7
395 5
353 7
373 8
18 3
63 3
139 4
207 3
282 1
36 2
73 8
124 8
101 5
133 9
72 8
267 6
138 2
320 1
74 6
322 6
284 8
394 8
141 6
277 4
329 2
116 7
355 7
136 6
248 7
256 2
183 2
281 2
352 5
187 8
33 3
36 7
385 6
38 9
194 8
28 3
46 2
35 1
89 3
114 8
40 3
273 3
12 9
127 1
287 9
156 9
306 1
354 6
202 1
221 1
239 4
193 2
381 4
22 6
186 8
63 2
353 2
142 2
111 2
142 3
48 4
238 5
41 6
146 9
40 2
77 8
342 1
206 8
162 6
245 1
62 5
343 7
371 6
64 9
29 9
273 6
108 8
156 1
386 4
96 1
90 4
355 9
117 8
394 1
320 8
95 6
158 1
33 6
216 5
68 4
18 8
316 1
178 3
25 8
163 9
154 3
332 3
236 9
366 4
136 5
348 5
171 1
333 2
375 8
244 3
253 9
63 7
58 2
65 5
354 4
368 1
352 5
391 9
362 6
8 6
39 8
208 8
349 3
85 8
201 5
258 4
377 5
12 3
332 5
189 4
234 5
73 2
113 2
114 1
250 7
151 4
398 9
309 8
6 6
8 1
324 7
177 9
383 9
365 1
376 2
120 3
22 4
231 5
123 9
36 2
239 9
332 6
193 8
9 4
215 3
47 7
67 8
132 8
248 1
199 7
383 6
71 3
213 4
52 2
274 6
11 8
258 2
338 6
368 6
253 9
112 6
204 7
180 6
257 4
128 9
317 2
64 1
363 1
384 1
361 8
222 6
131 4
95 3
257 2
2 3
4 6
381 4
236 4
105 7
239 6
396 3
252 7
10 1
150 2
207 8
264 7
210 7
159 2
350 1
31 6
208 7
47 7
217 7
40 8
226 3
371 4
276 5
308 3
299 3
271 4
114 4
129 1
378 9
342 4
327 4
249 3
9 4
267 4
40 8
333 8
54 7
81 7
332 5
202 4
58 1
81 3
367 1
164 6
314 9
130 3
165 3
16 9
321 6
94 6
366 1
79 5
162 3
315 2
396 7
126 9
217 4
51 6
6 7
191 9
224 3
296 8
9 8
170 4
120 9
102 3
399 3
46 3
378 7
90 4
90 5
342 7
71 8
248 1
25 7
294 3
38 8
345 1
70 8
114 6
246 2
128 5
52 1
107 1
136 7
291 4
145 1
189 7
206 9
72 4
319 3
275 5
191 7
34 6
246 7
193 6
71 9
332 8
369 5
227 5
176 9
197 4
207 4
188 3
222 6
264 5
152 9
237 2
261 3
178 9
400 9
400 5
171 2
172 8
179 4
19 2
382 6
310 8
146 9
167 6
128 4
65 1
215 5
149 1
178 8
351 3
78 3
42 3
222 4
10 9
213 2
329 8
363 7
311 6
86 3
83 4
226 2
50 5
228 2
240 2
172 3
261 2
231 9
210 2
119 6
42 4
190 9
262 2
55 4
1 6
223 2
249 5
368 5
235 6
209 4
39 5
254 5
54 2
43 3
318 2
31 7
259 3
169 3
131 9
318 7
297 4
119 3
8 1
30 1
310 5
187 1
329 3
310 2
341 3
381 1
3 5
318 8
314 4
152 9
240 3
258 7
258 7
171 5
334 2
118 6
69 8
47 5
394 7
330 6
22 5
156 7
62 1
372 4
182 1
276 5
208 2
258 8
164 4
125 5
346 3
350 2
114 7
221 6
381 4
343 8
314 1
320 8
11 7
226 1
198 2
375 5
259 1
94 7
141 3
106 8
10 6
126 8
241 3
281 9
103 6
303 3
125 8
80 7
158 5
256 7
1 5
209 9
250 5
34 1
296 2
10 3
2 1
134 1
342 4
19 1
37 7
7 5
100 1
185 5
169 3
10 1
186 4
44 2
180 7
115 6
218 3
355 7
259 8
298 5
46 5
144 1
376 3
323 2
310 5
88 9
51 3
2 7
375 6
357 3
2 3
101 1
14 9
48 5
309 2
66 2
269 9
70 1
187 6
100 8
253 3
224 4
300 6
179 8
190 4
173 2
306 3
114 6
5 9
165 5
318 5
195 9
296 6
302 6
123 8
107 8
257 4
367 3
318 9
176 4
368 4
345 2
255 2
343 9
86 3
189 9
10 6
339 1
249 4
349 9
390 8
130 9
8 7
192 1
204 5
383 3
378 1
288 6
139 5
325 8
323 1
292 4
138 2
115 2
376 4
186 5
237 1
3 8
398 6
359 4
205 9
380 5
164 6
251 5
359 3
67 8
319 5
287 6
274 7
380 4
374 7
81 2
37 5
338 9
209 9
227 3
93 1
117 8
101 6
36 9
1 9
365 9
199 1
393 6
374 3
154 1
119 9
254 7
299 9
53 1
195 6
207 6
12 6
302 6
328 4
166 7
149 4
197 8
111 1
74 6
332 7
337 5
266 8
310 5
84 7
298 5
367 2
272 1
106 6
376 5
313 2
285 3
312 3
50 2
18 7
389 3
19 5
250 4
41 8
217 4
399 9
299 5
347 6
145 2
15 8
82 5
354 9
206 1
387 6
301 8
205 8
172 1
140 7
44 2
203 8
229 7
127 2
383 9
180 6
397 6
54 9
2 9
164 5
271 8
311 9
163 5
236 4
295 8
346 5
154 7
61 1
1 7
288 4
224 1
80 3
329 2
179 7
51 9
246 2
120 1
280 8
190 8
272 1
344 3
394 8
117 6
125 5
121 9
344 5
200 4
331 5
21 3
375 1
386 2
159 7
5 2
19 9
62 4
7 1
355 6
292 2
110 4
293 7
88 1
149 7
64 2
111 8
190 2
286 3
12 3
30 8
213 4
47 5
161 9
216 1
366 2
364 2
273 5
277 4
229 8
200 6
215 5
105 2
333 2
145 5
297 2
266 8
316 3
54 5
141 5
169 1
1 6
165 8
386 2
17 3
263 6
60 8
363 9
22 4
143 3
190 9
260 6
82 3
146 2
205 1
27 4
76 9
25 5
324 9
47 1
188 1
377 9
257 1
277 8
159 6
162 5
45 2
156 9
203 7
244 6
229 4
133 3
274 6
219 5
320 1
224 6
80 8
318 3
187 2
373 1
310 5
337 1
104 8
332 4
222 7
198 7
358 8
309 7
393 4
121 5
11 1
119 8
118 8
278 3
312 3
111 7
173 1
277 6
216 3
196 1
153 4
233 8
67 4
28 6
351 6
223 4
190 7
279 6
79 1
170 4
221 6
211 2
356 9
86 6
65 5
211 6
204 5
97 7
307 7
87 7
394 5
105 1
10 5
260 5
144 6
236 3
189 3
62 7
348 7
106 8
31 1
126 8
156 8
322 2
386 2
196 2
305 1
117 1
142 8
71 8
1 2
55 3
191 6
203 6
332 2
222 8
359 5
332 8
158 7
48 2
260 8
67 6
264 1
149 5
98 5
196 5
224 1
68 6
338 4
256 1
42 2
227 8
24 3
120 5
94 4
203 9
266 8
264 3
255 5
347 3
186 8
273 7
268 6
146 1
279 8
106 5
268 3
273 8
111 7
30 1
286 1
24 6
397 1
38 1
95 1
306 1
226 1
178 8
8 9
354 4
372 3
260 9
53 8
392 8
256 3
399 3
248 6
192 6
234 3
120 5
104 4
400 7
374 7
48 8
100 3
94 9
207 1
12 2
211 3
88 4
96 1
215 6
33 2
55 4
81 8
367 3
318 4
170 9
200 2
363 1
16 1
337 5
130 8
156 5
103 1
377 3
241 3
176 7
275 8
3 3
38 9
296 2
125 8
45 8
24 8
205 1
151 7
112 3
148 4
93 7
207 5
169 8
178 3
107 6
120 9
319 9
187 2
50 6
94 7
235 1
258 5
73 8
128 3
44 8
357 1
47 4
168 8
293 8
55 3
107 4
160 5
140 9
155 4
262 9
264 7
302 3
119 3
296 1
43 8
252 1
94 7
115 1
45 3
399 9
135 6
214 7
3 2
327 5
380 1
100 6
203 9
18 8
376 9
222 3
284 4
248 6
83 7
381 3
67 7
309 7
65 8
286 2
81 3
167 8
98 7
214 5
137 4
53 7
98 2
392 8
60 8
63 6
217 6
301 3
386 9
352 4
187 5
229 6
383 5
312 5
103 6
275 9
153 6
393 7
210 3
70 9
148 7
42 8
149 8
282 4
344 8
122 6
38 6
193 1
332 6
171 5
152 5
313 7
275 1
236 5
275 3
248 4
88 8
5 9
378 9
67 3
184 4
2 9
206 3
127 3
67 5
252 1
25 8
356 5
227 4
370 7
264 5
342 5
31 6
377 9
78 9
186 7
215 8
273 5
95 4
8 4
332 1
149 7
181 9
274 4
206 5
56 2
4 9
46 7
140 5
277 6
119 8
177 9
184 5
187 2
145 9
147 7
379 2
278 3
56 3
108 9
92 6
204 8
319 4
208 7
373 3
80 5
360 2
49 5
105 1
110 8
358 8
318 4
16 3
98 8
239 9
30 2
10 1
86 5
123 1
265 3
107 9
166 1
93 2
357 6
341 1
134 9
34 4
122 1
338 4
154 8
69 6
162 9
306 6
248 7
344 4
142 9
12 4
268 6
45 4
48 8
79 5
110 3
137 2
176 8
74 6
123 9
345 5
395 7
161 7
68 9
268 1
370 4
135 1
303 4
225 7
292 8
1 4
68 4
104 4
27 9
3 1
178 1
245 1
289 8
6 6
141 5
334 9
295 5
31 9
245 8
324 6
35 2
166 9
387 7
325 9
87 3
18 7
302 7
201 7
338 9
142 9
96 5
19 4
62 5
86 7
171 6
357 7
255 2
4 4
288 8
53 4
103 6
171 7
372 4
94 2
54 8
177 1
17 6
78 3
140 5
176 1
63 9
227 8
66 4
162 8
288 5
318 8
391 8
360 9
80 2
371 7
235 9
366 6
287 9
6 9
270 9
329 3
144 3
70 9
117 7
22 5
307 9
240 2
107 2
22 7
56 7
103 4
191 2
156 4
305 3
74 3
286 4
7 1
263 9
28 9
240 4
245 2
155 3
271 3
371 1
184 9
373 4
340 2
335 8
196 4
280 3
77 3
254 7
118 8
209 7
323 6
361 3
211 6
173 5
106 8
309 3
256 9
151 4
236 3
208 6
237 2
187 5
107 5
379 8
9 1
289 5
38 6
315 6
36 8
309 3
56 7
387 8
284 9
157 2
345 8
270 2
398 9
111 6
52 2
381 8
391 5
290 7
269 3
318 8
301 9
361 8
281 5
110 6
299 3
353 8
298 7
336 5
82 1
41 8
9 2
131 8
137 4
268 2
275 7
135 9
40 6
99 5
344 9
114 3
250 7
171 6
315 7
317 1
161 3
286 1
33 5
180 8
123 8
37 4
397 4
37 8
236 5
273 4
240 2
354 7
214 7
219 9
306 9
67 1
90 9
371 5
346 5
337 6
75 9
224 8
314 9
278 2
342 6
308 2
387 7
163 8
134 2
345 9
338 8
226 8
109 8
241 7
23 6
310 5
381 7
2 8
90 3
339 9
297 6
346 8
162 8
126 7
87 2
381 2
53 5
186 1
291 6
385 2
344 9
61 6
11 3
365 8
323 4
180 8
117 6
101 8
132 5
210 6
345 1
399 4
21 6
363 8
336 5
43 3
183 5
244 2
185 1
379 1
383 3
399 6
83 4
309 4
145 9
193 7
175 8
64 1
198 7
83 5
264 7
225 1
307 4
239 5
259 6
125 3
329 4
27 9
122 6
351 9
65 6
149 9
243 6
114 5
146 5
244 3
287 5
7 1
357 2
365 1
227 1
84 3
75 4
31 6
325 6
138 8
28 7
161 1
87 4
252 8
166 5
205 1
16 6
68 3
26 2
174 4
93 4
366 7
266 6
68 7
168 4
246 5
295 4
199 6
215 2
95 5
398 2
370 1
91 5
32 7
191 8
33 9
240 1
338 1
133 4
224 9
130 7
321 9
86 1
384 5
120 5
21 6
196 7
9 1
180 2
80 8
330 3
72 5
164 3
217 5
284 6
178 4
374 7
240 9
206 6
53 5
227 5
252 8
137 3
166 9
68 1
174 2
40 3
337 1
84 2
332 4
103 3
234 6
321 6
326 8
92 3
361 3
90 9
23 4
87 2
391 9
57 8
88 7
164 4
31 9
388 6
121 5
382 9
303 8
189 1
192 5
18 9
106 5
174 2
75 2
207 9
300 9
392 6
171 6
47 9
36 4
41 5
216 5
150 1
325 2
394 4
215 4
276 9
272 8
270 5
71 2
2 8
46 1
381 3
388 4
165 6
229 1
324 3
150 2
376 8
346 3
274 9
229 7
216 5
397 7
64 4
167 8
355 9
47 5
358 7
372 8
15 8
11 2
298 9
63 7
177 9
153 3
11 4
400 1
42 9
361 3
296 6
273 3
323 1
289 8
183 9
343 9
100 1
20 3
205 8
375 2
299 8
332 3
116 7
210 6
192 9
129 9
126 1
169 7
22 6
190 3
357 1
112 5
32 8
226 1
27 1
19 8
163 6
106 1
328 5
275 9
273 6
151 8
72 4
377 7
251 5
227 9
316 9
351 9
11 7
46 5
367 6
292 9
336 9
197 6
89 1
204 3
190 5
248 3
282 4
293 2
150 7
192 6
319 8
289 5
176 8
134 4
121 7
229 9
390 3
206 8
299 9
270 1
160 7
306 9
100 1
183 1
177 5
358 1
141 7
264 2
294 1
121 2
210 3
181 7
45 6
79 2
329 9
267 2
180 2
315 2
123 1
346 1
296 7
167 2
156 9
79 2
32 6
344 2
96 3
44 7
106 6
373 8
270 4
95 9
235 9
191 1
205 2
96 6
24 7
219 1
119 2
17 5
45 5
62 5
232 5
347 5
22 2
386 2
41 8
161 6
390 7
350 6
268 8
351 8
273 6
65 6
104 6
82 1
111 5
256 8
316 2
336 4
152 6
107 2
249 9
27 4
44 1
273 5
328 5
158 7
347 5
140 5
278 3
269 8
180 3
47 8
158 1
228 2
63 7
67 3
350 6
280 6
305 3
18 4
93 3
376 1
71 7
151 5
209 8
198 6
94 5
278 1
101 7
97 7
281 3
42 9
258 4
328 4
89 8
287 7
37 3
13 5
5 5
93 1
379 9
133 7
285 3
285 9
211 8
100 7
167 8
330 8
330 5
276 4
248 5
42 7
78 4
103 2
265 7
71 4
134 6
125 3
280 7
97 2
48 9
59 1
261 7
275 8
107 3
174 4
225 9
177 9
22 3
90 3
129 1
167 6
96 2
166 5
362 7
377 8
153 3
87 9
386 4
142 9
52 7
81 2
144 9
241 8
21 2
286 8
55 2
359 5
124 4
74 8
307 7
188 1
385 1
290 2
95 1
277 5
317 5
15 6
100 3
354 5
197 6
348 9
331 7
347 1
326 3
375 7
161 8
280 7
384 4
106 3
397 8
115 4
238 6
159 9
163 9
322 5
346 1
262 5
382 5
159 7
364 7
271 9
386 3
284 1
361 6
261 3
195 5
75 3
166 3
149 5
279 6
242 3
156 4
233 1
255 4
156 5
108 3
317 3
305 3
98 9
8 3
124 9
330 3
305 3
387 4
56 1
48 8
148 8
