# semilla=3
10 60
300
16 9
9 6
59 8
41 2
39 1
59 8
17 9
15 4
46 8
35 9
31 7
41 3
15 3
56 9
25 1
43 2
11 1
20 1
53 5
31 7
46 7
26 8
60 3
57 6
7 1
9 8
14 5
44 7
50 5
27 9
54 7
37 6
35 7
38 4
58 6
44 1
55 5
39 3
45 6
35 2
46 4
41 5
19 2
5 8
55 8
6 6
52 2
27 3
2 5
28 7
56 2
3 1
25 6
36 5
33 4
3 5
1 2
7 9
3 4
27 5
40 5
10 1
56 6
21 6
9 7
25 8
56 9
25 9
7 9
18 7
41 4
60 5
28 5
34 5
36 6
1 7
38 6
2 7
40 3
4 6
30 6
44 6
39 5
48 8
2 1
44 1
24 5
41 8
20 6
12 6
12 6
49 6
55 5
20 7
7 1
37 3
20 9
15 5
16 6
12 7
42 2
7 6
22 4
29 3
6 6
48 4
57 8
18 4
51 2
3 9
13 6
52 3
56 5
22 2
52 6
38 3
27 5
34 5
30 6
41 7
19 7
37 7
3 7
10 4
1 8
54 9
28 9
60 4
3 8
54 9
19 9
22 4
56 2
55 5
8 4
3 1
58 9
60 4
58 7
37 1
1 8
48 2
11 9
20 4
43 1
34 9
27 1
59 2
22 3
17 9
31 1
23 4
13 2
35 2
11 4
51 5
59 3
53 1
32 7
4 5
16 5
40 9
34 7
4 8
21 1
55 1
50 3
3 2
4 2
31 1
55 2
33 9
32 6
11 6
5 6
25 7
38 5
24 5
13 6
28 2
9 9
1 7
51 2
37 3
3 6
30 9
25 1
40 7
4 6
41 8
49 6
27 7
30 1
16 4
35 5
45 2
52 7
15 7
9 1
60 6
24 9
51 5
8 8
45 2
53 9
51 7
43 2
47 6
37 9
7 1
31 3
16 7
3 9
6 2
43 7
12 1
22 2
2 2
44 8
54 5
38 5
52 2
3 9
34 4
7 9
48 2
60 9
4 9
21 3
53 2
16 3
42 4
30 7
17 6
39 7
23 9
27 2
25 9
16 7
54 3
27 9
44 8
10 7
58 3
11 2
32 8
59 9
29 3
9 5
49 4
10 9
21 4
55 9
50 5
43 7
39 5
57 4
20 1
18 8
52 7
13 3
37 6
16 6
31 3
27 8
45 4
30 9
2 8
47 2
55 7
51 1
30 4
58 4
42 2
14 5
16 4
50 5
9 3
40 1
58 5
11 1
21 3
28 2
47 2
8 2
17 5
3 6
29 6
1 1
22 6
28 7
32 2
14 8
26 3
35 6
8 5
5 7
8 8
57 9
59 5
