# semilla=2
10 60
300
56 1
6 2
24 3
48 5
17 4
39 1
38 3
28 7
52 9
24 9
60 8
33 5
58 1
56 1
24 8
60 6
59 7
28 9
11 9
12 4
15 1
12 6
12 3
33 9
24 9
44 9
12 8
51 7
48 9
59 6
51 6
24 8
11 7
46 8
42 9
16 8
18 8
33 9
54 6
43 8
58 8
23 9
47 8
32 4
21 3
57 5
50 8
20 5
52 9
36 9
33 7
20 4
32 9
24 2
51 6
47 1
59 4
48 2
4 1
18 4
44 2
49 9
9 5
16 4
57 1
28 1
4 6
24 3
16 1
6 2
5 1
3 1
24 5
9 3
48 3
34 1
25 1
51 4
10 1
1 6
40 2
19 6
32 1
20 8
36 1
58 5
49 7
56 3
31 4
6 6
54 2
2 8
51 3
34 7
32 9
21 3
56 6
17 5
39 7
42 1
45 9
9 1
17 1
9 3
11 2
30 4
33 1
16 4
46 8
5 5
6 4
40 6
17 7
18 9
49 1
10 1
25 7
11 2
33 2
16 2
7 1
12 4
7 4
2 9
43 8
30 5
35 7
14 4
47 7
28 9
2 1
57 7
60 9
38 3
59 2
43 8
24 1
34 2
40 6
19 6
20 1
56 7
7 2
20 4
54 1
52 8
4 7
41 8
30 4
57 2
1 5
2 6
20 2
15 8
13 2
37 6
26 8
9 6
26 2
17 2
8 2
40 6
42 7
14 2
2 8
50 1
47 8
19 6
30 3
52 6
18 8
34 8
47 7
60 8
54 5
26 4
11 8
39 5
36 7
45 2
38 2
5 6
12 9
10 7
58 2
52 2
59 1
9 5
25 4
46 6
29 3
34 5
8 3
35 7
7 6
34 4
46 9
17 3
58 3
30 4
26 6
51 3
30 8
47 1
52 7
57 3
26 9
4 8
18 7
17 7
46 8
24 9
22 2
49 4
35 4
26 7
57 1
21 8
34 8
42 3
53 2
2 7
14 7
58 4
57 2
25 9
50 4
18 4
32 3
1 7
31 5
33 3
30 4
49 2
23 1
58 8
35 2
49 8
60 6
30 5
57 9
30 1
6 6
12 7
17 3
4 3
32 7
30 5
10 1
19 9
30 1
24 1
35 7
37 8
14 5
32 3
31 9
46 5
5 5
53 6
20 6
42 5
42 7
34 2
33 4
26 9
55 3
52 9
41 2
20 1
15 8
36 4
34 5
4 2
8 7
55 6
14 6
23 2
22 8
24 3
32 8
56 5
30 3
59 8
41 4
60 5
21 3
7 4
31 4
49 6
12 6
9 3
15 5
52 9
41 7
26 6
18 9
38 6
48 7
49 5
