# semilla=1
10 60
300
9 2
17 2
32 8
31 7
51 4
7 8
2 7
28 1
45 8
18 4
38 2
58 6
2 1
2 9
1 7
44 4
28 1
34 4
49 8
32 9
15 6
15 4
49 8
19 1
27 9
60 2
12 5
8 6
58 9
60 7
33 4
20 5
38 8
55 9
26 1
31 4
48 7
27 3
24 9
57 6
6 8
43 9
7 3
34 7
24 8
47 1
31 1
20 7
42 3
11 9
15 1
50 4
35 9
15 7
33 6
55 6
30 5
43 9
39 1
25 9
52 3
34 9
14 7
4 8
56 6
37 9
13 9
27 8
53 6
27 6
1 9
35 6
30 1
52 4
41 3
36 3
56 2
52 9
52 5
3 2
6 1
29 1
49 5
16 5
8 3
23 5
5 3
11 5
34 3
43 5
42 5
30 6
32 8
8 1
20 7
22 7
51 4
17 2
17 9
14 7
53 1
15 1
26 3
3 3
29 9
44 7
35 4
41 9
29 4
34 1
26 6
43 7
4 5
9 4
57 1
20 2
55 2
20 5
48 3
27 5
9 1
36 1
38 4
58 8
11 9
3 7
13 6
7 4
37 7
38 4
32 2
43 7
19 9
32 1
21 7
58 5
2 3
13 6
52 3
22 7
14 5
44 2
54 7
60 9
23 9
32 9
16 2
47 1
6 3
11 3
59 9
14 5
49 6
39 9
54 5
24 6
22 2
19 4
56 8
9 9
50 2
21 1
27 2
25 3
54 3
22 2
40 7
5 9
15 2
18 6
58 5
37 9
60 2
30 5
7 1
53 5
1 1
6 7
8 1
13 4
51 7
11 2
29 3
44 4
11 2
28 7
52 9
59 5
36 5
46 8
21 2
14 6
3 1
1 5
47 6
29 7
21 7
5 2
59 6
39 8
8 5
14 9
56 8
43 6
17 3
35 4
20 4
16 6
6 5
6 8
6 6
15 7
20 1
21 3
21 5
16 6
7 9
40 2
16 4
2 4
26 2
18 9
56 2
47 2
2 1
19 6
32 8
56 3
7 9
50 6
5 9
43 3
12 3
10 6
20 2
46 9
54 5
9 4
10 9
59 1
50 6
53 9
54 4
12 5
28 9
11 1
46 4
17 2
44 8
52 7
36 5
35 8
55 9
30 1
26 6
11 5
32 1
51 7
37 1
4 6
38 3
38 3
9 5
54 5
26 7
12 2
15 8
1 3
34 6
33 8
60 4
16 6
32 8
15 7
22 9
40 5
42 4
4 2
49 9
42 6
11 9
50 4
20 5
45 5
55 9
24 3
45 8
39 2
55 2
58 9
37 7
12 3
17 7
14 1
32 7
46 6
25 9
55 3
35 1
34 2
