# semilla=3
15 20
675
8 9
5 6
20 8
19 2
20 1
16 5
18 4
7 8
18 9
16 7
5 4
5 9
13 1
3 3
19 1
10 1
9 8
20 7
14 7
19 8
5 6
4 1
5 8
7 5
14 5
14 9
13 6
18 7
19 4
11 1
9 3
11 9
19 2
7 5
10 2
3 8
16 2
12 2
14 3
1 5
14 7
4 1
20 1
13 6
18 5
17 4
2 5
1 2
4 9
2 4
14 5
20 5
5 1
11 6
12 3
13 7
15 9
13 9
4 9
9 7
8 5
14 5
17 5
18 6
1 7
19 6
1 7
20 3
2 6
15 6
12 5
16 1
19 1
1 6
9 8
10 6
6 6
6 6
12 5
10 7
4 1
19 3
10 9
8 5
8 6
6 7
4 2
20 6
11 4
15 3
3 6
7 8
9 4
4 1
17 4
11 3
9 6
3 6
19 3
14 5
17 5
15 6
14 5
14 7
2 7
5 4
1 8
20 9
14 9
8 1
15 9
10 9
11 4
3 5
4 4
2 1
17 4
14 1
1 8
4 3
17 5
8 1
17 9
14 1
20 2
11 3
9 9
16 1
12 4
7 2
18 2
6 4
9 3
1 8
19 7
2 5
8 5
20 9
17 7
2 8
11 1
2 3
2 2
2 2
16 1
3 9
17 8
11 3
11 2
12 7
13 5
12 5
7 6
14 2
5 9
1 7
3 3
2 6
15 9
13 1
20 7
2 6
16 6
14 7
15 1
8 4
18 5
19 2
14 4
14 3
1 6
12 9
9 2
15 2
17 7
4 6
19 9
4 1
16 3
8 7
2 9
3 2
13 3
1 6
4 1
4 8
10 5
3 1
19 9
17 4
4 9
4 9
2 9
11 3
3 4
6 4
15 7
9 6
20 7
12 9
14 2
13 9
8 7
6 7
19 9
16 3
13 3
6 2
16 8
17 8
19 3
5 5
7 3
19 9
11 4
18 5
14 5
7 5
1 5
16 7
7 3
19 6
8 6
16 3
14 8
20 4
15 9
1 8
3 7
2 8
8 4
3 4
9 4
7 5
5 3
20 1
9 3
2 6
6 7
3 2
4 2
9 5
2 6
15 6
1 1
11 6
14 7
16 2
7 8
13 3
18 6
4 5
3 7
4 8
17 5
4 9
12 6
15 5
9 2
11 9
17 2
16 9
12 1
10 3
5 3
12 8
4 2
18 3
11 7
18 5
6 8
16 5
6 2
4 3
18 9
19 7
12 2
9 5
13 1
5 1
16 9
9 4
17 6
11 7
15 9
3 6
16 2
5 5
19 2
4 2
6 4
19 7
13 3
19 3
13 4
18 9
6 3
7 5
12 5
1 8
14 7
11 9
19 5
16 9
10 8
1 4
1 2
8 8
6 9
15 4
7 9
7 1
17 8
4 5
5 3
15 2
20 1
1 6
20 4
17 2
16 9
1 6
11 6
12 3
3 1
3 6
7 2
7 7
8 8
11 2
2 7
3 4
6 7
16 8
3 9
14 4
16 5
1 8
15 7
15 3
15 1
9 6
12 8
17 6
20 7
8 1
7 5
12 3
15 9
7 3
7 1
6 7
17 3
1 3
4 3
15 8
6 1
1 7
15 6
14 1
2 4
13 1
13 8
1 4
8 2
13 8
7 3
11 2
12 2
20 1
10 5
15 5
16 4
18 5
1 6
12 6
3 1
14 2
19 1
4 1
3 1
6 9
2 8
2 4
17 6
7 8
11 8
12 1
13 5
20 7
3 5
6 7
4 9
13 9
11 9
13 3
13 9
12 3
12 7
15 4
15 8
12 5
6 9
20 7
16 1
5 3
1 8
3 2
11 4
20 1
20 1
15 8
11 6
1 2
7 7
4 6
19 5
4 8
3 4
8 1
5 3
19 1
4 4
10 4
8 9
17 7
17 6
18 4
15 3
20 2
2 2
20 1
4 4
9 2
4 8
13 4
20 2
16 6
13 8
4 5
20 8
13 4
4 9
1 8
10 2
11 6
7 8
3 9
12 7
3 9
7 4
12 1
11 4
14 8
3 5
7 6
6 4
7 8
18 7
12 4
20 7
16 7
16 1
10 1
6 2
1 3
10 9
17 1
16 1
7 4
9 8
14 1
12 8
7 5
5 2
15 5
14 8
3 4
5 8
10 7
12 3
14 5
15 8
17 9
8 6
10 5
1 8
12 6
10 4
17 1
1 3
17 3
18 1
6 1
1 4
15 6
12 9
2 8
6 4
1 5
14 6
2 9
4 8
10 5
8 8
14 5
11 1
1 7
2 3
19 4
5 7
17 6
18 3
9 1
6 1
1 8
2 8
15 9
20 9
14 6
17 3
10 3
3 3
18 2
14 6
15 8
9 5
15 5
17 3
19 6
5 9
2 7
16 4
15 5
1 6
19 9
4 8
5 5
9 2
14 2
12 1
17 8
15 4
10 6
6 7
13 6
2 5
7 1
11 6
20 7
18 5
2 3
14 5
14 2
16 4
7 2
17 2
4 1
10 2
14 5
16 8
9 5
18 9
2 3
8 8
6 3
5 3
15 7
1 3
13 1
6 3
10 4
5 3
2 9
5 9
7 7
4 7
13 3
1 5
4 3
4 3
10 3
13 6
20 2
7 1
12 3
16 4
3 6
18 8
4 6
16 1
12 9
15 7
15 9
18 5
15 3
18 8
13 4
20 5
6 5
6 6
9 4
5 1
20 1
14 3
4 1
6 2
13 6
17 5
3 8
18 8
11 3
19 4
11 8
17 6
11 6
20 6
11 5
10 5
6 2
20 9
8 6
8 5
14 5
15 3
16 6
18 3
20 9
17 8
20 1
3 7
14 9
20 5
2 4
13 7
7 2
12 9
7 1
18 8
4 7
13 9
12 1
10 6
17 6
13 8
12 2
19 8
5 6
8 1
12 2
20 1
5 2
7 6
14 5
7 1
1 9
11 9
15 6
7 8
11 2
17 7
8 8
5 5
10 9
7 2
6 2
14 1
12 7
1 8
6 8
9 3
13 4
17 7
19 5
14 5
