# semilla=1
15 60
675
9 2
17 2
32 8
31 7
51 4
7 8
2 7
28 1
45 8
18 4
38 2
58 6
2 1
2 9
1 7
44 4
28 1
34 4
49 8
32 9
15 6
15 4
49 8
19 1
27 9
60 2
12 5
8 6
58 9
60 7
33 4
20 5
38 8
55 9
26 1
31 4
48 7
27 3
24 9
57 6
6 8
43 9
7 3
34 7
24 8
47 1
31 1
20 7
42 3
11 9
15 1
50 4
35 9
15 7
33 6
55 6
30 5
43 9
39 1
25 9
52 3
34 9
14 7
4 8
56 6
37 9
13 9
27 8
53 6
27 6
1 9
35 6
30 1
52 4
41 3
36 3
56 2
52 9
52 5
3 2
6 1
29 1
49 5
16 5
8 3
23 5
5 3
11 5
34 3
43 5
42 5
30 6
32 8
8 1
20 7
22 7
51 4
17 2
17 9
14 7
53 1
15 1
26 3
3 3
29 9
44 7
35 4
41 9
29 4
34 1
26 6
43 7
4 5
9 4
57 1
20 2
55 2
20 5
48 3
27 5
9 1
36 1
38 4
58 8
11 9
3 7
13 6
7 4
37 7
38 4
32 2
43 7
19 9
32 1
21 7
58 5
2 3
13 6
52 3
22 7
14 5
44 2
54 7
60 9
23 9
32 9
16 2
47 1
6 3
11 3
59 9
14 5
49 6
39 9
54 5
24 6
22 2
19 4
56 8
9 9
50 2
21 1
27 2
25 3
54 3
22 2
40 7
5 9
15 2
18 6
58 5
37 9
60 2
30 5
7 1
53 5
1 1
6 7
8 1
13 4
51 7
11 2
29 3
44 4
11 2
28 7
52 9
59 5
36 5
46 8
21 2
14 6
3 1
1 5
47 6
29 7
21 7
5 2
59 6
39 8
8 5
14 9
56 8
43 6
17 3
35 4
20 4
16 6
6 5
6 8
6 6
15 7
20 1
21 3
21 5
16 6
7 9
40 2
16 4
2 4
26 2
18 9
56 2
47 2
2 1
19 6
32 8
56 3
7 9
50 6
5 9
43 3
12 3
10 6
20 2
46 9
54 5
9 4
10 9
59 1
50 6
53 9
54 4
12 5
28 9
11 1
46 4
17 2
44 8
52 7
36 5
35 8
55 9
30 1
26 6
11 5
32 1
51 7
37 1
4 6
38 3
38 3
9 5
54 5
26 7
12 2
15 8
1 3
34 6
33 8
60 4
16 6
32 8
15 7
22 9
40 5
42 4
4 2
49 9
42 6
11 9
50 4
20 5
45 5
55 9
24 3
45 8
39 2
55 2
58 9
37 7
12 3
17 7
14 1
32 7
46 6
25 9
55 3
35 1
34 2
52 5
41 2
18 2
9 2
29 4
55 7
52 7
26 3
59 6
29 3
40 8
14 2
28 9
27 2
43 5
18 4
25 9
1 4
34 8
38 1
2 4
54 5
14 3
19 3
35 4
18 5
38 5
54 8
51 3
35 6
32 7
55 2
50 4
37 7
14 5
52 2
58 1
8 1
35 5
44 3
5 9
24 5
28 9
44 6
49 9
21 1
8 8
46 8
23 5
35 7
22 8
8 7
25 4
36 1
18 9
13 8
39 9
27 5
45 3
29 9
13 6
34 1
44 7
38 7
26 6
56 2
32 4
41 5
41 1
27 3
41 7
51 5
55 3
50 2
53 1
23 5
52 7
56 9
20 3
30 5
32 3
30 9
3 5
33 2
48 7
5 6
5 8
2 3
33 3
45 2
26 5
39 5
14 9
14 4
57 6
18 2
5 9
43 6
30 9
36 1
11 5
42 9
18 6
40 4
26 9
26 3
31 5
56 6
46 4
17 4
55 1
55 7
21 7
60 4
51 5
13 2
41 3
56 8
38 3
39 5
30 9
11 3
50 3
58 8
24 5
49 7
16 2
46 4
46 5
5 2
15 7
21 8
60 2
12 1
4 1
57 4
44 1
32 9
53 8
22 5
8 3
7 4
26 4
32 8
25 3
15 4
53 5
30 9
38 7
14 8
46 5
22 8
38 2
59 4
6 1
1 1
55 8
21 7
55 5
59 4
26 3
57 3
51 1
1 7
10 9
4 7
17 3
6 8
42 5
58 1
3 9
4 9
54 3
3 5
50 2
28 2
13 1
32 3
48 5
44 4
43 8
25 6
41 5
17 4
16 1
38 3
23 7
39 9
41 9
4 6
36 7
35 4
46 9
28 2
46 5
48 2
17 3
7 3
4 4
55 7
55 1
4 2
59 9
31 9
24 2
21 1
9 9
3 8
43 3
58 7
49 8
2 9
18 2
17 6
6 5
3 7
4 5
21 3
17 7
52 2
55 5
7 7
54 4
33 9
14 6
60 6
33 7
58 8
7 3
42 8
34 9
47 9
35 1
58 5
48 3
13 6
25 9
21 2
27 6
9 2
3 5
53 9
21 7
20 6
23 5
21 9
33 1
34 2
10 6
59 6
51 6
37 2
29 5
31 8
59 6
60 7
53 2
60 1
9 1
34 8
37 5
51 4
45 6
24 6
26 5
30 6
35 9
11 1
10 5
44 4
37 3
59 2
12 7
47 1
52 2
35 5
46 2
14 5
5 9
42 2
55 2
51 4
42 3
33 7
2 6
58 8
46 5
15 4
39 8
56 4
28 8
44 6
35 4
52 8
47 2
53 5
27 4
1 9
50 7
33 8
5 7
40 9
51 7
3 6
55 8
1 4
20 1
35 2
53 5
33 6
50 9
42 9
19 9
27 9
53 9
27 5
29 5
9 9
29 3
36 3
17 1
28 1
24 7
26 5
60 1
58 2
60 2
55 1
25 5
30 5
51 6
41 8
50 6
25 8
52 2
31 6
10 7
10 1
12 5
24 3
38 5
27 5
33 5
48 7
45 5
28 6
50 8
14 8
26 7
6 2
9 4
10 4
47 1
7 5
10 8
50 2
26 3
54 1
6 7
40 1
36 4
35 7
23 1
42 2
48 9
44 7
54 2
17 5
12 8
52 1
51 4
44 2
56 7
8 8
19 9
