# semilla=2
15 60
675
56 1
6 2
24 3
48 5
17 4
39 1
38 3
28 7
52 9
24 9
60 8
33 5
58 1
56 1
24 8
60 6
59 7
28 9
11 9
12 4
15 1
12 6
12 3
33 9
24 9
44 9
12 8
51 7
48 9
59 6
51 6
24 8
11 7
46 8
42 9
16 8
18 8
33 9
54 6
43 8
58 8
23 9
47 8
32 4
21 3
57 5
50 8
20 5
52 9
36 9
33 7
20 4
32 9
24 2
51 6
47 1
59 4
48 2
4 1
18 4
44 2
49 9
9 5
16 4
57 1
28 1
4 6
24 3
16 1
6 2
5 1
3 1
24 5
9 3
48 3
34 1
25 1
51 4
10 1
1 6
40 2
19 6
32 1
20 8
36 1
58 5
49 7
56 3
31 4
6 6
54 2
2 8
51 3
34 7
32 9
21 3
56 6
17 5
39 7
42 1
45 9
9 1
17 1
9 3
11 2
30 4
33 1
16 4
46 8
5 5
6 4
40 6
17 7
18 9
49 1
10 1
25 7
11 2
33 2
16 2
7 1
12 4
7 4
2 9
43 8
30 5
35 7
14 4
47 7
28 9
2 1
57 7
60 9
38 3
59 2
43 8
24 1
34 2
40 6
19 6
20 1
56 7
7 2
20 4
54 1
52 8
4 7
41 8
30 4
57 2
1 5
2 6
20 2
15 8
13 2
37 6
26 8
9 6
26 2
17 2
8 2
40 6
42 7
14 2
2 8
50 1
47 8
19 6
30 3
52 6
18 8
34 8
47 7
60 8
54 5
26 4
11 8
39 5
36 7
45 2
38 2
5 6
12 9
10 7
58 2
52 2
59 1
9 5
25 4
46 6
29 3
34 5
8 3
35 7
7 6
34 4
46 9
17 3
58 3
30 4
26 6
51 3
30 8
47 1
52 7
57 3
26 9
4 8
18 7
17 7
46 8
24 9
22 2
49 4
35 4
26 7
57 1
21 8
34 8
42 3
53 2
2 7
14 7
58 4
57 2
25 9
50 4
18 4
32 3
1 7
31 5
33 3
30 4
49 2
23 1
58 8
35 2
49 8
60 6
30 5
57 9
30 1
6 6
12 7
17 3
4 3
32 7
30 5
10 1
19 9
30 1
24 1
35 7
37 8
14 5
32 3
31 9
46 5
5 5
53 6
20 6
42 5
42 7
34 2
33 4
26 9
55 3
52 9
41 2
20 1
15 8
36 4
34 5
4 2
8 7
55 6
14 6
23 2
22 8
24 3
32 8
56 5
30 3
59 8
41 4
60 5
21 3
7 4
31 4
49 6
12 6
9 3
15 5
52 9
41 7
26 6
18 9
38 6
48 7
49 5
35 2
24 5
26 8
12 5
58 6
29 8
6 3
21 7
9 1
7 6
11 6
5 7
1 9
21 4
53 7
35 5
31 3
24 6
13 8
7 3
51 4
22 5
10 7
24 5
6 6
13 4
46 4
47 1
22 6
42 1
56 3
12 2
28 8
50 5
9 6
34 2
22 7
15 1
26 8
32 6
35 2
38 9
35 8
26 8
11 7
25 9
29 1
57 2
29 3
8 9
59 3
5 7
20 8
52 1
17 2
43 6
15 3
2 3
28 2
22 8
4 8
16 2
31 3
36 1
9 9
35 1
4 4
35 1
53 9
22 9
57 4
9 6
32 1
9 9
8 4
7 8
14 1
40 4
41 7
22 7
58 9
33 3
33 2
54 3
41 4
12 7
13 5
22 7
10 7
9 7
21 5
52 2
36 2
31 5
19 9
49 8
18 4
27 3
45 9
43 2
2 9
49 4
14 4
26 1
42 3
41 1
48 5
45 8
35 1
48 4
54 3
39 6
3 4
7 3
41 9
59 3
49 2
44 8
41 5
14 3
53 6
45 5
55 9
37 2
27 7
43 1
30 5
43 2
41 5
59 1
14 7
22 5
35 7
38 9
48 4
28 3
45 3
51 8
56 8
23 7
31 5
40 4
38 8
29 4
49 8
55 6
20 2
11 6
39 8
15 3
44 5
56 4
35 5
7 1
51 1
13 6
4 6
35 5
51 6
53 8
5 7
31 1
19 3
14 3
11 7
47 2
41 8
59 5
42 2
32 8
52 4
10 5
55 4
13 6
38 7
34 7
16 4
36 1
17 4
9 7
53 7
8 8
26 7
31 7
19 4
16 4
4 9
34 2
39 9
44 1
4 7
46 7
26 4
33 5
7 6
33 6
34 8
38 2
46 8
48 4
18 1
2 8
3 3
42 3
14 6
16 9
4 3
42 5
49 2
42 9
35 2
44 3
28 3
3 5
33 5
31 1
36 6
49 6
44 2
39 6
7 6
24 5
52 8
58 5
33 3
2 1
22 7
54 1
23 9
46 1
56 2
45 9
33 7
28 7
16 3
11 1
2 6
44 3
19 1
58 1
16 4
26 2
59 6
8 2
16 4
36 4
7 1
45 7
6 9
55 5
38 4
4 9
34 9
59 7
28 3
10 7
9 8
48 6
4 3
34 8
28 8
11 8
39 3
55 6
10 1
17 3
10 7
37 5
29 8
30 4
28 7
18 4
23 1
53 7
40 1
28 5
60 1
59 9
31 5
44 5
16 8
46 8
24 9
55 8
59 4
36 9
11 8
19 6
27 2
33 4
48 7
8 7
39 8
40 9
30 2
48 7
29 6
59 9
23 3
10 4
43 3
27 8
32 3
27 5
59 6
37 7
20 5
43 6
43 1
26 1
14 8
7 2
1 6
21 6
47 7
12 6
51 2
34 8
26 4
29 2
39 1
23 1
20 8
9 1
1 6
26 8
42 1
57 8
41 4
15 6
11 6
20 7
37 8
30 5
6 9
14 6
16 6
55 6
52 3
58 4
35 4
14 8
16 7
56 5
38 4
33 3
1 7
50 8
48 6
42 3
44 4
47 3
55 8
40 1
51 3
59 4
46 4
1 2
30 4
48 3
18 7
40 1
1 6
57 2
20 1
37 6
31 7
8 2
30 3
10 8
59 2
18 3
56 8
35 2
59 9
