# semilla=1
6 20
108
5 2
9 2
16 8
16 7
7 2
16 1
13 7
20 1
15 5
8 2
11 1
1 1
18 1
13 4
14 1
17 4
15 8
18 4
12 4
8 8
10 1
14 9
4 3
10 2
11 9
14 9
7 5
10 8
17 7
19 1
16 4
13 7
6 6
18 6
3 8
17 2
6 9
13 6
16 1
16 1
10 7
6 3
17 4
1 4
18 9
8 7
17 6
19 6
15 5
18 1
13 9
5 9
18 4
14 1
16 6
19 9
7 9
14 8
12 7
12 1
18 9
20 6
15 1
8 3
18 3
3 9
9 1
3 2
1 8
1 5
8 5
4 3
12 5
3 3
6 5
17 3
9 5
15 6
16 8
4 1
10 7
11 7
7 5
4 5
17 4
20 7
1 4
1 7
5 1
6 8
17 7
18 4
17 8
8 9
1 7
19 6
14 1
10 3
7 1
10 2
3 5
10 3
14 5
5 1
18 1
19 4
19 8
6 9
