# semilla=3
6 60
108
16 9
9 6
59 8
41 2
39 1
59 8
17 9
15 4
46 8
35 9
31 7
41 3
15 3
56 9
25 1
43 2
11 1
20 1
53 5
31 7
46 7
26 8
60 3
57 6
7 1
9 8
14 5
44 7
50 5
27 9
54 7
37 6
35 7
38 4
58 6
44 1
55 5
39 3
45 6
35 2
46 4
41 5
19 2
5 8
55 8
6 6
52 2
27 3
2 5
28 7
56 2
3 1
25 6
36 5
33 4
3 5
1 2
7 9
3 4
27 5
40 5
10 1
56 6
21 6
9 7
25 8
56 9
25 9
7 9
18 7
41 4
60 5
28 5
34 5
36 6
1 7
38 6
2 7
40 3
4 6
30 6
44 6
39 5
48 8
2 1
44 1
24 5
41 8
20 6
12 6
12 6
49 6
55 5
20 7
7 1
37 3
20 9
15 5
16 6
12 7
42 2
7 6
22 4
29 3
6 6
48 4
57 8
18 4
