# semilla=2
6 60
108
56 1
6 2
24 3
48 5
17 4
39 1
38 3
28 7
52 9
24 9
60 8
33 5
58 1
56 1
24 8
60 6
59 7
28 9
11 9
12 4
15 1
12 6
12 3
33 9
24 9
44 9
12 8
51 7
48 9
59 6
51 6
24 8
11 7
46 8
42 9
16 8
18 8
33 9
54 6
43 8
58 8
23 9
47 8
32 4
21 3
57 5
50 8
20 5
52 9
36 9
33 7
20 4
32 9
24 2
51 6
47 1
59 4
48 2
4 1
18 4
44 2
49 9
9 5
16 4
57 1
28 1
4 6
24 3
16 1
6 2
5 1
3 1
24 5
9 3
48 3
34 1
25 1
51 4
10 1
1 6
40 2
19 6
32 1
20 8
36 1
58 5
49 7
56 3
31 4
6 6
54 2
2 8
51 3
34 7
32 9
21 3
56 6
17 5
39 7
42 1
45 9
9 1
17 1
9 3
11 2
30 4
33 1
16 4
