# semilla=2
6 20
108
2 2
3 6
6 5
9 4
20 1
19 3
14 7
17 6
18 8
17 5
2 1
12 8
11 7
14 9
6 9
6 4
8 1
6 6
6 3
17 9
12 9
18 3
15 7
17 6
19 6
12 8
6 7
15 9
8 8
9 8
17 9
12 8
15 6
19 9
15 8
8 6
6 5
16 5
10 9
18 9
17 7
10 4
16 9
12 2
11 1
7 2
2 1
9 4
4 9
5 5
8 4
2 7
2 1
12 6
6 4
1 2
4 2
1 1
1 6
9 3
6 3
17 1
13 1
8 3
2 1
12 2
10 6
16 1
10 8
18 1
9 7
20 3
16 4
3 6
4 1
15 3
17 7
16 9
11 3
11 5
9 7
1 9
5 1
9 1
5 3
6 2
15 4
17 1
8 4
15 2
9 2
19 4
20 6
9 7
9 9
1 3
2 7
14 3
4 9
3 4
4 2
1 3
8 2
7 1
17 8
15 5
18 7
7 4
