0 0 0
1 0 31
2 31 0
3 31 31
4 0 2
5 0 4
6 0 6
7 0 8
8 0 10
9 0 12
10 0 14
11 0 16
12 0 18
13 0 20
14 1 6
15 0 22
16 0 24
17 0 26
18 0 28
19 2 0
20 2 31
21 4 0
22 4 31
23 1 20
24 6 0
25 6 31
26 8 0
27 8 31
28 10 0
29 10 31
30 12 0
31 10 1
32 12 31
33 14 0
34 0 20
35 14 31
36 16 0
37 6 30
38 16 31
39 18 0
40 18 31
41 20 0
42 20 31
43 22 0
44 0 1
45 22 31
46 24 0
47 24 31
48 26 0
49 1 2
50 26 31
51 2 30
52 28 0
53 0 29
54 24 30
55 7 31
56 28 31
57 31 2
58 31 4
59 31 6
60 31 8
61 31 10
62 14 1
63 31 11
64 31 9
65 16 30
66 31 13
67 31 15
68 0 3
69 8 31
70 0 5
71 31 17
72 0 28
73 31 19
74 31 21
75 25 31
76 29 0
77 31 23
78 9 0
79 7 31
80 0 0
81 31 25
82 31 27
83 14 0
84 2 31
85 16 31
86 31 29
87 1 4
88 30 21
89 1 9
90 30 2
91 1 11
92 18 1
93 18 30
94 1 1
95 31 1
96 1 13
97 18 31
98 22 1
99 30 27
100 1 15
101 2 9
102 19 0
103 14 30
104 1 2
105 21 0
106 23 0
107 1 17
108 1 19
109 1 21
110 0 30
111 2 19
112 31 0
113 18 30
114 31 26
115 25 0
116 4 1
117 14 1
118 31 1
119 30 11
120 3 0
121 27 0
122 9 31
123 1 1
124 31 11
125 4 2
126 1 23
127 0 1
128 1 25
129 31 21
130 14 31
131 2 0
132 0 21
133 4 0
134 14 0
135 17 1
136 8 0
137 1 19
138 1 27
139 2 23
140 30 13
141 0 25
142 17 31
143 0 17
144 31 0
145 0 7
146 17 2
147 1 8
148 0 11
149 2 10
150 11 31
151 9 0
152 1 29
153 0 8
154 6 31
155 11 0
156 2 29
157 3 2
158 2 3
159 2 19
160 2 5
161 20 0
162 7 31
163 30 21
164 2 7
165 2 25
166 1 31
167 21 1
168 7 0
169 12 0
170 0 31
171 30 17
172 8 0
173 5 0
174 29 27
175 6 31
176 30 31
177 1 26
178 0 9
179 2 12
180 2 14
181 14 1
182 2 16
183 0 10
184 2 27
185 28 27
186 31 22
187 2 31
188 2 2
189 31 25
190 5 30
191 8 31
192 1 3
193 31 27
194 31 18
195 31 31
196 1 19
197 31 3
198 3 27
199 31 14
200 31 16
201 31 4
202 31 20
203 3 7
204 11 0
205 7 1
206 3 14
207 1 31
208 0 13
209 9 31
210 31 1
211 18 0
212 1 22
213 31 7
214 3 0
215 31 0
216 29 17
217 1 4
218 2 7
219 13 0
220 30 18
221 1 12
222 9 1
223 2 18
224 9 2
225 2 20
226 12 0
227 23 31
228 30 27
229 3 4
230 2 31
231 31 23
232 31 27
233 0 18
234 8 2
235 2 13
236 26 31
237 1 30
238 29 31
239 1 14
240 0 30
241 0 0
242 0 15
243 31 2
244 31 5
245 27 27
246 0 2
247 15 0
248 2 21
249 31 22
250 1 31
251 16 2
252 3 6
253 15 2
254 31 13
255 31 24
256 29 13
257 31 15
258 31 17
259 4 4
260 0 3
261 30 9
262 31 3
263 0 17
264 28 13
265 22 0
266 19 0
267 24 0
268 1 11
269 13 0
270 2 8
271 0 29
272 31 9
273 3 9
274 2 20
275 12 31
276 2 31
277 31 26
278 6 1
279 0 22
280 1 21
281 29 21
282 18 29
283 2 27
284 0 30
285 3 15
286 1 9
287 3 27
288 3 3
289 3 13
290 13 1
291 0 26
292 15 31
293 0 1
294 20 0
295 23 0
296 31 19
297 0 2
298 3 11
299 6 2
300 31 21
301 30 13
302 28 31
303 3 17
304 3 31
305 2 27
306 3 27
307 4 17
308 6 0
309 31 1
310 4 31
311 14 31
312 22 31
313 1 31
314 3 31
315 29 18
316 2 27
317 4 5
318 2 14
319 1 25
320 0 0
321 21 2
322 30 5
323 0 19
324 17 29
325 8 3
326 1 7
327 31 16
328 4 13
329 31 12
330 0 27
331 16 0
332 1 0
333 4 0
334 3 27
335 31 23
336 0 9
337 27 13
338 31 4
339 14 0
340 0 21
341 28 17
342 16 1
343 29 13
344 19 31
345 0 6
346 2 27
347 31 17
348 0 5
349 30 19
350 3 1
351 5 0
352 31 3
353 1 6
354 28 18
355 0 1
356 3 19
357 11 31
358 2 7
359 31 24
360 31 11
361 3 17
362 31 0
363 3 25
364 31 28
365 31 6
366 31 2
367 16 31
368 0 23
369 1 3
370 13 31
371 2 21
372 2 8
373 29 31
374 27 17
375 15 0
376 31 4
377 1 9
378 7 0
379 2 4
380 0 26
381 0 3
382 2 13
383 3 20
384 30 0
385 28 19
386 1 21
387 0 12
388 2 5
389 0 24
390 7 3
391 3 0
392 3 7
393 4 31
394 31 3
395 7 4
396 0 14
397 31 30
398 21 31
399 0 23
400 29 1
401 30 26
402 4 1
403 2 7
404 16 29
405 2 19
406 0 16
407 17 0
408 27 19
409 0 13
410 2 1
411 28 21
412 18 31
413 2 8
414 2 18
415 19 31
416 22 0
417 2 0
418 14 0
419 1 2
420 26 27
421 25 31
422 8 0
423 1 28
424 2 26
425 12 1
426 3 14
427 4 9
428 28 31
429 8 31
430 31 23
431 1 14
432 15 29
433 0 11
434 0 0
435 15 31
436 7 31
437 26 13
438 2 4
439 0 9
440 3 15
441 4 17
442 3 2
443 12 2
444 0 2
445 3 3
446 31 0
447 26 31
448 2 2
449 5 2
450 6 0
451 31 26
452 24 31
453 1 17
454 1 12
455 18 31
456 26 0
457 0 1
458 9 0
459 2 22
460 3 31
461 1 27
462 31 4
463 31 31
464 1 1
465 31 25
466 31 7
467 29 31
468 3 12
469 3 17
470 27 0
471 1 20
472 1 28
473 30 23
474 20 31
475 1 10
476 2 9
477 0 27
478 1 4
479 4 17
480 1 27
481 5 3
482 27 31
483 30 0
484 0 10
485 4 8
486 31 6
487 1 0
488 3 0
489 27 21
490 0 15
491 3 24
492 2 28
493 26 19
494 8 0
495 2 8
496 25 0
497 9 31
498 29 30
499 1 2
500 1 19
501 30 31
502 31 27
503 2 29
504 2 2
505 28 1
506 19 0
507 0 20
508 25 19
509 16 0
510 0 21
511 3 11
512 31 19
513 0 19
514 4 2
515 1 9
516 30 19
517 31 28
518 3 18
519 0 7
520 2 12
521 0 31
522 1 15
523 3 5
524 17 1
525 14 29
526 6 4
527 1 28
528 0 8
529 31 14
530 0 11
531 0 12
532 2 4
533 21 31
534 0 24
535 26 17
536 2 10
537 25 27
538 5 31
539 11 2
540 4 16
541 1 10
542 7 30
543 25 17
544 2 13
545 1 30
546 2 10
547 31 23
548 13 0
549 9 0
550 0 14
551 7 31
552 0 9
553 10 2
554 2 19
555 5 2
556 31 1
557 11 30
558 31 8
559 0 15
560 13 29
561 5 30
562 2 15
563 5 1
564 31 9
565 4 9
566 3 21
567 12 31
568 31 8
569 11 1
570 23 31
571 12 0
572 3 14
573 28 2
574 3 9
575 8 0
576 27 2
577 1 16
578 1 10
579 10 31
580 1 8
581 0 7
582 3 15
583 31 19
584 0 22
585 12 29
586 0 26
587 0 16
588 1 13
589 2 11
590 29 5
591 2 27
592 30 21
593 0 20
594 0 28
595 5 0
596 0 23
597 25 13
598 12 28
599 1 15
600 2 8
601 0 13
602 4 17
603 2 18
604 31 21
605 30 23
606 31 2
607 31 27
608 0 19
609 0 8
610 0 7
611 14 2
612 24 13
613 4 7
614 1 12
615 24 19
616 0 22
617 9 2
618 0 15
619 1 16
620 7 0
621 0 17
622 30 6
623 1 17
624 2 26
625 0 20
626 2 14
627 3 20
628 26 31
629 0 8
630 28 30
631 1 4
632 3 1
633 1 19
634 15 0
635 24 0
636 1 9
637 9 31
638 0 7
639 0 23
640 0 21
641 24 17
642 3 29
643 2 29
644 4 12
645 0 30
646 31 28
647 6 31
648 0 10
649 28 31
650 7 31
651 3 7
652 31 31
653 6 1
654 26 21
655 1 20
656 1 22
657 31 16
658 3 29
659 0 31
660 1 14
661 0 16
662 3 12
663 2 31
664 30 31
665 20 31
666 31 10
667 31 24
668 31 25
669 0 0
670 20 2
671 31 11
672 4 12
673 2 5
674 10 31
675 0 12
676 0 19
677 21 31
678 3 17
679 3 6
680 9 31
681 0 27
682 31 23
683 21 0
684 30 21
685 3 7
686 31 26
687 31 13
688 31 21
689 31 7
690 3 21
691 0 2
692 31 15
693 1 23
694 3 0
695 17 31
696 5 31
697 26 2
698 2 29
699 0 17
700 3 10
701 23 13
702 8 0
703 28 13
704 0 30
705 3 4
706 1 8
707 31 24
708 24 27
709 31 29
710 0 9
711 25 31
712 4 17
713 13 0
714 6 2
715 0 4
716 31 10
717 1 10
718 2 17
719 31 6
720 1 30
721 1 18
722 5 4
723 10 31
724 3 19
725 0 10
726 2 18
727 22 0
728 1 11
729 7 0
730 3 29
731 0 30
732 28 5
733 18 0
734 2 11
735 1 3
736 3 1
737 31 28
738 1 10
739 0 1
740 0 3
741 31 29
742 30 6
743 31 12
744 3 12
745 23 30
746 1 3
747 31 18
748 1 5
749 1 11
750 29 6
751 0 18
752 29 7
753 13 2
754 27 13
755 3 0
756 31 13
757 14 31
758 2 23
759 31 12
760 2 21
761 1 23
762 3 1
763 31 9
764 26 13
765 3 31
766 1 19
767 24 31
768 16 1
769 25 21
770 1 20
771 1 12
772 20 31
773 9 0
774 0 8
775 0 3
776 31 23
777 2 3
778 14 0
779 2 23
780 7 1
781 7 0
782 1 15
783 1 30
784 4 16
785 0 26
786 2 6
787 7 1
788 7 0
789 0 9
790 1 17
791 0 5
792 1 6
793 0 2
794 0 1
795 0 15
796 0 6
797 4 3
798 0 27
799 19 31
800 3 0
801 1 16
802 26 0
803 1 2
804 5 2
805 0 19
806 0 18
807 0 17
808 0 25
809 16 0
810 0 29
811 0 7
812 16 1
813 3 25
814 0 6
815 11 0
816 4 17
817 27 5
818 2 7
819 0 26
820 0 8
821 21 0
822 31 17
823 25 31
824 31 11
825 13 31
826 2 30
827 2 11
828 0 14
829 0 0
830 5 30
831 0 16
832 5 5
833 3 5
834 0 2
835 31 1
836 3 24
837 0 27
838 1 8
839 9 31
840 23 19
841 2 15
842 0 15
843 6 2
844 3 9
845 15 31
846 6 31
847 31 31
848 31 12
849 0 14
850 29 0
851 8 0
852 4 2
853 7 1
854 0 4
855 22 19
856 2 5
857 16 0
858 0 5
859 31 18
860 1 5
861 0 4
862 19 2
863 11 28
864 24 21
865 3 20
866 0 12
867 18 2
868 24 31
869 1 19
870 20 0
871 31 10
872 23 27
873 0 7
874 14 1
875 4 16
876 3 7
877 3 17
878 2 17
879 3 15
880 1 15
881 4 30
882 8 2
883 25 31
884 2 10
885 8 3
886 31 6
887 1 11
888 21 19
889 2 16
890 17 0
891 0 15
892 28 7
893 31 24
894 9 0
895 3 11
896 23 31
897 4 9
898 8 31
899 2 8
900 31 27
901 2 12
902 2 31
903 0 10
904 31 0
905 2 9
906 1 30
907 1 10
908 0 20
909 31 1
910 2 28
911 26 5
912 19 0
913 1 11
914 17 1
915 25 5
916 2 19
917 11 1
918 31 3
919 3 6
920 1 16
921 0 21
922 1 17
923 22 31
924 1 16
925 31 26
926 1 8
927 0 23
928 3 21
929 1 26
930 10 28
931 3 3
932 31 14
933 17 30
934 20 19
935 3 10
936 1 21
937 4 5
938 1 29
939 31 4
940 0 24
941 1 25
942 30 12
943 1 6
944 23 0
945 3 28
946 18 0
947 1 26
948 9 28
949 6 0
950 31 28
951 0 14
952 0 8
953 6 3
954 17 31
955 0 22
956 0 28
957 31 12
958 27 31
959 31 15
960 0 16
961 5 0
962 31 17
963 25 2
964 31 13
965 31 3
966 1 25
967 31 18
968 0 9
969 15 0
970 30 31
971 2 1
972 27 7
973 10 31
974 30 26
975 0 6
976 3 11
977 23 17
978 0 13
979 22 0
980 3 10
981 3 18
982 3 25
983 31 12
984 1 26
985 8 0
986 24 31
987 20 31
988 4 4
989 0 14
990 9 31
991 2 16
992 2 0
993 26 7
994 3 14
995 22 13
996 0 15
997 12 31
998 14 2
999 4 8
1000 25 0
1001 31 4
1002 1 25
1003 0 26
1004 5 31
1005 0 30
1006 0 10
1007 1 7
1008 31 26
1009 0 27
1010 1 20
1011 31 23
1012 10 30
1013 10 0
1014 16 0
1015 18 31
1016 24 5
1017 0 20
1018 4 1
1019 3 27
1020 31 0
1021 21 13
1022 5 3
1023 31 3
1024 2 27
1025 20 30
1026 3 24
1027 23 21
1028 28 0
1029 31 5
1030 1 20
1031 0 11
1032 1 31
1033 3 26
1034 31 24
1035 7 31
1036 2 15
1037 3 2
1038 1 1
1039 2 3
1040 11 31
1041 1 23
1042 17 31
1043 1 15
1044 0 31
1045 30 26
1046 22 17
1047 2 29
1048 31 31
1049 0 12
1050 26 31
1051 9 0
1052 1 4
1053 25 7
1054 0 1
1055 3 30
1056 27 31
1057 2 21
1058 3 4
1059 2 14
1060 31 20
1061 24 0
1062 0 3
1063 0 13
1064 31 26
1065 2 6
1066 0 14
1067 3 17
1068 23 5
1069 2 7
1070 30 26
1071 4 3
1072 4 26
1073 31 2
1074 6 1
1075 7 3
1076 31 9
1077 7 0
1078 6 3
1079 2 22
1080 20 13
1081 18 3
1082 4 31
1083 20 31
1084 1 2
1085 13 31
1086 2 31
1087 0 16
1088 2 18
1089 31 27
1090 8 0
1091 1 7
1092 3 19
1093 4 15
1094 4 17
1095 0 2
1096 0 4
1097 1 5
1098 0 5
1099 22 30
1100 0 25
1101 17 2
1102 0 13
1103 0 15
1104 3 11
1105 31 17
1106 25 13
1107 6 31
1108 25 0
1109 2 21
1110 3 26
1111 6 4
1112 3 17
1113 4 6
1114 8 28
1115 0 26
1116 19 31
1117 19 13
1118 31 3
1119 10 29
1120 1 29
1121 22 21
1122 5 4
1123 20 31
1124 21 0
1125 3 10
1126 24 0
1127 1 10
1128 7 31
1129 13 30
1130 6 0
1131 3 20
1132 24 2
1133 5 3
1134 31 28
1135 20 0
1136 0 30
1137 1 9
1138 5 0
1139 1 14
1140 2 23
1141 7 28
1142 6 31
1143 31 6
1144 0 7
1145 0 27
1146 5 5
1147 0 31
1148 1 8
1149 31 23
1150 1 10
1151 31 27
1152 15 0
1153 0 19
1154 0 0
1155 21 0
1156 1 31
1157 31 22
1158 6 28
1159 3 31
1160 30 31
1161 0 1
1162 1 16
1163 2 31
1164 0 9
1165 4 2
1166 21 17
1167 2 28
1168 22 27
1169 24 13
1170 10 0
1171 29 26
1172 1 30
1173 3 11
1174 12 0
1175 13 0
1176 0 6
1177 1 19
1178 2 27
1179 18 13
1180 1 0
1181 0 7
1182 4 24
1183 0 18
1184 2 11
1185 1 21
1186 5 28
1187 31 26
1188 5 31
1189 17 0
1190 23 0
1191 3 1
1192 3 9
1193 26 31
1194 24 7
1195 1 24
1196 3 7
1197 2 0
1198 1 3
1199 2 16
1200 3 0
1201 6 2
1202 3 24
1203 3 15
1204 8 31
1205 2 8
1206 0 30
1207 4 15
1208 28 26
1209 24 0
1210 1 7
1211 3 6
1212 3 14
1213 4 26
1214 2 3
1215 3 2
1216 0 6
1217 4 17
1218 23 7
1219 16 2
1220 4 2
1221 5 15
1222 16 1
1223 30 0
1224 9 29
1225 31 0
1226 4 31
1227 0 17
1228 7 0
1229 10 31
1230 3 13
1231 9 0
1232 1 4
1233 23 31
1234 4 15
1235 21 30
1236 17 3
1237 3 18
1238 0 14
1239 3 29
1240 8 29
1241 22 5
1242 2 18
1243 3 25
1244 27 0
1245 31 2
1246 27 26
1247 16 3
1248 2 22
1249 31 3
1250 0 31
1251 15 1
1252 5 1
1253 1 23
1254 0 24
1255 11 31
1256 0 0
1257 4 5
1258 22 31
1259 14 0
1260 11 0
1261 0 19
1262 4 28
1263 20 17
1264 1 24
1265 11 1
1266 16 1
1267 19 31
1268 0 29
1269 31 18
1270 19 17
1271 19 19
1272 0 20
1273 0 23
1274 6 0
1275 4 3
1276 0 22
1277 7 0
1278 4 7
1279 3 18
1280 10 0
1281 1 8
1282 2 26
1283 15 0
1284 1 17
1285 6 31
1286 3 2
1287 12 2
1288 4 0
1289 1 1
1290 2 29
1291 21 21
1292 20 21
1293 2 23
1294 5 3
1295 7 2
1296 7 29
1297 1 2
1298 21 27
1299 3 1
1300 0 21
1301 3 15
1302 20 31
1303 0 3
1304 31 17
1305 18 31
1306 4 16
1307 23 0
1308 31 5
1309 9 0
1310 2 9
1311 3 9
1312 2 9
1313 4 30
1314 31 18
1315 23 2
1316 2 2
1317 11 0
1318 31 17
1319 31 6
1320 9 1
1321 18 19
1322 2 19
1323 3 24
1324 0 23
1325 0 16
1326 1 20
1327 13 1
1328 3 31
1329 23 13
1330 18 17
1331 3 9
1332 1 15
1333 2 31
1334 31 14
1335 4 11
1336 0 5
1337 4 25
1338 2 8
1339 10 31
1340 0 2
1341 5 0
1342 31 31
1343 2 3
1344 31 25
1345 8 0
1346 15 3
1347 11 31
1348 9 2
1349 3 28
1350 2 18
1351 17 13
1352 31 15
1353 19 31
1354 19 21
1355 2 28
1356 10 0
1357 1 26
1358 3 23
1359 13 31
1360 31 19
1361 4 3
1362 31 14
1363 0 3
1364 26 0
1365 3 5
1366 3 27
1367 0 25
1368 3 21
1369 31 8
1370 20 27
1371 4 17
1372 1 0
1373 11 2
1374 22 13
1375 31 24
1376 3 10
1377 31 21
1378 21 13
1379 9 1
1380 2 20
1381 0 24
1382 12 0
1383 18 0
1384 13 30
1385 2 5
1386 0 4
1387 15 4
1388 30 31
1389 9 2
1390 6 2
1391 3 7
1392 14 0
1393 1 5
1394 17 19
1395 25 0
1396 21 5
1397 0 8
1398 14 4
1399 4 2
1400 31 5
1401 22 0
1402 4 6
1403 20 13
1404 3 9
1405 0 9
1406 4 7
1407 19 13
1408 1 8
1409 11 0
1410 3 5
1411 0 28
1412 31 16
1413 2 0
1414 1 1
1415 0 22
1416 0 2
1417 31 7
1418 1 4
1419 20 31
1420 31 2
1421 1 20
1422 2 10
1423 1 22
1424 2 12
1425 3 0
1426 1 10
1427 2 2
1428 31 11
1429 6 3
1430 6 0
1431 25 31
1432 31 4
1433 4 16
1434 23 0
1435 3 3
1436 31 23
1437 0 15
1438 31 13
1439 13 31
1440 21 29
1441 2 29
1442 17 17
1443 0 18
1444 4 17
1445 16 13
1446 11 3
1447 5 31
1448 10 31
1449 2 15
1450 0 1
1451 0 4
1452 1 15
1453 2 10
1454 2 21
1455 3 19
1456 3 4
1457 19 27
1458 2 5
1459 31 14
1460 20 0
1461 3 30
1462 0 30
1463 2 17
1464 0 26
1465 1 27
1466 1 1
1467 0 22
1468 18 13
1469 30 0
1470 4 16
1471 2 3
1472 2 19
1473 1 5
1474 31 17
1475 16 17
1476 3 8
1477 31 6
1478 13 4
1479 4 30
1480 23 31
1481 20 5
1482 0 7
1483 3 22
1484 8 1
1485 22 2
1486 1 3
1487 17 0
1488 15 1
1489 11 31
1490 1 23
1491 22 0
1492 0 20
1493 17 31
1494 2 3
1495 16 0
1496 10 3
1497 9 0
1498 1 10
1499 21 2
1500 3 6
1501 0 19
1502 2 11
1503 2 7
1504 19 0
1505 15 2
1506 20 2
1507 31 1
1508 0 3
1509 16 19
1510 4 4
1511 19 5
1512 31 16
1513 2 2
1514 12 0
1515 2 12
1516 1 0
1517 4 17
1518 0 21
1519 7 31
1520 11 0
1521 8 31
1522 2 10
1523 3 25
1524 15 17
1525 18 0
1526 0 1
1527 3 31
1528 4 29
1529 6 31
1530 0 23
1531 21 0
1532 26 31
1533 31 18
1534 1 26
1535 3 19
1536 3 16
1537 31 19
1538 5 7
1539 2 24
1540 31 2
1541 1 19
1542 31 31
1543 13 0
1544 30 4
1545 3 11
1546 8 0
1547 18 31
1548 0 17
1549 20 29
1550 3 14
1551 4 11
1552 15 19
1553 2 0
1554 2 3
1555 0 18
1556 4 16
1557 4 28
1558 2 6
1559 1 22
1560 5 31
1561 14 19
1562 14 3
1563 2 20
1564 1 31
1565 0 19
1566 3 12
1567 13 19
1568 12 4
1569 15 13
1570 14 17
1571 24 0
1572 3 21
1573 2 18
1574 31 5
1575 0 2
1576 3 22
1577 0 3
1578 19 0
1579 1 24
1580 9 0
1581 18 27
1582 13 3
1583 26 26
1584 17 27
1585 0 18
1586 0 15
1587 31 6
1588 2 7
1589 16 27
1590 1 27
1591 3 16
1592 2 6
1593 2 21
1594 15 0
1595 0 20
1596 21 31
1597 11 4
1598 3 20
1599 0 5
1600 0 24
1601 18 21
1602 2 12
1603 31 10
1604 1 10
1605 1 6
1606 7 1
1607 4 29
1608 3 5
1609 2 4
1610 1 26
1611 19 2
1612 31 18
1613 17 31
1614 0 16
1615 25 31
1616 0 15
1617 12 0
1618 12 3
1619 1 14
1620 7 2
1621 0 31
1622 31 5
1623 31 24
1624 13 30
1625 10 31
1626 3 6
1627 3 11
1628 30 16
1629 1 16
1630 4 18
1631 1 29
1632 29 4
1633 6 29
1634 5 3
1635 20 31
1636 0 6
1637 7 31
1638 1 2
1639 0 17
1640 30 31
1641 4 7
1642 2 14
1643 25 26
1644 6 28
1645 9 3
1646 0 19
1647 22 0
1648 2 7
1649 19 29
1650 17 13
1651 18 31
1652 1 1
1653 17 12
1654 18 29
1655 5 30
1656 7 0
1657 6 2
1658 3 5
1659 31 16
1660 1 4
1661 5 31
1662 2 17
1663 9 31
1664 2 4
1665 8 0
1666 14 31
1667 0 2
1668 0 7
1669 10 4
1670 0 18
1671 10 5
1672 0 23
1673 4 6
1674 3 10
1675 26 31
1676 1 4
1677 0 8
1678 2 6
1679 31 19
1680 18 2
1681 14 2
1682 12 19
1683 14 0
1684 1 27
1685 3 28
1686 8 3
1687 18 0
1688 0 3
1689 3 19
1690 6 3
1691 3 11
1692 31 31
1693 2 4
1694 2 8
1695 25 0
1696 31 4
1697 1 8
1698 10 31
1699 17 0
1700 16 0
1701 1 4
1702 31 22
1703 1 15
1704 0 19
1705 1 25
1706 1 24
1707 9 31
1708 15 31
1709 21 31
1710 2 11
1711 18 5
1712 12 1
1713 31 13
1714 14 13
1715 24 26
1716 0 14
1717 2 20
1718 3 2
1719 0 2
1720 21 0
1721 17 5
1722 23 26
1723 31 5
1724 14 31
1725 31 15
1726 11 19
1727 17 2
1728 31 21
1729 5 0
1730 0 13
1731 1 21
1732 2 18
1733 9 0
1734 31 23
1735 2 12
1736 2 1
1737 1 1
1738 2 15
1739 10 19
1740 24 31
1741 2 25
1742 30 31
1743 7 30
1744 4 3
1745 0 6
1746 23 31
1747 8 4
1748 31 1
1749 13 0
1750 3 20
1751 1 22
1752 1 7
1753 2 21
1754 2 26
1755 25 31
1756 5 2
1757 12 30
1758 2 20
1759 1 2
1760 3 19
1761 1 6
1762 6 4
1763 0 14
1764 1 31
1765 2 9
1766 0 31
1767 5 28
1768 2 28
1769 15 0
1770 28 4
1771 31 16
1772 3 28
1773 1 8
1774 31 12
1775 0 13
1776 2 28
1777 11 3
1778 27 4
1779 31 31
1780 1 21
1781 1 22
1782 0 30
1783 17 31
1784 0 27
1785 30 31
1786 16 12
1787 9 19
1788 8 3
1789 2 17
1790 0 4
1791 3 29
1792 0 18
1793 6 31
1794 0 31
1795 13 17
1796 2 21
1797 16 2
1798 31 18
1799 3 1
1800 14 0
1801 7 29
1802 1 0
1803 3 10
1804 9 5
1805 7 3
1806 31 20
1807 3 11
1808 2 20
1809 8 0
1810 2 25
1811 3 13
1812 22 7
1813 3 4
1814 13 31
1815 2 14
1816 4 17
1817 1 16
1818 10 3
1819 0 29
1820 0 17
1821 16 0
1822 1 15
1823 3 18
1824 4 31
1825 24 0
1826 3 21
1827 3 5
1828 17 21
1829 8 31
1830 0 6
1831 2 26
1832 1 27
1833 3 19
1834 5 4
1835 2 7
1836 20 31
1837 2 11
1838 13 0
1839 23 0
1840 9 31
1841 3 30
1842 1 20
1843 13 2
1844 2 25
1845 2 31
1846 6 5
1847 0 24
1848 2 15
1849 16 31
1850 2 18
1851 12 17
1852 30 18
1853 2 16
1854 2 0
1855 10 0
1856 8 31
1857 12 0
1858 22 31
1859 1 23
1860 1 30
1861 3 0
1862 4 0
1863 0 22
1864 16 5
1865 1 25
1866 1 6
1867 15 12
1868 2 6
1869 3 4
1870 1 16
1871 0 27
1872 31 13
1873 31 9
1874 0 10
1875 11 0
1876 5 0
1877 15 2
1878 26 4
1879 11 17
1880 2 0
1881 15 5
1882 0 3
1883 9 31
1884 3 14
1885 8 5
1886 3 2
1887 6 29
1888 6 3
1889 4 0
1890 13 0
1891 0 14
1892 21 7
1893 0 30
1894 1 18
1895 14 0
1896 7 1
1897 29 0
1898 3 1
1899 0 2
1900 13 3
1901 8 19
1902 31 31
1903 15 31
1904 16 31
1905 31 15
1906 7 19
1907 7 0
1908 0 20
1909 7 3
1910 31 12
1911 28 0
1912 1 14
1913 0 21
1914 1 3
1915 0 16
1916 2 17
1917 12 2
1918 2 25
1919 4 16
1920 5 5
1921 1 26
1922 6 0
1923 3 18
1924 3 13
1925 31 4
1926 2 24
1927 6 4
1928 2 19
1929 2 22
1930 0 19
1931 5 1
1932 10 17
1933 0 31
1934 25 4
1935 24 31
1936 3 16
1937 2 25
1938 27 0
1939 20 0
1940 4 2
1941 22 30
1942 16 21
1943 3 10
1944 0 30
1945 1 16
1946 31 11
1947 0 18
1948 22 31
1949 3 7
1950 11 30
1951 31 18
1952 19 0
1953 22 30
1954 0 16
1955 1 12
1956 4 10
1957 22 31
1958 8 31
1959 4 18
1960 1 21
1961 15 21
1962 1 31
1963 0 25
1964 31 3
1965 12 31
1966 3 11
1967 4 16
1968 6 19
1969 1 13
1970 31 22
1971 1 27
1972 0 3
1973 14 5
1974 3 20
1975 1 6
1976 26 0
1977 1 16
1978 22 26
1979 15 27
1980 1 19
1981 31 8
1982 0 16
1983 1 18
1984 25 0
1985 11 2
1986 8 1
1987 31 10
1988 5 31
1989 13 31
1990 2 2
1991 1 29
1992 22 0
1993 3 22
1994 3 16
1995 6 1
1996 0 31
1997 1 15
1998 0 4
1999 6 30
2000 4 28
2001 0 22
2002 2 31
2003 30 31
2004 0 1
2005 7 31
2006 6 2
2007 24 4
2008 7 5
2009 4 16
2010 1 0
2011 13 13
2012 0 5
2013 22 30
2014 24 0
2015 3 18
2016 23 4
2017 21 26
2018 0 18
2019 20 7
2020 5 19
2021 18 0
2022 31 31
2023 31 23
2024 5 4
2025 15 31
2026 1 10
2027 1 30
2028 8 0
2029 13 0
2030 25 0
2031 31 14
2032 2 10
2033 22 4
2034 1 17
2035 2 19
2036 0 2
2037 0 20
2038 14 12
2039 2 24
2040 16 31
2041 8 1
2042 8 0
2043 31 17
2044 4 3
2045 3 9
2046 31 22
2047 0 15
2048 31 11
2049 2 11
2050 1 16
2051 4 18
2052 1 14
2053 2 8
2054 4 9
2055 31 4
2056 2 1
2057 5 30
2058 2 29
2059 14 21
2060 0 24
2061 2 0
2062 1 1
2063 5 29
2064 4 29
2065 21 0
2066 4 11
2067 14 0
2068 2 23
2069 0 28
2070 9 31
2071 3 5
2072 23 31
2073 3 2
2074 10 1
2075 2 13
2076 0 3
2077 9 0
2078 3 15
2079 24 31
2080 3 18
2081 11 31
2082 19 31
2083 1 31
2084 13 5
2085 23 31
2086 12 3
2087 2 28
2088 12 13
2089 3 1
2090 30 31
2091 6 0
2092 1 26
2093 12 4
2094 4 22
2095 2 7
2096 13 12
2097 0 8
2098 1 0
2099 11 30
2100 31 23
2101 0 30
2102 3 21
2103 4 17
2104 0 29
2105 18 31
2106 1 1
2107 0 28
2108 2 5
2109 2 3
2110 3 2
2111 3 19
2112 3 8
2113 1 19
2114 8 0
2115 11 31
2116 2 14
2117 1 15
2118 11 30
2119 9 0
2120 2 25
2121 0 4
2122 7 6
2123 2 8
2124 1 16
2125 2 27
2126 0 23
2127 0 3
2128 3 13
2129 13 21
2130 3 6
2131 1 3
2132 2 4
2133 4 2
2134 0 2
2135 3 31
2136 1 7
2137 4 3
2138 19 31
2139 31 19
2140 5 31
2141 0 17
2142 3 28
2143 11 4
2144 5 2
2145 8 31
2146 3 16
2147 0 26
2148 0 18
2149 2 28
2150 31 22
2151 31 10
2152 0 27
2153 6 4
2154 31 21
2155 4 5
2156 19 0
2157 0 28
2158 1 25
2159 4 4
2160 0 3
2161 31 11
2162 21 30
2163 1 15
2164 14 27
2165 23 0
2166 31 0
2167 9 3
2168 3 29
2169 21 31
2170 1 24
2171 31 3
2172 31 31
2173 15 31
2174 30 19
2175 16 31
2176 0 27
2177 1 10
2178 2 31
2179 3 0
2180 0 25
2181 31 16
2182 2 2
2183 0 24
2184 21 4
2185 21 30
2186 3 27
2187 4 12
2188 4 3
2189 19 7
2190 12 2
2191 7 31
2192 3 9
2193 3 3
2194 11 13
2195 10 13
2196 0 7
2197 9 4
2198 2 26
2199 1 3
2200 12 0
2201 4 18
2202 1 0
2203 18 0
2204 0 3
2205 4 17
2206 2 13
2207 20 26
2208 11 31
2209 6 6
2210 1 22
2211 7 2
2212 11 3
2213 31 10
2214 31 2
2215 19 26
2216 31 17
2217 18 26
2218 31 20
2219 3 23
2220 2 1
2221 2 5
2222 11 1
2223 10 2
2224 8 0
2225 3 11
2226 31 11
2227 2 4
2228 1 7
2229 20 4
2230 30 0
2231 16 1
2232 8 4
2233 2 23
2234 4 0
2235 0 17
2236 5 4
2237 3 18
2238 3 23
2239 14 2
2240 31 0
2241 1 18
2242 2 21
2243 21 31
2244 0 18
2245 8 31
2246 12 3
2247 0 28
2248 20 0
2249 0 31
2250 2 25
2251 26 0
2252 30 31
2253 11 0
2254 0 21
2255 4 31
2256 2 23
2257 31 10
2258 21 30
2259 10 0
2260 0 2
2261 3 7
2262 1 19
2263 9 17
2264 31 21
2265 17 29
2266 18 31
2267 1 13
2268 30 0
2269 0 27
2270 7 1
2271 9 0
2272 3 22
2273 5 17
2274 5 6
2275 5 12
2276 3 19
2277 1 25
2278 2 26
2279 2 6
2280 19 31
2281 3 18
2282 1 28
2283 3 0
2284 9 30
2285 4 19
2286 31 31
2287 4 12
2288 31 13
2289 0 7
2290 9 13
2291 31 20
2292 3 14
2293 18 7
2294 4 7
2295 1 5
2296 19 4
2297 2 12
2298 2 11
2299 17 0
2300 1 8
2301 3 7
2302 29 19
2303 0 17
2304 2 29
2305 1 31
2306 19 0
2307 4 0
2308 5 31
2309 9 2
2310 2 9
2311 14 31
2312 12 5
2313 2 8
2314 31 7
2315 4 2
2316 28 19
2317 31 0
2318 3 1
2319 1 29
2320 2 13
2321 0 19
2322 2 0
2323 31 19
2324 3 29
2325 1 1
2326 2 24
2327 31 20
2328 21 31
2329 3 0
2330 0 25
2331 1 24
2332 5 0
2333 2 10
2334 1 26
2335 13 2
2336 12 21
2337 15 1
2338 0 3
2339 4 16
2340 13 27
2341 0 22
2342 1 12
2343 0 24
2344 4 1
2345 7 4
2346 4 3
2347 17 7
2348 31 19
2349 18 4
2350 31 20
2351 3 23
2352 0 31
2353 7 2
2354 2 18
2355 17 31
2356 20 0
2357 16 29
2358 31 9
2359 19 0
2360 9 3
2361 8 17
2362 5 2
2363 0 30
2364 2 28
2365 5 7
2366 1 18
2367 1 10
2368 10 0
2369 3 19
2370 11 2
2371 17 4
2372 15 29
2373 5 5
2374 15 2
2375 3 10
2376 31 19
2377 3 1
2378 3 4
2379 31 12
2380 6 0
2381 8 3
2382 0 23
2383 3 0
2384 2 25
2385 3 26
2386 2 15
2387 10 31
2388 9 3
2389 1 13
2390 1 6
2391 5 8
2392 3 2
2393 1 24
2394 17 26
2395 10 2
2396 12 12
2397 1 27
2398 20 0
2399 3 6
2400 2 19
2401 9 29
2402 2 3
2403 31 6
2404 14 29
2405 4 31
2406 2 24
2407 1 14
2408 11 5
2409 11 12
2410 2 13
2411 11 21
2412 0 20
2413 8 13
2414 2 6
2415 1 4
2416 7 17
2417 25 0
2418 10 21
2419 21 30
2420 0 14
2421 16 4
2422 27 19
2423 0 18
2424 7 13
2425 0 22
2426 5 3
2427 0 6
2428 13 31
2429 1 19
2430 3 30
2431 3 22
2432 16 7
2433 31 11
2434 0 31
2435 1 18
2436 5 18
2437 2 9
2438 1 13
2439 4 3
2440 4 8
2441 5 3
2442 0 23
2443 16 0
2444 4 4
2445 21 31
2446 19 0
2447 3 8
2448 31 3
2449 2 0
2450 6 3
2451 18 0
2452 26 19
2453 3 0
2454 0 19
2455 6 17
2456 1 7
2457 4 10
2458 6 31
2459 0 29
2460 26 0
2461 31 16
2462 8 3
2463 6 13
2464 6 30
2465 31 15
2466 4 0
2467 1 14
2468 6 1
2469 0 7
2470 0 5
2471 1 26
2472 9 2
2473 1 28
2474 19 0
2475 2 5
2476 0 14
2477 1 15
2478 2 16
2479 18 0
2480 0 13
2481 1 17
2482 31 18
2483 1 7
2484 25 0
2485 25 19
2486 3 23
2487 0 4
2488 1 5
2489 6 31
2490 10 5
2491 2 1
2492 11 3
2493 5 3
2494 31 12
2495 9 21
2496 0 10
2497 3 15
2498 4 8
2499 24 19
2500 1 16
2501 1 18
2502 3 21
2503 2 18
2504 10 3
2505 2 21
2506 4 18
2507 6 4
2508 0 5
2509 5 17
2510 2 0
2511 3 10
2512 0 8
2513 4 10
2514 2 5
2515 5 6
2516 0 18
2517 3 1
2518 12 27
2519 8 29
2520 0 24
2521 31 2
2522 30 0
2523 30 31
2524 3 3
2525 0 30
2526 0 26
2527 12 2
2528 1 26
2529 1 0
2530 4 5
2531 1 14
2532 1 17
2533 0 31
2534 3 22
2535 1 23
2536 8 4
2537 1 16
2538 22 0
2539 24 0
2540 19 0
2541 3 25
2542 0 4
2543 1 2
2544 14 1
2545 0 30
2546 18 0
2547 9 5
2548 15 7
2549 25 0
2550 7 29
2551 0 5
2552 9 1
2553 11 27
2554 31 0
2555 0 1
2556 3 7
2557 17 0
2558 2 28
2559 1 6
2560 0 31
2561 24 0
2562 4 2
2563 3 13
2564 0 2
2565 24 31
2566 8 30
2567 0 14
2568 31 11
2569 1 20
2570 0 28
2571 16 31
2572 7 0
2573 0 0
2574 2 0
2575 2 7
2576 8 21
2577 31 5
2578 14 7
2579 15 31
2580 1 3
2581 4 25
2582 9 3
2583 11 2
2584 5 1
2585 8 31
2586 31 31
2587 3 10
2588 0 27
2589 6 1
2590 10 12
2591 0 6
2592 3 23
2593 0 5
2594 5 7
2595 2 14
2596 31 12
2597 10 27
2598 31 8
2599 1 30
2600 15 4
2601 16 31
2602 6 29
2603 3 29
2604 2 15
2605 0 20
2606 1 10
2607 8 1
2608 1 4
2609 1 25
2610 9 1
2611 5 6
2612 7 21
2613 3 19
2614 3 30
2615 30 31
2616 31 14
2617 0 28
2618 31 3
2619 8 1
2620 5 0
2621 0 30
2622 31 11
2623 4 4
2624 3 16
2625 4 11
2626 2 27
2627 22 31
2628 9 2
2629 0 4
2630 3 17
2631 11 31
2632 9 12
2633 0 26
2634 3 22
2635 0 27
2636 0 21
2637 3 0
2638 3 1
2639 3 5
2640 5 2
2641 3 15
2642 21 0
2643 4 19
2644 3 7
2645 13 0
2646 31 17
2647 6 3
2648 5 4
2649 2 5
2650 2 26
2651 2 8
2652 13 7
2653 13 29
2654 11 1
2655 31 16
2656 15 31
2657 0 26
2658 3 5
2659 2 4
2660 5 31
2661 4 31
2662 1 28
2663 5 29
2664 2 19
2665 2 7
2666 3 29
2667 4 15
2668 1 0
2669 0 25
2670 12 0
2671 12 29
2672 2 12
2673 8 12
2674 23 19
2675 31 7
2676 30 5
2677 5 18
2678 9 27
2679 11 29
2680 5 1
2681 31 13
2682 25 31
2683 9 6
2684 3 26
2685 11 2
2686 16 26
2687 1 9
2688 1 3
2689 6 21
2690 0 3
2691 4 12
2692 0 28
2693 30 0
2694 0 23
2695 14 4
2696 1 22
2697 1 5
2698 13 0
2699 6 30
2700 4 6
2701 2 26
2702 8 0
2703 23 0
2704 3 23
2705 5 2
2706 1 23
2707 1 2
2708 24 0
2709 6 31
2710 16 0
2711 5 13
2712 31 15
2713 15 3
2714 6 4
2715 31 16
2716 2 29
2717 3 15
2718 1 31
2719 13 30
2720 2 22
2721 1 20
2722 0 13
2723 0 22
2724 4 11
2725 1 26
2726 7 3
2727 6 0
2728 2 9
2729 3 18
2730 9 3
2731 4 3
2732 0 24
2733 22 19
2734 6 5
2735 0 31
2736 2 18
2737 4 30
2738 0 7
2739 31 14
2740 0 4
2741 7 0
2742 2 19
2743 5 31
2744 31 13
2745 0 0
2746 2 18
2747 10 2
2748 9 2
2749 2 21
2750 1 28
2751 9 0
2752 0 14
2753 1 6
2754 1 0
2755 3 0
2756 6 31
2757 3 2
2758 9 31
2759 0 8
2760 12 7
2761 7 12
2762 23 0
2763 3 22
2764 9 3
2765 2 3
2766 3 19
2767 2 5
2768 14 2
2769 3 1
2770 0 28
2771 4 0
2772 31 0
2773 11 7
2774 0 20
2775 31 14
2776 21 31
2777 3 23
2778 18 31
2779 3 5
2780 3 27
2781 2 11
2782 16 3
2783 0 2
2784 2 25
2785 1 10
2786 0 17
2787 3 16
2788 2 17
2789 17 0
2790 5 6
2791 1 24
2792 8 2
2793 3 22
2794 0 10
2795 5 17
2796 1 15
2797 3 31
2798 2 31
2799 10 31
2800 1 4
2801 9 4
2802 2 27
2803 2 15
2804 3 7
2805 11 31
2806 1 7
2807 0 16
2808 0 3
2809 1 30
2810 2 18
2811 1 16
2812 13 2
2813 31 5
2814 10 0
2815 1 27
2816 4 24
2817 5 12
2818 2 2
2819 1 21
2820 7 5
2821 7 11
2822 5 1
2823 15 26
2824 17 31
2825 10 7
2826 3 17
2827 1 12
2828 31 8
2829 4 2
2830 1 14
2831 0 0
2832 13 4
2833 1 2
2834 4 6
2835 6 1
2836 0 2
2837 12 0
2838 31 31
2839 3 31
2840 10 8
2841 0 26
2842 2 22
2843 0 29
2844 1 20
2845 6 2
2846 31 13
2847 0 14
2848 5 0
2849 4 4
2850 30 0
2851 14 31
2852 6 5
2853 0 27
2854 12 30
2855 31 15
2856 1 10
2857 0 4
2858 8 0
2859 31 2
2860 10 31
2861 6 11
2862 5 28
2863 0 21
2864 3 3
2865 4 1
2866 5 5
2867 2 27
2868 1 0
2869 4 9
2870 1 6
2871 1 21
2872 1 8
2873 0 17
2874 8 6
2875 24 0
2876 0 21
2877 31 1
2878 13 31
2879 4 8
2880 4 19
2881 1 14
2882 0 3
2883 0 8
2884 1 8
2885 4 3
2886 5 31
2887 0 20
2888 2 3
2889 1 19
2890 1 31
2891 4 4
2892 4 3
2893 3 27
2894 2 13
2895 0 5
2896 4 4
2897 3 2
2898 4 2
2899 0 30
2900 4 1
2901 8 27
2902 15 3
2903 3 13
2904 7 6
2905 5 18
2906 0 0
2907 5 11
2908 0 10
2909 0 28
2910 2 21
2911 31 4
2912 23 0
2913 5 21
2914 0 4
2915 3 24
2916 12 31
2917 13 0
2918 2 1
2919 31 7
2920 2 12
2921 7 0
2922 2 11
2923 4 11
2924 8 0
2925 2 10
2926 16 0
2927 6 12
2928 24 31
2929 12 0
2930 7 27
2931 3 3
2932 0 18
2933 0 24
2934 30 31
2935 31 2
2936 16 31
2937 5 17
2938 31 31
2939 2 5
2940 31 6
2941 8 3
2942 31 10
2943 2 16
2944 3 2
2945 6 27
2946 5 1
2947 2 30
2948 2 29
2949 3 22
2950 6 6
2951 3 6
2952 17 0
2953 31 5
2954 4 0
2955 4 5
2956 1 3
2957 2 13
2958 4 6
2959 4 3
2960 31 0
2961 4 9
2962 2 0
2963 0 25
2964 2 8
2965 3 16
2966 2 3
2967 5 11
2968 31 9
2969 3 25
2970 0 31
2971 2 30
2972 3 23
2973 10 29
2974 5 2
2975 2 2
2976 3 26
2977 22 0
2978 1 30
2979 13 3
2980 3 17
2981 31 12
2982 2 6
2983 2 5
2984 31 6
2985 31 14
2986 4 4
2987 31 5
2988 1 27
2989 23 31
2990 3 0
2991 5 18
2992 0 13
2993 6 5
2994 0 3
2995 7 0
2996 0 12
2997 31 1
2998 12 30
2999 24 31
3000 3 3
3001 9 29
3002 0 19
3003 30 31
3004 11 31
3005 15 31
3006 5 3
3007 0 8
3008 1 21
3009 3 11
3010 4 3
3011 31 11
3012 3 16
3013 2 30
3014 31 31
3015 0 4
3016 8 4
3017 0 9
3018 0 6
3019 4 21
3020 1 20
3021 6 0
3022 30 31
3023 1 18
3024 31 13
3025 20 31
3026 3 1
3027 5 17
3028 3 19
3029 1 29
3030 5 5
3031 4 19
3032 31 10
3033 1 30
3034 14 31
3035 0 14
3036 16 0
3037 3 9
3038 5 2
3039 8 5
3040 0 27
3041 0 20
3042 9 0
3043 4 5
3044 4 31
3045 11 0
3046 2 1
3047 0 29
3048 1 0
3049 0 3
3050 3 17
3051 1 17
3052 7 5
3053 1 31
3054 5 4
3055 14 26
3056 3 6
3057 0 23
3058 0 7
3059 0 4
3060 4 6
3061 6 3
3062 9 2
3063 5 0
3064 21 19
3065 0 24
3066 7 4
3067 1 5
3068 3 10
3069 2 9
3070 0 1
3071 2 17
# colocadas=3072 ocupadas=108 mayor=223
