0 8 21
1 25 31
2 31 5
3 13 19
4 3 1
5 26 25
6 9 2
7 4 14
8 22 15
9 30 20
10 18 8
11 6 5
12 27 10
13 3 15
14 25 6
15 10 0
16 15 26
17 25 8
18 23 26
19 30 5
20 16 27
21 17 27
22 22 26
23 23 28
24 30 24
25 5 19
26 24 10
27 6 2
28 25 22
29 16 26
30 31 13
31 14 31
32 18 9
33 25 12
34 18 8
35 1 9
36 28 23
37 30 23
38 30 25
39 22 16
40 23 23
41 4 4
42 22 13
43 20 2
44 20 27
45 17 6
46 13 18
47 12 2
48 6 19
49 13 22
50 18 27
51 0 25
52 2 7
53 18 28
54 3 13
55 11 5
56 0 12
57 3 4
58 5 14
59 10 2
60 5 12
61 1 26
62 3 0
63 9 6
64 31 25
65 4 17
66 1 22
67 4 25
68 22 30
69 10 17
70 9 12
71 1 12
72 18 27
73 18 0
74 22 23
75 25 30
76 5 7
77 8 31
78 14 2
79 24 27
80 20 0
81 9 25
82 22 29
83 16 21
84 6 13
85 25 9
86 4 4
87 5 19
88 0 12
89 31 5
90 9 26
91 12 1
92 11 27
93 15 7
94 21 13
95 16 6
96 3 1
97 27 11
98 27 10
99 1 28
100 25 21
101 15 2
102 6 7
103 2 8
104 19 18
105 14 2
106 25 8
107 12 8
108 3 4
109 8 6
110 5 11
111 14 15
112 28 6
113 12 2
114 27 23
115 30 24
116 5 12
117 6 20
118 18 9
119 19 8
120 13 21
121 17 13
122 4 16
123 17 11
124 10 5
125 18 10
126 30 5
127 31 14
128 22 28
129 31 5
130 25 15
131 16 30
132 7 13
133 25 16
134 12 27
135 1 6
136 5 7
137 21 4
138 22 30
139 27 25
140 7 26
141 25 22
142 7 31
143 13 22
144 10 18
145 29 20
146 22 1
147 25 31
148 11 27
149 9 25
150 7 25
151 7 21
152 0 24
153 25 15
154 1 21
155 22 4
156 5 11
157 9 26
158 28 7
159 30 28
160 30 20
161 23 28
162 9 25
163 18 22
164 21 25
165 24 6
166 23 23
167 9 26
168 15 8
169 18 9
170 6 13
171 15 2
172 9 0
173 6 12
174 28 2
175 2 7
176 17 0
177 24 3
178 5 5
179 3 0
180 20 25
181 25 6
182 25 21
183 14 2
184 6 5
185 15 21
186 5 5
187 9 25
188 1 5
189 16 2
190 4 4
191 25 0
192 2 8
193 12 1
194 21 0
195 8 31
196 22 23
197 23 23
198 18 28
199 12 2
200 25 16
201 6 5
202 20 0
203 16 11
204 5 26
205 21 0
206 27 11
207 17 29
208 29 20
209 28 6
210 27 10
211 22 28
212 30 5
213 13 9
214 26 12
215 28 7
216 31 13
217 31 15
218 1 29
219 12 1
220 29 14
221 4 14
222 4 11
223 1 28
224 25 22
225 2 26
226 9 13
227 28 23
228 31 16
229 29 2
230 5 12
231 24 2
232 25 30
233 10 0
234 28 2
235 25 31
236 6 13
237 1 12
238 12 7
239 13 21
240 26 25
241 5 18
242 11 5
243 9 6
244 9 30
245 18 10
246 8 21
247 17 22
248 18 8
249 31 15
250 18 27
251 3 21
252 25 9
253 25 12
254 9 0
255 7 26
256 31 5
257 31 28
258 12 27
259 5 27
260 5 19
261 13 15
262 23 26
263 5 18
264 5 11
265 0 25
266 12 2
267 16 1
268 18 0
269 13 22
270 22 2
271 7 2
272 10 5
273 31 16
274 25 30
275 1 6
276 30 5
277 24 3
278 9 2
279 13 21
280 17 6
281 25 8
282 25 31
283 30 20
284 7 21
285 6 12
286 21 4
287 12 8
288 25 15
289 3 11
290 1 5
291 29 2
292 1 22
293 3 4
294 18 22
295 22 4
296 2 21
297 25 9
298 9 29
299 10 9
300 26 0
301 31 15
302 1 29
303 4 17
304 12 1
305 10 0
306 13 22
307 4 24
308 30 23
309 0 26
310 11 5
311 3 1
312 22 13
313 6 2
314 2 7
315 6 7
316 28 6
317 20 28
318 28 2
319 5 7
320 22 26
321 25 16
322 7 2
323 24 2
324 23 30
325 2 8
326 11 27
327 9 26
328 21 4
329 6 19
330 17 22
331 4 16
332 22 1
333 0 22
334 22 15
335 15 2
336 4 17
337 25 8
338 6 7
339 9 30
340 17 28
341 9 12
342 31 5
343 11 7
344 19 17
345 1 22
346 10 7
347 29 20
348 0 25
349 1 26
350 22 30
351 29 15
352 9 0
353 15 31
354 2 30
355 27 25
356 3 30
357 20 26
358 2 13
359 27 23
360 16 21
361 15 21
362 27 11
363 26 12
364 16 0
365 17 29
366 4 13
367 3 0
368 3 1
369 21 25
370 16 21
371 22 16
372 4 4
373 2 30
374 6 20
375 13 21
376 3 16
377 30 20
378 5 26
379 12 7
380 17 28
381 0 9
382 5 27
383 24 3
384 25 0
385 3 4
386 9 13
387 5 5
388 23 26
389 29 20
390 28 7
391 9 29
392 9 30
393 4 14
394 0 12
395 5 10
396 2 26
397 24 2
398 30 25
399 24 28
400 7 25
401 24 3
402 24 2
403 15 21
404 19 27
405 25 15
406 17 11
407 20 25
408 22 2
409 24 27
410 10 0
411 30 5
412 25 21
413 12 27
414 6 2
415 16 11
416 17 29
417 31 5
418 22 4
419 18 27
420 16 31
421 19 0
422 1 6
423 24 3
424 22 25
425 19 10
426 1 5
427 20 26
428 3 21
429 6 5
430 9 29
431 4 16
432 5 11
433 10 10
434 10 2
435 30 13
436 8 6
437 25 30
438 7 31
439 3 15
440 24 6
441 10 17
442 25 9
443 20 25
444 1 26
445 29 2
446 15 7
447 30 5
448 28 23
449 9 0
450 4 4
451 9 2
452 19 18
453 26 0
454 22 0
455 19 11
456 23 30
457 4 13
458 10 8
459 9 6
460 18 0
461 10 18
462 24 2
463 15 26
464 24 3
465 27 23
466 25 31
467 17 11
468 8 6
469 16 26
470 14 15
471 2 14
472 25 12
473 16 11
474 20 26
475 10 17
476 6 13
477 12 8
478 10 11
479 30 20
480 25 30
481 8 31
482 17 12
483 9 6
484 5 5
485 25 0
486 9 25
487 16 10
488 21 0
489 6 19
490 21 25
491 1 14
492 9 30
493 21 13
494 2 15
495 25 8
496 25 22
497 10 18
498 23 28
499 4 17
500 10 2
501 25 16
502 1 21
503 3 10
504 19 26
505 3 15
506 6 5
507 14 31
508 4 25
509 25 15
510 26 12
511 25 9
512 14 9
513 16 6
514 25 16
515 14 2
516 1 9
517 31 25
518 7 31
519 8 21
520 25 8
521 10 5
522 20 0
523 30 25
524 16 29
525 3 30
526 10 17
527 13 22
528 1 28
529 10 0
530 18 9
531 9 26
532 0 24
533 17 6
534 16 11
535 9 0
536 24 2
537 3 0
538 16 21
539 5 19
540 28 6
541 5 20
542 1 15
543 27 10
544 26 25
545 30 28
546 22 1
547 7 26
548 15 2
549 2 7
550 0 9
551 25 31
552 4 16
553 28 23
554 0 25
555 1 16
556 28 7
557 5 26
558 9 31
559 20 26
560 1 12
561 16 7
562 22 15
563 2 8
564 13 31
565 27 23
566 2 26
567 5 21
568 15 31
569 1 22
570 21 2
571 4 14
572 14 2
573 3 9
574 6 12
575 18 1
576 25 30
577 15 26
578 20 29
579 16 30
580 3 4
581 22 23
582 2 21
583 29 20
584 30 20
585 10 9
586 0 26
587 9 2
588 9 25
589 4 24
590 31 23
591 27 11
592 26 0
593 3 10
594 0 22
595 1 15
596 16 27
597 16 1
598 28 2
599 2 25
600 1 6
601 16 29
602 23 23
603 3 9
604 13 9
605 18 6
606 22 13
607 14 9
608 2 26
609 16 30
610 3 21
611 14 26
612 18 0
613 10 18
614 22 30
615 3 16
616 16 26
617 5 7
618 31 13
619 25 0
620 31 16
621 29 14
622 1 5
623 10 2
624 31 14
625 22 28
626 31 5
627 9 26
628 21 13
629 9 2
630 13 21
631 25 31
632 28 23
633 14 31
634 11 9
635 1 6
636 27 25
637 25 6
638 29 15
639 8 6
640 19 17
641 12 31
642 19 27
643 18 22
644 29 14
645 1 22
646 3 10
647 15 7
648 5 19
649 10 17
650 13 9
651 29 20
652 1 9
653 30 20
654 1 5
655 20 28
656 7 25
657 30 16
658 16 27
659 10 18
660 9 6
661 25 15
662 16 2
663 6 21
664 5 5
665 0 9
666 7 2
667 8 20
668 31 28
669 10 9
670 22 16
671 18 8
672 10 0
673 30 28
674 25 12
675 15 26
676 2 21
677 12 2
678 7 30
679 17 22
680 29 20
681 21 4
682 6 2
683 23 30
684 9 25
685 0 25
686 9 0
687 22 30
688 22 23
689 11 31
690 20 1
691 25 9
692 30 24
693 7 29
694 16 31
695 25 21
696 16 10
697 18 22
698 1 16
699 9 26
700 6 20
701 4 13
702 16 30
703 6 7
704 13 19
705 10 17
706 12 31
707 19 18
708 17 0
709 13 15
710 9 25
711 7 26
712 29 2
713 2 7
714 25 30
715 30 20
716 26 0
717 3 9
718 29 15
719 27 23
720 15 21
721 30 25
722 5 18
723 10 0
724 9 12
725 14 1
726 14 9
727 8 31
728 5 7
729 1 9
730 30 24
731 4 11
732 22 4
733 16 31
734 22 0
735 29 20
736 31 13
737 10 18
738 6 19
739 21 4
740 16 11
741 11 11
742 22 1
743 17 22
744 0 22
745 4 14
746 14 15
747 13 18
748 6 20
749 20 25
750 19 10
751 25 8
752 22 26
753 18 0
754 18 9
755 13 19
756 9 13
757 22 13
758 4 25
759 9 26
760 29 14
761 14 26
762 25 31
763 5 27
764 31 22
765 4 24
766 24 26
767 5 12
768 10 10
769 1 29
770 11 27
771 1 15
772 2 8
773 12 27
774 7 31
775 0 9
776 10 2
777 13 8
778 16 10
779 21 24
780 4 4
781 6 7
782 28 23
783 20 29
784 3 15
785 28 2
786 16 30
787 7 2
788 30 20
789 14 10
790 22 4
791 21 13
792 3 16
793 25 10
794 0 26
795 31 14
796 15 31
797 14 9
798 22 13
799 27 10
800 12 8
801 10 17
802 3 21
803 20 0
804 3 11
805 11 27
806 28 6
807 5 19
808 31 16
809 8 31
810 1 16
811 15 26
812 20 26
813 25 22
814 22 15
815 15 2
816 28 7
817 13 8
818 6 2
819 9 2
820 5 18
821 6 19
822 20 25
823 7 25
824 27 11
825 2 30
826 25 21
827 13 22
828 5 17
829 0 25
830 10 9
831 26 12
832 17 0
833 22 16
834 22 15
835 4 17
836 18 22
837 14 10
838 18 8
839 30 16
840 17 6
841 12 27
842 25 0
843 25 30
844 10 2
845 18 9
846 24 6
847 4 9
848 31 28
849 28 6
850 9 12
851 2 7
852 24 3
853 11 5
854 18 0
855 12 8
856 6 29
857 14 9
858 10 11
859 21 4
860 9 0
861 19 11
862 5 7
863 2 8
864 7 26
865 8 21
866 4 18
867 4 25
868 30 28
869 29 15
870 23 30
871 10 18
872 23 23
873 11 31
874 29 14
875 27 10
876 9 13
877 5 26
878 24 27
879 25 31
880 13 15
881 3 10
882 19 17
883 9 25
884 11 9
885 27 23
886 25 12
887 13 8
888 29 15
889 9 2
890 7 21
891 25 22
892 24 2
893 3 18
894 3 4
895 2 7
896 29 20
897 10 9
898 31 13
899 26 12
900 1 22
901 0 26
902 16 29
903 30 5
904 31 14
905 24 10
906 27 11
907 24 26
908 26 25
909 12 8
910 11 27
911 16 11
912 6 7
913 14 26
914 16 7
915 22 0
916 15 7
917 10 2
918 30 23
919 20 27
920 4 4
921 12 27
922 0 12
923 5 27
924 1 28
925 13 18
926 7 31
927 16 21
928 22 23
929 1 15
930 13 8
931 4 24
932 14 15
933 1 9
934 15 26
935 19 10
936 14 10
937 17 22
938 4 13
939 31 21
940 20 2
941 10 5
942 17 13
943 25 6
944 21 25
945 20 30
946 17 12
947 8 31
948 27 25
949 2 8
950 21 24
951 2 7
952 2 10
953 30 24
954 1 29
955 19 11
956 16 30
957 1 16
958 30 23
959 26 0
960 17 13
961 0 25
962 25 0
963 17 0
964 11 5
965 28 7
966 30 20
967 7 29
968 14 31
969 25 21
970 7 25
971 17 11
972 25 22
973 13 15
974 12 31
975 2 8
976 18 0
977 11 27
978 21 2
979 16 13
980 30 24
981 11 11
982 31 22
983 4 17
984 29 14
985 14 26
986 3 19
987 9 26
988 19 10
989 7 2
990 1 12
991 8 6
992 0 12
993 5 26
994 31 28
995 24 6
996 17 13
997 25 30
998 19 25
999 20 28
1000 25 9
1001 16 13
1002 3 18
1003 5 11
1004 20 1
1005 25 12
1006 25 16
1007 3 15
1008 16 7
1009 15 7
1010 7 31
1011 5 27
1012 30 23
1013 26 25
1014 21 13
1015 29 15
1016 12 27
1017 5 19
1018 16 7
1019 31 5
1020 26 12
1021 22 1
1022 4 14
1023 13 21
1024 5 7
1025 11 31
1026 4 13
1027 26 0
1028 12 1
1029 4 14
1030 1 12
1031 4 25
1032 1 15
1033 3 1
1034 21 25
1035 9 2
1036 14 15
1037 4 24
1038 25 31
1039 17 27
1040 12 2
1041 25 6
1042 11 27
1043 19 11
1044 3 0
1045 21 24
1046 31 13
1047 3 9
1048 1 21
1049 20 27
1050 6 19
1051 24 27
1052 28 23
1053 12 31
1054 22 4
1055 25 8
1056 28 6
1057 1 22
1058 4 13
1059 9 12
1060 19 18
1061 20 0
1062 21 4
1063 9 13
1064 25 21
1065 27 23
1066 2 21
1067 5 12
1068 13 22
1069 10 11
1070 29 2
1071 12 27
1072 27 25
1073 4 14
1074 8 31
1075 17 0
1076 15 26
1077 12 1
1078 11 9
1079 9 25
1080 30 28
1081 28 2
1082 20 28
1083 22 13
1084 1 16
1085 2 11
1086 23 28
1087 15 21
1088 3 21
1089 16 26
1090 16 21
1091 24 6
1092 10 17
1093 21 25
1094 5 26
1095 4 16
1096 13 19
1097 29 20
1098 7 31
1099 20 2
1100 20 27
1101 3 1
1102 9 6
1103 4 17
1104 17 13
1105 25 15
1106 6 2
1107 18 8
1108 25 12
1109 23 26
1110 1 6
1111 31 16
1112 16 11
1113 6 5
1114 15 21
1115 14 9
1116 19 24
1117 22 30
1118 19 10
1119 5 11
1120 20 28
1121 7 2
1122 3 19
1123 28 23
1124 23 23
1125 15 31
1126 25 9
1127 21 0
1128 25 22
1129 22 26
1130 25 16
1131 4 25
1132 23 26
1133 6 7
1134 22 23
1135 20 0
1136 11 27
1137 4 13
1138 7 26
1139 0 26
1140 18 22
1141 11 31
1142 25 27
1143 1 21
1144 30 24
1145 5 5
1146 13 18
1147 27 10
1148 3 10
1149 13 21
1150 18 9
1151 18 0
1152 13 22
1153 5 19
1154 8 21
1155 6 29
1156 7 25
1157 6 19
1158 13 21
1159 13 19
1160 28 7
1161 14 10
1162 4 24
1163 21 13
1164 10 0
1165 16 21
1166 0 9
1167 17 12
1168 25 21
1169 3 16
1170 18 27
1171 26 12
1172 25 12
1173 12 27
1174 24 11
1175 17 13
1176 5 27
1177 8 6
1178 12 31
1179 18 8
1180 21 0
1181 0 25
1182 20 27
1183 22 16
1184 3 18
1185 7 21
1186 19 30
1187 30 20
1188 1 11
1189 28 6
1190 10 5
1191 1 15
1192 22 2
1193 29 2
1194 8 31
1195 13 18
1196 1 16
1197 3 19
1198 28 7
1199 3 0
1200 22 26
1201 8 21
1202 27 11
1203 26 25
1204 24 10
1205 30 23
1206 5 26
1207 5 7
1208 23 23
1209 5 19
1210 4 14
1211 13 22
1212 1 5
1213 1 9
1214 17 12
1215 30 24
1216 5 17
1217 7 21
1218 15 21
1219 6 5
1220 4 13
1221 11 5
1222 0 9
1223 31 21
1224 25 0
1225 3 4
1226 27 10
1227 25 15
1228 5 5
1229 25 30
1230 27 25
1231 25 6
1232 0 11
1233 13 15
1234 28 2
1235 5 27
1236 17 22
1237 0 26
1238 10 5
1239 4 14
1240 6 7
1241 25 16
1242 4 25
1243 12 8
1244 20 1
1245 13 8
1246 14 9
1247 22 15
1248 17 13
1249 7 29
1250 17 12
1251 26 12
1252 18 9
1253 22 16
1254 20 2
1255 18 8
1256 12 8
1257 10 2
1258 25 22
1259 18 28
1260 13 21
1261 14 15
1262 4 24
1263 7 26
1264 11 31
1265 5 12
1266 15 7
1267 8 21
1268 20 24
1269 18 9
1270 31 15
1271 1 9
1272 11 5
1273 5 26
1274 5 11
1275 1 15
1276 16 29
1277 6 2
1278 26 0
1279 13 22
1280 3 9
1281 18 27
1282 12 2
1283 17 0
1284 3 30
1285 1 16
1286 12 1
1287 20 1
1288 12 2
1289 14 31
1290 9 0
1291 11 27
1292 15 26
1293 24 3
1294 18 28
1295 9 12
1296 13 1
1297 5 12
1298 3 1
1299 6 29
1300 16 10
1301 9 2
1302 5 11
1303 24 11
1304 14 1
1305 19 11
1306 19 10
1307 19 11
1308 26 25
1309 22 28
1310 2 25
1311 22 1
1312 24 10
1313 4 17
1314 30 13
1315 18 0
1316 13 1
1317 5 12
1318 27 23
1319 10 2
1320 28 23
1321 18 22
1322 2 30
1323 25 12
1324 13 21
1325 2 7
1326 5 27
1327 26 12
1328 6 5
1329 23 30
1330 5 26
1331 31 28
1332 2 12
1333 22 13
1334 16 26
1335 1 12
1336 19 31
1337 25 15
1338 13 8
1339 9 2
1340 24 2
1341 12 31
1342 6 19
1343 5 5
1344 31 16
1345 27 25
1346 14 1
1347 2 12
1348 10 18
1349 10 17
1350 6 5
1351 5 7
1352 10 9
1353 25 21
1354 5 17
1355 25 16
1356 16 2
1357 10 18
1358 13 22
1359 10 17
1360 22 2
1361 13 15
1362 9 13
1363 20 25
1364 11 11
1365 30 23
1366 22 1
1367 3 0
1368 30 28
1369 12 8
1370 31 13
1371 24 6
1372 3 15
1373 4 13
1374 20 28
1375 5 27
1376 10 2
1377 29 14
1378 16 11
1379 3 22
1380 22 23
1381 13 9
1382 10 18
1383 24 27
1384 1 28
1385 29 2
1386 2 8
1387 17 22
1388 16 7
1389 13 21
1390 0 12
1391 7 2
1392 7 31
1393 3 10
1394 7 21
1395 4 14
1396 22 2
1397 27 11
1398 2 26
1399 31 28
1400 15 2
1401 19 10
1402 17 13
1403 8 21
1404 13 19
1405 3 1
1406 29 15
1407 18 22
1408 16 21
1409 13 18
1410 25 8
1411 3 18
1412 3 0
1413 25 22
1414 20 23
1415 20 2
1416 28 6
1417 0 25
1418 16 30
1419 21 13
1420 24 3
1421 29 14
1422 31 14
1423 1 29
1424 19 30
1425 24 26
1426 1 22
1427 19 31
1428 3 1
1429 15 21
1430 7 25
1431 27 10
1432 31 13
1433 2 13
1434 18 8
1435 14 15
1436 25 9
1437 19 23
1438 17 22
1439 3 9
1440 16 2
1441 31 22
1442 8 31
1443 25 12
1444 3 10
1445 30 24
1446 22 30
1447 20 0
1448 28 2
1449 27 11
1450 3 9
1451 15 31
1452 13 19
1453 0 9
1454 24 27
1455 23 23
1456 2 7
1457 17 11
1458 10 17
1459 5 19
1460 1 21
1461 19 2
1462 1 9
1463 5 11
1464 16 21
1465 19 11
1466 22 13
1467 4 25
1468 3 19
1469 15 2
1470 3 21
1471 29 2
1472 22 23
1473 26 25
1474 10 5
1475 4 17
1476 12 7
1477 31 14
1478 18 22
1479 5 12
1480 29 20
1481 1 26
1482 5 11
1483 9 6
1484 1 15
1485 27 23
1486 3 13
1487 7 31
1488 25 15
1489 4 4
1490 23 26
1491 10 0
1492 22 1
1493 0 9
1494 12 1
1495 15 21
1496 30 5
1497 30 23
1498 12 2
1499 11 31
1500 21 13
1501 7 21
1502 16 13
1503 13 18
1504 2 8
1505 3 10
1506 10 18
1507 0 24
1508 9 12
1509 3 30
1510 25 6
1511 25 21
1512 16 2
1513 18 9
1514 9 26
1515 9 0
1516 5 14
1517 23 23
1518 25 8
1519 19 10
1520 15 7
1521 8 6
1522 20 23
1523 4 16
1524 12 1
1525 1 12
1526 13 8
1527 1 6
1528 26 12
1529 15 2
1530 30 20
1531 14 31
1532 16 21
1533 9 6
1534 28 2
1535 13 19
1536 29 2
1537 25 10
1538 0 25
1539 10 10
1540 31 21
1541 4 24
1542 1 28
1543 30 28
1544 8 6
1545 15 21
1546 25 16
1547 31 28
1548 13 9
1549 22 4
1550 1 9
1551 13 18
1552 25 0
1553 3 0
1554 16 2
1555 3 4
1556 0 24
1557 4 13
1558 12 11
1559 20 27
1560 6 19
1561 23 28
1562 3 18
1563 21 25
1564 20 1
1565 27 25
1566 30 16
1567 4 25
1568 16 31
1569 31 22
1570 19 17
1571 1 29
1572 3 9
1573 22 28
1574 5 26
1575 10 9
1576 3 19
1577 0 9
1578 26 0
1579 0 25
1580 25 15
1581 4 17
1582 25 0
1583 4 16
1584 0 24
1585 3 13
1586 24 28
1587 13 31
1588 7 29
1589 29 15
1590 11 11
1591 8 31
1592 2 26
1593 12 8
1594 0 25
1595 1 16
1596 21 4
1597 1 22
1598 20 0
1599 4 13
1600 22 27
1601 22 29
1602 16 21
1603 20 24
1604 4 24
1605 22 23
1606 13 19
1607 25 16
1608 19 18
1609 24 8
1610 25 15
1611 20 1
1612 12 2
1613 10 17
1614 24 2
1615 19 11
1616 4 4
1617 25 31
1618 1 28
1619 0 12
1620 26 0
1621 3 18
1622 13 22
1623 9 13
1624 5 5
1625 29 14
1626 1 12
1627 14 2
1628 16 30
1629 22 15
1630 0 26
1631 25 22
1632 1 15
1633 12 27
1634 15 21
1635 20 28
1636 25 8
1637 24 3
1638 3 13
1639 22 2
1640 4 13
1641 2 7
1642 16 7
1643 20 0
1644 1 5
1645 5 15
1646 12 1
1647 22 30
1648 14 31
1649 10 11
1650 19 17
1651 20 23
1652 28 7
1653 13 2
1654 9 25
1655 6 7
1656 15 7
1657 16 7
1658 9 12
1659 5 12
1660 4 17
1661 13 18
1662 10 18
1663 30 28
1664 16 21
1665 8 21
1666 11 5
1667 20 2
1668 25 0
1669 12 7
1670 2 8
1671 4 25
1672 2 7
1673 16 31
1674 24 8
1675 2 30
1676 23 23
1677 24 26
1678 18 8
1679 7 21
1680 25 8
1681 19 2
1682 6 5
1683 31 28
1684 12 8
1685 1 21
1686 25 12
1687 15 2
1688 3 10
1689 1 22
1690 9 2
1691 29 20
1692 1 6
1693 12 31
1694 11 31
1695 27 10
1696 15 7
1697 20 2
1698 0 12
1699 22 23
1700 1 9
1701 13 15
1702 13 31
1703 14 9
1704 20 24
1705 13 19
1706 1 5
1707 3 4
1708 4 4
1709 30 28
1710 3 9
1711 26 12
1712 31 5
1713 3 4
1714 28 2
1715 5 11
1716 16 30
1717 10 2
1718 22 4
1719 24 10
1720 28 6
1721 31 21
1722 9 6
1723 9 26
1724 4 14
1725 1 16
1726 22 25
1727 17 22
1728 0 25
1729 3 10
1730 29 2
1731 24 2
1732 16 6
1733 26 25
1734 11 11
1735 25 30
1736 14 31
1737 10 11
1738 25 16
1739 4 4
1740 31 28
1741 18 27
1742 13 21
1743 19 30
1744 11 9
1745 5 7
1746 31 13
1747 18 9
1748 18 8
1749 31 14
1750 8 6
1751 18 22
1752 30 20
1753 31 16
1754 0 9
1755 27 11
1756 11 27
1757 30 28
1758 19 27
1759 27 10
1760 1 15
1761 13 8
1762 30 16
1763 6 29
1764 20 25
1765 5 5
1766 4 13
1767 9 13
1768 1 12
1769 15 26
1770 25 31
1771 5 12
1772 20 26
1773 1 21
1774 1 16
1775 29 20
1776 12 27
1777 7 29
1778 17 6
1779 0 12
1780 1 12
1781 1 15
1782 16 6
1783 9 12
1784 30 20
1785 28 23
1786 15 31
1787 29 15
1788 12 8
1789 21 4
1790 7 26
1791 2 8
1792 24 3
1793 31 28
1794 27 11
1795 26 0
1796 0 12
1797 0 26
1798 27 25
1799 1 12
1800 9 25
1801 13 9
1802 9 2
1803 31 16
1804 17 12
1805 17 0
1806 10 10
1807 29 20
1808 25 9
1809 18 27
1810 4 24
1811 9 26
1812 6 5
1813 3 16
1814 22 28
1815 20 29
1816 5 17
1817 16 26
1818 29 14
1819 19 10
1820 24 11
1821 14 15
1822 4 25
1823 15 21
1824 10 5
1825 1 29
1826 10 17
1827 1 9
1828 4 24
1829 19 18
1830 0 25
1831 12 31
1832 27 23
1833 5 19
1834 15 26
1835 23 30
1836 10 18
1837 10 11
1838 21 0
1839 1 6
1840 5 11
1841 19 11
1842 16 26
1843 0 9
1844 6 29
1845 1 26
1846 4 17
1847 30 16
1848 24 6
1849 10 10
1850 17 22
1851 25 21
1852 16 29
1853 1 16
1854 22 16
1855 5 17
1856 22 13
1857 3 30
1858 28 7
1859 8 21
1860 19 17
1861 10 9
1862 22 27
1863 0 24
1864 16 2
1865 5 5
1866 23 26
1867 6 5
1868 15 2
1869 7 31
1870 10 0
1871 15 26
1872 19 27
1873 18 9
1874 25 6
1875 22 1
1876 24 26
1877 31 16
1878 18 27
1879 1 28
1880 20 1
1881 6 19
1882 18 8
1883 25 22
1884 8 31
1885 19 27
1886 2 26
1887 2 7
1888 1 29
1889 13 22
1890 12 7
1891 3 4
1892 25 12
1893 5 14
1894 25 0
1895 26 25
1896 19 18
1897 0 12
1898 10 2
1899 6 2
1900 24 6
1901 31 13
1902 2 30
1903 3 30
1904 7 25
1905 30 28
1906 21 13
1907 17 6
1908 7 31
1909 20 25
1910 31 20
1911 22 30
1912 13 15
1913 5 27
1914 1 12
1915 11 5
1916 13 21
1917 5 15
1918 1 15
1919 25 15
1920 28 6
1921 25 6
1922 17 11
1923 23 23
1924 4 4
1925 20 27
1926 18 0
1927 19 10
1928 4 14
1929 7 2
1930 12 0
1931 1 16
1932 28 23
1933 30 24
1934 17 12
1935 6 7
1936 18 22
1937 19 31
1938 23 26
1939 22 24
1940 4 17
1941 5 26
1942 20 30
1943 4 25
1944 1 22
1945 16 26
1946 9 25
1947 14 15
1948 22 28
1949 5 5
1950 3 1
1951 20 28
1952 22 4
1953 25 30
1954 27 25
1955 7 21
1956 22 26
1957 23 22
1958 17 22
1959 31 28
1960 15 26
1961 1 28
1962 31 14
1963 20 2
1964 0 12
1965 29 19
1966 29 15
1967 23 30
1968 18 9
1969 10 11
1970 25 31
1971 1 26
1972 27 10
1973 27 11
1974 22 15
1975 26 0
1976 28 7
1977 16 2
1978 15 2
1979 24 27
1980 22 13
1981 12 8
1982 10 5
1983 9 0
1984 11 27
1985 16 30
1986 0 25
1987 5 27
1988 28 2
1989 5 26
1990 22 30
1991 24 2
1992 21 13
1993 13 15
1994 9 13
1995 0 24
1996 5 12
1997 16 26
1998 9 12
1999 16 21
2000 14 9
2001 13 18
2002 30 5
2003 1 21
2004 24 3
2005 1 5
2006 5 17
2007 11 31
2008 8 21
2009 5 19
2010 12 31
2011 7 21
2012 22 23
2013 25 16
2014 18 22
2015 12 1
2016 11 5
2017 31 5
2018 25 0
2019 23 28
2020 22 24
2021 26 0
2022 5 7
2023 3 4
2024 25 21
2025 9 2
2026 23 23
2027 6 5
2028 20 1
2029 20 26
2030 22 13
2031 3 9
2032 22 29
2033 9 13
2034 20 2
2035 24 2
2036 20 1
2037 16 14
2038 27 10
2039 11 11
2040 27 23
2041 31 13
2042 15 26
2043 19 17
2044 20 25
2045 30 5
2046 2 8
2047 21 4
2048 29 2
2049 21 30
2050 30 20
2051 22 2
2052 8 31
2053 6 7
2054 12 27
2055 3 15
2056 2 26
2057 20 2
2058 28 6
2059 5 7
2060 1 6
2061 1 26
2062 14 31
2063 25 0
2064 24 10
2065 24 26
2066 16 2
2067 12 0
2068 11 31
2069 1 9
2070 25 30
2071 3 0
2072 20 26
2073 17 0
2074 18 8
2075 12 31
2076 16 6
2077 11 27
2078 25 31
2079 22 1
2080 28 7
2081 2 26
2082 25 8
2083 30 28
2084 10 0
2085 31 14
2086 25 9
2087 22 27
2088 14 15
2089 3 16
2090 15 8
2091 31 28
2092 5 27
2093 2 7
2094 22 25
2095 15 7
2096 22 2
2097 10 2
2098 31 13
2099 9 12
2100 24 3
2101 24 2
2102 30 23
2103 26 12
2104 0 25
2105 10 17
2106 21 13
2107 17 22
2108 20 29
2109 30 28
2110 3 15
2111 6 15
2112 9 2
2113 25 30
2114 10 10
2115 22 4
2116 0 26
2117 13 9
2118 28 2
2119 30 24
2120 2 25
2121 9 13
2122 15 31
2123 26 0
2124 9 12
2125 7 31
2126 1 29
2127 9 6
2128 25 0
2129 2 26
2130 3 1
2131 12 1
2132 29 18
2133 3 22
2134 29 2
2135 16 26
2136 7 15
2137 21 27
2138 20 28
2139 12 7
2140 17 13
2141 17 6
2142 29 14
2143 30 23
2144 29 15
2145 6 2
2146 13 15
2147 7 16
2148 9 26
2149 15 2
2150 10 2
2151 9 0
2152 31 28
2153 16 2
2154 25 15
2155 5 11
2156 21 4
2157 18 9
2158 15 14
2159 3 19
2160 22 27
2161 7 2
2162 4 17
2163 3 21
2164 14 31
2165 14 15
2166 4 4
2167 3 10
2168 24 3
2169 19 11
2170 29 19
2171 28 6
2172 21 27
2173 8 16
2174 1 5
2175 2 8
2176 31 15
2177 31 5
2178 3 0
2179 10 0
2180 20 0
2181 5 26
2182 18 0
2183 15 21
2184 7 29
2185 25 8
2186 31 16
2187 28 2
2188 10 5
2189 30 28
2190 17 0
2191 29 2
2192 19 30
2193 5 12
2194 12 8
2195 31 14
2196 13 15
2197 19 31
2198 1 12
2199 11 5
2200 4 24
2201 4 13
2202 2 7
2203 10 18
2204 22 1
2205 3 9
2206 15 31
2207 31 13
2208 3 16
2209 15 26
2210 1 6
2211 30 5
2212 22 4
2213 10 9
2214 12 0
2215 9 13
2216 16 26
2217 22 27
2218 25 16
2219 21 0
2220 13 22
2221 14 15
2222 0 12
2223 1 15
2224 26 25
2225 18 0
2226 10 11
2227 9 2
2228 20 1
2229 5 17
2230 3 15
2231 6 19
2232 16 14
2233 5 11
2234 12 2
2235 1 28
2236 25 12
2237 15 2
2238 1 16
2239 28 7
2240 0 9
2241 3 1
2242 25 9
2243 31 28
2244 3 18
2245 7 26
2246 25 8
2247 5 19
2248 1 9
2249 7 25
2250 14 31
2251 0 25
2252 21 27
2253 9 12
2254 22 23
2255 3 16
2256 4 14
2257 6 29
2258 25 22
2259 2 8
2260 24 2
2261 5 5
2262 12 3
2263 16 31
2264 7 29
2265 30 24
2266 14 30
2267 8 31
2268 19 30
2269 17 12
2270 22 27
2271 12 1
2272 11 31
2273 28 23
2274 21 25
2275 19 26
2276 27 11
2277 22 2
2278 25 15
2279 29 18
2280 29 19
2281 24 3
2282 24 6
2283 23 26
2284 22 30
2285 31 5
2286 10 2
2287 12 0
2288 24 26
2289 21 31
2290 7 31
2291 18 8
2292 25 6
2293 14 9
2294 29 14
2295 22 29
2296 22 1
2297 4 17
2298 13 9
2299 16 30
2300 5 27
2301 16 7
2302 8 21
2303 3 10
2304 22 2
2305 29 18
2306 3 22
2307 22 16
2308 16 21
2309 24 2
2310 24 3
2311 12 1
2312 12 7
2313 23 26
2314 13 3
2315 24 28
2316 25 10
2317 24 6
2318 22 31
2319 30 5
2320 3 21
2321 22 1
2322 3 22
2323 3 9
2324 20 27
2325 30 28
2326 24 10
2327 1 12
2328 20 25
2329 23 23
2330 5 17
2331 3 0
2332 4 17
2333 12 3
2334 28 2
2335 13 21
2336 9 13
2337 4 25
2338 9 0
2339 5 26
2340 4 13
2341 1 5
2342 15 21
2343 21 25
2344 19 31
2345 29 2
2346 9 12
2347 15 7
2348 23 29
2349 20 28
2350 22 29
2351 13 3
2352 25 6
2353 12 31
2354 31 14
2355 16 7
2356 29 15
2357 5 27
2358 0 12
2359 8 6
2360 29 19
2361 25 10
2362 12 3
2363 2 30
2364 13 15
2365 31 5
2366 26 12
2367 27 23
2368 22 23
2369 3 10
2370 21 31
2371 27 25
2372 19 10
2373 10 17
2374 24 10
2375 29 14
2376 15 7
2377 22 30
2378 7 26
2379 25 9
2380 5 17
2381 13 22
2382 3 21
2383 1 15
2384 9 6
2385 17 0
2386 11 11
2387 2 7
2388 22 31
2389 20 25
2390 17 13
2391 1 22
2392 22 2
2393 18 0
2394 6 7
2395 15 14
2396 12 0
2397 5 7
2398 12 1
2399 0 9
2400 6 7
2401 8 31
2402 24 2
2403 15 26
2404 3 1
2405 19 18
2406 22 0
2407 28 6
2408 12 27
2409 23 28
2410 2 29
2411 22 15
2412 10 5
2413 3 0
2414 21 4
2415 16 6
2416 28 7
2417 25 21
2418 3 1
2419 31 20
2420 6 19
2421 22 4
2422 31 28
2423 30 5
2424 24 28
2425 13 19
2426 4 24
2427 19 11
2428 1 6
2429 9 2
2430 30 20
2431 17 6
2432 22 28
2433 16 26
2434 25 8
2435 16 21
2436 24 3
2437 19 27
2438 22 27
2439 2 8
2440 3 15
2441 11 31
2442 7 21
2443 29 15
2444 28 2
2445 29 2
2446 1 5
2447 3 0
2448 11 5
2449 29 18
2450 14 31
2451 5 12
2452 9 25
2453 13 3
2454 20 2
2455 1 16
2456 21 0
2457 1 12
2458 29 14
2459 1 21
2460 5 7
2461 12 8
2462 8 21
2463 6 29
2464 2 30
2465 30 28
2466 8 17
2467 29 19
2468 15 31
2469 6 2
2470 14 31
2471 14 2
2472 17 0
2473 3 4
2474 17 12
2475 20 1
2476 28 2
2477 8 6
2478 5 19
2479 12 2
2480 12 1
2481 16 14
2482 15 31
2483 19 17
2484 26 0
2485 13 21
2486 1 15
2487 4 17
2488 22 16
2489 3 9
2490 10 2
2491 11 27
2492 13 22
2493 10 11
2494 27 10
2495 11 9
2496 31 20
2497 2 29
2498 9 13
2499 9 2
2500 7 2
2501 10 2
2502 31 5
2503 4 25
2504 1 22
2505 2 7
2506 16 7
2507 3 10
2508 13 18
2509 29 2
2510 17 13
2511 12 3
2512 20 2
2513 23 23
2514 15 26
2515 22 29
2516 7 29
2517 30 23
2518 19 10
2519 4 4
2520 3 1
2521 0 12
2522 20 26
2523 3 0
2524 4 16
2525 26 25
2526 25 12
2527 9 2
2528 20 1
2529 13 19
2530 6 7
2531 2 21
2532 12 0
2533 3 16
2534 3 1
2535 15 2
2536 4 14
2537 6 29
2538 26 12
2539 10 2
2540 5 26
2541 2 8
2542 10 0
2543 13 18
2544 1 9
2545 31 13
2546 21 4
2547 18 22
2548 5 11
2549 14 9
2550 5 12
2551 23 29
2552 31 14
2553 14 31
2554 20 25
2555 22 1
2556 3 4
2557 31 13
2558 28 6
2559 10 10
2560 22 23
2561 18 0
2562 9 6
2563 28 2
2564 9 0
2565 4 4
2566 3 19
2567 0 22
2568 4 24
2569 16 26
2570 20 26
2571 22 13
2572 3 4
2573 1 27
2574 0 26
2575 3 18
2576 31 14
2577 4 13
2578 10 11
2579 22 15
2580 4 4
2581 13 9
2582 14 15
2583 15 31
2584 22 28
2585 9 12
2586 10 10
2587 25 31
2588 22 30
2589 3 15
2590 30 5
2591 28 7
2592 14 31
2593 6 19
2594 1 12
2595 20 0
2596 21 13
2597 3 19
2598 3 16
2599 29 20
2600 7 29
2601 22 31
2602 12 31
2603 7 21
2604 8 21
2605 10 18
2606 11 31
2607 17 12
2608 5 11
2609 10 9
2610 10 11
2611 0 9
2612 24 27
2613 13 19
2614 25 10
2615 1 9
2616 3 18
2617 20 29
2618 5 19
2619 7 21
2620 22 16
2621 24 2
2622 27 25
2623 13 15
2624 9 26
2625 15 21
2626 1 6
2627 20 25
2628 12 2
2629 4 14
2630 19 30
2631 3 0
2632 3 9
2633 22 27
2634 22 28
2635 3 19
2636 22 13
2637 20 28
2638 3 18
2639 15 7
2640 11 0
2641 22 30
2642 5 7
2643 22 2
2644 12 0
2645 31 13
2646 24 6
2647 16 6
2648 14 2
2649 26 25
2650 2 25
2651 31 28
2652 8 6
2653 7 25
2654 3 19
2655 8 21
2656 16 31
2657 6 29
2658 17 0
2659 10 5
2660 13 31
2661 28 23
2662 19 31
2663 9 25
2664 10 31
2665 9 6
2666 0 9
2667 14 15
2668 6 5
2669 20 29
2670 7 31
2671 1 16
2672 13 21
2673 20 27
2674 25 30
2675 5 5
2676 20 30
2677 5 27
2678 31 21
2679 18 9
2680 8 16
2681 23 23
2682 7 26
2683 11 5
2684 4 13
2685 27 11
2686 11 0
2687 7 21
2688 1 22
2689 2 30
2690 27 23
2691 20 2
2692 9 2
2693 15 2
2694 0 22
2695 21 13
2696 15 26
2697 11 11
2698 22 1
2699 24 28
2700 25 16
2701 10 11
2702 2 7
2703 1 5
2704 20 29
2705 0 12
2706 28 23
2707 21 2
2708 7 29
2709 31 5
2710 16 21
2711 30 24
2712 4 14
2713 5 26
2714 8 0
2715 30 5
2716 28 6
2717 8 21
2718 19 18
2719 3 1
2720 1 9
2721 1 28
2722 22 15
2723 16 26
2724 28 7
2725 11 9
2726 7 0
2727 25 22
2728 19 30
2729 1 22
2730 13 18
2731 19 31
2732 9 13
2733 14 9
2734 22 16
2735 25 31
2736 15 26
2737 8 17
2738 24 27
2739 31 5
2740 30 5
2741 12 1
2742 6 19
2743 13 9
2744 21 25
2745 8 0
2746 18 8
2747 13 22
2748 19 17
2749 11 31
2750 30 28
2751 3 15
2752 4 25
2753 25 0
2754 25 21
2755 4 13
2756 16 26
2757 27 25
2758 14 9
2759 1 29
2760 20 30
2761 6 2
2762 25 15
2763 13 19
2764 12 2
2765 13 9
2766 14 9
2767 15 8
2768 20 25
2769 26 25
2770 15 14
2771 6 29
2772 10 10
2773 16 30
2774 20 1
2775 29 2
2776 5 12
2777 7 0
2778 7 2
2779 16 14
2780 3 0
2781 8 16
2782 27 10
2783 21 25
2784 16 31
2785 24 28
2786 17 22
2787 1 28
2788 8 6
2789 22 4
2790 6 5
2791 2 29
2792 7 21
2793 13 9
2794 27 25
2795 14 31
2796 31 28
2797 5 27
2798 8 17
2799 18 22
2800 2 30
2801 30 23
2802 15 26
2803 30 28
2804 9 6
2805 22 13
2806 2 8
2807 20 25
2808 3 18
2809 30 20
2810 26 25
2811 5 5
2812 2 7
2813 31 5
2814 17 6
2815 5 19
2816 29 15
2817 31 22
2818 27 23
2819 21 4
2820 16 26
2821 1 6
2822 3 21
2823 6 7
2824 17 13
2825 6 19
2826 6 2
2827 5 19
2828 31 21
2829 28 6
2830 6 19
2831 12 31
2832 5 11
2833 9 12
2834 8 16
2835 4 14
2836 10 2
2837 21 25
2838 19 18
2839 26 0
2840 17 12
2841 16 6
2842 2 21
2843 12 27
2844 1 12
2845 5 12
2846 28 2
2847 18 9
2848 7 2
2849 8 6
2850 8 21
2851 25 12
2852 3 16
2853 6 5
2854 14 30
2855 18 8
2856 18 0
2857 22 27
2858 19 11
2859 25 22
2860 10 11
2861 27 25
2862 4 13
2863 13 18
2864 24 8
2865 31 22
2866 29 14
2867 29 20
2868 0 25
2869 25 16
2870 1 15
2871 15 26
2872 3 10
2873 2 29
2874 18 31
2875 6 2
2876 24 3
2877 16 30
2878 30 24
2879 5 7
2880 5 11
2881 22 4
2882 10 10
2883 26 25
2884 22 28
2885 21 13
2886 24 29
2887 24 2
2888 14 2
2889 7 2
2890 1 27
2891 19 30
2892 13 21
2893 22 26
2894 15 2
2895 24 10
2896 20 28
2897 3 15
2898 2 8
2899 4 14
2900 20 0
2901 11 31
2902 14 9
2903 3 19
2904 10 0
2905 25 30
2906 13 8
2907 28 23
2908 4 13
2909 8 0
2910 4 24
2911 23 30
2912 2 7
2913 4 14
2914 14 31
2915 14 10
2916 11 27
2917 3 21
2918 15 7
2919 1 5
2920 9 6
2921 4 13
2922 31 28
2923 23 26
2924 27 23
2925 8 17
2926 3 18
2927 10 11
2928 0 12
2929 5 12
2930 13 15
2931 9 13
2932 4 25
2933 8 31
2934 2 8
2935 14 15
2936 9 26
2937 27 25
2938 1 16
2939 9 25
2940 14 9
2941 10 9
2942 25 0
2943 27 11
2944 17 31
2945 25 10
2946 25 15
2947 20 27
2948 10 10
2949 20 1
2950 25 21
2951 0 9
2952 12 27
2953 3 19
2954 23 29
2955 18 31
2956 30 23
2957 2 30
2958 12 1
2959 5 26
2960 20 0
2961 17 13
2962 22 23
2963 20 2
2964 7 29
2965 19 10
2966 21 0
2967 15 31
2968 6 2
2969 24 3
2970 1 6
2971 7 21
2972 6 29
2973 28 7
2974 14 10
2975 12 31
2976 8 16
2977 25 22
2978 9 2
2979 22 13
2980 4 14
2981 3 4
2982 1 5
2983 14 9
2984 25 16
2985 22 2
2986 4 4
2987 30 20
2988 21 13
2989 3 1
2990 13 19
2991 18 9
2992 8 6
2993 8 21
2994 30 5
2995 22 26
2996 17 22
2997 5 27
2998 14 31
2999 5 5
3000 11 27
3001 3 18
3002 31 21
3003 31 20
3004 1 15
3005 23 23
3006 10 11
3007 7 21
3008 24 29
3009 12 8
3010 17 6
3011 23 28
3012 22 30
3013 26 25
3014 21 4
3015 25 31
3016 25 6
3017 23 26
3018 22 15
3019 10 10
3020 20 30
3021 13 8
3022 13 22
3023 17 12
3024 9 26
3025 16 31
3026 27 25
3027 18 8
3028 30 28
3029 10 2
3030 4 24
3031 7 25
3032 8 21
3033 7 0
3034 9 12
3035 20 0
3036 18 9
3037 18 8
3038 24 10
3039 0 26
3040 31 21
3041 1 16
3042 10 17
3043 24 30
3044 22 29
3045 2 26
3046 28 6
3047 2 29
3048 4 25
3049 22 23
3050 1 15
3051 22 4
3052 28 7
3053 2 30
3054 26 0
3055 25 8
3056 16 26
3057 25 30
3058 20 25
3059 20 1
3060 1 26
3061 14 2
3062 31 28
3063 30 24
3064 18 9
3065 5 11
3066 17 31
3067 22 16
3068 9 2
3069 4 24
3070 3 4
3071 10 5
# colocadas=3072 ocupadas=100 mayor=231
