0 12 4
1 19 26
2 16 4
3 22 26
4 20 13
5 20 11
6 7 25
7 29 28
8 5 3
9 26 20
10 19 27
11 21 23
12 3 31
13 4 15
14 15 7
15 10 15
16 22 25
17 1 2
18 11 28
19 27 12
20 13 21
21 22 26
22 31 22
23 10 14
24 7 24
25 2 21
26 12 23
27 18 22
28 0 4
29 9 0
30 31 1
31 30 1
32 22 5
33 17 12
34 4 31
35 8 29
36 15 9
37 24 28
38 1 19
39 25 20
40 15 26
41 22 3
42 25 6
43 1 18
44 9 13
45 1 14
46 26 20
47 4 23
48 27 11
49 25 26
50 31 1
51 8 30
52 21 27
53 19 13
54 21 28
55 29 5
56 26 18
57 10 15
58 6 9
59 29 3
60 1 30
61 0 26
62 24 16
63 26 26
64 24 15
65 10 14
66 5 9
67 11 23
68 13 3
69 22 15
70 3 20
71 26 1
72 8 2
73 14 29
74 31 15
75 23 4
76 5 23
77 10 15
78 5 7
79 16 3
80 11 4
81 17 0
82 17 9
83 16 29
84 4 4
85 22 23
86 2 22
87 17 10
88 5 21
89 7 22
90 20 2
91 16 30
92 14 9
93 18 30
94 21 25
95 20 25
96 4 7
97 27 17
98 22 25
99 9 24
100 15 24
101 21 19
102 3 31
103 16 29
104 21 23
105 16 24
106 27 16
107 25 20
108 30 1
109 26 19
110 19 2
111 0 2
112 16 7
113 20 26
114 21 3
115 27 20
116 4 30
117 1 4
118 11 0
119 14 3
120 20 2
121 29 29
122 17 30
123 0 4
124 18 19
125 7 21
126 31 24
127 17 9
128 17 5
129 5 20
130 31 1
131 14 16
132 24 3
133 14 0
134 14 17
135 25 26
136 9 25
137 28 20
138 7 25
139 21 9
140 1 7
141 26 18
142 26 9
143 16 28
144 25 28
145 25 5
146 16 4
147 4 23
148 15 7
149 1 4
150 1 15
151 22 4
152 15 24
153 15 29
154 1 14
155 5 30
156 5 23
157 13 3
158 18 17
159 7 22
160 16 12
161 16 0
162 16 26
163 19 2
164 21 5
165 12 15
166 12 0
167 14 29
168 20 25
169 10 28
170 11 0
171 31 29
172 5 21
173 20 19
174 28 3
175 14 16
176 12 16
177 21 27
178 1 19
179 12 15
180 2 7
181 4 31
182 0 27
183 23 4
184 31 21
185 8 1
186 7 23
187 15 26
188 0 4
189 30 15
190 21 19
191 7 26
192 27 12
193 12 16
194 26 19
195 2 18
196 27 1
197 17 6
198 10 0
199 30 3
200 6 3
201 10 20
202 11 28
203 31 6
204 6 9
205 8 10
206 5 20
207 15 29
208 2 17
209 12 0
210 20 9
211 26 18
212 29 4
213 24 28
214 22 5
215 8 2
216 22 26
217 16 3
218 25 6
219 8 1
220 29 5
221 25 28
222 20 7
223 1 4
224 31 15
225 17 17
226 22 1
227 7 24
228 0 4
229 9 24
230 30 6
231 4 23
232 21 15
233 12 1
234 7 22
235 5 7
236 21 7
237 18 18
238 2 18
239 26 4
240 29 4
241 17 0
242 22 23
243 16 4
244 24 28
245 16 7
246 5 21
247 31 30
248 28 5
249 21 9
250 15 7
251 22 15
252 31 23
253 12 15
254 31 20
255 14 17
256 14 3
257 30 2
258 19 11
259 16 3
260 22 20
261 7 21
262 16 24
263 7 23
264 19 26
265 26 19
266 9 0
267 26 1
268 21 5
269 5 22
270 16 4
271 14 16
272 31 6
273 20 19
274 8 2
275 7 24
276 16 26
277 27 11
278 27 17
279 14 29
280 17 10
281 12 16
282 15 24
283 8 29
284 13 3
285 27 9
286 1 7
287 26 18
288 26 19
289 7 22
290 24 2
291 8 30
292 21 23
293 5 4
294 31 21
295 22 5
296 17 9
297 16 0
298 25 28
299 26 9
300 18 19
301 9 25
302 23 3
303 22 23
304 16 3
305 24 20
306 11 0
307 22 4
308 23 4
309 5 21
310 27 9
311 31 24
312 22 0
313 12 15
314 13 1
315 22 25
316 26 20
317 8 29
318 5 22
319 3 31
320 6 26
321 4 31
322 24 3
323 20 24
324 16 7
325 4 4
326 10 13
327 30 6
328 20 25
329 21 2
330 21 19
331 18 17
332 12 0
333 12 16
334 22 1
335 8 9
336 22 5
337 4 20
338 1 4
339 11 0
340 18 30
341 0 4
342 12 15
343 1 15
344 19 27
345 27 3
346 16 4
347 27 16
348 22 4
349 17 22
350 17 10
351 22 21
352 15 26
353 9 15
354 24 16
355 26 19
356 27 20
357 5 3
358 29 28
359 13 0
360 6 3
361 20 13
362 4 24
363 10 15
364 15 29
365 31 0
366 25 4
367 1 4
368 2 30
369 14 0
370 5 29
371 8 30
372 10 21
373 21 3
374 21 23
375 0 26
376 27 1
377 17 30
378 16 3
379 12 16
380 23 15
381 12 1
382 26 1
383 27 1
384 26 4
385 1 30
386 30 3
387 26 18
388 28 3
389 8 1
390 30 2
391 3 20
392 14 29
393 15 7
394 12 15
395 20 19
396 22 0
397 5 3
398 15 29
399 24 17
400 27 17
401 4 23
402 21 5
403 0 4
404 20 11
405 26 1
406 6 3
407 14 17
408 8 2
409 14 29
410 22 1
411 9 15
412 25 20
413 3 31
414 6 27
415 7 25
416 27 3
417 16 29
418 5 30
419 7 24
420 2 7
421 18 22
422 12 23
423 21 28
424 12 16
425 27 12
426 17 17
427 22 26
428 4 30
429 17 12
430 7 25
431 24 28
432 16 12
433 1 2
434 20 5
435 26 9
436 22 15
437 25 28
438 17 22
439 19 26
440 22 5
441 16 24
442 28 3
443 30 15
444 8 1
445 1 4
446 20 2
447 14 30
448 23 4
449 8 10
450 5 27
451 7 24
452 5 3
453 3 4
454 16 7
455 4 7
456 31 23
457 21 25
458 22 0
459 0 27
460 31 20
461 31 6
462 30 6
463 5 4
464 26 19
465 3 15
466 21 19
467 31 6
468 30 3
469 25 5
470 27 11
471 9 13
472 17 9
473 5 30
474 4 30
475 27 12
476 3 5
477 2 31
478 28 20
479 20 4
480 7 21
481 10 15
482 22 27
483 31 1
484 22 20
485 17 0
486 31 29
487 18 22
488 18 18
489 11 24
490 27 9
491 28 6
492 5 30
493 24 16
494 5 28
495 24 13
496 17 5
497 25 13
498 19 11
499 30 29
500 22 26
501 27 20
502 9 24
503 22 27
504 10 13
505 20 7
506 5 9
507 5 27
508 30 6
509 0 2
510 31 29
511 15 24
512 26 9
513 1 14
514 17 22
515 30 2
516 13 23
517 4 24
518 5 3
519 17 12
520 13 1
521 22 4
522 30 3
523 16 26
524 6 9
525 5 4
526 27 16
527 8 29
528 5 28
529 14 21
530 1 20
531 0 26
532 29 5
533 14 29
534 19 2
535 17 4
536 4 20
537 15 0
538 12 0
539 21 2
540 5 21
541 3 31
542 27 11
543 26 26
544 21 7
545 4 30
546 19 1
547 29 4
548 21 5
549 24 13
550 24 20
551 1 2
552 17 10
553 14 3
554 29 29
555 5 3
556 14 30
557 27 12
558 5 30
559 27 9
560 29 28
561 10 28
562 22 5
563 22 1
564 25 13
565 1 15
566 20 19
567 13 2
568 22 0
569 23 15
570 1 14
571 22 3
572 24 28
573 17 16
574 18 30
575 7 22
576 24 17
577 5 27
578 15 9
579 1 15
580 26 9
581 8 30
582 15 7
583 17 9
584 21 4
585 5 4
586 13 21
587 24 16
588 3 4
589 4 15
590 3 15
591 2 17
592 8 29
593 1 14
594 0 4
595 23 3
596 1 4
597 21 19
598 20 7
599 13 1
600 18 19
601 14 29
602 10 0
603 14 16
604 25 26
605 4 31
606 5 29
607 22 1
608 19 2
609 13 3
610 31 15
611 4 15
612 3 15
613 19 27
614 24 17
615 3 20
616 27 1
617 1 15
618 17 5
619 16 7
620 0 27
621 9 25
622 7 21
623 9 30
624 22 6
625 14 1
626 24 16
627 18 22
628 24 17
629 2 18
630 26 26
631 4 15
632 29 5
633 1 14
634 20 2
635 26 1
636 5 7
637 7 29
638 14 17
639 11 23
640 9 13
641 14 2
642 0 4
643 27 9
644 12 15
645 16 4
646 17 10
647 29 29
648 20 9
649 15 7
650 14 21
651 31 21
652 3 15
653 17 22
654 8 29
655 4 20
656 22 3
657 2 21
658 7 25
659 0 26
660 6 27
661 21 7
662 17 30
663 16 28
664 3 5
665 5 9
666 31 30
667 28 20
668 27 3
669 18 0
670 19 1
671 16 16
672 7 24
673 11 24
674 19 2
675 14 9
676 26 20
677 20 19
678 25 28
679 0 2
680 17 9
681 26 19
682 19 1
683 18 22
684 4 15
685 16 7
686 19 26
687 17 0
688 18 18
689 22 4
690 25 6
691 22 0
692 3 20
693 15 7
694 16 24
695 5 22
696 27 20
697 22 15
698 12 23
699 20 25
700 12 4
701 10 13
702 27 1
703 18 0
704 28 20
705 22 3
706 16 12
707 24 13
708 12 16
709 26 9
710 20 28
711 25 20
712 6 9
713 26 1
714 7 29
715 11 15
716 27 20
717 5 3
718 13 0
719 0 27
720 22 5
721 10 24
722 16 0
723 29 28
724 14 1
725 27 1
726 22 1
727 10 20
728 4 7
729 11 28
730 8 9
731 29 29
732 21 28
733 21 2
734 5 21
735 22 23
736 16 3
737 3 31
738 8 10
739 24 28
740 8 2
741 29 4
742 31 29
743 24 16
744 14 16
745 23 15
746 11 24
747 25 4
748 20 2
749 22 26
750 27 9
751 19 27
752 8 30
753 10 28
754 22 21
755 21 2
756 17 0
757 15 29
758 9 30
759 27 11
760 26 4
761 2 22
762 20 7
763 31 24
764 1 4
765 11 4
766 29 5
767 21 19
768 31 6
769 4 20
770 30 1
771 26 9
772 16 7
773 9 13
774 7 22
775 20 4
776 14 2
777 7 25
778 22 25
779 28 3
780 14 1
781 27 12
782 15 7
783 28 7
784 30 6
785 8 30
786 29 4
787 11 28
788 10 15
789 20 19
790 22 15
791 5 30
792 5 9
793 4 30
794 24 15
795 1 15
796 2 31
797 7 23
798 22 4
799 6 9
800 16 4
801 9 30
802 13 21
803 20 2
804 21 5
805 17 12
806 12 15
807 31 30
808 8 1
809 17 6
810 3 15
811 17 28
812 5 4
813 10 24
814 21 23
815 22 0
816 30 15
817 4 23
818 14 3
819 7 22
820 15 9
821 20 26
822 31 3
823 20 25
824 16 7
825 15 7
826 4 15
827 12 0
828 22 23
829 14 17
830 11 23
831 25 26
832 16 12
833 21 23
834 28 20
835 26 26
836 16 3
837 31 22
838 2 21
839 3 21
840 29 28
841 2 21
842 21 6
843 14 9
844 27 17
845 22 1
846 13 22
847 20 11
848 26 1
849 7 24
850 21 15
851 8 30
852 17 12
853 15 16
854 30 3
855 25 28
856 12 23
857 0 4
858 13 3
859 22 5
860 19 7
861 15 9
862 9 26
863 15 15
864 3 15
865 0 26
866 22 23
867 31 21
868 11 23
869 31 22
870 19 26
871 10 13
872 31 29
873 13 0
874 3 21
875 31 6
876 5 22
877 27 1
878 21 27
879 25 5
880 24 16
881 5 27
882 27 4
883 7 21
884 28 6
885 17 5
886 24 28
887 21 9
888 22 4
889 19 13
890 5 3
891 21 7
892 8 2
893 29 29
894 24 15
895 14 29
896 31 3
897 1 7
898 16 1
899 18 19
900 26 4
901 9 13
902 4 15
903 5 20
904 22 20
905 5 7
906 19 27
907 10 28
908 12 23
909 21 19
910 9 25
911 17 22
912 2 17
913 11 24
914 2 18
915 31 25
916 31 15
917 18 0
918 17 4
919 26 1
920 20 5
921 7 25
922 7 22
923 5 21
924 12 0
925 20 26
926 14 3
927 25 28
928 12 4
929 25 13
930 1 4
931 13 0
932 1 2
933 13 21
934 25 6
935 7 24
936 10 13
937 19 6
938 0 2
939 27 3
940 21 23
941 31 30
942 0 30
943 24 20
944 22 15
945 5 9
946 21 15
947 19 2
948 27 16
949 27 11
950 12 0
951 29 5
952 22 5
953 11 28
954 9 15
955 27 9
956 5 28
957 20 4
958 0 4
959 9 13
960 10 21
961 16 0
962 18 30
963 25 26
964 7 25
965 7 24
966 21 2
967 5 29
968 7 25
969 14 0
970 4 31
971 7 24
972 18 6
973 8 9
974 10 15
975 27 17
976 26 9
977 16 2
978 31 23
979 18 18
980 1 19
981 15 16
982 27 12
983 30 6
984 19 6
985 16 12
986 31 22
987 10 14
988 27 1
989 21 4
990 22 23
991 29 28
992 17 10
993 3 4
994 30 3
995 28 7
996 12 1
997 18 6
998 1 30
999 28 6
1000 17 30
1001 26 26
1002 7 28
1003 27 16
1004 10 24
1005 9 26
1006 27 9
1007 15 24
1008 13 0
1009 31 24
1010 31 1
1011 25 4
1012 10 15
1013 1 14
1014 26 6
1015 8 10
1016 16 4
1017 18 22
1018 4 20
1019 5 22
1020 22 15
1021 5 30
1022 13 3
1023 5 4
1024 31 6
1025 2 21
1026 3 21
1027 17 2
1028 30 6
1029 25 20
1030 27 17
1031 17 22
1032 7 21
1033 21 15
1034 2 21
1035 19 6
1036 27 16
1037 17 12
1038 8 1
1039 2 17
1040 14 9
1041 7 25
1042 1 18
1043 14 18
1044 12 16
1045 8 29
1046 22 6
1047 16 12
1048 10 13
1049 11 24
1050 17 12
1051 20 19
1052 22 4
1053 5 21
1054 30 15
1055 20 13
1056 12 15
1057 21 23
1058 18 22
1059 3 20
1060 31 15
1061 7 27
1062 18 28
1063 24 28
1064 18 6
1065 8 9
1066 5 23
1067 22 15
1068 19 1
1069 28 7
1070 23 3
1071 20 7
1072 22 0
1073 10 24
1074 22 1
1075 29 4
1076 2 7
1077 18 30
1078 22 0
1079 26 4
1080 22 1
1081 27 11
1082 11 4
1083 13 22
1084 17 1
1085 30 15
1086 17 28
1087 20 9
1088 22 21
1089 13 21
1090 17 2
1091 22 20
1092 29 5
1093 17 1
1094 22 0
1095 23 6
1096 28 3
1097 10 28
1098 16 3
1099 27 3
1100 8 30
1101 20 25
1102 24 16
1103 6 9
1104 22 21
1105 1 2
1106 31 6
1107 1 15
1108 20 26
1109 29 3
1110 19 13
1111 26 1
1112 20 2
1113 15 29
1114 5 3
1115 21 7
1116 26 18
1117 11 28
1118 14 17
1119 1 4
1120 23 15
1121 25 6
1122 19 0
1123 26 9
1124 15 26
1125 15 9
1126 28 5
1127 9 13
1128 4 7
1129 5 29
1130 8 2
1131 24 3
1132 19 2
1133 4 30
1134 18 27
1135 0 2
1136 21 28
1137 1 19
1138 17 30
1139 29 5
1140 19 3
1141 12 16
1142 18 19
1143 16 28
1144 14 29
1145 30 1
1146 7 24
1147 5 20
1148 18 3
1149 10 14
1150 16 24
1151 10 20
1152 20 7
1153 18 30
1154 23 3
1155 22 1
1156 1 18
1157 12 15
1158 12 4
1159 21 7
1160 26 20
1161 18 28
1162 30 3
1163 22 5
1164 8 13
1165 10 15
1166 27 17
1167 6 27
1168 24 13
1169 8 1
1170 16 4
1171 24 17
1172 10 21
1173 30 6
1174 4 23
1175 15 24
1176 5 28
1177 3 19
1178 10 20
1179 7 22
1180 7 25
1181 22 15
1182 22 23
1183 16 26
1184 23 15
1185 25 28
1186 5 30
1187 5 4
1188 5 23
1189 25 20
1190 8 2
1191 29 29
1192 9 0
1193 22 20
1194 27 16
1195 5 3
1196 11 24
1197 8 10
1198 22 4
1199 0 4
1200 14 0
1201 5 9
1202 23 7
1203 27 9
1204 1 7
1205 19 6
1206 10 0
1207 19 26
1208 20 7
1209 7 23
1210 16 7
1211 5 7
1212 16 29
1213 13 22
1214 0 30
1215 17 9
1216 6 9
1217 9 0
1218 15 15
1219 18 18
1220 6 26
1221 31 21
1222 31 15
1223 24 3
1224 25 4
1225 26 20
1226 19 27
1227 22 26
1228 27 12
1229 22 15
1230 17 30
1231 26 17
1232 27 1
1233 31 29
1234 19 2
1235 31 23
1236 24 28
1237 30 15
1238 31 6
1239 18 0
1240 1 4
1241 10 24
1242 22 5
1243 1 14
1244 15 16
1245 19 11
1246 31 1
1247 26 18
1248 10 28
1249 10 14
1250 0 4
1251 13 21
1252 13 22
1253 5 4
1254 3 31
1255 1 30
1256 5 27
1257 26 4
1258 20 13
1259 25 5
1260 7 22
1261 28 3
1262 3 21
1263 27 3
1264 27 11
1265 5 28
1266 30 1
1267 26 1
1268 10 15
1269 15 7
1270 8 29
1271 27 1
1272 31 20
1273 14 9
1274 1 15
1275 14 3
1276 14 18
1277 22 25
1278 4 7
1279 4 31
1280 16 12
1281 6 27
1282 31 22
1283 29 28
1284 31 15
1285 11 24
1286 10 21
1287 4 23
1288 16 1
1289 19 26
1290 29 29
1291 11 23
1292 29 3
1293 26 9
1294 28 3
1295 21 23
1296 25 13
1297 14 17
1298 23 15
1299 18 4
1300 9 25
1301 10 14
1302 11 4
1303 16 28
1304 1 14
1305 10 24
1306 24 16
1307 6 30
1308 22 0
1309 13 3
1310 31 1
1311 26 17
1312 1 2
1313 24 17
1314 26 18
1315 3 15
1316 28 5
1317 22 1
1318 2 21
1319 22 15
1320 27 4
1321 0 2
1322 31 23
1323 8 9
1324 20 11
1325 15 26
1326 5 7
1327 20 2
1328 15 15
1329 21 7
1330 4 7
1331 30 1
1332 11 28
1333 8 1
1334 22 23
1335 11 24
1336 17 22
1337 2 7
1338 2 16
1339 23 3
1340 16 24
1341 22 26
1342 22 4
1343 14 3
1344 22 25
1345 21 19
1346 21 9
1347 29 28
1348 1 4
1349 12 16
1350 25 6
1351 15 16
1352 7 23
1353 4 15
1354 9 13
1355 22 26
1356 3 16
1357 18 19
1358 7 22
1359 6 26
1360 31 22
1361 0 4
1362 17 12
1363 3 20
1364 28 21
1365 1 4
1366 5 30
1367 25 5
1368 28 2
1369 6 27
1370 26 17
1371 25 26
1372 10 24
1373 7 23
1374 25 6
1375 18 3
1376 12 23
1377 8 30
1378 24 16
1379 26 18
1380 16 12
1381 1 7
1382 22 21
1383 30 15
1384 20 7
1385 18 30
1386 10 0
1387 31 1
1388 8 13
1389 17 12
1390 7 22
1391 4 28
1392 29 29
1393 25 5
1394 17 2
1395 29 28
1396 18 22
1397 29 29
1398 31 15
1399 13 0
1400 9 13
1401 17 1
1402 15 29
1403 29 28
1404 22 25
1405 20 9
1406 1 2
1407 11 23
1408 10 20
1409 16 12
1410 17 12
1411 11 24
1412 25 28
1413 8 29
1414 2 30
1415 19 27
1416 5 9
1417 5 27
1418 18 6
1419 30 29
1420 5 21
1421 8 30
1422 23 15
1423 22 26
1424 17 10
1425 21 7
1426 2 22
1427 15 9
1428 17 22
1429 16 27
1430 3 5
1431 19 13
1432 13 3
1433 28 8
1434 2 21
1435 14 3
1436 2 22
1437 28 20
1438 23 6
1439 31 29
1440 5 22
1441 10 15
1442 19 11
1443 26 26
1444 22 25
1445 30 15
1446 15 15
1447 17 28
1448 19 2
1449 8 29
1450 20 19
1451 14 29
1452 20 13
1453 29 5
1454 23 7
1455 17 2
1456 26 1
1457 0 2
1458 15 24
1459 1 30
1460 24 28
1461 16 24
1462 1 19
1463 6 9
1464 14 9
1465 9 0
1466 14 26
1467 27 1
1468 26 1
1469 21 23
1470 10 21
1471 21 27
1472 5 29
1473 17 0
1474 11 1
1475 22 0
1476 20 2
1477 14 0
1478 2 30
1479 4 20
1480 8 10
1481 5 21
1482 11 0
1483 5 23
1484 5 30
1485 3 31
1486 25 28
1487 22 1
1488 30 6
1489 7 24
1490 22 0
1491 30 3
1492 6 27
1493 13 0
1494 30 29
1495 1 2
1496 4 31
1497 28 28
1498 31 23
1499 22 26
1500 31 21
1501 9 24
1502 31 24
1503 28 3
1504 19 2
1505 19 26
1506 27 9
1507 1 15
1508 7 21
1509 18 28
1510 21 9
1511 1 30
1512 30 1
1513 26 4
1514 15 16
1515 31 22
1516 19 27
1517 27 12
1518 12 23
1519 16 26
1520 27 17
1521 0 2
1522 10 28
1523 5 29
1524 1 18
1525 11 23
1526 18 22
1527 1 14
1528 3 20
1529 22 23
1530 2 21
1531 14 27
1532 16 12
1533 8 30
1534 0 4
1535 15 26
1536 12 15
1537 4 14
1538 15 29
1539 29 4
1540 19 6
1541 17 30
1542 21 23
1543 16 2
1544 20 2
1545 28 7
1546 5 3
1547 16 26
1548 17 22
1549 22 25
1550 31 21
1551 17 4
1552 5 4
1553 12 4
1554 14 0
1555 4 15
1556 2 30
1557 22 23
1558 2 16
1559 13 21
1560 12 16
1561 21 28
1562 31 3
1563 18 22
1564 11 4
1565 3 15
1566 27 16
1567 8 29
1568 16 4
1569 19 13
1570 29 5
1571 31 29
1572 15 15
1573 10 13
1574 19 2
1575 28 21
1576 18 6
1577 5 27
1578 21 23
1579 5 30
1580 22 1
1581 26 17
1582 13 22
1583 24 13
1584 4 20
1585 3 31
1586 4 30
1587 9 13
1588 28 16
1589 17 4
1590 15 24
1591 10 14
1592 29 3
1593 26 18
1594 5 9
1595 11 25
1596 2 17
1597 12 23
1598 21 19
1599 5 3
1600 6 9
1601 28 15
1602 4 15
1603 28 3
1604 8 2
1605 9 25
1606 3 28
1607 5 22
1608 20 11
1609 17 9
1610 25 20
1611 1 2
1612 22 23
1613 5 28
1614 8 9
1615 12 0
1616 19 26
1617 19 6
1618 31 1
1619 21 27
1620 10 15
1621 8 1
1622 8 10
1623 25 26
1624 5 7
1625 24 3
1626 14 29
1627 15 26
1628 20 9
1629 20 7
1630 11 28
1631 18 0
1632 24 28
1633 25 13
1634 19 11
1635 1 19
1636 16 4
1637 14 16
1638 8 30
1639 21 28
1640 8 2
1641 30 1
1642 29 3
1643 21 7
1644 20 7
1645 20 13
1646 31 22
1647 5 21
1648 5 4
1649 4 31
1650 1 18
1651 11 24
1652 18 4
1653 24 13
1654 19 13
1655 5 3
1656 28 16
1657 20 2
1658 28 15
1659 16 5
1660 21 7
1661 2 7
1662 3 29
1663 27 1
1664 12 4
1665 5 22
1666 5 29
1667 25 13
1668 25 28
1669 4 7
1670 1 30
1671 24 28
1672 16 24
1673 22 15
1674 22 5
1675 8 9
1676 23 15
1677 18 30
1678 2 29
1679 5 21
1680 5 22
1681 3 4
1682 15 0
1683 15 24
1684 16 7
1685 5 21
1686 26 1
1687 15 7
1688 2 16
1689 11 23
1690 19 27
1691 3 15
1692 10 14
1693 16 4
1694 17 0
1695 1 4
1696 19 26
1697 3 30
1698 31 4
1699 31 5
1700 0 27
1701 19 27
1702 26 26
1703 20 7
1704 25 6
1705 13 27
1706 3 20
1707 22 0
1708 10 24
1709 5 9
1710 28 20
1711 24 13
1712 27 1
1713 16 26
1714 31 25
1715 30 29
1716 8 1
1717 30 7
1718 31 29
1719 26 9
1720 31 15
1721 1 7
1722 4 20
1723 4 23
1724 13 21
1725 31 23
1726 10 0
1727 30 6
1728 30 25
1729 10 15
1730 22 20
1731 27 11
1732 4 4
1733 15 29
1734 27 12
1735 31 4
1736 29 28
1737 3 31
1738 16 15
1739 0 26
1740 4 30
1741 8 10
1742 14 29
1743 23 6
1744 25 26
1745 17 12
1746 3 20
1747 30 15
1748 16 5
1749 29 29
1750 26 1
1751 8 29
1752 31 25
1753 14 17
1754 6 9
1755 3 4
1756 21 23
1757 28 5
1758 31 5
1759 18 6
1760 22 26
1761 26 26
1762 10 20
1763 25 5
1764 27 20
1765 31 15
1766 17 30
1767 5 7
1768 13 0
1769 27 11
1770 29 28
1771 25 26
1772 14 16
1773 19 26
1774 8 9
1775 31 22
1776 7 25
1777 22 23
1778 13 3
1779 15 9
1780 2 22
1781 30 7
1782 20 13
1783 26 19
1784 23 3
1785 14 3
1786 27 9
1787 14 27
1788 12 0
1789 1 15
1790 1 14
1791 18 3
1792 31 1
1793 7 22
1794 4 20
1795 22 25
1796 4 7
1797 28 20
1798 14 26
1799 20 19
1800 30 29
1801 31 24
1802 26 26
1803 24 20
1804 21 9
1805 12 23
1806 14 9
1807 31 21
1808 10 28
1809 22 1
1810 2 7
1811 8 30
1812 7 24
1813 10 21
1814 5 22
1815 28 16
1816 11 4
1817 18 4
1818 25 28
1819 1 31
1820 19 6
1821 22 0
1822 18 27
1823 16 3
1824 4 31
1825 18 30
1826 17 30
1827 18 3
1828 22 26
1829 28 8
1830 11 28
1831 24 28
1832 12 4
1833 27 12
1834 22 3
1835 30 6
1836 30 7
1837 28 3
1838 1 7
1839 15 29
1840 4 24
1841 11 4
1842 18 4
1843 16 12
1844 14 27
1845 10 20
1846 0 4
1847 26 20
1848 1 19
1849 2 7
1850 10 14
1851 22 25
1852 13 22
1853 18 6
1854 7 21
1855 8 10
1856 25 26
1857 5 28
1858 9 26
1859 19 6
1860 19 2
1861 9 0
1862 1 15
1863 20 11
1864 28 7
1865 21 27
1866 29 5
1867 13 3
1868 18 18
1869 21 28
1870 20 9
1871 5 30
1872 10 28
1873 9 25
1874 3 20
1875 25 6
1876 13 21
1877 17 10
1878 29 4
1879 24 21
1880 5 21
1881 5 27
1882 8 29
1883 4 4
1884 20 2
1885 17 9
1886 25 13
1887 7 22
1888 3 31
1889 31 23
1890 22 21
1891 1 7
1892 19 13
1893 2 17
1894 16 24
1895 27 3
1896 25 28
1897 5 28
1898 4 20
1899 2 7
1900 12 15
1901 26 9
1902 17 5
1903 31 6
1904 18 3
1905 11 28
1906 18 30
1907 8 30
1908 0 2
1909 8 2
1910 2 21
1911 3 21
1912 10 21
1913 8 9
1914 14 3
1915 22 15
1916 23 7
1917 6 3
1918 2 18
1919 28 28
1920 5 9
1921 15 9
1922 22 20
1923 30 1
1924 21 9
1925 18 28
1926 8 29
1927 17 30
1928 22 26
1929 9 26
1930 10 20
1931 30 15
1932 10 21
1933 1 30
1934 26 26
1935 17 12
1936 17 22
1937 14 9
1938 1 7
1939 22 21
1940 1 2
1941 18 27
1942 25 4
1943 21 27
1944 19 2
1945 16 4
1946 8 30
1947 31 1
1948 0 2
1949 17 6
1950 1 14
1951 12 16
1952 4 19
1953 16 7
1954 22 20
1955 0 27
1956 31 20
1957 31 22
1958 7 21
1959 16 2
1960 15 26
1961 7 25
1962 31 15
1963 8 10
1964 16 12
1965 28 15
1966 19 11
1967 18 4
1968 24 22
1969 8 1
1970 21 19
1971 11 23
1972 27 1
1973 20 26
1974 26 4
1975 21 28
1976 1 2
1977 2 7
1978 19 5
1979 9 25
1980 14 28
1981 29 5
1982 4 23
1983 27 11
1984 4 20
1985 15 7
1986 13 22
1987 23 6
1988 9 26
1989 5 3
1990 25 5
1991 22 21
1992 5 23
1993 25 4
1994 16 26
1995 30 15
1996 20 2
1997 29 4
1998 24 21
1999 20 9
2000 25 6
2001 18 19
2002 8 29
2003 5 22
2004 1 15
2005 31 15
2006 13 21
2007 16 5
2008 18 3
2009 17 10
2010 19 26
2011 31 23
2012 26 1
2013 31 29
2014 31 22
2015 24 15
2016 1 14
2017 16 7
2018 6 9
2019 20 19
2020 26 4
2021 21 15
2022 5 21
2023 22 15
2024 20 26
2025 14 17
2026 18 22
2027 12 4
2028 15 24
2029 18 28
2030 29 5
2031 5 7
2032 18 4
2033 16 4
2034 2 17
2035 8 2
2036 22 20
2037 6 3
2038 24 22
2039 13 3
2040 9 25
2041 25 5
2042 27 1
2043 17 5
2044 0 26
2045 27 12
2046 25 6
2047 18 0
2048 24 28
2049 2 18
2050 25 28
2051 30 20
2052 16 1
2053 4 31
2054 7 22
2055 1 4
2056 5 4
2057 21 5
2058 14 3
2059 18 27
2060 25 4
2061 19 2
2062 24 28
2063 7 3
2064 2 21
2065 6 21
2066 31 20
2067 26 1
2068 11 24
2069 16 14
2070 4 15
2071 8 9
2072 28 3
2073 9 24
2074 30 8
2075 20 11
2076 15 9
2077 28 6
2078 21 15
2079 21 7
2080 22 4
2081 6 30
2082 12 15
2083 10 20
2084 25 28
2085 4 7
2086 29 28
2087 15 26
2088 17 9
2089 21 27
2090 30 6
2091 31 8
2092 18 30
2093 30 1
2094 3 20
2095 5 7
2096 30 29
2097 21 9
2098 14 27
2099 28 21
2100 5 21
2101 20 2
2102 21 19
2103 21 28
2104 28 16
2105 18 18
2106 31 23
2107 16 24
2108 8 13
2109 16 3
2110 31 22
2111 20 9
2112 9 25
2113 0 27
2114 25 20
2115 9 13
2116 24 16
2117 1 7
2118 20 19
2119 23 7
2120 0 2
2121 20 13
2122 12 16
2123 28 28
2124 17 0
2125 29 28
2126 27 11
2127 13 22
2128 6 3
2129 10 21
2130 14 28
2131 19 2
2132 19 13
2133 19 26
2134 29 3
2135 18 19
2136 26 4
2137 7 3
2138 7 24
2139 16 29
2140 1 2
2141 10 0
2142 10 24
2143 26 20
2144 20 13
2145 27 12
2146 10 20
2147 23 6
2148 30 15
2149 0 2
2150 8 13
2151 17 10
2152 18 3
2153 17 1
2154 30 20
2155 12 15
2156 21 23
2157 17 12
2158 31 15
2159 16 13
2160 1 20
2161 2 7
2162 22 23
2163 11 24
2164 28 3
2165 23 7
2166 5 30
2167 17 30
2168 14 16
2169 10 28
2170 17 22
2171 16 14
2172 1 7
2173 9 13
2174 30 15
2175 1 2
2176 16 28
2177 31 1
2178 15 7
2179 14 0
2180 29 4
2181 16 7
2182 31 20
2183 19 6
2184 28 28
2185 22 21
2186 31 29
2187 4 7
2188 22 3
2189 12 16
2190 24 21
2191 9 0
2192 18 1
2193 21 23
2194 18 22
2195 16 0
2196 27 3
2197 5 3
2198 19 11
2199 27 1
2200 21 19
2201 20 19
2202 10 21
2203 4 23
2204 7 25
2205 0 4
2206 13 3
2207 18 4
2208 22 5
2209 18 0
2210 20 11
2211 4 20
2212 7 23
2213 2 17
2214 31 6
2215 10 20
2216 3 20
2217 28 5
2218 29 28
2219 2 22
2220 3 29
2221 5 23
2222 23 3
2223 17 6
2224 20 2
2225 17 9
2226 14 29
2227 7 4
2228 22 25
2229 28 6
2230 3 15
2231 28 20
2232 23 6
2233 27 9
2234 11 4
2235 20 7
2236 22 4
2237 29 5
2238 30 8
2239 0 26
2240 4 29
2241 15 29
2242 16 4
2243 5 27
2244 10 15
2245 11 28
2246 1 15
2247 1 19
2248 1 18
2249 15 24
2250 24 22
2251 16 13
2252 30 20
2253 5 9
2254 12 23
2255 16 27
2256 18 18
2257 14 9
2258 25 26
2259 26 1
2260 31 8
2261 3 31
2262 31 20
2263 19 11
2264 27 11
2265 16 3
2266 19 2
2267 21 7
2268 30 20
2269 29 29
2270 31 23
2271 30 6
2272 31 22
2273 1 14
2274 27 12
2275 7 3
2276 17 10
2277 20 26
2278 16 14
2279 24 15
2280 17 22
2281 10 0
2282 5 20
2283 14 29
2284 1 19
2285 12 15
2286 31 30
2287 12 1
2288 27 1
2289 26 26
2290 0 2
2291 18 3
2292 2 7
2293 19 26
2294 10 13
2295 18 22
2296 11 23
2297 4 15
2298 28 21
2299 20 2
2300 2 30
2301 8 10
2302 18 28
2303 19 27
2304 7 22
2305 16 28
2306 15 7
2307 26 9
2308 25 5
2309 24 3
2310 27 11
2311 19 0
2312 27 9
2313 31 6
2314 3 21
2315 9 0
2316 28 3
2317 14 3
2318 12 23
2319 16 12
2320 1 18
2321 17 14
2322 16 7
2323 7 24
2324 16 14
2325 4 31
2326 22 26
2327 3 29
2328 29 4
2329 20 7
2330 29 5
2331 18 4
2332 15 7
2333 5 28
2334 5 4
2335 9 24
2336 12 4
2337 24 16
2338 17 22
2339 16 26
2340 5 21
2341 7 25
2342 24 21
2343 16 29
2344 24 15
2345 24 28
2346 13 0
2347 14 30
2348 4 29
2349 24 16
2350 1 19
2351 10 21
2352 12 16
2353 16 24
2354 1 4
2355 15 26
2356 23 3
2357 10 0
2358 7 23
2359 5 27
2360 24 22
2361 3 31
2362 31 15
2363 25 20
2364 17 0
2365 30 1
2366 13 21
2367 0 4
2368 18 29
2369 22 23
2370 17 5
2371 17 6
2372 18 19
2373 6 9
2374 24 21
2375 3 20
2376 19 26
2377 4 23
2378 8 9
2379 17 5
2380 27 4
2381 25 26
2382 22 20
2383 11 1
2384 2 18
2385 20 11
2386 6 3
2387 20 0
2388 5 23
2389 2 21
2390 21 7
2391 1 20
2392 22 15
2393 1 7
2394 17 31
2395 29 28
2396 13 22
2397 8 10
2398 18 6
2399 25 28
2400 28 20
2401 12 1
2402 4 4
2403 22 5
2404 28 7
2405 8 9
2406 11 4
2407 16 5
2408 10 28
2409 4 23
2410 15 24
2411 9 25
2412 8 10
2413 5 28
2414 27 20
2415 7 26
2416 28 20
2417 26 1
2418 19 0
2419 21 9
2420 16 2
2421 22 1
2422 28 15
2423 26 4
2424 2 7
2425 24 15
2426 30 8
2427 14 0
2428 8 9
2429 14 29
2430 21 27
2431 3 29
2432 16 7
2433 19 27
2434 31 8
2435 11 23
2436 21 23
2437 16 3
2438 25 6
2439 1 19
2440 21 19
2441 22 23
2442 7 24
2443 1 15
2444 20 19
2445 1 4
2446 19 11
2447 13 3
2448 31 29
2449 18 30
2450 14 30
2451 12 23
2452 23 7
2453 18 29
2454 8 10
2455 30 8
2456 29 3
2457 22 3
2458 17 5
2459 23 6
2460 19 26
2461 10 24
2462 4 29
2463 1 14
2464 6 30
2465 30 15
2466 21 28
2467 21 5
2468 24 16
2469 13 21
2470 19 27
2471 8 1
2472 20 9
2473 0 27
2474 29 29
2475 31 30
2476 16 26
2477 26 9
2478 14 29
2479 5 27
2480 31 15
2481 21 9
2482 22 0
2483 28 6
2484 16 4
2485 15 26
2486 17 9
2487 21 23
2488 30 15
2489 27 20
2490 24 13
2491 30 5
2492 22 4
2493 17 12
2494 1 20
2495 5 9
2496 27 1
2497 15 9
2498 25 13
2499 20 5
2500 22 21
2501 20 11
2502 27 9
2503 17 30
2504 16 26
2505 19 13
2506 31 15
2507 31 1
2508 14 3
2509 17 6
2510 31 8
2511 2 17
2512 29 5
2513 26 9
2514 1 30
2515 5 23
2516 9 13
2517 13 0
2518 28 20
2519 17 10
2520 16 28
2521 8 30
2522 31 29
2523 6 26
2524 11 23
2525 27 9
2526 21 19
2527 16 13
2528 18 28
2529 10 14
2530 14 9
2531 20 9
2532 9 0
2533 15 29
2534 15 7
2535 12 23
2536 0 4
2537 2 30
2538 16 3
2539 28 16
2540 14 29
2541 11 23
2542 0 26
2543 1 19
2544 18 18
2545 27 20
2546 1 15
2547 1 7
2548 19 6
2549 15 29
2550 30 8
2551 20 7
2552 10 0
2553 31 20
2554 9 0
2555 30 15
2556 15 9
2557 5 4
2558 5 28
2559 26 9
2560 24 15
2561 8 2
2562 17 9
2563 16 4
2564 4 20
2565 27 12
2566 4 31
2567 3 20
2568 5 20
2569 20 0
2570 16 29
2571 14 17
2572 16 3
2573 24 16
2574 8 1
2575 8 2
2576 16 4
2577 23 15
2578 2 18
2579 24 28
2580 13 22
2581 29 28
2582 3 29
2583 16 24
2584 11 28
2585 12 23
2586 19 2
2587 1 20
2588 30 5
2589 31 7
2590 14 0
2591 3 19
2592 9 26
2593 5 21
2594 22 25
2595 14 29
2596 30 1
2597 1 19
2598 19 0
2599 24 17
2600 22 26
2601 14 16
2602 3 20
2603 26 26
2604 25 5
2605 1 20
2606 5 20
2607 11 23
2608 29 5
2609 18 22
2610 3 31
2611 21 7
2612 2 17
2613 7 3
2614 18 19
2615 0 27
2616 24 16
2617 12 0
2618 16 0
2619 25 26
2620 22 15
2621 1 4
2622 9 24
2623 21 5
2624 20 5
2625 6 9
2626 24 13
2627 1 14
2628 31 6
2629 19 26
2630 16 3
2631 16 7
2632 31 23
2633 18 0
2634 4 23
2635 4 29
2636 23 15
2637 18 18
2638 18 19
2639 16 1
2640 1 15
2641 28 3
2642 2 7
2643 31 22
2644 31 1
2645 16 0
2646 6 3
2647 24 17
2648 28 20
2649 30 20
2650 5 27
2651 18 3
2652 24 22
2653 15 7
2654 10 28
2655 5 21
2656 30 29
2657 11 0
2658 1 19
2659 31 29
2660 18 30
2661 31 23
2662 22 15
2663 4 30
2664 26 26
2665 8 9
2666 31 20
2667 29 3
2668 5 7
2669 28 15
2670 4 7
2671 25 28
2672 31 15
2673 10 24
2674 5 22
2675 13 3
2676 2 18
2677 6 31
2678 30 29
2679 22 20
2680 12 0
2681 22 25
2682 1 30
2683 8 29
2684 30 1
2685 18 4
2686 7 25
2687 18 27
2688 10 15
2689 7 31
2690 1 7
2691 20 7
2692 24 21
2693 6 27
2694 1 2
2695 20 19
2696 2 22
2697 16 7
2698 17 10
2699 18 6
2700 15 26
2701 26 1
2702 21 7
2703 6 31
2704 14 3
2705 18 3
2706 28 7
2707 5 30
2708 15 7
2709 19 0
2710 16 7
2711 2 17
2712 1 14
2713 16 14
2714 24 22
2715 1 18
2716 28 3
2717 12 15
2718 1 15
2719 10 0
2720 17 0
2721 29 4
2722 18 18
2723 2 7
2724 14 17
2725 15 24
2726 10 20
2727 28 28
2728 4 4
2729 14 16
2730 10 21
2731 3 15
2732 5 21
2733 25 26
2734 23 15
2735 20 2
2736 21 5
2737 11 28
2738 7 31
2739 22 23
2740 24 28
2741 8 10
2742 27 20
2743 31 21
2744 8 9
2745 20 13
2746 8 10
2747 10 20
2748 1 14
2749 17 22
2750 28 16
2751 19 11
2752 24 16
2753 21 9
2754 8 9
2755 13 21
2756 10 13
2757 29 28
2758 18 28
2759 20 11
2760 10 21
2761 1 15
2762 24 17
2763 27 9
2764 31 8
2765 12 4
2766 16 12
2767 31 1
2768 27 3
2769 8 1
2770 15 7
2771 19 2
2772 4 30
2773 28 6
2774 29 5
2775 5 9
2776 28 7
2777 21 23
2778 10 28
2779 25 4
2780 15 0
2781 13 0
2782 30 1
2783 24 20
2784 22 23
2785 0 4
2786 17 12
2787 2 21
2788 22 1
2789 1 7
2790 31 20
2791 22 3
2792 12 0
2793 11 4
2794 16 4
2795 22 26
2796 16 26
2797 8 2
2798 21 23
2799 13 22
2800 9 0
2801 9 13
2802 17 30
2803 26 20
2804 9 25
2805 4 20
2806 25 22
2807 5 30
2808 26 4
2809 19 11
2810 11 24
2811 30 6
2812 18 22
2813 14 0
2814 16 12
2815 10 13
2816 16 3
2817 9 13
2818 31 21
2819 16 7
2820 17 12
2821 19 6
2822 5 4
2823 17 9
2824 22 25
2825 31 24
2826 18 27
2827 20 9
2828 0 26
2829 9 24
2830 13 3
2831 16 4
2832 25 4
2833 24 21
2834 18 19
2835 2 30
2836 0 27
2837 25 28
2838 1 14
2839 14 9
2840 31 22
2841 1 15
2842 31 29
2843 4 31
2844 15 9
2845 24 28
2846 11 0
2847 11 28
2848 20 26
2849 6 31
2850 12 16
2851 9 25
2852 10 20
2853 18 0
2854 10 13
2855 10 24
2856 31 21
2857 5 28
2858 31 23
2859 16 24
2860 0 26
2861 25 28
2862 5 7
2863 30 8
2864 22 26
2865 31 8
2866 26 22
2867 10 21
2868 30 8
2869 3 20
2870 10 28
2871 8 30
2872 5 23
2873 25 13
2874 31 22
2875 26 9
2876 30 15
2877 2 7
2878 7 3
2879 4 20
2880 26 4
2881 15 7
2882 28 6
2883 16 13
2884 31 6
2885 14 30
2886 12 23
2887 12 15
2888 5 3
2889 22 5
2890 16 7
2891 28 7
2892 14 17
2893 20 7
2894 15 26
2895 3 21
2896 6 21
2897 14 9
2898 31 1
2899 25 20
2900 6 26
2901 21 19
2902 22 21
2903 25 6
2904 19 0
2905 14 3
2906 11 28
2907 22 0
2908 23 3
2909 28 3
2910 4 23
2911 31 15
2912 22 23
2913 23 7
2914 4 15
2915 5 23
2916 4 7
2917 17 5
2918 7 31
2919 6 31
2920 25 5
2921 30 6
2922 5 7
2923 10 28
2924 27 9
2925 27 4
2926 30 29
2927 0 27
2928 13 0
2929 17 10
2930 19 26
2931 11 23
2932 24 28
2933 13 3
2934 26 4
2935 28 15
2936 4 23
2937 27 4
2938 17 4
2939 20 2
2940 22 25
2941 19 13
2942 14 0
2943 20 19
2944 22 3
2945 26 26
2946 16 28
2947 20 26
2948 20 11
2949 5 23
2950 1 7
2951 18 18
2952 22 1
2953 16 12
2954 1 14
2955 21 5
2956 7 31
2957 21 27
2958 3 15
2959 27 1
2960 18 6
2961 14 29
2962 5 20
2963 15 29
2964 13 21
2965 26 4
2966 7 24
2967 11 24
2968 14 16
2969 26 20
2970 18 0
2971 25 6
2972 30 1
2973 7 4
2974 1 19
2975 19 3
2976 14 3
2977 12 16
2978 15 24
2979 21 23
2980 7 25
2981 1 4
2982 13 0
2983 18 30
2984 16 24
2985 25 20
2986 2 21
2987 16 27
2988 7 24
2989 22 5
2990 26 20
2991 23 6
2992 5 21
2993 9 24
2994 22 0
2995 8 1
2996 12 15
2997 0 4
2998 26 9
2999 21 28
3000 17 30
3001 29 4
3002 1 15
3003 1 4
3004 7 25
3005 2 7
3006 29 5
3007 4 15
3008 31 6
3009 13 22
3010 17 5
3011 13 3
3012 23 7
3013 24 22
3014 15 9
3015 31 29
3016 18 28
3017 14 26
3018 9 1
3019 9 15
3020 11 28
3021 19 0
3022 5 29
3023 10 0
3024 14 0
3025 17 4
3026 30 29
3027 27 11
3028 9 13
3029 29 4
3030 19 6
3031 16 26
3032 17 12
3033 12 16
3034 18 6
3035 1 14
3036 21 5
3037 22 5
3038 21 7
3039 22 15
3040 16 27
3041 15 26
3042 10 20
3043 3 15
3044 14 17
3045 22 4
3046 16 26
3047 13 21
3048 29 5
3049 3 31
3050 4 15
3051 13 22
3052 12 15
3053 4 7
3054 26 23
3055 22 3
3056 14 29
3057 4 23
3058 19 6
3059 22 20
3060 10 28
3061 10 24
3062 17 5
3063 4 31
3064 15 7
3065 5 4
3066 1 30
3067 13 0
3068 25 4
3069 18 0
3070 25 5
3071 22 4
# colocadas=3072 ocupadas=100 mayor=223
