0 0 0
1 0 31
2 31 0
3 31 31
4 0 2
5 0 4
6 0 6
7 0 8
8 0 10
9 0 12
10 0 30
11 0 14
12 0 16
13 0 18
14 0 20
15 0 22
16 30 31
17 0 24
18 0 26
19 0 28
20 1 31
21 31 31
22 2 0
23 1 22
24 1 6
25 3 31
26 4 0
27 5 31
28 6 0
29 7 31
30 8 0
31 9 0
32 9 31
33 11 0
34 1 16
35 11 31
36 13 0
37 13 31
38 15 0
39 1 12
40 15 31
41 17 0
42 17 31
43 15 1
44 19 0
45 19 31
46 0 12
47 21 0
48 1 28
49 21 31
50 8 0
51 11 30
52 23 0
53 1 2
54 24 0
55 23 31
56 25 31
57 0 22
58 26 0
59 27 31
60 28 0
61 29 31
62 31 2
63 21 30
64 31 3
65 1 22
66 26 1
67 4 1
68 31 5
69 31 7
70 31 9
71 31 11
72 31 13
73 31 15
74 31 17
75 31 19
76 22 0
77 0 22
78 31 21
79 30 0
80 0 1
81 31 1
82 31 23
83 31 25
84 31 27
85 0 15
86 3 30
87 30 23
88 31 29
89 1 9
90 1 11
91 31 24
92 14 0
93 1 13
94 1 19
95 2 19
96 31 22
97 1 21
98 30 31
99 1 23
100 1 25
101 2 3
102 1 17
103 31 25
104 0 14
105 2 25
106 2 21
107 0 11
108 9 0
109 25 30
110 2 11
111 0 25
112 1 20
113 2 18
114 16 0
115 0 16
116 1 15
117 5 0
118 7 0
119 30 5
120 2 10
121 0 7
122 1 12
123 4 0
124 2 5
125 1 8
126 2 7
127 29 23
128 2 13
129 31 30
130 9 1
131 2 16
132 2 27
133 2 29
134 3 16
135 21 31
136 1 24
137 0 15
138 0 6
139 2 23
140 3 2
141 25 31
142 3 4
143 31 24
144 12 31
145 17 30
146 31 0
147 21 0
148 0 20
149 5 0
150 18 31
151 31 20
152 3 25
153 30 15
154 19 31
155 2 15
156 22 0
157 31 5
158 1 19
159 1 9
160 10 0
161 30 1
162 14 31
163 2 11
164 10 31
165 12 0
166 8 0
167 31 15
168 3 18
169 0 27
170 7 0
171 16 31
172 31 29
173 1 3
174 27 30
175 4 16
176 12 1
177 25 0
178 15 2
179 12 0
180 2 2
181 1 16
182 28 31
183 31 19
184 1 0
185 30 13
186 1 8
187 14 30
188 4 0
189 30 17
190 0 3
191 1 6
192 0 28
193 12 1
194 26 31
195 1 26
196 31 12
197 3 13
198 8 31
199 2 9
200 0 9
201 1 10
202 0 26
203 2 17
204 26 2
205 3 6
206 31 30
207 31 14
208 1 27
209 6 0
210 3 23
211 25 31
212 23 30
213 13 31
214 9 31
215 29 13
216 31 31
217 30 0
218 17 29
219 28 13
220 23 31
221 12 31
222 8 0
223 3 0
224 31 17
225 2 19
226 3 8
227 0 8
228 2 0
229 1 23
230 1 17
231 21 0
232 30 7
233 5 0
234 23 0
235 31 21
236 7 0
237 1 5
238 1 26
239 2 24
240 23 30
241 31 1
242 0 13
243 31 0
244 13 31
245 1 20
246 31 29
247 15 31
248 17 31
249 3 22
250 0 20
251 31 7
252 1 7
253 12 0
254 0 0
255 3 16
256 30 5
257 2 8
258 0 5
259 30 0
260 1 14
261 23 1
262 3 26
263 1 8
264 0 31
265 24 31
266 7 31
267 31 11
268 10 31
269 30 29
270 31 0
271 4 16
272 2 17
273 0 4
274 27 13
275 0 8
276 14 29
277 0 29
278 1 21
279 31 13
280 28 23
281 12 1
282 3 25
283 11 29
284 31 5
285 2 4
286 3 2
287 25 31
288 24 31
289 23 0
290 3 27
291 10 29
292 0 12
293 31 26
294 1 0
295 9 31
296 27 23
297 30 1
298 12 31
299 2 3
300 2 5
301 0 23
302 30 19
303 0 13
304 30 0
305 0 10
306 26 31
307 10 31
308 31 19
309 31 29
310 1 3
311 2 7
312 3 9
313 12 0
314 4 0
315 30 31
316 23 31
317 9 29
318 31 28
319 0 16
320 0 6
321 1 16
322 2 27
323 4 18
324 0 19
325 30 26
326 18 0
327 3 17
328 4 19
329 16 1
330 0 3
331 2 18
332 25 31
333 12 1
334 3 10
335 4 6
336 9 31
337 30 9
338 2 1
339 26 31
340 0 12
341 2 0
342 12 0
343 19 30
344 0 30
345 27 29
346 31 0
347 1 20
348 30 19
349 4 31
350 26 23
351 1 13
352 13 29
353 0 21
354 31 2
355 24 31
356 0 14
357 1 9
358 1 7
359 1 29
360 2 9
361 2 2
362 20 0
363 0 22
364 31 14
365 8 1
366 1 24
367 3 0
368 27 0
369 1 28
370 2 14
371 8 29
372 1 9
373 16 0
374 29 0
375 28 30
376 31 10
377 0 11
378 30 0
379 12 1
380 31 8
381 5 0
382 31 11
383 31 10
384 2 24
385 27 1
386 3 8
387 23 31
388 26 29
389 26 13
390 4 8
391 29 9
392 31 13
393 0 20
394 12 0
395 0 2
396 4 10
397 3 9
398 31 12
399 31 3
400 1 19
401 21 0
402 10 31
403 2 0
404 0 4
405 30 10
406 2 9
407 4 15
408 25 13
409 31 11
410 3 10
411 1 22
412 1 10
413 0 16
414 0 5
415 0 7
416 25 29
417 31 23
418 2 15
419 0 8
420 3 3
421 5 31
422 3 1
423 26 0
424 12 1
425 0 28
426 2 17
427 31 31
428 1 15
429 9 0
430 0 7
431 13 31
432 10 0
433 0 24
434 9 31
435 1 4
436 31 7
437 12 31
438 4 31
439 0 31
440 31 19
441 3 26
442 24 29
443 31 16
444 24 13
445 3 0
446 2 12
447 31 12
448 29 31
449 3 6
450 0 6
451 0 8
452 2 8
453 31 26
454 0 21
455 30 21
456 3 7
457 3 19
458 3 9
459 27 30
460 0 0
461 3 16
462 2 16
463 2 7
464 24 31
465 0 17
466 0 3
467 3 16
468 5 8
469 16 29
470 0 29
471 19 0
472 25 23
473 2 15
474 1 15
475 0 28
476 31 25
477 1 16
478 0 15
479 10 31
480 24 0
481 1 21
482 31 30
483 8 2
484 1 12
485 31 1
486 14 31
487 5 31
488 1 5
489 31 9
490 2 4
491 16 31
492 1 14
493 30 3
494 0 5
495 18 31
496 3 14
497 17 31
498 1 4
499 14 30
500 31 31
501 0 14
502 1 23
503 31 30
504 18 0
505 8 0
506 25 2
507 0 6
508 3 17
509 0 23
510 14 31
511 3 25
512 2 5
513 19 31
514 4 31
515 4 8
516 4 1
517 20 0
518 2 8
519 11 0
520 6 0
521 28 31
522 5 8
523 12 29
524 24 2
525 2 7
526 0 19
527 7 29
528 0 5
529 2 31
530 14 2
531 27 29
532 22 30
533 31 11
534 2 11
535 3 13
536 28 9
537 1 29
538 26 30
539 16 1
540 31 27
541 0 16
542 0 27
543 20 31
544 9 0
545 1 15
546 3 11
547 22 31
548 31 18
549 17 30
550 2 10
551 0 24
552 24 23
553 31 4
554 0 7
555 2 8
556 31 12
557 0 28
558 2 15
559 2 4
560 1 7
561 0 25
562 31 19
563 4 9
564 18 30
565 18 31
566 0 2
567 5 0
568 3 9
569 31 6
570 17 31
571 27 31
572 11 31
573 2 18
574 0 10
575 23 0
576 29 3
577 0 6
578 13 0
579 18 31
580 2 5
581 6 29
582 0 22
583 23 23
584 9 31
585 2 7
586 1 31
587 28 3
588 30 25
589 1 17
590 0 17
591 0 26
592 5 29
593 17 31
594 2 0
595 28 31
596 3 0
597 0 3
598 8 0
599 6 0
600 0 5
601 31 11
602 6 31
603 4 14
604 19 31
605 1 16
606 2 14
607 4 9
608 4 11
609 31 3
610 31 15
611 0 16
612 0 17
613 0 30
614 27 3
615 27 9
616 29 10
617 17 30
618 3 12
619 0 21
620 27 28
621 0 23
622 22 0
623 15 0
624 31 18
625 5 0
626 26 3
627 3 31
628 25 3
629 1 26
630 20 31
631 0 16
632 22 30
633 17 31
634 16 2
635 28 10
636 31 21
637 4 29
638 4 13
639 31 8
640 17 0
641 6 0
642 2 0
643 2 4
644 12 2
645 31 0
646 22 23
647 1 6
648 2 22
649 0 20
650 0 31
651 1 0
652 0 17
653 2 31
654 4 28
655 26 9
656 27 31
657 3 29
658 0 7
659 26 28
660 4 31
661 9 0
662 0 11
663 31 24
664 29 25
665 23 2
666 13 31
667 0 15
668 23 29
669 30 1
670 5 11
671 1 18
672 0 8
673 31 9
674 4 11
675 13 1
676 23 31
677 0 2
678 11 30
679 1 24
680 21 23
681 24 31
682 5 11
683 2 30
684 0 16
685 0 21
686 0 29
687 30 2
688 0 4
689 28 31
690 15 29
691 3 9
692 25 9
693 0 20
694 3 26
695 31 26
696 0 14
697 31 5
698 4 0
699 2 19
700 0 0
701 18 0
702 27 10
703 29 2
704 0 15
705 27 31
706 12 0
707 18 29
708 11 2
709 2 5
710 25 0
711 2 11
712 22 2
713 26 10
714 4 27
715 0 21
716 0 14
717 2 8
718 25 30
719 25 28
720 31 17
721 31 8
722 1 28
723 1 7
724 7 0
725 26 11
726 3 10
727 1 10
728 31 20
729 0 26
730 4 6
731 1 6
732 24 0
733 16 1
734 31 27
735 28 0
736 30 0
737 1 15
738 4 5
739 11 31
740 23 13
741 22 31
742 14 31
743 24 3
744 4 14
745 31 6
746 31 9
747 2 25
748 16 2
749 31 31
750 2 4
751 0 30
752 14 0
753 0 25
754 1 13
755 16 1
756 28 2
757 31 12
758 15 0
759 0 27
760 2 24
761 3 28
762 10 0
763 3 6
764 3 0
765 0 1
766 22 30
767 0 3
768 2 17
769 24 9
770 7 2
771 2 5
772 1 20
773 17 0
774 21 0
775 8 31
776 6 0
777 0 9
778 30 31
779 23 28
780 7 0
781 0 28
782 1 21
783 16 30
784 2 16
785 14 0
786 22 31
787 0 26
788 0 20
789 0 2
790 31 5
791 2 13
792 21 2
793 2 14
794 23 3
795 18 31
796 0 15
797 22 0
798 26 31
799 20 2
800 31 0
801 15 0
802 1 31
803 16 2
804 31 18
805 11 0
806 10 2
807 13 31
808 22 13
809 3 13
810 0 17
811 31 23
812 1 8
813 31 8
814 29 0
815 3 9
816 31 14
817 19 0
818 31 2
819 21 0
820 13 0
821 2 20
822 4 8
823 2 19
824 0 21
825 1 21
826 0 16
827 24 30
828 28 0
829 4 15
830 5 0
831 20 30
832 11 1
833 29 0
834 1 14
835 20 31
836 30 0
837 0 0
838 3 29
839 3 28
840 1 7
841 3 29
842 31 17
843 12 0
844 0 18
845 2 9
846 0 31
847 1 3
848 25 11
849 0 8
850 31 4
851 14 0
852 11 2
853 1 17
854 3 8
855 10 31
856 5 1
857 2 0
858 31 1
859 27 31
860 9 0
861 11 0
862 0 22
863 1 18
864 0 17
865 25 27
866 28 0
867 1 0
868 5 0
869 0 0
870 0 29
871 16 0
872 12 31
873 23 30
874 3 28
875 1 16
876 31 26
877 24 11
878 23 0
879 14 29
880 22 3
881 3 31
882 2 25
883 21 1
884 16 31
885 3 12
886 10 30
887 2 23
888 26 31
889 2 1
890 1 9
891 31 16
892 21 13
893 2 7
894 21 3
895 31 11
896 4 8
897 3 2
898 1 29
899 0 5
900 3 25
901 17 0
902 0 16
903 23 9
904 1 12
905 31 19
906 0 30
907 0 25
908 4 0
909 0 3
910 0 23
911 2 31
912 0 26
913 31 7
914 1 26
915 3 7
916 31 13
917 28 3
918 3 13
919 23 11
920 9 31
921 0 7
922 21 0
923 31 25
924 22 30
925 2 20
926 31 2
927 10 29
928 0 2
929 17 29
930 1 0
931 21 30
932 2 24
933 1 31
934 14 28
935 0 8
936 16 0
937 9 1
938 1 24
939 22 28
940 27 0
941 11 31
942 26 1
943 3 11
944 31 5
945 19 2
946 31 4
947 5 10
948 0 17
949 0 27
950 21 29
951 22 30
952 27 31
953 0 24
954 0 19
955 2 4
956 4 31
957 8 31
958 2 0
959 17 0
960 0 10
961 1 28
962 1 11
963 21 31
964 0 7
965 0 8
966 16 1
967 1 6
968 0 7
969 6 0
970 2 15
971 0 8
972 9 0
973 3 5
974 0 20
975 0 18
976 1 4
977 31 0
978 0 1
979 0 6
980 13 2
981 1 19
982 0 26
983 1 17
984 8 0
985 11 3
986 0 0
987 0 21
988 22 11
989 9 31
990 28 0
991 1 7
992 20 23
993 28 25
994 4 9
995 15 31
996 20 29
997 9 0
998 26 0
999 14 31
1000 0 11
1001 20 31
1002 5 27
1003 0 19
1004 31 6
1005 0 22
1006 2 4
1007 4 26
1008 7 0
1009 3 8
1010 6 2
1011 2 25
1012 0 20
1013 17 31
1014 13 28
1015 3 6
1016 2 13
1017 2 30
1018 22 9
1019 31 26
1020 30 4
1021 3 31
1022 31 3
1023 1 10
1024 2 17
1025 3 29
1026 3 28
1027 30 0
1028 1 17
1029 2 11
1030 0 18
1031 2 29
1032 21 1
1033 29 4
1034 4 28
1035 9 1
1036 0 17
1037 11 4
1038 20 13
1039 1 25
1040 10 0
1041 0 9
1042 12 2
1043 4 14
1044 10 3
1045 13 0
1046 26 31
1047 11 5
1048 16 0
1049 31 5
1050 10 5
1051 0 4
1052 8 31
1053 31 25
1054 31 14
1055 1 1
1056 9 3
1057 28 1
1058 2 30
1059 21 9
1060 31 13
1061 6 27
1062 31 22
1063 9 29
1064 8 1
1065 3 5
1066 18 0
1067 29 5
1068 5 11
1069 13 31
1070 3 27
1071 31 15
1072 2 8
1073 31 6
1074 2 9
1075 22 31
1076 2 2
1077 0 12
1078 2 8
1079 2 26
1080 2 9
1081 0 27
1082 0 1
1083 0 31
1084 31 0
1085 30 13
1086 31 21
1087 2 22
1088 1 11
1089 1 31
1090 30 0
1091 1 12
1092 22 30
1093 31 0
1094 2 8
1095 27 31
1096 21 28
1097 0 23
1098 3 13
1099 21 27
1100 12 0
1101 3 20
1102 20 3
1103 18 2
1104 2 12
1105 2 24
1106 2 17
1107 16 31
1108 2 20
1109 4 10
1110 1 0
1111 21 11
1112 15 1
1113 31 10
1114 1 9
1115 31 14
1116 23 31
1117 0 24
1118 4 15
1119 3 0
1120 28 5
1121 13 27
1122 27 3
1123 2 5
1124 11 29
1125 9 0
1126 21 30
1127 15 0
1128 31 18
1129 4 31
1130 19 13
1131 2 27
1132 5 12
1133 2 14
1134 0 29
1135 3 24
1136 22 0
1137 11 2
1138 0 11
1139 22 30
1140 4 12
1141 8 3
1142 0 5
1143 31 20
1144 31 9
1145 5 2
1146 0 8
1147 31 24
1148 5 12
1149 0 19
1150 4 25
1151 1 10
1152 31 15
1153 0 10
1154 3 27
1155 2 7
1156 10 2
1157 7 3
1158 0 2
1159 31 14
1160 3 11
1161 0 30
1162 4 9
1163 9 31
1164 14 0
1165 0 20
1166 0 18
1167 5 27
1168 16 29
1169 18 13
1170 4 13
1171 19 3
1172 1 11
1173 1 17
1174 17 0
1175 4 26
1176 3 31
1177 20 9
1178 0 11
1179 20 1
1180 0 7
1181 27 5
1182 28 0
1183 11 28
1184 26 5
1185 8 29
1186 2 15
1187 2 9
1188 16 0
1189 3 10
1190 17 13
1191 1 8
1192 5 31
1193 1 12
1194 0 17
1195 1 9
1196 31 5
1197 3 4
1198 8 31
1199 3 1
1200 6 0
1201 17 2
1202 26 31
1203 2 4
1204 2 1
1205 7 1
1206 6 31
1207 3 20
1208 31 15
1209 20 0
1210 2 21
1211 31 17
1212 31 19
1213 0 31
1214 25 0
1215 19 23
1216 16 2
1217 5 31
1218 2 19
1219 1 5
1220 6 27
1221 0 1
1222 31 13
1223 2 27
1224 1 26
1225 2 10
1226 4 20
1227 31 31
1228 0 26
1229 25 5
1230 0 9
1231 24 31
1232 20 11
1233 10 31
1234 14 1
1235 3 7
1236 7 29
1237 31 12
1238 1 18
1239 26 3
1240 3 2
1241 31 6
1242 7 31
1243 15 31
1244 3 19
1245 1 2
1246 5 1
1247 23 31
1248 0 23
1249 0 19
1250 4 2
1251 1 31
1252 0 31
1253 1 10
1254 0 14
1255 24 0
1256 0 6
1257 2 26
1258 0 0
1259 12 27
1260 19 0
1261 20 27
1262 3 28
1263 19 27
1264 0 27
1265 2 31
1266 5 2
1267 19 11
1268 0 20
1269 1 21
1270 11 0
1271 18 11
1272 1 1
1273 8 0
1274 16 31
1275 31 2
1276 4 16
1277 30 31
1278 30 17
1279 0 15
1280 9 5
1281 5 27
1282 3 6
1283 2 8
1284 31 11
1285 31 5
1286 0 10
1287 17 0
1288 1 29
1289 4 21
1290 1 8
1291 3 0
1292 3 9
1293 2 3
1294 18 27
1295 27 0
1296 15 29
1297 3 16
1298 24 5
1299 5 11
1300 0 21
1301 0 19
1302 0 3
1303 31 18
1304 15 31
1305 31 4
1306 18 3
1307 2 14
1308 2 6
1309 30 2
1310 5 1
1311 24 31
1312 2 24
1313 17 3
1314 23 31
1315 1 16
1316 21 30
1317 2 7
1318 3 29
1319 23 5
1320 1 26
1321 3 24
1322 4 6
1323 3 5
1324 0 2
1325 10 28
1326 29 17
1327 13 1
1328 2 19
1329 31 14
1330 28 17
1331 5 0
1332 0 24
1333 16 13
1334 26 0
1335 31 3
1336 3 30
1337 2 0
1338 2 25
1339 2 28
1340 3 26
1341 31 31
1342 8 31
1343 29 2
1344 30 31
1345 1 4
1346 2 23
1347 2 8
1348 3 2
1349 6 3
1350 11 27
1351 2 20
1352 20 0
1353 2 16
1354 15 0
1355 31 31
1356 1 25
1357 0 5
1358 19 0
1359 4 27
1360 4 7
1361 4 2
1362 8 5
1363 19 9
1364 1 15
1365 3 2
1366 2 13
1367 11 26
1368 17 27
1369 4 28
1370 22 31
1371 19 31
1372 31 2
1373 20 0
1374 10 26
1375 4 11
1376 4 0
1377 10 0
1378 17 4
1379 23 31
1380 7 5
1381 3 0
1382 0 12
1383 31 12
1384 31 15
1385 0 8
1386 4 31
1387 5 1
1388 14 0
1389 6 5
1390 19 0
1391 1 6
1392 1 8
1393 9 26
1394 30 0
1395 1 9
1396 2 30
1397 1 8
1398 31 11
1399 5 0
1400 15 0
1401 31 0
1402 31 8
1403 1 9
1404 30 31
1405 1 23
1406 2 24
1407 4 1
1408 0 11
1409 5 5
1410 5 4
1411 31 3
1412 6 29
1413 11 0
1414 24 1
1415 3 21
1416 15 2
1417 4 27
1418 7 2
1419 11 31
1420 31 23
1421 10 0
1422 22 5
1423 31 31
1424 18 23
1425 31 14
1426 4 29
1427 7 0
1428 3 30
1429 31 17
1430 27 25
1431 1 0
1432 28 2
1433 13 30
1434 3 29
1435 27 2
1436 4 29
1437 1 14
1438 25 31
1439 10 31
1440 31 22
1441 0 20
1442 0 1
1443 18 31
1444 30 31
1445 31 10
1446 2 19
1447 0 29
1448 13 0
1449 9 0
1450 2 4
1451 31 7
1452 0 0
1453 21 31
1454 26 31
1455 30 0
1456 17 11
1457 3 24
1458 2 26
1459 24 0
1460 6 28
1461 3 26
1462 9 2
1463 14 2
1464 6 0
1465 5 31
1466 9 28
1467 16 11
1468 15 11
1469 27 0
1470 0 10
1471 21 0
1472 2 12
1473 25 3
1474 19 29
1475 2 8
1476 12 0
1477 4 0
1478 23 0
1479 18 9
1480 3 6
1481 31 21
1482 18 29
1483 17 1
1484 2 13
1485 0 16
1486 5 28
1487 2 7
1488 0 18
1489 0 6
1490 2 8
1491 4 9
1492 3 27
1493 5 0
1494 11 31
1495 2 24
1496 0 15
1497 0 9
1498 5 7
1499 31 31
1500 1 2
1501 0 22
1502 4 7
1503 16 27
1504 11 0
1505 3 20
1506 3 3
1507 14 31
1508 18 0
1509 0 28
1510 2 23
1511 24 0
1512 5 2
1513 0 26
1514 1 19
1515 1 1
1516 2 20
1517 1 27
1518 4 0
1519 31 16
1520 1 17
1521 3 24
1522 0 23
1523 2 12
1524 9 3
1525 4 1
1526 3 31
1527 15 31
1528 17 9
1529 26 0
1530 3 29
1531 8 28
1532 4 4
1533 8 0
1534 2 2
1535 31 17
1536 6 4
1537 2 15
1538 31 6
1539 20 31
1540 7 1
1541 0 7
1542 27 0
1543 31 0
1544 10 0
1545 13 31
1546 1 11
1547 31 16
1548 4 31
1549 30 31
1550 1 0
1551 3 13
1552 0 11
1553 1 3
1554 4 0
1555 2 14
1556 23 0
1557 26 0
1558 1 24
1559 0 30
1560 6 3
1561 20 0
1562 3 9
1563 4 30
1564 0 3
1565 2 15
1566 1 16
1567 9 0
1568 3 14
1569 12 0
1570 21 31
1571 10 31
1572 1 18
1573 14 0
1574 10 1
1575 1 13
1576 7 2
1577 4 27
1578 25 0
1579 3 12
1580 1 8
1581 24 31
1582 0 31
1583 14 29
1584 16 9
1585 0 14
1586 2 12
1587 15 0
1588 0 16
1589 3 13
1590 2 26
1591 0 19
1592 15 27
1593 23 31
1594 13 2
1595 31 2
1596 1 25
1597 3 1
1598 1 4
1599 1 11
1600 12 2
1601 1 16
1602 2 14
1603 14 27
1604 15 13
1605 0 21
1606 3 31
1607 31 20
1608 0 2
1609 17 23
1610 2 9
1611 3 25
1612 26 0
1613 3 27
1614 3 5
1615 17 29
1616 2 19
1617 7 1
1618 4 2
1619 21 0
1620 0 20
1621 14 13
1622 2 5
1623 17 31
1624 27 17
1625 2 29
1626 31 5
1627 31 17
1628 2 22
1629 31 13
1630 0 24
1631 24 3
1632 4 28
1633 13 29
1634 0 1
1635 8 3
1636 4 13
1637 3 15
1638 8 0
1639 20 0
1640 13 13
1641 5 2
1642 13 27
1643 31 12
1644 31 13
1645 11 0
1646 2 0
1647 31 19
1648 1 10
1649 0 15
1650 8 2
1651 31 3
1652 3 11
1653 12 29
1654 12 0
1655 1 11
1656 2 16
1657 10 0
1658 1 16
1659 3 13
1660 31 12
1661 19 31
1662 2 31
1663 14 11
1664 0 2
1665 31 20
1666 4 27
1667 11 29
1668 5 28
1669 26 17
1670 22 0
1671 5 29
1672 2 27
1673 21 5
1674 7 31
1675 3 5
1676 20 5
1677 0 8
1678 3 31
1679 31 19
1680 31 20
1681 26 25
1682 5 0
1683 2 26
1684 1 20
1685 31 19
1686 13 11
1687 1 21
1688 1 24
1689 4 1
1690 2 20
1691 1 14
1692 0 19
1693 4 13
1694 23 3
1695 1 2
1696 2 19
1697 2 13
1698 3 8
1699 3 7
1700 24 27
1701 2 20
1702 16 31
1703 31 13
1704 8 26
1705 7 28
1706 15 9
1707 1 7
1708 31 2
1709 11 2
1710 1 12
1711 10 29
1712 12 11
1713 31 16
1714 4 6
1715 9 31
1716 12 13
1717 0 17
1718 10 31
1719 2 3
1720 31 9
1721 18 31
1722 14 9
1723 16 1
1724 0 30
1725 2 1
1726 6 31
1727 0 16
1728 5 6
1729 0 18
1730 0 11
1731 2 27
1732 25 25
1733 31 4
1734 1 27
1735 3 8
1736 1 9
1737 2 12
1738 1 19
1739 23 27
1740 0 14
1741 2 5
1742 31 5
1743 25 31
1744 16 30
1745 3 4
1746 13 9
1747 31 8
1748 3 13
1749 0 9
1750 11 11
1751 9 0
1752 4 6
1753 2 15
1754 10 2
1755 24 25
1756 25 0
1757 20 31
1758 3 7
1759 7 0
1760 31 31
1761 16 31
1762 1 10
1763 7 26
1764 0 12
1765 31 7
1766 1 8
1767 25 17
1768 16 29
1769 2 27
1770 0 8
1771 17 31
1772 3 15
1773 3 20
1774 2 6
1775 2 0
1776 0 7
1777 24 0
1778 26 2
1779 6 1
1780 3 28
1781 0 15
1782 13 0
1783 22 31
1784 2 30
1785 25 2
1786 2 2
1787 6 28
1788 15 29
1789 14 31
1790 15 31
1791 3 10
1792 4 2
1793 17 0
1794 12 9
1795 30 31
1796 24 17
1797 1 12
1798 6 27
1799 0 4
1800 9 31
1801 4 5
1802 17 30
1803 2 8
1804 2 23
1805 3 1
1806 5 1
1807 1 0
1808 0 23
1809 2 7
1810 2 0
1811 9 1
1812 0 6
1813 0 10
1814 31 18
1815 1 17
1816 0 3
1817 2 10
1818 5 28
1819 22 1
1820 8 0
1821 1 7
1822 0 27
1823 30 0
1824 2 13
1825 1 9
1826 0 9
1827 3 10
1828 31 31
1829 12 31
1830 0 22
1831 5 29
1832 1 3
1833 1 27
1834 2 31
1835 0 16
1836 0 15
1837 12 27
1838 3 0
1839 31 4
1840 16 2
1841 0 3
1842 2 10
1843 2 4
1844 6 28
1845 1 10
1846 1 3
1847 23 31
1848 7 2
1849 2 0
1850 0 17
1851 30 31
1852 0 31
1853 7 0
1854 18 0
1855 2 5
1856 16 30
1857 4 26
1858 0 20
1859 8 0
1860 11 0
1861 5 31
1862 14 31
1863 0 2
1864 11 31
1865 21 0
1866 21 31
1867 24 2
1868 1 5
1869 20 0
1870 2 22
1871 26 0
1872 0 23
1873 0 19
1874 11 9
1875 6 26
1876 0 30
1877 16 23
1878 20 31
1879 2 9
1880 31 19
1881 4 27
1882 9 0
1883 23 25
1884 11 1
1885 15 23
1886 9 29
1887 17 0
1888 2 12
1889 4 4
1890 0 10
1891 17 31
1892 12 0
1893 1 25
1894 2 27
1895 11 27
1896 4 29
1897 4 26
1898 10 9
1899 18 31
1900 5 3
1901 1 2
1902 4 13
1903 3 6
1904 3 10
1905 0 22
1906 1 9
1907 10 0
1908 3 24
1909 11 13
1910 2 28
1911 3 28
1912 2 10
1913 3 5
1914 25 2
1915 19 5
1916 26 31
1917 0 11
1918 1 24
1919 0 7
1920 9 2
1921 6 1
1922 0 9
1923 3 2
1924 2 23
1925 0 28
1926 9 0
1927 1 8
1928 31 31
1929 0 20
1930 1 10
1931 31 6
1932 0 10
1933 22 0
1934 16 31
1935 2 3
1936 3 30
1937 6 0
1938 18 30
1939 0 8
1940 3 25
1941 0 27
1942 0 25
1943 19 0
1944 10 1
1945 31 0
1946 10 0
1947 4 2
1948 2 25
1949 3 13
1950 13 31
1951 6 3
1952 9 9
1953 2 21
1954 0 9
1955 22 27
1956 1 1
1957 5 4
1958 17 1
1959 2 29
1960 31 15
1961 0 5
1962 31 7
1963 3 4
1964 2 2
1965 1 16
1966 0 1
1967 3 11
1968 2 10
1969 10 13
1970 1 4
1971 3 0
1972 10 11
1973 3 19
1974 0 24
1975 18 0
1976 3 25
1977 18 31
1978 8 1
1979 0 19
1980 5 28
1981 21 31
1982 15 2
1983 1 26
1984 8 9
1985 1 21
1986 0 31
1987 25 31
1988 0 20
1989 1 11
1990 6 25
1991 1 9
1992 14 2
1993 0 25
1994 31 16
1995 31 6
1996 11 1
1997 20 31
1998 2 9
1999 2 22
2000 5 25
2001 2 5
2002 9 0
2003 31 18
2004 14 31
2005 31 7
2006 0 30
2007 30 0
2008 3 10
2009 14 23
2010 3 18
2011 5 5
2012 9 11
2013 8 31
2014 4 5
2015 16 4
2016 13 31
2017 2 21
2018 9 3
2019 0 4
2020 0 24
2021 18 5
2022 31 19
2023 17 5
2024 2 18
2025 2 15
2026 4 30
2027 0 2
2028 2 26
2029 0 28
2030 21 31
2031 23 17
2032 3 11
2033 31 0
2034 1 23
2035 9 13
2036 0 9
2037 0 11
2038 2 10
2039 24 2
2040 0 19
2041 5 24
2042 8 11
2043 3 14
2044 21 27
2045 0 26
2046 4 24
2047 22 3
2048 5 29
2049 1 24
2050 6 29
2051 1 0
2052 1 29
2053 2 13
2054 16 1
2055 1 4
2056 22 25
2057 7 30
2058 23 2
2059 0 27
2060 0 23
2061 10 1
2062 5 29
2063 1 11
2064 2 28
2065 31 18
2066 1 1
2067 7 11
2068 30 2
2069 1 20
2070 1 13
2071 3 3
2072 10 27
2073 0 18
2074 0 16
2075 20 0
2076 7 0
2077 10 31
2078 17 6
2079 31 12
2080 1 31
2081 27 0
2082 5 3
2083 0 11
2084 6 29
2085 22 17
2086 0 6
2087 31 15
2088 13 23
2089 17 0
2090 3 7
2091 0 15
2092 2 8
2093 4 1
2094 7 9
2095 21 17
2096 7 31
2097 2 23
2098 4 28
2099 2 12
2100 31 17
2101 10 2
2102 0 3
2103 18 0
2104 1 17
2105 2 4
2106 3 5
2107 1 26
2108 14 0
2109 30 0
2110 4 5
2111 3 23
2112 0 19
2113 20 27
2114 23 30
2115 15 0
2116 15 4
2117 19 31
2118 0 4
2119 24 31
2120 2 25
2121 11 0
2122 5 2
2123 0 7
2124 21 3
2125 0 8
2126 0 25
2127 0 31
2128 1 10
2129 0 12
2130 5 28
2131 10 1
2132 12 0
2133 2 19
2134 9 27
2135 2 5
2136 1 23
2137 1 11
2138 0 6
2139 31 3
2140 3 25
2141 6 31
2142 29 2
2143 22 30
2144 11 0
2145 0 24
2146 0 11
2147 23 31
2148 31 6
2149 2 25
2150 14 0
2151 12 23
2152 4 11
2153 0 29
2154 1 0
2155 5 3
2156 25 0
2157 2 1
2158 31 5
2159 0 20
2160 6 2
2161 18 31
2162 24 0
2163 28 2
2164 8 27
2165 24 31
2166 26 0
2167 2 9
2168 2 16
2169 0 21
2170 4 29
2171 1 20
2172 19 31
2173 13 0
2174 31 6
2175 3 25
2176 31 2
2177 4 2
2178 2 22
2179 5 1
2180 20 31
2181 2 21
2182 1 1
2183 8 2
2184 1 8
2185 0 8
2186 8 31
2187 20 17
2188 1 30
2189 5 4
2190 3 10
2191 5 31
2192 0 28
2193 24 1
2194 3 29
2195 20 3
2196 7 27
2197 21 25
2198 20 1
2199 6 11
2200 0 3
2201 0 4
2202 0 10
2203 13 2
2204 0 5
2205 1 3
2206 22 2
2207 4 12
2208 7 31
2209 0 29
2210 20 0
2211 6 9
2212 16 0
2213 2 24
2214 3 6
2215 0 9
2216 5 9
2217 11 31
2218 2 8
2219 1 28
2220 2 31
2221 12 2
2222 2 30
2223 3 15
2224 10 2
2225 11 23
2226 4 28
2227 0 11
2228 30 31
2229 10 31
2230 1 12
2231 2 11
2232 23 31
2233 2 2
2234 0 3
2235 31 11
2236 7 30
2237 21 31
2238 1 15
2239 19 27
2240 3 31
2241 5 28
2242 31 0
2243 4 27
2244 0 16
2245 0 22
2246 12 31
2247 6 3
2248 6 2
2249 1 25
2250 4 10
2251 0 20
2252 1 0
2253 9 4
2254 4 0
2255 31 3
2256 2 4
2257 6 0
2258 15 31
2259 5 11
2260 1 14
2261 3 13
2262 1 1
2263 20 1
2264 0 25
2265 30 0
2266 10 1
2267 31 10
2268 1 0
2269 3 8
2270 3 5
2271 4 6
2272 2 5
2273 13 31
2274 0 24
2275 0 10
2276 10 23
2277 2 18
2278 1 20
2279 14 4
2280 3 28
2281 6 31
2282 31 18
2283 5 27
2284 6 3
2285 4 4
2286 9 31
2287 14 29
2288 6 11
2289 16 31
2290 3 26
2291 5 12
2292 18 31
2293 2 19
2294 14 0
2295 3 29
2296 3 0
2297 0 12
2298 1 11
2299 10 2
2300 21 0
2301 3 2
2302 0 26
2303 2 18
2304 16 1
2305 31 2
2306 2 22
2307 1 2
2308 4 25
2309 1 30
2310 0 23
2311 0 28
2312 0 2
2313 3 6
2314 5 8
2315 5 31
2316 7 26
2317 21 2
2318 4 0
2319 2 2
2320 5 3
2321 1 21
2322 2 21
2323 0 6
2324 1 20
2325 2 13
2326 31 31
2327 2 31
2328 20 31
2329 31 9
2330 21 31
2331 4 12
2332 2 22
2333 4 28
2334 20 25
2335 0 18
2336 23 0
2337 13 4
2338 2 29
2339 31 14
2340 31 17
2341 0 5
2342 3 10
2343 31 1
2344 12 4
2345 5 29
2346 6 1
2347 5 26
2348 3 31
2349 11 4
2350 6 3
2351 1 9
2352 4 5
2353 0 25
2354 1 2
2355 31 13
2356 0 30
2357 6 31
2358 16 0
2359 3 28
2360 3 11
2361 2 12
2362 31 5
2363 22 29
2364 19 3
2365 4 3
2366 1 31
2367 1 3
2368 1 26
2369 24 2
2370 3 14
2371 3 13
2372 3 4
2373 8 4
2374 3 10
2375 5 7
2376 2 19
2377 12 1
2378 3 1
2379 3 14
2380 1 24
2381 15 31
2382 0 7
2383 13 29
2384 2 25
2385 19 1
2386 0 9
2387 0 27
2388 12 2
2389 0 28
2390 31 8
2391 6 4
2392 16 6
2393 17 31
2394 2 8
2395 4 8
2396 0 31
2397 3 2
2398 7 2
2399 4 29
2400 0 11
2401 12 29
2402 19 25
2403 7 29
2404 11 31
2405 3 1
2406 24 0
2407 3 13
2408 0 21
2409 12 1
2410 0 24
2411 0 19
2412 3 2
2413 2 28
2414 1 11
2415 0 6
2416 0 11
2417 5 11
2418 0 26
2419 3 24
2420 29 0
2421 2 7
2422 1 18
2423 1 23
2424 18 31
2425 10 4
2426 1 15
2427 5 1
2428 3 1
2429 5 27
2430 17 0
2431 2 31
2432 2 21
2433 3 19
2434 1 14
2435 3 0
2436 23 2
2437 28 0
2438 5 25
2439 5 4
2440 0 5
2441 23 1
2442 16 1
2443 13 30
2444 0 4
2445 1 4
2446 19 0
2447 20 2
2448 8 31
2449 1 27
2450 4 27
2451 4 0
2452 24 31
2453 1 26
2454 3 2
2455 1 15
2456 6 26
2457 1 30
2458 3 14
2459 23 31
2460 2 19
2461 27 2
2462 3 31
2463 13 31
2464 26 1
2465 31 4
2466 16 0
2467 6 29
2468 10 5
2469 0 30
2470 3 19
2471 8 13
2472 3 23
2473 18 27
2474 4 9
2475 9 31
2476 31 12
2477 1 2
2478 5 27
2479 2 27
2480 31 3
2481 3 22
2482 3 7
2483 11 30
2484 27 0
2485 31 11
2486 9 23
2487 1 13
2488 31 4
2489 1 11
2490 8 29
2491 20 31
2492 1 31
2493 2 3
2494 6 4
2495 8 3
2496 5 10
2497 7 0
2498 8 28
2499 6 28
2500 0 8
2501 18 0
2502 0 2
2503 2 7
2504 31 10
2505 10 0
2506 31 3
2507 5 3
2508 20 1
2509 2 14
2510 0 15
2511 2 24
2512 21 31
2513 1 2
2514 22 0
2515 12 0
2516 14 1
2517 6 1
2518 0 11
2519 8 23
2520 31 0
2521 9 1
2522 8 31
2523 0 5
2524 5 0
2525 0 2
2526 10 31
2527 2 20
2528 1 25
2529 0 17
2530 8 0
2531 3 23
2532 5 31
2533 4 27
2534 2 22
2535 4 0
2536 1 3
2537 21 0
2538 28 0
2539 2 18
2540 5 27
2541 5 0
2542 17 27
2543 6 5
2544 4 4
2545 1 11
2546 12 31
2547 3 0
2548 6 2
2549 4 27
2550 1 15
2551 31 7
2552 6 31
2553 2 0
2554 5 31
2555 31 2
2556 7 0
2557 18 25
2558 1 27
2559 1 2
2560 9 5
2561 7 13
2562 7 23
2563 27 0
2564 5 6
2565 0 22
2566 2 11
2567 5 7
2568 31 16
2569 0 25
2570 30 0
2571 3 16
2572 28 0
2573 8 5
2574 6 13
2575 5 13
2576 27 0
2577 15 6
2578 2 25
2579 4 30
2580 0 31
2581 4 8
2582 0 6
2583 0 23
2584 1 21
2585 4 0
2586 10 3
2587 6 4
2588 20 31
2589 4 6
2590 5 1
2591 6 7
2592 0 20
2593 31 15
2594 30 31
2595 4 28
2596 4 3
2597 6 5
2598 0 26
2599 8 6
2600 31 31
2601 2 16
2602 5 7
2603 14 31
2604 4 25
2605 6 4
2606 31 14
2607 5 0
2608 21 31
2609 1 29
2610 2 12
2611 31 6
2612 2 24
2613 0 10
2614 3 4
2615 16 27
2616 7 6
2617 12 28
2618 18 3
2619 15 31
2620 14 6
2621 1 4
2622 27 3
2623 6 29
2624 5 29
2625 7 3
2626 7 28
2627 13 31
2628 3 6
2629 4 19
2630 28 0
2631 3 22
2632 1 5
2633 0 25
2634 13 0
2635 0 7
2636 13 6
2637 2 4
2638 3 4
2639 17 3
2640 12 31
2641 5 26
2642 17 31
2643 1 6
2644 5 3
2645 16 3
2646 0 9
2647 6 6
2648 0 11
2649 2 1
2650 2 27
2651 4 11
2652 2 10
2653 2 22
2654 0 21
2655 31 13
2656 7 31
2657 11 28
2658 5 4
2659 8 31
2660 2 8
2661 1 7
2662 12 6
2663 0 6
2664 14 31
2665 4 2
2666 2 0
2667 5 27
2668 19 17
2669 1 18
2670 18 17
2671 3 30
2672 31 1
2673 26 3
2674 31 12
2675 19 1
2676 2 25
2677 26 0
2678 7 31
2679 0 7
2680 10 28
2681 30 31
2682 20 0
2683 8 1
2684 4 3
2685 3 11
2686 17 1
2687 1 26
2688 0 16
2689 26 1
2690 16 31
2691 31 5
2692 1 10
2693 1 5
2694 3 27
2695 9 31
2696 0 27
2697 2 21
2698 6 23
2699 6 1
2700 31 9
2701 4 10
2702 31 4
2703 26 0
2704 19 2
2705 2 11
2706 10 30
2707 2 31
2708 2 22
2709 0 24
2710 2 21
2711 2 24
2712 11 31
2713 2 19
2714 2 10
2715 6 4
2716 5 26
2717 5 5
2718 12 31
2719 4 31
2720 15 3
2721 20 31
2722 3 5
2723 17 31
2724 2 17
2725 2 25
2726 1 10
2727 4 9
2728 17 25
2729 2 16
2730 1 9
2731 0 13
2732 31 11
2733 15 31
2734 11 6
2735 9 3
2736 5 30
2737 1 21
2738 26 1
2739 22 1
2740 3 29
2741 3 2
2742 0 10
2743 2 1
2744 4 2
2745 1 0
2746 3 2
2747 1 8
2748 11 31
2749 0 29
2750 0 18
2751 0 0
2752 7 6
2753 3 24
2754 4 2
2755 0 30
2756 14 2
2757 3 9
2758 0 26
2759 0 1
2760 1 9
2761 12 31
2762 6 6
2763 0 2
2764 0 15
2765 23 0
2766 2 2
2767 3 3
2768 5 27
2769 4 13
2770 2 22
2771 9 2
2772 2 30
2773 11 30
2774 19 31
2775 7 2
2776 10 30
2777 21 1
2778 1 20
2779 1 24
2780 4 1
2781 9 28
2782 4 3
2783 21 29
2784 21 2
2785 2 4
2786 3 2
2787 0 28
2788 3 8
2789 17 30
2790 2 2
2791 0 31
2792 9 27
2793 22 0
2794 27 0
2795 31 31
2796 31 8
2797 3 13
2798 21 1
2799 1 30
2800 3 31
2801 14 3
2802 2 7
2803 0 11
2804 0 19
2805 6 7
2806 2 9
2807 2 31
2808 1 23
2809 0 0
2810 25 3
2811 4 6
2812 1 29
2813 4 0
2814 3 1
2815 13 3
2816 28 0
2817 14 3
2818 3 2
2819 2 21
2820 2 1
2821 6 2
2822 16 25
2823 5 23
2824 30 31
2825 1 6
2826 1 26
2827 3 23
2828 15 27
2829 0 20
2830 18 2
2831 27 0
2832 2 23
2833 20 29
2834 3 4
2835 21 0
2836 14 27
2837 2 29
2838 11 31
2839 6 0
2840 2 2
2841 12 31
2842 6 31
2843 1 12
2844 7 0
2845 3 29
2846 8 27
2847 1 19
2848 4 18
2849 26 0
2850 5 6
2851 0 21
2852 1 8
2853 0 25
2854 13 3
2855 24 3
2856 3 2
2857 2 28
2858 2 6
2859 0 24
2860 13 27
2861 2 29
2862 17 17
2863 1 15
2864 31 31
2865 0 15
2866 2 10
2867 1 9
2868 1 15
2869 6 8
2870 1 20
2871 7 1
2872 12 0
2873 6 28
2874 1 6
2875 1 2
2876 31 2
2877 17 31
2878 0 8
2879 6 7
2880 1 23
2881 2 22
2882 10 29
2883 2 18
2884 3 6
2885 4 29
2886 5 1
2887 5 5
2888 15 25
2889 5 31
2890 3 22
2891 9 29
2892 2 17
2893 31 5
2894 31 7
2895 0 29
2896 31 10
2897 6 0
2898 5 3
2899 0 10
2900 0 5
2901 8 31
2902 1 7
2903 4 24
2904 0 26
2905 18 3
2906 1 19
2907 4 8
2908 1 31
2909 4 27
2910 13 0
2911 31 1
2912 22 1
2913 22 31
2914 0 12
2915 12 0
2916 16 17
2917 2 15
2918 25 0
2919 26 0
2920 3 24
2921 4 6
2922 15 17
2923 2 19
2924 0 2
2925 2 23
2926 6 30
2927 12 27
2928 4 1
2929 4 23
2930 3 18
2931 5 0
2932 2 30
2933 17 3
2934 1 23
2935 0 19
2936 13 0
2937 2 23
2938 2 14
2939 8 2
2940 30 31
2941 9 0
2942 5 1
2943 7 31
2944 0 31
2945 14 31
2946 31 0
2947 4 18
2948 19 0
2949 12 0
2950 4 0
2951 3 3
2952 3 8
2953 2 0
2954 13 31
2955 6 31
2956 25 0
2957 15 0
2958 0 13
2959 4 9
2960 5 2
2961 4 28
2962 5 7
2963 5 28
2964 1 31
2965 1 23
2966 17 0
2967 23 3
2968 1 17
2969 0 11
2970 0 27
2971 4 24
2972 4 3
2973 0 7
2974 6 3
2975 3 11
2976 16 3
2977 6 5
2978 0 25
2979 22 2
2980 18 0
2981 1 4
2982 4 1
2983 2 6
2984 1 25
2985 0 10
2986 0 28
2987 30 0
2988 17 0
2989 5 31
2990 0 11
2991 21 31
2992 31 9
2993 0 20
2994 4 8
2995 3 12
2996 6 4
2997 1 5
2998 0 1
2999 14 0
3000 2 5
3001 19 30
3002 12 31
3003 1 4
3004 18 0
3005 16 31
3006 19 31
3007 0 12
3008 4 7
3009 1 30
3010 1 14
3011 16 2
3012 22 31
3013 19 29
3014 7 0
3015 6 29
3016 2 26
3017 31 8
3018 3 30
3019 0 15
3020 1 19
3021 0 26
3022 1 28
3023 7 27
3024 3 1
3025 2 14
3026 6 30
3027 0 21
3028 14 3
3029 18 31
3030 5 3
3031 31 0
3032 3 0
3033 6 5
3034 5 2
3035 13 31
3036 6 31
3037 5 31
3038 31 4
3039 10 6
3040 30 0
3041 31 7
3042 0 9
3043 0 13
3044 0 17
3045 1 31
3046 31 8
3047 0 30
3048 17 31
3049 1 11
3050 0 12
3051 0 29
3052 6 4
3053 14 17
3054 3 10
3055 0 31
3056 4 28
3057 13 0
3058 5 3
3059 1 8
3060 1 18
3061 22 3
3062 1 14
3063 1 12
3064 4 22
3065 14 25
3066 20 0
3067 4 1
3068 1 24
3069 0 25
3070 3 24
3071 0 30
# colocadas=3072 ocupadas=108 mayor=223
