# semilla=5
32 100
3072
80 5
95 6
89 9
4 8
100 4
84 1
21 2
48 8
32 7
70 2
74 4
2 4
53 5
24 7
21 2
18 8
17 3
1 1
27 4
22 3
38 6
26 9
87 4
24 4
50 5
3 6
54 3
19 5
9 6
39 1
77 6
9 5
46 5
62 6
24 8
61 3
8 5
3 6
52 1
71 7
47 7
75 1
58 1
91 3
80 4
16 4
60 6
66 6
68 5
100 8
14 6
38 1
56 2
27 6
66 6
19 6
36 9
12 5
88 6
40 3
11 3
93 5
62 3
93 1
11 9
52 1
31 6
33 8
84 7
19 1
82 1
64 6
27 3
94 3
81 7
14 3
56 6
20 1
54 5
19 8
80 3
67 8
63 6
62 5
38 8
52 3
15 7
69 3
81 8
44 3
12 8
35 9
71 9
47 2
100 6
89 1
98 5
47 9
91 5
63 5
99 5
44 3
75 1
61 9
100 5
42 5
60 5
65 6
45 5
83 6
95 7
45 3
89 8
47 6
67 3
68 3
26 6
62 5
89 2
93 7
22 9
86 7
39 9
100 5
93 1
26 3
76 8
80 3
29 3
81 1
61 4
22 1
18 2
41 3
62 4
71 1
54 8
45 7
85 2
76 4
31 6
1 6
52 5
53 2
89 9
48 1
71 5
13 5
70 9
44 5
46 3
54 7
73 9
48 8
19 3
77 7
73 8
26 3
78 2
45 1
49 2
42 9
19 6
81 7
55 7
29 8
38 8
91 7
50 3
77 5
95 5
64 5
54 1
41 5
63 5
19 8
4 2
85 8
32 5
6 3
51 1
62 9
72 5
32 8
5 4
63 5
20 5
38 8
78 8
67 2
3 3
39 5
69 6
79 5
94 9
4 8
45 6
88 3
5 1
33 9
59 2
88 9
25 1
55 7
77 8
50 8
51 4
38 8
98 2
39 1
89 7
75 5
83 8
40 3
22 8
89 9
64 6
69 3
55 9
7 2
94 4
35 2
9 1
43 7
9 7
90 8
7 2
16 4
79 2
92 3
38 8
20 3
79 3
53 3
9 4
6 9
14 7
96 2
36 1
74 2
96 7
80 3
2 7
12 6
88 8
63 6
84 6
8 3
90 5
20 9
38 9
71 4
34 2
71 4
33 5
67 3
31 6
59 7
23 3
92 1
84 6
11 1
12 2
65 8
31 7
60 8
42 2
68 1
70 7
7 3
55 4
96 2
11 8
28 3
90 7
46 4
38 6
79 6
50 7
18 6
83 5
81 7
47 9
5 4
95 3
51 2
13 1
5 3
26 4
6 8
62 6
1 7
61 5
80 7
42 8
60 2
25 3
84 3
10 6
50 8
20 9
33 2
36 3
97 5
87 4
5 8
5 6
97 6
41 1
89 1
87 8
61 3
16 6
38 8
87 4
94 3
5 4
92 1
74 4
85 2
80 7
91 6
88 5
24 8
47 5
9 8
21 4
23 4
6 7
93 5
1 8
8 8
100 7
22 1
5 9
67 6
13 2
31 8
12 8
7 4
83 1
64 7
8 1
33 7
58 5
82 1
5 4
23 9
82 7
25 9
30 2
41 2
12 9
21 2
94 4
80 1
57 9
46 8
55 7
67 3
93 1
97 5
89 8
29 9
15 3
40 8
12 5
52 6
17 3
69 2
61 4
90 2
55 4
36 1
64 4
7 4
37 6
13 2
54 6
49 9
1 5
84 3
74 1
57 3
89 1
94 1
90 7
35 2
49 9
17 6
9 5
22 3
34 8
87 6
37 1
9 9
98 9
4 1
16 1
17 6
56 5
79 1
30 9
55 3
47 4
43 6
2 3
75 3
94 2
35 9
78 3
81 3
58 7
55 2
43 6
58 4
60 7
22 8
7 3
69 8
63 1
14 3
54 1
27 1
5 4
62 6
51 8
28 4
36 4
39 9
67 6
98 4
47 6
32 1
80 8
52 6
19 3
31 8
49 1
13 3
51 2
97 5
26 6
62 8
69 2
26 7
89 1
14 9
78 3
50 1
41 1
79 5
66 7
65 8
70 7
58 9
86 1
69 3
54 6
76 1
87 9
27 5
37 2
4 2
100 6
79 7
40 1
36 4
10 1
97 2
86 5
45 9
27 8
67 2
16 4
44 9
55 7
1 7
49 3
97 9
27 6
50 6
14 9
89 6
32 2
28 5
40 5
80 2
22 2
81 7
99 3
29 2
73 9
94 7
54 4
55 8
68 4
39 7
36 2
78 6
24 7
4 3
15 5
73 9
78 3
56 4
42 2
83 6
94 2
8 8
18 9
10 6
25 8
83 7
30 8
13 1
25 3
15 2
43 3
48 2
74 8
95 6
99 3
92 9
75 2
47 2
9 4
27 6
48 3
59 2
32 7
70 8
49 1
16 6
17 1
64 7
44 2
63 5
3 2
62 6
97 4
44 7
19 5
64 2
74 2
38 7
44 2
67 7
7 4
54 4
35 2
19 5
13 9
62 7
24 9
50 4
12 8
46 3
11 1
99 3
47 1
3 5
72 8
50 9
11 1
28 4
57 1
61 9
11 5
77 8
66 1
7 3
51 9
56 1
28 1
54 7
56 7
2 3
44 3
39 4
55 2
48 4
51 7
25 5
18 8
47 5
1 2
99 3
98 8
10 2
88 7
5 7
20 4
83 1
96 8
41 8
18 8
31 2
47 1
2 3
55 2
35 3
97 6
43 4
20 5
67 9
12 5
15 2
83 7
48 5
48 8
71 8
31 3
34 1
70 1
94 7
18 4
62 1
2 1
99 4
54 4
65 4
40 1
65 4
5 7
45 1
72 5
57 8
14 2
48 9
36 7
49 5
22 2
83 8
8 4
68 7
13 9
39 9
48 7
18 8
45 2
64 1
73 4
73 8
6 1
95 2
15 6
19 6
44 5
36 8
19 2
34 5
4 5
50 3
81 4
90 5
76 8
23 3
73 1
95 6
72 2
2 8
6 8
87 1
4 7
16 7
93 9
79 8
79 4
69 2
91 2
93 2
6 2
92 8
39 9
70 2
83 5
16 7
97 5
34 8
39 5
1 6
67 8
60 7
20 4
34 6
79 4
59 2
20 6
11 7
57 9
84 7
23 4
18 8
22 9
58 6
3 3
56 5
73 8
65 9
28 9
31 3
54 9
33 6
38 2
26 5
55 6
67 5
63 2
15 2
44 2
14 5
97 3
7 9
50 3
82 6
93 5
13 7
43 2
40 2
38 6
53 7
9 2
39 2
24 1
13 9
53 2
60 7
10 4
54 1
73 9
38 2
88 9
42 6
10 8
49 2
22 4
15 9
13 2
84 9
49 7
15 5
40 9
59 7
6 4
66 3
49 3
25 6
92 9
10 3
40 1
83 8
40 8
71 9
33 5
22 5
59 8
52 2
18 4
59 2
57 4
18 4
22 2
93 8
33 8
87 3
90 8
14 5
75 5
81 6
90 1
70 9
16 4
98 1
44 8
82 8
67 5
78 6
8 5
18 9
54 5
54 6
99 3
38 4
97 1
1 8
21 5
54 5
54 8
44 9
65 6
92 1
21 8
84 1
69 8
99 8
48 1
30 9
1 8
16 4
22 3
65 4
86 7
84 2
50 7
83 4
83 5
2 4
85 4
75 2
96 9
48 7
75 5
29 2
48 9
77 9
97 8
88 1
34 9
1 3
55 1
60 1
25 4
14 3
59 8
61 8
38 9
10 1
99 8
80 4
3 8
65 4
9 6
26 2
69 6
12 3
29 7
1 1
55 1
39 4
94 7
51 3
99 2
50 4
28 3
52 8
19 7
4 5
59 9
99 4
89 5
98 2
30 7
54 9
92 8
94 4
26 6
75 5
92 1
25 9
21 6
82 2
91 7
47 3
81 5
24 1
70 3
91 7
14 1
90 9
60 6
93 2
63 3
48 1
8 6
97 8
34 8
43 9
53 3
51 7
72 8
3 4
62 5
14 9
10 9
62 4
11 6
13 2
94 6
53 3
42 6
99 1
40 2
67 2
98 2
6 8
66 8
28 8
39 3
55 5
79 8
74 2
87 9
32 5
12 5
10 7
38 7
13 3
45 7
12 6
27 6
88 2
60 6
13 8
42 1
88 8
90 1
77 4
37 5
34 8
65 9
45 9
65 2
66 8
53 4
79 7
55 2
17 2
57 6
5 5
47 7
78 2
23 1
58 3
94 5
6 2
76 1
9 2
38 5
37 7
85 4
5 7
59 5
21 6
68 9
73 7
60 8
5 3
47 8
41 2
15 8
35 6
44 2
50 7
58 5
17 3
96 9
59 6
36 3
23 7
2 7
41 5
25 3
56 9
59 2
37 7
5 4
25 7
32 8
75 9
4 2
100 9
40 2
44 6
79 6
21 1
6 4
64 1
35 8
68 4
6 4
43 6
29 6
59 1
5 2
98 4
14 5
16 4
9 2
99 6
44 5
53 3
100 5
40 2
51 3
31 8
2 5
61 4
8 9
28 7
86 2
37 8
5 5
1 8
19 2
95 2
32 6
48 4
79 8
1 1
76 6
67 7
46 6
35 4
75 5
58 3
88 1
76 4
30 1
73 5
12 4
31 4
50 4
37 3
27 3
16 8
29 8
81 5
89 5
11 3
76 8
70 2
87 6
73 8
67 1
39 1
72 3
78 3
84 5
49 5
61 6
18 4
58 9
72 4
95 2
79 1
64 3
38 9
4 4
35 3
36 7
35 2
82 6
40 2
80 4
3 4
36 7
57 5
9 8
51 8
20 7
86 8
69 1
99 7
79 1
26 9
99 5
43 9
88 3
48 7
79 3
50 4
73 1
37 4
54 8
62 9
93 3
98 8
62 8
57 4
31 6
91 4
19 2
16 8
84 8
70 1
87 3
2 8
90 3
15 1
98 2
55 8
24 2
97 1
43 7
69 9
82 6
92 4
21 8
66 8
85 9
42 1
99 6
2 8
6 4
25 9
33 5
39 4
86 4
57 2
73 8
62 4
43 7
34 4
47 7
1 6
16 3
31 6
37 4
46 4
38 2
81 9
62 5
16 9
68 5
6 3
86 2
13 8
39 3
70 4
41 6
24 1
56 7
50 1
15 5
68 7
95 2
13 1
41 5
72 8
18 3
47 9
39 5
11 7
55 9
1 8
62 5
95 8
13 5
67 2
32 7
15 2
75 4
83 9
80 7
68 4
87 8
67 9
47 4
19 1
4 2
80 7
53 1
87 8
44 9
30 6
64 5
27 4
63 8
33 2
35 2
79 9
38 7
6 8
7 3
7 4
55 9
76 3
27 6
31 2
100 9
55 3
29 8
83 8
74 3
57 3
47 8
15 8
39 2
60 6
86 6
78 4
10 9
36 6
40 9
5 6
48 6
22 4
49 9
53 6
78 5
54 7
29 3
97 1
44 1
13 4
95 7
97 9
79 8
86 2
55 4
48 4
51 2
73 1
49 6
30 6
21 7
43 5
40 8
42 3
30 1
97 8
42 4
12 8
46 5
12 5
19 6
65 8
98 3
61 4
51 8
35 1
92 4
14 7
97 3
66 1
91 6
90 5
99 1
3 9
46 7
88 2
90 9
29 3
89 6
37 4
79 7
91 3
18 8
37 7
95 8
42 5
41 6
5 5
85 7
61 9
100 4
34 2
14 2
75 2
77 7
83 2
47 3
64 7
5 8
77 6
42 5
16 9
96 9
25 2
64 3
94 2
45 5
17 4
98 1
50 2
17 8
98 2
28 8
90 2
35 1
13 9
27 4
75 7
65 8
39 2
30 3
71 8
78 6
84 8
3 3
81 7
81 5
18 1
50 1
54 3
46 8
84 8
63 7
30 6
45 8
97 7
16 1
69 1
25 9
58 3
43 6
86 7
11 6
35 7
10 2
10 2
10 9
19 2
25 8
56 6
49 4
77 6
25 4
11 5
35 1
94 7
76 7
29 6
17 3
2 4
57 4
7 1
87 6
33 8
64 8
10 8
72 2
87 6
23 9
6 2
82 1
73 6
13 2
61 1
69 4
78 8
4 4
49 6
15 1
98 2
91 4
61 6
35 4
47 8
76 4
31 4
23 4
16 7
81 8
3 5
77 8
27 1
29 1
70 7
20 3
50 5
23 6
69 2
89 6
34 4
47 9
85 6
24 7
93 3
63 4
43 1
22 9
71 5
33 3
15 8
10 2
67 3
33 6
35 1
57 4
85 8
100 4
60 3
70 3
34 6
82 4
91 7
4 1
35 6
54 4
48 2
75 1
92 8
94 6
89 9
88 2
44 8
91 8
50 9
11 5
86 8
28 7
33 1
10 6
44 7
48 9
33 4
13 5
100 3
34 3
96 2
25 2
22 6
80 2
17 9
84 5
93 5
82 7
16 7
37 7
57 7
32 2
17 4
74 6
30 9
32 5
49 3
59 6
54 7
78 3
36 6
11 9
43 3
86 7
9 7
15 9
72 5
23 1
70 8
66 4
3 8
64 2
83 6
43 3
31 8
71 1
39 3
61 2
53 6
80 6
69 3
72 5
32 4
24 3
90 3
34 7
63 8
92 4
23 7
68 1
19 3
95 6
76 4
1 5
27 7
80 1
17 8
33 3
12 8
43 3
9 9
90 4
92 8
25 6
64 8
10 3
93 5
91 2
19 2
14 2
88 5
55 8
29 4
98 8
56 8
9 7
60 5
42 4
61 1
18 1
86 5
45 2
58 9
49 4
60 2
71 9
77 8
32 6
56 7
28 3
45 6
74 4
26 8
68 2
42 9
56 9
37 3
69 5
94 6
34 6
88 6
25 1
49 3
100 7
74 5
22 1
43 6
17 3
44 7
100 4
44 7
32 4
73 5
64 3
68 4
84 7
87 2
19 9
39 7
85 1
86 2
36 6
20 7
27 1
90 8
97 6
20 9
48 7
5 3
37 5
57 2
4 3
75 2
11 1
6 6
77 7
58 9
83 5
66 6
51 7
6 5
94 2
22 4
49 9
45 1
97 4
19 2
26 5
18 9
39 7
94 5
8 8
24 3
38 3
45 4
74 4
94 8
91 3
31 8
64 9
89 3
29 4
76 3
93 5
69 9
29 6
69 7
68 3
5 3
77 5
63 8
8 5
79 5
63 5
83 1
2 2
93 4
26 4
63 5
27 3
97 4
26 6
24 7
60 1
45 3
16 3
91 6
90 7
21 7
85 4
81 9
74 1
59 5
32 7
92 2
98 2
19 9
28 3
82 7
27 7
56 8
20 3
58 6
2 5
36 5
72 7
75 2
8 9
99 9
98 6
38 6
93 2
15 3
70 6
61 5
28 2
6 7
25 4
65 3
43 2
3 1
11 1
46 5
54 5
16 1
55 9
44 1
80 9
83 1
4 5
48 3
53 6
79 6
46 2
71 4
45 3
86 7
26 4
66 8
33 6
58 8
80 7
33 5
66 5
39 9
78 4
98 5
28 7
25 8
82 1
39 6
76 9
61 6
82 8
77 9
52 5
69 9
55 9
91 5
45 4
91 8
85 8
48 1
6 3
36 8
82 7
13 5
26 2
20 3
56 4
42 6
94 3
60 7
27 4
47 1
71 1
68 9
69 9
90 7
54 6
6 8
4 4
82 8
10 6
89 6
93 4
13 9
61 3
68 4
68 8
82 1
67 8
65 4
45 2
5 4
5 3
61 2
52 8
16 6
74 4
88 4
75 5
23 4
31 7
79 9
99 7
24 8
50 4
84 2
86 7
88 9
79 1
93 7
52 2
25 8
94 5
56 5
67 5
41 8
99 2
18 2
76 9
77 6
15 3
74 2
80 1
80 2
53 1
94 5
14 5
73 5
4 5
44 8
34 9
92 8
14 3
71 5
37 9
60 5
90 1
18 8
13 6
24 5
73 5
36 7
98 1
70 7
24 7
9 8
90 3
92 1
54 7
99 2
38 6
10 1
95 1
46 6
47 9
68 7
11 3
25 5
47 4
13 7
23 2
99 6
47 1
8 6
11 2
4 6
18 2
18 3
95 5
58 4
27 1
4 8
33 2
94 8
71 3
76 1
69 3
19 2
83 3
39 5
95 4
64 4
24 8
56 5
20 9
50 9
60 9
44 4
22 9
6 4
91 4
71 5
67 2
6 5
24 9
77 4
73 2
51 1
40 2
28 1
52 2
53 9
43 9
65 2
8 7
96 9
83 1
68 5
65 9
90 3
87 9
89 3
29 5
28 8
81 6
61 6
92 5
73 9
27 7
90 4
62 4
26 6
16 3
74 5
7 1
89 6
61 6
19 6
24 5
42 3
73 1
38 2
54 3
5 5
53 8
58 7
76 3
64 4
20 3
97 4
30 9
100 9
61 5
7 5
14 7
85 3
3 3
30 2
41 1
17 6
88 1
73 3
92 5
33 1
92 1
28 9
2 5
1 2
23 9
59 6
32 6
7 6
41 3
56 6
11 9
64 4
22 9
88 1
84 3
61 5
51 9
91 8
50 7
44 3
71 6
30 4
60 4
99 8
40 1
95 1
76 1
60 2
78 5
12 8
50 2
9 2
42 5
94 5
4 2
58 2
58 4
25 4
94 2
77 9
45 7
71 6
23 9
12 5
65 5
17 3
84 6
2 9
97 5
75 6
73 6
43 6
62 9
27 7
41 9
90 1
51 2
93 2
73 9
54 1
57 1
18 2
45 7
98 3
64 1
95 1
11 9
36 2
43 7
73 7
12 9
86 9
34 9
14 2
81 8
6 7
95 4
2 8
23 5
76 8
14 1
26 1
70 5
20 4
86 4
14 8
2 5
98 2
6 4
14 2
61 7
90 4
24 3
81 9
38 8
5 8
93 7
52 2
74 1
43 4
94 2
65 8
15 6
27 1
69 7
88 1
29 6
92 5
12 8
2 1
79 8
63 8
57 5
59 9
2 1
76 5
12 6
75 9
78 5
23 6
39 1
52 9
49 5
3 5
89 9
18 3
43 6
41 8
95 7
72 2
21 9
44 7
46 2
17 2
38 5
4 9
9 6
61 3
41 9
11 8
91 4
43 9
22 6
31 6
21 1
14 7
12 3
90 5
11 5
79 6
83 9
40 4
94 9
86 9
4 4
15 2
54 3
58 8
32 7
3 4
78 9
60 1
12 8
25 7
32 1
11 7
76 4
57 1
69 5
45 2
33 2
73 8
58 4
78 1
78 7
20 1
34 5
10 5
15 9
72 4
23 7
74 5
76 7
90 2
65 7
13 5
10 1
93 3
80 2
39 2
47 5
81 9
5 7
22 4
80 4
39 1
39 3
89 2
6 3
60 1
85 6
96 7
9 9
28 5
36 4
50 6
100 8
51 2
84 8
78 1
53 3
36 9
90 3
70 1
16 8
38 4
88 7
36 3
42 7
47 5
31 2
50 1
4 7
77 2
27 5
42 6
18 8
26 4
33 7
55 1
80 6
70 6
15 9
95 6
29 9
43 7
96 5
16 4
80 6
96 4
28 3
49 4
50 9
90 8
13 8
57 3
78 7
70 7
65 3
76 6
70 4
78 9
73 3
84 7
91 5
13 1
76 3
47 1
17 1
69 6
51 8
81 2
48 9
82 2
28 3
34 7
69 1
19 6
26 1
34 3
16 4
67 2
87 2
83 3
46 9
42 1
41 9
61 1
53 7
1 1
83 2
46 7
15 6
23 6
96 7
54 7
15 4
62 6
86 9
96 1
27 3
34 4
82 3
23 4
14 4
76 2
63 2
72 3
37 1
8 7
39 1
14 1
5 3
93 5
4 6
58 3
67 6
58 5
96 7
32 9
19 3
30 3
27 3
20 2
50 8
27 9
11 6
14 8
47 8
6 2
34 1
40 5
75 9
61 4
10 9
34 6
31 8
31 4
26 1
8 8
73 6
82 5
7 9
43 5
22 1
86 3
69 6
43 9
65 8
79 3
70 9
91 9
24 3
71 2
42 9
23 4
93 4
79 1
20 8
79 2
15 3
85 2
80 1
28 3
100 4
35 8
78 7
74 1
23 9
49 4
26 5
11 2
37 7
68 1
8 1
85 3
30 2
83 6
54 6
90 9
85 8
56 1
37 3
57 8
29 9
14 7
83 1
61 2
75 2
96 7
89 3
38 8
73 2
12 3
4 7
100 3
45 5
87 3
85 2
23 2
14 3
100 4
69 2
48 7
57 3
64 9
15 4
66 5
16 5
98 2
37 3
96 1
71 4
100 2
18 9
43 7
91 8
6 2
90 2
5 9
73 3
28 7
16 7
90 6
46 1
30 7
9 4
94 4
4 2
6 8
25 2
55 1
31 2
15 7
51 1
40 9
48 4
92 8
11 7
65 2
74 5
86 7
26 2
48 9
67 5
83 2
39 5
38 7
89 3
30 7
87 9
35 1
13 4
52 6
88 8
13 7
59 4
41 7
67 1
37 8
80 6
3 8
65 3
57 1
22 7
15 4
39 4
9 8
85 3
15 1
14 5
80 8
5 7
27 9
77 3
32 9
1 4
56 9
81 9
68 8
84 8
53 6
63 1
17 3
98 3
27 1
30 7
8 1
41 2
40 1
15 5
11 9
15 8
18 5
95 7
71 8
90 7
58 1
89 8
66 1
23 3
89 2
35 8
64 3
98 2
95 8
46 2
91 5
90 4
32 2
100 9
94 2
42 1
11 3
66 2
54 8
68 2
10 2
15 3
80 8
34 9
25 2
77 1
35 1
17 6
22 6
73 6
47 9
76 8
70 9
35 9
65 1
28 7
91 8
50 8
85 6
79 6
42 3
33 8
1 6
89 3
48 9
94 5
9 9
82 4
59 4
66 6
87 8
85 5
99 4
88 1
33 1
65 5
81 7
45 3
31 6
28 6
49 5
64 2
12 5
81 3
14 8
99 2
11 2
67 4
57 8
31 2
17 3
41 9
21 6
52 9
90 4
39 9
18 6
40 8
25 3
95 8
57 8
43 9
13 3
98 6
41 5
91 6
41 9
27 2
86 5
62 8
14 7
89 5
91 6
93 2
22 6
41 3
89 1
67 1
22 7
45 7
64 6
55 3
10 8
44 1
3 1
12 7
20 8
35 3
31 6
44 4
20 9
30 5
99 6
77 9
55 9
92 5
1 9
42 8
46 9
89 2
28 8
99 9
76 3
97 1
89 6
99 4
57 9
15 2
26 9
12 2
67 8
18 7
92 6
28 7
44 3
88 3
80 9
75 2
41 4
25 9
81 7
32 9
51 2
91 5
67 2
2 2
57 5
29 9
57 6
75 8
29 6
43 6
8 3
92 9
64 7
22 7
10 4
55 2
10 5
28 2
54 8
83 9
50 7
63 4
9 4
27 9
93 9
37 6
4 8
34 4
95 9
1 7
56 4
1 6
22 2
62 7
76 5
2 9
95 4
18 3
24 6
35 3
97 8
72 2
12 6
89 6
73 4
92 8
69 5
60 8
95 1
89 4
88 2
40 5
12 6
9 1
21 5
42 8
63 7
37 8
100 7
48 1
86 2
46 5
26 3
38 9
12 2
98 3
65 3
84 1
36 4
61 5
99 3
25 2
90 7
96 8
58 4
78 7
22 3
80 5
48 7
81 3
59 5
40 6
58 8
49 4
73 5
75 9
56 2
77 2
61 1
4 2
10 7
96 1
77 6
33 3
21 6
18 4
92 9
54 2
76 1
25 2
63 8
23 7
95 5
11 8
58 7
9 5
39 1
51 9
90 9
32 5
42 4
49 1
1 9
42 6
54 1
81 9
94 5
39 6
4 4
20 7
3 2
93 6
42 8
30 4
38 9
25 1
62 9
53 9
6 1
46 8
14 8
75 8
49 8
53 3
70 5
33 9
96 1
18 9
96 1
17 2
50 2
50 9
28 3
41 9
51 9
72 6
94 7
48 9
7 5
15 2
8 8
62 6
28 5
47 1
13 9
40 8
66 5
56 3
15 6
58 1
5 4
28 1
82 3
87 3
87 3
3 1
9 2
57 1
48 8
39 4
51 3
22 5
5 3
7 7
66 2
74 7
33 9
67 2
23 9
59 1
64 1
63 5
66 6
41 6
20 9
36 8
88 6
47 5
56 4
79 1
32 2
69 2
81 3
49 1
6 9
3 5
37 1
27 3
11 9
24 6
26 1
7 2
44 3
54 3
47 2
78 5
12 4
18 4
41 5
24 2
84 9
12 4
44 4
86 1
31 3
15 7
68 1
8 6
15 7
39 6
51 1
95 2
52 9
29 9
90 9
99 1
17 8
6 2
1 1
71 1
77 9
13 1
53 3
75 6
34 4
27 8
67 2
8 4
95 3
57 9
87 6
55 3
20 1
92 7
78 1
57 3
44 4
20 1
22 9
57 7
56 3
75 8
29 5
3 8
100 8
99 6
26 9
22 3
50 5
44 6
98 8
61 2
55 1
40 9
33 5
12 5
18 9
75 4
82 9
94 8
28 9
60 2
98 4
96 4
30 3
37 4
40 8
90 6
20 5
14 9
18 1
16 6
28 5
46 2
74 4
68 4
49 5
85 7
32 7
2 2
51 2
57 9
86 9
54 8
27 4
42 8
18 5
32 1
64 4
97 8
19 9
19 5
70 5
69 6
35 7
47 1
76 9
48 2
70 1
26 4
2 6
92 9
38 8
57 6
97 6
60 1
59 9
100 3
47 7
73 8
31 3
84 5
29 7
8 1
33 8
41 5
79 2
16 8
40 9
51 9
98 2
23 2
34 7
99 8
22 9
11 5
49 7
54 9
77 1
49 1
7 1
4 8
50 2
40 6
1 4
18 4
96 9
90 4
77 5
20 6
99 5
30 8
62 3
37 4
58 7
8 1
47 7
52 6
15 9
32 6
92 4
78 1
93 9
70 5
33 5
9 6
29 9
82 7
34 4
8 7
46 3
22 3
91 4
26 1
29 3
55 9
83 3
88 1
12 6
17 6
93 9
58 1
91 1
94 3
99 8
92 2
55 7
55 6
62 3
44 2
45 4
84 5
90 2
38 1
62 4
62 6
46 6
65 7
21 4
62 3
82 9
34 8
95 7
41 5
63 4
68 6
65 7
88 6
64 9
100 1
6 4
32 9
96 8
29 8
59 4
12 5
81 4
92 7
73 6
52 5
7 8
80 6
23 2
74 2
78 2
74 4
6 7
78 2
13 4
86 6
31 7
36 5
7 9
63 9
82 5
83 8
5 5
4 2
93 4
16 8
64 9
4 6
28 7
23 1
42 2
25 5
76 1
82 9
63 7
30 5
39 8
39 4
18 4
88 6
54 3
86 7
23 5
50 2
8 6
84 8
65 6
54 9
62 4
37 9
91 1
22 4
5 6
55 1
51 8
84 5
6 4
25 6
85 1
38 9
39 5
18 4
66 1
77 3
80 6
85 3
72 7
39 4
60 4
51 4
20 4
28 4
28 6
23 7
15 9
62 1
23 5
47 9
36 9
98 7
64 4
35 7
88 2
92 9
78 5
70 7
93 3
52 2
36 5
84 9
66 3
45 4
4 6
70 7
16 5
77 1
44 7
29 8
10 3
84 8
20 7
51 8
39 3
4 3
92 6
42 4
32 8
26 7
81 3
90 7
78 6
4 6
57 7
15 3
14 7
82 6
64 4
94 1
3 6
8 6
94 2
20 7
39 5
16 1
99 4
86 4
91 4
30 6
42 7
47 1
90 7
100 6
54 6
87 1
7 2
9 2
3 5
100 9
92 6
51 3
57 8
42 6
38 7
8 4
79 9
48 7
24 3
26 1
69 7
48 5
71 4
56 1
78 3
67 6
27 5
42 5
28 2
10 1
55 8
49 4
51 2
