0 5 2
1 20 1
2 2 16
3 19 3
4 2 17
5 22 11
6 17 24
7 7 10
8 27 8
9 22 12
10 6 21
11 7 30
12 6 5
13 25 28
14 31 19
15 14 8
16 30 25
17 6 14
18 5 27
19 18 16
20 27 29
21 25 0
22 25 4
23 24 0
24 14 0
25 17 13
26 2 7
27 17 10
28 24 12
29 18 6
30 28 31
31 11 3
32 30 15
33 27 3
34 28 8
35 17 16
36 6 22
37 22 4
38 23 9
39 6 21
40 21 22
41 23 10
42 29 24
43 17 4
44 3 5
45 12 14
46 2 16
47 4 26
48 16 24
49 6 0
50 3 19
51 30 18
52 18 25
53 2 19
54 27 23
55 27 19
56 29 23
57 10 3
58 19 30
59 4 25
60 2 1
61 24 13
62 18 26
63 5 14
64 6 22
65 29 25
66 11 27
67 30 25
68 11 3
69 17 9
70 21 17
71 27 18
72 20 12
73 20 4
74 17 14
75 2 17
76 24 28
77 22 17
78 17 13
79 5 24
80 19 2
81 29 25
82 10 21
83 11 31
84 11 8
85 5 28
86 30 25
87 18 25
88 7 7
89 25 17
90 25 2
91 4 2
92 11 30
93 30 22
94 18 26
95 31 21
96 28 0
97 21 28
98 25 28
99 6 7
100 6 14
101 12 15
102 19 27
103 10 19
104 31 15
105 19 17
106 8 29
107 15 27
108 17 10
109 7 5
110 20 5
111 6 21
112 16 4
113 7 7
114 3 19
115 29 24
116 30 17
117 9 29
118 9 8
119 18 16
120 2 19
121 27 7
122 21 4
123 10 3
124 23 9
125 12 14
126 23 18
127 0 13
128 6 31
129 16 16
130 13 9
131 19 24
132 10 26
133 31 25
134 13 6
135 20 27
136 27 24
137 27 19
138 11 3
139 17 17
140 13 15
141 9 1
142 5 31
143 19 6
144 10 25
145 30 15
146 30 18
147 19 3
148 13 19
149 16 31
150 8 29
151 6 5
152 12 19
153 8 22
154 19 12
155 23 19
156 13 19
157 14 15
158 18 15
159 23 26
160 26 13
161 14 7
162 28 18
163 24 12
164 16 27
165 19 31
166 7 11
167 17 0
168 20 0
169 30 17
170 22 28
171 23 18
172 3 1
173 4 26
174 9 29
175 12 19
176 19 2
177 12 8
178 17 9
179 2 1
180 16 30
181 18 6
182 1 13
183 16 0
184 17 0
185 17 28
186 6 24
187 10 27
188 19 5
189 5 15
190 4 25
191 4 15
192 6 7
193 18 25
194 22 11
195 5 2
196 23 19
197 22 22
198 12 6
199 10 22
200 10 3
201 17 29
202 17 14
203 28 3
204 27 31
205 21 22
206 3 6
207 19 27
208 18 26
209 20 24
210 17 24
211 16 24
212 7 7
213 29 18
214 11 31
215 3 1
216 17 18
217 5 27
218 5 8
219 17 10
220 4 26
221 4 2
222 19 24
223 17 9
224 21 2
225 29 25
226 29 24
227 26 4
228 20 24
229 27 3
230 27 0
231 25 0
232 27 6
233 23 0
234 10 18
235 0 13
236 2 8
237 30 19
238 5 28
239 13 0
240 21 17
241 13 15
242 6 31
243 6 7
244 5 2
245 14 15
246 17 10
247 28 3
248 20 5
249 17 28
250 15 22
251 8 5
252 19 5
253 4 2
254 14 0
255 5 2
256 2 7
257 24 0
258 8 29
259 17 17
260 23 18
261 11 30
262 22 22
263 12 15
264 11 27
265 3 19
266 13 29
267 31 17
268 31 20
269 10 8
270 27 13
271 21 25
272 26 29
273 27 8
274 12 14
275 28 18
276 18 1
277 20 27
278 25 4
279 27 3
280 17 13
281 27 5
282 17 4
283 18 25
284 17 14
285 19 27
286 30 18
287 23 25
288 20 12
289 17 13
290 19 18
291 10 21
292 30 21
293 12 15
294 28 9
295 31 19
296 28 10
297 19 17
298 2 1
299 25 18
300 3 2
301 18 26
302 27 6
303 28 8
304 9 0
305 5 14
306 24 13
307 25 0
308 15 15
309 6 14
310 28 3
311 9 1
312 8 4
313 27 8
314 9 0
315 18 2
316 5 14
317 22 2
318 7 7
319 11 31
320 6 7
321 30 17
322 19 24
323 15 27
324 27 29
325 28 8
326 10 26
327 5 31
328 5 24
329 16 28
330 27 23
331 10 19
332 28 31
333 6 22
334 20 27
335 30 18
336 17 28
337 4 16
338 18 25
339 26 13
340 19 27
341 6 31
342 20 27
343 2 19
344 19 18
345 18 1
346 13 6
347 24 0
348 21 22
349 16 28
350 9 29
351 5 0
352 7 0
353 22 17
354 8 23
355 5 9
356 21 28
357 18 16
358 24 28
359 21 24
360 5 31
361 27 3
362 27 13
363 18 26
364 27 24
365 6 31
366 26 29
367 22 12
368 17 6
369 21 25
370 30 25
371 19 6
372 27 7
373 28 0
374 2 0
375 16 22
376 19 30
377 12 29
378 19 31
379 24 2
380 21 24
381 6 24
382 2 1
383 7 10
384 21 25
385 10 25
386 4 0
387 6 21
388 25 0
389 2 16
390 27 0
391 11 30
392 21 17
393 13 29
394 27 23
395 3 3
396 4 2
397 23 19
398 6 0
399 25 2
400 26 4
401 22 11
402 10 26
403 8 29
404 5 8
405 5 27
406 4 15
407 31 15
408 31 25
409 16 31
410 6 14
411 11 3
412 10 18
413 19 12
414 22 22
415 18 25
416 21 2
417 22 17
418 3 0
419 14 15
420 7 11
421 31 20
422 27 6
423 10 3
424 5 9
425 4 25
426 27 7
427 21 22
428 11 31
429 18 2
430 24 12
431 31 19
432 22 2
433 10 22
434 17 24
435 11 30
436 17 9
437 7 31
438 2 8
439 5 8
440 10 25
441 15 22
442 26 13
443 29 25
444 2 3
445 19 5
446 12 7
447 10 19
448 5 28
449 26 19
450 12 29
451 5 15
452 5 24
453 27 18
454 8 5
455 11 3
456 18 1
457 22 28
458 5 2
459 29 24
460 27 31
461 18 2
462 22 4
463 24 2
464 23 26
465 4 0
466 18 6
467 20 5
468 7 29
469 23 18
470 5 27
471 25 4
472 17 18
473 18 26
474 8 4
475 21 2
476 19 17
477 12 8
478 8 5
479 2 7
480 16 4
481 4 26
482 18 1
483 30 17
484 30 25
485 10 3
486 7 10
487 27 6
488 16 24
489 16 0
490 2 17
491 13 0
492 5 9
493 31 20
494 9 8
495 21 28
496 14 0
497 10 26
498 16 22
499 25 28
500 18 15
501 17 10
502 7 11
503 15 15
504 22 12
505 17 4
506 11 31
507 17 28
508 16 4
509 5 5
510 6 22
511 23 19
512 20 24
513 30 15
514 10 8
515 5 8
516 24 28
517 19 24
518 22 0
519 28 0
520 27 24
521 28 18
522 29 23
523 12 7
524 4 25
525 14 8
526 25 17
527 22 11
528 27 8
529 19 30
530 21 4
531 19 5
532 9 1
533 20 24
534 6 5
535 13 10
536 19 3
537 29 24
538 21 17
539 13 19
540 21 26
541 9 0
542 17 24
543 27 13
544 4 2
545 31 15
546 11 3
547 2 16
548 26 4
549 25 18
550 16 30
551 17 9
552 10 3
553 16 28
554 3 19
555 12 8
556 24 0
557 23 25
558 16 24
559 30 15
560 10 25
561 22 17
562 18 17
563 3 1
564 5 5
565 17 10
566 6 5
567 17 4
568 27 18
569 17 24
570 27 23
571 27 0
572 31 15
573 13 29
574 19 27
575 17 16
576 25 0
577 2 19
578 26 13
579 2 1
580 17 28
581 16 16
582 18 2
583 20 1
584 1 3
585 18 25
586 29 18
587 6 24
588 23 26
589 27 5
590 7 10
591 5 9
592 30 22
593 27 29
594 12 19
595 13 0
596 10 18
597 26 20
598 28 9
599 3 19
600 17 9
601 27 24
602 7 0
603 5 31
604 28 3
605 18 1
606 19 2
607 22 4
608 9 8
609 14 15
610 6 13
611 27 7
612 13 19
613 5 2
614 10 26
615 29 23
616 1 13
617 17 14
618 19 17
619 23 0
620 12 19
621 11 8
622 25 17
623 30 21
624 22 0
625 20 27
626 17 6
627 4 26
628 9 9
629 11 30
630 30 15
631 20 0
632 23 0
633 20 1
634 9 1
635 7 11
636 5 24
637 15 15
638 23 10
639 27 8
640 18 26
641 22 12
642 25 28
643 19 27
644 7 7
645 19 6
646 16 6
647 28 0
648 16 5
649 24 13
650 27 6
651 19 24
652 29 25
653 10 19
654 5 30
655 13 19
656 27 23
657 17 1
658 14 7
659 8 4
660 20 27
661 22 22
662 26 8
663 8 22
664 16 27
665 8 23
666 5 0
667 6 21
668 15 27
669 27 3
670 0 13
671 21 4
672 6 14
673 12 14
674 25 2
675 4 15
676 22 4
677 5 14
678 20 0
679 31 19
680 10 21
681 7 5
682 8 29
683 23 9
684 15 0
685 26 21
686 20 12
687 4 25
688 12 0
689 19 31
690 13 0
691 16 24
692 12 15
693 4 16
694 18 16
695 19 30
696 30 25
697 4 0
698 9 4
699 6 24
700 28 31
701 22 0
702 24 2
703 5 24
704 26 20
705 24 0
706 21 25
707 9 8
708 5 31
709 16 28
710 4 15
711 16 6
712 24 28
713 15 22
714 27 0
715 21 3
716 23 25
717 25 2
718 25 0
719 23 4
720 7 10
721 10 22
722 9 9
723 5 8
724 31 17
725 11 31
726 31 15
727 24 12
728 23 26
729 15 26
730 9 8
731 25 4
732 23 10
733 27 7
734 23 9
735 8 22
736 16 0
737 12 6
738 19 18
739 27 31
740 7 22
741 19 17
742 21 22
743 19 18
744 16 27
745 19 27
746 16 17
747 11 30
748 22 11
749 26 29
750 5 9
751 13 6
752 7 30
753 16 16
754 11 3
755 28 31
756 19 31
757 9 0
758 3 5
759 21 24
760 19 12
761 25 18
762 6 0
763 11 31
764 3 1
765 5 0
766 14 0
767 11 30
768 8 22
769 16 31
770 21 4
771 4 2
772 19 30
773 24 2
774 23 5
775 5 8
776 12 19
777 4 16
778 21 25
779 29 25
780 10 21
781 16 30
782 28 3
783 13 0
784 2 17
785 10 22
786 27 29
787 15 0
788 19 3
789 28 0
790 20 12
791 16 5
792 27 13
793 27 31
794 6 14
795 17 10
796 25 2
797 5 1
798 5 9
799 9 29
800 12 8
801 17 0
802 10 3
803 28 31
804 18 25
805 20 27
806 30 25
807 19 2
808 29 24
809 6 24
810 23 18
811 6 22
812 8 29
813 27 3
814 15 25
815 27 31
816 26 9
817 27 24
818 13 9
819 17 13
820 25 28
821 15 1
822 5 24
823 16 31
824 28 3
825 6 7
826 18 17
827 8 23
828 14 8
829 16 22
830 10 21
831 26 29
832 6 31
833 17 24
834 18 26
835 2 16
836 27 3
837 10 25
838 30 18
839 12 14
840 16 24
841 12 15
842 28 8
843 10 18
844 30 15
845 14 15
846 22 4
847 7 31
848 12 14
849 16 0
850 6 24
851 23 0
852 5 24
853 10 27
854 5 31
855 16 30
856 5 8
857 18 25
858 0 3
859 27 6
860 24 2
861 31 20
862 8 22
863 11 25
864 29 18
865 5 14
866 26 0
867 29 0
868 5 2
869 10 8
870 18 4
871 6 14
872 29 23
873 2 19
874 9 8
875 14 0
876 6 2
877 28 3
878 16 18
879 19 3
880 7 7
881 5 30
882 14 7
883 24 28
884 26 13
885 25 28
886 29 24
887 27 9
888 30 18
889 11 27
890 22 22
891 21 4
892 26 4
893 27 3
894 19 2
895 27 29
896 17 24
897 10 27
898 28 3
899 23 10
900 22 4
901 12 25
902 3 19
903 6 5
904 19 31
905 23 19
906 24 13
907 16 4
908 29 18
909 19 3
910 28 0
911 4 3
912 5 9
913 7 30
914 17 9
915 25 4
916 10 19
917 26 9
918 18 5
919 15 27
920 16 27
921 25 2
922 2 1
923 11 27
924 12 6
925 7 5
926 6 21
927 23 9
928 12 29
929 19 27
930 24 5
931 29 0
932 20 1
933 6 5
934 24 2
935 20 27
936 12 15
937 5 0
938 15 15
939 24 28
940 21 17
941 22 17
942 9 29
943 19 12
944 14 15
945 13 19
946 17 14
947 25 17
948 27 13
949 2 8
950 20 0
951 19 2
952 8 4
953 17 0
954 4 2
955 14 8
956 19 27
957 25 0
958 22 28
959 23 25
960 30 17
961 23 10
962 17 13
963 21 28
964 29 19
965 27 8
966 10 8
967 11 3
968 7 22
969 15 15
970 22 12
971 21 24
972 26 4
973 19 23
974 17 10
975 27 5
976 15 22
977 5 28
978 13 6
979 28 31
980 26 21
981 3 2
982 11 31
983 25 4
984 5 2
985 15 18
986 17 9
987 4 26
988 23 18
989 4 15
990 19 30
991 5 14
992 25 2
993 7 31
994 3 6
995 20 18
996 4 16
997 2 17
998 14 15
999 4 25
1000 6 2
1001 9 8
1002 22 11
1003 20 12
1004 18 16
1005 21 17
1006 6 7
1007 26 0
1008 2 7
1009 16 0
1010 18 26
1011 18 4
1012 20 1
1013 10 8
1014 14 7
1015 1 13
1016 6 0
1017 19 3
1018 23 26
1019 16 18
1020 22 17
1021 11 19
1022 24 12
1023 12 14
1024 5 31
1025 21 25
1026 16 31
1027 31 19
1028 25 28
1029 31 20
1030 31 25
1031 25 9
1032 28 8
1033 30 18
1034 20 19
1035 4 2
1036 27 6
1037 27 31
1038 15 18
1039 21 24
1040 29 25
1041 13 0
1042 19 2
1043 17 0
1044 14 1
1045 19 12
1046 26 29
1047 28 31
1048 20 27
1049 13 29
1050 25 18
1051 29 20
1052 18 25
1053 3 5
1054 18 17
1055 30 22
1056 16 18
1057 2 16
1058 15 27
1059 10 19
1060 5 27
1061 24 2
1062 12 19
1063 2 8
1064 2 17
1065 23 9
1066 31 19
1067 18 5
1068 26 13
1069 2 7
1070 3 6
1071 13 15
1072 12 13
1073 6 24
1074 31 15
1075 7 5
1076 3 1
1077 22 12
1078 27 3
1079 4 15
1080 26 9
1081 12 15
1082 17 4
1083 13 10
1084 27 19
1085 11 30
1086 16 4
1087 12 6
1088 10 22
1089 10 18
1090 19 31
1091 30 17
1092 30 19
1093 26 20
1094 4 26
1095 18 26
1096 12 29
1097 19 24
1098 13 9
1099 17 14
1100 30 21
1101 24 28
1102 18 25
1103 28 20
1104 5 30
1105 30 15
1106 13 6
1107 16 27
1108 13 19
1109 2 19
1110 23 25
1111 8 22
1112 19 23
1113 3 5
1114 28 3
1115 7 11
1116 20 18
1117 12 0
1118 20 0
1119 28 0
1120 6 5
1121 29 20
1122 25 0
1123 19 3
1124 27 18
1125 12 7
1126 27 9
1127 27 0
1128 4 3
1129 27 3
1130 10 19
1131 10 3
1132 3 6
1133 18 4
1134 27 19
1135 24 13
1136 5 28
1137 8 5
1138 11 8
1139 26 4
1140 29 17
1141 28 0
1142 30 22
1143 19 27
1144 8 29
1145 15 4
1146 19 24
1147 2 8
1148 31 24
1149 0 13
1150 27 13
1151 27 29
1152 5 31
1153 18 16
1154 29 8
1155 30 17
1156 5 30
1157 2 1
1158 17 4
1159 13 5
1160 5 5
1161 29 17
1162 27 0
1163 26 13
1164 6 22
1165 18 4
1166 19 2
1167 27 31
1168 25 17
1169 22 11
1170 4 2
1171 5 31
1172 3 19
1173 16 4
1174 5 8
1175 10 21
1176 22 12
1177 8 23
1178 12 26
1179 28 31
1180 22 11
1181 6 21
1182 20 12
1183 27 7
1184 7 30
1185 22 0
1186 28 8
1187 5 9
1188 27 31
1189 30 25
1190 14 0
1191 19 12
1192 7 5
1193 20 19
1194 6 14
1195 25 18
1196 13 13
1197 11 31
1198 27 23
1199 26 29
1200 12 6
1201 21 4
1202 12 8
1203 10 27
1204 11 30
1205 29 21
1206 27 24
1207 7 31
1208 23 26
1209 19 23
1210 5 24
1211 25 5
1212 7 30
1213 25 28
1214 16 30
1215 27 13
1216 7 10
1217 7 7
1218 11 6
1219 15 24
1220 13 26
1221 15 18
1222 11 5
1223 21 22
1224 4 25
1225 21 25
1226 9 1
1227 31 23
1228 20 18
1229 2 7
1230 29 25
1231 5 4
1232 24 5
1233 2 16
1234 5 15
1235 7 11
1236 30 21
1237 30 22
1238 5 3
1239 6 24
1240 13 29
1241 30 21
1242 19 24
1243 23 25
1244 13 6
1245 2 19
1246 28 31
1247 25 17
1248 20 1
1249 20 0
1250 10 22
1251 3 5
1252 11 27
1253 3 2
1254 17 13
1255 22 28
1256 9 0
1257 6 7
1258 20 12
1259 17 10
1260 16 0
1261 11 19
1262 31 24
1263 6 22
1264 27 18
1265 7 10
1266 22 4
1267 28 0
1268 10 27
1269 23 10
1270 15 25
1271 5 8
1272 11 4
1273 27 31
1274 27 23
1275 27 19
1276 23 0
1277 9 29
1278 30 22
1279 6 31
1280 12 26
1281 3 6
1282 13 26
1283 7 2
1284 21 17
1285 8 22
1286 4 26
1287 2 8
1288 18 26
1289 22 22
1290 29 8
1291 17 14
1292 11 31
1293 11 30
1294 1 13
1295 27 18
1296 6 2
1297 22 0
1298 25 2
1299 31 15
1300 17 13
1301 7 29
1302 17 14
1303 23 9
1304 14 8
1305 12 29
1306 3 5
1307 18 25
1308 24 0
1309 10 19
1310 28 8
1311 15 27
1312 21 22
1313 16 31
1314 2 0
1315 13 14
1316 15 16
1317 24 2
1318 6 13
1319 20 1
1320 27 24
1321 2 17
1322 17 0
1323 26 9
1324 20 24
1325 22 22
1326 22 12
1327 10 21
1328 8 23
1329 22 11
1330 18 5
1331 18 26
1332 15 24
1333 22 17
1334 11 19
1335 23 10
1336 11 27
1337 16 27
1338 21 4
1339 19 3
1340 17 9
1341 14 19
1342 10 2
1343 17 23
1344 21 26
1345 8 22
1346 27 9
1347 30 25
1348 16 18
1349 0 13
1350 26 13
1351 21 22
1352 25 18
1353 26 21
1354 17 24
1355 22 4
1356 7 11
1357 5 4
1358 19 7
1359 1 13
1360 29 25
1361 4 2
1362 6 3
1363 5 24
1364 15 25
1365 19 24
1366 23 26
1367 31 25
1368 17 4
1369 31 24
1370 17 16
1371 18 25
1372 24 12
1373 10 27
1374 31 25
1375 7 30
1376 7 7
1377 14 7
1378 28 31
1379 18 16
1380 11 0
1381 31 24
1382 24 28
1383 17 13
1384 27 19
1385 15 24
1386 16 22
1387 23 19
1388 27 23
1389 24 13
1390 11 8
1391 30 25
1392 4 25
1393 13 29
1394 16 30
1395 28 3
1396 20 19
1397 16 0
1398 31 22
1399 19 2
1400 25 17
1401 6 21
1402 30 22
1403 27 13
1404 27 6
1405 21 25
1406 17 16
1407 15 18
1408 21 28
1409 7 22
1410 23 9
1411 19 3
1412 30 17
1413 21 17
1414 12 29
1415 25 0
1416 16 31
1417 12 8
1418 25 4
1419 27 18
1420 16 30
1421 16 31
1422 10 19
1423 17 23
1424 27 24
1425 27 19
1426 17 0
1427 31 22
1428 4 26
1429 11 19
1430 9 1
1431 29 8
1432 26 4
1433 27 0
1434 10 3
1435 5 9
1436 22 22
1437 22 12
1438 31 25
1439 5 5
1440 6 2
1441 27 29
1442 7 10
1443 27 18
1444 16 18
1445 20 18
1446 10 22
1447 19 2
1448 16 0
1449 5 31
1450 5 21
1451 27 7
1452 27 19
1453 8 5
1454 16 30
1455 25 18
1456 6 24
1457 5 24
1458 16 4
1459 10 2
1460 6 7
1461 10 3
1462 27 3
1463 27 31
1464 25 2
1465 25 17
1466 0 13
1467 18 26
1468 17 0
1469 5 0
1470 10 2
1471 13 19
1472 19 12
1473 29 17
1474 31 24
1475 11 27
1476 2 16
1477 17 14
1478 29 25
1479 6 5
1480 5 27
1481 5 5
1482 28 3
1483 8 22
1484 1 3
1485 17 10
1486 15 15
1487 15 18
1488 24 0
1489 22 17
1490 28 0
1491 7 22
1492 21 24
1493 7 5
1494 21 17
1495 12 6
1496 21 22
1497 21 0
1498 6 3
1499 5 2
1500 31 19
1501 27 3
1502 26 29
1503 13 10
1504 7 3
1505 30 15
1506 13 6
1507 14 8
1508 22 17
1509 25 28
1510 10 21
1511 12 0
1512 17 9
1513 27 0
1514 1 13
1515 3 6
1516 4 2
1517 8 22
1518 6 21
1519 23 25
1520 15 27
1521 28 31
1522 28 8
1523 2 17
1524 20 19
1525 19 23
1526 19 6
1527 12 26
1528 27 6
1529 5 8
1530 16 18
1531 17 4
1532 10 19
1533 5 28
1534 16 27
1535 15 18
1536 11 3
1537 25 4
1538 28 0
1539 13 29
1540 22 28
1541 31 15
1542 12 19
1543 14 1
1544 24 2
1545 30 25
1546 22 11
1547 29 8
1548 23 10
1549 21 17
1550 26 13
1551 24 6
1552 28 3
1553 6 14
1554 2 1
1555 23 26
1556 6 3
1557 11 31
1558 29 25
1559 5 9
1560 7 11
1561 6 2
1562 12 3
1563 10 27
1564 7 22
1565 30 17
1566 22 17
1567 22 22
1568 16 24
1569 11 8
1570 20 0
1571 5 8
1572 10 22
1573 26 20
1574 28 8
1575 17 13
1576 30 22
1577 31 25
1578 29 20
1579 10 18
1580 9 0
1581 21 4
1582 20 18
1583 6 24
1584 20 1
1585 19 3
1586 4 15
1587 17 10
1588 19 7
1589 26 4
1590 13 9
1591 29 21
1592 12 29
1593 27 0
1594 18 6
1595 9 1
1596 19 24
1597 14 7
1598 13 19
1599 12 19
1600 5 24
1601 20 27
1602 15 24
1603 30 18
1604 21 25
1605 27 31
1606 31 24
1607 7 31
1608 8 5
1609 2 7
1610 5 21
1611 22 4
1612 7 10
1613 13 0
1614 2 8
1615 18 16
1616 5 15
1617 31 25
1618 23 25
1619 13 13
1620 31 22
1621 27 3
1622 17 6
1623 23 18
1624 21 22
1625 27 18
1626 20 24
1627 21 17
1628 25 0
1629 30 21
1630 16 0
1631 11 3
1632 19 2
1633 31 20
1634 5 27
1635 13 14
1636 2 16
1637 19 3
1638 30 15
1639 21 4
1640 29 8
1641 6 5
1642 22 12
1643 17 24
1644 4 25
1645 19 2
1646 12 6
1647 30 17
1648 8 22
1649 19 3
1650 8 4
1651 31 24
1652 31 15
1653 15 22
1654 3 1
1655 30 25
1656 9 0
1657 6 24
1658 7 7
1659 21 26
1660 24 28
1661 19 27
1662 22 17
1663 12 3
1664 4 15
1665 23 26
1666 27 8
1667 5 28
1668 0 13
1669 29 7
1670 17 9
1671 19 30
1672 5 15
1673 27 19
1674 4 26
1675 27 5
1676 24 12
1677 5 30
1678 5 24
1679 27 6
1680 2 7
1681 10 3
1682 18 25
1683 20 27
1684 7 11
1685 28 31
1686 17 23
1687 5 9
1688 12 8
1689 29 21
1690 11 30
1691 11 27
1692 27 29
1693 28 3
1694 21 17
1695 28 0
1696 28 8
1697 25 4
1698 6 24
1699 16 18
1700 12 0
1701 12 16
1702 27 8
1703 26 21
1704 17 16
1705 15 16
1706 13 10
1707 4 3
1708 19 31
1709 27 3
1710 10 19
1711 24 5
1712 5 31
1713 10 27
1714 5 2
1715 22 22
1716 2 17
1717 24 13
1718 25 2
1719 3 19
1720 11 27
1721 28 3
1722 26 20
1723 15 15
1724 18 26
1725 24 6
1726 13 0
1727 22 4
1728 22 11
1729 23 25
1730 5 30
1731 14 8
1732 16 4
1733 26 29
1734 6 21
1735 15 27
1736 27 0
1737 30 15
1738 24 2
1739 6 22
1740 30 21
1741 17 14
1742 2 1
1743 23 26
1744 27 23
1745 13 19
1746 3 1
1747 29 8
1748 20 2
1749 6 13
1750 11 31
1751 10 27
1752 1 13
1753 16 31
1754 16 24
1755 12 14
1756 30 22
1757 24 5
1758 6 2
1759 5 27
1760 27 13
1761 5 31
1762 23 25
1763 22 12
1764 11 27
1765 27 18
1766 4 25
1767 3 5
1768 26 13
1769 12 0
1770 17 0
1771 21 28
1772 23 26
1773 21 25
1774 2 16
1775 26 4
1776 4 2
1777 6 7
1778 25 18
1779 10 21
1780 31 23
1781 13 29
1782 12 19
1783 7 10
1784 7 7
1785 10 2
1786 8 29
1787 4 26
1788 2 19
1789 17 13
1790 5 8
1791 8 5
1792 22 28
1793 13 26
1794 20 1
1795 6 14
1796 7 29
1797 10 22
1798 4 3
1799 18 25
1800 31 15
1801 11 3
1802 5 28
1803 6 7
1804 0 13
1805 6 13
1806 19 6
1807 10 18
1808 10 21
1809 2 17
1810 11 30
1811 29 21
1812 5 2
1813 19 27
1814 25 17
1815 27 5
1816 8 31
1817 6 2
1818 23 19
1819 7 31
1820 30 15
1821 25 18
1822 8 31
1823 25 5
1824 24 5
1825 19 30
1826 27 6
1827 14 0
1828 27 9
1829 4 15
1830 16 22
1831 8 4
1832 9 1
1833 5 9
1834 29 20
1835 23 9
1836 19 5
1837 16 0
1838 22 0
1839 7 11
1840 15 22
1841 6 21
1842 25 17
1843 22 17
1844 29 25
1845 30 21
1846 31 19
1847 10 22
1848 5 24
1849 10 27
1850 6 22
1851 11 27
1852 10 21
1853 9 0
1854 28 20
1855 28 0
1856 29 20
1857 10 1
1858 3 19
1859 22 11
1860 24 12
1861 21 4
1862 12 26
1863 25 28
1864 13 19
1865 13 26
1866 25 2
1867 18 6
1868 25 18
1869 27 7
1870 19 2
1871 2 8
1872 23 10
1873 12 26
1874 27 3
1875 18 16
1876 7 7
1877 2 19
1878 17 10
1879 15 24
1880 17 6
1881 10 22
1882 19 24
1883 14 7
1884 6 21
1885 27 6
1886 13 14
1887 12 14
1888 0 3
1889 5 27
1890 21 28
1891 17 9
1892 30 25
1893 7 10
1894 5 28
1895 6 0
1896 18 26
1897 17 24
1898 20 12
1899 24 2
1900 22 28
1901 17 4
1902 27 31
1903 10 27
1904 24 0
1905 22 4
1906 25 2
1907 16 30
1908 23 25
1909 19 12
1910 13 6
1911 8 0
1912 21 22
1913 1 13
1914 2 1
1915 7 31
1916 0 13
1917 28 8
1918 13 9
1919 9 0
1920 30 18
1921 27 0
1922 10 21
1923 16 31
1924 21 0
1925 25 5
1926 5 30
1927 28 31
1928 5 31
1929 18 25
1930 12 6
1931 26 9
1932 5 0
1933 16 22
1934 2 7
1935 20 0
1936 16 4
1937 11 8
1938 16 27
1939 23 18
1940 6 24
1941 17 14
1942 30 17
1943 6 0
1944 2 16
1945 16 30
1946 28 20
1947 10 22
1948 20 19
1949 22 12
1950 12 19
1951 24 28
1952 6 14
1953 17 13
1954 22 11
1955 15 25
1956 21 4
1957 6 7
1958 15 27
1959 22 12
1960 15 24
1961 5 2
1962 31 24
1963 17 14
1964 26 21
1965 27 24
1966 13 26
1967 1 3
1968 7 7
1969 28 0
1970 19 31
1971 14 1
1972 16 27
1973 7 11
1974 17 23
1975 29 25
1976 17 4
1977 14 8
1978 6 22
1979 8 31
1980 16 24
1981 21 17
1982 17 13
1983 2 8
1984 29 20
1985 27 9
1986 6 2
1987 5 27
1988 14 7
1989 20 18
1990 23 26
1991 13 10
1992 13 14
1993 4 2
1994 27 7
1995 0 3
1996 25 0
1997 23 25
1998 17 16
1999 27 29
2000 17 0
2001 14 0
2002 10 21
2003 20 1
2004 21 24
2005 6 3
2006 26 9
2007 22 11
2008 5 24
2009 23 19
2010 27 19
2011 17 10
2012 10 22
2013 8 0
2014 21 28
2015 8 5
2016 9 0
2017 11 0
2018 30 19
2019 5 0
2020 13 0
2021 18 16
2022 11 31
2023 14 8
2024 27 0
2025 30 22
2026 22 0
2027 28 9
2028 3 1
2029 12 29
2030 15 27
2031 2 7
2032 31 15
2033 5 14
2034 10 2
2035 13 29
2036 12 29
2037 25 4
2038 5 8
2039 6 2
2040 29 17
2041 19 23
2042 27 23
2043 10 19
2044 11 27
2045 6 21
2046 15 18
2047 24 5
2048 6 6
2049 5 9
2050 6 24
2051 24 6
2052 11 30
2053 16 27
2054 1 13
2055 16 4
2056 31 19
2057 23 18
2058 7 22
2059 1 3
2060 13 29
2061 21 25
2062 22 12
2063 11 31
2064 12 15
2065 15 22
2066 23 0
2067 2 1
2068 22 28
2069 22 11
2070 19 6
2071 24 0
2072 28 8
2073 3 1
2074 2 1
2075 19 30
2076 5 28
2077 19 31
2078 11 1
2079 13 6
2080 30 17
2081 28 9
2082 11 30
2083 13 19
2084 3 19
2085 22 22
2086 5 8
2087 28 3
2088 5 27
2089 31 25
2090 12 8
2091 19 24
2092 12 26
2093 4 16
2094 29 21
2095 20 19
2096 11 8
2097 15 27
2098 19 5
2099 23 9
2100 7 8
2101 28 8
2102 12 19
2103 29 24
2104 17 4
2105 9 2
2106 7 10
2107 8 22
2108 3 6
2109 11 31
2110 16 31
2111 7 7
2112 6 31
2113 3 2
2114 27 24
2115 16 0
2116 4 2
2117 4 15
2118 3 5
2119 14 7
2120 23 26
2121 26 20
2122 12 8
2123 11 8
2124 10 18
2125 30 18
2126 24 2
2127 16 30
2128 7 8
2129 20 0
2130 14 0
2131 2 8
2132 9 31
2133 17 9
2134 30 17
2135 3 2
2136 27 18
2137 28 9
2138 30 15
2139 17 10
2140 16 27
2141 21 28
2142 22 12
2143 2 17
2144 27 31
2145 10 19
2146 7 22
2147 0 13
2148 20 1
2149 18 6
2150 21 24
2151 30 19
2152 8 22
2153 22 11
2154 13 13
2155 27 23
2156 17 14
2157 5 24
2158 0 3
2159 21 25
2160 4 2
2161 27 3
2162 28 31
2163 19 3
2164 10 0
2165 29 20
2166 4 25
2167 24 13
2168 30 21
2169 27 19
2170 16 18
2171 13 9
2172 12 8
2173 20 24
2174 18 26
2175 15 18
2176 31 19
2177 30 22
2178 19 2
2179 13 19
2180 10 21
2181 7 7
2182 29 25
2183 13 0
2184 25 17
2185 1 3
2186 7 8
2187 6 0
2188 11 19
2189 23 19
2190 15 24
2191 13 26
2192 16 4
2193 26 4
2194 17 9
2195 11 30
2196 16 24
2197 17 6
2198 30 19
2199 14 0
2200 25 28
2201 23 25
2202 6 22
2203 9 1
2204 5 9
2205 12 1
2206 17 10
2207 3 1
2208 25 4
2209 6 3
2210 20 0
2211 24 12
2212 22 0
2213 13 14
2214 27 18
2215 22 28
2216 7 11
2217 31 24
2218 4 26
2219 17 9
2220 26 4
2221 23 18
2222 7 5
2223 25 0
2224 18 6
2225 23 10
2226 31 19
2227 20 12
2228 7 10
2229 14 8
2230 26 21
2231 8 31
2232 15 16
2233 7 7
2234 11 0
2235 11 31
2236 12 16
2237 3 6
2238 0 3
2239 5 6
2240 25 18
2241 8 23
2242 27 19
2243 22 12
2244 17 6
2245 6 5
2246 6 24
2247 5 8
2248 17 4
2249 27 18
2250 10 27
2251 16 31
2252 10 3
2253 23 26
2254 17 13
2255 20 1
2256 5 31
2257 20 18
2258 20 27
2259 2 16
2260 16 18
2261 1 13
2262 3 5
2263 4 25
2264 0 13
2265 7 5
2266 26 20
2267 12 29
2268 27 24
2269 25 4
2270 11 30
2271 3 6
2272 20 19
2273 7 31
2274 16 4
2275 30 25
2276 12 14
2277 27 13
2278 16 16
2279 6 2
2280 30 21
2281 8 31
2282 28 20
2283 28 3
2284 31 15
2285 14 7
2286 23 0
2287 27 8
2288 11 27
2289 7 31
2290 24 5
2291 2 7
2292 4 3
2293 7 11
2294 30 15
2295 17 0
2296 27 31
2297 26 13
2298 4 16
2299 26 29
2300 20 18
2301 22 0
2302 15 24
2303 10 0
2304 5 24
2305 23 0
2306 25 17
2307 11 31
2308 14 19
2309 3 5
2310 8 22
2311 25 2
2312 2 8
2313 6 21
2314 10 19
2315 13 0
2316 20 0
2317 19 30
2318 28 10
2319 25 18
2320 13 10
2321 27 29
2322 18 17
2323 2 17
2324 24 2
2325 12 6
2326 2 16
2327 8 31
2328 19 3
2329 17 16
2330 1 3
2331 7 30
2332 25 17
2333 19 24
2334 11 1
2335 13 9
2336 5 9
2337 5 8
2338 9 31
2339 19 12
2340 23 9
2341 8 1
2342 19 31
2343 26 4
2344 16 16
2345 4 2
2346 23 10
2347 6 24
2348 27 3
2349 22 4
2350 25 9
2351 22 17
2352 6 7
2353 7 7
2354 21 28
2355 9 1
2356 4 3
2357 30 18
2358 6 31
2359 11 3
2360 21 17
2361 10 27
2362 22 28
2363 2 19
2364 20 1
2365 25 18
2366 4 26
2367 21 22
2368 13 6
2369 20 24
2370 21 26
2371 7 10
2372 17 24
2373 27 23
2374 8 31
2375 22 0
2376 15 27
2377 29 25
2378 9 0
2379 25 4
2380 7 29
2381 13 14
2382 11 19
2383 1 13
2384 0 13
2385 9 31
2386 4 15
2387 11 27
2388 7 22
2389 26 21
2390 23 25
2391 12 15
2392 10 0
2393 7 11
2394 11 8
2395 5 21
2396 19 6
2397 19 24
2398 24 28
2399 31 25
2400 18 25
2401 6 14
2402 12 16
2403 10 19
2404 26 9
2405 17 14
2406 22 22
2407 16 0
2408 20 12
2409 13 10
2410 23 26
2411 26 20
2412 23 19
2413 31 24
2414 1 13
2415 5 31
2416 3 19
2417 17 13
2418 28 3
2419 27 24
2420 6 7
2421 27 19
2422 10 27
2423 20 24
2424 26 21
2425 22 17
2426 17 23
2427 5 9
2428 19 5
2429 0 3
2430 8 22
2431 18 6
2432 24 0
2433 10 22
2434 17 0
2435 31 20
2436 11 19
2437 20 19
2438 16 30
2439 31 19
2440 10 3
2441 6 21
2442 26 29
2443 30 17
2444 9 0
2445 19 27
2446 28 9
2447 25 28
2448 2 1
2449 21 28
2450 13 9
2451 12 26
2452 25 17
2453 31 15
2454 7 30
2455 28 31
2456 10 21
2457 1 3
2458 16 22
2459 14 0
2460 27 18
2461 21 4
2462 17 6
2463 17 16
2464 10 0
2465 5 0
2466 19 12
2467 10 19
2468 24 28
2469 30 25
2470 17 24
2471 20 0
2472 25 0
2473 15 18
2474 24 6
2475 7 10
2476 11 30
2477 18 6
2478 6 22
2479 18 26
2480 13 0
2481 12 8
2482 20 27
2483 21 25
2484 21 17
2485 31 23
2486 2 7
2487 31 24
2488 16 18
2489 8 1
2490 15 22
2491 19 17
2492 22 28
2493 24 0
2494 20 18
2495 19 30
2496 27 23
2497 13 26
2498 26 4
2499 8 31
2500 17 6
2501 9 31
2502 7 7
2503 6 7
2504 17 4
2505 16 4
2506 4 25
2507 11 8
2508 25 4
2509 20 12
2510 15 18
2511 10 22
2512 30 18
2513 0 13
2514 9 1
2515 16 27
2516 13 10
2517 12 6
2518 6 5
2519 16 31
2520 25 0
2521 19 2
2522 23 18
2523 21 26
2524 24 13
2525 22 4
2526 11 19
2527 19 12
2528 5 8
2529 24 12
2530 8 1
2531 5 15
2532 3 1
2533 29 20
2534 18 6
2535 6 13
2536 19 3
2537 27 19
2538 22 11
2539 21 22
2540 5 24
2541 20 1
2542 27 29
2543 21 25
2544 7 5
2545 26 29
2546 20 5
2547 24 5
2548 27 7
2549 27 31
2550 7 31
2551 2 8
2552 27 13
2553 15 27
2554 6 0
2555 19 27
2556 5 30
2557 9 30
2558 6 21
2559 6 24
2560 15 25
2561 24 6
2562 2 7
2563 0 3
2564 7 22
2565 18 17
2566 14 8
2567 2 1
2568 20 12
2569 5 5
2570 26 4
2571 25 4
2572 26 8
2573 31 20
2574 28 20
2575 8 5
2576 29 25
2577 7 7
2578 5 24
2579 6 7
2580 31 19
2581 3 6
2582 12 8
2583 19 2
2584 16 18
2585 19 12
2586 23 19
2587 20 27
2588 23 0
2589 27 3
2590 25 18
2591 11 27
2592 12 26
2593 9 0
2594 4 26
2595 23 25
2596 13 9
2597 2 19
2598 20 0
2599 28 0
2600 28 8
2601 27 6
2602 21 28
2603 19 3
2604 30 17
2605 26 9
2606 16 24
2607 7 5
2608 17 24
2609 1 13
2610 27 9
2611 29 8
2612 26 13
2613 30 18
2614 17 14
2615 20 19
2616 4 2
2617 27 7
2618 13 19
2619 22 17
2620 6 3
2621 29 20
2622 24 13
2623 19 2
2624 13 6
2625 10 0
2626 9 0
2627 31 25
2628 23 26
2629 3 1
2630 23 9
2631 8 5
2632 17 4
2633 27 29
2634 31 24
2635 10 19
2636 28 20
2637 24 12
2638 14 7
2639 11 8
2640 12 15
2641 11 19
2642 9 31
2643 13 26
2644 16 4
2645 8 2
2646 6 14
2647 7 30
2648 2 8
2649 1 3
2650 27 0
2651 20 1
2652 5 28
2653 23 25
2654 14 19
2655 11 2
2656 28 9
2657 31 20
2658 26 20
2659 31 19
2660 15 18
2661 5 31
2662 28 31
2663 5 21
2664 22 0
2665 26 4
2666 6 2
2667 16 22
2668 27 13
2669 16 0
2670 23 10
2671 22 22
2672 21 17
2673 5 0
2674 10 19
2675 6 21
2676 23 26
2677 26 13
2678 9 1
2679 2 7
2680 19 17
2681 8 3
2682 21 26
2683 24 5
2684 29 7
2685 23 0
2686 4 25
2687 14 0
2688 12 6
2689 20 18
2690 6 5
2691 18 16
2692 25 2
2693 5 5
2694 15 22
2695 0 3
2696 4 15
2697 19 6
2698 26 21
2699 8 31
2700 13 10
2701 22 17
2702 27 8
2703 0 13
2704 5 15
2705 16 18
2706 10 27
2707 16 30
2708 4 15
2709 15 24
2710 13 6
2711 19 31
2712 6 24
2713 7 11
2714 17 0
2715 12 26
2716 21 22
2717 19 30
2718 25 5
2719 18 6
2720 5 14
2721 21 4
2722 8 2
2723 16 24
2724 15 24
2725 27 7
2726 27 18
2727 27 13
2728 13 0
2729 30 17
2730 23 25
2731 7 29
2732 6 3
2733 20 19
2734 27 19
2735 22 22
2736 31 25
2737 19 27
2738 10 21
2739 16 22
2740 16 31
2741 7 31
2742 3 5
2743 24 2
2744 13 29
2745 13 19
2746 17 10
2747 22 4
2748 2 8
2749 8 29
2750 12 19
2751 22 12
2752 12 16
2753 16 27
2754 27 18
2755 3 6
2756 2 7
2757 11 27
2758 22 11
2759 29 24
2760 12 6
2761 4 26
2762 30 25
2763 26 13
2764 28 3
2765 21 25
2766 20 27
2767 6 0
2768 9 0
2769 13 26
2770 7 10
2771 25 28
2772 7 11
2773 30 19
2774 17 13
2775 13 6
2776 27 24
2777 23 26
2778 28 0
2779 20 4
2780 23 18
2781 19 3
2782 23 19
2783 5 30
2784 3 5
2785 5 24
2786 17 9
2787 19 27
2788 19 31
2789 2 17
2790 27 8
2791 19 24
2792 2 1
2793 22 12
2794 15 22
2795 20 27
2796 22 0
2797 10 18
2798 5 21
2799 14 8
2800 16 24
2801 8 22
2802 23 0
2803 12 6
2804 27 23
2805 26 0
2806 23 25
2807 15 27
2808 25 4
2809 15 18
2810 5 27
2811 5 31
2812 13 19
2813 4 16
2814 7 7
2815 3 6
2816 30 15
2817 18 25
2818 17 4
2819 18 26
2820 29 20
2821 13 6
2822 2 16
2823 24 13
2824 1 3
2825 7 10
2826 16 30
2827 20 24
2828 27 13
2829 14 7
2830 6 21
2831 12 14
2832 24 12
2833 19 30
2834 4 25
2835 6 2
2836 21 26
2837 17 14
2838 10 4
2839 12 19
2840 22 11
2841 16 31
2842 19 31
2843 18 25
2844 6 7
2845 5 30
2846 29 23
2847 19 18
2848 5 31
2849 13 14
2850 13 19
2851 6 14
2852 29 0
2853 17 13
2854 28 10
2855 19 2
2856 1 13
2857 28 0
2858 6 24
2859 4 26
2860 3 5
2861 29 0
2862 19 6
2863 6 22
2864 25 2
2865 0 3
2866 12 6
2867 12 8
2868 22 28
2869 12 14
2870 12 26
2871 13 14
2872 14 0
2873 23 18
2874 6 3
2875 13 0
2876 7 11
2877 29 25
2878 28 20
2879 19 30
2880 16 18
2881 10 3
2882 5 2
2883 14 0
2884 12 29
2885 31 15
2886 14 8
2887 28 9
2888 16 22
2889 24 28
2890 28 0
2891 20 0
2892 19 27
2893 30 22
2894 4 2
2895 13 26
2896 8 23
2897 19 3
2898 5 30
2899 10 19
2900 12 26
2901 7 7
2902 13 9
2903 4 25
2904 19 24
2905 22 12
2906 23 26
2907 30 21
2908 13 29
2909 26 13
2910 9 1
2911 12 15
2912 11 1
2913 21 17
2914 13 10
2915 29 22
2916 20 24
2917 27 3
2918 15 18
2919 3 6
2920 27 19
2921 17 14
2922 13 26
2923 20 12
2924 7 10
2925 11 3
2926 22 11
2927 7 11
2928 5 24
2929 12 29
2930 31 19
2931 18 26
2932 16 30
2933 26 29
2934 12 19
2935 13 0
2936 18 25
2937 5 9
2938 21 28
2939 5 0
2940 5 14
2941 3 19
2942 24 2
2943 21 25
2944 20 5
2945 25 28
2946 13 6
2947 1 3
2948 10 18
2949 22 12
2950 8 3
2951 30 18
2952 10 19
2953 21 4
2954 25 17
2955 27 24
2956 19 17
2957 5 28
2958 27 13
2959 24 13
2960 27 18
2961 30 22
2962 15 24
2963 28 10
2964 6 7
2965 2 19
2966 6 0
2967 7 5
2968 17 13
2969 19 12
2970 9 0
2971 20 4
2972 26 13
2973 19 31
2974 19 30
2975 7 7
2976 19 31
2977 12 14
2978 30 25
2979 27 31
2980 6 21
2981 26 20
2982 11 0
2983 4 15
2984 22 4
2985 28 8
2986 19 18
2987 9 1
2988 16 27
2989 24 12
2990 12 0
2991 21 26
2992 23 25
2993 6 22
2994 29 8
2995 6 5
2996 5 2
2997 25 0
2998 6 14
2999 6 2
3000 10 22
3001 30 15
3002 24 28
3003 10 27
3004 23 9
3005 21 22
3006 20 5
3007 5 8
3008 16 4
3009 3 1
3010 28 31
3011 23 19
3012 20 12
3013 5 14
3014 13 19
3015 17 16
3016 18 16
3017 3 5
3018 15 27
3019 30 21
3020 5 31
3021 25 5
3022 16 0
3023 29 20
3024 11 8
3025 17 16
3026 5 9
3027 27 29
3028 11 31
3029 28 3
3030 21 4
3031 20 1
3032 22 0
3033 24 0
3034 19 24
3035 0 3
3036 17 4
3037 2 17
3038 13 9
3039 30 17
3040 6 24
3041 17 10
3042 11 19
3043 11 0
3044 7 30
3045 16 31
3046 12 6
3047 29 25
3048 13 10
3049 1 3
3050 29 7
3051 18 6
3052 20 0
3053 19 30
3054 2 1
3055 27 0
3056 25 2
3057 7 10
3058 8 22
3059 4 26
3060 26 29
3061 20 1
3062 23 18
3063 28 9
3064 27 31
3065 2 16
3066 20 4
3067 19 17
3068 10 3
3069 19 2
3070 5 27
3071 18 26
# colocadas=3072 ocupadas=100 mayor=222
