# semilla=4
32 100
3072
31 5
14 7
62 3
12 2
3 7
71 5
98 1
29 9
69 6
36 3
14 5
28 1
83 5
35 4
22 5
38 6
12 6
86 7
65 4
23 4
61 5
12 9
39 1
38 5
98 9
25 7
55 5
56 8
21 4
40 5
6 2
6 8
81 5
67 9
83 8
90 6
19 4
9 7
26 8
36 3
46 7
96 6
82 9
26 6
13 1
91 4
36 4
16 6
23 5
59 1
6 6
90 2
37 6
3 6
37 6
20 7
80 2
38 4
57 5
18 5
49 3
43 1
47 1
59 3
47 6
38 2
57 4
55 4
15 1
8 1
95 3
77 3
78 1
70 8
75 4
42 1
16 9
38 7
84 4
62 4
31 8
53 8
5 4
54 8
32 7
28 8
25 1
5 5
33 4
68 4
99 4
54 5
19 6
7 6
73 2
73 7
84 1
64 7
12 7
27 3
44 5
85 8
83 6
54 9
28 5
44 7
64 2
36 4
6 7
80 3
99 5
86 1
22 8
73 8
96 7
50 4
1 4
21 1
79 5
15 7
99 7
29 9
7 4
21 6
72 8
68 8
4 2
5 2
63 9
33 3
6 6
11 9
2 5
45 2
11 9
59 7
27 5
50 4
98 8
52 2
10 2
80 6
66 7
54 8
9 4
82 5
62 7
16 9
22 6
21 3
91 3
42 8
44 5
70 1
91 3
1 5
16 9
15 8
92 8
68 2
67 4
53 5
46 4
99 3
81 1
87 1
79 6
70 8
73 5
65 8
79 8
51 3
33 6
85 6
18 7
11 3
87 3
37 6
26 6
87 2
10 7
83 3
43 6
42 3
39 1
78 1
68 2
46 2
21 3
75 8
85 2
98 2
23 8
87 4
80 5
89 7
77 4
63 4
40 6
30 6
69 9
58 7
65 7
41 5
57 7
76 1
33 3
70 8
89 9
79 6
52 7
80 1
20 9
9 8
81 6
78 5
12 5
62 4
82 8
78 2
20 4
9 5
17 1
21 7
75 9
92 9
34 1
68 4
21 2
27 1
41 2
16 5
8 5
79 3
94 3
84 7
17 2
72 6
89 1
93 9
20 9
53 3
28 5
62 9
9 7
22 3
33 9
51 9
88 5
52 6
22 7
8 7
4 5
87 1
39 3
11 3
15 1
30 4
71 1
62 9
24 8
94 7
44 3
68 4
14 8
80 6
40 7
77 1
81 4
33 5
62 6
11 4
41 2
85 1
78 6
68 8
46 2
23 1
64 9
70 4
5 4
87 2
44 3
90 5
15 9
66 1
10 4
80 5
80 1
94 1
2 8
90 3
28 6
32 6
39 7
81 7
5 3
53 8
9 9
66 5
72 5
27 7
42 3
28 1
62 7
36 6
97 7
81 7
42 4
33 5
66 2
4 7
34 5
87 3
79 6
12 3
80 2
90 4
33 4
83 8
98 2
83 6
2 8
73 4
22 2
32 9
13 2
41 5
73 3
96 2
85 3
92 1
97 3
87 4
34 1
76 6
81 6
95 6
21 3
97 4
7 1
21 1
87 5
91 8
14 4
18 7
62 9
64 9
42 6
56 7
5 1
24 3
46 4
38 4
47 4
80 6
50 6
69 2
29 4
45 3
69 4
3 1
16 4
38 6
70 8
6 5
93 7
21 3
49 8
45 6
1 8
90 3
58 1
96 7
28 2
43 5
77 9
7 2
62 3
87 9
8 3
79 4
77 6
77 1
93 1
49 7
30 3
80 1
18 3
78 5
30 7
95 6
70 6
22 6
87 9
85 6
34 6
69 1
70 3
47 4
64 8
16 2
81 4
21 3
71 3
77 1
69 6
11 1
78 3
70 3
34 1
38 8
36 4
83 8
98 5
68 1
18 5
54 1
1 6
68 6
10 4
56 2
55 1
37 4
87 4
23 4
92 2
12 1
1 5
67 9
68 7
9 2
67 6
86 3
81 4
66 9
8 1
9 3
56 3
14 9
42 9
44 5
18 2
75 2
78 1
21 1
99 5
70 7
100 5
76 6
98 3
68 6
69 8
32 8
22 8
84 9
4 9
73 4
34 8
43 3
39 3
41 5
41 4
69 8
80 5
35 6
85 3
41 2
30 6
82 4
23 8
13 5
5 9
1 1
1 9
23 4
32 6
83 7
50 4
81 8
94 7
38 9
12 6
6 2
24 1
53 1
51 3
56 1
72 4
48 6
66 6
88 3
1 6
47 2
98 7
74 4
63 6
74 7
71 2
51 3
12 8
50 9
27 1
12 5
13 3
17 8
57 6
98 7
41 7
86 5
51 2
44 7
66 2
91 8
56 6
30 3
55 5
16 6
69 1
67 4
79 3
100 8
30 9
46 7
57 7
69 2
64 1
90 7
98 6
61 5
26 3
43 6
20 5
70 8
99 3
63 7
95 8
45 9
97 1
96 7
33 3
83 9
23 1
59 5
17 1
1 4
99 6
20 6
42 8
74 4
36 1
86 2
5 8
15 4
29 8
69 2
70 3
23 4
1 4
66 4
29 1
65 8
42 6
34 7
74 3
91 6
85 2
79 5
34 2
8 6
91 1
100 7
9 4
92 4
7 8
94 7
47 2
98 2
19 8
91 7
66 7
90 2
22 3
5 3
81 8
69 9
61 8
47 7
32 5
35 1
35 7
89 6
90 5
91 2
21 9
100 4
21 7
85 9
17 3
79 4
72 2
70 2
40 1
11 9
59 2
83 9
1 5
34 4
99 4
15 5
75 7
35 9
35 1
14 7
47 3
95 8
77 6
91 4
63 4
22 3
43 1
27 4
94 9
60 9
42 3
79 3
47 9
56 8
47 6
89 2
59 8
35 5
20 2
91 5
96 8
77 9
84 8
90 8
11 5
48 9
13 5
79 1
21 7
66 3
87 7
62 3
5 6
29 4
52 9
22 4
61 8
39 7
35 6
56 4
90 1
95 1
100 9
25 1
68 8
43 5
98 1
17 6
7 7
54 6
32 6
57 6
51 1
50 3
18 8
53 5
99 3
92 8
68 6
48 2
99 3
19 5
80 9
85 3
9 8
86 9
5 5
80 4
99 1
56 7
35 8
22 1
14 3
53 5
72 8
100 2
82 6
34 9
95 8
22 1
44 5
33 5
50 6
8 3
55 5
73 2
31 2
13 8
77 5
53 2
50 7
100 8
67 8
74 3
87 8
66 3
37 6
36 2
57 9
77 9
90 4
38 9
50 5
69 8
97 9
43 1
42 8
48 9
45 3
29 4
79 6
77 2
34 7
58 5
84 7
65 3
76 7
29 7
37 6
96 3
33 8
28 4
62 2
83 8
76 3
9 5
78 1
20 6
51 6
47 3
11 9
8 8
48 3
93 6
96 6
12 6
66 9
14 9
60 8
65 8
24 3
96 6
53 3
70 5
60 3
23 4
93 8
25 7
17 9
4 5
21 9
31 6
20 9
85 4
41 7
95 2
6 6
66 5
22 8
13 5
94 4
81 3
79 2
68 6
12 1
18 3
79 2
23 5
22 1
88 6
41 5
60 8
20 2
65 6
38 5
85 5
8 9
1 9
57 5
1 9
47 2
91 5
83 1
94 9
100 9
57 2
62 7
60 9
61 9
96 8
42 1
67 4
87 3
51 5
78 6
63 1
35 3
54 4
69 7
48 2
28 7
34 4
75 8
16 3
15 2
94 8
19 7
73 2
30 4
73 9
22 3
22 2
35 3
97 5
28 5
11 2
55 7
59 5
67 7
28 2
50 8
59 9
62 5
39 6
25 5
25 8
29 9
25 8
42 7
19 6
64 4
34 4
61 1
71 3
77 4
68 9
8 6
60 7
67 1
92 5
30 3
9 4
55 4
21 3
15 8
100 5
17 1
19 9
27 6
92 7
35 1
43 7
28 7
39 3
55 3
39 2
14 4
13 5
51 7
97 5
25 3
41 2
33 9
77 1
37 8
82 8
47 9
98 4
93 7
94 5
88 7
63 6
9 7
52 1
100 3
3 8
69 6
42 3
78 7
29 5
47 8
70 4
30 7
10 3
45 4
72 4
93 5
13 3
35 7
95 8
24 2
84 1
14 2
65 2
55 2
85 3
27 5
56 2
89 3
48 3
89 8
4 8
75 5
53 4
63 3
77 7
81 8
68 1
94 4
33 5
97 8
73 3
15 1
9 6
31 9
74 9
21 7
97 9
86 3
61 8
82 7
68 5
13 6
17 8
86 8
18 3
28 2
51 4
49 5
36 2
8 6
57 1
8 6
99 8
64 7
23 3
97 7
20 6
100 9
65 5
38 8
66 7
98 7
81 7
21 3
13 4
58 3
45 6
7 9
59 1
68 6
68 7
96 4
98 7
68 5
79 3
1 7
68 3
17 2
76 6
38 1
64 1
66 5
62 9
39 7
72 8
26 2
92 1
23 4
41 4
17 8
67 2
39 5
38 4
77 1
81 9
28 9
29 9
5 1
32 6
30 1
88 3
97 6
17 3
49 6
88 5
7 8
59 5
90 3
64 5
48 1
27 4
66 3
44 2
79 4
4 2
6 3
93 8
38 6
91 3
82 9
76 3
63 1
56 4
95 6
33 6
8 3
98 7
15 1
69 3
41 4
25 2
25 1
62 1
41 7
36 7
64 1
56 7
94 9
8 5
25 3
17 7
64 2
67 7
78 8
89 8
19 7
68 4
26 5
11 6
87 2
60 3
100 9
67 3
13 6
48 6
67 3
85 5
81 5
33 5
75 5
3 2
87 9
28 4
56 4
95 3
75 5
90 3
54 3
9 5
17 3
76 3
16 7
8 4
99 2
88 4
2 7
42 3
34 9
48 2
34 1
20 6
10 8
7 9
34 2
93 8
34 7
23 3
31 6
61 7
62 2
75 4
54 7
52 1
24 7
61 9
62 6
24 9
20 3
62 3
34 1
100 2
18 3
65 5
63 5
18 9
60 6
73 3
47 1
57 9
24 4
86 6
41 3
91 3
73 9
30 6
3 2
77 6
96 6
70 1
69 4
42 6
80 7
65 7
11 9
21 3
8 3
82 6
53 1
66 5
46 9
19 5
20 7
13 3
84 4
98 2
78 2
2 6
99 9
1 5
14 3
86 4
37 1
26 2
7 1
20 8
99 6
87 4
72 7
54 9
70 6
6 3
68 5
33 1
99 9
38 5
44 2
58 8
42 4
7 8
2 4
34 8
26 6
87 6
31 7
42 6
36 3
14 9
30 7
81 8
13 4
38 6
64 8
90 8
74 7
78 6
63 5
47 1
58 2
41 1
16 7
44 4
98 9
95 7
58 8
94 5
68 4
8 9
28 5
46 5
8 2
9 2
1 6
69 9
16 4
36 7
78 4
29 4
40 4
24 1
64 3
69 3
48 5
76 5
81 2
21 4
79 6
57 5
100 7
66 7
10 8
17 9
40 2
73 7
42 9
94 1
22 8
84 7
54 9
61 8
49 2
5 9
57 4
40 6
92 3
72 1
90 5
39 6
75 1
2 3
93 1
36 6
73 3
12 6
23 9
8 2
7 7
80 2
77 8
51 7
96 1
4 2
9 4
75 8
41 1
53 2
21 8
48 1
81 3
91 2
92 1
71 9
6 2
80 6
65 6
38 1
21 4
61 7
61 1
69 5
83 1
49 1
98 3
93 2
3 4
82 1
94 9
18 1
25 5
18 6
23 2
98 7
6 5
77 9
38 2
22 9
60 3
77 6
39 2
19 5
91 2
15 9
11 6
12 2
84 7
83 2
67 7
90 2
4 5
29 7
75 2
48 7
58 5
16 9
45 7
73 7
29 3
55 9
30 9
66 4
18 3
28 1
74 1
11 2
8 5
99 9
27 8
38 4
31 5
54 6
91 8
48 8
47 2
1 1
34 7
15 9
6 8
80 9
86 8
47 6
80 7
35 5
20 2
34 8
25 7
8 2
93 1
86 2
4 4
76 8
71 6
46 9
84 3
96 1
92 3
42 2
84 4
6 7
65 9
78 7
28 2
48 1
56 2
10 7
89 5
2 1
44 5
12 3
81 4
15 8
12 3
85 9
52 2
29 7
21 3
87 6
82 4
92 3
94 1
35 8
13 1
12 6
89 1
72 5
94 3
90 6
4 8
21 5
67 2
95 9
50 6
21 6
1 1
82 1
18 1
90 5
80 6
59 6
48 8
94 6
82 3
99 7
55 3
60 5
47 8
80 5
67 6
10 9
24 3
75 9
42 6
7 4
40 7
6 1
13 3
67 7
94 1
98 6
29 6
82 2
62 9
29 4
56 2
29 6
75 5
79 4
13 9
62 4
70 2
29 4
12 4
52 3
86 7
55 4
58 5
67 7
67 1
48 8
9 2
60 7
49 3
73 6
57 1
90 5
17 3
51 6
33 1
60 5
8 1
12 7
5 6
42 9
25 6
19 4
56 9
54 9
32 7
3 9
15 9
88 9
25 1
15 2
25 1
50 3
100 8
51 8
33 6
38 2
71 8
59 7
12 8
75 8
92 7
14 8
96 6
60 8
85 6
70 3
3 3
20 3
100 5
62 6
77 4
86 1
44 1
49 7
9 1
44 9
26 9
57 2
19 3
40 4
46 5
77 6
77 2
28 8
58 4
37 4
1 4
53 3
97 8
34 7
96 5
79 2
49 7
95 6
76 4
33 7
97 8
16 5
1 6
83 4
9 6
34 5
41 6
68 8
34 8
30 7
90 7
79 3
51 8
86 5
83 9
29 4
4 6
12 9
39 9
27 8
4 9
18 3
96 2
73 8
66 9
91 2
94 1
14 3
52 9
49 1
6 5
93 3
92 6
39 5
73 5
23 9
55 2
54 5
64 6
86 6
65 7
1 9
26 5
55 4
56 4
91 5
95 9
28 2
25 3
46 8
67 1
60 7
21 5
54 9
87 2
35 9
70 4
20 3
17 7
7 3
28 5
62 5
96 2
88 6
69 5
54 1
56 5
12 1
39 6
63 9
69 7
31 1
79 9
35 3
49 2
28 5
89 7
61 8
87 6
37 2
30 7
56 8
31 2
35 8
64 4
60 9
63 8
3 2
20 7
51 5
92 9
13 1
96 9
50 6
17 9
90 9
28 2
1 3
34 9
80 3
61 3
74 3
95 8
83 1
1 2
13 7
64 7
63 5
44 1
38 5
18 6
80 9
57 4
48 8
89 4
55 9
85 1
69 1
57 5
64 5
35 9
18 8
78 6
27 2
98 1
33 7
71 4
5 4
36 4
86 3
28 5
90 8
76 7
97 2
73 9
17 4
6 8
37 4
38 9
78 2
76 4
59 6
84 9
2 1
70 5
54 5
52 5
42 2
65 2
53 2
9 3
74 4
71 9
26 7
63 2
11 3
60 1
37 6
78 3
6 9
18 2
42 3
42 5
3 2
39 8
33 7
69 8
83 1
26 1
48 9
99 3
74 7
3 3
69 5
64 2
96 6
64 9
63 6
42 5
10 9
98 9
77 9
31 4
33 4
90 5
74 6
9 3
84 4
49 3
9 9
44 9
8 9
81 3
76 5
8 3
7 9
98 3
33 4
33 9
32 2
79 5
44 9
22 3
33 4
77 4
22 8
89 1
55 3
73 3
35 8
38 2
63 5
53 6
21 5
73 8
1 2
30 4
30 4
43 4
73 5
59 5
42 2
82 4
46 2
95 2
34 9
48 3
57 7
50 8
74 9
77 2
54 9
4 4
51 4
78 5
41 7
51 1
66 9
75 2
10 6
95 1
16 6
61 1
39 3
40 9
41 6
4 5
38 8
24 6
23 1
32 8
70 9
23 2
30 5
29 3
1 1
92 9
43 5
83 3
76 1
70 5
100 1
59 7
67 2
95 7
75 5
63 5
29 3
77 5
60 3
4 1
11 9
57 2
32 1
28 7
20 4
30 7
17 2
12 2
59 2
58 1
82 9
50 1
75 2
7 2
84 9
97 9
23 6
29 9
59 7
11 3
73 7
76 8
39 2
68 4
28 3
15 5
19 7
25 8
41 9
3 9
80 4
2 9
15 3
66 3
46 8
97 3
91 2
91 3
99 4
6 2
94 6
95 6
12 4
84 1
50 3
46 6
85 9
51 5
4 1
59 9
36 6
52 2
55 1
19 3
39 6
65 5
34 2
10 7
60 5
68 2
58 8
33 7
64 3
31 9
99 5
9 1
49 4
17 1
34 3
14 4
62 7
1 2
7 8
7 3
99 7
12 1
88 8
65 9
9 8
31 2
23 5
2 9
41 9
41 4
18 7
10 4
70 4
16 8
31 8
99 2
67 2
46 6
58 7
21 4
80 9
26 4
10 4
38 7
12 9
61 2
17 3
94 7
76 3
59 1
90 4
27 7
17 2
96 6
40 9
91 4
71 1
88 1
37 6
20 7
15 2
72 2
37 2
52 6
83 7
65 8
27 6
95 3
82 4
61 5
5 9
20 4
36 9
33 8
90 5
60 9
32 7
96 6
5 4
74 6
94 2
1 5
4 4
24 1
10 4
3 7
89 9
44 9
18 4
9 8
90 2
95 9
10 4
87 2
66 6
63 2
30 1
99 7
65 1
7 3
60 4
86 8
78 6
25 8
25 9
58 2
76 8
15 9
8 2
100 2
69 8
89 8
29 4
57 5
19 6
24 1
6 1
52 7
14 4
60 9
7 6
12 1
27 4
58 2
75 2
58 1
49 6
59 9
67 7
56 4
19 8
10 8
24 8
86 9
14 7
93 5
37 9
96 5
62 9
60 1
6 7
86 2
63 3
91 9
87 7
95 6
22 2
24 7
43 4
39 6
4 7
94 1
45 3
54 1
68 6
75 8
76 9
67 6
64 2
71 7
99 4
36 1
78 5
85 5
55 3
77 5
73 1
93 6
37 1
86 1
10 5
17 5
27 7
46 8
20 3
16 1
23 1
95 5
22 3
61 8
100 8
27 2
69 6
82 6
24 4
16 8
93 4
54 8
75 9
96 6
20 5
36 9
52 2
82 3
72 1
60 3
33 4
91 2
75 5
61 5
62 6
99 2
5 7
73 1
4 9
77 6
51 9
4 2
47 1
91 1
22 9
57 1
85 6
93 3
8 4
33 4
8 8
73 1
11 6
56 1
31 8
44 6
14 8
20 1
84 8
99 5
62 3
89 7
78 2
24 1
69 7
36 8
15 9
27 2
82 8
77 7
63 3
43 5
23 3
82 2
53 8
9 6
89 4
9 8
39 4
45 9
1 7
94 8
21 3
32 7
81 2
15 6
14 1
93 5
96 5
9 4
69 8
25 5
33 4
39 5
77 7
48 7
92 8
35 8
76 1
18 6
27 3
41 2
71 4
19 7
88 3
8 9
42 6
2 7
83 2
87 9
58 5
9 1
84 9
29 8
54 7
5 4
37 3
30 3
41 8
7 6
6 5
95 5
84 6
51 3
52 8
46 5
50 6
33 1
96 4
85 2
37 1
64 5
72 6
4 5
44 1
13 7
62 3
4 5
52 7
27 5
43 7
80 3
13 8
47 4
10 5
85 4
100 8
86 4
3 4
87 6
29 7
53 9
29 7
23 2
61 7
69 2
58 8
46 7
96 3
3 7
73 6
18 7
72 1
93 7
69 5
68 4
70 6
86 2
40 3
48 8
80 5
3 8
23 3
58 9
100 8
75 2
86 6
13 8
5 9
99 5
45 5
39 6
87 9
28 4
67 4
75 9
92 7
26 5
10 1
28 4
48 3
18 4
100 6
83 2
7 2
11 4
65 3
56 2
92 3
10 4
13 6
75 5
86 1
70 9
6 7
22 3
79 6
20 3
22 9
39 4
17 2
29 9
24 7
51 2
84 7
2 8
87 3
36 7
40 2
45 4
28 6
56 6
53 1
18 3
32 5
71 5
77 7
85 4
85 5
58 6
16 3
68 9
21 8
15 4
99 5
81 5
45 5
71 1
95 1
94 9
89 5
30 5
58 8
95 5
88 1
29 2
25 3
98 5
16 3
2 9
63 4
96 5
5 6
46 3
69 2
12 6
88 5
35 2
50 2
100 3
66 5
31 2
42 3
81 7
20 2
41 8
43 6
98 3
46 9
62 3
90 2
38 4
65 7
91 1
26 9
26 6
44 3
36 8
92 1
39 2
57 2
55 5
70 9
72 9
19 5
59 8
77 8
41 6
1 2
39 1
71 9
23 7
62 2
96 2
42 3
39 1
29 8
4 9
30 8
4 7
91 9
23 5
69 8
5 6
73 5
92 1
47 2
56 8
40 9
33 4
46 1
26 3
87 5
51 5
97 6
77 4
59 3
86 7
99 7
10 5
73 6
13 7
56 4
55 6
35 3
50 1
96 1
49 8
76 8
14 3
73 6
94 5
70 8
22 4
66 8
82 1
2 8
23 4
45 4
66 2
30 9
95 6
40 2
18 8
15 8
55 2
67 9
26 3
92 6
22 5
68 9
92 3
1 7
12 5
98 3
20 4
42 1
20 4
99 7
22 7
90 7
32 9
27 9
31 2
47 3
56 8
54 8
33 3
68 2
36 7
70 5
47 5
9 8
79 7
46 6
98 2
47 6
26 9
58 1
87 7
44 5
21 7
54 4
2 4
40 6
94 4
90 1
36 7
1 9
75 5
80 6
53 7
6 8
61 4
21 5
14 3
28 1
63 2
63 6
72 3
57 6
36 2
95 2
73 1
16 9
76 3
63 8
93 7
59 5
24 6
97 8
89 9
71 8
69 5
45 2
16 9
25 4
42 2
26 6
8 4
10 9
7 5
29 4
61 8
76 7
17 5
9 4
50 6
97 2
32 9
81 3
88 8
76 2
31 6
63 6
65 4
16 9
44 9
27 7
76 8
90 9
50 4
68 1
50 6
77 9
45 9
52 7
62 5
34 6
64 3
93 8
10 3
47 8
41 5
79 4
76 5
46 6
37 2
98 4
22 9
73 6
41 6
55 7
28 8
62 8
82 8
26 5
85 3
28 7
94 7
91 7
85 9
21 2
71 1
15 8
51 2
14 1
46 8
55 5
100 5
14 3
76 7
41 1
18 1
2 9
63 4
100 5
73 5
48 5
98 6
91 9
83 3
75 3
37 7
81 5
47 9
61 4
73 2
78 4
52 9
43 9
29 7
51 9
54 3
66 2
46 7
90 3
75 2
52 5
34 9
88 2
62 5
54 4
5 2
28 2
75 9
50 7
74 6
20 9
2 5
67 7
26 2
57 6
77 9
19 9
74 8
81 2
24 6
71 5
66 4
7 6
54 3
3 1
75 8
6 3
15 2
63 2
41 8
89 7
20 4
66 1
49 2
16 5
13 4
79 9
50 8
5 5
70 1
60 8
51 8
68 2
55 8
66 7
85 6
92 1
14 1
38 1
19 2
52 1
40 5
46 6
22 5
55 8
21 1
49 2
62 8
64 4
46 2
55 4
43 5
26 7
72 9
50 5
91 6
10 4
17 9
46 8
41 1
42 9
40 7
39 2
40 1
75 6
19 6
32 7
90 1
66 4
47 3
78 2
5 2
62 5
95 5
23 2
1 7
95 7
33 3
45 7
70 1
11 7
62 9
47 1
78 3
78 3
62 3
8 3
89 1
9 1
61 1
29 5
98 5
44 9
65 5
55 4
96 6
26 8
20 2
30 4
79 3
95 7
27 7
33 1
12 2
46 2
6 3
26 5
45 9
47 3
12 3
11 8
95 8
59 3
82 4
26 3
33 2
55 6
20 9
56 7
1 2
42 2
89 3
69 1
72 3
43 4
47 8
97 5
53 7
59 4
8 2
21 7
48 7
81 3
81 1
57 1
74 8
91 5
30 2
73 4
62 8
22 5
4 6
45 2
16 9
98 2
8 6
72 5
72 5
53 3
91 2
18 3
10 6
4 2
6 8
53 6
69 4
47 6
50 8
39 7
90 1
99 8
36 3
22 6
65 8
33 1
51 9
97 8
26 7
51 2
7 1
4 7
8 2
98 9
59 2
76 2
39 8
18 9
84 6
64 6
84 5
9 9
75 7
48 7
33 3
15 8
89 5
83 2
51 6
24 4
97 8
12 5
49 1
60 6
6 8
99 4
94 8
14 2
38 2
83 8
10 7
42 3
36 4
68 5
86 2
85 1
25 9
22 8
5 3
17 3
54 7
77 5
42 4
83 1
15 3
99 7
88 9
98 4
22 3
45 9
22 2
89 4
91 1
92 8
36 9
26 9
18 3
87 7
91 9
40 8
53 1
20 3
72 2
10 2
11 3
44 5
58 9
29 9
32 9
11 9
58 2
35 8
33 7
59 9
8 6
96 1
81 9
65 6
83 8
28 3
9 8
76 8
50 7
39 1
76 4
3 9
76 4
58 4
91 4
56 8
64 4
71 2
47 3
52 5
76 5
61 7
13 5
29 5
14 9
71 4
58 2
91 6
47 5
66 4
41 2
31 7
67 3
6 5
18 8
78 2
22 6
96 8
98 6
88 2
20 2
57 5
88 6
28 4
65 4
93 9
79 4
97 7
6 8
80 3
28 9
21 7
67 3
25 8
34 5
10 2
39 2
2 7
97 4
31 2
62 9
12 5
54 1
78 8
28 6
61 1
40 6
13 7
7 4
50 3
27 5
95 3
36 6
98 8
93 6
71 3
48 6
30 5
56 4
79 8
67 2
13 8
62 6
13 6
39 6
22 6
67 6
17 7
32 5
5 2
12 5
4 5
14 9
52 2
43 6
27 3
15 2
62 1
93 5
80 5
72 1
49 7
43 1
9 8
91 5
19 6
39 1
91 8
51 4
1 9
19 1
9 8
97 5
65 1
73 4
83 3
87 1
27 4
58 6
45 3
13 3
48 8
39 9
90 1
4 2
44 7
43 8
9 9
84 2
41 8
12 7
41 1
36 3
58 3
41 4
95 2
65 7
60 5
16 4
74 6
4 8
66 5
75 2
10 8
69 4
95 7
93 7
22 9
88 8
92 9
30 3
46 2
55 9
87 2
32 5
81 4
22 3
88 1
11 3
42 8
54 3
25 8
33 9
19 2
6 9
50 1
68 8
85 9
24 8
82 7
45 8
15 1
65 5
34 1
2 4
18 5
16 9
75 7
28 5
100 7
35 1
16 2
84 3
63 8
83 6
83 7
82 4
30 8
84 1
65 9
66 1
93 6
51 9
43 2
79 6
5 8
73 4
55 3
9 4
15 7
93 5
64 5
16 9
93 7
63 9
96 7
12 1
3 8
79 7
85 6
2 8
59 2
70 6
73 1
71 6
16 1
10 7
72 4
34 2
67 7
91 4
81 9
83 5
37 5
35 8
77 7
17 6
46 9
95 7
46 3
61 1
93 2
94 6
48 2
11 6
50 9
45 8
82 4
6 9
69 9
26 7
99 7
15 5
87 8
44 5
28 3
94 5
21 5
79 7
7 1
44 5
50 5
25 7
70 2
94 4
81 6
50 6
100 6
33 2
27 5
34 6
78 9
87 2
21 5
66 6
37 5
7 3
20 9
91 1
21 6
94 6
10 5
20 9
35 9
30 9
61 9
63 4
15 2
100 4
80 2
19 1
51 6
14 7
54 4
40 9
38 4
65 7
45 1
90 7
97 6
79 7
63 6
51 9
23 5
13 3
20 1
17 2
70 7
67 1
87 4
17 4
91 5
81 8
81 7
42 4
8 3
70 3
54 6
58 9
35 3
11 5
2 3
54 3
61 1
20 6
1 5
35 2
61 4
87 5
84 5
36 8
2 8
46 6
16 1
17 9
24 5
65 2
48 3
63 7
1 3
22 9
32 5
49 8
79 7
93 1
45 9
82 7
2 3
