0 21 5
1 30 12
2 17 21
3 29 9
4 5 21
5 30 10
6 3 25
7 5 26
8 7 31
9 28 8
10 0 1
11 23 24
12 10 0
13 31 0
14 4 25
15 17 15
16 13 6
17 18 3
18 10 2
19 28 16
20 8 13
21 19 4
22 6 22
23 30 0
24 29 21
25 18 29
26 8 23
27 16 17
28 17 27
29 22 9
30 31 20
31 18 27
32 10 13
33 9 9
34 31 0
35 26 12
36 26 0
37 17 29
38 15 30
39 24 8
40 21 17
41 27 14
42 8 1
43 1 21
44 21 6
45 18 24
46 4 13
47 21 29
48 13 23
49 5 20
50 8 3
51 8 12
52 3 2
53 11 2
54 21 28
55 15 17
56 15 8
57 28 6
58 26 17
59 16 11
60 11 4
61 0 18
62 8 9
63 0 19
64 12 4
65 14 30
66 31 13
67 1 5
68 31 10
69 16 17
70 21 25
71 10 24
72 10 2
73 26 2
74 28 23
75 9 3
76 4 2
77 12 27
78 9 23
79 15 17
80 21 5
81 25 15
82 3 4
83 9 9
84 8 13
85 15 30
86 6 24
87 13 18
88 28 24
89 24 13
90 27 6
91 29 15
92 23 8
93 20 17
94 5 21
95 16 21
96 29 4
97 21 17
98 2 21
99 3 3
100 12 9
101 25 13
102 27 15
103 27 12
104 5 20
105 12 22
106 4 14
107 30 19
108 0 26
109 1 11
110 29 12
111 0 27
112 17 21
113 20 17
114 24 15
115 13 24
116 19 5
117 8 9
118 16 21
119 0 18
120 28 17
121 3 29
122 22 10
123 5 21
124 0 19
125 19 4
126 14 25
127 21 6
128 7 15
129 28 23
130 26 12
131 28 16
132 17 16
133 26 26
134 9 9
135 24 8
136 8 23
137 0 26
138 4 16
139 15 25
140 30 13
141 17 3
142 14 30
143 11 0
144 17 21
145 5 27
146 23 8
147 16 22
148 28 7
149 24 13
150 10 14
151 9 23
152 9 6
153 5 26
154 16 17
155 31 21
156 9 7
157 19 3
158 16 19
159 0 27
160 9 16
161 12 23
162 15 17
163 28 24
164 24 20
165 8 15
166 8 12
167 1 21
168 28 21
169 31 20
170 28 12
171 10 25
172 8 23
173 26 25
174 3 4
175 16 17
176 30 9
177 5 16
178 8 31
179 27 1
180 11 21
181 8 9
182 11 3
183 7 31
184 11 19
185 3 3
186 11 27
187 8 13
188 16 20
189 25 15
190 18 29
191 22 9
192 13 17
193 2 23
194 25 2
195 29 9
196 0 26
197 26 16
198 12 19
199 2 5
200 31 3
201 26 17
202 1 0
203 25 20
204 31 21
205 29 21
206 11 20
207 8 12
208 30 4
209 22 10
210 18 21
211 27 14
212 1 10
213 15 11
214 27 16
215 17 21
216 10 24
217 13 18
218 24 20
219 6 4
220 26 2
221 29 16
222 17 27
223 27 21
224 18 27
225 14 15
226 6 3
227 18 23
228 2 24
229 21 23
230 8 13
231 12 27
232 2 23
233 10 0
234 17 27
235 28 1
236 8 3
237 12 29
238 15 7
239 0 2
240 12 30
241 21 5
242 23 23
243 26 6
244 25 17
245 3 4
246 30 10
247 25 0
248 14 14
249 11 27
250 8 12
251 24 8
252 21 0
253 23 8
254 1 5
255 25 14
256 30 12
257 31 2
258 31 13
259 21 22
260 31 10
261 12 5
262 27 6
263 30 18
264 30 11
265 4 13
266 12 22
267 13 23
268 28 8
269 6 4
270 25 20
271 12 29
272 12 4
273 9 30
274 14 15
275 10 13
276 8 13
277 2 24
278 29 22
279 17 15
280 1 11
281 28 23
282 21 17
283 11 19
284 28 11
285 11 21
286 16 23
287 12 19
288 19 4
289 27 1
290 9 9
291 18 3
292 27 12
293 21 6
294 12 23
295 4 14
296 2 0
297 31 9
298 8 8
299 29 21
300 12 27
301 2 5
302 15 8
303 13 14
304 7 22
305 11 19
306 12 19
307 13 13
308 26 26
309 17 22
310 6 22
311 26 12
312 18 24
313 8 12
314 7 22
315 25 2
316 11 19
317 21 23
318 0 1
319 4 16
320 21 5
321 2 21
322 26 17
323 30 0
324 20 17
325 18 27
326 3 25
327 30 13
328 28 1
329 0 18
330 17 3
331 26 0
332 5 20
333 28 16
334 12 19
335 25 15
336 15 23
337 30 10
338 28 6
339 6 3
340 1 10
341 10 25
342 25 0
343 1 5
344 9 1
345 20 25
346 11 19
347 30 12
348 21 25
349 1 0
350 31 13
351 26 25
352 27 6
353 4 25
354 26 2
355 21 6
356 16 9
357 10 14
358 24 20
359 25 14
360 0 19
361 13 14
362 17 21
363 7 15
364 6 25
365 16 11
366 28 6
367 15 30
368 14 6
369 13 17
370 27 12
371 14 16
372 25 20
373 15 7
374 10 24
375 6 4
376 16 22
377 15 24
378 9 23
379 9 15
380 18 3
381 31 8
382 0 2
383 17 9
384 18 21
385 25 2
386 14 15
387 29 15
388 9 16
389 13 6
390 17 27
391 27 16
392 21 1
393 6 22
394 17 22
395 18 27
396 29 4
397 30 9
398 18 23
399 14 6
400 3 2
401 2 23
402 31 14
403 24 20
404 21 17
405 26 21
406 23 24
407 28 14
408 26 2
409 29 16
410 16 19
411 28 24
412 8 1
413 25 20
414 27 21
415 9 1
416 4 13
417 27 15
418 6 3
419 13 18
420 3 5
421 9 3
422 8 23
423 11 2
424 12 19
425 10 9
426 11 20
427 8 30
428 15 8
429 22 9
430 25 15
431 30 4
432 20 17
433 6 31
434 21 5
435 14 30
436 15 17
437 31 10
438 9 15
439 15 23
440 11 21
441 13 13
442 19 5
443 9 9
444 13 17
445 19 4
446 19 21
447 8 3
448 16 20
449 29 22
450 26 26
451 2 24
452 21 29
453 30 19
454 29 8
455 8 1
456 2 29
457 13 18
458 9 23
459 14 25
460 5 22
461 10 2
462 17 21
463 29 9
464 4 20
465 2 23
466 15 11
467 15 7
468 7 8
469 13 14
470 3 29
471 0 27
472 9 2
473 25 14
474 18 24
475 24 12
476 24 20
477 17 3
478 9 16
479 13 13
480 10 2
481 29 21
482 9 3
483 20 21
484 7 31
485 9 30
486 16 11
487 21 6
488 27 16
489 28 23
490 12 10
491 8 15
492 9 6
493 25 2
494 8 23
495 25 20
496 13 24
497 22 10
498 15 8
499 16 19
500 31 0
501 30 9
502 6 24
503 9 7
504 16 20
505 4 2
506 12 22
507 1 11
508 26 2
509 26 0
510 17 16
511 8 8
512 2 0
513 1 10
514 31 13
515 15 24
516 1 0
517 6 25
518 26 21
519 5 27
520 0 1
521 28 10
522 12 9
523 22 23
524 27 14
525 21 17
526 17 27
527 11 2
528 5 26
529 31 3
530 8 31
531 28 8
532 9 17
533 18 23
534 13 6
535 10 25
536 24 13
537 3 4
538 18 28
539 10 9
540 13 14
541 24 12
542 16 17
543 10 24
544 0 2
545 8 13
546 24 13
547 25 15
548 6 4
549 9 23
550 29 15
551 15 17
552 15 23
553 9 9
554 30 0
555 28 21
556 27 6
557 10 13
558 12 5
559 12 10
560 20 17
561 18 29
562 11 4
563 29 21
564 12 6
565 10 30
566 16 9
567 26 12
568 11 6
569 31 20
570 21 28
571 6 3
572 11 20
573 3 2
574 9 30
575 8 23
576 4 2
577 23 25
578 25 13
579 22 9
580 24 20
581 5 27
582 11 21
583 2 0
584 17 15
585 21 17
586 18 3
587 12 9
588 29 4
589 7 8
590 25 17
591 11 19
592 11 27
593 1 11
594 12 28
595 26 25
596 17 16
597 31 11
598 20 17
599 23 24
600 25 20
601 29 16
602 13 13
603 27 21
604 11 26
605 24 15
606 28 6
607 6 24
608 1 10
609 5 26
610 5 27
611 24 8
612 31 10
613 21 0
614 29 8
615 25 2
616 17 15
617 8 9
618 23 25
619 12 10
620 9 23
621 30 18
622 15 11
623 30 19
624 12 19
625 0 26
626 12 4
627 16 10
628 8 3
629 5 26
630 15 7
631 9 16
632 26 16
633 1 11
634 25 0
635 13 23
636 15 24
637 22 8
638 5 27
639 17 16
640 0 27
641 10 25
642 9 6
643 9 7
644 27 1
645 27 10
646 6 25
647 16 17
648 24 13
649 15 8
650 15 17
651 21 1
652 29 9
653 29 22
654 28 24
655 14 14
656 14 26
657 29 12
658 9 6
659 27 11
660 11 4
661 23 24
662 28 1
663 5 21
664 30 9
665 18 24
666 0 18
667 2 24
668 2 23
669 13 17
670 1 21
671 0 19
672 27 1
673 21 23
674 22 9
675 28 8
676 1 10
677 18 23
678 13 12
679 21 0
680 22 8
681 17 3
682 25 15
683 4 14
684 11 27
685 21 1
686 2 24
687 30 3
688 11 26
689 11 7
690 16 9
691 31 7
692 30 12
693 17 15
694 27 16
695 9 1
696 18 28
697 3 2
698 9 7
699 30 18
700 10 30
701 31 11
702 8 23
703 2 5
704 8 12
705 19 3
706 24 20
707 25 14
708 4 4
709 6 24
710 24 12
711 9 3
712 12 12
713 6 4
714 29 21
715 20 25
716 0 18
717 15 23
718 26 21
719 16 11
720 8 13
721 11 0
722 17 26
723 22 9
724 31 0
725 15 24
726 10 0
727 4 13
728 6 8
729 9 23
730 9 6
731 8 12
732 26 17
733 12 23
734 6 9
735 9 17
736 28 16
737 6 25
738 15 23
739 30 7
740 9 16
741 6 24
742 15 11
743 31 3
744 28 1
745 21 29
746 9 17
747 1 0
748 21 24
749 6 8
750 16 11
751 1 11
752 15 11
753 23 8
754 1 5
755 27 16
756 30 3
757 15 30
758 17 16
759 31 3
760 16 10
761 17 15
762 28 16
763 0 19
764 2 5
765 5 22
766 14 15
767 8 3
768 27 15
769 28 23
770 14 14
771 29 8
772 18 24
773 30 4
774 24 13
775 20 26
776 25 15
777 16 19
778 26 0
779 17 16
780 8 23
781 9 23
782 12 9
783 8 13
784 12 11
785 16 3
786 3 25
787 8 23
788 9 23
789 25 13
790 30 19
791 21 25
792 4 25
793 30 6
794 13 18
795 12 8
796 5 26
797 31 14
798 16 2
799 18 23
800 28 17
801 30 18
802 2 29
803 30 7
804 28 21
805 1 10
806 1 11
807 23 23
808 4 15
809 27 14
810 12 27
811 5 27
812 27 15
813 7 15
814 5 26
815 31 21
816 12 12
817 26 16
818 21 0
819 16 3
820 25 20
821 5 13
822 2 0
823 9 3
824 31 2
825 27 12
826 8 12
827 6 9
828 12 9
829 21 5
830 18 29
831 30 19
832 17 27
833 18 3
834 13 17
835 27 6
836 8 15
837 16 2
838 24 20
839 22 10
840 26 2
841 11 20
842 12 10
843 29 21
844 9 30
845 14 30
846 16 17
847 30 10
848 31 3
849 12 9
850 19 21
851 29 4
852 31 13
853 8 23
854 21 24
855 25 2
856 19 3
857 27 14
858 21 25
859 1 0
860 3 25
861 20 27
862 2 21
863 21 17
864 28 24
865 30 0
866 29 9
867 1 21
868 8 3
869 14 15
870 4 13
871 0 18
872 3 4
873 5 25
874 25 0
875 12 11
876 21 1
877 27 21
878 11 0
879 11 21
880 12 4
881 18 28
882 9 9
883 9 3
884 7 9
885 10 9
886 10 7
887 15 24
888 26 2
889 10 0
890 12 22
891 12 8
892 14 11
893 24 15
894 30 4
895 27 1
896 21 28
897 10 30
898 22 9
899 25 20
900 2 23
901 0 1
902 5 21
903 7 31
904 28 6
905 8 9
906 8 13
907 15 23
908 0 26
909 27 6
910 10 2
911 26 17
912 5 13
913 15 24
914 12 23
915 26 16
916 14 14
917 31 20
918 16 21
919 21 0
920 30 18
921 0 27
922 30 19
923 21 29
924 11 0
925 2 24
926 24 20
927 14 6
928 16 11
929 11 19
930 20 17
931 17 19
932 29 12
933 8 1
934 25 2
935 28 1
936 14 25
937 17 26
938 8 12
939 17 21
940 4 16
941 12 19
942 31 2
943 3 26
944 13 24
945 8 6
946 4 13
947 11 19
948 21 17
949 26 26
950 7 24
951 29 15
952 24 13
953 29 22
954 9 1
955 13 6
956 12 28
957 31 3
958 15 7
959 30 12
960 23 24
961 26 25
962 2 0
963 4 2
964 31 2
965 16 21
966 12 19
967 1 0
968 8 31
969 27 15
970 31 10
971 3 20
972 14 10
973 25 13
974 2 23
975 3 25
976 27 1
977 10 24
978 29 16
979 13 23
980 28 1
981 28 21
982 7 15
983 31 3
984 11 19
985 29 4
986 8 3
987 18 24
988 17 27
989 12 9
990 24 13
991 10 0
992 4 20
993 14 11
994 11 22
995 30 11
996 23 23
997 26 12
998 26 0
999 9 30
1000 3 29
1001 17 21
1002 11 20
1003 16 3
1004 15 17
1005 27 10
1006 7 31
1007 5 26
1008 2 24
1009 16 2
1010 14 26
1011 25 15
1012 10 14
1013 29 15
1014 27 14
1015 8 1
1016 26 17
1017 14 25
1018 31 14
1019 9 6
1020 28 6
1021 29 11
1022 30 22
1023 16 21
1024 11 2
1025 18 23
1026 8 15
1027 28 23
1028 20 21
1029 11 7
1030 14 26
1031 30 9
1032 5 22
1033 9 7
1034 25 14
1035 22 10
1036 11 4
1037 16 19
1038 30 6
1039 9 16
1040 27 12
1041 17 15
1042 9 1
1043 12 4
1044 27 9
1045 2 23
1046 10 25
1047 8 13
1048 31 11
1049 29 16
1050 15 8
1051 29 15
1052 21 27
1053 14 10
1054 21 6
1055 18 29
1056 15 7
1057 15 11
1058 18 27
1059 10 22
1060 11 27
1061 2 29
1062 13 18
1063 12 8
1064 2 24
1065 18 3
1066 12 9
1067 29 21
1068 26 16
1069 5 25
1070 2 23
1071 30 23
1072 9 6
1073 17 21
1074 9 23
1075 10 10
1076 0 19
1077 30 4
1078 10 11
1079 16 11
1080 28 11
1081 2 21
1082 16 17
1083 18 24
1084 30 7
1085 29 9
1086 5 21
1087 23 24
1088 14 15
1089 6 24
1090 29 4
1091 25 20
1092 31 0
1093 12 12
1094 28 21
1095 13 17
1096 22 27
1097 20 25
1098 3 24
1099 21 28
1100 4 15
1101 12 22
1102 12 10
1103 23 23
1104 27 1
1105 2 0
1106 1 5
1107 22 9
1108 3 29
1109 15 11
1110 9 7
1111 11 11
1112 29 21
1113 21 1
1114 20 17
1115 16 3
1116 18 23
1117 28 10
1118 16 21
1119 10 13
1120 8 12
1121 28 24
1122 10 11
1123 18 24
1124 13 24
1125 28 1
1126 2 29
1127 15 23
1128 22 10
1129 30 9
1130 26 26
1131 30 0
1132 3 2
1133 30 22
1134 7 24
1135 13 23
1136 26 9
1137 15 24
1138 26 25
1139 11 4
1140 17 16
1141 21 17
1142 22 9
1143 11 6
1144 24 20
1145 16 2
1146 11 11
1147 25 9
1148 15 23
1149 25 15
1150 8 31
1151 6 24
1152 27 15
1153 1 10
1154 21 5
1155 13 24
1156 5 22
1157 25 14
1158 20 17
1159 15 17
1160 31 10
1161 21 6
1162 11 0
1163 5 21
1164 24 12
1165 31 13
1166 10 24
1167 10 2
1168 3 5
1169 0 5
1170 29 16
1171 1 23
1172 8 13
1173 27 1
1174 6 3
1175 6 4
1176 25 20
1177 14 25
1178 11 2
1179 27 10
1180 3 20
1181 24 20
1182 7 15
1183 1 11
1184 0 2
1185 16 11
1186 21 17
1187 7 24
1188 22 10
1189 5 13
1190 3 29
1191 16 18
1192 9 9
1193 15 8
1194 14 11
1195 11 21
1196 5 26
1197 28 18
1198 9 15
1199 10 0
1200 16 19
1201 8 23
1202 7 14
1203 13 12
1204 24 13
1205 15 24
1206 25 8
1207 12 12
1208 2 23
1209 2 29
1210 25 20
1211 5 25
1212 9 22
1213 9 6
1214 9 16
1215 31 14
1216 3 25
1217 28 21
1218 14 10
1219 12 23
1220 31 13
1221 13 12
1222 12 22
1223 27 6
1224 10 14
1225 28 6
1226 16 17
1227 30 18
1228 30 4
1229 26 12
1230 10 22
1231 28 16
1232 21 25
1233 9 3
1234 12 12
1235 21 29
1236 1 21
1237 14 14
1238 12 9
1239 17 29
1240 10 13
1241 26 17
1242 14 15
1243 7 15
1244 19 21
1245 17 21
1246 2 24
1247 2 21
1248 17 15
1249 16 21
1250 25 9
1251 12 23
1252 26 26
1253 11 20
1254 4 16
1255 27 12
1256 4 20
1257 21 0
1258 8 3
1259 27 14
1260 31 21
1261 1 10
1262 20 17
1263 10 25
1264 11 21
1265 31 20
1266 12 22
1267 18 23
1268 12 29
1269 1 0
1270 10 24
1271 26 2
1272 0 26
1273 14 6
1274 29 4
1275 29 22
1276 13 6
1277 30 4
1278 10 30
1279 14 14
1280 29 16
1281 15 23
1282 10 2
1283 27 15
1284 30 19
1285 22 9
1286 31 14
1287 24 8
1288 17 19
1289 30 6
1290 18 29
1291 28 23
1292 28 24
1293 17 16
1294 30 22
1295 9 23
1296 10 14
1297 30 7
1298 3 4
1299 31 13
1300 0 27
1301 13 12
1302 18 24
1303 13 18
1304 2 0
1305 8 1
1306 29 21
1307 3 29
1308 11 7
1309 28 16
1310 8 9
1311 9 9
1312 8 9
1313 15 17
1314 1 0
1315 4 2
1316 9 15
1317 31 21
1318 2 0
1319 10 7
1320 29 16
1321 25 2
1322 15 25
1323 7 14
1324 14 6
1325 23 24
1326 15 11
1327 6 3
1328 5 22
1329 1 5
1330 10 25
1331 9 9
1332 11 3
1333 5 21
1334 29 12
1335 28 1
1336 21 27
1337 8 6
1338 16 23
1339 26 12
1340 13 17
1341 16 19
1342 31 11
1343 9 16
1344 6 24
1345 29 4
1346 1 21
1347 27 12
1348 28 16
1349 21 17
1350 14 25
1351 27 9
1352 30 12
1353 18 23
1354 28 23
1355 17 29
1356 31 20
1357 9 2
1358 7 15
1359 29 9
1360 12 27
1361 30 23
1362 29 12
1363 13 18
1364 20 21
1365 21 1
1366 20 17
1367 4 15
1368 31 0
1369 0 18
1370 3 3
1371 28 21
1372 28 19
1373 23 8
1374 2 5
1375 7 24
1376 8 9
1377 25 15
1378 1 5
1379 29 16
1380 16 11
1381 4 16
1382 3 20
1383 4 13
1384 30 9
1385 21 0
1386 22 27
1387 2 21
1388 31 10
1389 28 16
1390 8 23
1391 5 26
1392 27 14
1393 20 25
1394 26 2
1395 19 21
1396 26 16
1397 25 13
1398 1 21
1399 30 22
1400 9 7
1401 2 29
1402 9 30
1403 2 5
1404 9 9
1405 24 13
1406 5 25
1407 1 5
1408 15 23
1409 4 20
1410 21 1
1411 12 30
1412 1 0
1413 27 19
1414 21 5
1415 13 6
1416 30 6
1417 0 19
1418 21 27
1419 18 24
1420 17 21
1421 15 11
1422 7 31
1423 14 6
1424 0 1
1425 30 13
1426 8 31
1427 9 15
1428 30 3
1429 9 23
1430 16 20
1431 15 7
1432 10 7
1433 29 21
1434 3 29
1435 17 27
1436 6 24
1437 11 4
1438 29 11
1439 29 9
1440 21 30
1441 18 29
1442 10 24
1443 1 11
1444 28 21
1445 27 10
1446 24 8
1447 22 8
1448 26 12
1449 11 0
1450 21 6
1451 13 17
1452 11 3
1453 7 31
1454 30 0
1455 14 15
1456 21 0
1457 3 4
1458 21 25
1459 28 11
1460 13 23
1461 16 17
1462 26 9
1463 14 24
1464 16 3
1465 10 2
1466 21 5
1467 13 6
1468 2 5
1469 27 6
1470 29 21
1471 18 27
1472 14 14
1473 20 25
1474 2 0
1475 10 25
1476 8 9
1477 0 18
1478 2 21
1479 15 17
1480 9 3
1481 26 17
1482 24 20
1483 7 14
1484 28 4
1485 3 2
1486 17 27
1487 4 14
1488 12 23
1489 27 12
1490 17 15
1491 2 29
1492 0 26
1493 9 1
1494 9 16
1495 4 13
1496 25 8
1497 31 21
1498 8 31
1499 4 2
1500 10 30
1501 0 27
1502 0 2
1503 19 3
1504 13 22
1505 11 23
1506 3 2
1507 17 22
1508 13 18
1509 25 2
1510 21 1
1511 26 16
1512 1 0
1513 9 15
1514 3 20
1515 0 1
1516 26 19
1517 28 21
1518 14 6
1519 25 13
1520 4 20
1521 24 13
1522 7 31
1523 9 6
1524 10 24
1525 13 23
1526 30 7
1527 5 22
1528 16 17
1529 22 9
1530 4 15
1531 3 29
1532 15 8
1533 11 27
1534 11 2
1535 14 15
1536 12 12
1537 12 27
1538 5 26
1539 11 20
1540 17 21
1541 16 11
1542 30 10
1543 27 15
1544 11 7
1545 27 1
1546 31 20
1547 8 1
1548 1 10
1549 21 29
1550 10 21
1551 28 1
1552 26 2
1553 25 19
1554 9 16
1555 0 26
1556 13 12
1557 15 17
1558 18 3
1559 17 16
1560 22 8
1561 25 2
1562 25 0
1563 31 0
1564 8 12
1565 0 27
1566 0 2
1567 26 2
1568 1 21
1569 27 9
1570 10 25
1571 20 21
1572 7 15
1573 14 25
1574 0 19
1575 13 17
1576 8 15
1577 13 18
1578 13 24
1579 11 19
1580 31 21
1581 4 4
1582 26 0
1583 2 23
1584 3 4
1585 1 11
1586 23 23
1587 0 18
1588 19 3
1589 4 4
1590 10 2
1591 12 12
1592 18 3
1593 30 0
1594 5 13
1595 0 26
1596 18 23
1597 2 21
1598 14 14
1599 4 25
1600 4 16
1601 28 24
1602 0 1
1603 31 3
1604 8 31
1605 21 25
1606 29 4
1607 16 17
1608 9 30
1609 22 27
1610 10 1
1611 4 2
1612 11 27
1613 7 1
1614 23 24
1615 15 7
1616 11 4
1617 27 14
1618 25 0
1619 12 10
1620 30 4
1621 8 13
1622 0 19
1623 6 25
1624 29 8
1625 26 12
1626 10 30
1627 27 1
1628 2 0
1629 30 18
1630 29 21
1631 18 28
1632 10 7
1633 10 13
1634 8 23
1635 18 24
1636 24 21
1637 25 13
1638 21 6
1639 1 10
1640 31 10
1641 5 27
1642 12 0
1643 2 24
1644 10 14
1645 24 8
1646 0 27
1647 2 29
1648 19 3
1649 21 28
1650 1 5
1651 8 1
1652 21 5
1653 2 5
1654 21 29
1655 22 9
1656 16 19
1657 29 4
1658 9 30
1659 1 0
1660 21 27
1661 22 8
1662 15 25
1663 27 12
1664 22 27
1665 31 20
1666 15 30
1667 13 17
1668 24 20
1669 1 21
1670 0 26
1671 2 21
1672 4 15
1673 5 26
1674 28 1
1675 15 8
1676 21 27
1677 16 23
1678 18 3
1679 12 27
1680 3 2
1681 12 23
1682 25 2
1683 4 13
1684 10 0
1685 21 17
1686 25 8
1687 14 24
1688 13 18
1689 14 15
1690 9 23
1691 27 1
1692 30 10
1693 22 27
1694 9 9
1695 19 21
1696 0 18
1697 16 22
1698 26 12
1699 13 24
1700 14 24
1701 21 27
1702 24 15
1703 30 19
1704 0 27
1705 11 20
1706 11 19
1707 27 12
1708 14 30
1709 18 23
1710 0 2
1711 26 17
1712 27 15
1713 28 10
1714 27 8
1715 2 23
1716 12 9
1717 31 0
1718 30 23
1719 30 6
1720 3 29
1721 26 16
1722 2 24
1723 0 19
1724 15 30
1725 2 0
1726 26 2
1727 4 2
1728 25 15
1729 26 25
1730 12 10
1731 17 15
1732 16 25
1733 31 21
1734 6 24
1735 0 1
1736 21 6
1737 21 5
1738 13 0
1739 25 2
1740 8 3
1741 8 6
1742 31 10
1743 24 13
1744 21 0
1745 20 25
1746 9 3
1747 24 8
1748 17 20
1749 5 13
1750 14 14
1751 17 16
1752 16 21
1753 30 0
1754 9 6
1755 15 7
1756 30 4
1757 29 9
1758 31 0
1759 17 26
1760 14 15
1761 21 25
1762 8 23
1763 12 9
1764 8 12
1765 8 9
1766 25 9
1767 10 13
1768 20 17
1769 14 25
1770 11 7
1771 1 0
1772 21 17
1773 16 22
1774 27 10
1775 12 10
1776 20 17
1777 26 0
1778 10 7
1779 30 10
1780 17 15
1781 17 16
1782 26 9
1783 9 1
1784 11 0
1785 31 10
1786 1 5
1787 26 2
1788 25 8
1789 16 24
1790 13 17
1791 15 17
1792 1 11
1793 22 9
1794 25 9
1795 10 24
1796 30 0
1797 3 2
1798 11 27
1799 30 22
1800 4 13
1801 25 13
1802 26 19
1803 28 1
1804 1 21
1805 24 8
1806 24 15
1807 27 1
1808 31 0
1809 31 20
1810 8 6
1811 11 21
1812 14 11
1813 10 30
1814 14 30
1815 14 0
1816 28 21
1817 30 18
1818 25 0
1819 12 29
1820 1 10
1821 14 24
1822 30 19
1823 14 14
1824 5 21
1825 20 21
1826 7 15
1827 9 30
1828 28 23
1829 26 12
1830 20 25
1831 9 6
1832 10 0
1833 14 15
1834 10 11
1835 19 3
1836 18 24
1837 0 2
1838 6 4
1839 19 21
1840 27 12
1841 16 17
1842 30 0
1843 13 23
1844 8 6
1845 8 13
1846 9 23
1847 12 19
1848 14 1
1849 8 1
1850 16 25
1851 10 25
1852 12 27
1853 11 12
1854 30 12
1855 3 20
1856 26 12
1857 6 3
1858 8 3
1859 4 16
1860 18 29
1861 30 13
1862 26 26
1863 13 6
1864 26 17
1865 9 6
1866 21 25
1867 2 5
1868 20 25
1869 10 30
1870 23 23
1871 16 2
1872 27 11
1873 31 2
1874 7 31
1875 6 4
1876 26 25
1877 4 2
1878 11 7
1879 10 24
1880 25 19
1881 26 16
1882 30 7
1883 27 12
1884 11 20
1885 2 21
1886 29 22
1887 24 13
1888 23 8
1889 30 12
1890 4 14
1891 12 9
1892 14 10
1893 25 8
1894 16 24
1895 4 13
1896 15 19
1897 28 6
1898 30 22
1899 17 27
1900 12 23
1901 25 2
1902 30 10
1903 9 1
1904 8 1
1905 2 0
1906 26 2
1907 31 21
1908 0 26
1909 23 7
1910 26 11
1911 27 6
1912 30 18
1913 14 6
1914 30 6
1915 23 24
1916 12 12
1917 27 14
1918 9 7
1919 29 21
1920 11 11
1921 11 0
1922 26 26
1923 14 14
1924 11 21
1925 0 18
1926 9 6
1927 8 23
1928 15 11
1929 17 15
1930 0 27
1931 29 4
1932 10 25
1933 24 8
1934 10 7
1935 15 8
1936 28 21
1937 8 6
1938 28 6
1939 2 29
1940 21 1
1941 9 3
1942 28 24
1943 28 1
1944 25 8
1945 23 23
1946 25 11
1947 16 25
1948 8 3
1949 18 3
1950 29 8
1951 11 27
1952 3 29
1953 9 3
1954 23 24
1955 30 4
1956 27 1
1957 8 3
1958 26 12
1959 14 15
1960 31 0
1961 28 23
1962 8 12
1963 11 19
1964 0 19
1965 15 30
1966 0 1
1967 29 21
1968 25 2
1969 30 19
1970 6 25
1971 10 0
1972 13 18
1973 26 17
1974 8 15
1975 21 25
1976 27 6
1977 23 23
1978 2 23
1979 3 4
1980 16 11
1981 31 3
1982 23 24
1983 16 26
1984 28 6
1985 27 15
1986 16 19
1987 25 10
1988 22 8
1989 14 30
1990 9 17
1991 18 28
1992 20 21
1993 17 16
1994 28 21
1995 26 25
1996 24 8
1997 11 3
1998 3 25
1999 25 13
2000 10 14
2001 13 6
2002 8 13
2003 31 10
2004 18 27
2005 27 12
2006 26 26
2007 9 7
2008 1 21
2009 29 21
2010 26 19
2011 27 7
2012 4 25
2013 9 3
2014 28 5
2015 14 14
2016 10 7
2017 2 24
2018 1 11
2019 14 11
2020 26 2
2021 2 29
2022 30 10
2023 6 24
2024 9 23
2025 9 1
2026 8 31
2027 18 29
2028 15 19
2029 4 14
2030 28 6
2031 1 0
2032 7 31
2033 9 7
2034 16 25
2035 16 10
2036 13 17
2037 0 26
2038 1 5
2039 7 6
2040 8 1
2041 16 19
2042 15 19
2043 12 27
2044 21 0
2045 9 9
2046 6 25
2047 11 4
2048 25 9
2049 0 2
2050 16 26
2051 14 15
2052 30 18
2053 16 21
2054 8 9
2055 0 18
2056 21 6
2057 22 9
2058 21 17
2059 28 24
2060 12 19
2061 25 19
2062 21 5
2063 22 8
2064 22 9
2065 19 21
2066 28 1
2067 4 13
2068 4 15
2069 12 30
2070 17 27
2071 9 30
2072 15 7
2073 30 23
2074 4 20
2075 11 20
2076 30 7
2077 16 19
2078 14 0
2079 15 8
2080 14 14
2081 29 9
2082 18 23
2083 8 12
2084 26 16
2085 15 7
2086 13 23
2087 20 17
2088 27 8
2089 30 22
2090 31 10
2091 31 20
2092 11 0
2093 12 23
2094 17 15
2095 19 3
2096 2 5
2097 24 21
2098 21 6
2099 30 9
2100 6 24
2101 23 8
2102 7 15
2103 28 21
2104 12 29
2105 18 24
2106 21 5
2107 12 30
2108 8 30
2109 9 16
2110 29 22
2111 14 15
2112 16 22
2113 16 11
2114 15 19
2115 29 9
2116 30 19
2117 16 25
2118 30 9
2119 16 19
2120 6 6
2121 30 6
2122 2 21
2123 16 21
2124 16 26
2125 21 17
2126 14 6
2127 13 18
2128 11 21
2129 28 23
2130 5 27
2131 22 27
2132 9 30
2133 21 1
2134 13 17
2135 15 17
2136 18 3
2137 21 0
2138 18 23
2139 25 15
2140 5 22
2141 1 10
2142 10 13
2143 13 23
2144 26 25
2145 26 12
2146 14 1
2147 16 3
2148 1 11
2149 10 14
2150 6 25
2151 25 8
2152 12 29
2153 8 23
2154 6 24
2155 10 11
2156 3 29
2157 12 30
2158 10 0
2159 21 1
2160 21 27
2161 25 9
2162 8 3
2163 16 25
2164 3 3
2165 11 3
2166 18 20
2167 26 0
2168 22 10
2169 9 3
2170 11 19
2171 0 19
2172 31 11
2173 9 1
2174 24 15
2175 8 1
2176 12 29
2177 8 31
2178 16 17
2179 30 13
2180 11 0
2181 11 27
2182 30 22
2183 10 0
2184 9 6
2185 8 3
2186 20 17
2187 27 1
2188 21 0
2189 14 10
2190 27 14
2191 27 12
2192 9 9
2193 21 1
2194 28 8
2195 29 8
2196 19 3
2197 25 0
2198 5 6
2199 22 27
2200 6 3
2201 29 21
2202 25 20
2203 2 29
2204 13 18
2205 28 21
2206 30 18
2207 2 23
2208 30 10
2209 1 21
2210 30 0
2211 23 6
2212 12 23
2213 25 8
2214 0 18
2215 2 24
2216 12 27
2217 2 23
2218 6 25
2219 4 16
2220 21 6
2221 10 30
2222 3 20
2223 29 16
2224 17 19
2225 0 1
2226 25 9
2227 9 15
2228 18 3
2229 9 7
2230 17 20
2231 14 25
2232 26 0
2233 4 15
2234 30 12
2235 1 10
2236 9 23
2237 14 14
2238 4 16
2239 5 2
2240 18 20
2241 15 11
2242 7 14
2243 9 3
2244 1 11
2245 26 12
2246 27 15
2247 12 30
2248 20 21
2249 8 13
2250 5 7
2251 27 6
2252 31 10
2253 4 20
2254 0 27
2255 5 21
2256 4 15
2257 25 8
2258 8 3
2259 3 20
2260 13 17
2261 5 26
2262 16 11
2263 10 24
2264 6 24
2265 21 28
2266 18 24
2267 29 4
2268 19 20
2269 12 29
2270 23 5
2271 4 20
2272 17 16
2273 29 21
2274 2 21
2275 28 1
2276 14 15
2277 12 19
2278 5 6
2279 9 30
2280 18 23
2281 14 14
2282 10 13
2283 30 13
2284 18 27
2285 25 2
2286 31 11
2287 27 1
2288 2 0
2289 23 21
2290 29 9
2291 6 25
2292 11 20
2293 14 11
2294 5 27
2295 20 25
2296 9 6
2297 30 19
2298 0 2
2299 3 29
2300 19 3
2301 5 26
2302 25 15
2303 1 10
2304 22 9
2305 8 12
2306 21 21
2307 30 12
2308 5 22
2309 28 16
2310 17 21
2311 15 30
2312 26 17
2313 16 21
2314 30 3
2315 26 26
2316 24 15
2317 19 21
2318 21 5
2319 17 29
2320 30 18
2321 16 10
2322 24 20
2323 6 24
2324 22 10
2325 17 27
2326 4 16
2327 6 25
2328 9 3
2329 21 6
2330 13 19
2331 11 0
2332 31 21
2333 7 31
2334 16 2
2335 4 2
2336 28 24
2337 14 24
2338 30 7
2339 14 0
2340 3 4
2341 13 6
2342 28 4
2343 10 0
2344 30 13
2345 25 0
2346 26 25
2347 15 11
2348 6 24
2349 9 7
2350 6 25
2351 17 15
2352 22 8
2353 23 6
2354 14 15
2355 9 1
2356 21 20
2357 21 29
2358 24 8
2359 22 20
2360 29 16
2361 10 25
2362 29 4
2363 21 8
2364 10 14
2365 1 21
2366 14 14
2367 8 31
2368 3 20
2369 26 2
2370 13 23
2371 9 6
2372 21 28
2373 8 23
2374 14 25
2375 8 9
2376 6 24
2377 21 5
2378 21 0
2379 1 0
2380 31 20
2381 28 16
2382 14 6
2383 25 20
2384 5 7
2385 21 17
2386 16 26
2387 31 10
2388 29 16
2389 30 19
2390 10 30
2391 2 21
2392 30 23
2393 4 15
2394 2 24
2395 12 23
2396 1 5
2397 16 3
2398 21 20
2399 5 27
2400 25 2
2401 18 27
2402 22 26
2403 31 3
2404 21 29
2405 5 21
2406 4 16
2407 12 10
2408 26 16
2409 2 5
2410 30 18
2411 28 23
2412 0 26
2413 30 9
2414 9 30
2415 9 16
2416 10 24
2417 28 6
2418 28 24
2419 8 3
2420 12 9
2421 9 7
2422 25 15
2423 16 9
2424 29 9
2425 13 6
2426 26 26
2427 3 25
2428 14 30
2429 14 15
2430 22 9
2431 17 16
2432 16 11
2433 2 0
2434 21 7
2435 17 9
2436 28 21
2437 17 21
2438 30 4
2439 26 25
2440 1 21
2441 26 26
2442 11 0
2443 2 29
2444 11 11
2445 9 3
2446 22 20
2447 2 21
2448 0 19
2449 24 20
2450 26 25
2451 21 20
2452 24 15
2453 25 20
2454 0 27
2455 10 25
2456 24 21
2457 9 9
2458 24 13
2459 18 29
2460 27 6
2461 11 27
2462 28 16
2463 30 9
2464 25 13
2465 12 27
2466 30 12
2467 12 10
2468 31 21
2469 23 21
2470 21 25
2471 16 2
2472 13 23
2473 10 13
2474 22 20
2475 10 30
2476 12 9
2477 16 25
2478 13 12
2479 21 20
2480 12 10
2481 16 9
2482 6 25
2483 18 3
2484 28 6
2485 25 15
2486 17 15
2487 20 25
2488 9 30
2489 24 13
2490 26 17
2491 22 5
2492 27 14
2493 26 26
2494 1 0
2495 28 23
2496 7 31
2497 11 21
2498 1 21
2499 25 14
2500 23 23
2501 17 9
2502 7 15
2503 16 9
2504 27 15
2505 8 15
2506 29 21
2507 26 0
2508 21 25
2509 10 24
2510 24 20
2511 8 9
2512 22 21
2513 9 9
2514 8 30
2515 9 23
2516 1 11
2517 30 22
2518 3 3
2519 17 27
2520 10 0
2521 0 18
2522 20 21
2523 30 11
2524 21 1
2525 21 6
2526 16 3
2527 5 2
2528 16 2
2529 25 20
2530 11 12
2531 16 26
2532 23 24
2533 20 6
2534 17 16
2535 31 0
2536 29 16
2537 13 11
2538 11 4
2539 27 6
2540 21 19
2541 5 6
2542 20 25
2543 14 17
2544 4 14
2545 19 6
2546 21 20
2547 26 16
2548 15 11
2549 28 6
2550 18 27
2551 4 25
2552 12 23
2553 3 2
2554 19 21
2555 4 20
2556 5 26
2557 3 29
2558 10 14
2559 19 3
2560 8 13
2561 27 6
2562 29 4
2563 30 19
2564 30 6
2565 15 8
2566 27 12
2567 12 9
2568 2 0
2569 14 14
2570 12 30
2571 8 1
2572 16 19
2573 24 20
2574 21 5
2575 5 27
2576 28 24
2577 30 3
2578 16 11
2579 9 1
2580 9 17
2581 5 7
2582 27 14
2583 5 1
2584 31 20
2585 26 12
2586 29 11
2587 8 9
2588 12 29
2589 31 21
2590 1 5
2591 3 25
2592 17 15
2593 21 25
2594 8 23
2595 16 25
2596 1 0
2597 4 2
2598 23 8
2599 18 6
2600 9 6
2601 8 1
2602 17 27
2603 22 10
2604 11 20
2605 14 15
2606 6 31
2607 13 23
2608 9 16
2609 16 3
2610 12 23
2611 9 23
2612 28 23
2613 26 2
2614 22 9
2615 28 11
2616 11 27
2617 18 28
2618 0 19
2619 13 23
2620 30 13
2621 8 12
2622 2 0
2623 12 12
2624 14 1
2625 28 1
2626 10 13
2627 8 3
2628 27 15
2629 9 17
2630 14 0
2631 31 11
2632 2 5
2633 12 28
2634 17 16
2635 12 29
2636 14 6
2637 29 22
2638 30 22
2639 8 31
2640 26 25
2641 11 21
2642 11 3
2643 25 2
2644 5 26
2645 6 4
2646 6 24
2647 25 0
2648 11 12
2649 8 30
2650 20 17
2651 16 21
2652 15 11
2653 21 28
2654 6 1
2655 6 25
2656 9 1
2657 13 18
2658 8 31
2659 23 26
2660 5 22
2661 5 21
2662 18 29
2663 18 27
2664 16 10
2665 5 27
2666 22 10
2667 11 20
2668 25 20
2669 13 19
2670 6 3
2671 21 29
2672 0 1
2673 1 5
2674 25 15
2675 24 8
2676 31 3
2677 10 25
2678 3 2
2679 21 28
2680 26 26
2681 12 27
2682 15 7
2683 26 17
2684 21 17
2685 5 1
2686 2 23
2687 5 31
2688 13 17
2689 28 24
2690 9 16
2691 27 1
2692 17 29
2693 20 21
2694 11 0
2695 9 7
2696 30 0
2697 18 3
2698 6 4
2699 25 13
2700 8 23
2701 20 17
2702 17 19
2703 28 6
2704 17 15
2705 26 25
2706 31 0
2707 30 7
2708 27 6
2709 24 13
2710 2 29
2711 29 9
2712 6 24
2713 14 24
2714 26 0
2715 6 25
2716 22 9
2717 11 21
2718 19 6
2719 15 30
2720 7 15
2721 14 14
2722 12 10
2723 13 6
2724 28 1
2725 16 2
2726 23 5
2727 31 20
2728 17 21
2729 14 1
2730 27 14
2731 21 0
2732 10 0
2733 25 14
2734 25 0
2735 18 6
2736 16 9
2737 5 22
2738 22 20
2739 11 27
2740 20 25
2741 16 19
2742 16 10
2743 24 12
2744 12 27
2745 24 20
2746 16 9
2747 5 2
2748 27 15
2749 8 15
2750 18 29
2751 3 20
2752 12 9
2753 19 3
2754 25 20
2755 29 22
2756 24 13
2757 30 4
2758 27 12
2759 23 20
2760 16 11
2761 2 5
2762 28 6
2763 17 16
2764 27 14
2765 22 26
2766 26 2
2767 7 31
2768 4 13
2769 29 4
2770 12 30
2771 30 12
2772 19 21
2773 15 11
2774 14 15
2775 11 27
2776 9 3
2777 17 15
2778 18 24
2779 8 31
2780 10 14
2781 0 2
2782 14 25
2783 9 17
2784 4 15
2785 5 30
2786 23 23
2787 11 20
2788 16 10
2789 3 29
2790 9 23
2791 11 0
2792 12 23
2793 17 16
2794 5 29
2795 10 24
2796 12 11
2797 15 17
2798 16 17
2799 31 10
2800 14 17
2801 28 16
2802 21 17
2803 16 26
2804 5 26
2805 30 10
2806 18 3
2807 23 24
2808 21 25
2809 8 13
2810 16 9
2811 13 11
2812 5 13
2813 30 3
2814 4 20
2815 20 17
2816 5 6
2817 29 8
2818 30 6
2819 7 15
2820 26 0
2821 1 5
2822 26 26
2823 2 24
2824 18 23
2825 16 11
2826 11 21
2827 28 4
2828 23 8
2829 21 1
2830 12 10
2831 25 19
2832 9 6
2833 9 16
2834 8 23
2835 31 21
2836 9 15
2837 6 3
2838 27 11
2839 30 22
2840 15 11
2841 16 3
2842 17 15
2843 12 29
2844 14 14
2845 31 20
2846 12 27
2847 12 9
2848 30 13
2849 12 12
2850 20 21
2851 8 1
2852 25 0
2853 21 17
2854 14 30
2855 6 24
2856 6 29
2857 20 25
2858 16 20
2859 0 18
2860 31 10
2861 2 5
2862 17 27
2863 7 14
2864 23 26
2865 21 0
2866 26 0
2867 10 13
2868 25 20
2869 2 21
2870 19 3
2871 7 15
2872 22 20
2873 1 10
2874 26 16
2875 27 6
2876 14 6
2877 0 19
2878 9 1
2879 1 21
2880 25 2
2881 12 10
2882 21 25
2883 23 20
2884 22 20
2885 11 12
2886 24 12
2887 0 26
2888 30 7
2889 14 15
2890 8 12
2891 12 12
2892 11 12
2893 10 14
2894 30 18
2895 4 25
2896 12 12
2897 22 26
2898 21 1
2899 19 6
2900 26 25
2901 3 3
2902 14 24
2903 30 19
2904 26 17
2905 10 25
2906 3 20
2907 27 1
2908 5 29
2909 12 30
2910 7 14
2911 31 3
2912 28 6
2913 28 23
2914 20 25
2915 5 7
2916 15 30
2917 6 4
2918 21 6
2919 24 8
2920 0 1
2921 16 19
2922 0 2
2923 28 1
2924 16 20
2925 17 22
2926 2 29
2927 29 9
2928 15 8
2929 6 3
2930 3 2
2931 23 26
2932 1 11
2933 13 18
2934 26 11
2935 0 18
2936 18 24
2937 10 24
2938 26 12
2939 7 31
2940 23 8
2941 13 23
2942 1 0
2943 16 25
2944 22 26
2945 3 3
2946 30 12
2947 22 10
2948 22 9
2949 17 16
2950 26 16
2951 9 23
2952 3 29
2953 24 8
2954 29 22
2955 25 0
2956 30 6
2957 30 18
2958 8 23
2959 11 12
2960 19 21
2961 2 21
2962 24 20
2963 13 19
2964 23 20
2965 11 20
2966 30 7
2967 27 1
2968 2 0
2969 4 16
2970 8 13
2971 22 8
2972 17 15
2973 21 29
2974 31 21
2975 21 5
2976 4 15
2977 11 4
2978 22 9
2979 4 13
2980 11 21
2981 11 27
2982 8 31
2983 7 31
2984 23 8
2985 6 25
2986 12 12
2987 24 8
2988 20 17
2989 15 7
2990 29 4
2991 10 25
2992 29 16
2993 26 17
2994 21 25
2995 16 19
2996 30 10
2997 0 19
2998 14 30
2999 15 8
3000 30 6
3001 21 28
3002 0 27
3003 26 11
3004 31 10
3005 18 23
3006 31 20
3007 24 13
3008 7 15
3009 9 9
3010 30 7
3011 12 27
3012 11 20
3013 22 8
3014 26 12
3015 20 25
3016 12 23
3017 6 29
3018 18 3
3019 28 24
3020 14 14
3021 16 20
3022 25 12
3023 16 10
3024 6 24
3025 8 3
3026 23 26
3027 10 24
3028 26 2
3029 18 28
3030 26 0
3031 25 2
3032 11 27
3033 22 9
3034 18 24
3035 12 9
3036 2 29
3037 1 21
3038 30 13
3039 13 23
3040 21 17
3041 14 15
3042 4 20
3043 9 23
3044 5 21
3045 6 4
3046 17 26
3047 18 29
3048 3 20
3049 21 25
3050 11 21
3051 16 11
3052 12 23
3053 8 12
3054 25 0
3055 2 23
3056 5 25
3057 30 0
3058 19 3
3059 13 17
3060 5 26
3061 23 6
3062 4 2
3063 16 19
3064 25 15
3065 10 0
3066 13 23
3067 8 31
3068 8 9
3069 22 20
3070 9 16
3071 11 20
# colocadas=3072 ocupadas=100 mayor=223
