0 0 0
1 0 31
2 31 0
3 31 31
4 30 0
5 0 2
6 0 4
7 0 6
8 0 8
9 1 2
10 0 10
11 0 12
12 0 14
13 0 16
14 0 18
15 0 20
16 0 22
17 0 24
18 0 26
19 0 28
20 2 0
21 2 31
22 4 0
23 3 31
24 5 31
25 6 0
26 7 31
27 8 0
28 10 0
29 9 31
30 11 31
31 12 0
32 13 31
33 14 0
34 1 8
35 0 29
36 0 9
37 15 31
38 16 0
39 0 10
40 17 31
41 17 0
42 19 0
43 19 31
44 21 0
45 21 31
46 31 0
47 23 0
48 0 3
49 23 31
50 25 0
51 25 31
52 27 0
53 25 1
54 27 31
55 29 0
56 19 1
57 12 1
58 29 31
59 24 0
60 31 2
61 11 0
62 26 0
63 1 24
64 0 9
65 0 23
66 31 4
67 0 22
68 12 2
69 9 0
70 31 6
71 28 0
72 31 8
73 31 10
74 7 0
75 30 0
76 1 16
77 30 6
78 6 0
79 31 12
80 31 30
81 0 23
82 31 14
83 31 16
84 31 18
85 0 25
86 0 22
87 27 0
88 0 27
89 31 20
90 31 22
91 0 1
92 30 16
93 31 24
94 26 0
95 31 26
96 31 28
97 1 4
98 0 16
99 1 27
100 1 23
101 21 30
102 1 10
103 1 13
104 13 30
105 1 15
106 1 17
107 1 19
108 8 0
109 0 13
110 30 10
111 0 8
112 20 31
113 0 27
114 25 2
115 19 0
116 25 30
117 2 17
118 1 21
119 1 29
120 24 2
121 1 26
122 14 31
123 11 2
124 16 0
125 21 29
126 2 3
127 2 5
128 2 7
129 2 9
130 2 11
131 2 14
132 2 20
133 0 23
134 2 22
135 0 10
136 26 31
137 28 1
138 10 2
139 2 24
140 2 27
141 2 30
142 3 7
143 9 30
144 3 20
145 12 30
146 24 30
147 31 31
148 3 1
149 3 4
150 1 17
151 0 14
152 3 2
153 2 16
154 31 7
155 2 2
156 3 1
157 2 28
158 0 29
159 31 9
160 2 18
161 0 21
162 3 10
163 10 0
164 0 19
165 28 31
166 0 5
167 12 0
168 1 31
169 24 29
170 0 4
171 2 3
172 31 1
173 23 0
174 0 17
175 3 2
176 30 31
177 31 17
178 8 1
179 31 2
180 4 4
181 9 31
182 2 6
183 12 1
184 12 0
185 31 30
186 31 11
187 31 5
188 29 10
189 3 5
190 24 0
191 2 5
192 0 28
193 27 0
194 1 1
195 0 0
196 1 3
197 16 31
198 3 22
199 31 13
200 9 2
201 31 31
202 7 0
203 14 1
204 10 31
205 17 31
206 22 0
207 1 10
208 26 0
209 3 14
210 0 2
211 0 1
212 0 27
213 4 10
214 29 16
215 31 1
216 2 25
217 0 24
218 31 3
219 8 0
220 23 0
221 1 0
222 2 14
223 8 1
224 31 15
225 18 0
226 19 0
227 5 0
228 3 14
229 14 0
230 31 29
231 4 31
232 0 26
233 3 12
234 2 13
235 1 6
236 7 30
237 1 18
238 0 25
239 6 31
240 29 6
241 1 28
242 2 7
243 1 27
244 0 0
245 2 28
246 8 0
247 14 1
248 28 10
249 31 30
250 3 6
251 3 8
252 27 10
253 1 0
254 5 31
255 0 0
256 7 31
257 3 31
258 1 17
259 2 24
260 2 3
261 28 16
262 16 31
263 20 29
264 30 5
265 23 2
266 18 31
267 23 29
268 31 27
269 1 20
270 2 19
271 2 21
272 3 0
273 1 7
274 19 29
275 3 10
276 2 26
277 0 10
278 5 1
279 14 0
280 6 0
281 0 27
282 21 31
283 25 0
284 5 0
285 1 10
286 0 18
287 30 9
288 31 6
289 6 0
290 1 14
291 30 13
292 31 25
293 18 29
294 27 0
295 30 27
296 26 0
297 1 15
298 31 0
299 31 19
300 31 8
301 25 1
302 0 26
303 0 7
304 1 30
305 1 22
306 10 1
307 3 30
308 2 29
309 1 23
310 14 1
311 0 30
312 4 8
313 0 6
314 0 31
315 3 26
316 1 22
317 31 14
318 1 28
319 27 16
320 1 27
321 1 18
322 3 15
323 0 18
324 2 0
325 0 7
326 4 20
327 2 8
328 31 10
329 31 31
330 25 31
331 1 13
332 11 31
333 0 9
334 0 10
335 2 18
336 31 30
337 2 4
338 24 1
339 3 19
340 1 10
341 1 8
342 0 10
343 22 2
344 0 15
345 2 26
346 3 23
347 3 31
348 16 30
349 31 31
350 0 17
351 22 31
352 4 0
353 28 6
354 1 16
355 31 2
356 0 3
357 0 28
358 31 4
359 3 21
360 2 8
361 14 0
362 2 19
363 24 2
364 24 31
365 1 8
366 3 0
367 1 2
368 9 30
369 2 21
370 0 24
371 26 10
372 0 27
373 31 28
374 31 1
375 3 5
376 27 31
377 17 31
378 26 31
379 31 21
380 3 21
381 31 11
382 31 0
383 0 4
384 2 21
385 3 20
386 22 30
387 0 8
388 3 30
389 29 0
390 31 29
391 26 16
392 27 6
393 18 31
394 23 31
395 31 7
396 1 0
397 3 3
398 4 1
399 31 22
400 5 2
401 1 3
402 4 20
403 1 17
404 30 2
405 1 25
406 2 5
407 12 29
408 0 23
409 5 4
410 1 23
411 8 2
412 2 13
413 30 6
414 16 31
415 24 1
416 31 15
417 26 6
418 21 30
419 1 29
420 0 5
421 31 27
422 0 26
423 7 2
424 31 2
425 24 0
426 0 25
427 16 30
428 25 16
429 3 26
430 10 0
431 30 27
432 31 14
433 29 13
434 0 0
435 24 16
436 8 1
437 1 12
438 8 31
439 30 2
440 3 20
441 3 6
442 1 19
443 18 0
444 31 8
445 25 10
446 31 16
447 2 14
448 1 26
449 27 1
450 17 31
451 2 4
452 31 10
453 4 10
454 3 8
455 7 3
456 3 25
457 0 2
458 1 1
459 19 0
460 10 31
461 3 26
462 13 31
463 31 21
464 29 9
465 20 30
466 9 29
467 24 10
468 2 17
469 4 3
470 0 26
471 6 2
472 2 25
473 23 1
474 4 8
475 31 13
476 1 15
477 31 15
478 3 8
479 7 31
480 20 31
481 25 0
482 3 27
483 22 29
484 0 22
485 7 4
486 0 4
487 0 24
488 1 0
489 12 1
490 28 0
491 4 31
492 31 2
493 31 27
494 0 20
495 0 1
496 5 31
497 3 19
498 3 5
499 0 17
500 0 29
501 8 0
502 0 5
503 2 29
504 0 3
505 19 31
506 23 16
507 31 30
508 18 31
509 0 13
510 0 9
511 3 3
512 3 16
513 11 29
514 1 20
515 30 2
516 31 3
517 3 15
518 3 13
519 30 29
520 22 31
521 3 10
522 18 0
523 31 16
524 24 0
525 0 20
526 31 18
527 1 3
528 0 6
529 25 31
530 12 31
531 23 10
532 0 30
533 3 16
534 0 14
535 1 11
536 29 31
537 19 0
538 25 6
539 2 2
540 2 22
541 0 31
542 0 0
543 0 19
544 1 0
545 12 29
546 7 3
547 29 0
548 5 2
549 31 19
550 5 5
551 8 1
552 6 3
553 31 31
554 21 2
555 31 15
556 3 31
557 28 9
558 14 31
559 11 29
560 3 20
561 24 6
562 0 15
563 31 1
564 0 13
565 8 0
566 0 12
567 19 31
568 3 11
569 15 31
570 21 31
571 31 29
572 11 28
573 18 31
574 1 10
575 2 10
576 3 30
577 20 2
578 1 19
579 31 0
580 30 31
581 2 9
582 3 26
583 23 31
584 31 7
585 23 2
586 3 18
587 31 9
588 27 9
589 0 25
590 0 4
591 29 2
592 30 25
593 2 0
594 1 2
595 4 31
596 1 14
597 27 2
598 27 0
599 19 2
600 8 1
601 22 31
602 3 1
603 0 8
604 13 0
605 3 27
606 28 31
607 13 31
608 1 21
609 1 29
610 1 24
611 0 5
612 2 2
613 1 1
614 2 20
615 20 0
616 1 7
617 5 0
618 0 14
619 2 13
620 1 2
621 31 16
622 31 18
623 31 25
624 3 13
625 0 10
626 8 29
627 24 1
628 0 21
629 22 16
630 10 28
631 2 31
632 2 13
633 23 30
634 0 30
635 0 3
636 31 10
637 2 29
638 15 0
639 0 6
640 22 2
641 1 4
642 31 2
643 1 10
644 1 28
645 22 10
646 7 29
647 31 30
648 6 29
649 9 0
650 0 24
651 3 15
652 0 23
653 1 15
654 1 8
655 2 2
656 21 31
657 3 26
658 0 19
659 3 7
660 0 10
661 16 29
662 0 5
663 0 16
664 1 18
665 1 16
666 20 29
667 0 8
668 0 18
669 14 0
670 1 6
671 13 30
672 1 23
673 18 28
674 31 20
675 2 5
676 13 31
677 1 22
678 1 31
679 31 28
680 28 13
681 0 13
682 2 16
683 15 1
684 12 0
685 26 2
686 29 6
687 24 0
688 5 31
689 24 31
690 4 31
691 16 31
692 17 28
693 2 4
694 0 28
695 25 31
696 1 23
697 19 29
698 2 7
699 31 9
700 9 31
701 2 14
702 31 21
703 31 10
704 25 2
705 3 31
706 2 21
707 0 20
708 1 9
709 29 31
710 2 5
711 5 29
712 31 3
713 3 6
714 31 31
715 31 12
716 26 9
717 31 20
718 3 30
719 12 31
720 0 2
721 27 13
722 1 20
723 28 2
724 21 29
725 21 16
726 9 28
727 10 0
728 25 9
729 1 18
730 0 20
731 4 2
732 15 2
733 0 25
734 14 2
735 0 16
736 12 1
737 3 24
738 0 15
739 10 31
740 1 16
741 0 14
742 15 29
743 0 15
744 29 30
745 0 11
746 2 10
747 20 16
748 1 3
749 3 0
750 27 2
751 3 23
752 2 12
753 2 9
754 5 3
755 9 31
756 24 31
757 0 31
758 21 0
759 1 21
760 28 6
761 30 18
762 4 1
763 19 16
764 30 0
765 18 29
766 5 31
767 18 16
768 0 16
769 4 5
770 31 13
771 1 0
772 25 31
773 31 19
774 11 31
775 27 3
776 2 1
777 2 4
778 0 21
779 0 23
780 26 13
781 4 4
782 13 0
783 4 31
784 29 1
785 25 13
786 2 0
787 11 1
788 27 31
789 30 31
790 27 6
791 4 29
792 2 19
793 9 30
794 2 22
795 8 0
796 31 20
797 19 29
798 26 3
799 2 17
800 31 15
801 3 27
802 6 3
803 9 31
804 21 2
805 0 10
806 1 23
807 28 31
808 19 0
809 31 9
810 3 2
811 0 7
812 2 16
813 12 0
814 1 17
815 9 30
816 0 4
817 22 31
818 0 11
819 6 0
820 31 2
821 11 2
822 31 10
823 4 5
824 13 0
825 1 27
826 0 29
827 1 16
828 0 18
829 3 5
830 24 13
831 3 0
832 1 8
833 15 31
834 21 3
835 28 1
836 12 0
837 3 20
838 3 17
839 16 28
840 14 31
841 16 27
842 26 0
843 1 14
844 8 28
845 2 28
846 31 12
847 1 12
848 15 27
849 3 26
850 31 9
851 2 13
852 31 10
853 31 5
854 0 8
855 4 4
856 26 4
857 20 3
858 31 8
859 0 24
860 31 19
861 31 27
862 0 16
863 3 21
864 3 18
865 1 22
866 2 30
867 31 31
868 18 29
869 1 20
870 20 31
871 2 22
872 18 0
873 18 2
874 0 20
875 3 31
876 17 29
877 13 0
878 1 25
879 27 31
880 0 27
881 1 8
882 0 19
883 31 1
884 2 20
885 31 2
886 17 0
887 0 5
888 2 18
889 31 4
890 14 29
891 31 13
892 5 2
893 12 0
894 28 31
895 4 0
896 13 31
897 31 5
898 13 0
899 13 2
900 31 12
901 4 21
902 17 2
903 0 12
904 24 31
905 3 3
906 11 0
907 3 29
908 3 18
909 27 31
910 30 31
911 2 0
912 25 4
913 1 11
914 9 0
915 4 2
916 0 14
917 0 4
918 20 30
919 28 30
920 28 29
921 31 20
922 31 0
923 31 4
924 3 24
925 0 13
926 0 6
927 13 3
928 17 31
929 0 9
930 10 31
931 31 31
932 23 29
933 0 12
934 31 19
935 0 8
936 14 27
937 5 1
938 1 28
939 30 2
940 23 6
941 22 6
942 2 15
943 26 6
944 2 28
945 2 2
946 7 0
947 29 18
948 2 19
949 6 31
950 23 28
951 26 31
952 3 7
953 2 26
954 1 0
955 0 18
956 0 9
957 1 30
958 1 1
959 24 9
960 21 28
961 12 3
962 6 0
963 2 1
964 3 17
965 27 0
966 1 20
967 5 3
968 1 16
969 1 28
970 0 3
971 0 22
972 3 2
973 3 14
974 8 0
975 0 23
976 2 5
977 0 25
978 2 24
979 8 30
980 24 2
981 2 0
982 17 16
983 4 2
984 16 29
985 1 26
986 9 0
987 23 0
988 2 3
989 1 4
990 24 30
991 2 21
992 31 18
993 1 10
994 20 0
995 0 16
996 1 3
997 28 2
998 2 28
999 22 0
1000 16 28
1001 0 20
1002 15 0
1003 25 6
1004 0 28
1005 21 6
1006 1 27
1007 1 29
1008 5 31
1009 3 26
1010 19 3
1011 20 31
1012 23 27
1013 1 20
1014 0 19
1015 1 5
1016 6 1
1017 25 31
1018 23 9
1019 0 26
1020 20 6
1021 1 14
1022 10 0
1023 13 27
1024 1 7
1025 0 21
1026 3 4
1027 31 28
1028 31 2
1029 31 27
1030 1 22
1031 0 5
1032 26 0
1033 20 28
1034 0 15
1035 1 0
1036 0 24
1037 8 31
1038 1 26
1039 0 22
1040 18 0
1041 2 31
1042 26 31
1043 3 25
1044 10 2
1045 24 6
1046 3 0
1047 7 31
1048 0 8
1049 16 31
1050 28 18
1051 3 16
1052 18 3
1053 20 1
1054 0 27
1055 31 24
1056 2 26
1057 27 2
1058 27 29
1059 0 14
1060 1 25
1061 31 17
1062 3 2
1063 4 31
1064 26 2
1065 11 3
1066 31 26
1067 19 31
1068 2 18
1069 5 31
1070 20 0
1071 3 28
1072 12 27
1073 30 10
1074 7 28
1075 1 12
1076 30 0
1077 16 0
1078 12 0
1079 1 2
1080 0 4
1081 2 28
1082 3 30
1083 0 10
1084 2 11
1085 16 16
1086 3 29
1087 2 23
1088 23 13
1089 0 13
1090 24 31
1091 19 28
1092 31 27
1093 23 2
1094 23 0
1095 18 4
1096 15 31
1097 4 14
1098 0 11
1099 5 0
1100 31 23
1101 31 1
1102 17 4
1103 3 17
1104 1 8
1105 6 28
1106 2 24
1107 26 29
1108 3 1
1109 16 2
1110 23 8
1111 2 16
1112 3 14
1113 21 0
1114 13 0
1115 0 1
1116 0 14
1117 3 31
1118 22 27
1119 30 31
1120 0 12
1121 4 17
1122 0 29
1123 27 31
1124 3 11
1125 31 14
1126 1 4
1127 31 31
1128 2 0
1129 12 0
1130 1 13
1131 5 4
1132 20 0
1133 18 31
1134 2 11
1135 11 0
1136 0 25
1137 2 7
1138 0 20
1139 4 3
1140 18 28
1141 30 31
1142 31 22
1143 0 9
1144 1 15
1145 4 29
1146 3 15
1147 5 30
1148 1 23
1149 0 5
1150 2 19
1151 4 0
1152 0 8
1153 0 26
1154 25 0
1155 18 27
1156 1 8
1157 29 0
1158 17 31
1159 2 23
1160 1 12
1161 17 27
1162 31 31
1163 2 18
1164 0 7
1165 18 31
1166 26 31
1167 6 31
1168 27 18
1169 15 0
1170 1 0
1171 0 8
1172 15 2
1173 3 29
1174 24 4
1175 22 13
1176 14 0
1177 3 16
1178 4 20
1179 7 31
1180 15 0
1181 0 6
1182 23 6
1183 1 24
1184 0 10
1185 2 14
1186 26 0
1187 23 4
1188 6 31
1189 17 0
1190 9 2
1191 22 6
1192 1 7
1193 0 13
1194 1 21
1195 26 18
1196 11 27
1197 15 16
1198 21 31
1199 3 0
1200 31 15
1201 31 11
1202 1 20
1203 31 3
1204 14 16
1205 4 18
1206 20 31
1207 1 10
1208 22 8
1209 4 15
1210 29 10
1211 9 31
1212 0 10
1213 31 0
1214 3 5
1215 2 19
1216 0 2
1217 0 27
1218 31 14
1219 1 18
1220 3 20
1221 1 26
1222 31 13
1223 13 29
1224 22 0
1225 0 21
1226 0 30
1227 0 23
1228 0 14
1229 4 30
1230 18 0
1231 0 12
1232 8 31
1233 25 2
1234 1 1
1235 1 2
1236 31 21
1237 31 20
1238 1 12
1239 28 10
1240 16 31
1241 31 19
1242 4 14
1243 21 8
1244 2 22
1245 14 2
1246 5 31
1247 25 18
1248 21 27
1249 20 27
1250 21 13
1251 20 1
1252 31 2
1253 2 0
1254 4 0
1255 2 2
1256 0 31
1257 0 28
1258 22 5
1259 8 0
1260 2 25
1261 0 13
1262 0 22
1263 1 6
1264 3 11
1265 0 2
1266 31 10
1267 30 31
1268 31 3
1269 10 3
1270 1 17
1271 24 4
1272 31 12
1273 6 31
1274 21 31
1275 2 11
1276 2 13
1277 2 15
1278 31 20
1279 0 7
1280 3 21
1281 20 0
1282 3 20
1283 15 28
1284 19 6
1285 3 17
1286 23 0
1287 5 30
1288 16 4
1289 12 29
1290 25 0
1291 5 0
1292 13 16
1293 12 16
1294 0 4
1295 3 11
1296 14 28
1297 3 13
1298 31 16
1299 5 28
1300 4 0
1301 1 10
1302 5 0
1303 10 4
1304 0 18
1305 15 31
1306 21 0
1307 15 4
1308 1 29
1309 1 13
1310 26 0
1311 25 29
1312 11 29
1313 3 4
1314 28 0
1315 10 27
1316 2 8
1317 31 15
1318 2 21
1319 19 27
1320 20 31
1321 25 1
1322 3 25
1323 1 3
1324 4 15
1325 10 29
1326 14 0
1327 20 13
1328 3 16
1329 15 0
1330 17 31
1331 14 4
1332 1 16
1333 18 6
1334 0 13
1335 9 4
1336 31 2
1337 24 29
1338 30 10
1339 27 31
1340 7 0
1341 4 1
1342 5 5
1343 12 31
1344 0 20
1345 3 17
1346 1 4
1347 17 0
1348 1 27
1349 0 5
1350 2 18
1351 9 29
1352 24 18
1353 22 2
1354 11 31
1355 31 10
1356 0 1
1357 2 12
1358 21 10
1359 0 4
1360 18 0
1361 1 0
1362 13 28
1363 27 10
1364 0 16
1365 4 14
1366 20 8
1367 0 23
1368 4 29
1369 0 22
1370 1 26
1371 13 4
1372 10 0
1373 31 3
1374 0 23
1375 2 10
1376 0 27
1377 0 19
1378 5 31
1379 2 26
1380 3 30
1381 0 22
1382 30 0
1383 4 0
1384 4 11
1385 1 16
1386 2 6
1387 1 3
1388 19 31
1389 9 0
1390 1 19
1391 17 0
1392 24 0
1393 14 31
1394 3 5
1395 11 0
1396 0 15
1397 3 24
1398 31 19
1399 26 31
1400 23 18
1401 0 6
1402 31 18
1403 1 18
1404 1 23
1405 0 21
1406 2 25
1407 1 26
1408 3 2
1409 2 17
1410 8 4
1411 27 31
1412 16 27
1413 17 6
1414 13 31
1415 0 29
1416 3 4
1417 1 20
1418 5 3
1419 3 11
1420 3 5
1421 3 4
1422 1 13
1423 10 31
1424 20 31
1425 4 11
1426 3 23
1427 31 17
1428 23 0
1429 0 13
1430 0 30
1431 25 0
1432 4 3
1433 31 31
1434 4 5
1435 23 4
1436 8 29
1437 14 0
1438 0 23
1439 1 12
1440 12 28
1441 2 0
1442 0 2
1443 3 11
1444 1 27
1445 0 14
1446 19 13
1447 26 31
1448 3 24
1449 0 8
1450 0 5
1451 1 24
1452 4 11
1453 0 7
1454 2 4
1455 22 18
1456 26 10
1457 25 10
1458 3 29
1459 3 5
1460 0 26
1461 4 5
1462 12 0
1463 4 31
1464 31 14
1465 21 18
1466 6 31
1467 12 4
1468 3 23
1469 6 2
1470 3 5
1471 5 1
1472 21 5
1473 15 27
1474 0 22
1475 31 2
1476 24 1
1477 3 0
1478 16 0
1479 2 12
1480 0 24
1481 1 12
1482 11 0
1483 3 17
1484 31 7
1485 6 0
1486 3 8
1487 0 27
1488 1 29
1489 16 6
1490 30 31
1491 2 17
1492 0 20
1493 1 7
1494 15 6
1495 1 22
1496 7 29
1497 2 13
1498 11 28
1499 15 31
1500 31 26
1501 12 0
1502 2 1
1503 0 10
1504 11 29
1505 4 28
1506 1 23
1507 0 18
1508 14 6
1509 31 0
1510 18 13
1511 2 30
1512 7 0
1513 31 31
1514 7 31
1515 20 0
1516 15 30
1517 3 17
1518 0 6
1519 19 8
1520 23 29
1521 3 31
1522 26 0
1523 24 2
1524 0 15
1525 3 14
1526 20 10
1527 3 19
1528 1 25
1529 22 4
1530 0 28
1531 4 29
1532 0 12
1533 0 23
1534 22 29
1535 0 27
1536 30 12
1537 4 4
1538 30 31
1539 12 31
1540 3 3
1541 4 27
1542 5 0
1543 8 2
1544 31 13
1545 17 0
1546 15 0
1547 25 0
1548 7 4
1549 13 6
1550 2 18
1551 8 30
1552 11 0
1553 2 22
1554 27 0
1555 18 8
1556 10 29
1557 11 16
1558 18 0
1559 23 4
1560 0 1
1561 9 29
1562 29 12
1563 31 3
1564 3 16
1565 14 27
1566 12 6
1567 6 29
1568 1 17
1569 1 19
1570 18 27
1571 22 4
1572 17 13
1573 21 2
1574 25 1
1575 4 0
1576 31 16
1577 0 21
1578 4 17
1579 0 13
1580 0 31
1581 31 9
1582 0 14
1583 24 10
1584 17 27
1585 27 31
1586 1 2
1587 7 1
1588 19 10
1589 5 4
1590 0 11
1591 4 18
1592 13 31
1593 31 31
1594 16 31
1595 0 30
1596 4 14
1597 0 19
1598 6 0
1599 5 0
1600 23 10
1601 1 9
1602 1 16
1603 13 27
1604 1 20
1605 4 31
1606 0 22
1607 2 11
1608 2 7
1609 5 31
1610 0 5
1611 31 10
1612 0 2
1613 3 30
1614 5 30
1615 2 24
1616 2 2
1617 0 21
1618 17 8
1619 9 27
1620 31 15
1621 12 0
1622 17 31
1623 1 2
1624 6 28
1625 4 10
1626 3 14
1627 11 6
1628 0 29
1629 4 17
1630 4 23
1631 28 12
1632 26 31
1633 31 25
1634 0 24
1635 8 27
1636 23 2
1637 27 31
1638 3 27
1639 31 9
1640 25 0
1641 0 12
1642 14 0
1643 9 31
1644 22 0
1645 26 31
1646 0 23
1647 12 27
1648 3 17
1649 27 31
1650 1 7
1651 0 22
1652 3 26
1653 1 6
1654 28 0
1655 17 0
1656 0 31
1657 22 10
1658 1 26
1659 1 21
1660 30 0
1661 1 10
1662 10 6
1663 27 12
1664 3 2
1665 16 8
1666 1 3
1667 0 25
1668 6 31
1669 24 0
1670 7 0
1671 23 31
1672 4 2
1673 3 10
1674 22 1
1675 1 24
1676 10 0
1677 0 9
1678 21 10
1679 1 23
1680 5 29
1681 3 6
1682 11 4
1683 1 9
1684 0 1
1685 3 31
1686 10 31
1687 22 3
1688 1 18
1689 4 16
1690 10 16
1691 31 2
1692 3 1
1693 12 1
1694 9 6
1695 30 31
1696 1 4
1697 4 4
1698 21 9
1699 0 28
1700 2 30
1701 2 27
1702 1 3
1703 20 2
1704 2 25
1705 2 8
1706 0 10
1707 2 0
1708 22 31
1709 12 0
1710 1 13
1711 8 31
1712 0 8
1713 31 1
1714 8 29
1715 6 27
1716 24 2
1717 9 0
1718 31 12
1719 13 2
1720 31 2
1721 11 0
1722 19 2
1723 3 8
1724 10 4
1725 7 31
1726 2 29
1727 31 10
1728 13 0
1729 15 8
1730 0 7
1731 0 20
1732 4 28
1733 2 1
1734 1 5
1735 21 29
1736 31 31
1737 4 26
1738 31 13
1739 0 5
1740 4 15
1741 3 0
1742 27 0
1743 14 8
1744 19 31
1745 5 1
1746 26 0
1747 23 0
1748 1 30
1749 3 22
1750 9 16
1751 31 1
1752 5 31
1753 2 5
1754 0 16
1755 8 26
1756 31 16
1757 8 31
1758 7 29
1759 0 24
1760 2 17
1761 0 8
1762 13 8
1763 14 0
1764 31 2
1765 4 10
1766 21 1
1767 19 0
1768 2 16
1769 3 29
1770 4 24
1771 2 3
1772 12 8
1773 2 21
1774 23 2
1775 3 4
1776 15 31
1777 0 26
1778 20 18
1779 16 13
1780 0 21
1781 12 31
1782 5 0
1783 0 2
1784 1 26
1785 4 6
1786 1 15
1787 21 0
1788 12 2
1789 4 0
1790 21 3
1791 2 7
1792 3 3
1793 2 19
1794 2 30
1795 3 23
1796 2 15
1797 15 13
1798 14 31
1799 9 4
1800 3 26
1801 26 12
1802 0 25
1803 0 26
1804 6 31
1805 3 22
1806 18 10
1807 1 12
1808 14 13
1809 22 2
1810 8 16
1811 4 16
1812 7 28
1813 2 9
1814 19 18
1815 1 22
1816 3 11
1817 7 29
1818 1 1
1819 2 11
1820 4 26
1821 18 18
1822 3 11
1823 8 30
1824 8 31
1825 21 31
1826 1 23
1827 8 1
1828 1 4
1829 3 2
1830 0 6
1831 1 7
1832 1 31
1833 20 3
1834 4 15
1835 6 4
1836 17 10
1837 3 24
1838 1 13
1839 1 2
1840 1 6
1841 0 6
1842 17 18
1843 8 6
1844 16 0
1845 31 15
1846 31 24
1847 13 13
1848 20 9
1849 31 1
1850 0 5
1851 31 2
1852 12 13
1853 0 31
1854 4 16
1855 30 31
1856 4 15
1857 3 6
1858 11 2
1859 13 0
1860 10 0
1861 31 9
1862 3 19
1863 31 0
1864 5 1
1865 2 19
1866 31 12
1867 16 31
1868 16 18
1869 1 22
1870 26 31
1871 5 30
1872 5 4
1873 3 19
1874 12 0
1875 1 25
1876 0 27
1877 10 2
1878 6 0
1879 0 15
1880 17 31
1881 11 13
1882 3 13
1883 0 19
1884 0 6
1885 1 23
1886 7 26
1887 7 25
1888 31 6
1889 0 24
1890 2 3
1891 7 0
1892 15 0
1893 0 2
1894 0 25
1895 6 3
1896 8 4
1897 10 30
1898 20 5
1899 31 11
1900 1 3
1901 5 28
1902 4 31
1903 31 3
1904 1 29
1905 31 8
1906 31 10
1907 1 5
1908 11 8
1909 19 5
1910 0 22
1911 0 30
1912 6 26
1913 7 31
1914 25 0
1915 2 11
1916 6 31
1917 23 1
1918 1 10
1919 0 31
1920 11 27
1921 31 31
1922 10 13
1923 2 5
1924 1 14
1925 9 31
1926 0 9
1927 3 31
1928 0 8
1929 7 4
1930 0 23
1931 1 5
1932 6 2
1933 2 6
1934 4 30
1935 16 27
1936 4 28
1937 2 18
1938 20 29
1939 0 1
1940 19 9
1941 3 0
1942 10 27
1943 6 3
1944 21 2
1945 2 4
1946 4 14
1947 9 13
1948 0 13
1949 13 1
1950 5 0
1951 30 0
1952 4 22
1953 4 0
1954 13 2
1955 0 16
1956 30 8
1957 0 26
1958 19 29
1959 12 2
1960 0 15
1961 6 29
1962 0 20
1963 4 1
1964 18 2
1965 18 31
1966 3 20
1967 31 5
1968 0 27
1969 30 31
1970 20 31
1971 8 2
1972 18 29
1973 1 2
1974 10 29
1975 14 0
1976 5 28
1977 1 19
1978 0 5
1979 3 11
1980 0 16
1981 7 6
1982 4 0
1983 5 30
1984 4 15
1985 1 6
1986 7 29
1987 0 24
1988 0 19
1989 0 14
1990 10 8
1991 0 10
1992 7 24
1993 15 31
1994 1 22
1995 31 6
1996 0 29
1997 9 8
1998 1 26
1999 3 1
2000 2 24
2001 7 2
2002 8 13
2003 1 30
2004 1 21
2005 6 29
2006 0 6
2007 12 3
2008 18 9
2009 1 1
2010 4 9
2011 8 0
2012 7 13
2013 1 31
2014 2 3
2015 1 8
2016 0 31
2017 2 29
2018 31 23
2019 5 3
2020 6 2
2021 1 25
2022 7 16
2023 1 19
2024 31 31
2025 31 14
2026 1 13
2027 23 0
2028 26 0
2029 11 31
2030 17 29
2031 4 30
2032 3 26
2033 3 22
2034 4 6
2035 12 31
2036 11 31
2037 3 5
2038 19 3
2039 7 29
2040 9 27
2041 3 14
2042 18 30
2043 1 11
2044 31 2
2045 1 5
2046 1 28
2047 8 31
2048 0 11
2049 20 3
2050 18 8
2051 9 31
2052 6 16
2053 16 29
2054 5 31
2055 4 28
2056 31 22
2057 0 1
2058 4 17
2059 31 5
2060 12 31
2061 2 21
2062 11 3
2063 5 16
2064 2 26
2065 2 7
2066 2 13
2067 25 0
2068 3 3
2069 11 4
2070 16 10
2071 0 28
2072 23 1
2073 24 0
2074 25 0
2075 19 31
2076 0 25
2077 20 31
2078 3 29
2079 0 22
2080 8 27
2081 23 0
2082 6 16
2083 6 0
2084 9 2
2085 5 26
2086 19 3
2087 12 1
2088 0 24
2089 0 19
2090 3 18
2091 3 13
2092 4 20
2093 4 2
2094 4 14
2095 0 13
2096 2 18
2097 15 29
2098 15 10
2099 4 4
2100 0 26
2101 23 1
2102 5 0
2103 13 0
2104 4 27
2105 4 7
2106 2 2
2107 3 17
2108 18 0
2109 5 16
2110 1 4
2111 0 27
2112 0 7
2113 14 31
2114 18 29
2115 2 23
2116 15 31
2117 4 1
2118 17 0
2119 1 20
2120 8 8
2121 17 2
2122 1 18
2123 2 18
2124 1 12
2125 7 27
2126 31 9
2127 2 4
2128 0 26
2129 2 30
2130 6 1
2131 4 29
2132 2 11
2133 7 0
2134 6 27
2135 14 31
2136 4 10
2137 23 0
2138 3 25
2139 8 0
2140 14 29
2141 2 3
2142 10 4
2143 20 2
2144 2 31
2145 0 12
2146 4 17
2147 4 31
2148 1 30
2149 16 31
2150 2 20
2151 31 21
2152 3 17
2153 9 4
2154 6 24
2155 17 29
2156 3 0
2157 17 8
2158 31 4
2159 2 21
2160 1 0
2161 11 1
2162 3 31
2163 25 31
2164 0 30
2165 4 15
2166 20 0
2167 9 0
2168 31 13
2169 3 10
2170 1 27
2171 0 9
2172 1 18
2173 3 12
2174 6 4
2175 1 28
2176 31 20
2177 31 12
2178 24 31
2179 6 0
2180 6 13
2181 0 27
2182 12 0
2183 6 2
2184 15 18
2185 31 5
2186 0 26
2187 4 3
2188 1 12
2189 0 2
2190 0 15
2191 3 20
2192 3 27
2193 3 6
2194 8 1
2195 5 17
2196 0 14
2197 17 31
2198 31 19
2199 5 2
2200 31 0
2201 7 8
2202 1 6
2203 5 7
2204 18 3
2205 2 29
2206 7 1
2207 26 0
2208 3 5
2209 6 29
2210 1 31
2211 8 0
2212 2 14
2213 5 24
2214 4 10
2215 1 3
2216 2 1
2217 0 20
2218 19 0
2219 7 2
2220 3 6
2221 0 1
2222 0 8
2223 0 27
2224 16 31
2225 4 5
2226 31 18
2227 18 5
2228 2 2
2229 1 19
2230 16 2
2231 2 10
2232 4 8
2233 0 25
2234 0 29
2235 5 16
2236 1 26
2237 16 0
2238 31 4
2239 0 10
2240 14 18
2241 3 18
2242 4 11
2243 8 4
2244 17 31
2245 1 8
2246 16 8
2247 17 3
2248 2 27
2249 4 10
2250 30 2
2251 2 5
2252 25 12
2253 6 8
2254 2 0
2255 0 31
2256 0 8
2257 0 12
2258 3 9
2259 19 2
2260 0 28
2261 5 31
2262 15 0
2263 18 0
2264 6 31
2265 1 9
2266 15 2
2267 11 31
2268 16 29
2269 3 7
2270 5 17
2271 14 0
2272 0 11
2273 2 11
2274 3 27
2275 11 0
2276 4 24
2277 1 16
2278 3 8
2279 7 29
2280 31 11
2281 2 10
2282 4 14
2283 10 1
2284 2 25
2285 2 19
2286 2 13
2287 1 21
2288 31 2
2289 2 11
2290 8 31
2291 4 28
2292 13 31
2293 1 2
2294 3 25
2295 1 23
2296 2 31
2297 0 16
2298 4 0
2299 3 2
2300 0 12
2301 1 13
2302 0 15
2303 0 30
2304 15 8
2305 1 14
2306 13 18
2307 4 17
2308 6 1
2309 13 0
2310 3 17
2311 31 8
2312 4 29
2313 1 5
2314 1 11
2315 5 1
2316 15 27
2317 19 31
2318 22 0
2319 12 18
2320 4 31
2321 3 1
2322 2 25
2323 18 2
2324 31 7
2325 0 21
2326 19 2
2327 2 10
2328 23 31
2329 4 8
2330 31 5
2331 2 16
2332 11 18
2333 2 12
2334 1 29
2335 3 31
2336 16 3
2337 16 4
2338 2 9
2339 17 5
2340 4 6
2341 5 6
2342 20 31
2343 3 6
2344 3 8
2345 14 31
2346 4 5
2347 14 8
2348 10 0
2349 29 8
2350 0 7
2351 7 5
2352 0 26
2353 0 25
2354 2 3
2355 5 7
2356 13 31
2357 6 28
2358 1 8
2359 24 12
2360 7 6
2361 31 3
2362 2 2
2363 9 1
2364 14 27
2365 10 18
2366 17 0
2367 4 26
2368 0 22
2369 2 13
2370 2 22
2371 1 3
2372 9 29
2373 16 28
2374 2 10
2375 0 14
2376 13 29
2377 11 1
2378 1 30
2379 4 6
2380 2 15
2381 4 23
2382 1 12
2383 5 31
2384 6 31
2385 2 11
2386 5 0
2387 31 2
2388 2 17
2389 14 2
2390 6 9
2391 1 27
2392 0 30
2393 1 2
2394 0 18
2395 1 6
2396 14 10
2397 3 13
2398 30 0
2399 0 19
2400 5 4
2401 3 21
2402 1 26
2403 1 13
2404 0 6
2405 3 0
2406 5 26
2407 1 24
2408 17 6
2409 4 31
2410 5 9
2411 13 2
2412 0 2
2413 0 20
2414 1 4
2415 0 8
2416 9 2
2417 2 0
2418 9 0
2419 15 28
2420 0 26
2421 4 11
2422 31 1
2423 3 12
2424 12 2
2425 6 6
2426 9 28
2427 15 4
2428 13 10
2429 31 4
2430 1 17
2431 16 31
2432 1 27
2433 5 13
2434 1 23
2435 31 17
2436 2 13
2437 1 12
2438 2 4
2439 31 16
2440 23 12
2441 1 5
2442 3 0
2443 5 28
2444 1 30
2445 3 10
2446 21 0
2447 29 0
2448 25 0
2449 3 2
2450 3 31
2451 4 20
2452 9 18
2453 3 24
2454 2 16
2455 2 30
2456 5 12
2457 31 3
2458 1 7
2459 4 1
2460 4 10
2461 28 8
2462 15 31
2463 2 8
2464 0 30
2465 3 3
2466 16 6
2467 2 14
2468 28 0
2469 11 0
2470 8 28
2471 1 31
2472 2 27
2473 0 27
2474 9 31
2475 1 1
2476 3 17
2477 16 31
2478 0 5
2479 5 3
2480 4 2
2481 0 19
2482 3 9
2483 2 23
2484 6 5
2485 1 20
2486 3 29
2487 0 20
2488 0 28
2489 6 7
2490 1 6
2491 1 25
2492 2 2
2493 2 28
2494 0 12
2495 19 31
2496 15 29
2497 4 19
2498 3 6
2499 1 11
2500 15 31
2501 2 11
2502 0 27
2503 0 26
2504 3 26
2505 3 27
2506 16 0
2507 0 18
2508 3 7
2509 15 6
2510 0 27
2511 5 11
2512 4 28
2513 5 31
2514 5 7
2515 12 29
2516 4 31
2517 0 21
2518 1 10
2519 2 5
2520 1 28
2521 22 31
2522 0 1
2523 2 22
2524 7 0
2525 27 8
2526 2 13
2527 14 6
2528 14 4
2529 8 0
2530 5 6
2531 4 0
2532 24 0
2533 3 14
2534 16 31
2535 3 20
2536 21 31
2537 3 10
2538 7 4
2539 4 26
2540 13 8
2541 13 27
2542 3 1
2543 3 22
2544 1 9
2545 3 0
2546 12 10
2547 8 31
2548 2 21
2549 2 31
2550 2 15
2551 3 30
2552 1 16
2553 11 29
2554 3 4
2555 4 9
2556 0 7
2557 1 11
2558 0 4
2559 12 8
2560 0 16
2561 7 31
2562 3 29
2563 31 4
2564 1 18
2565 2 25
2566 1 19
2567 23 0
2568 13 6
2569 0 11
2570 3 6
2571 3 7
2572 0 5
2573 31 15
2574 4 14
2575 1 8
2576 11 1
2577 0 25
2578 11 8
2579 0 26
2580 31 14
2581 12 0
2582 0 19
2583 22 31
2584 0 28
2585 12 6
2586 0 2
2587 4 8
2588 1 14
2589 10 0
2590 8 18
2591 31 0
2592 4 18
2593 0 31
2594 15 0
2595 6 9
2596 4 30
2597 9 1
2598 12 27
2599 30 31
2600 20 0
2601 1 21
2602 2 3
2603 21 31
2604 5 28
2605 0 6
2606 8 27
2607 1 9
2608 7 27
2609 4 31
2610 0 5
2611 19 0
2612 2 16
2613 4 28
2614 2 1
2615 0 13
2616 14 31
2617 2 21
2618 6 0
2619 6 4
2620 7 28
2621 3 14
2622 7 0
2623 22 31
2624 0 22
2625 0 30
2626 0 31
2627 0 21
2628 5 9
2629 22 0
2630 4 4
2631 1 8
2632 2 27
2633 3 1
2634 0 20
2635 2 12
2636 4 14
2637 8 0
2638 2 19
2639 0 18
2640 1 25
2641 2 13
2642 1 10
2643 4 19
2644 3 27
2645 4 6
2646 4 20
2647 3 15
2648 2 29
2649 31 3
2650 31 31
2651 11 27
2652 0 23
2653 6 9
2654 6 1
2655 0 29
2656 0 6
2657 31 13
2658 12 3
2659 31 14
2660 0 27
2661 0 8
2662 3 31
2663 0 5
2664 1 15
2665 2 7
2666 6 28
2667 1 7
2668 2 17
2669 2 23
2670 4 5
2671 4 25
2672 6 5
2673 3 3
2674 2 14
2675 0 4
2676 5 9
2677 2 16
2678 0 30
2679 2 30
2680 2 26
2681 3 6
2682 3 21
2683 6 31
2684 18 0
2685 0 15
2686 14 0
2687 5 2
2688 1 22
2689 1 13
2690 0 12
2691 2 9
2692 31 6
2693 0 11
2694 1 6
2695 31 2
2696 5 0
2697 17 31
2698 11 3
2699 1 11
2700 0 10
2701 6 6
2702 1 21
2703 5 31
2704 4 0
2705 1 27
2706 30 0
2707 2 6
2708 5 0
2709 1 16
2710 0 22
2711 20 31
2712 10 8
2713 0 1
2714 2 22
2715 4 18
2716 4 26
2717 19 31
2718 7 31
2719 16 31
2720 5 20
2721 26 8
2722 3 7
2723 1 15
2724 1 16
2725 1 20
2726 4 10
2727 2 17
2728 4 2
2729 3 28
2730 6 9
2731 2 15
2732 6 27
2733 0 13
2734 3 10
2735 4 25
2736 0 19
2737 4 9
2738 4 11
2739 1 7
2740 2 5
2741 1 12
2742 13 0
2743 31 5
2744 10 31
2745 6 0
2746 6 2
2747 25 8
2748 2 29
2749 3 15
2750 7 0
2751 6 4
2752 1 24
2753 10 29
2754 2 10
2755 12 0
2756 2 30
2757 31 0
2758 7 4
2759 11 2
2760 0 21
2761 15 0
2762 0 20
2763 2 16
2764 11 0
2765 3 20
2766 4 8
2767 3 4
2768 0 31
2769 4 19
2770 1 1
2771 27 0
2772 0 1
2773 31 13
2774 2 0
2775 0 22
2776 14 29
2777 5 9
2778 30 31
2779 11 10
2780 1 2
2781 21 31
2782 2 2
2783 0 9
2784 13 0
2785 9 8
2786 6 1
2787 3 8
2788 18 31
2789 18 2
2790 1 21
2791 3 13
2792 21 0
2793 6 4
2794 0 7
2795 4 8
2796 0 14
2797 2 15
2798 0 5
2799 1 19
2800 0 16
2801 2 18
2802 1 14
2803 0 21
2804 13 29
2805 0 28
2806 5 10
2807 9 29
2808 8 31
2809 1 28
2810 0 22
2811 0 8
2812 7 1
2813 4 0
2814 0 25
2815 13 1
2816 2 24
2817 4 3
2818 4 27
2819 5 3
2820 4 15
2821 2 29
2822 17 2
2823 7 0
2824 31 3
2825 0 2
2826 2 6
2827 3 14
2828 3 16
2829 2 19
2830 1 5
2831 3 23
2832 8 0
2833 19 31
2834 14 0
2835 6 26
2836 3 21
2837 3 0
2838 22 12
2839 7 2
2840 7 4
2841 2 5
2842 18 31
2843 5 4
2844 0 26
2845 0 9
2846 10 2
2847 2 27
2848 0 8
2849 4 23
2850 8 2
2851 5 21
2852 31 31
2853 2 0
2854 0 5
2855 20 31
2856 6 31
2857 30 31
2858 8 8
2859 15 0
2860 13 0
2861 31 31
2862 16 30
2863 1 6
2864 31 6
2865 31 2
2866 3 29
2867 0 19
2868 1 3
2869 3 23
2870 4 18
2871 4 23
2872 4 3
2873 2 3
2874 6 27
2875 4 2
2876 0 1
2877 1 20
2878 5 15
2879 17 31
2880 1 27
2881 21 12
2882 13 31
2883 4 3
2884 11 31
2885 2 25
2886 3 19
2887 0 4
2888 0 6
2889 26 0
2890 30 31
2891 1 30
2892 4 9
2893 31 10
2894 14 31
2895 4 19
2896 2 19
2897 19 31
2898 0 7
2899 1 15
2900 4 18
2901 0 25
2902 0 9
2903 16 0
2904 3 13
2905 7 3
2906 5 9
2907 31 9
2908 10 31
2909 2 16
2910 1 31
2911 1 23
2912 0 30
2913 5 6
2914 0 10
2915 10 1
2916 3 14
2917 10 0
2918 1 26
2919 12 0
2920 2 11
2921 2 1
2922 4 19
2923 11 6
2924 0 2
2925 20 12
2926 6 3
2927 0 1
2928 7 8
2929 11 31
2930 31 12
2931 5 5
2932 1 5
2933 3 2
2934 7 2
2935 4 2
2936 5 4
2937 13 4
2938 1 2
2939 2 4
2940 5 20
2941 9 2
2942 31 5
2943 3 20
2944 10 10
2945 25 0
2946 2 29
2947 31 3
2948 0 15
2949 0 2
2950 3 6
2951 3 29
2952 0 14
2953 24 8
2954 7 18
2955 12 29
2956 1 27
2957 0 23
2958 2 15
2959 7 0
2960 1 11
2961 31 8
2962 1 16
2963 0 3
2964 0 26
2965 9 1
2966 3 4
2967 0 8
2968 2 0
2969 10 6
2970 0 31
2971 9 10
2972 2 16
2973 16 31
2974 17 31
2975 0 25
2976 16 31
2977 1 24
2978 0 20
2979 2 31
2980 2 6
2981 10 3
2982 0 29
2983 3 0
2984 23 8
2985 1 20
2986 2 27
2987 0 30
2988 8 29
2989 8 0
2990 1 29
2991 3 21
2992 5 8
2993 1 6
2994 19 0
2995 1 8
2996 13 31
2997 0 27
2998 4 20
2999 6 26
3000 4 10
3001 1 25
3002 0 16
3003 30 0
3004 3 5
3005 4 24
3006 8 10
3007 12 4
3008 4 26
3009 22 0
3010 3 31
3011 2 4
3012 9 6
3013 3 20
3014 7 3
3015 2 8
3016 2 9
3017 13 0
3018 7 29
3019 31 7
3020 1 7
3021 7 31
3022 2 21
3023 4 15
3024 0 18
3025 2 8
3026 11 4
3027 2 2
3028 3 16
3029 9 0
3030 22 8
3031 1 31
3032 1 15
3033 0 26
3034 4 14
3035 31 2
3036 4 25
3037 16 2
3038 0 9
3039 3 28
3040 6 8
3041 6 0
3042 0 15
3043 0 29
3044 0 12
3045 0 5
3046 1 21
3047 0 19
3048 0 8
3049 31 1
3050 18 0
3051 15 30
3052 0 31
3053 15 31
3054 21 0
3055 31 31
3056 31 6
3057 1 1
3058 2 20
3059 17 0
3060 2 1
3061 1 31
3062 2 5
3063 0 4
3064 2 31
3065 15 2
3066 7 10
3067 2 28
3068 19 12
3069 18 31
3070 0 24
3071 4 4
# colocadas=3072 ocupadas=108 mayor=222
