# semilla=3
16 25
768
8 9
5 6
20 8
21 2
20 1
16 5
18 4
7 8
18 9
16 7
21 3
8 3
17 7
24 1
22 2
6 1
10 1
9 8
20 7
23 7
13 8
5 6
4 1
5 8
7 5
22 7
25 5
14 9
13 6
18 7
19 4
11 1
9 3
23 6
18 2
23 4
21 5
10 2
3 8
21 8
3 6
3 7
5 1
10 7
25 7
4 1
20 1
13 6
18 5
17 4
2 5
1 2
4 9
2 4
14 5
20 5
5 1
11 6
12 3
13 7
15 9
13 9
4 9
9 7
21 4
10 7
9 9
10 9
11 1
14 6
1 7
20 3
2 6
15 6
22 6
20 5
24 8
1 1
22 1
12 5
21 8
10 6
6 6
6 6
25 6
20 5
10 7
4 1
19 3
10 9
8 5
8 6
6 7
21 2
4 6
11 4
15 3
3 6
24 4
19 8
9 4
4 1
17 4
11 3
9 6
21 2
20 6
19 3
14 5
17 5
15 6
21 7
10 7
19 7
2 7
5 4
1 8
20 9
14 9
23 4
2 8
25 9
10 9
11 4
3 5
4 4
2 1
23 9
7 7
19 1
1 8
24 2
6 9
10 4
22 1
17 9
14 1
20 2
11 3
9 9
16 1
12 4
7 2
18 2
6 4
9 3
1 8
21 7
2 5
8 5
20 9
17 7
2 8
11 1
2 3
2 2
2 2
16 1
23 2
17 9
16 6
6 6
3 6
13 7
19 5
12 5
7 6
14 2
5 9
1 7
3 3
2 6
15 9
13 1
20 7
2 6
21 8
25 6
14 7
15 1
8 4
18 5
23 2
14 4
14 3
1 6
12 9
9 2
15 2
24 9
13 2
24 6
19 9
4 1
16 3
8 7
2 9
3 2
22 7
6 1
11 2
1 2
22 8
23 5
19 5
3 1
25 9
17 4
4 9
24 2
18 1
18 6
19 3
3 4
6 4
15 7
9 6
20 7
12 9
14 2
13 9
8 7
24 3
14 9
22 8
5 7
5 3
4 8
24 8
23 9
15 3
5 5
25 4
5 9
11 4
23 9
25 5
22 7
20 5
7 5
1 5
16 7
7 3
19 6
8 6
16 3
14 8
23 4
15 9
1 8
24 2
13 1
15 4
8 2
7 5
8 4
25 5
5 3
20 1
9 3
2 6
6 7
3 2
4 2
9 5
2 6
15 6
1 1
11 6
14 7
16 2
7 8
13 3
18 6
4 5
3 7
4 8
17 5
4 9
23 6
22 6
25 8
10 5
4 6
22 9
17 2
22 8
17 6
2 5
22 3
21 3
6 6
21 8
4 2
18 3
11 7
18 5
21 3
15 8
10 3
23 2
4 3
25 9
18 7
12 2
9 5
13 1
5 1
16 9
9 4
23 9
12 6
13 8
18 2
12 8
4 3
9 2
22 2
19 2
6 4
19 7
22 7
24 3
19 3
13 4
18 9
6 3
7 5
12 5
1 8
14 7
11 9
19 5
21 8
17 5
22 8
1 4
24 1
4 4
16 3
17 8
7 4
17 4
2 9
21 8
4 5
22 3
5 8
3 1
1 6
20 4
17 2
16 9
1 6
11 6
12 3
3 1
23 2
24 6
7 2
7 7
23 4
16 6
4 1
14 2
7 3
13 8
16 2
18 7
7 8
10 1
15 8
25 7
15 3
15 1
24 5
12 6
15 9
12 7
8 1
7 5
12 3
15 9
7 3
7 1
6 7
17 3
21 1
5 2
20 3
15 8
6 1
1 7
15 6
14 1
23 1
8 7
2 7
16 1
8 4
4 7
16 4
6 6
20 2
12 2
20 1
24 5
9 8
10 8
8 9
9 1
11 6
11 2
2 7
3 1
4 1
22 2
1 3
17 1
16 1
7 9
11 4
25 8
11 8
12 1
13 5
25 7
3 5
6 7
4 9
13 9
11 9
22 7
6 7
18 6
6 6
14 8
8 8
25 8
12 5
6 9
24 7
16 1
5 3
23 1
15 2
25 2
11 4
20 1
20 1
15 8
24 6
12 1
3 4
13 2
11 5
4 8
3 4
8 1
5 3
19 1
4 4
10 4
8 9
17 7
17 6
18 4
15 3
20 2
2 2
20 1
4 4
9 2
4 8
13 4
22 2
21 8
25 6
13 8
25 2
10 8
13 4
4 9
1 8
10 2
11 6
7 8
25 2
18 6
14 2
20 9
7 4
12 1
11 4
14 8
3 5
7 6
6 4
24 4
24 8
23 9
14 6
7 7
16 7
16 1
10 1
6 2
1 3
10 9
17 1
21 8
2 4
24 4
9 8
14 1
12 8
24 4
24 5
5 2
15 5
14 8
3 4
5 8
25 5
13 6
6 7
10 8
16 9
18 4
12 5
10 1
15 6
12 5
24 4
17 1
1 3
21 9
5 9
1 3
2 1
7 8
12 6
18 1
16 3
8 1
9 7
11 1
20 9
4 8
10 5
8 8
14 5
11 1
1 7
2 3
25 4
5 7
17 6
18 3
9 1
6 1
1 8
21 1
15 8
17 9
14 6
17 3
10 3
3 3
18 2
14 6
15 8
9 5
15 5
17 3
19 6
5 9
2 7
16 4
15 5
1 6
19 9
4 8
5 5
23 5
4 7
22 2
12 1
17 8
25 8
7 5
12 3
21 7
13 6
2 5
7 1
11 6
20 7
18 5
2 3
14 5
14 2
16 4
7 2
23 9
4 2
21 1
10 2
14 5
16 8
9 5
18 9
2 3
8 8
6 3
5 3
23 8
22 7
21 1
5 7
2 3
25 3
10 4
21 3
5 1
17 3
18 4
13 2
14 7
6 1
9 2
5 2
5 5
5 7
12 2
7 1
12 3
16 4
3 6
18 8
4 6
16 1
24 6
17 8
19 7
15 9
18 5
15 3
18 8
13 4
25 5
24 3
10 3
11 5
7 3
2 1
14 3
4 1
6 2
13 6
17 5
3 8
18 8
11 3
19 4
11 8
17 6
21 6
19 6
23 6
23 6
10 5
9 3
4 9
8 6
24 4
10 7
9 8
5 8
11 9
6 9
17 8
20 1
3 7
14 9
20 5
2 4
13 7
7 2
12 9
7 1
18 8
4 7
24 7
23 9
12 1
10 6
17 6
13 8
12 2
19 8
5 6
8 1
12 2
20 1
5 2
7 6
14 5
7 1
1 9
24 6
18 8
24 6
24 4
15 6
22 2
17 7
8 8
5 5
10 9
7 2
6 2
14 1
12 7
1 8
6 8
9 3
13 4
17 7
19 5
14 5
4 2
3 8
25 6
3 1
11 8
14 2
22 6
21 7
19 4
11 4
21 7
3 1
21 9
1 9
17 4
19 2
6 4
16 9
13 5
12 8
22 9
8 4
19 5
11 3
19 9
12 9
12 6
25 9
7 8
2 7
10 4
16 4
6 2
15 2
17 7
7 6
6 1
