# semilla=1
16 25
768
5 2
9 2
16 8
16 7
7 2
16 1
13 7
20 1
23 8
9 4
19 2
11 1
1 1
21 9
1 7
22 4
14 1
17 4
25 8
16 9
8 6
8 4
25 8
10 1
14 9
21 2
6 5
4 6
24 9
14 9
22 4
10 5
19 8
17 7
19 1
16 4
24 7
14 3
12 9
23 6
3 8
22 9
4 3
17 7
12 8
24 1
16 1
10 7
21 3
6 9
8 1
25 4
18 9
8 7
17 6
19 6
15 5
22 9
20 1
13 9
5 9
25 9
7 7
2 8
12 9
7 9
14 8
12 7
12 1
18 9
20 6
15 1
8 3
18 3
3 9
9 1
22 2
3 1
15 1
25 5
8 5
4 3
12 5
3 3
6 5
17 3
22 5
21 5
15 6
16 8
4 1
10 7
11 7
7 5
4 5
24 9
7 7
1 4
1 7
5 1
24 3
15 9
22 7
18 4
21 9
15 4
17 1
13 6
22 7
2 5
5 4
2 5
3 2
10 5
24 3
14 5
5 1
18 1
19 4
19 8
6 9
2 7
7 6
4 4
19 7
19 4
16 2
22 7
10 9
16 1
11 7
10 1
6 4
11 3
11 7
7 5
22 2
13 9
12 9
16 9
8 2
24 1
3 3
6 3
18 4
9 6
20 9
9 6
11 6
4 5
8 8
5 9
25 2
11 1
14 2
13 3
5 6
4 7
3 9
8 2
9 6
10 9
4 8
9 2
2 5
1 1
3 7
4 1
7 4
19 7
6 2
15 3
22 4
6 2
14 7
18 5
18 5
23 8
11 2
7 6
2 1
1 5
24 6
15 7
11 7
3 2
11 8
4 5
7 9
23 8
22 6
9 3
18 4
10 4
8 6
3 5
3 8
3 6
8 7
10 1
11 3
11 5
8 6
4 9
20 2
8 4
1 4
13 2
9 9
3 2
1 1
10 6
16 8
5 2
17 6
3 9
22 3
6 3
5 6
10 2
23 9
20 5
5 4
5 9
24 1
25 6
20 9
24 4
6 5
14 9
6 1
23 4
9 2
22 8
14 9
9 9
15 9
15 1
13 6
6 5
16 1
21 7
19 1
2 6
19 3
19 3
5 5
9 7
19 7
6 2
8 8
1 3
17 6
17 8
22 4
8 6
16 8
8 7
11 9
20 5
21 4
2 2
25 9
21 6
6 9
25 4
10 5
23 5
18 6
6 8
20 2
4 9
19 7
6 3
9 7
7 1
16 7
23 6
13 9
6 9
24 1
17 2
9 2
9 2
5 2
15 4
13 7
13 3
11 8
5 8
7 2
14 9
14 2
22 5
9 4
13 9
1 4
17 8
19 1
1 4
9 4
6 5
5 9
7 5
10 5
22 8
6 9
12 8
14 2
25 4
19 7
7 5
4 1
4 1
18 5
22 3
3 9
12 5
14 9
22 6
25 9
11 1
4 8
23 8
12 5
18 7
11 8
4 7
13 4
18 1
9 9
7 8
20 9
14 5
23 3
15 9
7 6
17 1
22 7
19 7
13 6
20 2
16 4
21 5
21 1
14 3
21 7
9 3
25 2
25 1
12 5
23 7
22 9
10 3
15 5
16 3
15 9
2 5
17 2
24 7
3 6
3 8
1 3
17 3
23 2
13 5
20 5
7 9
7 4
11 5
3 2
23 9
22 6
15 9
18 1
6 5
21 9
9 6
20 4
13 9
13 3
16 5
20 6
23 4
9 4
22 1
20 7
11 7
25 4
9 4
3 3
19 8
19 3
20 5
15 9
6 3
25 3
23 8
12 5
25 7
8 2
23 4
23 5
3 2
8 7
11 8
4 3
2 1
20 1
25 4
22 1
16 9
24 8
11 5
4 3
4 4
13 4
16 8
13 3
8 4
10 8
18 7
7 8
23 5
11 8
19 2
7 2
2 1
1 8
11 7
19 5
7 7
6 3
1 1
13 3
22 9
2 7
9 3
3 8
21 5
1 1
18 1
17 3
2 5
25 2
14 2
7 1
16 3
24 5
22 4
22 8
13 6
21 5
9 4
8 1
19 3
12 7
20 9
21 9
2 6
18 7
18 4
23 9
14 2
23 5
24 2
9 3
4 3
2 4
14 1
2 2
17 8
17 6
4 6
2 3
18 1
15 3
13 8
1 9
9 2
9 6
3 5
2 7
2 5
11 3
9 7
4 5
4 7
8 9
18 4
11 6
17 7
19 8
4 3
21 8
17 9
24 9
18 1
10 3
7 6
13 9
11 2
14 6
5 2
2 5
21 9
11 7
10 6
12 5
11 9
17 1
17 2
5 6
24 6
11 2
15 5
16 8
12 7
3 1
5 1
17 8
19 5
8 6
12 6
13 5
15 6
18 9
6 1
5 5
22 4
19 3
4 3
25 7
24 1
4 9
22 5
23 2
7 5
3 9
21 2
3 4
21 3
17 7
1 6
16 5
8 4
20 8
8 7
15 6
18 4
16 2
9 7
7 1
24 9
25 7
17 8
3 7
20 9
19 7
2 6
15 1
7 5
23 1
18 2
10 9
24 6
25 9
21 9
10 9
14 9
17 7
20 5
15 5
5 9
15 3
18 3
9 1
14 1
12 7
13 5
22 1
3 2
1 7
9 8
9 6
21 8
25 6
13 8
4 8
12 3
14 3
1 3
9 6
5 5
14 5
17 5
24 7
23 5
14 6
25 8
7 8
13 7
3 2
5 4
5 4
24 1
4 5
5 8
25 2
13 3
1 2
14 1
18 4
18 7
12 1
21 2
24 9
22 7
22 2
9 5
6 8
23 1
7 2
13 2
22 8
10 9
16 7
4 8
4 3
13 4
6 9
9 7
24 9
10 8
21 9
7 6
16 2
1 6
23 5
2 9
21 8
10 2
8 9
9 5
23 4
14 3
5 5
7 7
18 1
18 9
5 7
9 5
16 5
9 8
7 8
12 8
8 6
6 3
24 8
18 3
2 9
11 9
23 3
21 4
11 8
16 6
4 3
5 5
8 2
21 9
23 1
19 3
22 2
8 4
17 5
14 6
1 1
10 4
3 4
9 6
9 9
13 1
4 6
12 3
4 5
25 3
22 1
12 2
3 2
10 6
8 5
17 1
12 1
3 3
13 6
24 4
4 6
9 1
17 6
4 6
21 3
20 5
13 2
22 9
16 7
18 7
10 4
21 5
18 3
2 9
4 3
8 4
14 5
18 1
9 9
9 9
9 8
5 7
23 2
24 6
3 9
12 9
18 9
22 1
20 5
15 3
5 2
19 3
22 4
16 6
12 5
6 3
13 8
13 2
20 3
9 5
22 1
18 1
21 3
13 9
4 8
1 7
20 7
9 6
14 7
20 8
2 2
16 1
21 1
2 2
19 3
17 9
25 6
18 5
19 6
16 4
20 4
4 9
12 3
4 1
23 6
14 6
9 1
20 7
14 7
12 5
25 6
15 4
