# semilla=3
16 100
768
31 9
17 6
78 8
81 2
78 1
61 5
71 4
25 8
70 9
61 7
82 3
30 3
67 7
95 1
86 2
21 1
39 1
35 8
77 7
92 7
51 8
18 6
13 1
18 8
28 5
87 7
100 5
54 9
50 6
69 7
75 4
44 1
36 3
90 6
70 2
92 4
82 5
37 2
9 8
82 8
12 6
9 7
20 1
38 7
99 7
16 1
78 1
49 6
71 5
65 4
5 5
1 2
14 9
5 4
53 5
79 5
20 1
44 6
47 3
49 7
59 9
50 9
14 9
35 7
82 4
39 7
34 9
39 9
44 1
54 6
3 7
79 3
8 6
60 6
87 6
78 5
95 8
3 1
87 1
48 5
81 8
39 6
23 6
24 6
98 6
77 5
39 7
14 1
73 3
40 9
29 5
31 6
24 7
84 2
14 6
43 4
57 3
11 6
95 4
73 8
35 4
16 1
68 4
41 3
36 6
83 2
80 6
76 3
54 5
67 5
60 6
82 7
38 7
73 7
5 7
20 4
1 8
80 9
56 9
92 4
5 8
97 9
37 9
44 4
9 5
16 4
6 1
89 9
26 7
74 1
2 8
96 2
22 9
39 4
85 1
68 9
53 1
79 2
44 3
33 9
62 1
46 4
26 2
69 2
22 4
36 3
1 8
81 7
7 5
32 5
80 9
67 7
7 8
42 1
8 3
6 2
7 2
62 1
92 2
66 9
63 6
21 6
10 6
50 7
76 5
47 5
25 6
55 2
17 9
1 7
11 3
6 6
59 9
49 1
80 7
7 6
81 8
98 6
54 7
59 1
32 4
69 5
89 2
55 4
55 3
4 6
48 9
34 2
60 2
94 9
49 2
94 6
73 9
14 1
61 3
31 7
6 9
12 2
85 7
23 1
44 2
4 2
87 8
90 5
75 5
12 1
99 9
68 4
14 9
96 2
71 1
71 6
73 3
10 4
24 4
59 7
33 6
77 7
45 9
54 2
49 9
31 7
96 3
54 9
88 8
20 7
20 3
13 8
96 8
90 9
57 3
18 5
97 4
19 9
41 4
89 9
100 5
86 7
77 5
28 5
3 5
62 7
26 3
73 6
31 6
62 3
54 8
90 4
60 9
4 8
93 2
52 1
60 4
31 2
28 5
31 4
100 5
18 3
80 1
33 3
6 6
24 7
12 2
16 2
34 5
5 6
58 6
1 1
43 6
56 7
63 2
27 8
51 3
70 6
16 5
10 7
15 8
68 5
13 9
90 6
87 6
97 8
38 5
14 6
87 9
68 2
86 8
66 6
8 5
87 3
83 3
23 6
84 8
16 2
72 3
43 7
72 5
83 3
59 8
40 3
91 2
14 3
97 9
70 7
46 2
35 5
50 1
18 1
62 9
35 4
90 9
46 6
52 8
70 2
46 8
15 3
35 2
88 2
73 2
24 4
73 7
86 7
96 3
76 3
51 4
70 9
22 3
26 5
48 5
4 8
53 7
41 9
75 5
82 8
68 5
86 8
4 4
94 1
14 4
63 3
68 8
26 4
68 4
5 9
83 8
15 5
85 3
18 8
12 1
4 6
80 4
65 2
64 9
3 6
42 6
45 3
11 1
92 2
95 6
27 2
26 7
90 4
63 6
14 1
53 2
26 3
51 8
61 2
69 7
27 8
39 1
60 8
97 7
57 3
59 1
93 5
47 6
58 9
47 7
29 1
27 5
48 3
59 9
25 3
27 1
22 7
65 3
82 1
18 2
78 3
57 8
24 1
3 7
58 6
53 1
91 1
31 7
6 7
64 1
29 4
13 7
61 4
22 6
80 2
45 2
77 1
94 5
36 8
39 8
32 9
35 1
44 6
41 2
8 7
12 1
14 1
88 2
3 3
65 1
62 1
25 9
43 4
97 8
44 8
45 1
49 5
97 7
12 5
24 7
15 9
50 9
43 9
88 7
23 7
71 6
24 6
54 8
30 8
100 8
45 5
22 9
93 7
63 1
20 3
91 1
60 2
98 2
41 4
77 1
79 1
58 8
94 6
48 1
10 4
52 2
44 5
15 8
11 4
31 1
20 3
75 1
15 4
37 4
29 9
66 7
65 6
69 4
60 3
80 2
6 2
77 1
13 4
33 2
14 8
52 4
88 2
83 8
98 6
52 8
100 2
38 8
49 4
15 9
1 8
39 2
44 6
25 8
97 2
71 6
55 2
78 9
28 4
45 1
43 4
56 8
11 5
28 6
22 4
93 4
95 8
92 9
54 6
25 7
62 7
61 1
38 1
24 2
4 3
38 9
67 1
82 8
6 4
96 4
36 8
56 1
45 8
95 4
96 5
19 2
57 5
53 8
10 4
20 8
98 5
49 6
21 7
40 8
61 9
70 4
47 5
37 1
60 6
46 5
96 4
67 1
2 3
81 9
20 9
3 3
7 1
27 8
46 6
71 1
63 3
31 1
36 7
44 1
78 9
13 8
40 5
32 8
54 5
44 1
4 7
5 3
98 4
18 7
66 6
71 3
36 1
22 1
3 8
83 1
59 8
67 9
54 6
67 3
38 3
10 3
71 2
53 6
57 8
36 5
58 5
68 3
74 6
18 9
5 7
63 4
59 5
4 6
74 9
15 8
17 5
91 5
14 7
86 2
48 1
66 8
97 8
25 5
45 3
84 7
51 6
7 5
28 1
41 6
79 7
72 5
5 3
54 5
53 2
64 4
26 2
90 9
15 2
81 1
37 2
56 5
62 8
35 5
70 9
7 3
31 8
22 3
20 3
89 8
87 7
83 1
19 7
7 3
98 3
40 4
84 3
19 1
68 3
69 4
49 2
56 7
24 1
36 2
17 2
19 5
17 7
46 2
25 1
48 3
62 4
9 6
70 8
14 6
61 1
95 6
68 8
73 7
60 9
69 5
57 3
69 8
50 4
97 5
96 3
39 3
41 5
26 3
7 1
53 3
15 1
21 2
52 6
68 5
12 8
70 8
42 3
76 4
42 8
65 6
82 6
76 6
90 6
89 6
37 5
35 3
16 9
29 6
94 4
37 7
35 8
17 8
43 9
23 9
67 8
80 1
9 7
55 9
79 5
8 4
49 7
28 2
47 9
28 1
71 8
16 7
94 7
92 9
47 1
39 6
65 6
52 8
48 2
75 8
19 6
29 1
48 2
79 1
18 2
27 6
56 5
26 1
4 9
94 6
69 8
95 6
93 4
57 6
88 2
66 7
29 8
18 5
37 9
25 2
23 2
56 1
45 7
1 8
24 8
36 3
50 4
66 7
76 5
56 5
13 2
9 8
97 6
9 1
42 8
55 2
85 6
83 7
75 4
42 4
83 7
12 1
83 9
4 9
68 4
74 2
24 4
61 9
51 5
45 8
85 9
30 4
74 5
44 3
75 9
47 9
46 6
99 9
27 8
8 7
40 4
64 4
24 2
59 2
65 7
28 6
24 1
