# semilla=1
32 100
3072
18 2
33 2
64 8
61 7
27 2
63 1
50 7
78 1
90 8
35 4
76 2
41 1
3 1
84 9
2 7
88 4
55 1
68 4
98 8
64 9
30 6
30 4
98 8
38 1
54 9
83 2
24 5
16 6
93 9
55 9
86 4
39 5
76 8
65 7
76 1
62 4
96 7
54 3
47 9
90 6
12 8
85 9
14 3
67 7
48 8
94 1
61 1
40 7
83 3
22 9
30 1
99 4
70 9
30 7
66 6
74 6
59 5
85 9
78 1
50 9
17 9
100 9
27 7
8 8
47 9
26 9
53 8
46 7
45 1
69 9
80 6
59 1
30 3
71 3
12 9
33 1
87 2
11 1
58 1
97 5
32 5
15 3
45 5
9 3
21 5
68 3
85 5
83 5
59 6
64 8
15 1
40 7
44 7
25 5
14 5
94 9
27 7
3 4
3 7
19 1
93 3
58 9
87 7
70 4
81 9
58 4
68 1
51 6
85 7
8 5
17 4
7 5
10 2
40 5
96 3
54 5
17 1
72 1
76 4
73 8
22 9
5 7
26 6
13 4
74 7
76 4
64 2
86 7
38 9
64 1
42 7
37 1
21 4
42 3
44 7
28 5
87 2
49 9
45 9
63 9
31 2
93 1
11 3
22 3
69 4
35 6
77 9
33 6
44 6
15 5
31 8
18 9
99 2
42 1
53 2
49 3
17 6
15 7
10 9
29 2
35 6
38 9
15 8
36 2
6 5
2 1
12 7
15 1
25 4
76 7
21 2
58 3
88 4
21 2
56 7
70 5
71 5
92 8
41 2
27 6
6 1
2 5
93 6
58 7
41 7
9 2
41 8
15 5
28 9
89 8
85 6
34 3
70 4
40 4
32 6
11 5
12 8
12 6
30 7
40 1
42 3
41 5
32 6
13 9
79 2
32 4
3 4
52 2
35 9
10 2
3 1
38 6
64 8
20 2
65 6
10 9
86 3
23 3
19 6
40 2
91 9
78 5
17 4
19 9
93 1
100 6
80 9
96 4
23 5
56 9
21 1
92 4
33 2
88 8
56 9
33 9
57 9
59 1
51 6
22 5
63 1
83 7
74 1
8 6
75 3
76 3
18 5
36 7
73 7
23 2
30 8
1 3
68 6
65 8
88 4
31 6
64 8
29 7
44 9
79 5
83 4
7 2
98 9
83 6
21 9
99 4
40 5
89 5
71 6
22 8
77 2
16 9
74 7
23 3
33 7
28 1
64 7
92 6
50 9
22 9
94 1
68 2
33 2
35 2
18 2
57 4
49 7
51 3
42 8
17 8
28 2
56 9
53 2
85 5
36 4
49 9
1 4
68 8
75 1
4 4
34 4
23 5
19 9
26 5
40 5
88 8
22 9
46 8
54 2
99 4
74 7
27 5
14 1
16 1
70 5
87 3
10 9
48 5
56 9
87 6
98 9
42 1
16 8
92 8
45 5
70 7
44 8
15 7
49 4
72 1
36 9
26 8
77 9
53 5
90 3
58 9
26 6
68 1
87 7
75 7
52 6
80 2
64 4
82 5
81 1
53 3
82 7
35 3
99 2
100 1
45 5
91 7
88 9
39 3
60 5
63 3
60 9
6 5
66 2
96 7
9 6
9 8
3 3
65 3
89 2
52 5
78 5
27 9
27 4
43 5
9 2
90 9
85 6
60 9
72 1
22 5
84 9
35 6
79 4
51 9
52 3
62 5
79 6
92 4
34 4
85 1
80 7
41 7
98 4
35 4
10 3
75 8
75 3
78 5
59 9
21 3
100 3
92 8
47 5
97 7
31 2
92 4
92 5
9 2
30 7
42 8
13 3
6 1
77 1
97 4
88 1
64 9
93 8
44 5
16 3
13 4
52 4
64 8
49 3
30 4
37 8
71 7
28 8
92 5
43 8
76 2
28 2
6 1
1 8
41 7
75 5
26 7
21 3
4 1
50 3
86 9
8 7
33 3
11 8
84 5
2 1
69 1
68 3
6 5
100 2
56 2
25 1
64 3
96 5
88 4
85 8
50 6
81 5
34 4
32 1
76 3
45 7
78 9
82 9
8 6
71 7
69 4
92 9
55 2
92 5
96 2
33 3
13 3
8 4
55 1
7 2
66 8
65 6
13 6
6 3
69 1
57 3
51 8
4 9
35 2
33 6
11 5
5 7
8 5
41 3
34 7
15 5
13 7
32 9
72 4
43 6
66 7
75 8
14 3
84 8
68 9
93 9
69 1
38 3
26 6
50 9
42 2
53 6
17 2
6 5
84 9
41 7
39 6
46 5
42 9
65 1
68 2
20 6
94 6
42 2
58 5
62 8
47 7
11 1
18 1
68 8
74 5
32 6
47 6
52 5
60 6
69 9
22 1
19 5
88 4
73 3
15 3
99 7
94 1
13 9
88 5
92 2
27 5
9 9
83 2
10 4
83 3
66 7
3 6
63 5
29 4
77 8
31 7
58 6
70 4
62 2
33 7
26 1
96 9
99 7
66 8
10 7
79 9
75 7
6 6
59 1
25 5
90 1
70 2
39 9
96 6
100 9
83 9
37 9
53 9
67 7
78 5
58 5
17 9
57 3
71 3
33 1
55 1
48 7
52 5
85 1
12 2
1 7
35 8
35 6
82 8
99 6
50 8
15 8
46 3
54 3
3 3
34 6
17 5
53 5
66 5
95 7
89 5
56 6
100 8
28 8
52 7
12 2
17 4
20 4
94 1
14 5
20 8
100 2
52 3
1 2
55 1
71 4
69 7
45 1
84 2
95 9
87 7
86 2
34 5
23 8
91 1
28 2
50 2
86 8
38 9
64 7
15 8
14 3
50 4
22 9
33 7
96 9
37 8
82 9
28 6
63 2
2 6
91 5
8 9
81 8
39 2
30 9
36 5
91 4
53 3
17 5
25 7
72 1
69 9
20 7
35 5
62 5
35 8
28 8
48 8
31 6
23 3
95 8
69 3
8 9
42 9
89 3
83 4
41 8
62 6
16 3
18 5
29 2
82 9
90 1
73 3
88 2
29 4
65 5
55 6
1 1
40 4
11 4
36 6
35 9
49 1
16 6
45 3
15 5
99 3
88 1
45 2
12 2
39 6
32 5
68 1
47 1
11 3
52 6
93 4
13 6
36 1
66 6
15 6
83 3
78 5
52 2
87 9
61 7
69 7
39 4
81 5
71 3
7 9
15 3
31 4
56 5
70 1
33 9
35 9
34 8
17 7
91 2
96 6
9 9
47 9
72 9
88 1
80 5
58 3
20 2
75 3
87 4
62 6
47 5
21 3
49 8
52 2
77 3
35 5
86 1
69 1
83 3
49 9
13 8
4 7
77 7
36 6
53 7
78 8
7 2
61 1
83 1
6 2
76 3
68 9
98 6
71 5
73 6
61 4
80 4
14 9
46 3
15 1
91 6
55 6
33 1
79 7
54 7
46 5
97 6
57 4
82 9
19 1
44 2
66 3
70 8
44 2
75 1
62 4
50 3
51 4
13 4
43 6
85 4
87 8
96 8
48 8
84 4
56 8
52 9
16 8
35 3
20 1
49 7
14 1
84 2
24 8
99 7
86 9
37 3
20 9
14 5
3 8
51 4
69 7
1 9
32 7
21 3
44 4
10 9
72 3
23 7
75 1
66 4
55 4
6 9
93 4
90 9
89 9
10 4
51 8
16 1
50 2
72 2
83 8
6 9
31 1
3 5
60 5
93 7
22 3
72 6
99 9
82 8
65 7
71 3
90 7
90 7
26 8
36 6
20 5
73 5
23 2
94 6
44 3
34 5
33 6
50 5
73 8
2 3
17 5
29 4
10 9
80 4
70 7
92 4
74 3
71 8
51 4
11 2
20 1
4 7
49 7
88 3
76 3
87 9
70 2
31 7
18 5
26 7
46 3
29 5
91 3
45 8
69 5
12 9
39 4
91 8
3 5
80 2
79 6
97 8
33 1
7 6
21 3
81 2
15 7
82 4
96 4
65 9
51 2
91 4
50 9
18 5
93 1
92 2
26 7
85 8
70 4
35 1
82 3
86 9
65 4
53 5
99 7
52 5
64 2
86 3
24 9
3 8
97 1
63 4
51 9
44 4
13 2
87 1
55 8
25 3
77 9
25 9
50 9
47 4
30 6
85 2
44 1
59 1
79 3
19 5
61 1
75 9
9 7
12 7
66 5
51 5
46 8
7 9
62 1
55 5
76 6
20 9
36 2
78 6
54 7
67 1
74 2
5 9
2 2
43 6
48 9
5 6
75 2
63 2
70 8
43 9
70 1
21 6
47 4
19 3
76 2
52 6
66 7
47 6
34 6
5 2
99 4
34 7
71 5
74 2
10 3
35 7
11 3
37 9
93 5
31 4
13 5
93 8
7 9
39 4
70 2
71 6
44 5
67 3
5 8
47 1
4 6
54 3
72 1
91 9
55 3
26 4
15 3
76 9
16 5
59 4
8 6
59 6
79 6
29 1
2 8
5 3
33 9
6 1
30 2
68 3
5 9
26 4
57 5
32 8
65 6
42 7
84 2
25 3
25 5
75 7
79 8
47 1
63 1
14 7
91 6
44 2
83 7
25 9
64 9
65 8
77 8
78 8
22 5
87 9
39 7
78 9
34 5
40 1
78 1
59 8
46 4
66 8
27 8
43 3
50 7
7 2
46 1
33 9
95 1
40 7
2 6
44 5
76 1
27 2
43 2
86 2
17 5
53 6
30 1
83 3
97 9
96 6
39 5
49 7
68 8
10 4
53 4
78 1
80 4
81 4
32 7
49 4
80 3
93 5
96 6
1 5
57 8
22 3
4 6
56 9
44 9
63 6
78 2
75 5
71 5
55 1
40 2
82 8
15 9
29 5
56 6
30 1
14 9
66 9
21 3
38 1
9 4
1 1
55 1
9 1
2 1
69 6
43 1
79 1
72 4
61 4
35 5
75 9
67 5
30 3
27 7
8 4
72 8
5 6
42 7
16 1
73 3
65 2
98 3
28 4
23 5
13 1
41 3
9 8
20 4
6 5
45 1
76 2
57 4
30 3
16 1
26 1
96 2
12 4
37 5
68 7
32 1
93 5
98 4
42 6
46 8
98 7
87 7
12 7
32 8
44 3
78 2
31 2
99 7
36 9
39 6
97 6
53 8
47 6
41 7
61 9
3 6
17 5
22 5
73 3
71 3
22 8
83 3
18 3
11 5
31 6
83 6
22 5
61 5
10 7
20 9
46 8
14 3
88 6
9 3
62 9
5 1
93 4
84 6
95 6
65 6
65 6
44 2
24 7
5 5
79 4
8 4
39 6
73 7
32 6
99 1
30 5
90 1
26 2
18 4
48 9
35 3
21 4
10 5
74 9
66 9
77 9
56 8
75 9
61 3
66 6
26 7
10 5
27 4
98 3
18 4
3 3
63 6
24 1
47 2
79 4
87 4
12 8
83 4
78 6
22 1
28 6
62 9
5 1
47 8
72 6
18 8
9 9
41 5
78 6
74 2
62 6
54 2
34 2
85 6
3 3
42 4
41 5
33 5
63 7
2 5
21 5
7 2
56 7
79 4
36 6
99 8
74 5
78 5
87 3
42 3
46 2
51 6
67 4
51 8
20 8
90 4
5 4
11 2
5 9
65 8
73 8
90 6
67 3
73 8
51 1
50 9
93 9
95 8
22 6
7 6
46 8
31 9
39 2
57 6
25 3
18 8
6 6
73 6
23 8
62 1
74 4
79 1
57 3
66 4
52 8
16 6
34 3
22 6
17 3
95 9
40 4
71 7
60 8
66 9
40 3
67 9
40 4
37 3
88 1
44 2
55 7
92 9
95 3
80 8
58 9
57 6
27 1
11 2
13 9
50 3
57 7
24 8
58 9
76 1
76 4
76 8
63 7
38 6
100 3
77 5
24 1
72 1
86 2
71 4
58 6
57 6
96 2
50 1
96 8
36 7
60 6
65 2
22 7
70 7
79 8
65 3
41 3
45 3
79 4
29 4
59 3
14 2
55 1
59 3
48 9
42 5
51 1
50 8
92 8
39 5
83 7
41 5
23 2
63 3
58 3
59 2
69 2
69 6
41 8
87 9
82 6
93 6
72 8
42 8
89 7
69 4
22 4
69 4
77 4
7 6
80 1
43 7
4 6
47 6
77 7
27 5
29 6
51 7
86 3
2 7
84 6
78 4
30 2
79 6
50 4
91 5
13 7
1 6
12 7
20 2
69 3
97 6
19 7
56 6
70 9
36 4
25 3
22 9
21 3
16 8
75 9
17 7
18 6
78 6
77 3
3 6
100 3
29 4
89 8
76 8
5 2
18 9
61 3
27 6
91 3
36 6
9 7
61 1
68 8
26 4
27 1
93 5
6 5
67 4
10 2
99 2
52 6
14 8
92 9
91 8
86 5
19 7
48 6
97 7
53 7
48 9
27 4
9 3
31 4
3 4
86 7
59 8
73 2
7 3
68 1
6 7
36 7
17 4
89 6
54 6
75 1
65 8
17 9
47 1
45 2
32 2
56 3
3 6
17 3
37 1
61 1
62 2
97 7
12 8
70 9
13 3
69 7
83 9
53 4
67 7
62 6
57 2
9 4
76 6
14 2
46 2
26 2
89 2
1 9
56 4
12 5
63 1
74 7
72 5
51 1
86 1
36 8
57 4
35 6
100 8
57 9
8 5
66 3
96 8
59 5
75 3
42 9
85 7
98 7
88 9
77 7
62 4
40 1
9 3
64 2
47 5
40 9
39 3
14 9
18 8
5 8
61 6
70 6
17 1
69 4
99 5
80 2
60 5
2 5
93 9
89 1
73 7
15 2
88 6
78 8
12 8
68 6
76 1
25 3
8 2
6 2
72 9
40 4
21 9
20 4
28 2
65 6
89 7
35 3
37 4
9 5
8 1
56 5
61 7
56 2
24 4
99 1
82 7
54 6
46 9
19 3
29 4
8 6
9 8
42 4
29 5
20 9
49 2
62 1
61 5
34 5
27 3
89 7
85 1
99 7
59 9
4 3
30 8
83 2
38 7
26 9
43 2
32 4
63 2
23 8
46 7
52 9
54 1
81 7
19 7
17 1
38 7
79 7
82 2
26 5
62 7
34 9
99 2
42 3
72 9
34 1
72 2
99 6
59 5
97 2
37 3
11 7
91 7
4 8
75 3
100 9
51 8
99 4
66 1
49 1
53 2
32 1
59 2
38 1
45 1
9 2
6 5
46 5
12 9
61 6
42 3
81 6
68 4
42 4
32 4
40 5
69 6
92 5
76 1
85 8
33 4
19 4
21 2
34 7
26 3
22 9
80 2
41 7
91 4
21 1
58 4
52 2
90 5
99 4
93 5
66 8
44 2
9 2
30 2
68 8
92 9
59 1
77 3
59 7
70 2
25 1
32 5
28 9
78 5
40 5
45 5
37 1
4 1
81 8
6 4
10 6
58 5
15 4
87 2
25 1
25 3
80 1
57 1
72 4
61 3
69 1
29 3
9 1
18 6
74 2
67 9
34 4
51 1
70 5
46 5
70 7
52 9
68 9
60 5
12 3
98 8
73 7
18 4
68 1
67 1
41 3
29 6
51 1
53 8
65 2
89 1
17 9
53 9
50 9
35 1
28 4
39 7
39 9
3 5
25 9
67 9
21 4
12 4
62 3
7 7
37 1
20 2
6 7
61 3
28 8
85 2
85 7
29 2
17 6
65 8
64 9
85 6
56 4
57 5
52 6
50 4
49 2
24 6
10 1
54 8
8 8
15 4
59 6
66 2
43 1
36 9
99 6
17 3
56 5
92 8
94 4
63 7
4 9
33 2
37 5
4 2
42 9
85 3
29 5
95 2
22 8
48 7
82 8
87 8
86 2
73 8
73 2
86 1
8 1
36 1
35 5
23 9
62 6
3 8
44 4
29 6
95 1
3 8
66 4
51 3
23 4
11 7
6 3
41 1
59 9
80 9
21 1
55 4
33 9
57 4
6 7
53 7
66 7
35 8
44 1
11 8
94 7
21 7
21 9
66 9
94 9
80 3
35 7
96 8
37 6
91 8
51 9
49 5
31 6
70 9
92 9
29 5
3 2
34 7
21 5
99 5
63 1
21 8
15 4
20 2
50 1
23 2
13 8
71 8
4 1
35 1
68 8
95 4
46 8
15 6
41 7
84 7
38 2
30 8
72 6
55 7
91 7
76 5
24 3
7 6
46 7
9 6
74 3
19 2
69 4
62 4
46 9
81 3
99 4
39 3
96 3
83 7
55 8
45 1
69 2
4 6
32 3
28 7
57 9
76 5
55 6
62 6
11 1
100 3
72 8
23 2
2 2
4 3
36 4
93 8
52 9
66 5
90 5
72 7
14 7
60 4
10 6
18 1
81 7
82 1
38 6
99 1
89 8
41 1
98 9
41 7
89 1
75 8
88 2
55 7
95 2
73 1
2 9
77 7
98 6
23 7
95 1
19 5
67 7
83 3
73 8
93 5
75 5
95 1
100 7
70 7
19 6
22 8
51 9
85 3
65 2
78 7
34 7
63 1
81 5
21 5
50 5
16 5
2 2
86 2
60 3
60 4
31 1
29 2
14 2
94 1
75 2
6 5
54 3
45 2
7 7
79 4
21 9
74 8
22 6
78 7
66 3
42 9
10 1
2 5
13 8
12 1
85 1
95 5
71 5
76 5
59 7
16 4
40 3
66 9
96 1
47 8
13 7
87 3
36 2
48 5
98 4
43 3
72 4
79 1
30 8
46 3
53 6
55 8
15 5
7 9
38 9
41 4
27 4
95 4
49 6
33 1
63 9
18 7
98 8
12 9
36 2
29 2
55 7
19 2
86 8
67 4
21 4
35 6
91 6
45 5
73 3
4 4
33 8
100 9
3 6
3 3
90 4
34 4
10 7
89 6
89 6
97 4
14 1
51 6
74 6
88 7
44 5
52 5
99 6
79 2
56 4
79 8
45 5
92 1
14 9
7 3
80 4
99 9
57 5
55 7
80 1
9 7
20 4
61 7
64 2
53 3
92 8
28 5
72 1
39 5
18 5
83 9
39 8
18 7
43 9
42 4
36 1
40 9
74 5
64 5
34 3
38 5
43 3
34 7
87 8
85 8
93 3
50 1
12 4
41 1
67 5
6 7
14 6
17 1
45 4
80 6
67 7
92 4
67 2
5 6
3 8
4 3
96 5
86 4
55 5
81 3
6 1
64 7
70 2
49 5
56 1
30 6
54 8
77 4
75 9
87 2
44 7
84 3
100 4
67 8
10 7
87 7
28 5
100 1
37 1
34 2
24 5
97 8
89 7
40 2
39 1
62 3
33 9
27 3
6 7
71 1
73 9
39 1
94 7
44 2
33 3
77 4
10 3
100 7
68 1
29 7
88 1
86 1
68 7
98 3
7 7
84 7
25 3
29 2
79 8
70 9
43 5
25 9
77 5
50 4
86 5
80 5
92 3
92 5
47 5
65 4
99 4
69 1
14 4
36 3
95 6
29 3
84 1
78 4
50 5
33 4
82 5
49 1
99 1
20 8
56 5
47 7
100 6
80 4
37 5
34 8
80 3
75 6
19 7
8 2
34 2
100 8
27 8
40 1
35 6
1 8
56 7
55 6
78 8
98 4
95 7
51 5
13 2
94 3
91 6
47 7
91 7
16 7
7 7
78 4
15 4
89 8
50 3
88 3
29 2
89 6
42 9
57 3
49 8
73 3
5 9
26 4
98 3
16 5
72 1
1 6
37 4
7 5
85 3
17 2
92 3
76 7
35 3
10 4
98 3
78 7
28 7
70 8
23 2
64 4
27 2
88 3
32 4
79 3
71 5
9 6
11 6
68 5
23 8
56 9
74 9
29 3
71 2
56 7
48 4
57 9
51 6
86 3
7 1
48 8
21 8
74 6
46 3
59 4
70 8
69 5
77 4
17 4
37 2
86 2
84 4
55 9
28 5
64 1
49 4
82 1
40 5
80 4
55 1
98 8
42 7
32 2
22 9
7 7
21 1
66 8
63 6
71 7
4 7
50 4
67 1
72 1
84 4
83 6
5 3
57 3
58 3
19 5
65 7
89 2
66 2
10 7
62 6
27 1
68 7
29 8
26 3
31 4
68 6
83 5
62 9
31 4
37 2
99 1
98 1
80 6
12 9
84 3
59 9
11 7
93 3
70 1
92 3
41 6
58 4
52 8
11 7
47 1
37 4
75 6
48 1
13 8
98 7
40 3
39 4
96 6
43 4
6 1
3 3
77 8
42 1
35 9
35 2
92 4
2 3
97 7
45 5
64 1
50 2
40 7
97 4
30 9
75 7
73 5
2 1
20 8
91 3
45 2
77 4
72 9
20 3
52 3
79 6
25 3
18 2
17 1
77 5
35 6
1 3
90 1
9 8
92 7
92 7
40 3
51 7
97 6
58 6
38 8
24 5
2 5
30 1
64 1
1 2
77 8
1 4
17 7
95 7
29 5
24 4
21 2
43 6
12 2
72 4
27 6
72 9
58 2
56 6
22 3
80 2
46 3
88 8
79 2
59 7
28 2
9 5
43 7
48 6
56 9
80 2
25 7
45 9
95 8
45 2
58 6
2 4
39 7
86 3
25 5
91 9
79 1
21 5
8 2
35 2
24 9
58 4
60 7
7 3
64 6
65 5
96 7
12 7
17 9
30 7
63 2
76 6
69 9
24 1
91 4
25 1
45 4
31 9
68 7
72 7
22 4
1 4
66 9
8 3
71 2
4 3
70 5
30 6
43 3
13 5
53 6
77 1
71 1
87 8
5 6
40 5
87 7
40 7
62 5
87 2
75 1
92 2
55 2
27 2
81 1
32 8
10 4
44 4
38 5
60 8
90 9
74 9
27 8
49 2
94 1
10 5
93 8
27 5
54 3
83 7
49 8
29 4
64 1
38 5
61 8
46 2
76 2
28 8
50 4
54 1
94 3
98 7
55 6
68 3
9 9
92 3
6 4
98 9
70 8
84 5
39 8
18 1
91 8
56 6
56 6
28 5
27 8
74 8
35 7
37 5
57 2
15 6
58 5
67 4
66 6
32 3
21 5
91 4
53 1
87 7
51 4
18 2
11 3
60 7
29 5
78 7
35 1
37 3
16 7
37 5
89 7
71 1
85 3
13 3
67 8
56 2
8 6
83 6
40 1
40 8
5 6
37 9
81 4
34 5
22 5
66 6
72 2
90 1
17 3
50 6
44 8
22 5
4 5
3 9
82 1
54 9
60 1
80 9
50 2
16 1
50 2
64 4
46 1
53 8
70 6
25 1
17 8
61 5
56 9
13 7
58 9
67 5
12 1
55 3
45 4
11 8
47 2
76 6
85 2
27 6
21 3
43 2
27 5
72 2
63 8
65 8
50 6
67 9
61 3
87 3
1 3
40 3
84 3
27 3
89 4
59 3
11 8
65 9
50 7
79 7
70 9
88 7
61 5
62 3
86 4
49 1
36 3
57 4
20 7
57 1
45 4
86 3
37 8
43 3
77 2
85 7
86 2
10 1
4 2
12 3
71 5
8 4
56 6
88 5
85 6
26 3
53 2
46 2
55 8
43 9
14 1
85 1
19 7
99 4
26 2
86 3
59 9
4 6
90 5
85 5
20 8
7 1
37 3
98 1
80 6
4 3
33 2
30 5
84 8
64 4
10 3
37 1
83 4
21 3
32 8
14 1
26 6
84 3
35 2
11 5
30 7
39 9
18 5
18 5
69 2
39 9
13 4
57 7
82 2
4 7
62 1
38 8
61 6
24 4
62 9
26 9
95 9
83 4
18 7
90 4
92 6
63 4
7 4
15 6
9 1
28 7
43 7
58 8
59 8
48 1
27 5
17 9
98 2
98 7
26 6
14 1
95 4
26 7
25 5
40 6
30 1
87 4
77 5
40 3
86 2
2 6
94 3
89 7
63 8
100 2
29 6
8 2
31 3
26 7
18 7
52 6
11 1
71 8
74 6
37 6
96 6
48 1
15 7
39 5
8 9
62 5
7 8
41 7
95 8
75 9
66 4
22 9
6 7
33 4
41 4
95 2
79 3
54 7
73 5
78 3
12 5
31 5
74 3
59 7
3 3
40 9
18 3
53 1
60 9
96 8
67 1
50 2
89 5
53 8
14 9
55 7
4 5
77 1
38 5
42 9
4 3
70 1
28 6
95 2
21 5
96 7
67 3
11 9
64 9
9 7
47 3
59 7
79 6
88 5
64 9
10 9
18 1
81 2
27 6
62 9
19 3
90 3
55 1
10 6
82 5
88 5
93 6
48 5
53 7
61 8
48 6
80 7
20 3
90 8
33 5
55 8
78 1
38 9
64 6
64 3
58 3
83 8
20 4
43 2
88 9
73 6
22 7
81 7
39 5
29 1
84 8
46 2
34 8
93 7
59 1
55 5
63 9
20 6
19 4
95 7
16 2
42 3
61 9
58 9
20 8
20 1
25 7
43 5
63 5
5 7
11 4
4 6
52 5
32 5
56 6
57 6
88 5
16 6
5 5
27 2
78 5
3 5
43 2
52 8
38 9
36 6
19 8
8 2
49 8
41 1
60 4
18 6
20 4
63 3
37 6
29 4
79 1
78 8
36 8
60 8
47 7
55 2
29 6
8 6
14 7
70 8
43 3
26 2
35 8
63 8
41 8
70 2
64 5
94 9
83 2
91 3
54 2
96 3
49 2
55 9
28 3
1 9
87 2
13 2
83 6
16 9
83 6
54 7
10 7
83 8
39 7
57 7
80 9
78 3
59 8
50 2
43 5
81 3
34 1
13 3
94 1
1 6
44 1
21 7
57 1
56 9
73 7
16 7
8 1
18 4
65 8
84 7
41 3
37 3
73 3
71 3
98 3
76 4
93 4
4 4
63 9
59 6
61 7
68 1
54 4
91 7
35 1
99 9
42 2
66 4
55 5
17 9
60 9
48 5
16 2
92 6
52 8
47 7
87 9
57 8
49 9
4 1
63 6
98 4
14 1
45 2
92 3
89 8
16 4
19 8
95 2
22 5
97 8
89 6
24 4
6 5
84 8
70 9
59 5
32 1
39 8
20 4
26 3
40 2
33 3
51 5
96 3
59 7
88 2
46 6
30 1
70 3
59 3
37 7
20 6
44 5
1 3
25 5
28 1
8 1
59 5
29 9
97 2
96 2
78 3
26 3
4 7
21 3
57 6
7 8
80 9
46 5
75 3
70 9
7 4
15 8
63 4
66 6
15 5
20 5
82 7
34 2
3 1
48 9
24 1
42 3
6 1
4 5
32 1
93 5
62 8
44 2
26 3
45 2
48 3
47 4
60 7
58 6
79 2
32 4
13 4
12 5
67 6
11 2
76 6
32 9
37 5
16 3
92 7
28 8
18 4
11 7
10 7
20 4
39 5
78 9
93 8
50 2
14 6
59 8
85 7
28 6
20 5
42 4
77 1
85 7
35 6
14 3
27 6
61 6
73 1
8 8
18 8
64 9
97 4
36 5
79 3
37 2
41 4
44 6
26 2
54 4
54 3
66 9
12 7
4 7
18 7
45 9
51 3
94 2
98 9
30 4
63 8
49 6
33 9
2 9
97 9
90 5
4 7
95 9
51 3
22 5
13 7
15 8
52 1
63 2
73 2
29 6
50 6
46 5
31 7
18 4
88 7
80 1
32 4
73 3
73 6
24 2
99 4
54 1
66 6
69 6
45 7
30 6
100 7
10 4
60 3
46 6
12 8
66 7
49 5
10 8
60 3
34 1
68 6
55 4
45 8
43 8
67 1
19 4
89 2
29 5
47 4
73 3
57 6
48 1
90 3
50 9
46 6
85 9
74 7
