# semilla=3
32 100
3072
31 9
17 6
78 8
81 2
78 1
61 5
71 4
25 8
70 9
61 7
82 3
30 3
67 7
95 1
86 2
21 1
39 1
35 8
77 7
92 7
51 8
18 6
13 1
18 8
28 5
87 7
100 5
54 9
50 6
69 7
75 4
44 1
36 3
90 6
70 2
92 4
82 5
37 2
9 8
82 8
12 6
9 7
20 1
38 7
99 7
16 1
78 1
49 6
71 5
65 4
5 5
1 2
14 9
5 4
53 5
79 5
20 1
44 6
47 3
49 7
59 9
50 9
14 9
35 7
82 4
39 7
34 9
39 9
44 1
54 6
3 7
79 3
8 6
60 6
87 6
78 5
95 8
3 1
87 1
48 5
81 8
39 6
23 6
24 6
98 6
77 5
39 7
14 1
73 3
40 9
29 5
31 6
24 7
84 2
14 6
43 4
57 3
11 6
95 4
73 8
35 4
16 1
68 4
41 3
36 6
83 2
80 6
76 3
54 5
67 5
60 6
82 7
38 7
73 7
5 7
20 4
1 8
80 9
56 9
92 4
5 8
97 9
37 9
44 4
9 5
16 4
6 1
89 9
26 7
74 1
2 8
96 2
22 9
39 4
85 1
68 9
53 1
79 2
44 3
33 9
62 1
46 4
26 2
69 2
22 4
36 3
1 8
81 7
7 5
32 5
80 9
67 7
7 8
42 1
8 3
6 2
7 2
62 1
92 2
66 9
63 6
21 6
10 6
50 7
76 5
47 5
25 6
55 2
17 9
1 7
11 3
6 6
59 9
49 1
80 7
7 6
81 8
98 6
54 7
59 1
32 4
69 5
89 2
55 4
55 3
4 6
48 9
34 2
60 2
94 9
49 2
94 6
73 9
14 1
61 3
31 7
6 9
12 2
85 7
23 1
44 2
4 2
87 8
90 5
75 5
12 1
99 9
68 4
14 9
96 2
71 1
71 6
73 3
10 4
24 4
59 7
33 6
77 7
45 9
54 2
49 9
31 7
96 3
54 9
88 8
20 7
20 3
13 8
96 8
90 9
57 3
18 5
97 4
19 9
41 4
89 9
100 5
86 7
77 5
28 5
3 5
62 7
26 3
73 6
31 6
62 3
54 8
90 4
60 9
4 8
93 2
52 1
60 4
31 2
28 5
31 4
100 5
18 3
80 1
33 3
6 6
24 7
12 2
16 2
34 5
5 6
58 6
1 1
43 6
56 7
63 2
27 8
51 3
70 6
16 5
10 7
15 8
68 5
13 9
90 6
87 6
97 8
38 5
14 6
87 9
68 2
86 8
66 6
8 5
87 3
83 3
23 6
84 8
16 2
72 3
43 7
72 5
83 3
59 8
40 3
91 2
14 3
97 9
70 7
46 2
35 5
50 1
18 1
62 9
35 4
90 9
46 6
52 8
70 2
46 8
15 3
35 2
88 2
73 2
24 4
73 7
86 7
96 3
76 3
51 4
70 9
22 3
26 5
48 5
4 8
53 7
41 9
75 5
82 8
68 5
86 8
4 4
94 1
14 4
63 3
68 8
26 4
68 4
5 9
83 8
15 5
85 3
18 8
12 1
4 6
80 4
65 2
64 9
3 6
42 6
45 3
11 1
92 2
95 6
27 2
26 7
90 4
63 6
14 1
53 2
26 3
51 8
61 2
69 7
27 8
39 1
60 8
97 7
57 3
59 1
93 5
47 6
58 9
47 7
29 1
27 5
48 3
59 9
25 3
27 1
22 7
65 3
82 1
18 2
78 3
57 8
24 1
3 7
58 6
53 1
91 1
31 7
6 7
64 1
29 4
13 7
61 4
22 6
80 2
45 2
77 1
94 5
36 8
39 8
32 9
35 1
44 6
41 2
8 7
12 1
14 1
88 2
3 3
65 1
62 1
25 9
43 4
97 8
44 8
45 1
49 5
97 7
12 5
24 7
15 9
50 9
43 9
88 7
23 7
71 6
24 6
54 8
30 8
100 8
45 5
22 9
93 7
63 1
20 3
91 1
60 2
98 2
41 4
77 1
79 1
58 8
94 6
48 1
10 4
52 2
44 5
15 8
11 4
31 1
20 3
75 1
15 4
37 4
29 9
66 7
65 6
69 4
60 3
80 2
6 2
77 1
13 4
33 2
14 8
52 4
88 2
83 8
98 6
52 8
100 2
38 8
49 4
15 9
1 8
39 2
44 6
25 8
97 2
71 6
55 2
78 9
28 4
45 1
43 4
56 8
11 5
28 6
22 4
93 4
95 8
92 9
54 6
25 7
62 7
61 1
38 1
24 2
4 3
38 9
67 1
82 8
6 4
96 4
36 8
56 1
45 8
95 4
96 5
19 2
57 5
53 8
10 4
20 8
98 5
49 6
21 7
40 8
61 9
70 4
47 5
37 1
60 6
46 5
96 4
67 1
2 3
81 9
20 9
3 3
7 1
27 8
46 6
71 1
63 3
31 1
36 7
44 1
78 9
13 8
40 5
32 8
54 5
44 1
4 7
5 3
98 4
18 7
66 6
71 3
36 1
22 1
3 8
83 1
59 8
67 9
54 6
67 3
38 3
10 3
71 2
53 6
57 8
36 5
58 5
68 3
74 6
18 9
5 7
63 4
59 5
4 6
74 9
15 8
17 5
91 5
14 7
86 2
48 1
66 8
97 8
25 5
45 3
84 7
51 6
7 5
28 1
41 6
79 7
72 5
5 3
54 5
53 2
64 4
26 2
90 9
15 2
81 1
37 2
56 5
62 8
35 5
70 9
7 3
31 8
22 3
20 3
89 8
87 7
83 1
19 7
7 3
98 3
40 4
84 3
19 1
68 3
69 4
49 2
56 7
24 1
36 2
17 2
19 5
17 7
46 2
25 1
48 3
62 4
9 6
70 8
14 6
61 1
95 6
68 8
73 7
60 9
69 5
57 3
69 8
50 4
97 5
96 3
39 3
41 5
26 3
7 1
53 3
15 1
21 2
52 6
68 5
12 8
70 8
42 3
76 4
42 8
65 6
82 6
76 6
90 6
89 6
37 5
35 3
16 9
29 6
94 4
37 7
35 8
17 8
43 9
23 9
67 8
80 1
9 7
55 9
79 5
8 4
49 7
28 2
47 9
28 1
71 8
16 7
94 7
92 9
47 1
39 6
65 6
52 8
48 2
75 8
19 6
29 1
48 2
79 1
18 2
27 6
56 5
26 1
4 9
94 6
69 8
95 6
93 4
57 6
88 2
66 7
29 8
18 5
37 9
25 2
23 2
56 1
45 7
1 8
24 8
36 3
50 4
66 7
76 5
56 5
13 2
9 8
97 6
9 1
42 8
55 2
85 6
83 7
75 4
42 4
83 7
12 1
83 9
4 9
68 4
74 2
24 4
61 9
51 5
45 8
85 9
30 4
74 5
44 3
75 9
47 9
46 6
99 9
27 8
8 7
40 4
64 4
24 2
59 2
65 7
28 6
24 1
42 8
32 7
88 1
31 7
47 7
29 3
37 5
45 5
7 6
94 2
27 4
39 8
23 3
32 8
90 4
28 6
78 4
23 9
51 9
55 3
81 5
57 6
8 2
69 8
63 1
75 3
35 9
54 8
29 7
65 8
45 7
80 8
98 3
15 7
44 3
75 6
14 6
68 3
39 8
81 9
20 8
48 8
6 6
82 4
80 2
90 9
76 5
75 5
70 6
53 5
2 7
87 9
95 6
55 8
48 3
32 5
90 4
73 7
92 2
42 9
21 6
93 8
23 9
51 8
26 7
71 6
14 1
78 8
90 4
22 9
86 3
16 2
71 9
16 7
72 9
41 7
36 2
62 5
88 6
30 5
16 4
15 8
48 7
19 5
48 3
34 9
26 4
32 5
45 6
14 2
91 3
97 2
29 8
43 2
42 3
22 1
86 8
35 9
18 6
57 7
65 7
56 5
38 9
35 7
20 1
5 3
56 1
28 3
65 4
90 6
33 1
81 9
73 6
26 2
21 4
95 2
63 7
95 5
20 2
70 6
86 3
34 3
12 2
88 3
13 1
90 2
81 9
51 8
71 8
34 3
90 1
9 5
88 7
22 1
5 6
67 6
47 2
6 4
50 1
69 8
86 6
81 4
57 8
31 1
45 4
30 3
54 7
13 7
41 2
70 4
38 2
4 7
4 6
29 4
59 9
34 7
85 4
67 7
82 5
9 3
58 9
68 2
37 3
57 9
17 5
67 3
29 6
68 5
16 2
64 2
62 4
95 7
3 1
3 8
80 1
8 9
62 1
7 6
87 5
40 8
63 5
100 5
17 5
81 2
52 1
15 4
31 2
21 7
68 9
18 3
11 5
66 9
1 8
9 6
87 8
11 7
86 6
72 7
56 8
44 1
42 5
62 5
61 5
27 6
13 5
96 8
54 8
97 4
93 6
77 1
85 4
75 1
79 7
31 7
24 6
13 3
65 8
33 7
54 6
49 7
6 6
94 7
47 7
35 9
29 3
30 4
99 1
83 7
94 2
78 7
62 8
49 9
65 9
56 4
61 7
8 9
92 3
3 4
73 2
18 7
100 9
15 2
14 4
38 9
17 7
56 3
21 4
89 7
64 6
81 8
66 1
33 9
3 6
41 9
50 4
16 5
26 2
27 7
32 4
43 4
95 2
43 9
39 4
70 4
72 7
1 9
83 5
31 3
97 5
75 2
33 6
27 5
20 6
28 4
81 9
15 8
55 5
8 9
51 5
75 5
68 4
58 4
40 6
86 2
14 7
99 7
92 6
84 4
33 2
78 2
4 3
41 6
77 3
29 6
7 2
100 6
78 9
9 7
43 9
38 1
63 8
100 8
99 3
62 1
16 3
48 8
36 7
67 4
59 7
61 6
90 6
94 1
70 6
62 8
69 8
2 8
10 5
24 4
69 2
85 3
23 5
41 2
47 9
1 4
43 1
79 1
49 3
14 9
58 6
96 8
2 8
87 7
84 9
95 2
14 2
86 2
26 2
36 2
85 6
4 4
7 8
5 2
66 4
42 8
96 5
99 6
90 1
25 9
83 1
28 7
17 6
57 9
67 7
86 8
18 5
81 5
10 4
98 3
70 6
57 7
31 9
90 9
41 5
44 6
99 3
38 6
10 3
50 5
77 8
52 9
56 4
13 6
1 6
57 1
84 8
68 5
80 8
69 9
96 8
100 4
39 2
89 2
63 8
51 3
26 5
92 3
72 5
1 3
26 4
59 2
38 6
85 4
67 2
1 6
57 5
63 1
82 6
38 3
81 8
75 8
40 9
61 6
31 2
26 9
5 6
69 2
45 1
23 1
61 3
42 2
22 6
75 4
61 9
82 9
8 1
97 9
30 6
19 5
72 4
45 6
75 7
20 8
55 7
8 8
52 1
83 2
35 7
40 6
16 1
24 2
53 1
51 7
98 4
88 2
56 1
34 6
24 7
86 6
53 1
30 6
66 4
96 7
48 6
37 3
30 6
95 1
32 3
63 5
25 3
73 8
98 9
76 8
22 7
33 7
98 7
12 4
49 2
27 6
46 5
39 7
83 9
100 7
20 6
67 2
37 6
78 5
94 4
25 7
84 4
84 4
67 4
48 5
58 4
84 2
96 2
66 1
85 7
5 9
75 5
40 6
17 9
17 5
23 8
99 7
34 9
31 3
87 8
11 4
46 1
73 8
8 9
54 7
15 7
41 7
39 6
82 7
10 8
25 2
88 5
57 2
34 9
9 4
76 9
45 5
98 4
75 6
53 1
10 1
19 4
80 4
84 2
26 6
22 9
99 2
22 7
65 8
3 2
42 4
49 7
100 4
14 1
12 2
72 5
87 4
24 8
24 2
89 6
10 8
65 3
19 4
29 8
36 7
87 1
30 5
87 6
9 3
21 1
58 2
99 4
14 3
18 9
41 4
72 7
4 5
12 8
32 9
59 4
16 7
74 3
29 9
35 2
17 8
53 1
78 7
15 4
70 7
96 3
12 2
61 1
23 4
42 6
61 8
38 2
14 6
76 1
3 6
41 1
9 3
34 2
4 5
88 8
81 1
54 7
7 5
44 3
71 6
27 2
42 5
70 7
20 7
33 2
89 4
63 9
12 7
40 2
79 9
71 6
88 4
25 4
67 7
60 5
89 3
20 1
31 3
65 8
48 7
76 7
96 8
66 9
39 7
69 7
39 2
92 6
14 2
50 7
34 8
39 2
30 8
73 8
21 2
75 7
92 8
28 8
39 1
95 5
87 5
10 3
76 4
93 1
6 8
53 9
50 7
56 1
20 1
49 7
58 2
32 3
90 3
83 6
15 6
84 6
81 1
40 6
82 1
84 5
63 6
97 1
27 7
92 1
33 1
11 4
42 8
9 8
81 7
1 7
3 5
58 9
18 7
32 3
56 9
13 2
10 2
32 1
32 6
41 8
71 1
53 4
10 6
15 8
84 4
49 3
41 3
46 6
72 6
13 3
57 2
44 3
45 4
12 3
61 9
39 8
67 5
65 2
51 2
25 2
10 4
33 6
83 4
23 3
81 9
15 3
26 6
82 6
97 4
10 3
52 1
32 5
40 1
48 8
48 6
69 5
44 8
73 2
44 4
90 5
75 8
29 8
40 4
89 6
14 8
15 9
64 3
44 3
7 6
8 5
1 4
39 6
34 3
78 8
87 3
20 6
67 6
77 9
67 4
90 5
42 7
91 2
54 4
74 2
33 2
18 9
3 8
57 5
42 5
27 5
52 2
3 2
85 7
12 9
19 3
65 8
31 5
43 7
90 1
51 4
2 7
65 9
36 5
85 5
21 6
3 4
95 2
23 3
28 2
54 1
57 7
89 9
99 8
31 2
42 9
82 5
66 6
4 4
75 4
72 8
78 8
83 1
96 8
60 6
22 6
97 2
45 1
33 7
69 8
41 6
77 2
4 9
33 3
98 9
13 5
57 5
58 8
11 9
36 5
7 6
55 5
29 6
20 4
61 4
72 6
9 1
3 9
63 7
37 7
90 7
35 6
59 1
66 7
65 2
24 4
20 6
45 2
25 5
65 9
98 7
34 6
42 4
1 9
3 8
12 6
76 5
56 2
17 2
45 2
23 3
79 4
72 4
87 8
84 8
39 4
86 9
41 5
46 6
88 9
83 4
48 6
17 5
81 5
94 4
54 6
60 8
13 2
2 7
86 8
58 9
57 6
38 8
46 1
96 5
21 2
7 2
7 5
48 8
68 8
76 6
1 1
27 5
75 8
39 7
30 6
52 6
100 4
82 8
88 4
25 9
28 3
100 2
92 5
94 8
39 3
66 8
16 7
84 7
90 8
38 4
6 8
12 5
10 4
96 7
3 8
18 7
86 1
15 8
98 8
81 7
43 1
77 5
16 1
78 5
81 6
36 4
88 2
72 6
67 2
61 5
71 2
49 9
81 8
85 2
1 5
42 6
81 6
52 3
39 6
36 4
93 9
59 2
20 9
46 4
48 2
73 6
27 5
95 4
68 3
3 2
98 9
94 9
66 7
70 2
77 1
89 4
72 8
54 6
47 4
94 7
10 7
49 4
97 4
50 8
26 1
48 6
97 1
100 1
44 6
14 4
68 8
25 5
75 6
71 6
45 7
56 9
86 7
24 7
34 9
51 8
90 5
3 2
57 9
70 2
13 2
48 8
33 5
28 2
62 8
70 9
79 5
92 8
74 1
2 4
31 7
47 8
90 3
41 9
37 6
26 3
34 1
65 7
12 2
78 3
50 6
29 7
5 1
34 4
90 1
79 6
74 9
14 2
37 6
28 8
88 2
61 5
66 2
26 1
21 4
69 9
51 2
82 2
4 7
57 1
36 8
29 3
82 6
86 8
87 6
59 5
66 6
53 7
7 7
59 2
72 6
17 1
35 4
24 2
34 3
89 8
32 9
76 5
16 9
84 3
37 3
65 1
77 5
63 9
26 7
66 1
61 4
34 8
10 8
49 5
99 6
63 9
28 6
15 4
11 2
66 2
27 9
78 7
13 4
31 3
73 3
40 2
23 5
39 3
58 6
7 1
25 6
73 8
44 9
80 5
49 9
5 9
87 1
45 1
52 7
11 3
22 3
17 6
35 2
80 2
23 8
31 7
14 1
36 4
98 8
77 5
73 1
89 4
35 8
60 3
41 9
23 4
78 7
24 7
86 2
65 9
68 8
40 3
97 4
30 8
65 4
6 3
30 7
36 6
40 5
30 1
37 4
37 9
47 9
97 9
55 7
70 6
94 4
93 8
52 4
46 3
45 1
86 5
9 5
60 2
15 4
19 6
25 4
93 1
82 5
40 4
3 7
20 1
84 5
43 6
23 8
48 9
34 4
82 3
34 2
23 8
46 6
86 7
57 7
86 6
44 3
5 7
61 5
50 9
88 2
22 8
95 9
7 2
22 5
29 3
38 3
40 3
97 5
81 6
100 6
9 6
22 7
90 6
92 9
73 5
5 8
54 9
76 8
38 2
23 1
96 7
21 8
82 7
97 5
16 4
16 9
91 4
77 6
11 7
54 5
20 9
25 1
77 5
64 9
14 8
71 5
8 9
29 3
11 7
69 1
75 5
34 5
18 6
88 1
29 3
32 8
66 7
8 9
85 3
46 8
12 7
89 2
59 4
30 5
89 4
72 2
2 3
46 2
1 6
57 2
23 3
32 5
19 7
37 9
26 3
75 9
26 1
14 7
85 4
70 2
64 3
93 4
100 8
17 2
69 5
56 1
4 1
6 4
48 1
87 5
1 2
64 8
78 2
32 7
86 1
23 7
83 2
61 9
7 3
95 5
35 4
87 5
61 6
76 6
88 8
73 9
4 7
61 7
76 8
65 8
39 2
87 6
79 3
53 4
22 8
91 5
73 5
57 9
47 8
55 1
4 2
25 6
71 7
20 1
69 4
21 4
82 2
30 5
76 3
3 8
87 9
100 4
86 2
70 1
65 4
77 4
21 3
83 6
66 5
2 2
16 5
31 7
97 9
91 5
18 5
66 8
92 6
51 8
15 4
55 1
23 2
17 8
27 2
65 2
70 8
61 2
48 8
6 7
10 3
54 1
23 7
46 3
11 7
52 2
46 6
28 9
43 6
64 6
55 2
92 1
24 7
21 8
57 2
84 7
19 6
72 2
59 6
58 5
4 5
100 9
36 5
35 7
44 2
58 4
58 1
13 7
45 4
65 5
1 5
96 4
53 1
41 8
34 2
82 4
33 9
37 1
67 2
45 3
48 1
37 3
24 4
4 7
89 1
69 2
43 2
6 1
42 5
91 8
58 2
27 5
61 8
24 5
62 9
93 4
19 7
59 9
11 5
61 8
60 2
18 9
72 7
59 6
59 6
47 5
77 4
47 4
28 4
85 8
1 6
72 9
24 5
7 4
5 1
12 7
45 9
90 6
77 4
39 5
56 7
96 3
22 9
94 5
86 1
83 4
56 5
4 8
60 5
9 7
73 7
72 3
7 8
20 8
69 8
44 1
25 9
42 2
99 6
24 7
32 1
73 5
26 9
31 5
53 6
15 1
31 1
94 7
99 4
21 1
66 4
79 3
56 4
56 9
41 2
1 2
29 5
32 2
73 9
17 1
55 9
100 4
30 6
54 1
1 2
31 1
10 8
72 3
36 2
54 8
4 6
11 9
61 2
78 9
75 2
41 1
42 2
89 6
17 4
38 5
27 7
43 6
42 9
61 4
16 3
53 2
87 4
48 1
91 3
27 1
31 5
90 2
75 3
81 3
46 7
86 2
49 8
50 6
84 5
10 8
33 6
2 3
56 2
96 9
14 2
33 7
43 8
84 4
81 2
7 1
23 1
73 5
20 2
55 2
40 9
91 7
73 8
64 9
41 9
6 8
76 5
22 1
69 1
13 5
54 3
24 6
76 6
38 3
43 9
55 6
95 2
66 8
82 3
44 1
45 8
28 5
54 4
59 3
13 5
65 8
17 2
50 1
19 7
16 8
10 1
11 6
25 1
39 6
49 7
54 9
13 2
6 4
52 5
18 7
38 3
9 4
43 3
8 1
25 1
21 5
79 7
30 6
74 6
73 2
46 5
24 1
62 7
99 7
91 8
67 2
40 7
42 9
10 3
61 1
38 1
52 5
48 9
45 5
69 7
10 8
34 5
32 1
98 5
66 6
87 9
17 5
26 3
83 7
68 9
78 1
33 1
89 8
99 6
49 5
89 6
52 7
79 7
58 6
53 4
13 7
24 9
99 8
83 9
30 3
69 4
20 8
16 2
63 7
74 1
65 5
84 9
30 8
86 3
90 7
36 6
21 5
19 1
97 5
34 2
30 6
37 6
100 8
31 1
25 7
36 6
15 3
75 8
63 2
94 7
51 8
83 4
19 4
76 9
46 4
48 6
19 1
40 5
24 3
7 1
99 5
42 6
29 4
100 2
82 6
41 7
55 5
17 2
47 1
72 1
40 5
2 8
51 5
92 6
78 9
29 7
85 4
78 7
30 9
81 4
74 5
91 9
80 8
40 7
96 2
28 6
2 8
45 9
45 4
30 5
8 6
9 8
44 4
47 3
13 4
74 8
31 5
9 7
48 8
90 8
88 4
70 6
3 5
73 3
73 9
11 4
44 4
31 9
1 7
26 9
98 2
3 9
34 4
11 8
5 1
17 5
40 3
49 6
12 6
85 9
96 5
27 4
25 8
71 7
53 7
30 2
19 8
4 7
20 8
46 3
13 4
80 7
16 4
41 1
89 6
89 3
30 1
94 2
34 8
42 7
79 8
66 7
62 5
46 4
25 2
56 3
82 8
60 5
96 7
95 2
39 5
14 4
35 3
62 6
41 1
70 4
87 3
12 7
15 3
8 6
2 5
66 4
79 9
6 5
39 9
89 3
26 7
5 8
87 6
90 4
53 2
73 7
10 5
34 4
96 6
79 6
3 3
71 2
45 2
60 8
91 3
42 8
38 9
18 2
23 1
15 6
43 3
41 7
83 7
32 1
43 8
98 3
82 1
51 3
1 8
46 7
68 1
72 4
95 8
59 4
11 2
2 4
22 6
40 4
36 6
80 6
75 7
23 5
91 4
93 1
55 1
10 1
88 4
38 4
74 4
46 2
64 1
8 1
41 3
95 6
20 4
71 6
17 3
18 5
33 9
37 1
25 5
24 6
38 1
82 4
14 3
55 8
56 1
68 7
27 6
3 3
39 7
100 5
39 9
33 9
44 9
93 8
92 5
11 2
18 6
83 4
47 1
53 4
22 3
13 5
30 6
38 6
30 4
73 1
73 1
69 6
69 9
49 2
56 4
13 9
8 9
33 9
23 7
1 8
89 2
44 9
4 3
2 7
85 1
52 4
32 8
18 8
81 8
6 8
27 2
50 3
88 7
41 7
8 5
45 4
50 1
44 1
94 3
59 7
86 7
38 5
35 5
81 2
10 7
61 7
12 9
48 7
17 7
51 7
27 1
52 2
51 2
60 6
37 4
97 1
75 8
80 2
100 7
63 5
4 3
64 4
68 8
26 5
30 3
82 8
48 9
76 4
37 7
100 7
91 1
42 3
92 7
21 1
59 7
8 4
67 7
13 9
13 9
70 9
43 5
86 2
52 4
20 6
73 1
48 6
73 2
43 4
99 1
56 4
81 4
33 4
8 4
6 3
68 5
19 2
90 6
40 9
34 9
22 7
46 1
49 7
66 6
2 3
5 8
17 7
57 4
72 5
97 9
11 9
81 2
1 9
70 5
71 8
52 6
71 4
89 3
70 5
72 5
63 3
1 3
87 8
83 1
31 9
97 2
7 4
3 3
65 8
86 6
50 8
81 2
85 8
46 7
46 7
39 2
66 6
59 1
9 8
52 4
69 6
51 9
39 2
41 9
86 2
50 4
21 9
56 9
62 3
41 8
30 6
22 5
69 4
44 2
35 2
80 9
100 3
91 7
57 4
17 6
77 5
66 4
7 1
28 5
70 5
43 9
79 6
43 2
33 1
26 8
75 5
82 7
19 1
13 2
65 7
93 9
63 7
15 8
9 4
12 6
3 5
64 6
41 2
82 3
66 8
63 9
46 9
100 5
92 9
44 3
27 5
37 3
72 4
19 4
49 2
55 7
85 8
83 4
67 5
74 6
29 3
67 8
93 5
91 3
94 2
38 4
79 4
30 4
2 4
3 2
97 9
89 4
94 7
33 6
34 3
32 7
94 7
76 6
85 8
47 6
48 6
25 4
15 2
22 8
12 8
47 3
37 1
38 3
35 9
88 9
44 1
76 6
76 4
97 6
10 6
63 5
55 6
1 2
66 7
80 1
65 9
83 9
10 3
12 5
39 4
68 7
23 9
93 1
32 9
30 8
99 6
29 4
58 5
7 5
54 2
88 5
100 1
80 2
7 6
61 9
62 8
4 6
10 5
99 2
100 2
34 2
61 1
20 6
85 1
49 1
39 7
63 6
90 7
27 5
68 7
64 6
46 8
22 3
25 2
95 7
25 4
43 4
87 9
85 2
53 3
66 2
57 1
60 3
6 6
81 2
6 9
26 3
99 3
48 9
54 3
68 7
47 8
78 1
97 2
96 2
59 3
61 3
93 9
68 3
19 7
41 7
82 9
21 7
76 1
42 4
19 2
85 6
53 2
18 3
66 9
4 5
37 6
33 6
77 1
26 4
7 7
94 9
73 9
99 9
36 2
14 8
69 1
14 7
86 8
85 2
78 8
50 2
91 4
25 8
32 6
96 6
63 6
21 6
82 4
16 1
50 1
47 9
49 1
65 2
27 3
87 8
98 8
7 5
61 6
32 5
47 6
14 5
73 2
26 6
20 6
92 5
26 8
16 5
7 5
35 2
57 2
87 8
70 5
81 8
89 6
57 5
48 7
49 6
99 3
57 5
38 4
82 3
29 7
91 2
85 6
56 5
11 4
16 8
22 2
16 9
55 8
6 4
65 5
55 9
25 2
39 5
86 4
47 7
33 1
98 6
31 4
55 6
58 6
36 7
21 1
70 5
93 8
95 4
57 6
17 3
68 6
84 5
31 9
22 1
42 4
81 3
26 3
41 1
22 9
73 2
2 3
49 4
96 6
61 1
66 1
84 1
58 8
63 5
46 7
62 3
28 9
3 9
2 1
20 7
96 3
90 2
33 1
99 3
10 9
87 9
22 5
8 8
25 5
98 1
61 5
25 2
48 5
58 8
43 2
14 5
32 7
51 6
7 3
55 7
14 3
45 3
11 1
64 4
35 7
5 3
29 5
27 3
60 5
95 3
85 1
91 7
41 3
61 8
44 4
1 5
41 1
88 3
40 1
53 4
92 3
77 5
63 9
50 3
10 1
84 8
76 2
70 9
73 3
5 5
64 9
52 9
87 3
8 2
46 6
60 3
63 5
47 2
47 4
73 9
47 2
62 8
39 1
75 7
82 7
79 4
28 7
94 5
88 3
97 6
92 5
46 7
4 4
50 2
28 5
27 8
66 6
82 1
72 1
52 7
31 7
18 2
35 9
65 6
23 9
36 8
95 2
34 3
9 9
12 4
60 5
45 8
69 3
59 4
75 9
6 7
8 8
35 7
7 4
74 7
74 5
99 6
4 2
84 4
26 4
37 8
15 2
86 1
56 3
74 9
45 8
51 4
24 4
90 1
88 9
17 2
19 3
18 9
96 1
91 3
69 8
78 3
2 2
1 5
48 8
54 5
41 5
28 6
30 9
32 5
85 2
39 6
2 5
91 3
72 7
38 8
17 7
47 5
59 1
57 4
29 7
25 6
42 6
49 9
51 6
17 6
6 1
70 9
75 6
78 7
60 5
92 4
98 5
81 3
77 1
14 4
