0 2 5
1 4 2
2 6 0
3 0 0
4 2 1
5 7 6
6 1 6
7 7 2
8 1 4
9 6 2
10 3 5
11 6 4
12 4 4
13 0 6
14 7 0
15 6 0
16 1 7
17 7 0
18 6 0
19 7 2
20 6 5
21 0 4
22 3 7
23 6 2
24 7 7
25 6 4
26 7 0
27 4 7
28 2 7
29 0 1
30 7 2
31 6 5
32 4 6
33 7 6
34 4 7
35 1 7
36 6 0
37 1 2
38 7 4
39 1 4
40 6 2
41 7 3
42 2 2
43 6 4
44 5 4
45 3 0
46 2 5
47 0 0
48 5 1
49 0 2
50 2 7
51 3 5
52 2 5
53 6 5
54 7 0
55 4 5
56 5 0
57 3 5
58 4 5
59 1 0
60 7 1
61 5 2
62 6 7
63 1 7
64 2 6
65 6 4
66 7 2
67 2 3
68 7 3
69 0 4
70 0 0
71 1 1
72 2 4
73 4 1
74 6 0
75 3 7
76 6 2
77 2 3
78 5 3
79 4 3
80 1 0
81 3 5
82 0 1
83 2 0
84 0 0
85 7 0
86 4 7
87 5 2
88 0 7
89 3 7
90 2 1
91 7 5
92 1 2
93 1 1
94 2 1
95 4 5
96 2 5
97 1 6
98 6 1
99 4 0
100 6 0
101 4 6
102 0 6
103 3 1
104 6 2
105 2 7
106 1 4
107 3 2
108 1 7
109 5 2
110 7 6
111 1 6
112 7 5
113 6 1
114 5 4
115 6 2
116 0 2
117 7 2
118 7 3
119 1 7
120 5 1
121 4 2
122 3 7
123 1 6
124 2 7
125 7 6
126 4 7
127 4 6
128 7 4
129 0 7
130 3 2
131 7 7
132 5 7
133 1 0
134 4 7
135 1 1
136 5 2
137 0 1
138 5 7
139 5 1
140 0 2
141 3 5
142 7 3
143 3 7
144 6 4
145 2 4
146 2 3
147 2 4
148 6 7
149 6 0
150 0 1
151 0 4
152 3 0
153 4 0
154 7 0
155 2 0
156 3 0
157 2 5
158 7 2
159 0 6
160 2 7
161 5 2
162 4 1
163 0 3
164 4 0
165 6 2
166 5 2
167 6 0
168 3 7
169 5 7
170 7 6
171 2 7
172 4 5
173 7 0
174 6 2
175 1 4
176 4 7
177 1 5
178 6 5
179 5 3
180 1 6
181 0 0
182 5 7
183 3 5
184 1 7
185 0 7
186 4 1
187 4 7
188 7 7
189 4 2
190 3 7
191 5 2
# colocadas=192 ocupadas=20 mayor=79
