0 5 2
1 5 6
2 1 0
3 0 0
4 0 3
5 1 0
6 7 2
7 0 5
8 6 0
9 1 7
10 1 2
11 2 3
12 0 1
13 7 1
14 4 7
15 2 6
16 5 0
17 0 0
18 7 7
19 0 7
20 2 1
21 3 7
22 4 4
23 3 1
24 0 2
25 4 7
26 1 3
27 2 1
28 3 6
29 1 6
30 1 1
31 7 2
32 7 0
33 1 0
34 6 1
35 3 5
36 6 0
37 7 3
38 0 1
39 0 0
40 3 1
41 7 0
42 3 6
43 3 3
44 1 1
45 1 7
46 3 5
47 2 6
48 4 0
49 2 1
50 7 2
51 4 2
52 1 1
53 3 7
54 1 0
55 1 6
56 1 4
57 4 7
58 6 7
59 7 7
60 1 2
61 0 4
62 5 0
63 2 7
64 2 2
65 6 2
66 5 5
67 6 1
68 2 3
69 3 3
70 1 7
71 5 4
72 6 7
73 6 2
74 6 0
75 3 6
76 5 6
77 4 0
78 0 0
79 4 4
80 2 1
81 1 2
82 2 4
83 5 4
84 3 5
85 0 3
86 4 3
87 3 3
88 5 2
89 7 0
90 3 6
91 3 2
92 3 5
93 2 7
94 4 3
95 1 5
96 4 6
97 2 0
98 2 3
99 2 1
100 6 1
101 2 0
102 4 7
103 5 1
104 3 1
105 0 5
106 1 5
107 6 0
108 7 7
109 2 4
110 6 4
111 0 5
112 1 5
113 0 1
114 7 3
115 3 6
116 4 4
117 0 4
118 1 0
119 7 0
120 1 3
121 1 2
122 2 3
123 6 5
124 2 1
125 3 1
126 2 1
127 6 2
128 5 2
129 6 0
130 3 1
131 4 6
132 0 3
133 5 6
134 2 2
135 6 4
136 1 7
137 6 1
138 6 5
139 7 6
140 4 2
141 7 1
142 1 2
143 0 4
144 5 2
145 2 7
146 4 6
147 2 0
148 6 4
149 5 6
150 7 7
151 4 3
152 6 2
153 5 4
154 2 4
155 1 6
156 7 0
157 5 0
158 1 7
159 6 4
160 7 2
161 1 0
162 4 6
163 1 3
164 2 5
165 7 6
166 4 4
167 0 5
168 6 0
169 0 3
170 5 2
171 1 3
172 6 5
173 2 6
174 0 2
175 5 6
176 2 1
177 0 0
178 2 7
179 4 2
180 5 2
181 4 2
182 1 7
183 1 0
184 0 3
185 1 3
186 2 7
187 6 4
188 0 4
189 1 7
190 5 4
191 6 2
# colocadas=192 ocupadas=20 mayor=75
