0 0 0
1 0 7
2 7 0
3 7 7
4 6 0
5 0 2
6 0 4
7 2 7
8 0 5
9 0 3
10 0 6
11 0 7
12 2 0
13 4 0
14 6 7
15 4 7
16 7 1
17 5 0
18 7 3
19 7 7
20 0 6
21 7 5
22 1 6
23 1 7
24 6 3
25 7 3
26 2 1
27 0 4
28 7 6
29 6 7
30 7 0
31 7 7
32 6 6
33 0 7
34 3 7
35 3 0
36 0 2
37 5 7
38 7 2
39 1 3
40 7 1
41 7 4
42 5 1
43 1 1
44 0 5
45 2 2
46 2 4
47 0 3
48 7 3
49 1 4
50 7 2
51 5 0
52 2 6
53 7 6
54 4 7
55 1 0
56 3 3
57 1 1
58 7 4
59 6 0
60 1 0
61 7 1
62 2 1
63 0 6
64 0 4
65 6 7
66 0 3
67 5 1
68 1 5
69 2 3
70 4 6
71 0 1
72 5 7
73 0 4
74 7 0
75 2 7
76 3 2
77 4 2
78 4 5
79 3 7
80 7 3
81 6 7
82 4 7
83 0 0
84 1 0
85 3 2
86 7 4
87 5 0
88 6 6
89 2 4
90 4 0
91 1 7
92 6 0
93 7 3
94 2 2
95 6 5
96 7 0
97 3 0
98 7 7
99 6 1
100 2 1
101 2 3
102 6 2
103 5 2
104 1 4
105 2 5
106 0 5
107 4 0
108 5 1
109 0 0
110 1 3
111 3 7
112 7 5
113 2 0
114 7 2
115 0 4
116 2 2
117 5 2
118 1 5
119 7 3
120 2 3
121 1 0
122 2 2
123 5 1
124 3 0
125 6 5
126 6 0
127 0 2
128 4 4
129 0 7
130 0 5
131 3 3
132 7 0
133 1 6
134 6 7
135 1 4
136 0 0
137 3 1
138 2 3
139 0 4
140 5 5
141 1 4
142 0 4
143 1 4
144 0 3
145 3 0
146 2 2
147 5 6
148 4 6
149 3 4
150 0 1
151 4 4
152 1 7
153 5 2
154 2 6
155 0 6
156 4 0
157 2 4
158 1 2
159 1 1
160 3 0
161 1 4
162 0 2
163 4 2
164 1 3
165 1 0
166 0 4
167 7 7
168 5 2
169 4 2
170 0 7
171 4 3
172 6 0
173 0 3
174 3 2
175 7 2
176 6 7
177 7 1
178 0 1
179 0 0
180 1 3
181 4 1
182 2 1
183 0 6
184 7 0
185 7 1
186 2 7
187 4 0
188 7 7
189 3 1
190 7 0
191 7 1
# colocadas=192 ocupadas=20 mayor=85
