0 0 0
1 0 7
2 7 0
3 6 0
4 7 7
5 7 0
6 0 2
7 0 4
8 2 0
9 2 7
10 4 0
11 4 7
12 7 2
13 1 2
14 7 4
15 1 5
16 2 1
17 6 2
18 2 3
19 2 6
20 3 2
21 7 3
22 7 5
23 4 2
24 3 0
25 7 2
26 6 7
27 3 2
28 0 5
29 5 0
30 6 0
31 0 2
32 3 4
33 5 2
34 4 1
35 1 5
36 3 5
37 1 2
38 7 0
39 6 0
40 3 3
41 4 5
42 0 5
43 3 7
44 5 3
45 1 6
46 1 5
47 5 1
48 2 0
49 5 4
50 0 2
51 0 1
52 5 3
53 7 1
54 7 0
55 5 0
56 7 7
57 7 2
58 1 3
59 1 2
60 5 2
61 0 3
62 1 0
63 2 6
64 5 3
65 4 2
66 0 6
67 4 1
68 4 7
69 3 7
70 2 7
71 7 4
72 2 2
73 4 2
74 3 5
75 1 4
76 0 7
77 0 0
78 6 0
79 7 5
80 2 3
81 2 0
82 6 7
83 7 4
84 1 5
85 0 4
86 4 7
87 4 6
88 1 1
89 3 4
90 1 6
91 5 4
92 1 5
93 3 7
94 4 5
95 4 0
96 7 1
97 1 3
98 7 7
99 2 3
100 3 2
101 1 3
102 7 2
103 2 1
104 5 3
105 4 1
106 4 0
107 2 4
108 7 1
109 6 7
110 7 3
111 4 1
112 4 0
113 7 0
114 0 1
115 1 6
116 3 5
117 0 5
118 0 3
119 2 3
120 1 0
121 2 0
122 7 7
123 7 4
124 4 3
125 4 4
126 4 3
127 3 1
128 3 2
129 2 4
130 4 4
131 1 7
132 0 6
133 0 7
134 1 0
135 7 3
136 2 7
137 2 0
138 7 4
139 6 1
140 3 1
141 2 1
142 2 0
143 0 5
144 3 2
145 2 6
146 1 7
147 1 3
148 7 3
149 0 7
150 6 2
151 3 6
152 3 1
153 7 4
154 6 7
155 5 0
156 2 3
157 1 0
158 2 7
159 7 3
160 0 2
161 1 4
162 0 6
163 3 0
164 7 7
165 5 2
166 3 5
167 0 4
168 0 0
169 2 0
170 3 2
171 1 0
172 7 4
173 6 7
174 6 0
175 0 7
176 4 3
177 1 3
178 1 7
179 3 3
180 3 2
181 3 3
182 2 7
183 1 2
184 1 1
185 1 0
186 1 7
187 7 3
188 0 5
189 2 7
190 3 4
191 0 1
# colocadas=192 ocupadas=20 mayor=75
