# semilla=5
8 20
192
20 5
12 9
1 8
8 1
6 2
12 8
8 7
18 2
19 4
1 4
14 5
6 7
6 2
5 8
5 3
1 1
7 4
6 3
10 6
7 9
7 3
7 7
10 1
12 7
6 3
9 2
11 5
20 1
20 6
3 5
12 5
16 6
6 8
16 3
2 5
1 6
13 1
18 7
12 7
19 1
15 1
6 4
4 4
15 6
17 6
17 5
15 2
19 6
10 1
14 2
7 6
17 6
5 6
9 9
3 5
11 5
6 2
5 5
16 3
2 2
20 9
13 1
8 6
9 8
14 3
2 1
16 6
7 3
19 3
14 2
6 7
12 3
2 7
10 3
15 3
17 8
16 6
16 5
10 8
13 3
4 7
18 3
16 6
6 2
16 5
17 9
17 6
3 6
19 1
10 6
18 5
16 5
10 6
6 1
16 9
9 6
9 8
10 9
12 6
9 6
14 6
6 8
12 6
17 3
17 3
7 6
16 5
3 7
6 9
14 5
20 9
9 1
7 3
19 8
20 3
8 3
2 8
8 3
2 3
4 6
6 8
7 9
2 7
15 6
13 2
19 4
8 6
1 6
13 5
14 2
18 6
2 9
20 5
4 5
18 9
11 5
12 3
14 7
19 9
12 8
5 3
20 7
19 8
7 3
20 2
12 1
13 2
11 9
5 6
19 7
14 7
8 8
10 8
13 7
6 5
10 8
9 7
1 6
10 8
10 3
16 1
4 8
8 5
2 3
13 1
16 9
18 5
8 8
2 4
16 5
5 5
10 8
20 8
17 2
1 3
10 5
18 6
20 5
17 1
15 6
12 3
2 1
9 9
15 2
18 4
1 7
14 8
13 8
13 4
10 8
3 5
1 7
