# semilla=4
8 20
192
8 5
4 7
16 3
3 2
1 7
18 5
2 4
17 9
12 5
6 2
9 4
1 5
9 4
6 5
10 6
3 6
13 9
8 3
8 8
9 2
18 5
1 5
19 5
17 4
14 7
20 5
14 8
6 4
10 5
2 2
2 8
9 9
18 8
11 3
7 2
14 4
15 5
6 6
14 6
18 4
11 2
2 4
9 4
4 6
6 5
15 1
2 6
3 5
11 1
11 5
11 3
14 2
10 4
15 5
5 5
13 3
11 1
12 1
15 3
12 6
10 2
15 4
14 4
4 1
2 1
6 3
20 1
18 8
19 4
11 1
4 9
10 7
7 8
7 4
15 7
16 1
8 7
15 4
14 4
16 4
2 1
9 5
8 9
7 4
14 5
5 6
2 6
19 2
19 7
2 8
13 2
14 4
19 3
11 5
16 6
14 9
7 5
11 7
16 2
9 4
2 7
20 3
9 1
6 8
19 8
13 7
7 1
7 3
1 5
4 7
13 4
18 1
7 3
20 6
18 8
17 8
1 2
2 2
16 9
9 3
2 6
3 9
1 5
12 2
3 9
15 7
7 5
13 4
16 7
4 2
4 6
17 7
14 8
3 4
10 8
14 2
18 3
12 3
6 3
11 8
11 5
18 1
6 1
10 2
18 2
16 8
17 2
17 4
14 5
12 4
6 1
2 6
18 8
19 5
17 8
20 8
13 3
9 6
11 3
14 2
20 3
20 3
10 6
7 6
20 2
3 7
6 6
12 6
6 5
1 1
17 2
12 2
6 3
19 8
19 2
4 3
16 4
20 5
13 4
16 4
10 6
8 6
18 9
15 7
17 7
11 5
15 7
19 1
9 3
18 8
18 6
13 7
