0 0 0
1 0 7
2 7 0
3 7 7
4 0 2
5 0 4
6 2 0
7 2 7
8 4 0
9 4 7
10 7 2
11 1 2
12 7 3
13 5 7
14 7 5
15 6 7
16 1 5
17 0 1
18 0 0
19 7 2
20 0 3
21 1 1
22 2 2
23 3 7
24 2 4
25 2 6
26 3 4
27 5 6
28 7 4
29 3 0
30 2 0
31 6 2
32 0 2
33 0 4
34 7 6
35 2 4
36 1 3
37 4 6
38 3 4
39 0 1
40 0 3
41 3 0
42 7 2
43 0 6
44 4 5
45 1 4
46 2 0
47 5 7
48 0 2
49 0 3
50 0 2
51 3 3
52 6 4
53 0 4
54 1 7
55 1 4
56 0 3
57 5 0
58 0 5
59 4 0
60 7 4
61 1 5
62 3 4
63 0 7
64 3 0
65 4 6
66 2 5
67 0 2
68 2 3
69 0 4
70 0 6
71 6 4
72 7 7
73 7 6
74 0 5
75 6 0
76 1 0
77 1 5
78 4 4
79 7 0
80 3 1
81 7 3
82 0 0
83 7 7
84 3 4
85 0 7
86 3 2
87 1 3
88 2 3
89 3 1
90 1 3
91 4 4
92 2 2
93 0 3
94 6 0
95 3 4
96 7 6
97 0 4
98 7 0
99 7 2
100 3 0
101 2 6
102 7 3
103 4 5
104 3 2
105 2 3
106 7 7
107 7 6
108 2 1
109 0 5
110 1 3
111 0 1
112 7 7
113 2 7
114 0 2
115 3 6
116 1 1
117 2 0
118 6 0
119 7 2
120 3 0
121 4 7
122 2 1
123 4 1
124 5 7
125 1 6
126 7 6
127 2 3
128 7 0
129 0 6
130 0 5
131 3 7
132 2 4
133 6 7
134 7 4
135 2 5
136 1 2
137 5 1
138 4 4
139 0 3
140 0 2
141 1 1
142 3 4
143 6 4
144 1 0
145 6 0
146 4 7
147 4 6
148 3 5
149 4 1
150 4 4
151 4 0
152 2 0
153 3 3
154 4 7
155 1 7
156 1 3
157 7 1
158 0 1
159 2 5
160 2 7
161 1 7
162 7 4
163 7 7
164 2 7
165 6 6
166 4 5
167 4 2
168 3 5
169 2 2
170 5 7
171 4 1
172 3 6
173 3 2
174 3 1
175 0 4
176 5 0
177 3 7
178 0 3
179 5 1
180 7 3
181 1 0
182 3 0
183 0 6
184 6 7
185 0 0
186 0 5
187 2 1
188 7 0
189 2 0
190 3 0
191 0 2
# colocadas=192 ocupadas=20 mayor=76
