# semilla=3
8 20
192
8 9
5 6
20 8
19 2
20 1
16 5
18 4
7 8
18 9
16 7
5 4
5 9
13 1
3 3
19 1
10 1
9 8
20 7
14 7
19 8
5 6
4 1
5 8
7 5
14 5
14 9
13 6
18 7
19 4
11 1
9 3
11 9
19 2
7 5
10 2
3 8
16 2
12 2
14 3
1 5
14 7
4 1
20 1
13 6
18 5
17 4
2 5
1 2
4 9
2 4
14 5
20 5
5 1
11 6
12 3
13 7
15 9
13 9
4 9
9 7
8 5
14 5
17 5
18 6
1 7
19 6
1 7
20 3
2 6
15 6
12 5
16 1
19 1
1 6
9 8
10 6
6 6
6 6
12 5
10 7
4 1
19 3
10 9
8 5
8 6
6 7
4 2
20 6
11 4
15 3
3 6
7 8
9 4
4 1
17 4
11 3
9 6
3 6
19 3
14 5
17 5
15 6
14 5
14 7
2 7
5 4
1 8
20 9
14 9
8 1
15 9
10 9
11 4
3 5
4 4
2 1
17 4
14 1
1 8
4 3
17 5
8 1
17 9
14 1
20 2
11 3
9 9
16 1
12 4
7 2
18 2
6 4
9 3
1 8
19 7
2 5
8 5
20 9
17 7
2 8
11 1
2 3
2 2
2 2
16 1
3 9
17 8
11 3
11 2
12 7
13 5
12 5
7 6
14 2
5 9
1 7
3 3
2 6
15 9
13 1
20 7
2 6
16 6
14 7
15 1
8 4
18 5
19 2
14 4
14 3
1 6
12 9
9 2
15 2
17 7
4 6
19 9
4 1
16 3
8 7
2 9
3 2
13 3
1 6
4 1
4 8
10 5
3 1
19 9
17 4
4 9
4 9
