0 0 0
1 0 7
2 7 0
3 7 7
4 0 2
5 0 6
6 6 7
7 0 4
8 1 7
9 6 0
10 2 0
11 1 2
12 0 2
13 3 7
14 3 6
15 7 0
16 4 0
17 1 2
18 4 7
19 5 0
20 4 0
21 5 0
22 3 7
23 0 7
24 0 2
25 7 2
26 7 4
27 0 1
28 0 0
29 7 6
30 0 6
31 1 1
32 0 3
33 1 2
34 1 5
35 6 0
36 2 3
37 1 4
38 0 7
39 2 7
40 3 1
41 0 2
42 3 4
43 3 2
44 4 3
45 5 3
46 4 2
47 1 7
48 4 7
49 3 0
50 5 1
51 5 4
52 2 6
53 7 1
54 7 7
55 7 3
56 0 3
57 3 6
58 1 1
59 0 5
60 0 1
61 2 2
62 6 6
63 7 0
64 2 0
65 0 6
66 1 0
67 5 0
68 2 7
69 3 0
70 0 2
71 1 7
72 0 5
73 4 6
74 4 1
75 5 3
76 0 0
77 1 0
78 4 7
79 2 1
80 3 3
81 1 3
82 0 0
83 0 3
84 1 0
85 5 2
86 5 3
87 6 7
88 2 6
89 3 7
90 1 4
91 0 0
92 4 7
93 0 2
94 1 0
95 7 1
96 7 0
97 5 7
98 0 7
99 7 1
100 2 0
101 0 3
102 1 7
103 5 2
104 5 3
105 4 0
106 0 0
107 7 7
108 0 2
109 1 0
110 1 1
111 7 0
112 3 0
113 2 5
114 1 2
115 6 5
116 0 6
117 7 5
118 0 5
119 2 3
120 0 3
121 4 0
122 0 6
123 4 2
124 3 1
125 1 5
126 6 5
127 5 0
128 2 1
129 1 1
130 0 4
131 0 7
132 0 2
133 2 4
134 0 5
135 7 2
136 2 7
137 1 0
138 1 6
139 3 7
140 3 5
141 1 2
142 2 6
143 3 0
144 0 2
145 2 7
146 3 1
147 6 2
148 4 5
149 1 6
150 2 0
151 7 5
152 4 7
153 2 1
154 1 3
155 5 7
156 7 2
157 4 0
158 5 6
159 5 7
160 0 1
161 2 3
162 7 4
163 0 6
164 2 2
165 1 1
166 0 4
167 7 5
168 0 7
169 0 1
170 3 5
171 4 7
172 0 3
173 6 3
174 5 0
175 5 7
176 0 5
177 0 2
178 5 3
179 5 2
180 2 6
181 1 7
182 7 1
183 4 2
184 0 6
185 4 0
186 1 0
187 1 2
188 1 1
189 4 7
190 7 6
191 4 1
# colocadas=192 ocupadas=20 mayor=88
