0 6 3
1 0 1
2 3 7
3 1 7
4 4 7
5 6 5
6 1 4
7 7 4
8 0 4
9 5 5
10 0 2
11 0 1
12 4 0
13 2 0
14 1 6
15 2 5
16 3 1
17 3 7
18 5 7
19 1 7
20 0 2
21 1 1
22 0 1
23 7 5
24 6 7
25 5 7
26 5 0
27 1 4
28 1 6
29 6 1
30 4 1
31 7 1
32 1 7
33 7 4
34 3 5
35 3 0
36 6 5
37 2 3
38 5 6
39 0 3
40 5 7
41 1 2
42 4 7
43 6 0
44 1 5
45 4 3
46 0 6
47 0 4
48 0 2
49 0 7
50 5 6
51 3 7
52 1 1
53 7 2
54 2 4
55 6 1
56 5 0
57 6 0
58 0 1
59 3 1
60 6 2
61 5 7
62 3 3
63 0 5
64 0 3
65 1 6
66 1 3
67 2 7
68 1 7
69 5 1
70 1 4
71 5 5
72 0 6
73 0 3
74 2 1
75 2 5
76 7 7
77 7 6
78 2 4
79 3 5
80 0 0
81 1 6
82 3 6
83 6 3
84 5 3
85 7 7
86 0 1
87 3 7
88 7 1
89 4 1
90 4 0
91 7 3
92 2 0
93 0 0
94 3 2
95 6 1
96 2 1
97 3 0
98 0 6
99 5 6
100 3 3
101 4 2
102 5 7
103 5 6
104 1 6
105 1 2
106 0 2
107 4 7
108 6 6
109 6 3
110 5 2
111 3 5
112 7 1
113 4 0
114 1 0
115 1 7
116 4 3
117 6 5
118 0 1
119 2 0
120 3 3
121 6 2
122 4 3
123 7 5
124 3 7
125 7 0
126 3 1
127 5 6
128 1 4
129 6 3
130 0 4
131 6 7
132 3 2
133 0 0
134 1 6
135 0 7
136 7 2
137 4 7
138 4 4
139 1 7
140 7 1
141 0 7
142 1 7
143 0 7
144 5 5
145 4 1
146 4 3
147 6 1
148 7 1
149 2 4
150 6 1
151 2 3
152 6 4
153 7 4
154 0 2
155 0 1
156 4 0
157 1 7
158 5 1
159 6 0
160 3 7
161 0 7
162 6 5
163 7 5
164 5 2
165 7 3
166 1 4
167 1 5
168 7 6
169 7 7
170 1 1
171 2 4
172 3 1
173 5 1
174 3 3
175 1 0
176 1 6
177 2 0
178 7 5
179 6 3
180 1 7
181 4 1
182 6 1
183 0 1
184 3 0
185 2 0
186 2 5
187 4 0
188 0 6
189 2 3
190 1 0
191 1 1
# colocadas=192 ocupadas=20 mayor=85
