0 0 0
1 0 7
2 7 0
3 7 7
4 0 2
5 0 4
6 2 0
7 2 7
8 4 0
9 3 7
10 0 1
11 5 7
12 7 2
13 1 0
14 6 0
15 7 0
16 7 4
17 6 0
18 7 0
19 2 7
20 4 7
21 3 0
22 5 0
23 2 6
24 0 5
25 3 7
26 6 0
27 5 1
28 7 5
29 6 7
30 1 6
31 2 7
32 4 1
33 0 4
34 4 2
35 7 4
36 7 0
37 4 7
38 5 0
39 3 1
40 1 5
41 4 0
42 4 6
43 3 7
44 6 2
45 7 6
46 0 0
47 5 7
48 1 3
49 2 2
50 7 3
51 0 1
52 0 0
53 2 7
54 6 0
55 7 1
56 2 3
57 7 0
58 7 1
59 6 7
60 7 0
61 1 6
62 2 5
63 7 4
64 0 1
65 3 7
66 5 0
67 4 5
68 4 0
69 3 0
70 5 7
71 0 3
72 4 4
73 0 6
74 3 3
75 4 1
76 1 7
77 4 5
78 5 2
79 5 3
80 6 7
81 7 2
82 1 2
83 5 7
84 2 2
85 6 0
86 4 2
87 0 7
88 6 4
89 4 1
90 6 7
91 1 4
92 0 2
93 5 7
94 6 7
95 7 1
96 0 0
97 1 1
98 3 4
99 0 5
100 3 3
101 7 2
102 7 4
103 7 7
104 1 7
105 4 2
106 2 0
107 7 6
108 0 1
109 0 7
110 1 3
111 1 1
112 1 4
113 3 4
114 2 7
115 0 6
116 0 3
117 3 0
118 4 0
119 0 1
120 3 3
121 7 7
122 4 1
123 1 1
124 3 1
125 1 3
126 7 1
127 7 2
128 5 0
129 7 5
130 7 6
131 1 4
132 2 4
133 1 2
134 2 5
135 5 7
136 2 3
137 0 2
138 2 6
139 3 3
140 0 3
141 0 1
142 4 0
143 3 2
144 1 7
145 3 5
146 4 5
147 3 5
148 2 7
149 7 0
150 0 2
151 1 0
152 0 4
153 0 3
154 6 0
155 2 2
156 0 4
157 0 0
158 3 0
159 7 4
160 3 1
161 0 5
162 2 3
163 2 0
164 3 3
165 0 6
166 0 5
167 7 0
168 4 1
169 3 7
170 1 3
171 4 0
172 6 2
173 6 0
174 0 6
175 2 5
176 4 7
177 1 0
178 0 7
179 5 4
180 6 4
181 0 1
182 3 7
183 6 1
184 5 0
185 4 0
186 3 2
187 4 7
188 0 3
189 7 7
190 3 7
191 6 7
# colocadas=192 ocupadas=20 mayor=79
