0 4 5
1 6 6
2 3 4
3 6 0
4 2 1
5 5 6
6 5 0
7 1 4
8 1 7
9 3 3
10 4 1
11 1 1
12 2 1
13 0 5
14 0 6
15 3 4
16 3 0
17 1 1
18 6 2
19 2 0
20 3 0
21 2 0
22 5 2
23 6 6
24 1 2
25 5 7
26 0 0
27 5 5
28 4 5
29 3 2
30 7 6
31 4 3
32 1 1
33 5 3
34 6 4
35 3 3
36 2 5
37 0 4
38 6 6
39 2 7
40 7 5
41 1 2
42 7 7
43 7 4
44 7 0
45 7 1
46 7 5
47 1 7
48 6 2
49 4 2
50 2 1
51 7 0
52 0 5
53 4 7
54 3 1
55 1 0
56 1 3
57 0 6
58 5 4
59 6 3
60 4 4
61 2 4
62 5 1
63 5 7
64 4 1
65 7 3
66 5 5
67 2 2
68 2 7
69 4 2
70 1 2
71 5 6
72 6 3
73 7 2
74 7 4
75 6 0
76 6 5
77 6 6
78 7 1
79 2 5
80 7 6
81 1 4
82 6 5
83 0 2
84 5 5
85 5 0
86 6 0
87 3 0
88 1 7
89 7 2
90 0 4
91 6 5
92 7 1
93 0 1
94 5 5
95 6 7
96 5 7
97 7 2
98 4 6
99 6 7
100 4 1
101 0 2
102 4 7
103 7 0
104 6 0
105 2 1
106 5 6
107 4 0
108 1 2
109 4 2
110 4 5
111 7 7
112 3 1
113 2 7
114 4 4
115 5 2
116 6 4
117 5 1
118 6 3
119 6 6
120 1 3
121 2 1
122 5 3
123 7 5
124 2 4
125 1 7
126 6 1
127 3 2
128 2 5
129 4 1
130 1 4
131 5 2
132 4 5
133 6 7
134 0 4
135 0 0
136 3 7
137 4 2
138 1 6
139 2 7
140 0 7
141 4 4
142 1 5
143 1 1
144 4 5
145 3 7
146 2 4
147 1 0
148 1 7
149 0 5
150 4 3
151 5 1
152 7 3
153 3 4
154 2 3
155 6 3
156 7 6
157 3 1
158 6 4
159 5 4
160 5 7
161 6 6
162 6 1
163 6 2
164 2 4
165 5 6
166 0 3
167 5 1
168 5 2
169 5 7
170 1 6
171 6 4
172 5 5
173 7 0
174 2 1
175 6 3
176 0 4
177 4 5
178 6 0
179 7 4
180 2 7
181 6 2
182 7 7
183 7 5
184 0 3
185 3 1
186 3 3
187 3 4
188 4 4
189 6 4
190 5 0
191 2 1
# colocadas=192 ocupadas=20 mayor=88
