0 4 14
1 7 11
2 5 19
3 6 19
4 5 19
5 14 12
6 3 10
7 5 14
8 4 10
9 14 11
10 6 11
11 7 11
12 4 14
13 14 12
14 6 19
15 5 19
16 4 19
17 5 19
18 3 14
19 6 19
20 6 11
21 13 12
22 7 11
23 4 14
24 2 14
25 3 14
26 2 14
27 3 10
28 5 19
29 14 12
30 3 19
31 14 13
32 6 19
33 5 14
34 3 18
35 14 12
36 15 11
37 15 13
38 3 14
39 4 14
40 2 14
41 14 11
42 5 19
43 3 14
44 4 10
45 3 10
46 4 15
47 4 14
48 14 12
49 4 15
50 4 14
51 6 19
52 6 11
53 14 13
54 15 13
55 3 14
56 14 11
57 4 14
58 13 12
59 3 19
60 6 14
61 5 14
62 4 10
63 3 10
64 4 14
65 5 19
66 3 14
67 6 19
68 4 14
69 14 12
70 14 13
71 14 11
72 5 19
73 3 14
74 3 18
75 3 19
76 7 11
77 6 11
78 14 12
79 3 18
80 12 12
81 6 19
82 3 19
83 6 15
84 7 15
85 7 11
86 13 12
87 5 19
88 14 13
89 14 12
90 12 12
91 8 15
92 3 18
93 13 12
94 4 10
95 15 13
96 3 19
97 12 12
98 6 19
99 4 14
100 3 10
101 14 11
102 5 14
103 4 14
104 2 14
105 6 11
106 3 14
107 5 19
108 5 14
109 7 15
110 14 12
111 3 18
112 14 13
113 13 12
114 12 12
115 4 14
116 4 10
117 6 14
118 5 14
119 13 12
120 3 10
121 8 15
122 4 10
123 6 15
124 6 19
125 15 13
126 3 19
127 14 11
128 14 13
129 7 15
130 3 10
131 7 11
132 3 18
133 4 14
134 5 19
135 5 14
136 8 15
137 6 19
138 4 10
139 4 14
140 14 12
141 5 14
142 4 14
143 5 14
144 15 11
145 12 12
146 3 10
147 14 11
148 14 12
149 14 11
150 7 15
151 14 12
152 9 15
153 8 15
154 6 11
155 4 14
156 13 12
157 5 14
158 14 11
159 7 15
160 5 19
161 4 14
162 15 11
163 8 15
164 14 11
165 9 14
166 4 10
167 6 19
168 7 15
169 8 15
170 5 14
171 14 13
172 3 19
173 14 12
174 3 10
175 12 12
176 5 19
177 13 12
178 14 11
179 9 15
180 4 14
181 14 12
182 7 15
183 5 14
184 13 12
185 14 12
186 3 18
187 13 12
188 6 19
189 4 10
190 14 12
191 13 12
192 4 14
193 14 12
194 12 12
195 7 11
196 15 11
197 3 19
198 5 19
199 14 11
200 8 15
201 7 15
202 8 15
203 6 11
204 6 19
205 16 11
206 6 15
207 7 11
208 16 10
209 3 10
210 5 19
211 6 11
212 7 15
213 6 19
214 14 12
215 4 10
216 6 14
217 8 15
218 5 14
219 17 10
220 7 15
221 5 19
222 8 15
223 16 10
224 6 15
225 6 19
226 17 10
227 4 14
228 13 12
229 5 14
230 7 15
231 12 12
232 3 18
233 8 15
234 7 11
235 5 19
236 3 19
237 4 14
238 6 11
239 13 12
240 12 12
241 3 18
242 5 14
243 16 10
244 4 14
245 14 11
246 7 15
247 17 10
248 9 15
249 8 15
250 3 10
251 13 12
252 14 12
253 13 12
254 4 10
255 14 12
256 15 11
257 16 10
258 3 19
259 14 11
260 3 10
261 17 10
262 15 11
263 3 18
264 7 11
265 14 11
266 13 12
267 4 10
268 14 12
269 3 10
270 6 11
271 16 10
272 7 11
273 12 12
274 4 10
275 6 19
276 14 11
277 3 19
278 7 15
279 6 11
280 17 10
281 3 18
282 3 10
283 14 12
284 16 10
285 13 12
286 17 10
287 7 11
288 5 19
289 12 12
290 6 11
291 6 19
292 8 15
293 5 19
294 7 15
295 4 10
296 7 11
297 8 15
298 14 11
299 5 14
300 6 15
301 14 12
302 6 19
303 16 10
304 3 19
305 4 14
306 5 14
307 7 15
308 6 11
309 17 10
310 8 15
311 7 15
312 3 10
313 13 12
314 7 11
315 16 10
316 5 19
317 4 14
318 6 19
319 4 10
320 17 10
321 5 14
322 14 11
323 14 12
324 12 12
325 13 12
326 8 15
327 7 15
328 8 15
329 14 11
330 4 14
331 14 12
332 6 11
333 16 10
334 13 12
335 7 15
336 17 10
337 5 14
338 16 10
339 17 10
340 16 10
341 3 18
342 14 12
343 3 10
344 5 19
345 9 15
346 8 15
347 14 11
348 17 10
349 9 15
350 8 15
351 7 11
352 4 10
353 4 14
354 14 12
355 16 10
356 6 11
357 5 14
358 17 10
359 6 15
360 4 14
361 7 15
362 6 15
363 5 14
364 7 15
365 6 14
366 8 15
367 15 11
368 14 11
369 6 19
370 3 19
371 16 10
372 17 10
373 3 10
374 4 14
375 15 11
376 14 11
377 6 15
378 5 19
379 14 12
380 14 11
381 7 11
382 5 14
383 4 14
384 4 10
385 7 15
386 16 11
387 16 10
388 6 14
389 6 19
390 14 12
391 6 11
392 14 11
393 6 15
394 16 9
395 6 14
396 6 15
397 16 10
398 16 9
399 16 10
400 17 10
401 16 10
402 7 11
403 5 19
404 17 11
405 6 11
406 5 14
407 14 12
408 17 10
409 6 19
410 5 19
411 16 11
412 16 10
413 4 14
414 8 15
415 14 11
416 6 19
417 14 12
418 14 11
419 7 15
420 7 11
421 5 19
422 14 12
423 3 18
424 8 15
425 3 10
426 4 10
427 3 10
428 15 11
429 6 19
430 5 14
431 5 19
432 14 11
433 3 19
434 14 12
435 7 15
436 6 19
437 14 11
438 6 15
439 13 12
440 5 19
441 7 15
442 14 12
443 4 14
444 3 18
445 17 10
446 9 15
447 13 12
448 16 10
449 14 12
450 8 15
451 17 10
452 16 10
453 6 15
454 13 12
455 7 15
456 6 11
457 8 15
458 4 10
459 17 10
460 6 19
461 14 12
462 14 11
463 3 19
464 7 11
465 5 14
466 3 18
467 3 10
468 14 12
469 7 15
470 3 19
471 6 14
472 16 10
473 8 15
474 6 11
475 14 11
476 6 15
477 14 12
478 7 11
479 3 18
480 17 10
481 7 15
482 15 11
483 4 10
484 9 15
485 3 19
486 4 14
487 16 10
488 3 18
489 3 10
490 5 14
491 4 10
492 3 10
493 6 11
494 4 14
495 14 11
496 17 10
497 5 14
498 7 11
499 4 14
500 8 15
501 5 14
502 13 12
503 3 19
504 9 14
505 7 15
506 16 10
507 4 14
508 5 14
509 5 19
510 6 11
511 4 10
512 3 10
513 3 18
514 7 11
515 4 14
516 5 14
517 14 12
518 6 19
519 8 15
520 4 10
521 3 19
522 12 12
523 3 10
524 7 15
525 14 11
526 3 18
527 14 12
528 4 10
529 5 19
530 6 11
531 4 14
532 14 11
533 14 12
534 5 14
535 6 19
536 13 12
537 7 11
538 3 19
539 8 15
540 17 10
541 3 10
542 14 11
543 3 18
544 6 11
545 7 15
546 4 14
547 9 15
548 16 10
549 5 19
550 4 10
551 5 14
552 8 15
553 7 15
554 14 12
555 8 15
556 3 10
557 12 12
558 3 19
559 6 15
560 14 11
561 3 18
562 4 10
563 4 14
564 7 15
565 7 11
566 6 11
567 14 12
568 5 14
569 6 14
570 7 11
571 3 19
572 6 11
573 4 14
574 7 11
575 8 15
576 13 12
577 6 15
578 5 14
579 12 12
580 13 12
581 3 18
582 7 15
583 6 19
584 9 15
585 17 10
586 14 11
587 14 12
588 3 10
589 13 12
590 14 12
591 16 10
592 14 11
593 14 12
594 4 10
595 14 11
596 3 10
597 8 15
598 5 19
599 6 11
600 7 11
601 3 19
602 6 11
603 6 19
604 7 15
605 14 12
606 7 11
607 8 15
608 4 10
609 13 12
610 3 10
611 17 10
612 5 19
613 16 10
614 4 10
615 17 10
616 6 19
617 16 10
618 3 18
619 6 11
620 5 19
621 9 14
622 9 15
623 7 15
624 14 12
625 14 11
626 3 10
627 6 19
628 4 10
629 5 19
630 14 12
631 8 15
632 6 19
633 4 14
634 7 15
635 8 15
636 17 10
637 9 15
638 3 10
639 13 12
640 8 15
641 16 10
642 3 19
643 4 10
644 7 15
645 17 10
646 5 19
647 7 11
648 8 15
649 16 10
650 6 19
651 6 11
652 9 15
653 8 15
654 9 14
655 5 14
656 17 10
657 14 12
658 9 15
659 16 10
660 3 10
661 9 14
662 7 11
663 3 18
664 9 15
665 6 11
666 7 15
667 17 10
668 4 14
669 7 11
670 3 19
671 8 15
672 4 10
673 5 19
674 7 15
675 12 12
676 13 12
677 16 10
678 5 14
679 14 11
680 14 12
681 8 15
682 17 10
683 7 15
684 4 14
685 5 14
686 3 10
687 6 19
688 6 11
689 15 11
690 8 15
691 16 10
692 4 10
693 9 14
694 17 10
695 5 19
696 16 10
697 17 10
698 6 19
699 9 15
700 4 14
701 3 18
702 14 11
703 7 11
704 15 11
705 3 10
706 9 14
707 6 11
708 16 10
709 9 15
710 5 14
711 7 15
712 8 15
713 7 11
714 3 19
715 3 18
716 17 10
717 9 14
718 3 19
719 6 11
720 9 15
721 9 14
722 16 10
723 7 11
724 7 15
725 8 15
726 3 18
727 17 10
728 14 11
729 16 11
730 4 14
731 3 19
732 7 15
733 9 15
734 4 10
735 16 10
736 5 19
737 6 11
738 8 15
739 7 11
740 14 12
741 3 10
742 3 18
743 4 10
744 15 11
745 14 11
746 6 19
747 9 14
748 3 10
749 5 19
750 4 10
751 7 15
752 5 14
753 3 10
754 8 15
755 17 10
756 9 15
757 9 14
758 13 12
759 4 10
760 16 10
761 6 11
762 7 15
763 9 15
764 3 10
765 14 12
766 6 19
767 8 15
768 4 10
769 13 12
770 3 10
771 14 12
772 4 10
773 17 10
774 3 19
775 15 11
776 16 10
777 3 18
778 9 15
779 14 11
780 8 15
781 3 19
782 7 11
783 5 19
784 9 14
785 9 15
786 17 10
787 13 12
788 6 11
789 9 14
790 16 10
791 17 10
792 7 11
793 14 12
794 3 10
795 16 10
796 7 15
797 6 19
798 8 15
799 3 18
800 3 19
801 6 11
802 4 14
803 7 15
804 9 15
805 4 10
806 17 10
807 5 14
808 5 19
809 8 15
810 7 11
811 12 12
812 6 15
813 6 11
814 3 10
815 6 19
816 3 18
817 13 12
818 7 11
819 4 14
820 4 10
821 14 11
822 5 19
823 3 19
824 5 14
825 3 18
826 6 11
827 4 14
828 3 10
829 16 10
830 5 14
831 7 15
832 4 10
833 17 10
834 14 12
835 9 15
836 16 10
837 8 15
838 6 15
839 12 12
840 17 10
841 3 10
842 3 19
843 4 14
844 5 14
845 7 15
846 14 11
847 3 18
848 8 15
849 6 19
850 3 19
851 7 11
852 4 10
853 13 12
854 5 19
855 14 12
856 6 11
857 3 10
858 7 15
859 4 10
860 12 12
861 14 11
862 14 12
863 6 14
864 4 14
865 14 11
866 5 14
867 14 12
868 4 14
869 3 18
870 14 11
871 3 19
872 7 11
873 6 19
874 6 15
875 13 12
876 8 15
877 6 11
878 3 10
879 7 11
880 14 12
881 4 10
882 5 14
883 13 12
884 14 12
885 7 15
886 3 10
887 6 15
888 16 10
889 17 10
890 14 11
891 14 12
892 7 15
893 12 12
894 14 11
895 14 12
896 16 10
897 8 15
898 5 19
899 7 15
900 6 11
901 13 12
902 4 10
903 3 18
904 6 14
905 6 15
906 4 14
907 6 14
908 6 15
909 3 10
910 7 11
911 8 15
912 7 15
913 6 19
914 14 11
915 6 15
916 4 10
917 7 15
918 14 12
919 5 14
920 6 11
921 9 15
922 7 11
923 3 10
924 12 12
925 5 19
926 3 19
927 6 11
928 8 15
929 7 11
930 7 15
931 17 10
932 4 10
933 3 18
934 4 14
935 16 10
936 8 15
937 13 12
938 9 14
939 9 15
940 9 14
941 17 10
942 12 12
943 3 10
944 9 15
945 9 14
946 7 15
947 4 10
948 9 15
949 3 19
950 3 18
951 8 15
952 6 11
953 9 15
954 3 10
955 14 11
956 3 19
957 4 10
958 3 18
959 3 10
960 14 12
961 3 19
962 13 12
963 8 15
964 16 10
965 3 18
966 6 19
967 5 14
968 17 10
969 5 19
970 9 14
971 4 14
972 16 10
973 12 12
974 17 10
975 3 19
976 14 11
977 14 12
978 14 11
979 13 12
980 16 10
981 3 18
982 4 10
983 14 12
984 14 11
985 17 10
986 3 10
987 14 12
988 4 10
989 5 14
990 12 12
991 7 11
992 3 10
993 6 11
994 3 19
995 13 12
996 4 10
997 9 15
998 4 14
999 7 15
1000 12 12
1001 14 11
1002 14 12
1003 14 11
1004 3 10
1005 13 12
1006 14 12
1007 13 12
1008 14 12
1009 5 14
1010 4 14
1011 5 14
1012 4 10
1013 16 10
1014 6 19
1015 17 10
1016 8 15
1017 4 14
1018 5 19
1019 7 11
1020 15 11
1021 3 10
1022 14 11
1023 6 19
1024 3 18
1025 9 15
1026 4 10
1027 15 11
1028 8 15
1029 3 10
1030 3 19
1031 16 10
1032 3 18
1033 14 11
1034 6 15
1035 5 19
1036 7 15
1037 6 15
1038 14 12
1039 5 14
1040 14 11
1041 15 11
1042 6 19
1043 5 19
1044 4 10
1045 14 11
1046 3 19
1047 13 12
1048 14 12
1049 6 11
1050 3 18
1051 3 10
1052 4 14
1053 7 15
1054 14 11
1055 3 19
1056 8 15
1057 14 12
1058 17 10
1059 3 18
1060 6 19
1061 16 10
1062 7 11
1063 5 19
1064 3 19
1065 15 11
1066 7 15
1067 8 15
1068 5 14
1069 4 10
1070 17 10
1071 6 11
1072 14 11
1073 16 10
1074 7 11
1075 6 19
1076 15 11
1077 3 10
1078 4 14
1079 7 15
1080 6 11
1081 4 10
1082 17 10
1083 5 19
1084 7 11
1085 6 14
1086 5 14
1087 6 15
1088 6 19
1089 3 18
1090 3 19
1091 14 11
1092 6 11
1093 6 14
1094 6 15
1095 8 15
1096 7 15
1097 3 18
1098 7 11
1099 16 10
1100 4 14
1101 5 19
1102 3 10
1103 6 15
1104 17 10
1105 6 19
1106 7 15
1107 5 14
1108 6 11
1109 3 19
1110 7 11
1111 4 10
1112 6 11
1113 3 18
1114 5 19
1115 14 12
1116 6 14
1117 8 15
1118 16 10
1119 3 19
1120 3 10
1121 7 11
1122 4 10
1123 3 18
1124 6 19
1125 7 15
1126 6 15
1127 8 15
1128 7 15
1129 5 19
1130 14 11
1131 13 12
1132 3 10
1133 6 19
1134 4 14
1135 5 19
1136 3 19
1137 6 11
1138 7 11
1139 6 11
1140 6 14
1141 4 10
1142 7 11
1143 14 12
1144 17 10
1145 6 19
1146 5 14
1147 6 15
1148 13 12
1149 16 10
1150 3 18
1151 5 19
1152 14 12
1153 8 15
1154 3 19
1155 13 12
1156 3 10
1157 7 15
1158 17 10
1159 8 15
1160 7 15
1161 14 12
1162 6 11
1163 6 19
1164 13 12
1165 16 10
1166 4 10
1167 7 11
1168 3 10
1169 4 14
1170 17 10
1171 6 15
1172 7 15
1173 5 14
1174 14 12
1175 3 18
1176 6 11
1177 7 11
1178 16 10
1179 15 11
1180 6 11
1181 8 15
1182 14 11
1183 7 15
1184 9 15
1185 17 10
1186 7 11
1187 5 19
1188 15 11
1189 8 15
1190 6 11
1191 4 10
1192 9 15
1193 8 15
1194 3 19
1195 14 11
1196 3 10
1197 9 14
1198 7 15
1199 9 15
# colocadas=1200 ocupadas=10 mayor=670
