0 13 6
1 8 15
2 13 0
3 5 7
4 15 0
5 8 3
6 11 10
7 12 14
8 10 4
9 8 13
10 13 12
11 12 7
12 18 0
13 7 5
14 18 12
15 4 9
16 14 4
17 13 7
18 12 7
19 4 12
20 19 7
21 18 7
22 19 7
23 0 11
24 13 13
25 1 13
26 13 4
27 11 16
28 10 0
29 14 15
30 11 11
31 4 0
32 19 19
33 14 3
34 17 0
35 18 0
36 12 13
37 12 14
38 12 8
39 12 7
40 14 17
41 2 19
42 11 6
43 4 8
44 19 18
45 1 19
46 11 14
47 13 3
48 12 14
49 4 9
50 13 5
51 12 12
52 13 6
53 13 12
54 4 11
55 12 11
56 13 4
57 11 0
58 12 4
59 13 4
60 11 11
61 8 16
62 8 15
63 4 12
64 10 3
65 10 4
66 10 0
67 19 19
68 2 19
69 12 11
70 11 11
71 13 15
72 10 8
73 11 15
74 0 19
75 10 18
76 3 14
77 15 2
78 11 19
79 1 7
80 10 2
81 13 17
82 18 19
83 11 14
84 13 8
85 12 15
86 3 13
87 14 14
88 12 14
89 3 11
90 5 6
91 10 5
92 14 0
93 13 0
94 18 8
95 12 10
96 11 1
97 5 7
98 8 17
99 15 1
100 6 6
101 5 0
102 13 11
103 10 4
104 1 19
105 10 16
106 18 9
107 15 4
108 13 12
109 18 7
110 11 2
111 14 7
112 14 4
113 12 0
114 13 0
115 19 7
116 11 16
117 14 15
118 4 0
119 0 12
120 9 3
121 14 12
122 13 3
123 19 19
124 13 7
125 8 3
126 0 18
127 13 5
128 13 12
129 0 17
130 13 6
131 13 16
132 12 7
133 16 0
134 1 12
135 0 11
136 14 8
137 0 16
138 1 13
139 5 9
140 4 9
141 2 19
142 4 11
143 3 19
144 5 6
145 13 4
146 14 7
147 2 19
148 19 6
149 14 9
150 13 7
151 11 13
152 8 4
153 11 0
154 10 2
155 13 6
156 12 6
157 11 15
158 4 19
159 10 17
160 13 6
161 10 19
162 12 13
163 8 3
164 4 7
165 5 7
166 12 14
167 8 16
168 12 5
169 11 5
170 0 19
171 11 7
172 9 13
173 19 12
174 8 15
175 8 13
176 14 12
177 18 19
178 12 1
179 6 6
180 10 18
181 11 6
182 13 12
183 14 13
184 17 0
185 11 14
186 13 5
187 9 0
188 3 19
189 13 6
190 5 1
191 5 6
192 11 7
193 13 2
194 18 12
195 15 13
196 12 0
197 13 13
198 13 0
199 13 12
200 19 11
201 15 14
202 14 11
203 14 13
204 10 16
205 19 7
206 1 19
207 13 17
208 5 0
209 11 16
210 13 13
211 11 6
212 17 9
213 16 0
214 16 13
215 13 14
216 11 15
217 14 5
218 13 10
219 14 4
220 10 0
221 19 19
222 13 9
223 14 8
224 6 7
225 5 7
226 12 6
227 11 16
228 17 0
229 10 3
230 10 7
231 16 0
232 13 3
233 11 0
234 17 0
235 13 6
236 12 16
237 10 6
238 11 1
239 3 7
240 13 11
241 19 12
242 14 14
243 18 18
244 18 9
245 4 19
246 10 4
247 18 0
248 0 17
249 18 12
250 4 7
251 19 18
252 11 4
253 8 14
254 13 2
255 13 12
256 3 6
257 10 1
258 14 1
259 9 12
260 16 1
261 12 1
262 12 0
263 12 11
264 10 17
265 15 3
266 6 9
267 18 8
268 3 11
269 18 11
270 10 18
271 15 13
272 5 1
273 9 3
274 8 15
275 13 11
276 10 0
277 10 3
278 3 19
279 6 6
280 13 3
281 11 6
282 18 7
283 6 5
284 13 10
285 13 15
286 14 3
287 11 16
288 14 13
289 13 9
290 13 0
291 9 13
292 10 19
293 13 3
294 8 3
295 15 11
296 14 6
297 5 6
298 0 13
299 5 7
300 8 13
301 12 9
302 10 16
303 8 12
304 2 18
305 13 14
306 9 16
307 10 12
308 10 5
309 19 17
310 12 14
311 18 12
312 2 19
313 11 16
314 8 13
315 1 11
316 11 0
317 15 14
318 14 0
319 0 19
320 14 16
321 10 2
322 2 11
323 12 4
324 5 6
325 1 19
326 10 0
327 6 7
328 15 5
329 1 12
330 12 10
331 15 15
332 8 11
333 13 6
334 15 2
335 10 6
336 5 7
337 4 11
338 9 13
339 12 6
340 8 13
341 19 16
342 11 5
343 15 3
344 11 3
345 0 12
346 9 13
347 12 8
348 16 2
349 13 6
350 18 1
351 12 15
352 11 1
353 19 18
354 17 9
355 10 3
356 6 6
357 7 3
358 8 12
359 12 14
360 10 4
361 13 13
362 16 11
363 16 12
364 12 12
365 18 11
366 5 0
367 1 13
368 11 13
369 8 3
370 13 10
371 13 12
372 19 6
373 2 19
374 2 17
375 18 0
376 8 16
377 11 12
378 8 13
379 9 1
380 12 13
381 12 11
382 11 2
383 12 1
384 19 7
385 11 6
386 18 1
387 15 6
388 13 8
389 19 17
390 12 6
391 15 4
392 9 0
393 8 2
394 12 0
395 3 0
396 1 14
397 3 14
398 10 15
399 2 10
400 8 15
401 11 11
402 8 3
403 14 15
404 13 16
405 11 19
406 14 7
407 9 2
408 10 11
409 13 11
410 4 8
411 0 16
412 14 1
413 14 0
414 1 13
415 11 5
416 15 7
417 15 0
418 15 13
419 7 2
420 11 10
421 10 0
422 12 14
423 10 12
424 0 14
425 10 1
426 10 8
427 18 6
428 9 17
429 11 14
430 11 0
431 4 0
432 12 17
433 16 3
434 18 0
435 17 12
436 15 2
437 2 11
438 18 12
439 17 3
440 5 6
441 3 13
442 3 11
443 10 11
444 8 0
445 1 19
446 7 5
447 18 5
448 1 12
449 9 0
450 0 7
451 13 4
452 14 6
453 10 7
454 16 14
455 18 9
456 16 11
457 17 9
458 19 16
459 10 2
460 11 7
461 8 1
462 5 0
463 13 9
464 4 11
465 14 13
466 15 6
467 18 3
468 13 6
469 3 17
470 16 12
471 4 17
472 9 13
473 14 4
474 9 11
475 11 11
476 18 9
477 10 19
478 5 7
479 16 13
480 11 6
481 12 14
482 11 1
483 13 4
484 10 5
485 17 9
486 13 10
487 8 13
488 12 0
489 13 15
490 10 0
491 9 2
492 9 3
493 19 19
494 16 15
495 18 2
496 10 17
497 4 0
498 14 5
499 7 4
500 4 12
501 17 0
502 15 14
503 14 4
504 13 4
505 12 7
506 11 18
507 11 2
508 8 3
509 9 17
510 5 1
511 13 5
512 19 17
513 14 14
514 9 4
515 15 15
516 7 0
517 13 6
518 19 18
519 8 11
520 10 18
521 13 3
522 13 16
523 5 0
524 10 7
525 10 4
526 18 0
527 10 11
528 16 1
529 16 15
530 13 12
531 15 3
532 2 19
533 15 15
534 13 9
535 11 5
536 10 6
537 12 8
538 11 0
539 13 4
540 16 2
541 9 1
542 5 6
543 10 17
544 9 8
545 0 15
546 18 19
547 8 16
548 8 15
549 14 3
550 15 2
551 6 0
552 8 0
553 13 15
554 5 7
555 13 1
556 16 12
557 12 7
558 12 18
559 11 7
560 13 14
561 15 1
562 16 4
563 16 3
564 14 15
565 15 7
566 15 11
567 15 14
568 14 8
569 10 16
570 5 6
571 8 17
572 14 4
573 14 14
574 10 12
575 15 0
576 12 16
577 14 1
578 4 11
579 16 14
580 14 15
581 13 13
582 11 6
583 1 13
584 13 2
585 15 1
586 17 0
587 16 2
588 9 17
589 18 6
590 18 3
591 10 3
592 18 2
593 14 13
594 15 6
595 18 3
596 13 13
597 18 9
598 0 11
599 14 17
600 8 1
601 14 14
602 13 5
603 10 15
604 10 16
605 11 15
606 16 6
607 0 12
608 7 0
609 8 0
610 13 12
611 15 7
612 16 15
613 8 14
614 12 11
615 10 18
616 12 5
617 16 1
618 13 13
619 5 17
620 12 12
621 11 5
622 3 5
623 10 8
624 8 8
625 11 19
626 15 6
627 0 14
628 18 7
629 16 0
630 5 12
631 6 0
632 10 5
633 16 2
634 12 1
635 11 11
636 6 10
637 1 12
638 13 8
639 13 12
640 10 4
641 19 19
642 11 16
643 15 14
644 0 17
645 16 14
646 13 10
647 8 12
648 10 14
649 8 13
650 4 12
651 0 15
652 11 6
653 15 2
654 18 0
655 7 0
656 0 11
657 12 13
658 10 0
659 15 1
660 9 5
661 16 13
662 19 11
663 19 7
664 16 6
665 14 13
666 19 12
667 11 18
668 12 16
669 18 11
670 8 1
671 9 6
672 13 13
673 13 17
674 11 1
675 15 6
676 11 12
677 1 7
678 4 9
679 6 2
680 9 1
681 8 6
682 18 2
683 14 5
684 13 5
685 6 1
686 14 14
687 12 6
688 11 3
689 4 0
690 8 15
691 14 3
692 18 3
693 15 15
694 6 12
695 13 3
696 11 16
697 1 19
698 10 3
699 17 14
700 16 1
701 7 14
702 0 12
703 11 11
704 9 11
705 7 10
706 15 14
707 6 6
708 12 12
709 17 1
710 19 17
711 0 16
712 12 18
713 0 18
714 2 19
715 14 14
716 6 4
717 18 12
718 4 8
719 9 13
720 17 0
721 6 8
722 11 2
723 11 14
724 19 18
725 10 19
726 11 0
727 10 18
728 9 4
729 8 0
730 18 5
731 9 6
732 6 10
733 0 17
734 3 6
735 6 0
736 13 11
737 0 7
738 13 6
739 1 13
740 5 12
741 5 6
742 1 19
743 18 14
744 16 14
745 11 15
746 1 12
747 4 9
748 19 19
749 11 18
750 12 13
751 10 17
752 4 17
753 17 9
754 10 4
755 7 10
756 14 8
757 11 16
758 16 0
759 18 7
760 12 7
761 9 5
762 8 16
763 3 14
764 6 7
765 12 14
766 17 15
767 14 13
768 19 7
769 9 3
770 4 11
771 8 3
772 3 5
773 18 15
774 0 14
775 9 2
776 3 0
777 12 4
778 10 7
779 10 18
780 17 3
781 10 2
782 3 6
783 4 0
784 14 17
785 13 10
786 13 9
787 5 7
788 5 0
789 13 16
790 10 3
791 17 2
792 11 8
793 18 2
794 11 17
795 8 13
796 4 8
797 10 2
798 11 3
799 11 7
800 17 3
801 9 7
802 15 2
803 13 4
804 10 3
805 5 17
806 7 8
807 9 3
808 4 17
809 11 1
810 17 1
811 11 2
812 10 17
813 17 6
814 0 18
815 0 11
816 16 15
817 14 14
818 6 5
819 12 7
820 9 1
821 19 15
822 1 7
823 19 18
824 11 13
825 7 9
826 12 0
827 5 17
828 10 2
829 4 17
830 15 3
831 10 16
832 8 17
833 12 6
834 11 5
835 6 10
836 10 5
837 14 13
838 8 11
839 11 3
840 11 15
841 9 11
842 13 8
843 10 19
844 0 12
845 0 11
846 16 6
847 11 4
848 19 19
849 17 6
850 3 5
851 13 10
852 0 17
853 0 15
854 17 0
855 13 9
856 6 7
857 7 2
858 9 17
859 19 18
860 13 12
861 13 17
862 14 17
863 6 2
864 6 6
865 0 12
866 14 14
867 16 1
868 5 17
869 16 14
870 13 7
871 18 3
872 19 16
873 13 3
874 8 17
875 5 2
876 6 14
877 13 0
878 14 7
879 1 13
880 7 2
881 10 11
882 9 17
883 14 13
884 11 0
885 7 0
886 16 15
887 12 13
888 10 18
889 10 17
890 8 1
891 14 14
892 13 5
893 7 10
894 8 15
895 18 2
896 8 3
897 13 4
898 5 1
899 12 12
900 0 18
901 10 4
902 13 6
903 10 7
904 12 10
905 11 10
906 10 3
907 11 18
908 13 17
909 10 8
910 10 18
911 11 2
912 7 9
913 0 11
914 14 18
915 13 10
916 18 6
917 18 11
918 14 15
919 11 11
920 12 8
921 16 3
922 18 5
923 16 11
924 16 2
925 9 1
926 4 6
927 15 2
928 10 0
929 13 5
930 18 7
931 18 12
932 15 7
933 18 0
934 13 7
935 10 17
936 13 14
937 10 7
938 11 6
939 13 4
940 7 10
941 12 10
942 14 17
943 2 19
944 10 8
945 14 4
946 10 16
947 11 19
948 19 17
949 10 2
950 5 6
951 11 18
952 16 1
953 19 12
954 0 12
955 8 16
956 12 9
957 0 14
958 17 0
959 0 15
960 5 7
961 4 0
962 15 1
963 18 6
964 0 7
965 15 3
966 8 11
967 7 14
968 14 6
969 19 7
970 5 6
971 9 16
972 10 17
973 3 13
974 16 0
975 19 18
976 17 1
977 0 17
978 1 19
979 19 17
980 11 2
981 2 19
982 14 18
983 8 15
984 5 7
985 16 2
986 13 6
987 10 18
988 10 2
989 17 0
990 8 16
991 15 0
992 17 16
993 15 6
994 11 0
995 6 4
996 8 1
997 12 8
998 1 19
999 18 3
1000 19 18
1001 15 1
1002 2 19
1003 0 11
1004 18 7
1005 0 12
1006 5 0
1007 19 7
1008 5 2
1009 13 10
1010 0 18
1011 4 0
1012 11 3
1013 11 9
1014 6 5
1015 4 12
1016 6 2
1017 11 10
1018 12 9
1019 3 6
1020 13 15
1021 9 3
1022 11 2
1023 4 7
1024 10 7
1025 16 1
1026 17 15
1027 18 1
1028 11 1
1029 16 6
1030 7 5
1031 3 14
1032 5 7
1033 15 15
1034 4 9
1035 11 7
1036 16 12
1037 13 4
1038 6 9
1039 1 12
1040 19 15
1041 10 3
1042 5 6
1043 14 15
1044 19 19
1045 6 10
1046 14 5
1047 18 12
1048 19 16
1049 6 0
1050 8 12
1051 11 6
1052 11 11
1053 16 15
1054 5 7
1055 16 13
1056 19 18
1057 7 9
1058 4 11
1059 12 5
1060 9 8
1061 12 19
1062 8 3
1063 15 0
1064 9 4
1065 8 11
1066 18 5
1067 15 5
1068 12 7
1069 10 4
1070 11 2
1071 17 17
1072 9 3
1073 0 11
1074 7 2
1075 10 17
1076 4 17
1077 13 3
1078 18 7
1079 0 14
1080 11 5
1081 10 8
1082 9 4
1083 5 0
1084 9 0
1085 19 7
1086 18 2
1087 7 0
1088 8 12
1089 9 17
1090 11 6
1091 13 13
1092 16 11
1093 6 2
1094 7 10
1095 14 0
1096 13 5
1097 3 5
1098 3 6
1099 12 4
1100 18 6
1101 8 3
1102 14 3
1103 18 7
1104 13 11
1105 5 1
1106 2 10
1107 13 10
1108 9 13
1109 19 11
1110 13 9
1111 1 13
1112 19 17
1113 11 7
1114 6 9
1115 10 7
1116 9 1
1117 8 11
1118 8 1
1119 4 12
1120 19 12
1121 10 4
1122 12 5
1123 13 12
1124 13 4
1125 11 9
1126 11 19
1127 19 16
1128 1 7
1129 17 2
1130 12 12
1131 13 12
1132 13 8
1133 1 19
1134 15 6
1135 14 4
1136 2 11
1137 6 0
1138 0 15
1139 18 11
1140 6 10
1141 11 1
1142 11 3
1143 11 5
1144 3 4
1145 8 13
1146 6 5
1147 7 4
1148 14 17
1149 14 10
1150 13 9
1151 19 7
1152 15 3
1153 10 3
1154 18 7
1155 18 5
1156 6 14
1157 6 12
1158 11 14
1159 18 19
1160 12 6
1161 11 10
1162 10 0
1163 14 8
1164 11 18
1165 9 1
1166 9 3
1167 11 6
1168 19 19
1169 15 2
1170 19 17
1171 19 7
1172 8 17
1173 13 10
1174 13 4
1175 12 11
1176 14 4
1177 0 17
1178 16 2
1179 11 3
1180 17 3
1181 15 0
1182 11 2
1183 13 6
1184 12 5
1185 15 14
1186 11 5
1187 14 18
1188 8 6
1189 10 3
1190 1 16
1191 16 12
1192 15 15
1193 16 14
1194 0 16
1195 17 6
1196 15 3
1197 15 13
1198 0 7
1199 14 7
# colocadas=1200 ocupadas=105 mayor=106
