0 4 14
1 7 11
2 5 19
3 14 12
4 3 10
5 13 2
6 19 8
7 18 9
8 9 0
9 7 15
10 15 8
11 6 14
12 6 9
13 1 7
14 16 10
15 18 2
16 14 8
17 6 18
18 17 10
19 2 16
20 9 9
21 18 4
22 15 3
23 15 2
24 9 18
25 5 2
26 10 19
27 2 11
28 5 3
29 1 19
30 12 16
31 4 7
32 18 7
33 19 10
34 15 11
35 2 17
36 2 16
37 4 16
38 2 3
39 15 7
40 15 8
41 6 2
42 14 11
43 3 5
44 3 19
45 0 10
46 6 19
47 5 19
48 19 7
49 19 8
50 9 10
51 0 11
52 15 13
53 8 15
54 11 9
55 8 18
56 17 11
57 6 11
58 7 12
59 4 19
60 5 19
61 5 4
62 5 3
63 13 12
64 3 16
65 14 7
66 14 8
67 2 16
68 6 10
69 6 11
70 16 2
71 4 2
72 14 10
73 10 9
74 9 12
75 1 15
76 15 4
77 10 5
78 6 15
79 15 17
80 11 18
81 3 8
82 19 16
83 11 3
84 17 13
85 17 9
86 17 10
87 13 18
88 12 7
89 2 9
90 7 2
91 8 5
92 2 4
93 11 15
94 6 3
95 5 3
96 18 15
97 5 14
98 2 7
99 12 8
100 12 12
101 1 7
102 13 12
103 12 7
104 14 3
105 11 8
106 18 6
107 9 15
108 1 11
109 2 11
110 16 7
111 3 17
112 6 0
113 9 14
114 9 11
115 16 11
116 9 10
117 17 11
118 9 8
119 8 13
120 8 16
121 8 15
122 8 9
123 4 1
124 6 1
125 1 6
126 1 7
127 6 2
128 12 13
129 1 1
130 2 18
131 11 10
132 11 19
133 18 10
134 17 10
135 6 6
136 11 0
137 0 3
138 5 1
139 4 1
140 19 3
141 3 14
142 11 13
143 1 18
144 12 19
145 1 19
146 0 12
147 11 19
148 11 18
149 0 11
150 12 13
151 5 6
152 0 16
153 5 7
154 7 16
155 0 7
156 11 17
157 1 7
158 11 18
159 7 14
160 8 0
161 8 6
162 16 1
163 4 4
164 2 2
165 6 12
166 7 12
167 17 7
168 1 4
169 9 4
170 5 15
171 5 14
172 5 18
173 5 19
174 17 12
175 17 11
176 11 16
177 5 0
178 1 10
179 4 18
180 18 14
181 19 4
182 14 15
183 19 19
184 7 10
185 6 7
186 12 5
187 3 16
188 16 6
189 16 7
190 3 7
191 10 10
192 2 13
193 6 4
194 7 9
195 19 6
196 3 12
197 14 4
198 8 19
199 15 19
200 18 1
201 13 10
202 7 1
203 1 11
204 2 5
205 15 9
206 15 8
207 14 17
208 16 9
209 0 14
210 15 18
211 0 9
212 2 14
213 2 13
214 4 15
215 14 5
216 4 0
217 4 1
218 11 14
219 11 4
220 3 6
221 19 5
222 3 7
223 5 11
224 6 11
225 16 12
226 19 6
227 16 3
228 1 14
229 19 11
230 15 3
231 15 1
232 8 14
233 15 2
234 12 6
235 19 10
236 8 15
237 16 11
238 17 8
239 9 19
240 11 5
241 16 10
242 10 5
243 12 7
244 7 5
245 1 8
246 12 4
247 1 7
248 8 5
249 6 8
250 17 9
251 6 7
252 8 4
253 18 5
254 9 18
255 8 5
256 0 14
257 11 4
258 18 12
259 18 3
260 0 8
261 13 4
262 2 6
263 6 13
264 14 13
265 10 11
266 9 11
267 1 12
268 0 0
269 14 0
270 13 0
271 5 9
272 8 12
273 7 19
274 1 5
275 3 13
276 2 13
277 14 16
278 16 4
279 14 17
280 9 13
281 10 0
282 12 15
283 16 8
284 8 1
285 7 1
286 16 9
287 14 1
288 15 10
289 9 12
290 14 10
291 14 19
292 15 19
293 1 9
294 10 14
295 15 12
296 4 12
297 9 19
298 16 17
299 12 8
300 6 16
301 8 3
302 13 19
303 7 18
304 7 19
305 7 17
306 2 0
307 15 0
308 17 12
309 12 11
310 19 15
311 5 12
312 13 16
313 15 1
314 3 15
315 2 12
316 12 12
317 3 14
318 2 13
319 10 3
320 9 13
321 11 3
322 2 14
323 9 14
324 11 7
325 0 2
326 12 18
327 1 6
328 15 16
329 16 19
330 12 9
331 11 6
332 11 9
333 3 18
334 15 17
335 12 6
336 16 18
337 16 19
338 15 14
339 15 13
340 7 6
341 10 13
342 13 13
343 11 11
344 14 9
345 13 12
346 14 10
347 16 0
348 6 6
349 13 9
350 11 13
351 12 13
352 13 10
353 17 18
354 5 8
355 5 7
356 9 7
357 11 1
358 17 16
359 18 17
360 10 6
361 18 11
362 12 0
363 16 14
364 10 5
365 10 7
366 8 11
367 7 8
368 7 9
369 13 0
370 1 16
371 16 5
372 10 1
373 17 15
374 2 16
375 18 15
376 8 12
377 10 0
378 16 6
379 5 17
380 4 9
381 15 15
382 4 17
383 4 18
384 5 9
385 12 19
386 4 5
387 15 5
388 1 17
389 1 14
390 16 3
391 10 2
392 15 3
393 1 15
394 12 10
395 17 1
396 7 4
397 0 6
398 17 17
399 9 17
400 17 4
401 7 7
402 7 8
403 19 12
404 4 10
405 18 8
406 17 19
407 0 19
408 1 19
409 0 12
410 8 17
411 4 8
412 4 7
413 0 11
414 6 5
415 13 17
416 13 18
417 18 18
418 4 6
419 6 6
420 7 17
421 16 19
422 9 1
423 19 1
424 12 14
425 18 1
426 11 14
427 17 18
428 10 3
429 4 5
430 17 14
431 0 1
432 12 18
433 13 18
434 14 18
435 10 2
436 5 10
437 15 18
438 0 0
439 10 3
440 5 4
441 18 16
442 18 15
443 9 16
444 12 11
445 13 15
446 18 13
447 17 13
448 3 3
449 0 4
450 0 3
451 10 11
452 15 14
453 10 10
454 6 3
455 19 13
456 15 15
457 8 7
458 7 5
459 10 16
460 12 17
461 13 11
462 8 10
463 9 16
464 7 13
465 19 9
466 19 5
467 13 14
468 19 11
469 5 13
470 3 1
471 19 8
472 17 3
473 16 15
474 7 3
475 13 12
476 10 8
477 8 5
478 12 16
479 10 18
480 10 19
481 5 18
482 5 19
483 1 13
484 2 19
485 4 1
486 1 19
487 7 14
488 5 14
489 11 8
490 3 9
491 3 10
492 8 9
493 19 4
494 18 3
495 13 16
496 9 17
497 8 8
498 9 18
499 9 7
500 16 14
501 12 3
502 13 15
503 2 8
504 13 1
505 13 2
506 11 2
507 7 8
508 3 4
509 3 11
510 15 6
511 0 7
512 2 11
513 3 5
514 15 7
515 10 2
516 0 6
517 10 3
518 6 3
519 5 1
520 12 1
521 4 13
522 10 17
523 3 13
524 17 8
525 2 1
526 12 9
527 12 8
528 15 0
529 15 1
530 0 5
531 17 5
532 10 6
533 9 3
534 5 5
535 5 6
536 10 3
537 17 0
538 17 2
539 16 2
540 12 4
541 5 11
542 5 12
543 7 0
544 8 0
545 1 0
546 19 12
547 1 8
548 5 16
549 16 16
550 19 0
551 12 2
552 19 13
553 16 5
554 19 17
555 9 5
556 8 5
557 14 2
558 14 1
559 4 9
560 18 19
561 9 6
562 0 18
563 3 17
564 4 17
565 9 2
566 4 11
567 0 15
568 12 3
569 19 14
570 8 14
571 1 12
572 13 3
573 14 3
574 10 15
575 1 2
576 0 17
577 19 18
578 1 1
579 1 17
580 19 17
581 19 12
582 3 11
583 6 8
584 8 2
585 14 6
586 16 13
587 13 7
588 13 6
589 13 5
590 10 1
591 14 14
592 0 13
593 3 0
594 2 15
595 2 10
596 3 10
597 19 2
598 10 4
599 11 12
600 11 11
601 1 3
602 15 16
603 17 6
604 18 12
605 18 11
606 10 16
607 10 12
608 4 3
609 3 2
610 6 17
611 6 18
612 13 8
613 18 0
# colocadas=614 ocupadas=400 mayor=36
