0 4 14
1 7 11
2 5 19
3 14 12
4 6 19
5 5 19
6 3 10
7 13 2
8 19 8
9 4 19
10 5 19
11 18 9
12 9 0
13 7 15
14 15 8
15 6 14
16 6 9
17 1 7
18 16 10
19 18 2
20 14 8
21 6 18
22 17 10
23 5 18
24 6 18
25 2 16
26 9 9
27 18 4
28 15 3
29 15 2
30 9 18
31 5 2
32 10 19
33 2 11
34 19 7
35 18 1
36 19 8
37 18 2
38 5 3
39 19 9
40 19 8
41 5 4
42 5 3
43 1 19
44 12 16
45 4 7
46 7 19
47 18 7
48 4 10
49 3 10
50 19 10
51 15 11
52 4 16
53 18 10
54 2 3
55 2 17
56 6 3
57 5 3
58 6 2
59 18 6
60 18 7
61 15 4
62 3 16
63 2 7
64 19 10
65 6 10
66 6 9
67 6 11
68 5 2
69 19 4
70 1 7
71 2 18
72 18 4
73 15 3
74 2 17
75 6 19
76 8 15
77 1 6
78 2 16
79 7 15
80 14 11
81 6 10
82 14 12
83 1 7
84 5 3
85 16 9
86 6 11
87 4 16
88 16 10
89 2 17
90 3 5
91 5 14
92 0 7
93 4 14
94 3 16
95 1 7
96 4 16
97 3 19
98 9 15
99 16 11
100 3 7
101 5 7
102 16 10
103 4 7
104 11 19
105 10 19
106 0 10
107 9 10
108 19 3
109 8 0
110 14 3
111 19 11
112 1 18
113 17 11
114 19 10
115 6 4
116 16 11
117 0 11
118 9 0
119 17 1
120 18 10
121 15 3
122 18 1
123 4 2
124 4 4
125 5 6
126 18 2
127 5 2
128 1 19
129 19 10
130 15 11
131 0 10
132 15 13
133 6 10
134 8 15
135 15 10
136 2 4
137 3 18
138 4 1
139 2 3
140 11 9
141 8 18
142 0 19
143 16 2
144 14 13
145 11 18
146 16 10
147 14 10
148 15 2
149 1 19
150 1 11
151 8 1
152 15 1
153 15 2
154 19 4
155 18 3
156 16 1
157 10 9
158 17 0
159 18 2
160 18 4
161 6 15
162 6 14
163 14 4
164 9 11
165 7 2
166 13 1
167 13 2
168 6 11
169 16 11
170 2 19
171 17 3
172 17 7
173 18 7
174 0 11
175 15 1
176 14 11
177 5 4
178 18 3
179 16 7
180 7 11
181 16 1
182 5 3
183 12 2
184 13 2
185 16 10
186 7 16
187 7 9
188 14 2
189 6 9
190 18 6
191 5 9
192 17 12
193 3 17
194 3 19
195 5 15
196 17 4
197 18 8
198 7 15
199 13 12
200 4 2
201 14 12
202 1 16
203 1 11
204 9 19
205 19 8
206 11 16
207 14 10
208 3 16
209 0 9
210 4 9
211 4 10
212 17 11
213 5 14
214 0 8
215 17 7
216 2 2
217 15 9
218 6 14
219 19 3
220 18 7
221 4 15
222 0 10
223 18 3
224 6 9
225 7 4
226 6 4
227 17 9
228 0 9
229 2 11
230 4 17
231 4 18
232 15 4
233 17 10
234 5 7
235 5 2
236 9 10
237 15 7
238 15 8
239 5 18
240 2 6
241 9 9
242 0 18
243 17 12
244 4 16
245 10 9
246 19 3
247 1 11
248 14 3
249 16 9
250 16 10
251 2 16
252 15 3
253 4 15
254 6 18
255 4 16
256 9 9
257 4 19
258 0 10
259 2 3
260 16 4
261 0 7
262 19 9
263 6 6
264 8 9
265 18 11
266 9 18
267 17 11
268 2 7
269 8 0
270 18 3
271 9 0
272 14 7
273 19 8
274 5 6
275 5 15
276 1 7
277 13 10
278 17 8
279 2 11
280 1 15
281 15 5
282 2 18
283 3 17
284 1 16
285 14 10
286 16 7
287 17 2
288 18 4
289 1 15
290 11 19
291 12 12
292 5 14
293 6 6
294 4 14
295 2 8
296 3 14
297 10 19
298 17 6
299 1 17
300 4 14
301 2 17
302 15 4
303 19 7
304 8 19
305 4 7
306 14 3
307 4 18
308 11 9
309 3 7
310 1 11
311 8 18
312 3 16
313 19 8
314 8 19
315 2 7
316 4 7
317 7 9
318 17 13
319 1 7
320 17 12
321 17 7
322 1 9
323 9 10
324 14 8
325 19 7
326 15 13
327 1 18
328 8 16
329 13 12
330 1 4
331 5 6
332 14 12
333 4 19
334 13 10
335 16 7
336 17 9
337 6 9
338 2 16
339 18 2
340 14 10
341 0 18
342 13 10
343 18 10
344 11 19
345 3 7
346 8 15
347 5 18
348 19 8
349 16 9
350 0 11
351 3 9
352 5 19
353 2 7
354 16 2
355 7 14
356 3 10
357 17 1
358 9 14
359 10 0
360 0 17
361 2 11
362 18 3
363 2 17
364 2 4
365 0 16
366 14 7
367 9 0
368 16 0
369 11 0
370 7 10
371 15 2
372 15 3
373 4 18
374 18 6
375 16 11
376 6 2
377 8 18
378 7 2
379 2 5
380 10 0
381 7 16
382 19 6
383 13 0
384 11 0
385 14 13
386 3 8
387 18 11
388 5 17
389 7 19
390 4 17
391 1 6
392 1 7
393 9 18
394 1 4
395 4 13
396 4 15
397 15 4
398 6 19
399 3 5
400 17 9
401 10 0
402 15 13
403 0 10
404 7 15
405 14 8
406 5 9
407 11 17
408 6 10
409 7 12
410 5 7
411 4 1
412 4 6
413 19 4
414 19 9
415 2 16
416 6 9
417 2 7
418 3 9
419 10 9
420 14 0
421 3 8
422 16 3
423 4 2
424 7 14
425 18 6
426 15 3
427 19 8
428 1 7
429 4 7
430 14 4
431 3 7
432 7 9
433 12 13
434 4 9
435 1 6
436 19 2
437 19 9
438 9 8
439 7 15
440 14 13
441 16 10
442 18 2
443 7 4
444 4 14
445 14 2
446 5 3
447 5 6
448 15 8
449 4 18
450 8 18
451 6 9
452 8 16
453 5 16
454 4 16
455 4 1
456 4 6
457 4 10
458 5 15
459 6 4
460 9 18
461 4 7
462 19 1
463 2 5
464 17 3
465 3 10
466 16 1
467 15 2
468 0 11
469 15 5
470 14 8
471 18 9
472 2 4
473 2 17
474 3 16
475 7 8
476 10 19
477 5 4
478 2 16
479 9 9
480 1 18
481 18 7
482 4 6
483 16 11
484 7 10
485 4 2
486 13 0
487 15 4
488 5 9
489 13 1
490 7 18
491 5 18
492 7 16
493 4 7
494 9 0
495 4 9
496 5 19
497 15 13
498 15 10
499 9 15
500 18 1
501 19 3
502 14 0
503 11 9
504 3 18
505 0 18
506 1 7
507 16 10
508 1 18
509 7 1
510 3 19
511 14 5
512 2 9
513 11 18
514 8 0
515 7 15
516 9 14
517 1 9
518 17 11
519 3 17
520 1 5
521 4 16
522 7 4
523 5 3
524 18 6
525 6 14
526 1 16
527 9 0
528 18 7
529 6 2
530 19 0
531 15 3
532 7 19
533 2 9
534 7 2
535 15 12
536 15 11
537 6 4
538 3 7
539 15 2
540 10 0
541 8 19
542 5 8
543 17 2
544 6 15
545 11 19
546 4 1
547 6 18
548 17 9
549 1 17
550 7 11
551 18 3
552 4 2
553 16 9
554 18 9
555 5 4
556 4 17
557 17 4
558 5 9
559 11 18
560 14 13
561 3 8
562 11 19
563 19 7
564 7 1
565 18 2
566 7 2
567 2 18
568 4 15
569 5 8
570 1 4
571 3 16
572 11 17
573 8 17
574 14 10
575 19 11
576 4 16
577 18 10
578 17 1
579 19 6
580 16 10
581 19 10
582 4 5
583 6 10
584 4 13
585 3 17
586 17 7
587 9 16
588 18 4
589 15 5
590 13 0
591 7 16
592 4 14
593 15 7
594 15 1
595 4 19
596 4 6
597 4 17
598 2 14
599 18 9
600 18 3
601 1 5
602 5 19
603 1 16
604 1 11
605 3 5
606 14 11
607 19 1
608 8 1
609 10 9
610 5 6
611 19 7
612 15 2
613 7 15
614 15 13
615 7 4
616 5 3
617 1 14
618 10 19
619 17 10
620 14 2
621 6 4
622 2 17
623 5 14
624 17 11
625 13 10
626 15 1
627 18 7
628 8 0
629 2 7
630 11 18
631 6 11
632 17 10
633 6 10
634 8 18
635 14 0
636 9 15
637 11 9
638 4 5
639 4 14
640 13 2
641 4 18
642 10 14
643 14 10
644 17 11
645 15 2
646 16 1
647 3 15
648 15 1
649 15 4
650 16 5
651 1 9
652 7 9
653 3 6
654 1 15
655 14 3
656 1 4
657 3 4
658 6 15
659 3 16
660 13 10
661 18 8
662 19 8
663 16 1
664 9 11
665 16 2
666 4 10
667 18 10
668 9 10
669 2 11
670 5 2
671 19 0
672 5 7
673 7 6
674 3 5
675 5 9
676 19 1
677 5 6
678 6 9
679 5 7
680 11 13
681 7 1
682 0 10
683 4 4
684 13 0
685 5 17
686 19 3
687 18 6
688 3 10
689 7 2
690 3 9
691 4 8
692 6 6
693 5 8
694 18 2
695 6 2
696 7 10
697 3 10
698 2 16
699 9 14
700 14 13
701 14 12
702 2 5
703 9 15
704 4 17
705 3 16
706 11 0
707 8 1
708 1 16
709 16 9
710 5 9
711 16 1
712 9 14
713 16 10
714 3 14
715 7 9
716 19 4
717 3 5
718 4 16
719 18 1
720 14 1
721 12 13
722 8 0
723 8 16
724 15 11
725 1 7
726 11 19
727 15 3
728 18 4
729 9 11
730 8 1
731 17 8
732 4 5
733 16 6
734 4 4
735 16 3
736 14 0
737 8 14
738 9 19
739 9 17
740 16 2
741 9 18
742 18 7
743 9 19
744 17 9
745 14 10
746 19 11
747 2 7
748 8 0
749 15 8
750 8 15
751 8 13
752 19 10
753 18 11
754 4 1
755 9 18
756 7 2
757 8 19
758 12 16
759 10 0
760 19 4
761 1 17
762 6 19
763 1 7
764 19 7
765 4 10
766 5 19
767 2 7
768 16 3
769 6 11
770 7 8
771 7 16
772 6 2
773 2 5
774 19 1
775 7 15
776 14 4
777 5 8
778 9 0
779 7 11
780 11 13
781 6 10
782 1 11
783 3 10
784 5 18
785 12 13
786 15 7
787 13 0
788 13 11
789 3 13
790 19 5
791 16 2
792 16 1
793 8 18
794 4 6
795 19 3
796 2 6
797 5 10
798 8 15
799 0 11
800 5 4
801 3 5
802 4 2
803 9 18
804 2 17
805 14 11
806 6 11
807 13 10
808 6 4
809 9 16
810 15 5
811 3 18
812 0 10
813 2 11
814 9 10
815 8 18
816 3 14
817 1 5
818 16 12
819 1 15
820 9 15
821 14 0
822 8 16
823 7 10
824 1 11
825 16 11
826 18 1
827 16 4
828 7 15
829 16 9
830 11 13
831 15 8
832 0 16
833 4 7
834 13 1
835 6 18
836 2 11
837 15 12
838 16 7
839 5 6
840 4 8
841 6 6
842 2 13
843 3 7
844 10 19
845 10 9
846 7 9
847 19 11
848 5 6
849 2 5
850 9 16
851 16 10
852 9 17
853 8 10
854 1 16
855 7 11
856 8 16
857 13 2
858 4 14
859 16 5
860 1 6
861 4 7
862 15 4
863 15 13
864 17 7
865 4 5
866 3 16
867 3 12
868 6 10
869 9 1
870 1 18
871 3 5
872 7 4
873 19 9
874 9 2
875 4 10
876 7 10
877 1 11
878 2 3
879 14 10
880 17 11
881 0 16
882 8 15
883 9 14
884 15 1
885 9 15
886 6 4
887 2 14
888 16 7
889 8 11
890 17 7
891 8 9
892 18 8
893 2 11
894 13 10
895 15 7
896 3 10
897 9 11
898 1 11
899 4 5
900 7 9
901 15 12
902 18 9
903 7 2
904 6 3
905 14 5
906 14 3
907 16 1
908 16 6
909 14 10
910 4 12
911 7 15
912 7 16
913 19 10
914 19 4
915 17 8
916 3 6
917 3 14
918 2 18
919 17 10
920 17 9
921 1 7
922 18 7
923 9 12
924 8 12
925 6 2
926 17 10
927 4 4
928 8 16
929 13 11
930 19 0
931 3 12
932 6 10
933 7 2
934 1 6
935 14 11
936 6 6
937 7 19
938 11 9
939 9 14
940 2 8
941 3 8
942 0 11
943 19 6
944 10 9
945 13 4
946 1 14
947 1 18
948 15 0
949 9 8
950 6 9
951 13 10
952 1 16
953 2 4
954 6 15
955 7 15
956 14 10
957 2 16
958 3 19
959 18 3
960 14 11
961 4 5
962 1 15
963 5 9
964 16 7
965 2 14
966 10 2
967 4 1
968 15 3
969 9 9
970 4 19
971 10 0
972 18 8
973 2 9
974 18 4
975 16 6
976 15 9
977 15 8
978 7 12
979 9 18
980 4 16
981 6 14
982 1 7
983 17 8
984 6 10
985 2 2
986 19 4
987 18 5
988 14 4
989 5 7
990 5 3
991 2 5
992 2 6
993 18 10
994 11 16
995 9 0
996 5 6
997 6 19
998 10 9
999 18 4
1000 7 10
1001 10 3
1002 4 18
1003 18 6
1004 18 2
1005 3 7
1006 16 11
1007 3 16
1008 9 9
1009 2 3
1010 2 16
1011 2 17
1012 6 10
1013 11 3
1014 8 15
1015 6 2
1016 7 18
1017 13 9
1018 19 3
1019 2 1
1020 3 8
1021 3 5
1022 14 2
1023 6 7
1024 0 15
1025 11 0
1026 8 11
1027 5 7
1028 9 15
1029 4 7
1030 7 11
1031 3 13
1032 3 14
1033 15 11
1034 10 0
1035 6 15
1036 16 5
1037 15 13
1038 1 1
1039 11 1
1040 7 4
1041 4 9
1042 13 10
1043 2 4
1044 13 0
1045 19 6
1046 14 7
1047 8 18
1048 14 11
1049 8 17
1050 2 18
1051 15 7
1052 13 1
1053 12 16
1054 18 1
1055 6 14
1056 0 1
1057 6 18
1058 16 9
1059 3 6
1060 14 8
1061 2 7
1062 12 4
1063 9 8
1064 6 19
1065 3 5
1066 5 7
1067 1 17
1068 14 0
1069 9 9
1070 11 16
1071 11 9
1072 6 6
1073 9 18
1074 11 19
1075 7 1
1076 18 6
1077 9 0
1078 2 11
1079 4 6
1080 2 13
1081 10 9
1082 16 2
1083 17 12
1084 5 15
1085 1 6
1086 16 1
1087 6 12
1088 12 13
1089 3 7
1090 5 2
1091 15 10
1092 4 7
1093 4 15
1094 18 3
1095 13 2
1096 8 16
1097 1 9
1098 17 11
1099 1 14
1100 5 14
1101 9 14
1102 2 17
1103 15 8
1104 1 15
1105 10 19
1106 6 11
1107 17 9
1108 12 5
1109 19 9
1110 19 2
1111 15 4
1112 2 9
1113 12 16
1114 1 11
1115 15 1
1116 11 0
1117 4 10
1118 6 9
1119 4 12
1120 7 2
1121 15 7
1122 2 16
1123 14 10
1124 5 16
1125 5 3
1126 2 14
1127 3 12
1128 7 15
1129 2 11
1130 3 6
1131 4 2
1132 11 16
1133 1 18
1134 4 16
1135 14 3
1136 15 8
1137 0 16
1138 11 4
1139 18 8
1140 15 11
1141 4 12
1142 6 14
1143 13 11
1144 0 10
1145 16 2
1146 1 9
1147 9 8
1148 7 12
1149 6 3
1150 14 1
1151 14 8
1152 1 16
1153 18 2
1154 3 13
1155 14 11
1156 1 15
1157 18 7
1158 1 17
1159 7 11
1160 6 2
1161 15 11
1162 3 12
1163 14 0
1164 3 17
1165 1 18
1166 14 11
1167 14 13
1168 3 18
1169 8 0
1170 6 15
1171 1 16
1172 18 9
1173 16 1
1174 7 15
1175 11 13
1176 9 0
1177 15 3
1178 15 13
1179 8 17
1180 8 0
1181 3 16
1182 18 6
1183 16 6
1184 19 10
1185 16 9
1186 3 14
1187 7 16
1188 8 18
1189 6 4
1190 13 1
1191 19 6
1192 0 15
1193 10 0
1194 2 6
1195 2 18
1196 5 6
1197 1 7
1198 1 4
1199 14 7
# colocadas=1200 ocupadas=112 mayor=105
