0 13 6
1 8 15
2 13 0
3 5 7
4 15 0
5 8 3
6 11 10
7 12 14
8 10 4
9 8 13
10 13 12
11 12 7
12 18 0
13 7 5
14 18 12
15 4 9
16 14 4
17 4 12
18 19 7
19 0 11
20 13 13
21 1 13
22 13 4
23 11 16
24 10 0
25 14 15
26 11 11
27 4 0
28 19 19
29 14 3
30 14 17
31 2 19
32 11 6
33 10 3
34 13 15
35 10 8
36 12 13
37 12 14
38 18 7
39 19 7
40 10 18
41 3 14
42 15 2
43 11 19
44 1 7
45 10 2
46 13 17
47 19 17
48 4 11
49 3 13
50 5 6
51 19 18
52 0 7
53 2 0
54 0 12
55 0 11
56 6 6
57 5 6
58 4 15
59 1 19
60 14 18
61 14 17
62 5 17
63 7 10
64 7 19
65 1 5
66 12 18
67 13 16
68 9 17
69 3 17
70 8 6
71 5 15
72 9 13
73 12 17
74 13 17
75 10 5
76 13 9
77 10 16
78 12 5
79 3 6
80 17 16
81 8 17
82 0 9
83 11 14
84 12 14
85 3 11
86 4 11
87 4 17
88 6 14
89 5 12
90 2 11
91 13 2
92 7 14
93 13 8
94 19 4
95 2 17
96 3 17
97 17 0
98 10 19
99 18 5
100 15 19
101 3 19
102 2 19
103 19 15
104 10 17
105 5 0
106 4 0
107 17 17
108 4 7
109 13 3
110 13 4
111 4 13
112 4 12
113 13 7
114 13 8
115 18 3
116 4 14
117 9 1
118 17 9
119 6 13
120 9 3
121 8 3
122 19 16
123 1 9
124 19 17
125 0 9
126 13 18
127 13 17
128 3 7
129 4 7
130 5 1
131 14 19
132 8 12
133 6 4
134 11 2
135 3 10
136 5 13
137 4 6
138 4 7
139 12 3
140 6 0
141 8 11
142 6 12
143 5 12
144 6 10
145 15 6
146 19 6
147 19 7
148 18 2
149 5 14
150 18 3
151 12 12
152 0 10
153 0 9
154 8 19
155 7 19
156 12 13
157 14 7
158 5 11
159 5 12
160 19 9
161 0 5
162 5 3
163 7 9
164 2 10
165 16 1
166 14 13
167 6 17
168 5 17
169 1 6
170 1 5
171 1 11
172 18 1
173 1 10
174 11 18
175 7 0
176 0 6
177 11 1
178 18 19
179 16 19
180 5 13
181 19 19
182 5 12
183 15 19
184 19 0
185 18 0
186 14 8
187 16 15
188 19 11
189 13 10
190 11 0
191 2 12
192 15 1
193 0 19
194 15 2
195 1 19
196 2 11
197 7 17
198 11 5
199 8 16
200 0 14
201 14 9
202 8 4
203 7 18
204 4 13
205 8 3
206 1 4
207 1 5
208 12 0
209 12 16
210 4 14
211 11 0
212 3 0
213 4 0
214 1 18
215 1 19
216 7 17
217 3 12
218 1 0
219 4 12
220 2 0
221 18 14
222 12 8
223 12 7
224 6 11
225 6 9
226 13 11
227 13 10
228 6 5
229 6 4
230 6 10
231 4 1
232 18 16
233 4 0
234 14 14
235 0 17
236 12 10
237 6 19
238 7 19
239 13 10
240 9 16
241 8 16
242 4 18
243 2 9
244 19 3
245 9 11
246 4 17
247 19 4
248 13 19
249 8 11
250 12 19
251 14 16
252 13 16
253 11 19
254 11 18
255 12 11
256 14 10
257 1 9
258 0 9
259 13 10
260 12 15
261 5 5
262 13 15
263 18 18
264 19 18
265 5 6
266 2 13
267 3 13
268 7 12
269 8 10
270 8 11
271 16 13
272 3 3
273 9 2
274 12 17
275 2 18
276 6 2
277 2 8
278 5 10
279 11 4
280 11 3
281 11 13
282 10 3
283 7 4
284 12 9
285 2 19
286 7 5
287 12 13
288 3 5
289 9 6
290 15 8
291 14 8
292 0 2
293 1 19
294 15 14
295 8 5
296 0 16
297 6 7
298 5 7
299 6 8
300 0 17
301 2 16
302 6 7
303 19 12
304 15 15
305 15 7
306 18 9
307 8 14
308 14 2
309 15 16
310 8 13
311 13 2
312 10 11
313 8 0
314 17 18
315 12 2
316 11 2
317 10 12
318 14 0
319 9 18
320 13 0
321 9 17
322 2 6
323 11 15
324 12 4
325 18 11
326 1 8
327 1 12
328 2 12
329 4 8
330 4 7
331 11 4
332 19 11
333 19 12
334 18 17
335 17 17
336 5 9
337 4 9
338 10 7
339 1 16
340 7 8
341 16 16
342 0 8
343 16 6
344 9 4
345 10 4
346 7 1
347 2 17
348 19 1
349 14 11
350 7 0
351 19 10
352 4 5
353 0 7
354 13 14
355 19 16
356 6 12
357 16 14
358 3 12
359 16 7
360 13 13
361 9 15
362 1 7
363 2 7
364 19 15
365 19 11
366 3 4
367 5 8
368 5 7
369 6 11
370 3 3
371 3 18
372 17 2
373 9 11
374 18 2
375 15 14
376 11 17
377 12 17
378 8 1
379 17 15
380 15 7
381 16 15
382 9 16
383 17 3
384 9 3
385 10 3
386 9 17
387 0 4
388 18 8
389 1 9
390 15 3
391 0 3
392 12 8
393 5 11
394 16 3
395 6 11
396 7 13
397 6 13
398 7 7
399 14 16
400 14 15
401 11 9
402 11 10
403 8 18
404 8 17
405 13 5
406 11 7
407 8 2
408 9 14
409 0 0
410 12 7
411 2 14
412 8 14
413 3 14
414 12 5
415 6 7
416 1 0
417 17 3
418 13 11
419 9 2
420 3 15
421 4 15
422 11 12
423 12 12
424 7 14
425 7 2
426 7 1
427 16 2
428 17 2
429 0 19
430 9 8
431 4 19
432 3 19
433 5 5
434 5 6
435 13 1
436 13 2
437 2 5
438 0 15
439 15 4
440 14 4
441 7 13
442 3 9
443 4 9
444 11 8
445 4 10
446 8 4
447 7 3
448 6 13
449 3 11
450 0 14
451 5 10
452 15 11
453 2 11
454 10 11
455 1 14
456 2 6
457 1 13
458 1 11
459 8 3
460 10 12
461 13 18
462 4 4
463 3 4
464 12 18
465 15 9
466 14 9
467 3 3
468 1 15
469 19 2
470 9 0
471 18 7
472 8 2
473 19 7
474 10 0
475 18 2
476 0 13
477 14 5
478 1 13
479 15 18
480 15 19
481 16 0
482 15 0
483 1 16
484 10 13
485 12 8
486 8 1
487 13 5
488 8 8
489 9 8
490 17 19
491 2 9
492 17 7
493 7 4
494 3 7
495 17 6
496 17 1
497 7 11
498 6 11
499 16 6
500 17 2
501 17 8
502 6 18
503 12 6
504 19 8
505 19 9
506 16 8
507 5 2
508 10 10
509 11 10
510 4 3
511 4 4
512 12 1
513 7 18
514 6 18
515 16 18
516 2 1
517 16 11
518 11 1
519 10 1
520 10 0
521 2 0
522 2 18
523 2 19
524 14 1
525 15 1
526 5 19
527 18 10
528 15 16
529 2 4
530 14 12
531 13 12
532 5 18
533 16 17
534 16 18
535 10 14
536 16 12
537 2 16
538 18 15
539 1 17
540 1 16
541 15 13
542 15 10
543 18 19
544 17 12
545 7 15
546 7 14
547 8 7
548 15 11
549 14 11
550 18 6
551 18 5
552 9 7
553 0 1
554 9 5
555 2 17
556 9 10
557 8 10
558 16 4
559 18 4
560 10 15
561 17 4
562 17 3
563 1 3
564 16 5
565 0 3
566 2 7
567 2 6
568 15 12
569 1 1
570 1 2
571 9 19
572 10 19
573 15 5
574 9 15
575 16 5
576 6 15
577 4 16
578 5 15
579 12 1
580 9 12
581 10 13
582 3 8
583 2 15
584 0 18
585 3 16
586 10 9
587 19 0
588 10 8
589 19 1
590 2 3
591 4 16
592 3 3
593 16 9
594 3 2
595 5 4
596 5 5
597 2 3
598 19 13
599 3 1
600 16 7
601 15 9
602 9 14
603 7 6
604 7 16
605 7 17
606 4 2
607 18 13
608 3 2
609 7 7
610 19 14
611 19 5
612 19 15
613 19 6
614 19 13
615 16 9
616 14 6
617 17 11
618 15 6
619 15 7
620 11 13
621 6 16
622 16 10
623 9 9
624 17 14
625 17 10
626 17 5
627 10 6
628 6 1
629 15 17
630 15 16
631 2 2
632 2 1
633 6 3
634 17 13
635 8 9
636 5 16
# colocadas=637 ocupadas=400 mayor=31
