0 13 9
1 19 0
2 14 6
3 0 8
4 18 6
5 10 10
6 14 18
7 12 15
8 12 17
9 10 5
10 5 11
11 18 10
12 8 16
13 18 9
14 19 4
15 18 11
16 13 0
17 16 7
18 8 14
19 15 6
20 14 6
21 8 13
22 1 12
23 5 9
24 15 7
25 1 3
26 6 8
27 7 12
28 7 6
29 12 0
30 13 0
31 10 18
32 13 19
33 11 7
34 5 15
35 1 10
36 19 16
37 8 6
38 6 13
39 3 5
40 12 19
41 10 6
42 0 12
43 2 19
44 12 1
45 10 3
46 12 18
47 11 18
48 15 18
49 0 11
50 13 2
51 12 6
52 19 6
53 9 13
54 8 13
55 7 8
56 2 12
57 17 4
58 11 15
59 12 15
60 18 13
61 10 14
62 8 17
63 15 15
64 9 16
65 10 9
66 3 6
67 0 10
68 19 14
69 17 0
70 5 18
71 12 11
72 10 17
73 14 3
74 1 0
75 18 0
76 19 0
77 19 19
78 11 16
79 6 5
80 12 12
81 6 18
82 3 14
83 12 4
84 11 13
85 17 7
86 16 7
87 15 19
88 15 18
89 8 19
90 4 13
91 8 15
92 11 5
93 1 14
94 0 13
95 0 12
96 18 5
97 18 6
98 3 1
99 11 10
100 15 14
101 3 2
102 3 3
103 15 1
104 15 2
105 16 2
106 1 17
107 13 4
108 17 3
109 17 4
110 4 12
111 13 3
112 1 4
113 1 13
114 19 15
115 15 8
116 17 13
117 15 7
118 6 11
119 5 11
120 19 16
121 18 13
122 11 9
123 10 9
124 7 15
125 6 12
126 16 15
127 11 4
128 7 5
129 1 9
130 10 7
131 14 17
132 2 18
133 3 19
134 14 1
135 8 9
136 19 7
137 0 18
138 3 13
139 3 14
140 9 18
141 18 3
142 3 11
143 1 11
144 17 1
145 0 11
146 17 11
147 17 0
148 14 0
149 4 14
150 9 17
151 4 13
152 12 7
153 12 6
154 14 1
155 1 18
156 5 12
157 4 15
158 4 12
159 0 18
160 9 5
161 7 4
162 3 15
163 10 5
164 7 5
165 9 18
166 0 0
167 2 15
168 2 14
169 14 19
170 13 19
171 16 1
172 1 0
173 12 13
174 11 13
175 1 14
176 14 4
177 14 3
178 17 19
179 10 2
180 9 12
181 18 15
182 19 3
183 16 2
184 18 3
185 17 15
186 17 10
187 18 10
188 3 4
189 11 8
190 4 5
191 4 17
192 0 14
193 11 19
194 1 14
195 16 5
196 4 8
197 0 1
198 14 2
199 11 18
200 4 19
201 17 9
202 13 2
203 3 19
204 7 7
205 12 2
206 18 7
207 18 6
208 13 2
209 2 4
210 7 16
211 5 8
212 16 14
213 8 16
214 5 9
215 4 11
216 10 4
217 1 4
218 10 0
219 16 15
220 11 4
221 5 5
222 4 12
223 10 1
224 6 6
225 7 6
226 4 18
227 5 18
228 1 5
229 1 4
230 3 18
231 2 18
232 10 0
233 9 10
234 11 19
235 18 17
236 14 8
237 16 18
238 13 5
239 18 16
240 3 15
241 19 16
242 15 18
243 3 14
244 13 4
245 6 14
246 6 17
247 5 4
248 8 4
249 8 8
250 14 5
251 14 6
252 17 6
253 5 10
254 18 12
255 18 11
256 16 6
257 5 9
258 16 13
259 7 10
260 19 17
261 12 3
262 13 3
263 19 16
264 12 14
265 4 10
266 9 15
267 8 15
268 6 15
269 4 3
270 5 19
271 9 9
272 15 17
273 15 18
274 18 18
275 18 17
276 15 6
277 5 1
278 12 16
279 4 2
280 12 15
281 0 17
282 18 0
283 9 6
284 17 0
285 1 17
286 9 5
287 4 3
288 9 7
289 5 12
290 4 12
291 10 19
292 10 7
293 4 4
294 4 5
295 11 19
296 11 17
297 17 7
298 13 8
299 16 19
300 5 2
301 8 7
302 8 8
303 12 9
304 10 15
305 9 11
306 2 11
307 0 9
308 0 10
309 11 9
310 15 16
311 9 10
312 9 15
313 9 19
314 4 1
315 19 8
316 3 7
317 17 14
318 13 10
319 11 11
320 14 10
321 6 11
322 9 8
323 5 0
324 9 9
325 19 7
326 15 0
327 17 10
328 8 5
329 18 10
330 4 6
331 13 12
332 16 11
333 10 8
334 4 5
335 16 1
336 13 13
337 3 5
338 2 3
339 12 8
340 19 6
341 3 3
342 10 7
343 17 11
344 16 2
345 14 0
346 15 2
347 14 1
348 4 9
349 9 5
350 4 10
351 5 1
352 13 8
353 13 12
354 3 17
355 3 16
356 5 16
357 13 17
358 15 11
359 3 15
360 12 5
361 4 14
362 18 8
363 0 15
364 9 1
365 18 7
366 18 6
367 9 2
368 10 2
369 7 3
370 12 4
371 16 9
372 16 3
373 6 16
374 19 10
375 1 11
376 18 10
377 13 1
378 7 9
379 17 3
380 14 1
381 5 16
382 7 10
383 0 0
384 4 16
385 4 17
386 11 1
387 17 8
388 17 9
389 8 3
390 16 4
391 14 13
392 7 1
393 10 11
394 2 11
395 2 12
396 11 14
397 10 14
398 13 14
399 0 19
400 7 17
401 6 0
402 5 0
403 4 15
404 4 14
405 13 6
406 12 6
407 13 18
408 13 17
409 18 2
410 8 11
411 16 6
412 0 5
413 11 6
414 11 5
415 19 2
416 6 1
417 15 6
418 6 0
419 10 13
420 9 13
421 17 18
422 3 12
423 9 14
424 10 14
425 7 14
426 7 9
427 4 12
428 8 9
429 6 14
430 7 2
431 7 1
432 12 13
433 12 14
434 8 12
435 9 4
436 10 4
437 18 1
438 2 0
439 19 11
440 5 7
441 13 7
442 0 16
443 9 3
444 7 18
445 0 4
446 1 4
447 2 9
448 1 9
449 17 12
450 18 12
451 16 6
452 6 3
453 5 3
454 11 2
455 5 14
456 5 15
457 17 6
458 18 6
459 5 2
460 17 17
461 17 2
462 15 3
463 14 3
464 2 17
465 2 18
466 17 18
467 17 1
468 17 5
469 17 4
470 19 5
471 15 10
472 6 10
473 5 10
474 9 11
475 9 12
476 2 16
477 12 5
478 2 6
479 19 13
480 18 18
481 3 10
482 3 11
483 17 18
484 18 4
485 18 3
486 16 10
487 19 1
488 12 2
489 19 9
490 19 2
491 16 16
492 14 12
493 0 2
494 19 10
495 0 17
496 15 13
497 14 7
498 18 10
499 12 10
500 15 14
501 2 7
502 13 7
503 5 13
504 5 12
505 19 12
506 19 11
507 0 16
508 1 19
509 2 8
510 6 9
511 2 5
512 3 5
513 2 7
514 18 0
515 10 16
516 2 10
517 1 10
518 3 0
519 12 9
520 13 9
521 11 16
522 11 2
523 2 0
524 12 2
525 14 16
526 10 12
527 9 12
528 16 0
529 16 12
530 7 19
531 17 16
532 3 9
533 1 7
534 6 10
535 1 1
536 1 0
537 8 10
538 5 10
539 0 3
540 15 4
541 1 3
542 15 12
543 15 11
544 9 10
545 10 10
546 16 4
547 4 9
548 2 7
549 5 6
550 19 18
551 13 16
552 11 12
553 5 17
554 16 8
555 7 13
556 8 13
557 18 14
558 14 14
559 14 13
560 13 11
561 12 11
562 15 5
563 6 19
564 1 15
565 5 18
566 7 0
567 19 17
568 15 17
569 19 16
570 14 17
571 8 1
572 4 0
573 5 17
574 1 16
575 1 17
576 9 0
577 10 0
578 6 4
579 1 6
580 14 15
581 0 6
582 13 15
583 8 2
584 8 3
585 6 7
586 3 8
587 17 12
588 0 7
589 2 2
590 14 9
591 2 1
592 3 1
593 14 11
594 18 19
595 1 8
596 2 13
597 9 2
598 9 1
599 8 0
600 7 0
601 16 17
602 15 9
603 7 11
604 11 3
605 13 5
606 4 7
607 1 2
608 11 0
609 6 2
610 6 1
611 8 18
# colocadas=612 ocupadas=400 mayor=49
