0 13 9
1 19 0
2 14 6
3 0 8
4 18 6
5 10 10
6 14 18
7 12 15
8 12 17
9 10 5
10 5 11
11 18 10
12 8 16
13 18 9
14 19 4
15 18 11
16 13 0
17 16 7
18 8 14
19 15 6
20 14 6
21 14 5
22 8 13
23 14 6
24 8 14
25 1 12
26 5 9
27 15 7
28 1 3
29 12 0
30 13 0
31 6 8
32 6 11
33 5 11
34 6 12
35 7 12
36 7 6
37 8 15
38 8 14
39 12 18
40 12 17
41 10 18
42 13 19
43 11 7
44 5 15
45 1 10
46 0 9
47 0 8
48 0 12
49 1 12
50 14 4
51 19 16
52 8 6
53 14 3
54 6 13
55 3 5
56 12 19
57 11 18
58 11 15
59 15 18
60 14 18
61 12 15
62 19 6
63 18 6
64 7 14
65 8 14
66 10 18
67 10 6
68 2 19
69 12 1
70 10 3
71 11 19
72 13 3
73 12 19
74 11 17
75 18 0
76 19 0
77 12 17
78 13 2
79 12 6
80 7 8
81 2 12
82 2 18
83 2 19
84 17 4
85 17 7
86 16 7
87 0 11
88 10 19
89 16 6
90 2 11
91 0 7
92 0 8
93 0 12
94 14 19
95 0 10
96 19 7
97 8 17
98 8 16
99 13 19
100 1 4
101 14 2
102 19 1
103 9 6
104 19 0
105 13 2
106 18 7
107 1 3
108 11 19
109 19 6
110 14 17
111 18 6
112 14 18
113 0 6
114 8 6
115 7 15
116 13 17
117 7 6
118 6 11
119 1 10
120 2 12
121 1 12
122 8 15
123 8 14
124 3 6
125 6 12
126 16 5
127 14 0
128 15 6
129 16 4
130 14 6
131 13 0
132 17 3
133 14 5
134 0 7
135 14 6
136 19 2
137 0 8
138 1 18
139 10 9
140 10 10
141 2 4
142 12 16
143 2 13
144 11 1
145 11 5
146 12 17
147 17 0
148 1 7
149 2 12
150 11 10
151 13 8
152 19 15
153 14 4
154 11 18
155 0 7
156 13 16
157 2 11
158 14 17
159 13 9
160 10 5
161 16 6
162 2 12
163 0 8
164 10 10
165 19 3
166 10 17
167 2 11
168 0 13
169 6 11
170 17 4
171 14 2
172 17 11
173 17 3
174 14 18
175 9 5
176 18 11
177 10 18
178 17 10
179 19 8
180 9 10
181 19 4
182 1 4
183 13 2
184 18 10
185 2 18
186 17 10
187 2 12
188 15 6
189 14 6
190 17 7
191 10 10
192 9 6
193 0 5
194 7 7
195 11 16
196 9 17
197 8 17
198 14 3
199 1 5
200 13 4
201 18 10
202 7 8
203 9 14
204 16 7
205 7 7
206 9 16
207 8 16
208 11 5
209 13 17
210 9 17
211 16 5
212 17 4
213 10 5
214 5 12
215 14 17
216 14 1
217 5 11
218 13 18
219 0 5
220 8 14
221 10 15
222 12 16
223 13 19
224 2 4
225 11 15
226 10 2
227 8 7
228 5 10
229 13 18
230 18 3
231 10 17
232 17 1
233 17 10
234 14 18
235 17 0
236 12 15
237 10 18
238 1 4
239 1 13
240 11 9
241 0 12
242 3 5
243 19 5
244 5 11
245 6 12
246 14 8
247 1 8
248 1 9
249 4 10
250 13 3
251 0 8
252 19 7
253 4 12
254 17 11
255 11 11
256 17 3
257 13 8
258 2 7
259 16 6
260 0 11
261 19 6
262 9 13
263 0 12
264 19 3
265 19 16
266 1 5
267 14 5
268 18 12
269 1 14
270 13 17
271 16 7
272 3 6
273 5 10
274 17 1
275 14 6
276 17 4
277 11 17
278 15 19
279 1 13
280 1 10
281 18 7
282 17 0
283 11 4
284 15 8
285 12 14
286 0 6
287 1 3
288 12 4
289 12 15
290 15 6
291 15 18
292 13 9
293 17 6
294 2 8
295 0 5
296 0 7
297 18 6
298 6 11
299 14 6
300 10 9
301 5 11
302 13 18
303 9 15
304 1 4
305 18 11
306 1 14
307 10 7
308 8 15
309 19 15
310 3 5
311 19 7
312 14 18
313 15 7
314 8 6
315 18 2
316 14 16
317 6 15
318 16 18
319 18 3
320 8 13
321 13 4
322 16 7
323 12 17
324 1 17
325 9 6
326 3 7
327 2 11
328 1 5
329 8 6
330 2 7
331 9 16
332 14 17
333 11 17
334 11 18
335 14 2
336 9 15
337 18 5
338 17 3
339 7 11
340 9 16
341 10 3
342 16 4
343 10 10
344 18 0
345 10 17
346 11 10
347 12 4
348 19 16
349 11 14
350 1 18
351 19 0
352 17 11
353 7 8
354 0 8
355 11 8
356 1 8
357 10 10
358 6 14
359 8 8
360 2 19
361 2 18
362 9 18
363 4 13
364 14 4
365 8 16
366 10 14
367 19 8
368 19 7
369 0 8
370 2 19
371 12 18
372 18 6
373 2 8
374 7 6
375 1 13
376 17 9
377 11 4
378 17 6
379 2 3
380 9 16
381 8 12
382 17 7
383 11 17
384 11 9
385 18 7
386 10 2
387 18 9
388 9 13
389 12 4
390 15 16
391 7 12
392 7 11
393 10 15
394 10 19
395 18 3
396 11 13
397 12 17
398 7 15
399 12 7
400 12 11
401 11 17
402 12 17
403 2 18
404 13 2
405 13 3
406 10 14
407 10 9
408 13 17
409 12 6
410 18 11
411 17 4
412 3 4
413 3 6
414 15 7
415 11 14
416 8 16
417 16 4
418 0 5
419 12 2
420 14 0
421 13 19
422 16 6
423 11 17
424 1 8
425 7 12
426 16 7
427 10 10
428 0 8
429 18 10
430 7 10
431 9 16
432 18 2
433 15 6
434 15 18
435 15 1
436 14 6
437 17 1
438 11 15
439 18 9
440 19 3
441 12 1
442 18 6
443 9 10
444 12 13
445 16 19
446 0 14
447 17 4
448 8 9
449 17 11
450 12 19
451 15 19
452 17 0
453 10 9
454 8 7
455 7 13
456 1 17
457 9 15
458 10 10
459 19 4
460 18 11
461 11 1
462 12 17
463 13 0
464 11 17
465 8 8
466 16 1
467 10 14
468 14 5
469 12 0
470 19 5
471 6 13
472 4 12
473 10 15
474 9 9
475 12 1
476 13 14
477 1 3
478 14 6
479 13 4
480 16 2
481 11 16
482 2 12
483 15 5
484 17 10
485 11 9
486 3 11
487 10 14
488 8 6
489 7 5
490 1 7
491 6 14
492 7 9
493 14 17
494 18 10
495 19 6
496 3 3
497 11 1
498 16 4
499 9 17
500 15 18
501 13 2
502 10 18
503 11 15
504 10 9
505 18 9
506 18 10
507 6 8
508 10 6
509 13 3
510 4 13
511 18 6
512 11 5
513 0 10
514 13 2
515 14 3
516 8 13
517 7 16
518 12 16
519 14 8
520 19 6
521 3 4
522 7 6
523 7 15
524 9 16
525 2 9
526 12 1
527 1 12
528 14 18
529 17 10
530 1 8
531 3 10
532 19 15
533 1 10
534 10 15
535 17 11
536 12 17
537 19 8
538 2 19
539 0 11
540 15 15
541 0 12
542 6 13
543 9 19
544 10 8
545 12 8
546 13 18
547 12 12
548 13 3
549 8 6
550 8 12
551 15 2
552 10 17
553 7 8
554 19 16
555 6 14
556 15 14
557 17 6
558 8 9
559 9 9
560 11 19
561 1 14
562 11 18
563 9 6
564 5 8
565 6 8
566 11 13
567 0 11
568 14 1
569 9 18
570 10 7
571 9 14
572 14 3
573 12 15
574 12 14
575 14 19
576 16 2
577 13 0
578 5 15
579 8 16
580 18 6
581 9 17
582 0 7
583 12 4
584 13 4
585 10 9
586 19 15
587 15 19
588 3 11
589 10 5
590 9 15
591 8 19
592 11 10
593 11 15
594 10 18
595 6 13
596 0 8
597 14 5
598 17 19
599 12 13
600 17 7
601 8 17
602 9 16
603 12 15
604 11 4
605 0 10
606 13 17
607 12 4
608 11 13
609 8 16
610 0 6
611 12 0
612 13 19
613 11 1
614 1 18
615 17 9
616 0 7
617 18 3
618 15 2
619 10 10
620 6 11
621 8 13
622 16 7
623 15 18
624 15 1
625 16 5
626 17 3
627 3 10
628 14 17
629 15 19
630 0 12
631 15 2
632 7 8
633 14 0
634 11 9
635 17 7
636 10 9
637 19 2
638 8 14
639 15 6
640 17 1
641 6 8
642 12 1
643 3 7
644 8 13
645 9 18
646 11 15
647 1 13
648 6 5
649 10 1
650 11 4
651 12 4
652 7 12
653 13 4
654 16 7
655 6 15
656 12 11
657 5 11
658 0 8
659 10 0
660 19 3
661 13 3
662 14 4
663 1 11
664 18 9
665 8 12
666 15 8
667 13 8
668 11 8
669 11 10
670 10 18
671 1 9
672 17 10
673 11 7
674 4 12
675 13 0
676 1 6
677 2 4
678 12 15
679 2 7
680 12 4
681 1 5
682 15 7
683 1 17
684 3 11
685 19 16
686 18 10
687 1 18
688 9 17
689 5 8
690 8 6
691 19 7
692 8 15
693 12 16
694 8 17
695 3 2
696 10 16
697 3 7
698 6 14
699 3 10
700 1 12
701 8 14
702 8 16
703 18 4
704 12 15
705 10 1
706 6 8
707 17 0
708 17 11
709 19 4
710 3 11
711 12 12
712 16 19
713 10 6
714 16 2
715 13 4
716 9 10
717 11 16
718 18 0
719 7 7
720 2 18
721 7 15
722 7 5
723 18 11
724 10 3
725 14 2
726 11 5
727 8 8
728 17 4
729 7 12
730 8 15
731 18 3
732 1 4
733 8 17
734 12 18
735 12 4
736 15 2
737 10 2
738 1 11
739 1 5
740 9 16
741 14 5
742 11 18
743 2 7
744 9 19
745 9 14
746 19 5
747 11 15
748 1 12
749 8 9
750 6 13
751 19 6
752 9 12
753 14 19
754 1 10
755 12 15
756 9 3
757 13 17
758 9 5
759 3 10
760 19 0
761 12 0
762 16 1
763 17 7
764 10 15
765 10 5
766 12 7
767 13 14
768 10 10
769 14 17
770 3 5
771 7 14
772 9 6
773 3 6
774 7 8
775 8 12
776 15 18
777 1 4
778 8 16
779 0 7
780 13 19
781 16 4
782 7 6
783 5 15
784 16 9
785 17 19
786 7 17
787 15 8
788 13 4
789 11 4
790 0 5
791 13 18
792 17 9
793 5 8
794 19 15
795 15 1
796 13 0
797 12 4
798 14 18
799 7 19
800 1 3
801 10 3
802 1 5
803 8 7
804 18 2
805 3 5
806 15 15
807 6 5
808 6 11
809 7 7
810 8 14
811 11 0
812 8 8
813 3 1
814 9 18
815 14 3
816 15 14
817 1 4
818 15 7
819 15 19
820 7 5
821 1 11
822 7 8
823 12 11
824 8 19
825 1 9
826 3 2
827 1 12
828 6 5
829 19 16
830 11 10
831 4 13
832 17 10
833 10 18
834 9 18
835 10 18
836 3 7
837 11 4
838 2 10
839 5 11
840 1 10
841 3 6
842 10 10
843 16 2
844 15 18
845 2 11
846 19 1
847 11 15
848 11 8
849 15 15
850 8 3
851 8 6
852 12 18
853 3 5
854 18 10
855 1 3
856 12 17
857 12 4
858 14 6
859 0 6
860 17 11
861 6 14
862 17 4
863 9 6
864 12 12
865 14 8
866 10 17
867 10 6
868 11 7
869 9 13
870 1 17
871 10 2
872 8 17
873 6 9
874 8 13
875 7 19
876 8 4
877 18 7
878 12 6
879 15 2
880 19 4
881 18 3
882 17 1
883 3 11
884 11 9
885 8 6
886 4 12
887 1 4
888 9 13
889 15 19
890 13 8
891 3 1
892 12 19
893 10 18
894 18 5
895 9 5
896 14 4
897 11 10
898 14 1
899 4 13
900 8 19
901 19 15
902 6 17
903 16 3
904 15 1
905 5 9
906 7 18
907 12 7
908 11 9
909 1 3
910 2 6
911 9 16
912 17 3
913 12 0
914 1 14
915 12 18
916 1 13
917 15 18
918 8 16
919 11 1
920 18 6
921 3 6
922 11 18
923 19 7
924 13 17
925 0 10
926 7 6
927 2 19
928 9 17
929 8 13
930 1 4
931 10 5
932 19 5
933 7 12
934 12 1
935 6 13
936 13 4
937 2 7
938 8 14
939 10 14
940 10 6
941 3 4
942 2 13
943 19 2
944 1 7
945 6 15
946 2 12
947 7 5
948 10 9
949 9 6
950 1 6
951 9 5
952 18 2
953 8 17
954 14 17
955 6 14
956 6 18
957 8 12
958 8 16
959 9 10
960 2 13
961 19 16
962 10 10
963 18 11
964 3 5
965 15 14
966 14 5
967 11 17
968 12 0
969 3 2
970 12 11
971 9 15
972 3 1
973 19 4
974 6 8
975 9 6
976 18 10
977 3 7
978 10 7
979 2 12
980 8 17
981 13 6
982 10 15
983 5 5
984 8 13
985 12 2
986 10 17
987 3 10
988 6 13
989 15 8
990 10 18
991 18 3
992 11 18
993 18 7
994 11 8
995 19 3
996 2 13
997 16 2
998 7 7
999 12 1
1000 19 7
1001 2 12
1002 10 18
1003 12 14
1004 8 8
1005 4 12
1006 13 2
1007 16 9
1008 1 14
1009 1 13
1010 7 6
1011 17 7
1012 8 16
1013 11 9
1014 13 18
1015 9 13
1016 3 6
1017 0 11
1018 1 14
1019 16 4
1020 4 13
1021 12 17
1022 8 15
1023 0 12
1024 17 4
1025 7 8
1026 8 14
1027 10 9
1028 3 4
1029 8 15
1030 12 18
1031 10 6
1032 8 13
1033 18 8
1034 2 6
1035 14 18
1036 19 5
1037 10 5
1038 15 2
1039 0 9
1040 3 3
1041 19 4
1042 3 7
1043 6 14
1044 19 8
1045 3 6
1046 14 1
1047 11 16
1048 9 19
1049 11 1
1050 1 11
1051 11 7
1052 8 7
1053 6 8
1054 0 5
1055 19 6
1056 15 15
1057 8 19
1058 8 14
1059 8 3
1060 17 0
1061 7 8
1062 0 6
1063 8 4
1064 3 2
1065 8 6
1066 0 5
1067 13 14
1068 1 12
1069 14 6
1070 16 19
1071 3 8
1072 12 9
1073 8 15
1074 7 5
1075 18 11
1076 12 1
1077 3 4
1078 10 10
1079 3 11
1080 11 9
1081 17 19
1082 10 1
1083 13 17
1084 8 14
1085 19 2
1086 16 6
1087 2 18
1088 1 5
1089 11 1
1090 2 19
1091 19 3
1092 10 3
1093 3 7
1094 18 7
1095 6 5
1096 0 11
1097 14 4
1098 7 6
1099 10 6
1100 10 2
1101 19 7
1102 15 7
1103 7 5
1104 2 13
1105 13 3
1106 14 8
1107 2 12
1108 4 12
1109 8 12
1110 17 7
1111 6 11
1112 9 16
1113 18 10
1114 2 18
1115 12 4
1116 6 7
1117 1 18
1118 6 13
1119 12 14
1120 10 1
1121 15 8
1122 11 18
1123 8 7
1124 8 17
1125 13 0
1126 0 8
1127 8 8
1128 3 1
1129 8 13
1130 13 2
1131 11 5
1132 8 12
1133 17 3
1134 9 17
1135 7 8
1136 4 8
1137 7 15
1138 12 12
1139 19 15
1140 2 6
1141 5 8
1142 10 7
1143 9 19
1144 8 17
1145 18 9
1146 0 10
1147 7 17
1148 11 15
1149 0 12
1150 1 12
1151 18 10
1152 0 13
1153 0 11
1154 14 8
1155 10 17
1156 12 11
1157 0 12
1158 1 13
1159 0 11
1160 15 14
1161 13 4
1162 10 5
1163 13 18
1164 18 11
1165 2 19
1166 7 13
1167 2 12
1168 3 2
1169 17 9
1170 0 10
1171 4 13
1172 4 12
1173 4 9
1174 5 10
1175 2 11
1176 18 8
1177 16 7
1178 5 9
1179 2 12
1180 6 8
1181 19 16
1182 10 2
1183 10 18
1184 11 19
1185 13 8
1186 5 15
1187 14 5
1188 18 2
1189 15 15
1190 3 6
1191 8 15
1192 11 17
1193 16 19
1194 8 6
1195 12 16
1196 8 16
1197 11 18
1198 15 14
1199 19 8
# colocadas=1200 ocupadas=107 mayor=111
