0 13 6
1 8 15
2 13 0
3 5 7
4 15 0
5 15 1
6 15 0
7 8 3
8 9 3
9 8 3
10 13 7
11 13 6
12 13 5
13 14 0
14 12 0
15 13 0
16 13 6
17 12 0
18 13 0
19 9 3
20 13 4
21 8 3
22 11 10
23 9 3
24 15 0
25 14 4
26 12 0
27 11 11
28 13 5
29 5 6
30 8 3
31 13 4
32 11 10
33 15 1
34 11 11
35 13 6
36 13 0
37 11 10
38 5 7
39 9 3
40 8 3
41 5 6
42 11 11
43 14 4
44 13 4
45 13 5
46 13 6
47 5 7
48 8 16
49 12 0
50 12 5
51 13 7
52 13 6
53 14 4
54 13 0
55 13 7
56 8 15
57 13 6
58 13 7
59 5 6
60 12 0
61 9 3
62 13 0
63 11 5
64 13 6
65 13 4
66 5 7
67 11 10
68 5 6
69 8 3
70 5 7
71 15 0
72 11 11
73 8 16
74 8 15
75 11 10
76 9 3
77 11 11
78 14 4
79 13 4
80 5 6
81 13 7
82 11 0
83 5 7
84 10 0
85 11 0
86 11 10
87 8 3
88 11 6
89 11 11
90 5 6
91 15 1
92 15 0
93 5 7
94 5 6
95 13 6
96 13 7
97 12 0
98 8 16
99 8 15
100 8 16
101 13 6
102 11 5
103 11 6
104 9 3
105 11 10
106 8 3
107 11 5
108 13 0
109 9 3
110 15 1
111 12 0
112 15 0
113 8 15
114 14 4
115 8 3
116 15 1
117 5 7
118 5 6
119 13 0
120 8 16
121 11 6
122 11 11
123 12 0
124 11 10
125 15 0
126 13 7
127 13 6
128 5 7
129 11 5
130 11 6
131 15 1
132 13 0
133 10 0
134 12 0
135 5 6
136 8 15
137 15 0
138 13 0
139 8 16
140 15 1
141 13 7
142 5 7
143 11 11
144 13 4
145 11 10
146 11 11
147 11 10
148 12 0
149 11 0
150 15 0
151 9 3
152 8 15
153 8 16
154 10 0
155 11 0
156 8 15
157 13 6
158 5 6
159 11 5
160 11 11
161 8 3
162 8 16
163 9 3
164 8 15
165 8 3
166 9 3
167 10 0
168 11 10
169 13 0
170 15 1
171 11 11
172 13 7
173 11 0
174 8 3
175 11 10
176 12 0
177 13 0
178 14 4
179 13 4
180 11 6
181 15 0
182 12 0
183 13 6
184 11 11
185 11 10
186 8 16
187 13 0
188 15 1
189 11 5
190 12 0
191 11 6
192 15 0
193 11 11
194 13 7
195 11 10
196 9 3
197 11 11
198 8 15
199 13 6
200 8 3
201 15 1
202 14 4
203 5 7
204 11 10
205 8 16
206 10 0
207 5 6
208 13 7
209 11 11
210 11 10
211 11 0
212 5 7
213 11 11
214 13 4
215 9 3
216 15 0
217 11 5
218 11 10
219 11 11
220 5 6
221 5 7
222 5 6
223 5 7
224 8 3
225 9 3
226 13 0
227 10 0
228 8 15
229 13 6
230 11 10
231 11 6
232 5 6
233 8 16
234 12 0
235 11 5
236 14 4
237 13 4
238 14 4
239 11 11
240 5 7
241 11 0
242 11 6
243 13 4
244 8 15
245 11 10
246 14 4
247 13 4
248 10 0
249 5 6
250 13 0
251 14 4
252 15 1
253 15 0
254 12 0
255 8 3
256 13 4
257 13 0
258 11 0
259 14 4
260 11 11
261 10 0
262 12 0
263 13 7
264 13 4
265 14 4
266 13 0
267 9 3
268 11 5
269 8 3
270 11 10
271 13 4
272 11 6
273 8 16
274 11 5
275 5 7
276 12 0
277 5 6
278 14 4
279 11 6
280 15 1
281 13 4
282 15 0
283 11 0
284 8 15
285 11 11
286 10 0
287 9 3
288 14 4
289 11 5
290 13 0
291 11 10
292 8 3
293 15 1
294 9 3
295 12 0
296 11 0
297 13 0
298 11 11
299 8 16
300 15 0
301 8 15
302 10 0
303 12 0
304 11 10
305 5 7
306 13 4
307 11 0
308 10 0
309 8 16
310 11 11
311 11 10
312 8 15
313 11 0
314 13 6
315 8 3
316 13 7
317 11 6
318 13 6
319 14 4
320 11 5
321 13 4
322 13 7
323 9 3
324 11 6
325 11 11
326 13 6
327 13 0
328 15 1
329 8 3
330 10 0
331 8 16
332 11 5
333 12 0
334 5 6
335 13 0
336 12 0
337 13 0
338 5 7
339 9 3
340 11 10
341 5 6
342 11 11
343 11 6
344 11 0
345 8 15
346 15 0
347 11 5
348 11 6
349 15 1
350 10 0
351 5 7
352 8 3
353 11 5
354 15 0
355 13 7
356 8 16
357 9 3
358 8 15
359 5 6
360 11 0
361 5 7
362 15 1
363 12 0
364 13 6
365 5 6
366 5 7
367 11 6
368 14 4
369 8 3
370 15 0
371 11 5
372 10 0
373 11 10
374 13 4
375 11 11
376 15 1
377 15 0
378 11 10
379 11 11
380 5 6
381 11 0
382 15 1
383 11 6
384 5 7
385 9 3
386 8 16
387 13 7
388 14 4
389 13 4
390 5 6
391 11 10
392 13 0
393 13 6
394 15 0
395 11 5
396 10 0
397 8 15
398 5 7
399 11 11
400 11 6
401 15 1
402 11 5
403 15 0
404 15 1
405 8 3
406 11 6
407 9 3
408 5 6
409 11 0
410 12 0
411 11 10
412 13 0
413 12 0
414 11 5
415 11 6
416 8 3
417 8 16
418 13 7
419 13 0
420 12 0
421 9 3
422 8 15
423 8 3
424 9 3
425 15 0
426 11 11
427 5 7
428 13 6
429 13 7
430 10 0
431 14 4
432 8 3
433 15 1
434 5 6
435 9 3
436 8 16
437 13 0
438 13 6
439 8 3
440 11 10
441 9 3
442 13 4
443 15 0
444 8 15
445 14 4
446 11 11
447 8 3
448 13 7
449 13 4
450 13 6
451 9 3
452 8 16
453 8 3
454 12 0
455 11 5
456 11 0
457 13 7
458 10 0
459 13 6
460 11 6
461 13 0
462 14 4
463 15 1
464 11 5
465 9 3
466 8 15
467 12 0
468 8 3
469 15 0
470 13 7
471 9 3
472 13 0
473 11 0
474 12 0
475 11 10
476 13 6
477 8 3
478 13 0
479 10 0
480 15 1
481 13 4
482 13 7
483 11 0
484 12 0
485 11 11
486 11 10
487 13 0
488 5 7
489 14 4
490 12 0
491 13 0
492 13 6
493 11 11
494 5 6
495 11 10
496 13 4
497 15 0
498 11 6
499 9 3
500 11 11
501 14 4
502 8 16
503 11 5
504 8 15
505 15 1
506 15 0
507 11 10
508 12 0
509 15 1
510 8 3
511 10 0
512 11 6
513 13 0
514 11 11
515 12 0
516 13 4
517 5 7
518 14 4
519 13 0
520 11 5
521 8 16
522 13 7
523 13 4
524 12 0
525 14 4
526 9 3
527 13 0
528 11 10
529 15 0
530 13 4
531 5 6
532 11 0
533 13 6
534 12 0
535 15 1
536 11 11
537 11 6
538 10 0
539 5 7
540 15 0
541 11 10
542 8 15
543 11 5
544 11 6
545 14 4
546 11 5
547 15 1
548 11 6
549 11 5
550 5 6
551 8 3
552 13 7
553 11 11
554 11 0
555 15 0
556 11 10
557 10 0
558 11 6
559 15 1
560 11 11
561 11 0
562 13 0
563 13 6
564 8 16
565 13 7
566 11 10
567 8 15
568 11 11
569 10 0
570 8 16
571 11 0
572 9 3
573 8 3
574 5 7
575 9 3
576 11 5
577 12 0
578 10 0
579 11 10
580 13 6
581 11 11
582 11 0
583 15 0
584 5 6
585 11 6
586 11 5
587 13 4
588 5 7
589 14 4
590 8 3
591 13 4
592 13 0
593 5 6
594 13 7
595 14 4
596 8 15
597 13 6
598 11 10
599 13 4
600 5 7
601 8 16
602 8 15
603 8 16
604 14 4
605 5 6
606 10 0
607 11 6
608 13 4
609 11 0
610 11 5
611 13 7
612 12 0
613 9 3
614 10 0
615 8 15
616 11 0
617 10 0
618 11 6
619 15 1
620 8 16
621 8 3
622 11 5
623 9 3
624 11 0
625 11 6
626 11 11
627 11 10
628 14 4
629 13 6
630 8 15
631 13 7
632 5 7
633 8 3
634 13 4
635 11 5
636 10 0
637 11 0
638 13 0
639 8 16
640 12 0
641 13 6
642 13 0
643 8 15
644 11 6
645 13 7
646 12 0
647 10 0
648 5 6
649 5 7
650 9 3
651 5 6
652 11 11
653 13 0
654 12 0
655 13 0
656 15 0
657 8 3
658 15 1
659 9 3
660 15 0
661 5 7
662 15 1
663 8 16
664 8 3
665 9 3
666 11 0
667 14 4
668 11 5
669 12 0
670 8 3
671 9 3
672 10 0
673 5 6
674 11 0
675 8 15
676 10 0
677 8 3
678 13 0
679 13 6
680 9 3
681 11 6
682 12 0
683 11 5
684 8 3
685 9 3
686 15 0
687 11 0
688 15 1
689 8 3
690 13 7
691 11 6
692 13 4
693 13 6
694 14 4
695 11 10
696 11 5
697 5 7
698 5 6
699 5 7
700 13 4
701 13 0
702 10 0
703 11 11
704 12 0
705 8 16
706 13 7
707 8 15
708 15 0
709 13 6
710 14 4
711 15 1
712 11 10
713 15 0
714 8 16
715 8 15
716 13 7
717 9 3
718 11 0
719 5 6
720 8 16
721 15 1
722 13 4
723 8 15
724 10 0
725 13 6
726 11 6
727 15 0
728 8 3
729 15 1
730 8 16
731 15 0
732 13 7
733 11 5
734 15 1
735 11 0
736 15 0
737 11 6
738 14 4
739 11 5
740 15 1
741 8 15
742 11 11
743 11 6
744 13 0
745 13 6
746 11 5
747 13 4
748 9 3
749 13 7
750 8 16
751 8 3
752 15 0
753 5 7
754 15 1
755 8 15
756 10 0
757 15 0
758 8 16
759 8 15
760 11 10
761 11 0
762 11 6
763 14 4
764 10 0
765 11 5
766 13 4
767 5 6
768 11 0
769 15 1
770 11 11
771 13 6
772 13 7
773 11 6
774 13 6
775 9 3
776 11 5
777 8 16
778 13 7
779 12 0
780 13 0
781 8 3
782 13 6
783 8 15
784 11 6
785 5 7
786 9 3
787 8 16
788 15 0
789 11 5
790 10 0
791 13 7
792 11 10
793 13 6
794 11 6
795 8 15
796 5 6
797 11 0
798 8 16
799 5 7
800 8 15
801 15 1
802 14 4
803 11 5
804 11 6
805 11 11
806 11 10
807 13 4
808 11 11
809 12 0
810 11 5
811 13 0
812 13 7
813 12 0
814 8 16
815 5 6
816 13 0
817 10 0
818 8 15
819 5 7
820 11 0
821 12 0
822 10 0
823 13 6
824 13 7
825 8 3
826 11 0
827 14 4
828 13 0
829 15 0
830 8 16
831 5 6
832 13 6
833 5 7
834 11 6
835 11 10
836 11 11
837 13 7
838 5 6
839 9 3
840 11 5
841 8 15
842 11 10
843 10 0
844 11 0
845 15 1
846 8 3
847 9 3
848 13 6
849 13 7
850 12 0
851 15 0
852 8 16
853 10 0
854 13 4
855 11 6
856 11 5
857 13 6
858 11 11
859 15 1
860 13 7
861 8 15
862 11 0
863 8 3
864 8 16
865 5 7
866 11 10
867 11 11
868 14 4
869 13 6
870 15 0
871 13 0
872 12 0
873 15 1
874 13 0
875 5 6
876 13 7
877 15 0
878 11 6
879 8 15
880 13 4
881 14 4
882 8 16
883 5 7
884 10 0
885 5 6
886 9 3
887 8 3
888 5 7
889 9 3
890 11 10
891 12 0
892 13 0
893 8 3
894 8 15
895 12 0
896 15 1
897 13 0
898 11 11
899 11 10
900 9 3
901 8 3
902 12 0
903 15 0
904 13 6
905 5 6
906 5 7
907 13 0
908 12 0
909 13 0
910 5 6
911 12 0
912 13 7
913 11 0
914 13 6
915 13 7
916 10 0
917 5 7
918 13 4
919 15 1
920 13 6
921 8 16
922 13 0
923 12 0
924 11 0
925 11 5
926 13 7
927 13 0
928 8 15
929 11 11
930 9 3
931 12 0
932 5 6
933 13 0
934 11 6
935 5 7
936 11 10
937 13 6
938 8 3
939 5 6
940 11 5
941 13 7
942 8 16
943 10 0
944 5 7
945 11 6
946 8 15
947 9 3
948 8 3
949 14 4
950 11 0
951 11 5
952 5 6
953 11 11
954 11 10
955 13 4
956 10 0
957 11 11
958 12 0
959 13 0
960 11 6
961 9 3
962 5 7
963 11 0
964 14 4
965 13 6
966 13 4
967 15 0
968 15 1
969 14 4
970 11 5
971 10 0
972 15 0
973 15 1
974 13 7
975 11 10
976 8 3
977 13 6
978 9 3
979 11 0
980 10 0
981 12 0
982 11 0
983 8 3
984 13 7
985 10 0
986 11 6
987 11 11
988 13 4
989 8 16
990 13 6
991 5 6
992 8 15
993 11 5
994 11 6
995 15 0
996 11 10
997 8 16
998 9 3
999 14 4
1000 11 5
1001 11 11
1002 5 7
1003 11 10
1004 5 6
1005 15 1
1006 13 7
1007 8 3
1008 13 4
1009 11 6
1010 11 5
1011 13 0
1012 5 7
1013 5 6
1014 12 0
1015 11 11
1016 5 7
1017 9 3
1018 11 0
1019 13 0
1020 13 6
1021 11 10
1022 8 15
1023 11 11
1024 11 10
1025 10 0
1026 14 4
1027 13 4
1028 15 0
1029 15 1
1030 11 11
1031 12 0
1032 8 3
1033 11 6
1034 11 5
1035 13 7
1036 13 0
1037 12 0
1038 11 10
1039 14 4
1040 11 0
1041 13 6
1042 13 0
1043 10 0
1044 5 6
1045 8 16
1046 11 0
1047 11 6
1048 8 15
1049 13 7
1050 13 4
1051 9 3
1052 10 0
1053 13 6
1054 5 7
1055 11 0
1056 11 5
1057 11 11
1058 8 3
1059 12 0
1060 11 10
1061 13 7
1062 15 0
1063 8 16
1064 13 6
1065 15 1
1066 13 0
1067 11 6
1068 14 4
1069 8 15
1070 11 11
1071 15 0
1072 9 3
1073 10 0
1074 11 10
1075 13 4
1076 11 11
1077 5 6
1078 15 1
1079 15 0
1080 5 7
1081 8 16
1082 12 0
1083 14 4
1084 5 6
1085 11 5
1086 13 4
1087 11 0
1088 5 7
1089 8 15
1090 15 1
1091 13 7
1092 15 0
1093 13 6
1094 14 4
1095 5 6
1096 11 10
1097 15 1
1098 11 6
1099 5 7
1100 10 0
1101 13 4
1102 5 6
1103 11 5
1104 8 16
1105 8 3
1106 9 3
1107 11 0
1108 14 4
1109 11 11
1110 13 7
1111 15 0
1112 8 3
1113 5 7
1114 5 6
1115 13 6
1116 10 0
1117 13 0
1118 9 3
1119 12 0
1120 5 7
1121 11 10
1122 5 6
1123 5 7
1124 8 15
1125 11 0
1126 8 16
1127 8 3
1128 9 3
1129 13 7
1130 13 6
1131 11 6
1132 10 0
1133 11 11
1134 11 5
1135 11 6
1136 8 15
1137 15 1
1138 11 5
1139 11 10
1140 5 6
1141 8 16
1142 11 11
1143 11 6
1144 5 7
1145 13 7
1146 8 3
1147 13 0
1148 9 3
1149 13 4
1150 11 5
1151 13 6
1152 14 4
1153 13 7
1154 11 6
1155 8 15
1156 13 6
1157 11 10
1158 11 0
1159 13 4
1160 15 0
1161 5 6
1162 8 3
1163 12 0
1164 13 7
1165 14 4
1166 9 3
1167 8 3
1168 10 0
1169 11 0
1170 15 1
1171 13 4
1172 11 11
1173 15 0
1174 11 10
1175 8 16
1176 15 1
1177 5 7
1178 15 0
1179 15 1
1180 15 0
1181 13 6
1182 15 1
1183 11 5
1184 11 6
1185 9 3
1186 11 11
1187 14 4
1188 13 4
1189 8 3
1190 11 10
1191 11 11
1192 9 3
1193 15 0
1194 8 15
1195 8 3
1196 13 0
1197 10 0
1198 14 4
1199 12 0
# colocadas=1200 ocupadas=10 mayor=653
