0 12 17
1 24 11
2 5 18
3 2 15
4 24 4
5 19 23
6 5 12
7 4 29
8 25 23
9 2 1
10 1 12
11 7 23
12 5 6
13 6 25
14 13 13
15 7 17
16 20 1
17 7 24
18 7 23
19 12 15
20 22 24
21 23 24
22 22 24
23 20 14
24 21 12
25 24 19
26 8 1
27 6 15
28 28 14
29 24 21
30 3 12
31 16 25
32 28 26
33 7 3
34 6 6
35 5 6
36 4 28
37 4 29
38 6 23
39 7 23
40 17 2
41 23 26
42 25 2
43 7 16
44 29 26
45 22 26
46 5 29
47 8 0
48 4 29
49 7 17
50 12 16
51 1 11
52 12 17
53 1 12
54 11 15
55 3 13
56 12 15
57 28 13
58 12 16
59 8 1
60 3 12
61 23 11
62 24 11
63 12 15
64 24 23
65 25 23
66 28 14
67 28 26
68 23 26
69 3 13
70 3 12
71 13 23
72 22 19
73 5 28
74 22 25
75 5 1
76 29 12
77 24 5
78 17 27
79 12 0
80 13 12
81 24 20
82 28 25
83 6 28
84 6 24
85 5 29
86 28 12
87 23 21
88 4 29
89 10 15
90 2 16
91 25 22
92 4 18
93 5 18
94 24 24
95 2 13
96 27 13
97 2 15
98 23 12
99 25 5
100 3 16
101 16 24
102 1 13
103 25 23
104 22 26
105 6 16
106 23 24
107 20 2
108 1 12
109 22 23
110 12 12
111 8 24
112 20 1
113 5 17
114 5 18
115 22 24
116 6 15
117 24 21
118 16 25
119 19 14
120 19 22
121 2 12
122 8 0
123 28 26
124 7 24
125 19 23
126 21 25
127 13 17
128 1 12
129 21 24
130 12 17
131 25 20
132 7 23
133 6 5
134 24 20
135 20 14
136 9 24
137 21 23
138 24 19
139 6 17
140 7 17
141 8 1
142 11 15
143 9 1
144 3 17
145 8 1
146 8 24
147 23 26
148 21 24
149 10 24
150 11 17
151 5 28
152 18 23
153 4 17
154 24 22
155 19 23
156 20 23
157 7 28
158 9 0
159 5 16
160 12 17
161 5 2
162 4 28
163 19 23
164 2 16
165 2 15
166 4 29
167 23 11
168 13 16
169 25 21
170 22 25
171 25 1
172 2 2
173 13 12
174 24 11
175 2 1
176 2 12
177 28 25
178 28 13
179 3 16
180 6 16
181 25 2
182 1 12
183 21 13
184 6 6
185 6 28
186 13 17
187 29 14
188 10 0
189 12 17
190 16 23
191 3 17
192 25 1
193 9 0
194 13 13
195 21 12
196 5 17
197 0 12
198 5 18
199 22 24
200 13 11
201 23 20
202 1 12
203 0 13
204 7 15
205 21 25
206 22 26
207 17 1
208 16 22
209 8 28
210 6 15
211 20 22
212 24 24
213 6 5
214 21 13
215 13 22
216 7 28
217 19 1
218 1 14
219 20 1
220 4 16
221 28 26
222 10 25
223 7 24
224 1 15
225 3 16
226 12 18
227 2 15
228 6 6
229 24 23
230 22 18
231 6 5
232 8 0
233 4 17
234 6 6
235 12 17
236 2 14
237 19 22
238 28 14
239 2 15
240 23 24
241 13 12
242 23 21
243 29 25
244 25 24
245 10 1
246 25 23
247 5 6
248 20 23
249 13 13
250 8 16
251 29 26
252 11 16
253 24 10
254 9 0
255 22 24
256 2 16
257 4 15
258 4 19
259 3 2
260 7 5
261 28 13
262 4 18
263 0 11
264 7 16
265 20 3
266 6 16
267 22 22
268 10 15
269 13 14
270 5 1
271 0 12
272 16 21
273 19 24
274 24 11
275 0 14
276 3 17
277 24 23
278 10 0
279 2 15
280 8 3
281 19 23
282 22 23
283 6 26
284 10 24
285 13 23
286 7 3
287 7 14
288 7 15
289 6 25
290 13 18
291 2 2
292 17 28
293 8 0
294 5 18
295 1 11
296 12 16
297 4 16
298 19 15
299 3 16
300 5 28
301 3 13
302 8 14
303 5 27
304 24 26
305 5 29
306 22 11
307 4 2
308 25 22
309 29 27
310 6 27
311 13 13
312 9 0
313 8 28
314 2 1
315 23 20
316 2 17
317 1 12
318 3 19
319 23 26
320 24 20
321 11 12
322 22 20
323 8 2
324 1 15
325 10 0
326 4 14
327 3 17
328 18 1
329 25 19
330 10 25
331 24 22
332 7 27
333 12 17
334 20 2
335 19 22
336 8 17
337 11 15
338 2 2
339 13 17
340 2 1
341 29 26
342 14 16
343 20 3
344 24 24
345 19 14
346 2 2
347 2 13
348 6 5
349 12 17
350 4 6
351 7 28
352 28 14
353 28 25
354 25 25
355 24 23
356 2 15
357 5 17
358 7 29
359 4 29
360 25 23
361 23 24
362 1 10
363 1 11
364 0 10
365 12 11
366 16 22
367 20 15
368 5 28
369 5 18
370 10 24
371 1 14
372 21 24
373 9 0
374 25 26
375 5 6
376 23 11
377 4 28
378 2 1
379 29 15
380 5 29
381 3 13
382 11 11
383 4 19
384 22 24
385 14 15
386 4 6
387 13 16
388 6 24
389 28 26
390 6 23
391 19 1
392 5 14
393 4 18
394 4 20
395 16 24
396 20 14
397 29 12
398 8 13
399 22 19
400 24 11
401 5 11
402 5 18
403 24 19
404 13 22
405 17 27
406 7 23
407 19 23
408 5 2
409 0 14
410 6 17
411 20 22
412 4 19
413 24 5
414 25 20
415 14 14
416 13 17
417 24 4
418 6 15
419 4 17
420 12 16
421 1 17
422 7 28
423 4 2
424 20 15
425 28 13
426 21 18
427 21 23
428 7 17
429 6 28
430 3 20
431 16 21
432 1 14
433 20 2
434 5 6
435 13 14
436 25 6
437 22 18
438 12 12
439 20 3
440 8 18
441 28 12
442 10 15
443 5 12
444 4 14
445 10 0
446 6 25
447 22 23
448 24 20
449 0 17
450 13 0
451 20 2
452 12 18
453 25 2
454 1 13
455 26 25
456 1 12
457 25 25
458 29 26
459 20 23
460 25 1
461 29 14
462 16 22
463 10 25
464 11 15
465 24 21
466 12 17
467 21 3
468 12 19
469 26 26
470 21 12
471 25 26
472 2 2
473 20 1
474 5 11
475 3 12
476 26 25
477 17 28
478 8 19
479 21 13
480 14 15
481 25 5
482 11 12
483 8 1
484 19 23
485 25 25
486 10 24
487 7 28
488 3 21
489 13 23
490 28 14
491 3 18
492 4 18
493 28 26
494 25 22
495 20 3
496 7 16
497 16 25
498 20 2
499 18 24
500 12 15
501 6 6
502 0 13
503 8 0
504 13 17
505 3 13
506 5 2
507 11 11
508 5 18
509 23 11
510 16 21
511 11 19
512 29 27
513 1 13
514 26 23
515 25 23
516 5 14
517 12 19
518 29 26
519 5 12
520 7 17
521 13 16
522 13 22
523 16 24
524 25 2
525 24 22
526 5 6
527 3 2
528 6 6
529 24 23
530 0 9
531 8 3
532 9 0
533 25 23
534 10 25
535 19 22
536 14 14
537 2 13
538 28 13
539 8 1
540 24 6
541 4 18
542 8 20
543 7 16
544 21 19
545 20 14
546 28 25
547 24 12
548 24 11
549 13 17
550 24 5
551 4 14
552 28 14
553 25 19
554 8 19
555 3 19
556 13 13
557 5 23
558 1 15
559 5 24
560 23 23
561 24 3
562 20 1
563 19 1
564 1 14
565 12 18
566 1 11
567 7 15
568 7 24
569 9 13
570 3 15
571 23 12
572 12 17
573 1 13
574 4 2
575 25 6
576 13 23
577 24 4
578 11 15
579 6 15
580 1 12
581 23 21
582 19 23
583 24 19
584 4 19
585 24 3
586 5 5
587 5 6
588 23 11
589 22 22
590 21 3
591 24 23
592 20 3
593 24 21
594 13 18
595 21 3
596 1 9
597 26 25
598 19 15
599 17 2
600 29 14
601 24 20
602 20 1
603 8 13
604 8 27
605 9 13
606 13 17
607 19 14
608 5 14
609 28 14
610 0 9
611 6 23
612 7 15
613 24 10
614 3 13
615 17 27
616 9 2
617 6 6
618 4 29
619 25 25
620 1 9
621 19 22
622 2 15
623 25 1
624 22 19
625 5 1
626 13 16
627 20 15
628 23 24
629 5 6
630 12 14
631 4 14
632 24 21
633 24 4
634 3 22
635 5 28
636 6 15
637 24 18
638 7 23
639 0 9
640 24 22
641 28 26
642 13 22
643 24 23
644 20 21
645 21 12
646 1 14
647 8 28
648 7 28
649 2 1
650 12 15
651 20 14
652 19 23
653 25 3
654 4 7
655 29 14
656 19 15
657 4 28
658 28 14
659 25 2
660 25 23
661 13 14
662 13 13
663 22 24
664 13 17
665 24 19
666 13 12
667 0 15
668 13 23
669 11 12
670 3 18
671 25 22
672 4 29
673 17 1
674 2 22
675 6 24
676 4 28
677 12 0
678 7 17
679 4 18
680 1 17
681 25 23
682 20 3
683 20 2
684 20 1
685 5 14
686 23 24
687 11 19
688 12 11
689 16 25
690 24 11
691 7 3
692 20 2
693 24 24
694 11 14
695 3 19
696 8 13
697 10 0
698 11 11
699 21 13
700 6 6
701 25 10
702 19 14
703 3 12
704 5 11
705 6 16
706 23 23
707 3 16
708 1 9
709 5 6
710 29 27
711 20 22
712 0 14
713 22 26
714 9 0
715 24 20
716 18 23
717 11 13
718 6 17
719 2 2
720 4 6
721 2 17
722 21 23
723 6 28
724 29 26
725 17 28
726 3 22
727 7 17
728 24 23
729 29 15
730 22 23
731 25 22
732 6 15
733 23 26
734 2 16
735 4 14
736 1 15
737 13 0
738 20 0
739 24 19
740 11 15
741 8 20
742 10 0
743 21 12
744 13 13
745 9 13
746 24 18
747 6 16
748 28 26
749 5 2
750 25 5
751 7 16
752 25 26
753 25 25
754 13 16
755 6 14
756 7 24
757 8 13
758 5 6
759 23 24
760 12 19
761 25 23
762 24 10
763 29 12
764 3 17
765 7 28
766 6 15
767 24 19
768 22 24
769 5 17
770 12 16
771 5 18
772 2 15
773 21 13
774 20 15
775 0 17
776 16 24
777 8 0
778 13 14
779 17 27
780 20 1
781 11 12
782 2 16
783 16 25
784 17 2
785 10 24
786 10 25
787 2 17
788 16 24
789 13 22
790 11 11
791 19 1
792 4 24
793 20 1
794 7 17
795 2 1
796 7 16
797 11 12
798 20 23
799 11 19
800 18 1
801 14 14
802 24 5
803 4 19
804 21 23
805 26 26
806 21 19
807 5 17
808 25 26
809 2 22
810 3 6
811 11 11
812 9 27
813 13 18
814 22 26
815 20 14
816 13 14
817 24 20
818 18 24
819 11 16
820 3 17
821 21 12
822 12 0
823 29 26
824 25 6
825 22 19
826 13 17
827 26 26
828 1 17
829 25 26
830 24 4
831 22 12
832 24 11
833 19 22
834 23 21
835 5 14
836 24 23
837 24 19
838 5 12
839 11 12
840 8 27
841 5 11
842 3 13
843 17 28
844 19 14
845 20 14
846 14 18
847 14 16
848 28 26
849 13 18
850 2 15
851 10 24
852 23 26
853 19 15
854 3 7
855 10 25
856 2 16
857 5 18
858 23 11
859 29 26
860 0 9
861 17 1
862 17 2
863 4 18
864 3 16
865 19 14
866 24 20
867 6 6
868 26 26
869 13 13
870 19 0
871 20 2
872 21 13
873 3 19
874 24 11
875 16 22
876 26 10
877 12 17
878 7 23
879 24 19
880 5 18
881 3 2
882 10 27
883 24 21
884 28 13
885 3 14
886 23 24
887 6 28
888 5 1
889 5 2
890 4 17
891 1 13
892 10 2
893 21 19
894 25 10
895 20 1
896 6 17
897 9 2
898 16 21
899 5 28
900 22 26
901 20 23
902 19 1
903 25 0
904 13 16
905 4 12
906 0 17
907 7 18
908 13 23
909 25 1
910 5 1
911 11 11
912 22 19
913 20 14
914 17 1
915 13 17
916 22 22
917 11 12
918 25 20
919 5 12
920 3 24
921 24 5
922 22 23
923 1 12
924 5 6
925 4 18
926 8 19
927 26 2
928 28 14
929 10 2
930 21 24
931 12 12
932 5 24
933 4 7
934 7 24
935 21 12
936 4 28
937 25 2
938 12 19
939 11 17
940 4 14
941 12 17
942 17 2
943 9 0
944 25 1
945 11 18
946 20 12
947 7 17
948 29 27
949 12 11
950 3 17
951 1 14
952 6 6
953 13 12
954 19 14
955 24 10
956 3 23
957 20 15
958 3 7
959 20 14
960 2 17
961 16 25
962 25 5
963 22 24
964 13 0
965 8 3
966 9 27
967 27 10
968 19 2
969 21 23
970 3 17
971 10 26
972 5 2
973 28 12
974 3 6
975 29 26
976 5 6
977 23 26
978 10 0
979 29 27
980 11 11
981 9 0
982 17 1
983 25 10
984 2 13
985 24 4
986 19 23
987 5 1
988 1 17
989 3 7
990 24 10
991 24 5
992 6 16
993 20 2
994 28 13
995 18 23
996 4 19
997 11 17
998 10 0
999 19 1
1000 29 26
1001 25 5
1002 9 0
1003 19 15
1004 22 23
1005 19 14
1006 16 24
1007 22 22
1008 16 22
1009 0 15
1010 22 26
1011 16 25
1012 12 11
1013 3 24
1014 6 24
1015 12 15
1016 4 18
1017 4 12
1018 3 23
1019 2 16
1020 24 20
1021 5 17
1022 3 22
1023 1 13
1024 25 2
1025 24 5
1026 24 24
1027 20 0
1028 2 22
1029 13 17
1030 6 25
1031 29 12
1032 2 17
1033 23 24
1034 7 15
1035 11 19
1036 1 11
1037 3 18
1038 21 19
1039 25 19
1040 21 12
1041 11 11
1042 3 17
1043 24 19
1044 28 26
1045 5 14
1046 9 2
1047 11 13
1048 21 13
1049 4 14
1050 8 27
1051 23 20
1052 4 2
1053 25 24
1054 1 12
1055 13 14
1056 29 26
1057 22 19
1058 12 16
1059 8 1
1060 14 15
1061 7 16
1062 5 18
1063 4 6
1064 21 23
1065 9 27
1066 22 23
1067 20 1
1068 11 16
1069 20 23
1070 3 22
1071 6 15
1072 5 17
1073 19 15
1074 5 18
1075 21 12
1076 25 26
1077 4 18
1078 23 22
1079 19 14
1080 24 20
1081 14 14
1082 21 23
1083 16 24
1084 29 14
1085 23 21
1086 18 1
1087 3 14
1088 8 27
1089 23 11
1090 12 19
1091 1 9
1092 0 11
1093 6 18
1094 4 14
1095 4 7
1096 19 22
1097 2 15
1098 8 20
1099 8 0
1100 22 24
1101 5 18
1102 7 3
1103 23 20
1104 0 14
1105 16 21
1106 21 18
1107 10 24
1108 2 2
1109 13 13
1110 3 12
1111 25 18
1112 20 13
1113 25 1
1114 22 18
1115 14 15
1116 3 19
1117 5 12
1118 4 19
1119 12 15
1120 13 12
1121 22 23
1122 25 20
1123 5 29
1124 11 19
1125 4 13
1126 1 15
1127 20 14
1128 12 0
1129 6 6
1130 4 29
1131 5 29
1132 3 13
1133 10 0
1134 20 2
1135 11 18
1136 21 19
1137 2 14
1138 18 14
1139 11 12
1140 5 14
1141 2 22
1142 12 11
1143 11 19
1144 2 16
1145 2 1
1146 4 16
1147 6 24
1148 17 2
1149 10 25
1150 3 24
1151 23 21
1152 25 2
1153 11 11
1154 23 20
1155 21 24
1156 28 10
1157 10 15
1158 9 27
1159 28 25
1160 24 20
1161 4 12
1162 28 14
1163 3 12
1164 5 2
1165 29 15
1166 5 17
1167 12 19
1168 28 26
1169 26 2
1170 29 27
1171 23 21
1172 24 11
1173 10 24
1174 11 19
1175 1 14
1176 10 2
1177 23 26
1178 24 4
1179 12 11
1180 5 6
1181 24 5
1182 0 17
1183 25 20
1184 19 23
1185 22 24
1186 19 22
1187 17 1
1188 25 23
1189 22 22
1190 20 21
1191 1 11
1192 24 24
1193 23 24
1194 20 22
1195 13 16
1196 8 3
1197 24 20
1198 13 0
1199 4 24
1200 21 13
1201 4 6
1202 19 14
1203 22 19
1204 28 13
1205 22 26
1206 12 0
1207 2 15
1208 5 18
1209 20 15
1210 1 13
1211 6 17
1212 24 21
1213 8 27
1214 21 18
1215 12 16
1216 3 16
1217 26 25
1218 5 1
1219 20 1
1220 25 25
1221 8 1
1222 20 14
1223 26 26
1224 4 29
1225 25 2
1226 22 18
1227 0 9
1228 28 12
1229 4 18
1230 18 13
1231 1 12
1232 25 10
1233 25 26
1234 3 23
1235 2 17
1236 2 16
1237 20 21
1238 21 19
1239 3 17
1240 11 15
1241 4 19
1242 3 24
1243 29 12
1244 6 25
1245 4 7
1246 29 14
1247 11 14
1248 6 16
1249 25 19
1250 16 25
1251 7 28
1252 9 13
1253 3 22
1254 3 7
1255 25 1
1256 22 19
1257 12 15
1258 6 6
1259 21 18
1260 8 13
1261 26 20
1262 12 20
1263 1 17
1264 12 19
1265 13 20
1266 29 26
1267 6 24
1268 28 25
1269 13 22
1270 24 18
1271 6 15
1272 13 23
1273 16 24
1274 19 0
1275 9 2
1276 16 25
1277 24 19
1278 7 17
1279 22 24
1280 6 16
1281 1 9
1282 28 14
1283 8 19
1284 20 22
1285 0 9
1286 28 26
1287 17 13
1288 22 18
1289 23 11
1290 25 2
1291 8 0
1292 2 15
1293 0 14
1294 14 14
1295 21 18
1296 20 2
1297 22 23
1298 26 2
1299 25 5
1300 9 13
1301 1 14
1302 6 28
1303 0 14
1304 22 18
1305 4 7
1306 7 23
1307 2 13
1308 21 19
1309 13 13
1310 1 13
1311 6 14
1312 11 11
1313 19 1
1314 29 15
1315 25 20
1316 24 20
1317 28 11
1318 0 16
1319 9 0
1320 7 16
1321 7 24
1322 23 26
1323 3 7
1324 12 16
1325 12 12
1326 8 20
1327 19 23
1328 8 13
1329 13 12
1330 24 22
1331 6 15
1332 5 28
1333 24 19
1334 20 15
1335 26 25
1336 2 16
1337 20 14
1338 4 14
1339 17 27
1340 5 2
1341 1 12
1342 5 11
1343 24 23
1344 1 9
1345 5 14
1346 29 14
1347 24 11
1348 4 18
1349 7 14
1350 13 0
1351 24 5
1352 18 0
1353 25 2
1354 16 13
1355 18 22
1356 16 22
1357 9 13
1358 8 14
1359 5 1
1360 11 15
1361 10 0
1362 2 22
1363 8 1
1364 7 28
1365 22 19
1366 3 23
1367 17 13
1368 6 19
1369 25 25
1370 8 19
1371 10 25
1372 29 27
1373 4 28
1374 11 19
1375 25 22
1376 28 10
1377 20 1
1378 5 6
1379 5 2
1380 28 11
1381 19 15
1382 4 7
1383 29 15
1384 11 12
1385 4 14
1386 23 20
1387 5 14
1388 6 28
1389 0 17
1390 13 13
1391 24 22
1392 16 13
1393 24 20
1394 4 19
1395 11 17
1396 21 23
1397 4 18
1398 4 2
1399 10 2
1400 1 14
1401 7 28
1402 8 13
1403 2 15
1404 6 20
1405 4 6
1406 4 7
1407 18 1
1408 25 6
1409 12 0
1410 16 24
1411 6 28
1412 25 26
1413 7 3
1414 8 3
1415 23 11
1416 14 15
1417 3 24
1418 19 2
1419 12 17
1420 25 1
1421 20 2
1422 5 12
1423 5 11
1424 23 21
1425 0 13
1426 16 21
1427 9 0
1428 25 19
1429 13 12
1430 3 23
1431 28 10
1432 1 11
1433 9 25
1434 24 19
1435 5 29
1436 3 22
1437 13 22
1438 2 2
1439 3 13
1440 21 19
1441 10 25
1442 17 28
1443 7 14
1444 19 1
1445 3 7
1446 24 10
1447 13 0
1448 20 23
1449 5 2
1450 9 27
1451 21 12
1452 0 14
1453 25 20
1454 29 26
1455 0 16
1456 19 14
1457 7 3
1458 11 11
1459 10 0
1460 7 17
1461 25 2
1462 4 2
1463 20 1
1464 16 22
1465 12 16
1466 24 20
1467 24 19
1468 3 16
1469 28 13
1470 2 22
1471 20 14
1472 24 24
1473 22 19
1474 14 14
1475 18 0
1476 0 9
1477 14 20
1478 4 14
1479 12 19
1480 23 24
1481 28 12
1482 24 21
1483 9 2
1484 19 22
1485 12 15
1486 21 18
1487 12 0
1488 24 20
1489 19 14
1490 3 24
1491 7 15
1492 0 17
1493 3 19
1494 14 13
1495 5 24
1496 2 12
1497 3 23
1498 4 29
1499 8 27
1500 3 22
1501 2 16
1502 13 23
1503 1 13
1504 16 21
1505 13 16
1506 22 24
1507 0 16
1508 8 0
1509 5 2
1510 24 11
1511 24 23
1512 25 20
1513 11 12
1514 1 12
1515 25 25
1516 4 2
1517 14 15
1518 29 14
1519 13 22
1520 7 16
1521 4 15
1522 8 20
1523 13 13
1524 8 3
1525 23 22
1526 26 1
1527 13 23
1528 9 13
1529 11 19
1530 17 2
1531 24 20
1532 6 6
1533 1 13
1534 2 22
1535 25 5
1536 9 27
1537 22 22
1538 20 15
1539 14 14
1540 23 24
1541 29 12
1542 1 14
1543 29 27
1544 5 12
1545 4 28
1546 23 21
1547 22 26
1548 25 10
1549 16 25
1550 3 12
1551 28 11
1552 6 17
1553 28 14
1554 11 16
1555 28 13
1556 0 17
1557 12 19
1558 26 20
1559 24 10
1560 22 23
1561 4 7
1562 7 3
1563 4 24
1564 18 1
1565 3 24
1566 3 22
1567 18 21
1568 24 22
1569 9 0
1570 25 20
1571 17 0
1572 2 22
1573 25 19
1574 12 16
1575 1 9
1576 3 22
1577 19 23
1578 8 13
1579 3 17
1580 7 17
1581 17 1
1582 3 23
1583 5 18
1584 1 12
1585 2 15
1586 23 11
1587 8 19
1588 18 22
1589 25 1
1590 17 2
1591 29 26
1592 6 16
1593 0 9
1594 2 12
1595 7 23
1596 6 11
1597 24 21
1598 1 12
1599 8 27
1600 0 14
1601 2 16
1602 4 29
1603 19 22
1604 25 20
1605 3 22
1606 5 14
1607 5 28
1608 11 11
1609 22 24
1610 18 20
1611 25 2
1612 17 1
1613 25 22
1614 25 18
1615 11 15
1616 17 27
1617 24 11
1618 12 14
1619 9 13
1620 25 6
1621 28 25
1622 9 27
1623 24 20
1624 18 23
1625 25 20
1626 7 24
1627 17 28
1628 28 26
1629 10 2
1630 7 23
1631 13 14
1632 4 18
1633 0 11
1634 13 13
1635 25 1
1636 0 16
1637 7 28
1638 5 6
1639 3 7
1640 11 12
1641 13 22
1642 7 16
1643 8 13
1644 19 23
1645 5 2
1646 28 14
1647 4 7
1648 0 17
1649 23 12
1650 24 20
1651 24 4
1652 25 19
1653 3 13
1654 23 11
1655 8 3
1656 11 19
1657 6 16
1658 21 13
1659 27 20
1660 3 23
1661 4 14
1662 22 18
1663 1 11
1664 1 14
1665 10 24
1666 22 19
1667 5 11
1668 25 0
1669 2 1
1670 13 14
1671 18 21
1672 20 23
1673 1 17
1674 6 15
1675 29 25
1676 13 13
1677 10 0
1678 19 23
1679 16 24
1680 3 16
1681 18 0
1682 19 22
1683 6 25
1684 26 26
1685 28 10
1686 13 23
1687 24 18
1688 28 11
1689 25 26
1690 24 5
1691 3 22
1692 10 15
1693 22 18
1694 6 17
1695 29 26
1696 3 7
1697 13 20
1698 4 19
1699 13 17
1700 0 17
1701 24 19
1702 11 15
1703 3 17
1704 28 12
1705 8 27
1706 25 23
1707 13 16
1708 28 10
1709 10 25
1710 17 27
1711 9 0
1712 6 16
1713 24 17
1714 13 22
1715 6 28
1716 22 19
1717 27 13
1718 10 23
1719 0 11
1720 10 24
1721 8 20
1722 9 14
1723 7 28
1724 22 12
1725 12 16
1726 16 22
1727 1 9
1728 6 10
1729 3 12
1730 9 13
1731 24 4
1732 5 14
1733 5 12
1734 22 23
1735 9 2
1736 0 9
1737 4 7
1738 8 14
1739 12 19
1740 29 27
1741 25 19
1742 24 19
1743 20 22
1744 10 25
1745 16 2
1746 17 2
1747 24 5
1748 20 2
1749 10 2
1750 25 1
1751 4 28
1752 7 17
1753 9 2
1754 1 11
1755 24 22
1756 4 14
1757 25 2
1758 2 2
1759 26 20
1760 22 24
1761 8 1
1762 21 12
1763 28 13
1764 13 14
1765 1 17
1766 7 24
1767 2 15
1768 25 1
1769 7 3
1770 13 0
1771 20 14
1772 8 0
1773 2 16
1774 4 24
1775 12 0
1776 13 16
1777 0 17
1778 5 14
1779 29 26
1780 24 21
1781 8 1
1782 5 1
1783 22 22
1784 9 27
1785 24 22
1786 8 27
1787 19 14
1788 8 13
1789 24 4
1790 29 27
1791 7 15
1792 3 24
1793 27 12
1794 5 2
1795 18 23
1796 17 13
1797 1 12
1798 10 2
1799 3 16
1800 13 17
1801 26 26
1802 25 19
1803 24 21
1804 4 14
1805 12 17
1806 16 25
1807 12 16
1808 10 24
1809 25 26
1810 25 25
1811 8 19
1812 3 23
1813 25 26
1814 23 26
1815 20 21
1816 6 15
1817 20 13
1818 2 1
1819 20 1
1820 16 13
1821 16 24
1822 11 14
1823 22 23
1824 8 0
1825 3 2
1826 9 13
1827 25 0
1828 12 14
1829 4 16
1830 6 11
1831 9 23
1832 25 18
1833 10 23
1834 5 18
1835 9 2
1836 10 2
1837 8 13
1838 22 18
1839 14 13
1840 1 9
1841 23 22
1842 25 20
1843 27 20
1844 8 14
1845 7 16
1846 6 10
1847 6 16
1848 13 13
1849 20 2
1850 6 11
1851 25 19
1852 3 13
1853 28 11
1854 4 18
1855 17 28
1856 6 28
1857 7 28
1858 2 15
1859 21 13
1860 16 3
1861 10 0
1862 7 16
1863 20 22
1864 17 13
1865 17 27
1866 20 21
1867 2 2
1868 23 24
1869 1 11
1870 6 24
1871 17 28
1872 1 12
1873 21 19
1874 5 17
1875 20 14
1876 14 14
1877 8 13
1878 12 15
1879 3 6
1880 2 22
1881 0 14
1882 6 16
1883 11 13
1884 14 20
1885 6 25
1886 26 20
1887 13 12
1888 16 2
1889 0 9
1890 6 15
1891 6 6
1892 24 11
1893 25 1
1894 5 6
1895 13 14
1896 24 20
1897 6 24
1898 19 23
1899 11 14
1900 23 21
1901 0 15
1902 0 10
1903 6 16
1904 29 26
1905 3 22
1906 13 0
1907 16 21
1908 20 1
1909 10 13
1910 2 22
1911 13 13
1912 9 0
1913 12 0
1914 0 11
1915 27 20
1916 24 16
1917 20 15
1918 29 27
1919 9 27
1920 29 26
1921 18 23
1922 2 16
1923 3 24
1924 3 7
1925 9 2
1926 8 3
1927 25 2
1928 18 20
1929 13 16
1930 22 24
1931 24 18
1932 24 5
1933 29 12
1934 12 16
1935 11 11
1936 13 20
1937 20 14
1938 25 1
1939 1 10
1940 8 20
1941 19 23
1942 6 10
1943 17 27
1944 1 15
1945 28 12
1946 20 2
1947 24 23
1948 25 0
1949 22 19
1950 25 5
1951 20 1
1952 11 13
1953 22 23
1954 6 28
1955 24 19
1956 14 14
1957 25 25
1958 13 17
1959 6 6
1960 10 0
1961 5 6
1962 21 12
1963 3 12
1964 17 28
1965 4 15
1966 20 22
1967 8 28
1968 8 27
1969 20 21
1970 17 27
1971 1 14
1972 14 20
1973 6 6
1974 25 1
1975 10 12
1976 6 11
1977 27 12
1978 9 0
1979 9 14
1980 13 20
1981 12 14
1982 7 16
1983 3 23
1984 26 20
1985 5 18
1986 28 20
1987 28 25
1988 4 2
1989 24 21
1990 2 15
1991 7 3
1992 11 12
1993 7 28
1994 7 15
1995 11 13
1996 26 2
1997 6 15
1998 24 4
1999 10 0
2000 12 17
2001 3 24
2002 8 3
2003 3 17
2004 3 16
2005 4 24
2006 5 1
2007 7 17
2008 25 26
2009 3 22
2010 25 2
2011 4 6
2012 7 23
2013 20 22
2014 28 12
2015 5 6
2016 8 29
2017 1 9
2018 7 15
2019 1 11
2020 4 7
2021 9 0
2022 28 14
2023 13 0
2024 18 23
2025 2 16
2026 9 29
2027 10 15
2028 5 14
2029 11 15
2030 19 14
2031 11 14
2032 22 26
2033 6 15
2034 19 23
2035 9 27
2036 23 26
2037 5 2
2038 25 16
2039 26 26
2040 14 20
2041 6 28
2042 8 29
2043 0 14
2044 6 6
2045 1 17
2046 24 5
2047 5 6
2048 4 14
2049 16 3
2050 24 18
2051 9 13
2052 24 16
2053 3 16
2054 4 2
2055 10 15
2056 26 2
2057 28 10
2058 2 22
2059 10 25
2060 17 28
2061 16 13
2062 16 22
2063 5 2
2064 2 10
2065 11 19
2066 25 16
2067 7 24
2068 11 15
2069 12 19
2070 18 1
2071 10 24
2072 8 14
2073 0 9
2074 20 14
2075 3 2
2076 3 24
2077 3 7
2078 3 22
2079 11 19
2080 1 15
2081 5 14
2082 5 11
2083 18 21
2084 13 12
2085 4 7
2086 7 16
2087 25 2
2088 12 16
2089 6 6
2090 21 18
2091 10 16
2092 7 28
2093 3 23
2094 24 19
2095 6 17
2096 3 6
2097 21 13
2098 7 3
2099 7 23
2100 16 25
2101 11 12
2102 24 16
2103 17 1
2104 18 22
2105 12 17
2106 27 11
2107 13 14
2108 5 12
2109 8 19
2110 7 17
2111 8 13
2112 25 20
2113 13 13
2114 6 28
2115 22 18
2116 25 1
2117 9 23
2118 19 22
2119 4 14
2120 3 13
2121 9 29
2122 28 11
2123 20 12
2124 6 19
2125 3 10
2126 18 23
2127 6 16
2128 12 19
2129 25 26
2130 1 13
2131 27 20
2132 13 20
2133 5 17
2134 25 6
2135 6 14
2136 5 6
2137 23 20
2138 2 15
2139 1 12
2140 11 14
2141 13 14
2142 10 15
2143 25 2
2144 8 14
2145 5 18
2146 25 23
2147 19 23
2148 27 12
2149 11 13
2150 16 21
2151 24 23
2152 16 24
2153 28 10
2154 7 15
2155 6 20
2156 11 14
2157 11 15
2158 27 11
2159 1 14
2160 12 15
2161 10 25
2162 4 2
2163 19 1
2164 26 1
2165 17 22
2166 22 26
2167 12 0
2168 10 16
2169 7 28
2170 8 1
2171 3 7
2172 10 23
2173 25 1
2174 0 11
2175 1 11
2176 16 25
2177 21 12
2178 10 24
2179 4 18
2180 8 0
2181 5 18
2182 7 24
2183 8 27
2184 23 26
2185 18 23
2186 8 1
2187 8 20
2188 21 19
2189 3 2
2190 28 13
2191 23 11
2192 22 24
2193 10 13
2194 1 15
2195 13 13
2196 24 11
2197 4 19
2198 6 15
2199 12 14
2200 3 12
2201 19 15
2202 18 1
2203 25 19
2204 4 18
2205 11 13
2206 24 19
2207 9 25
2208 8 0
2209 6 28
2210 13 23
2211 7 16
2212 2 22
2213 25 16
2214 16 22
2215 28 11
2216 2 10
2217 10 25
2218 8 13
2219 13 0
2220 18 20
2221 5 14
2222 10 15
2223 25 2
2224 1 9
2225 7 23
2226 19 14
2227 8 19
2228 9 24
2229 26 26
2230 16 23
2231 6 16
2232 20 14
2233 9 12
2234 18 21
2235 3 24
2236 28 10
2237 28 11
2238 28 14
2239 8 1
2240 8 14
2241 0 17
2242 25 1
2243 24 20
2244 24 16
2245 12 16
2246 2 15
2247 2 17
2248 11 19
2249 25 16
2250 6 15
2251 16 2
2252 26 2
2253 16 22
2254 25 2
2255 11 15
2256 7 28
2257 10 2
2258 7 24
2259 17 13
2260 8 13
2261 19 23
2262 21 13
2263 23 20
2264 20 2
2265 12 15
2266 8 29
2267 4 29
2268 22 19
2269 18 20
2270 4 2
2271 28 13
2272 3 17
2273 16 23
2274 26 20
2275 27 20
2276 18 24
2277 8 12
2278 27 10
2279 16 22
2280 9 14
2281 28 10
2282 21 18
2283 12 14
2284 3 13
2285 28 26
2286 0 14
2287 12 19
2288 0 10
2289 23 11
2290 1 14
2291 8 3
2292 11 11
2293 19 14
2294 27 11
2295 9 29
2296 1 17
2297 21 12
2298 9 2
2299 10 0
2300 2 17
2301 9 13
2302 19 12
2303 20 1
2304 6 10
2305 8 20
2306 16 13
2307 6 25
2308 13 22
2309 24 4
2310 22 23
2311 24 11
2312 12 15
2313 8 19
2314 18 21
2315 8 0
2316 8 29
2317 0 17
2318 0 9
2319 6 19
2320 4 14
2321 3 23
2322 11 15
2323 9 27
2324 10 24
2325 6 11
2326 24 17
2327 29 25
2328 16 21
2329 9 14
2330 13 23
2331 19 15
2332 26 20
2333 24 20
2334 12 17
2335 0 14
2336 27 20
2337 25 26
2338 1 17
2339 29 26
2340 1 14
2341 22 24
2342 19 14
2343 17 2
2344 22 18
2345 6 17
2346 12 15
2347 9 12
2348 23 21
2349 29 27
2350 24 5
2351 24 16
2352 19 22
2353 17 0
2354 6 28
2355 9 29
2356 28 14
2357 9 13
2358 0 10
2359 25 5
2360 25 25
2361 5 1
2362 4 28
2363 13 14
2364 18 20
2365 3 17
2366 24 21
2367 3 22
2368 17 1
2369 28 13
2370 16 2
2371 25 19
2372 2 22
2373 2 1
2374 4 29
2375 11 14
2376 25 26
2377 19 15
2378 16 22
2379 14 20
2380 13 20
2381 2 16
2382 26 26
2383 16 24
2384 29 12
2385 22 26
2386 23 11
2387 11 19
2388 12 16
2389 13 17
2390 14 20
2391 6 10
2392 28 12
2393 5 14
2394 9 0
2395 4 28
2396 7 28
2397 8 12
2398 7 18
2399 25 15
2400 28 11
2401 8 13
2402 2 2
2403 17 27
2404 3 24
2405 3 16
2406 17 2
2407 0 9
2408 13 13
2409 17 13
2410 4 29
2411 11 16
2412 3 22
2413 0 17
2414 20 12
2415 20 2
2416 5 11
2417 11 12
2418 13 22
2419 21 13
2420 19 14
2421 24 11
2422 29 26
2423 27 10
2424 11 15
2425 4 19
2426 0 14
2427 8 14
2428 21 18
2429 18 23
2430 16 21
2431 3 23
2432 11 13
2433 23 21
2434 6 20
2435 1 14
2436 11 12
2437 15 25
2438 3 12
2439 28 26
2440 14 14
2441 20 1
2442 16 13
2443 10 16
2444 16 2
2445 5 2
2446 6 11
2447 29 12
2448 17 13
2449 13 14
2450 19 15
2451 16 25
2452 4 28
2453 23 26
2454 6 28
2455 2 17
2456 26 20
2457 3 24
2458 2 16
2459 28 12
2460 26 2
2461 4 14
2462 24 21
2463 28 20
2464 4 18
2465 14 14
2466 0 14
2467 1 8
2468 13 23
2469 1 9
2470 23 11
2471 6 10
2472 6 19
2473 1 12
2474 29 12
2475 9 14
2476 7 14
2477 12 17
2478 12 15
2479 7 28
2480 3 17
2481 25 20
2482 27 20
2483 5 24
2484 21 12
2485 1 14
2486 22 26
2487 9 23
2488 3 6
2489 4 2
2490 0 14
2491 25 26
2492 5 12
2493 10 25
2494 8 27
2495 6 24
2496 1 11
2497 6 6
2498 11 15
2499 25 2
2500 24 19
2501 7 17
2502 29 26
2503 28 12
2504 4 24
2505 25 18
2506 5 14
2507 9 27
2508 13 20
2509 8 20
2510 3 13
2511 6 16
2512 17 2
2513 6 20
2514 22 18
2515 5 24
2516 26 26
2517 2 22
2518 4 24
2519 8 19
2520 4 29
2521 26 2
2522 19 14
2523 25 6
2524 0 16
2525 24 4
2526 29 28
2527 4 14
2528 9 13
2529 1 17
2530 3 16
2531 25 2
2532 16 13
2533 5 11
2534 7 16
2535 12 19
2536 3 22
2537 17 1
2538 5 24
2539 29 27
2540 21 19
2541 3 7
2542 24 20
2543 17 28
2544 8 1
2545 20 13
2546 5 2
2547 25 26
2548 12 16
2549 18 21
2550 2 15
2551 1 14
2552 13 12
2553 22 23
2554 3 17
2555 17 2
2556 5 12
2557 3 6
2558 25 1
2559 28 10
2560 10 15
2561 3 16
2562 16 24
2563 6 28
2564 7 17
2565 21 13
2566 25 2
2567 7 28
2568 12 0
2569 16 22
2570 3 23
2571 3 17
2572 26 1
2573 18 20
2574 8 20
2575 19 23
2576 25 19
2577 5 6
2578 12 17
2579 7 16
2580 8 14
2581 3 7
2582 28 14
2583 24 11
2584 11 19
2585 6 28
2586 0 17
2587 6 6
2588 17 1
2589 7 15
2590 11 14
2591 16 25
2592 23 11
2593 12 19
2594 24 19
2595 26 25
2596 3 12
2597 24 20
2598 10 13
2599 11 15
2600 11 11
2601 11 12
2602 4 6
2603 25 25
2604 17 27
2605 3 2
2606 11 11
2607 13 22
2608 6 19
2609 4 28
2610 7 3
2611 5 6
2612 25 1
2613 6 20
2614 4 24
2615 6 6
2616 20 15
2617 0 9
2618 1 18
2619 13 23
2620 8 13
2621 2 16
2622 11 14
2623 1 17
2624 28 13
2625 0 17
2626 3 13
2627 24 11
2628 2 22
2629 26 20
2630 18 21
2631 14 20
2632 25 16
2633 28 14
2634 6 19
2635 18 24
2636 8 3
2637 9 14
2638 6 20
2639 16 24
2640 12 16
2641 6 11
2642 3 24
2643 5 1
2644 10 0
2645 20 14
2646 7 23
2647 25 2
2648 5 14
2649 25 23
2650 22 24
2651 25 5
2652 16 25
2653 23 26
2654 25 26
2655 15 26
2656 5 17
2657 3 16
2658 16 3
2659 24 16
2660 16 24
2661 17 28
2662 10 24
2663 24 5
2664 17 13
2665 28 20
2666 1 9
2667 11 15
2668 0 9
2669 28 26
2670 19 15
2671 15 25
2672 16 21
2673 5 2
2674 6 10
2675 1 17
2676 8 29
2677 11 13
2678 2 15
2679 10 2
2680 12 15
2681 13 13
2682 28 13
2683 25 1
2684 20 2
2685 23 24
2686 11 17
2687 27 10
2688 22 26
2689 24 19
2690 4 14
2691 22 19
2692 7 3
2693 25 25
2694 24 23
2695 6 16
2696 7 24
2697 5 18
2698 28 10
2699 5 6
# colocadas=2700 ocupadas=100 mayor=204
