0 5 2
1 18 17
2 15 16
3 14 16
4 15 16
5 17 19
6 20 24
7 4 2
8 20 25
9 17 20
10 18 16
11 18 17
12 5 2
13 17 19
14 14 16
15 15 16
16 16 16
17 15 16
18 5 1
19 14 16
20 18 16
21 17 18
22 18 17
23 5 2
24 5 0
25 5 1
26 5 0
27 20 24
28 15 16
29 17 19
30 17 16
31 16 19
32 14 16
33 4 2
34 18 16
35 17 19
36 18 20
37 16 18
38 5 1
39 5 2
40 5 0
41 17 20
42 15 16
43 5 1
44 20 25
45 20 24
46 5 3
47 5 2
48 17 19
49 5 3
50 5 2
51 14 16
52 19 17
53 17 18
54 16 18
55 5 1
56 17 20
57 5 2
58 17 18
59 18 17
60 3 2
61 4 2
62 20 25
63 20 24
64 5 2
65 15 16
66 5 1
67 14 16
68 5 2
69 17 19
70 16 19
71 17 20
72 15 16
73 5 1
74 18 16
75 18 17
76 19 18
77 20 18
78 17 19
79 18 16
80 16 18
81 14 16
82 18 17
83 3 1
84 3 2
85 19 18
86 17 18
87 15 16
88 16 19
89 17 19
90 16 18
91 3 1
92 18 16
93 17 18
94 20 25
95 16 18
96 18 17
97 18 18
98 14 16
99 5 2
100 20 24
101 17 20
102 4 2
103 5 2
104 5 0
105 20 18
106 5 1
107 15 16
108 4 2
109 3 2
110 17 19
111 18 16
112 17 18
113 18 17
114 19 17
115 5 2
116 20 25
117 4 3
118 4 2
119 18 17
120 20 24
121 3 1
122 20 25
123 4 4
124 14 16
125 16 18
126 18 15
127 17 20
128 17 18
129 3 2
130 20 24
131 19 18
132 18 14
133 5 2
134 15 16
135 4 2
136 3 1
137 14 16
138 20 25
139 5 2
140 17 19
141 4 2
142 5 2
143 4 2
144 18 20
145 18 16
146 20 24
147 17 20
148 17 19
149 17 20
150 3 4
151 17 19
152 3 2
153 4 4
154 20 18
155 5 2
156 18 17
157 4 2
158 17 20
159 3 4
160 15 16
161 5 2
162 18 20
163 4 4
164 17 20
165 4 2
166 20 25
167 14 16
168 3 4
169 4 4
170 5 1
171 17 18
172 18 15
173 17 19
174 20 24
175 18 16
176 15 16
177 18 17
178 17 20
179 5 2
180 5 0
181 18 16
182 3 4
183 5 1
184 18 17
185 18 16
186 18 14
187 18 17
188 14 16
189 20 25
190 18 16
191 18 17
192 5 0
193 17 19
194 18 16
195 19 18
196 18 20
197 18 15
198 15 16
199 17 20
200 4 4
201 3 4
202 4 2
203 20 18
204 14 16
205 18 21
206 4 4
207 19 18
208 18 20
209 20 24
210 15 16
211 20 18
212 5 2
213 14 16
214 17 19
215 20 25
216 3 4
217 4 2
218 5 1
219 17 20
220 5 2
221 15 16
222 4 2
223 18 20
224 4 4
225 14 16
226 17 20
227 5 2
228 18 17
229 5 1
230 5 2
231 18 16
232 18 14
233 4 2
234 19 18
235 15 16
236 18 15
237 5 2
238 20 18
239 18 17
240 18 16
241 18 14
242 5 1
243 18 20
244 5 2
245 17 20
246 3 4
247 18 21
248 3 2
249 4 4
250 20 24
251 18 17
252 18 16
253 18 17
254 20 25
255 18 16
256 17 19
257 18 20
258 18 15
259 17 20
260 20 24
261 18 21
262 17 19
263 18 14
264 19 18
265 17 20
266 18 17
267 20 25
268 17 19
269 20 24
270 20 18
271 18 20
272 19 18
273 18 16
274 20 25
275 14 16
276 17 20
277 18 15
278 3 4
279 20 18
280 18 21
281 18 14
282 20 24
283 17 19
284 18 20
285 18 17
286 17 20
287 19 18
288 15 16
289 18 16
290 20 18
291 14 16
292 4 4
293 15 16
294 3 4
295 20 25
296 19 18
297 4 2
298 17 18
299 5 1
300 4 4
301 17 19
302 14 16
303 18 20
304 18 15
305 5 2
306 5 1
307 5 2
308 20 18
309 17 20
310 4 2
311 5 2
312 20 24
313 18 17
314 19 18
315 18 20
316 15 16
317 5 0
318 14 16
319 20 25
320 17 20
321 5 1
322 17 18
323 17 19
324 18 16
325 18 17
326 4 2
327 5 2
328 4 2
329 17 18
330 5 2
331 18 16
332 20 18
333 17 19
334 18 17
335 3 4
336 17 20
337 5 1
338 17 19
339 17 20
340 17 19
341 18 14
342 16 18
343 20 24
344 15 16
345 5 2
346 4 2
347 17 18
348 17 20
349 5 2
350 4 2
351 19 18
352 20 25
353 5 2
354 18 16
355 17 19
356 20 18
357 5 1
358 17 20
359 4 4
360 5 2
361 3 4
362 4 4
363 5 1
364 5 2
365 3 4
366 4 2
367 17 19
368 17 18
369 14 16
370 18 15
371 17 19
372 17 20
373 20 24
374 5 2
375 17 19
376 18 17
377 4 4
378 15 16
379 18 16
380 18 17
381 19 18
382 5 1
383 5 2
384 20 25
385 3 2
386 17 18
387 17 19
388 3 4
389 14 16
390 18 16
391 20 18
392 18 17
393 4 4
394 17 18
395 3 4
396 4 4
397 17 19
398 17 18
399 17 19
400 17 20
401 17 19
402 19 18
403 15 16
404 18 20
405 20 18
406 4 2
407 18 16
408 17 20
409 14 16
410 15 16
411 18 21
412 17 19
413 5 2
414 4 2
415 18 17
416 14 16
417 18 16
418 18 17
419 3 2
420 19 18
421 15 16
422 18 16
423 18 14
424 4 2
425 20 24
426 20 25
427 20 24
428 18 20
429 14 16
430 5 1
431 15 16
432 18 17
433 18 15
434 18 16
435 3 4
436 14 16
437 17 20
438 4 4
439 18 17
440 15 16
441 3 4
442 18 16
443 5 2
444 18 14
445 17 18
446 3 2
447 18 17
448 17 19
449 18 16
450 4 2
451 17 18
452 17 19
453 4 4
454 18 17
455 3 2
456 20 18
457 4 2
458 20 25
459 17 18
460 14 16
461 17 19
462 17 20
463 18 15
464 19 18
465 5 1
466 18 14
467 20 24
468 17 19
469 5 2
470 18 15
471 3 4
472 16 18
473 4 2
474 20 18
475 17 20
476 4 4
477 18 16
478 19 18
479 18 14
480 17 18
481 3 4
482 17 19
483 20 25
484 5 2
485 18 15
486 5 0
487 16 18
488 18 14
489 20 24
490 5 1
491 20 25
492 20 24
493 20 18
494 5 0
495 17 20
496 17 18
497 5 1
498 19 18
499 5 0
500 4 4
501 5 1
502 18 17
503 18 15
504 4 2
505 3 4
506 17 19
507 5 2
508 5 1
509 15 16
510 20 18
511 20 25
512 20 24
513 18 14
514 19 18
515 5 2
516 5 1
517 18 20
518 14 16
519 4 4
520 20 25
521 18 15
522 18 16
523 20 24
524 3 4
525 17 20
526 18 14
527 18 20
528 20 25
529 15 16
530 20 18
531 5 2
532 17 20
533 18 20
534 5 1
535 14 16
536 18 17
537 19 18
538 18 15
539 4 4
540 17 20
541 20 24
542 18 21
543 18 14
544 20 18
545 3 4
546 5 2
547 3 2
548 17 19
549 15 16
550 20 25
551 4 2
552 4 4
553 3 4
554 18 20
555 3 1
556 20 24
557 18 16
558 18 15
559 4 4
560 17 20
561 18 14
562 20 25
563 5 2
564 3 2
565 19 18
566 20 18
567 18 20
568 4 2
569 3 4
570 19 18
571 18 15
572 20 18
573 5 2
574 19 18
575 4 2
576 18 17
577 4 4
578 5 1
579 18 16
580 18 17
581 18 14
582 3 4
583 14 16
584 5 2
585 17 20
586 18 21
587 18 16
588 20 24
589 18 17
590 18 20
591 17 19
592 17 20
593 18 20
594 20 25
595 17 20
596 20 24
597 4 4
598 15 16
599 20 18
600 19 18
601 18 15
602 20 18
603 14 16
604 3 4
605 18 16
606 19 18
607 4 4
608 20 25
609 18 17
610 20 24
611 17 18
612 15 16
613 17 19
614 20 25
615 17 18
616 14 16
617 17 19
618 18 14
619 20 18
620 15 16
621 4 2
622 5 2
623 3 4
624 18 20
625 17 20
626 20 24
627 14 16
628 20 25
629 15 16
630 18 16
631 4 4
632 14 16
633 5 0
634 3 4
635 4 2
636 17 18
637 5 2
638 20 24
639 18 17
640 4 4
641 17 19
642 18 15
643 20 25
644 3 4
645 17 18
646 15 16
647 19 18
648 4 2
649 17 19
650 14 16
651 20 18
652 5 2
653 4 4
654 4 2
655 5 1
656 17 18
657 17 19
658 5 2
659 16 18
660 20 24
661 4 2
662 19 18
663 18 14
664 5 2
665 20 18
666 3 4
667 17 18
668 5 0
669 19 18
670 18 15
671 4 4
672 20 25
673 15 16
674 3 4
675 18 16
676 18 17
677 16 18
678 5 1
679 17 20
680 18 16
681 4 4
682 17 18
683 3 4
684 5 0
685 5 1
686 20 24
687 14 16
688 20 18
689 17 19
690 4 4
691 16 18
692 20 25
693 4 2
694 17 18
695 15 16
696 16 18
697 17 18
698 14 16
699 5 2
700 5 0
701 18 14
702 17 20
703 19 18
704 17 19
705 20 24
706 4 2
707 20 18
708 16 18
709 5 2
710 5 1
711 3 4
712 4 4
713 19 18
714 18 15
715 18 14
716 17 18
717 4 2
718 18 15
719 20 18
720 5 2
721 4 2
722 16 18
723 19 18
724 3 4
725 4 4
726 18 14
727 17 18
728 18 17
729 17 20
730 5 2
731 18 15
732 3 4
733 3 2
734 20 25
735 17 19
736 15 16
737 20 18
738 4 4
739 19 18
740 18 16
741 20 24
742 18 14
743 20 25
744 18 20
745 17 20
746 14 16
747 4 2
748 20 24
749 15 16
750 20 25
751 3 4
752 5 1
753 20 24
754 4 4
755 17 18
756 5 2
757 4 2
758 18 17
759 20 25
760 17 19
761 20 18
762 3 4
763 5 2
764 20 24
765 18 16
766 14 16
767 4 2
768 20 25
769 18 17
770 20 24
771 18 16
772 20 25
773 17 18
774 18 15
775 17 19
776 16 18
777 18 14
778 5 2
779 17 20
780 4 4
781 18 15
782 19 18
783 15 16
784 4 2
785 5 2
786 17 18
787 18 17
788 20 18
789 4 2
790 17 19
791 17 18
792 19 18
793 17 19
794 20 24
795 16 18
796 3 4
797 14 16
798 4 4
799 18 14
800 18 15
801 20 18
802 5 2
803 3 4
804 3 2
805 20 25
806 17 18
807 4 2
808 15 16
809 3 1
810 19 18
811 18 16
812 4 4
813 20 18
814 20 24
815 14 16
816 18 14
817 18 17
818 19 18
819 5 2
820 20 25
821 17 20
822 15 16
823 18 15
824 4 2
825 18 14
826 20 18
827 5 2
828 20 24
829 17 19
830 4 2
831 3 4
832 20 25
833 17 18
834 17 19
835 3 2
836 16 18
837 3 1
838 4 4
839 18 16
840 17 18
841 20 24
842 18 15
843 5 2
844 4 2
845 3 2
846 17 20
847 18 14
848 3 1
849 14 16
850 18 15
851 19 18
852 20 25
853 18 17
854 15 16
855 17 19
856 20 18
857 20 24
858 3 2
859 20 25
860 18 16
861 17 20
862 17 19
863 3 4
864 5 2
865 17 20
866 4 2
867 17 19
868 5 2
869 18 14
870 17 20
871 18 15
872 19 18
873 14 16
874 4 4
875 18 17
876 4 2
877 20 18
878 20 24
879 19 18
880 18 16
881 20 25
882 5 1
883 18 17
884 17 19
885 3 4
886 20 24
887 4 4
888 16 18
889 17 18
890 17 20
891 17 19
892 5 2
893 18 16
894 17 20
895 17 19
896 16 18
897 4 2
898 15 16
899 5 2
900 20 18
901 18 17
902 20 25
903 18 14
904 3 4
905 4 4
906 5 0
907 3 4
908 4 4
909 20 24
910 19 18
911 4 2
912 3 4
913 14 16
914 17 20
915 4 4
916 20 25
917 3 4
918 17 19
919 5 1
920 20 18
921 5 2
922 19 18
923 20 24
924 18 16
925 15 16
926 18 15
927 20 18
928 4 4
929 19 18
930 3 4
931 17 18
932 20 25
933 18 14
934 5 0
935 16 18
936 4 4
937 18 17
938 4 2
939 5 2
940 4 2
941 17 18
942 18 16
943 20 24
944 5 2
945 4 2
946 3 4
947 20 25
948 5 2
949 18 15
950 18 14
951 4 2
952 20 18
953 5 2
954 20 24
955 17 20
956 18 15
957 20 25
958 18 14
959 20 24
960 17 19
961 18 15
962 18 17
963 4 4
964 16 18
965 18 14
966 14 16
967 5 1
968 17 18
969 15 16
970 4 2
971 5 2
972 16 18
973 18 16
974 17 18
975 18 15
976 17 20
977 17 19
978 17 20
979 18 17
980 17 19
981 18 14
982 20 25
983 18 20
984 17 20
985 17 18
986 20 24
987 17 19
988 20 25
989 5 1
990 18 16
991 19 18
992 20 24
993 20 18
994 18 15
995 18 17
996 20 25
997 5 2
998 5 0
999 3 4
1000 18 16
1001 17 20
1002 17 19
1003 17 20
1004 20 24
1005 18 17
1006 18 16
1007 18 17
1008 18 16
1009 5 1
1010 5 0
1011 5 1
1012 20 25
1013 17 19
1014 14 16
1015 17 18
1016 4 2
1017 5 2
1018 15 16
1019 19 18
1020 17 19
1021 20 24
1022 17 20
1023 14 16
1024 18 14
1025 3 2
1026 20 25
1027 17 19
1028 4 2
1029 20 24
1030 18 15
1031 16 18
1032 18 14
1033 18 17
1034 4 4
1035 15 16
1036 3 4
1037 4 4
1038 18 16
1039 5 1
1040 17 20
1041 17 19
1042 14 16
1043 15 16
1044 20 25
1045 17 20
1046 18 15
1047 18 17
1048 17 19
1049 20 18
1050 18 14
1051 20 24
1052 5 2
1053 3 2
1054 17 20
1055 18 15
1056 4 2
1057 18 16
1058 17 18
1059 18 14
1060 14 16
1061 17 19
1062 19 18
1063 15 16
1064 18 15
1065 18 20
1066 3 2
1067 4 2
1068 5 1
1069 20 25
1070 17 20
1071 20 18
1072 18 21
1073 17 19
1074 19 18
1075 14 16
1076 18 20
1077 20 24
1078 5 2
1079 3 2
1080 20 18
1081 20 25
1082 17 20
1083 15 16
1084 19 18
1085 3 4
1086 4 2
1087 4 4
1088 14 16
1089 18 14
1090 18 15
1091 18 17
1092 20 18
1093 3 4
1094 4 4
1095 3 1
1096 3 4
1097 18 14
1098 19 18
1099 17 19
1100 5 2
1101 15 16
1102 20 24
1103 4 4
1104 17 20
1105 14 16
1106 3 2
1107 4 2
1108 20 18
1109 18 15
1110 19 18
1111 20 25
1112 20 18
1113 18 14
1114 15 16
1115 18 16
1116 3 4
1117 3 1
1118 17 19
1119 18 15
1120 20 24
1121 19 18
1122 20 25
1123 18 14
1124 14 16
1125 3 2
1126 4 4
1127 3 1
1128 3 2
1129 15 16
1130 17 20
1131 18 17
1132 20 24
1133 14 16
1134 5 2
1135 15 16
1136 18 15
1137 20 18
1138 19 18
1139 20 18
1140 3 4
1141 20 25
1142 19 18
1143 18 16
1144 17 18
1145 14 16
1146 4 2
1147 4 4
1148 18 17
1149 17 19
1150 18 14
1151 15 16
1152 18 16
1153 3 1
1154 18 15
1155 18 17
1156 20 24
1157 3 2
1158 17 18
1159 3 1
1160 3 4
1161 18 16
1162 20 18
1163 14 16
1164 18 17
1165 17 19
1166 20 25
1167 19 18
1168 20 24
1169 5 2
1170 17 18
1171 4 4
1172 3 2
1173 4 2
1174 18 16
1175 18 14
1176 20 18
1177 19 18
1178 17 19
1179 18 20
1180 20 18
1181 3 1
1182 17 20
1183 3 4
1184 3 2
1185 17 18
1186 19 18
1187 15 16
1188 17 19
1189 3 1
1190 20 18
1191 20 25
1192 3 2
1193 4 4
1194 18 15
1195 17 20
1196 20 24
1197 3 1
1198 3 4
1199 3 2
1200 18 14
1201 19 18
1202 4 4
1203 14 16
1204 18 17
1205 20 25
1206 20 18
1207 18 16
1208 5 2
1209 4 2
1210 15 16
1211 17 19
1212 18 15
1213 18 17
1214 14 16
1215 5 1
1216 16 18
1217 18 16
1218 18 14
1219 5 2
1220 15 16
1221 5 1
1222 3 4
1223 18 15
1224 19 18
1225 17 18
1226 18 17
1227 14 16
1228 20 24
1229 20 18
1230 18 14
1231 15 16
1232 17 20
1233 18 16
1234 18 15
1235 14 16
1236 20 25
1237 5 2
1238 4 2
1239 15 16
1240 17 19
1241 19 18
1242 14 16
1243 5 2
1244 20 24
1245 16 18
1246 15 16
1247 17 20
1248 20 25
1249 4 4
1250 3 4
1251 18 17
1252 18 16
1253 4 4
1254 18 14
1255 18 15
1256 4 2
1257 14 16
1258 20 18
1259 15 16
1260 17 19
1261 17 20
1262 5 2
1263 18 14
1264 19 18
1265 5 1
1266 17 19
1267 20 24
1268 14 16
1269 3 4
1270 20 18
1271 4 4
1272 17 20
1273 5 2
1274 19 18
1275 18 17
1276 17 18
1277 18 15
1278 5 0
1279 17 19
1280 5 1
1281 3 4
1282 18 14
1283 18 16
1284 16 18
1285 18 17
1286 4 4
1287 3 4
1288 18 15
1289 20 25
1290 4 4
1291 20 18
1292 20 24
1293 18 16
1294 18 17
1295 5 0
1296 17 18
1297 17 20
1298 5 1
1299 4 2
1300 17 19
1301 18 20
1302 3 4
1303 17 20
1304 17 19
1305 20 25
1306 18 16
1307 17 20
1308 17 18
1309 17 19
1310 18 17
1311 18 20
1312 18 14
1313 20 24
1314 20 25
1315 4 4
1316 5 2
1317 18 16
1318 18 15
1319 4 2
1320 19 18
1321 18 17
1322 5 2
1323 17 20
1324 18 16
1325 3 4
1326 4 2
1327 18 14
1328 17 19
1329 17 20
1330 20 24
1331 17 19
1332 15 16
1333 17 20
1334 18 15
1335 5 2
1336 18 14
1337 17 19
1338 17 20
1339 20 25
1340 20 18
1341 19 18
1342 17 18
1343 14 16
1344 5 0
1345 18 15
1346 18 14
1347 15 16
1348 20 18
1349 17 19
1350 17 18
1351 20 24
1352 18 15
1353 4 4
1354 3 4
1355 14 16
1356 18 14
1357 19 18
1358 5 1
1359 17 19
1360 16 18
1361 4 2
1362 4 4
1363 5 2
1364 3 4
1365 20 25
1366 15 16
1367 20 24
1368 3 2
1369 17 18
1370 4 2
1371 3 1
1372 4 4
1373 20 25
1374 18 15
1375 20 18
1376 5 2
1377 18 17
1378 19 18
1379 14 16
1380 3 4
1381 17 20
1382 20 24
1383 3 2
1384 17 19
1385 18 14
1386 17 18
1387 4 2
1388 20 25
1389 15 16
1390 14 16
1391 17 19
1392 16 18
1393 17 18
1394 16 18
1395 18 15
1396 20 24
1397 17 18
1398 15 16
1399 5 1
1400 18 14
1401 20 25
1402 18 15
1403 18 14
1404 17 20
1405 20 24
1406 18 15
1407 17 19
1408 18 14
1409 17 18
1410 5 2
1411 4 2
1412 17 19
1413 5 2
1414 20 25
1415 14 16
1416 18 15
1417 15 16
1418 18 14
1419 18 20
1420 20 24
1421 20 25
1422 20 18
1423 19 18
1424 17 20
1425 3 2
1426 20 24
1427 4 4
1428 17 19
1429 4 2
1430 20 25
1431 14 16
1432 18 16
1433 15 16
1434 3 4
1435 20 18
1436 17 20
1437 19 18
1438 14 16
1439 20 24
1440 18 21
1441 18 15
1442 20 25
1443 15 16
1444 17 19
1445 14 16
1446 3 2
1447 17 20
1448 18 14
1449 4 2
1450 15 16
1451 18 20
1452 18 17
1453 5 1
1454 18 21
1455 14 16
1456 18 20
1457 18 15
1458 17 19
1459 18 14
1460 18 16
1461 18 17
1462 18 15
1463 17 20
1464 18 20
1465 5 2
1466 3 2
1467 15 16
1468 18 14
1469 4 2
1470 4 4
1471 3 2
1472 4 2
1473 20 24
1474 20 18
1475 18 15
1476 18 14
1477 20 25
1478 18 16
1479 3 4
1480 18 15
1481 5 1
1482 18 17
1483 18 16
1484 4 4
1485 17 20
1486 3 4
1487 18 17
1488 18 20
1489 17 20
1490 14 16
1491 18 16
1492 15 16
1493 14 16
1494 18 14
1495 18 17
1496 17 19
1497 15 16
1498 17 20
1499 20 24
1500 4 4
1501 18 20
1502 5 2
1503 17 20
1504 17 19
1505 14 16
1506 18 15
1507 18 14
1508 20 25
1509 18 16
1510 20 24
1511 15 16
1512 17 20
1513 14 16
1514 3 2
1515 4 2
1516 19 18
1517 18 17
1518 20 25
1519 3 4
1520 15 16
1521 14 16
1522 3 2
1523 15 16
1524 4 4
1525 17 19
1526 14 16
1527 18 16
1528 3 4
1529 4 2
1530 17 20
1531 5 1
1532 17 18
1533 5 2
1534 17 19
1535 3 2
1536 18 20
1537 18 15
1538 20 24
1539 17 20
1540 4 4
1541 15 16
1542 20 18
1543 18 14
1544 3 4
1545 14 16
1546 4 2
1547 18 21
1548 20 25
1549 18 17
1550 17 19
1551 18 15
1552 3 1
1553 18 20
1554 20 24
1555 15 16
1556 17 20
1557 5 2
1558 3 2
1559 17 18
1560 14 16
1561 17 19
1562 18 14
1563 4 2
1564 18 15
1565 20 25
1566 18 16
1567 15 16
1568 4 4
1569 3 2
1570 4 2
1571 18 14
1572 14 16
1573 15 16
1574 14 16
1575 18 17
1576 18 15
1577 3 1
1578 18 16
1579 18 14
1580 18 17
1581 5 2
1582 3 2
1583 15 16
1584 3 4
1585 18 16
1586 4 4
1587 4 2
1588 18 20
1589 19 18
1590 17 20
1591 18 20
1592 20 24
1593 3 4
1594 5 2
1595 17 20
1596 20 25
1597 20 18
1598 18 15
1599 19 18
1600 18 14
1601 18 20
1602 20 24
1603 18 17
1604 20 18
1605 14 16
1606 20 25
1607 15 16
1608 17 20
1609 4 2
1610 20 24
1611 18 20
1612 18 15
1613 18 16
1614 4 4
1615 17 20
1616 20 25
1617 17 19
1618 3 2
1619 18 17
1620 18 16
1621 20 24
1622 18 17
1623 4 2
1624 14 16
1625 18 14
1626 19 18
1627 18 15
1628 17 20
1629 5 1
1630 5 2
1631 15 16
1632 17 18
1633 14 16
1634 3 4
1635 5 0
1636 5 1
1637 5 0
1638 4 4
1639 20 18
1640 19 18
1641 17 19
1642 18 16
1643 20 18
1644 4 2
1645 18 17
1646 18 14
1647 18 20
1648 15 16
1649 5 2
1650 17 20
1651 19 18
1652 20 25
1653 14 16
1654 15 16
1655 20 18
1656 18 16
1657 20 24
1658 18 20
1659 19 18
1660 4 2
1661 20 25
1662 5 1
1663 5 2
1664 18 15
1665 18 14
1666 4 2
1667 18 15
1668 18 14
1669 17 20
1670 20 24
1671 3 4
1672 17 19
1673 17 20
1674 5 2
1675 20 18
1676 5 0
1677 18 17
1678 18 20
1679 18 16
1680 19 18
1681 4 2
1682 5 1
1683 18 15
1684 5 2
1685 20 18
1686 18 14
1687 17 20
1688 18 21
1689 20 25
1690 3 2
1691 18 15
1692 19 18
1693 17 19
1694 4 4
1695 3 4
1696 17 20
1697 4 2
1698 18 20
1699 4 4
1700 18 17
1701 14 16
1702 20 24
1703 18 16
1704 18 14
1705 20 18
1706 19 18
1707 20 18
1708 17 19
1709 18 17
1710 19 18
1711 17 20
1712 15 16
1713 5 2
1714 3 4
1715 14 16
1716 18 15
1717 20 18
1718 4 4
1719 15 16
1720 3 4
1721 18 16
1722 18 17
1723 4 2
1724 18 16
1725 4 4
1726 19 18
1727 3 2
1728 14 16
1729 18 21
1730 18 17
1731 20 25
1732 4 2
1733 3 1
1734 18 16
1735 20 24
1736 15 16
1737 18 14
1738 20 18
1739 5 2
1740 19 18
1741 18 20
1742 3 4
1743 20 25
1744 17 19
1745 18 17
1746 18 16
1747 3 2
1748 18 15
1749 20 24
1750 4 2
1751 17 20
1752 5 2
1753 18 21
1754 20 18
1755 4 2
1756 19 18
1757 18 14
1758 3 2
1759 14 16
1760 4 2
1761 18 17
1762 3 2
1763 18 16
1764 20 18
1765 18 20
1766 18 17
1767 18 15
1768 4 2
1769 15 16
1770 5 2
1771 17 19
1772 18 14
1773 14 16
1774 17 20
1775 15 16
1776 4 2
1777 5 1
1778 4 4
1779 18 20
1780 5 2
1781 18 15
1782 3 2
1783 17 20
1784 14 16
1785 18 20
1786 4 2
1787 17 20
1788 15 16
1789 20 25
1790 18 14
1791 17 18
1792 3 4
1793 19 18
1794 18 15
1795 17 19
1796 16 18
1797 4 4
1798 5 2
1799 4 2
1800 20 24
1801 20 18
1802 20 25
1803 19 18
1804 18 16
1805 18 14
1806 5 1
1807 20 24
1808 18 17
1809 5 2
1810 3 2
1811 20 18
1812 14 16
1813 20 25
1814 4 2
1815 18 16
1816 3 1
1817 20 24
1818 19 18
1819 20 25
1820 17 18
1821 17 20
1822 3 2
1823 5 2
1824 18 17
1825 17 19
1826 18 16
1827 18 17
1828 17 20
1829 18 16
1830 17 19
1831 3 4
1832 20 18
1833 4 2
1834 4 4
1835 19 18
1836 3 4
1837 18 17
1838 15 16
1839 3 1
1840 16 18
1841 17 20
1842 4 4
1843 5 2
1844 3 4
1845 17 19
1846 18 16
1847 20 18
1848 20 24
1849 17 20
1850 17 19
1851 4 2
1852 20 25
1853 18 15
1854 4 4
1855 18 17
1856 3 2
1857 5 2
1858 3 4
1859 4 2
1860 18 14
1861 18 15
1862 4 4
1863 17 18
1864 18 14
1865 14 16
1866 18 15
1867 18 14
1868 20 24
1869 16 18
1870 17 18
1871 18 15
1872 19 18
1873 5 1
1874 5 2
1875 18 16
1876 15 16
1877 5 1
1878 16 18
1879 17 20
1880 18 17
1881 18 14
1882 17 19
1883 18 15
1884 20 25
1885 20 18
1886 17 20
1887 18 16
1888 17 19
1889 17 20
1890 19 18
1891 20 24
1892 17 19
1893 17 20
1894 17 18
1895 14 16
1896 17 19
1897 5 2
1898 18 20
1899 17 20
1900 20 25
1901 18 14
1902 4 2
1903 5 2
1904 3 4
1905 20 24
1906 15 16
1907 18 15
1908 4 4
1909 20 18
1910 20 25
1911 5 1
1912 3 4
1913 5 2
1914 18 21
1915 18 17
1916 14 16
1917 20 24
1918 5 1
1919 19 18
1920 20 25
1921 17 19
1922 5 2
1923 17 20
1924 17 19
1925 4 4
1926 5 0
1927 4 2
1928 5 2
1929 3 4
1930 18 16
1931 4 2
1932 4 4
1933 20 18
1934 20 24
1935 15 16
1936 3 4
1937 4 4
1938 17 20
1939 5 1
1940 5 2
1941 4 2
1942 14 16
1943 19 18
1944 3 4
1945 5 2
1946 17 19
1947 5 0
1948 18 17
1949 5 1
1950 18 20
1951 20 18
1952 18 16
1953 17 20
1954 17 18
1955 20 25
1956 18 17
1957 15 16
1958 17 19
1959 17 18
1960 17 19
1961 4 2
1962 18 14
1963 4 4
1964 17 18
1965 20 24
1966 14 16
1967 18 16
1968 3 4
1969 5 2
1970 5 0
1971 4 2
1972 5 2
1973 18 17
1974 19 18
1975 4 4
1976 3 4
1977 4 4
1978 18 15
1979 17 19
1980 16 18
1981 20 18
1982 18 16
1983 18 17
1984 18 14
1985 17 18
1986 4 2
1987 5 1
1988 19 18
1989 15 16
1990 20 18
1991 3 4
1992 18 15
1993 4 4
1994 17 20
1995 17 19
1996 5 2
1997 14 16
1998 19 18
1999 20 25
2000 18 16
2001 3 4
2002 20 18
2003 15 16
2004 18 14
2005 17 18
2006 4 4
2007 18 17
2008 17 19
2009 16 18
2010 17 18
2011 3 2
2012 3 4
2013 17 20
2014 18 16
2015 20 24
2016 19 18
2017 4 4
2018 20 18
2019 18 17
2020 18 16
2021 18 17
2022 4 2
2023 18 15
2024 3 4
2025 4 4
2026 18 16
2027 5 1
2028 3 4
2029 19 18
2030 18 14
2031 18 17
2032 17 19
2033 5 2
2034 3 2
2035 20 18
2036 14 16
2037 4 2
2038 15 16
2039 14 16
2040 17 18
2041 19 18
2042 17 19
2043 4 4
2044 20 25
2045 18 15
2046 16 18
2047 18 16
2048 17 20
2049 18 14
2050 3 4
2051 17 18
2052 17 19
2053 20 24
2054 18 17
2055 18 15
2056 3 2
2057 18 14
2058 15 16
2059 20 25
2060 18 15
2061 20 18
2062 20 24
2063 14 16
2064 18 14
2065 18 20
2066 4 4
2067 17 20
2068 3 4
2069 18 21
2070 4 4
2071 18 16
2072 19 18
2073 18 20
2074 4 2
2075 20 25
2076 20 18
2077 18 17
2078 18 21
2079 15 16
2080 20 24
2081 20 25
2082 18 20
2083 3 4
2084 17 19
2085 18 15
2086 5 1
2087 18 14
2088 5 2
2089 18 15
2090 17 20
2091 5 0
2092 4 4
2093 17 18
2094 19 18
2095 17 19
2096 3 4
2097 17 20
2098 20 18
2099 14 16
2100 17 19
2101 17 18
2102 19 18
2103 18 14
2104 20 18
2105 5 1
2106 18 15
2107 17 19
2108 4 2
2109 17 18
2110 4 4
2111 18 14
2112 18 16
2113 5 2
2114 5 1
2115 18 15
2116 17 19
2117 18 14
2118 15 16
2119 5 2
2120 4 2
2121 5 2
2122 4 2
2123 20 24
2124 18 15
2125 18 17
2126 14 16
2127 5 2
2128 16 18
2129 17 18
2130 3 2
2131 4 2
2132 18 16
2133 16 18
2134 17 18
2135 18 17
2136 15 16
2137 3 1
2138 18 16
2139 16 18
2140 17 20
2141 20 25
2142 5 2
2143 14 16
2144 15 16
2145 18 17
2146 17 18
2147 3 2
2148 4 2
2149 3 1
2150 18 16
2151 14 16
2152 18 14
2153 18 17
2154 5 2
2155 19 18
2156 18 15
2157 3 4
2158 18 16
2159 20 24
2160 3 2
2161 4 2
2162 20 25
2163 4 4
2164 3 2
2165 20 18
2166 4 2
2167 19 18
2168 17 19
2169 18 17
2170 15 16
2171 18 16
2172 17 18
2173 14 16
2174 20 18
2175 5 2
2176 18 14
2177 17 19
2178 15 16
2179 20 24
2180 18 20
2181 17 20
2182 4 2
2183 3 4
2184 18 21
2185 18 15
2186 18 17
2187 18 14
2188 3 2
2189 19 18
2190 17 19
2191 4 2
2192 3 1
2193 18 16
2194 18 17
2195 5 2
2196 4 2
2197 20 25
2198 14 16
2199 5 2
2200 18 15
2201 20 18
2202 4 4
2203 18 20
2204 3 2
2205 18 16
2206 18 17
2207 18 14
2208 17 20
2209 4 2
2210 20 24
2211 17 19
2212 17 20
2213 19 18
2214 18 20
2215 20 25
2216 18 16
2217 5 2
2218 17 20
2219 20 18
2220 3 4
2221 4 2
2222 17 19
2223 19 18
2224 4 4
2225 5 1
2226 17 20
2227 20 24
2228 20 25
2229 18 21
2230 5 2
2231 18 17
2232 4 2
2233 17 19
2234 5 2
2235 15 16
2236 14 16
2237 15 16
2238 20 18
2239 4 2
2240 3 4
2241 18 16
2242 5 2
2243 4 2
2244 17 20
2245 18 20
2246 5 2
2247 17 19
2248 17 20
2249 3 2
2250 17 19
2251 19 18
2252 14 16
2253 18 15
2254 18 14
2255 4 2
2256 20 18
2257 18 15
2258 3 2
2259 19 18
2260 17 20
2261 4 2
2262 4 4
2263 17 18
2264 20 18
2265 3 4
2266 18 14
2267 18 15
2268 17 19
2269 15 16
2270 18 14
2271 18 17
2272 14 16
2273 3 1
2274 15 16
2275 4 4
2276 19 18
2277 18 16
2278 3 2
2279 18 15
2280 3 1
2281 14 16
2282 15 16
2283 20 24
2284 20 25
2285 3 4
2286 4 4
2287 18 17
2288 5 2
2289 18 14
2290 20 18
2291 4 2
2292 18 16
2293 14 16
2294 5 2
2295 4 2
2296 15 16
2297 3 4
2298 3 2
2299 19 18
2300 18 20
2301 17 20
2302 18 17
2303 20 18
2304 17 18
2305 5 2
2306 17 19
2307 4 4
2308 17 18
2309 19 18
2310 3 4
2311 18 15
2312 18 14
2313 18 16
2314 4 4
2315 3 4
2316 20 24
2317 4 4
2318 3 4
2319 4 4
2320 4 2
2321 18 17
2322 18 16
2323 17 19
2324 3 1
2325 14 16
2326 15 16
2327 3 4
2328 18 15
2329 20 18
2330 3 2
2331 18 20
2332 18 14
2333 19 18
2334 17 20
2335 14 16
2336 18 15
2337 4 4
2338 17 19
2339 3 4
2340 5 2
2341 4 4
2342 4 2
2343 3 4
2344 20 25
2345 20 24
2346 20 25
2347 18 14
2348 4 4
2349 20 18
2350 15 16
2351 17 20
2352 14 16
2353 17 19
2354 5 1
2355 5 2
2356 18 15
2357 5 0
2358 5 1
2359 20 24
2360 19 18
2361 15 16
2362 18 14
2363 18 15
2364 20 18
2365 17 20
2366 3 4
2367 20 25
2368 5 0
2369 5 1
2370 19 18
2371 18 21
2372 20 24
2373 20 25
2374 20 24
2375 5 0
2376 20 25
2377 20 24
2378 4 4
2379 20 25
2380 20 18
2381 18 14
2382 18 15
2383 19 18
2384 20 18
2385 5 1
2386 20 24
2387 5 0
2388 5 1
2389 20 25
2390 17 19
2391 18 20
2392 17 20
2393 3 4
2394 4 4
2395 18 17
2396 17 18
2397 5 0
2398 17 19
2399 4 2
2400 14 16
2401 3 4
2402 18 14
2403 16 18
2404 18 16
2405 5 2
2406 20 24
2407 20 25
2408 19 18
2409 17 20
2410 17 18
2411 18 15
2412 4 2
2413 18 17
2414 18 16
2415 20 18
2416 17 19
2417 19 18
2418 15 16
2419 20 24
2420 5 1
2421 5 2
2422 20 25
2423 16 18
2424 14 16
2425 17 18
2426 18 14
2427 4 2
2428 15 16
2429 4 4
2430 5 2
2431 18 17
2432 3 4
2433 17 20
2434 18 16
2435 18 17
2436 18 16
2437 5 1
2438 17 19
2439 16 18
2440 20 18
2441 14 16
2442 17 20
2443 17 18
2444 18 15
2445 17 19
2446 5 2
2447 18 14
2448 20 24
2449 19 18
2450 4 4
2451 3 4
2452 18 20
2453 20 25
2454 15 16
2455 4 2
2456 20 24
2457 14 16
2458 20 18
2459 18 15
2460 15 16
2461 5 2
2462 5 0
2463 5 1
2464 20 25
2465 4 4
2466 14 16
2467 18 14
2468 4 2
2469 3 4
2470 17 20
2471 17 18
2472 17 19
2473 15 16
2474 18 17
2475 19 18
2476 18 16
2477 17 18
2478 18 15
2479 18 14
2480 18 15
2481 20 24
2482 5 2
2483 14 16
2484 17 19
2485 17 18
2486 18 14
2487 17 19
2488 18 17
2489 4 4
2490 20 25
2491 20 24
2492 20 18
2493 18 15
2494 3 2
2495 3 4
2496 20 25
2497 4 2
2498 3 2
2499 17 18
2500 4 2
2501 18 14
2502 18 15
2503 18 16
2504 5 1
2505 5 2
2506 17 19
2507 17 20
2508 5 1
2509 18 17
2510 18 16
2511 18 14
2512 17 19
2513 19 18
2514 5 2
2515 5 1
2516 4 4
2517 16 18
2518 5 2
2519 20 24
2520 17 20
2521 17 18
2522 20 18
2523 4 2
2524 3 4
2525 15 16
2526 17 19
2527 20 25
2528 4 4
2529 20 24
2530 18 20
2531 17 20
2532 5 2
2533 18 17
2534 20 25
2535 19 18
2536 17 18
2537 3 4
2538 20 24
2539 17 19
2540 14 16
2541 18 16
2542 18 20
2543 17 20
2544 20 25
2545 20 18
2546 4 4
2547 3 4
2548 19 18
2549 15 16
2550 17 18
2551 20 18
2552 17 19
2553 18 17
2554 19 18
2555 20 24
2556 18 15
2557 17 18
2558 17 19
2559 3 2
2560 4 2
2561 20 25
2562 20 24
2563 18 16
2564 18 20
2565 5 2
2566 4 4
2567 18 17
2568 3 4
2569 14 16
2570 4 2
2571 3 2
2572 17 20
2573 17 19
2574 17 20
2575 18 16
2576 4 4
2577 17 19
2578 3 4
2579 20 25
2580 4 2
2581 17 20
2582 5 1
2583 18 20
2584 5 2
2585 17 20
2586 18 17
2587 15 16
2588 4 2
2589 20 18
2590 18 14
2591 14 16
2592 18 16
2593 5 2
2594 18 15
2595 18 21
2596 18 20
2597 18 14
2598 17 19
2599 18 15
2600 4 4
2601 17 20
2602 18 21
2603 18 14
2604 19 18
2605 3 4
2606 17 19
2607 18 15
2608 3 2
2609 18 20
2610 18 17
2611 20 24
2612 17 20
2613 4 2
2614 18 14
2615 20 25
2616 18 16
2617 18 15
2618 17 18
2619 18 14
2620 17 19
2621 3 2
2622 17 18
2623 17 19
2624 4 4
2625 4 2
2626 18 15
2627 3 1
2628 17 18
2629 20 18
2630 15 16
2631 18 14
2632 20 24
2633 5 2
2634 3 2
2635 4 2
2636 17 19
2637 19 18
2638 14 16
2639 5 1
2640 3 4
2641 17 18
2642 5 2
2643 5 1
2644 17 19
2645 17 20
2646 17 19
2647 18 20
2648 5 2
2649 5 0
2650 5 1
2651 20 18
2652 19 18
2653 18 15
2654 15 16
2655 18 17
2656 20 25
2657 18 14
2658 17 20
2659 18 15
2660 18 20
2661 4 2
2662 17 20
2663 18 21
2664 17 19
2665 18 16
2666 5 2
2667 4 4
2668 5 0
2669 3 4
2670 18 17
2671 17 20
2672 18 16
2673 18 20
2674 18 14
2675 5 1
2676 4 2
2677 5 2
2678 18 21
2679 20 18
2680 4 4
2681 19 18
2682 18 20
2683 4 2
2684 18 15
2685 5 2
2686 18 14
2687 3 4
2688 20 18
2689 18 21
2690 4 4
2691 18 17
2692 18 20
2693 20 24
2694 14 16
2695 5 1
2696 18 21
2697 3 4
2698 19 18
2699 18 16
# colocadas=2700 ocupadas=10 mayor=1471
