0 5 2
1 18 17
2 15 16
3 17 19
4 14 16
5 15 16
6 20 24
7 3 4
8 4 11
9 16 16
10 15 16
11 25 17
12 3 13
13 4 21
14 7 6
15 24 5
16 15 0
17 29 18
18 16 18
19 28 26
20 2 0
21 7 23
22 17 2
23 8 23
24 7 23
25 4 8
26 26 7
27 23 10
28 23 14
29 10 27
30 0 22
31 7 12
32 3 14
33 22 21
34 5 11
35 29 26
36 15 15
37 15 16
38 4 11
39 14 15
40 28 26
41 4 10
42 4 11
43 6 19
44 27 6
45 8 22
46 14 17
47 28 16
48 20 25
49 20 24
50 25 12
51 20 18
52 21 22
53 26 12
54 25 12
55 20 5
56 3 11
57 8 12
58 4 11
59 27 16
60 7 12
61 23 15
62 22 22
63 28 18
64 14 16
65 14 0
66 15 0
67 14 1
68 9 12
69 22 10
70 29 18
71 21 5
72 23 10
73 23 14
74 3 8
75 14 18
76 4 22
77 29 19
78 4 8
79 4 21
80 17 20
81 14 0
82 17 19
83 28 16
84 29 18
85 17 18
86 14 1
87 21 22
88 16 18
89 20 5
90 27 28
91 4 2
92 29 16
93 5 2
94 22 22
95 28 16
96 21 22
97 10 29
98 4 23
99 16 19
100 28 19
101 8 21
102 16 18
103 8 22
104 4 14
105 3 14
106 6 18
107 13 26
108 21 10
109 2 13
110 23 13
111 14 17
112 5 19
113 16 20
114 26 11
115 3 10
116 19 18
117 6 19
118 3 13
119 29 25
120 26 10
121 23 14
122 14 16
123 8 12
124 5 10
125 7 21
126 15 16
127 20 18
128 6 18
129 3 6
130 13 9
131 17 11
132 26 2
133 14 0
134 25 28
135 16 19
136 26 12
137 22 5
138 9 12
139 16 18
140 25 12
141 18 14
142 6 17
143 9 27
144 26 3
145 5 14
146 19 17
147 18 20
148 10 27
149 6 18
150 7 19
151 2 14
152 11 27
153 10 27
154 22 10
155 15 15
156 11 26
157 25 11
158 29 26
159 15 16
160 23 10
161 23 5
162 24 5
163 24 15
164 13 27
165 4 10
166 4 4
167 3 4
168 18 16
169 18 17
170 11 29
171 14 15
172 8 12
173 26 16
174 6 19
175 11 25
176 17 20
177 28 18
178 20 10
179 7 12
180 5 18
181 9 28
182 19 18
183 3 3
184 3 4
185 4 11
186 4 22
187 16 0
188 23 12
189 4 21
190 25 16
191 4 20
192 16 21
193 23 22
194 17 16
195 3 2
196 13 15
197 27 26
198 24 28
199 18 19
200 8 12
201 3 11
202 3 8
203 22 22
204 1 22
205 28 26
206 27 5
207 17 19
208 23 21
209 18 11
210 19 25
211 19 26
212 16 20
213 25 5
214 29 15
215 6 12
216 16 19
217 16 18
218 4 11
219 20 11
220 26 16
221 4 2
222 17 11
223 20 12
224 4 21
225 3 9
226 3 10
227 16 2
228 18 11
229 22 21
230 22 22
231 8 24
232 23 15
233 24 5
234 8 21
235 20 18
236 25 7
237 7 5
238 17 18
239 8 23
240 29 18
241 25 12
242 6 18
243 16 21
244 3 2
245 25 11
246 20 11
247 21 21
248 22 12
249 2 11
250 7 6
251 15 0
252 23 12
253 4 2
254 7 23
255 3 2
256 26 7
257 9 24
258 7 19
259 16 18
260 13 14
261 29 16
262 27 26
263 6 21
264 17 0
265 26 11
266 28 26
267 19 17
268 27 16
269 2 13
270 23 11
271 18 17
272 2 1
273 6 11
274 7 21
275 25 6
276 3 13
277 16 19
278 17 2
279 22 21
280 4 8
281 23 14
282 6 19
283 23 22
284 3 8
285 17 19
286 8 5
287 16 16
288 23 10
289 4 8
290 4 14
291 18 20
292 4 2
293 6 21
294 5 2
295 28 16
296 5 1
297 3 14
298 7 12
299 21 5
300 5 2
301 23 21
302 23 15
303 6 12
304 18 15
305 28 20
306 25 15
307 9 25
308 25 12
309 28 19
310 21 21
311 18 14
312 16 0
313 6 11
314 18 15
315 4 13
316 28 20
317 5 21
318 16 20
319 29 15
320 16 21
321 8 4
322 17 11
323 13 26
324 2 0
325 6 12
326 26 2
327 6 17
328 4 21
329 1 11
330 26 13
331 8 22
332 0 22
333 13 17
334 16 19
335 8 3
336 1 12
337 4 19
338 22 21
339 22 11
340 17 19
341 6 18
342 16 19
343 26 10
344 3 13
345 5 13
346 25 28
347 10 25
348 27 27
349 0 12
350 8 19
351 20 25
352 15 16
353 29 19
354 9 27
355 5 11
356 10 29
357 29 25
358 4 24
359 18 18
360 6 17
361 21 22
362 22 12
363 23 21
364 26 12
365 6 18
366 2 1
367 17 17
368 9 29
369 18 17
370 15 0
371 23 11
372 23 14
373 22 21
374 7 13
375 7 5
376 4 11
377 29 26
378 4 10
379 27 29
380 18 18
381 4 22
382 7 12
383 4 3
384 18 17
385 26 3
386 20 24
387 14 17
388 9 25
389 14 19
390 22 22
391 29 16
392 29 18
393 28 26
394 26 11
395 5 3
396 3 1
397 13 15
398 15 15
399 27 28
400 16 2
401 17 16
402 26 2
403 7 19
404 4 11
405 17 19
406 5 19
407 4 14
408 14 0
409 4 18
410 28 19
411 9 12
412 8 21
413 22 10
414 27 26
415 22 21
416 4 21
417 29 19
418 20 25
419 26 12
420 4 4
421 27 16
422 23 15
423 8 12
424 5 11
425 25 16
426 23 14
427 27 27
428 28 16
429 5 14
430 26 15
431 26 16
432 4 20
433 18 21
434 19 25
435 27 16
436 20 12
437 26 17
438 25 7
439 4 11
440 26 3
441 7 6
442 23 12
443 3 9
444 5 2
445 23 10
446 29 18
447 8 22
448 17 18
449 22 4
450 29 26
451 4 19
452 4 21
453 26 6
454 15 0
455 9 12
456 5 13
457 11 29
458 3 2
459 3 10
460 1 22
461 5 14
462 15 16
463 27 29
464 16 15
465 20 24
466 10 29
467 23 11
468 8 19
469 13 14
470 17 19
471 17 2
472 17 18
473 23 21
474 16 0
475 3 20
476 3 14
477 28 18
478 15 0
479 26 7
480 5 19
481 25 17
482 5 13
483 19 18
484 14 1
485 8 12
486 4 3
487 23 15
488 19 26
489 4 4
490 14 18
491 8 23
492 5 11
493 25 16
494 3 13
495 11 28
496 7 23
497 26 2
498 7 5
499 3 24
500 29 24
501 20 11
502 3 3
503 25 12
504 16 16
505 6 19
506 28 16
507 1 12
508 5 19
509 2 13
510 14 16
511 13 15
512 18 11
513 5 14
514 4 13
515 4 11
516 4 24
517 17 11
518 25 5
519 22 21
520 26 12
521 27 6
522 3 9
523 29 18
524 24 17
525 24 5
526 20 5
527 17 16
528 6 11
529 3 10
530 16 16
531 23 10
532 18 14
533 18 11
534 3 13
535 13 10
536 18 20
537 2 9
538 29 20
539 10 25
540 19 17
541 18 15
542 19 25
543 22 12
544 3 1
545 4 14
546 9 12
547 14 17
548 16 2
549 21 5
550 4 17
551 20 12
552 8 12
553 0 12
554 26 11
555 28 18
556 9 24
557 16 14
558 19 26
559 5 14
560 26 3
561 29 21
562 4 14
563 6 12
564 3 14
565 20 11
566 3 13
567 6 19
568 26 6
569 19 25
570 26 13
571 22 22
572 6 14
573 28 26
574 16 18
575 3 5
576 9 25
577 26 10
578 23 12
579 7 12
580 1 12
581 3 4
582 5 14
583 18 17
584 5 3
585 22 21
586 7 3
587 4 22
588 17 14
589 23 14
590 3 2
591 5 11
592 5 2
593 2 0
594 11 25
595 8 23
596 8 21
597 22 3
598 5 0
599 26 11
600 20 12
601 26 12
602 15 16
603 6 17
604 21 23
605 5 15
606 17 20
607 16 17
608 5 13
609 25 11
610 28 20
611 6 12
612 10 25
613 2 1
614 26 2
615 3 9
616 21 18
617 3 8
618 3 14
619 25 6
620 11 25
621 29 18
622 20 5
623 4 2
624 25 7
625 16 19
626 11 29
627 25 17
628 5 14
629 27 16
630 7 14
631 18 16
632 25 6
633 18 17
634 18 14
635 3 1
636 4 21
637 25 12
638 5 9
639 6 11
640 23 21
641 18 16
642 3 24
643 16 18
644 16 20
645 23 11
646 10 29
647 22 21
648 11 29
649 26 16
650 23 15
651 17 11
652 14 0
653 8 22
654 6 18
655 10 25
656 26 13
657 5 16
658 23 5
659 16 0
660 16 19
661 27 28
662 6 12
663 10 27
664 13 27
665 9 27
666 20 25
667 14 15
668 13 26
669 21 22
670 20 18
671 16 18
672 28 19
673 7 21
674 26 29
675 5 19
676 16 17
677 28 18
678 18 18
679 25 15
680 18 20
681 2 13
682 7 19
683 6 9
684 4 3
685 22 4
686 23 10
687 25 16
688 7 23
689 4 10
690 8 23
691 19 26
692 8 21
693 4 19
694 29 25
695 4 11
696 14 1
697 20 24
698 15 0
699 4 22
700 0 22
701 25 7
702 27 29
703 4 21
704 22 3
705 9 24
706 18 17
707 5 13
708 6 17
709 0 12
710 5 19
711 10 29
712 4 24
713 7 6
714 22 22
715 2 20
716 16 14
717 26 29
718 9 25
719 16 18
720 3 2
721 18 21
722 5 14
723 6 11
724 19 17
725 28 16
726 6 14
727 27 16
728 17 14
729 13 27
730 5 13
731 17 2
732 7 9
733 23 14
734 8 9
735 10 27
736 4 4
737 24 28
738 3 13
739 1 22
740 9 27
741 3 14
742 27 29
743 3 13
744 1 12
745 15 19
746 3 3
747 29 16
748 18 15
749 3 0
750 5 11
751 25 28
752 25 17
753 3 4
754 9 12
755 0 22
756 4 10
757 19 14
758 27 6
759 18 16
760 22 10
761 21 5
762 14 16
763 28 16
764 8 12
765 20 25
766 7 23
767 29 16
768 10 27
769 4 18
770 2 21
771 2 0
772 4 11
773 26 28
774 16 19
775 6 11
776 11 25
777 4 19
778 18 17
779 14 0
780 19 21
781 4 17
782 21 23
783 8 23
784 14 18
785 18 21
786 3 1
787 4 3
788 18 20
789 22 21
790 23 10
791 11 29
792 22 12
793 1 22
794 28 19
795 20 11
796 27 28
797 20 24
798 5 11
799 8 19
800 28 18
801 6 16
802 9 11
803 0 22
804 23 22
805 14 19
806 14 1
807 17 20
808 3 10
809 4 22
810 13 14
811 13 15
812 7 19
813 21 22
814 13 26
815 1 22
816 7 12
817 26 12
818 13 9
819 4 8
820 3 24
821 4 4
822 4 21
823 4 18
824 22 22
825 16 21
826 29 26
827 9 27
828 24 5
829 7 5
830 18 20
831 2 1
832 6 18
833 19 25
834 23 21
835 14 17
836 21 22
837 26 3
838 8 3
839 7 21
840 19 26
841 8 21
842 5 1
843 9 22
844 7 14
845 25 11
846 2 20
847 26 17
848 8 22
849 5 16
850 4 22
851 25 6
852 4 21
853 16 0
854 6 17
855 4 17
856 6 11
857 23 22
858 5 2
859 23 15
860 27 27
861 26 15
862 10 27
863 26 2
864 7 3
865 28 20
866 10 25
867 22 22
868 20 25
869 5 14
870 6 18
871 28 19
872 3 9
873 26 10
874 5 13
875 7 23
876 20 24
877 21 23
878 16 18
879 16 20
880 16 22
881 6 16
882 23 5
883 4 24
884 23 12
885 3 24
886 3 10
887 6 12
888 8 3
889 17 0
890 27 28
891 2 21
892 16 2
893 21 22
894 17 20
895 3 1
896 19 25
897 16 0
898 21 23
899 9 9
900 2 20
901 26 3
902 26 11
903 2 14
904 5 11
905 12 14
906 28 16
907 10 29
908 7 3
909 16 20
910 22 21
911 2 1
912 6 10
913 25 17
914 20 12
915 17 2
916 9 21
917 7 12
918 6 19
919 0 12
920 1 12
921 27 26
922 9 12
923 17 0
924 24 28
925 3 14
926 13 14
927 8 9
928 28 25
929 14 18
930 15 19
931 22 22
932 19 18
933 4 14
934 28 26
935 14 19
936 8 21
937 15 16
938 25 12
939 4 24
940 29 20
941 29 21
942 8 19
943 22 10
944 25 11
945 11 26
946 3 8
947 20 5
948 22 12
949 25 7
950 18 18
951 17 20
952 14 0
953 5 17
954 2 0
955 24 5
956 14 18
957 9 25
958 11 29
959 18 14
960 19 18
961 9 9
962 4 8
963 11 28
964 8 3
965 5 0
966 5 14
967 9 10
968 9 27
969 25 12
970 18 16
971 19 17
972 16 2
973 18 11
974 20 11
975 23 14
976 7 6
977 17 18
978 25 28
979 0 22
980 22 4
981 2 1
982 29 15
983 17 2
984 20 25
985 16 19
986 20 12
987 26 16
988 12 15
989 5 19
990 4 11
991 28 20
992 27 26
993 25 16
994 27 5
995 3 14
996 4 19
997 14 16
998 25 11
999 26 17
1000 20 24
1001 5 13
1002 18 15
1003 23 10
1004 28 26
1005 29 20
1006 16 23
1007 10 25
1008 26 7
1009 5 16
1010 23 21
1011 6 18
1012 18 17
1013 5 14
1014 23 5
1015 21 18
1016 16 16
1017 17 19
1018 17 14
1019 16 18
1020 29 21
1021 9 22
1022 27 16
1023 8 22
1024 7 16
1025 19 16
1026 4 18
1027 25 15
1028 3 24
1029 26 15
1030 14 2
1031 8 12
1032 5 1
1033 20 18
1034 3 13
1035 2 0
1036 23 15
1037 1 22
1038 16 19
1039 18 16
1040 3 9
1041 8 23
1042 17 20
1043 6 16
1044 4 3
1045 22 10
1046 2 1
1047 0 22
1048 14 17
1049 27 25
1050 21 5
1051 7 3
1052 22 21
1053 27 6
1054 29 26
1055 4 1
1056 17 19
1057 15 16
1058 0 12
1059 9 21
1060 16 18
1061 28 26
1062 11 25
1063 25 7
1064 14 16
1065 8 9
1066 26 16
1067 6 19
1068 23 12
1069 26 7
1070 27 5
1071 25 12
1072 8 21
1073 4 22
1074 6 14
1075 3 14
1076 9 11
1077 18 14
1078 21 22
1079 5 19
1080 7 12
1081 25 11
1082 11 29
1083 13 10
1084 27 6
1085 29 16
1086 10 29
1087 24 28
1088 18 21
1089 9 22
1090 5 11
1091 19 18
1092 26 15
1093 22 3
1094 25 17
1095 23 21
1096 26 25
1097 17 11
1098 13 9
1099 3 8
1100 4 2
1101 4 24
1102 22 21
1103 8 3
1104 8 16
1105 7 14
1106 25 28
1107 1 12
1108 11 26
1109 26 10
1110 16 14
1111 10 27
1112 18 11
1113 28 5
1114 21 23
1115 3 1
1116 2 13
1117 7 23
1118 19 17
1119 21 22
1120 3 13
1121 7 3
1122 9 25
1123 18 20
1124 27 5
1125 29 18
1126 8 12
1127 22 22
1128 3 0
1129 21 22
1130 8 22
1131 9 9
1132 28 6
1133 6 18
1134 27 6
1135 28 16
1136 17 18
1137 15 0
1138 5 13
1139 16 2
1140 20 18
1141 23 22
1142 3 2
1143 14 18
1144 7 19
1145 11 29
1146 17 11
1147 25 7
1148 15 2
1149 21 17
1150 22 12
1151 2 0
1152 7 16
1153 29 25
1154 5 0
1155 19 18
1156 8 16
1157 9 12
1158 6 19
1159 24 28
1160 3 14
1161 20 18
1162 22 22
1163 23 12
1164 13 15
1165 6 18
1166 17 20
1167 1 22
1168 20 5
1169 18 15
1170 4 0
1171 7 16
1172 26 11
1173 10 29
1174 6 11
1175 18 20
1176 18 14
1177 9 27
1178 26 2
1179 0 22
1180 18 15
1181 13 14
1182 23 10
1183 23 14
1184 26 16
1185 26 6
1186 5 1
1187 6 12
1188 1 22
1189 3 10
1190 4 2
1191 22 10
1192 14 0
1193 3 13
1194 28 19
1195 21 5
1196 7 21
1197 29 15
1198 25 12
1199 2 1
1200 28 18
1201 2 21
1202 5 14
1203 16 0
1204 29 16
1205 8 3
1206 26 12
1207 25 16
1208 17 14
1209 18 11
1210 4 21
1211 14 19
1212 26 16
1213 3 24
1214 4 17
1215 22 12
1216 3 0
1217 16 22
1218 29 18
1219 13 27
1220 26 3
1221 16 19
1222 28 18
1223 27 29
1224 25 16
1225 18 17
1226 18 14
1227 15 3
1228 2 13
1229 26 7
1230 3 9
1231 3 13
1232 13 19
1233 15 16
1234 6 19
1235 2 0
1236 3 1
1237 3 2
1238 3 14
1239 4 22
1240 27 25
1241 3 1
1242 17 11
1243 16 14
1244 25 28
1245 26 10
1246 0 22
1247 20 5
1248 19 18
1249 19 17
1250 18 21
1251 28 7
1252 15 0
1253 5 0
1254 4 8
1255 11 29
1256 19 14
1257 16 23
1258 23 10
1259 20 11
1260 5 16
1261 8 21
1262 15 2
1263 13 15
1264 27 5
1265 3 0
1266 2 20
1267 23 22
1268 16 0
1269 7 9
1270 13 26
1271 7 12
1272 29 18
1273 1 22
1274 25 12
1275 27 6
1276 25 6
1277 8 19
1278 3 2
1279 8 16
1280 26 2
1281 28 6
1282 26 3
1283 20 25
1284 29 20
1285 10 27
1286 25 17
1287 25 7
1288 22 22
1289 27 28
1290 6 1
1291 3 8
1292 29 15
1293 29 16
1294 22 17
1295 27 5
1296 20 24
1297 26 6
1298 29 26
1299 6 14
1300 4 8
1301 25 16
1302 3 8
1303 8 9
1304 24 5
1305 26 25
1306 27 6
1307 22 21
1308 10 25
1309 8 22
1310 7 1
1311 0 12
1312 27 29
1313 4 18
1314 9 11
1315 8 21
1316 4 4
1317 28 26
1318 28 18
1319 19 18
1320 26 12
1321 14 16
1322 6 16
1323 9 12
1324 18 11
1325 27 28
1326 18 14
1327 18 20
1328 9 27
1329 18 15
1330 6 17
1331 22 22
1332 13 27
1333 29 21
1334 8 23
1335 7 9
1336 15 0
1337 1 12
1338 2 21
1339 17 19
1340 20 12
1341 11 25
1342 8 9
1343 19 26
1344 18 16
1345 10 27
1346 8 12
1347 3 10
1348 16 18
1349 21 17
1350 23 12
1351 27 29
1352 21 5
1353 22 4
1354 19 25
1355 2 20
1356 2 0
1357 3 13
1358 22 11
1359 22 17
1360 3 9
1361 5 1
1362 20 25
1363 4 21
1364 13 26
1365 17 11
1366 17 14
1367 15 3
1368 9 29
1369 15 2
1370 29 26
1371 22 21
1372 27 16
1373 16 0
1374 15 3
1375 26 16
1376 16 22
1377 23 5
1378 0 22
1379 29 25
1380 6 23
1381 15 2
1382 4 24
1383 4 8
1384 28 5
1385 13 27
1386 7 5
1387 12 16
1388 25 12
1389 28 16
1390 5 13
1391 3 10
1392 25 16
1393 27 25
1394 4 17
1395 22 22
1396 2 14
1397 5 16
1398 3 1
1399 17 20
1400 20 5
1401 13 14
1402 3 2
1403 22 12
1404 23 15
1405 18 17
1406 29 26
1407 16 19
1408 10 29
1409 9 27
1410 6 9
1411 17 19
1412 21 18
1413 29 20
1414 26 25
1415 9 25
1416 4 18
1417 5 14
1418 17 2
1419 27 5
1420 4 17
1421 4 18
1422 7 23
1423 19 26
1424 26 12
1425 28 5
1426 6 16
1427 3 1
1428 25 17
1429 8 23
1430 18 14
1431 6 1
1432 16 2
1433 23 21
1434 9 9
1435 6 12
1436 27 28
1437 18 16
1438 15 3
1439 3 14
1440 20 24
1441 1 1
1442 2 1
1443 27 5
1444 16 18
1445 2 13
1446 17 20
1447 16 19
1448 5 16
1449 7 16
1450 13 15
1451 23 14
1452 28 5
1453 15 0
1454 4 17
1455 21 5
1456 4 22
1457 4 21
1458 9 28
1459 8 9
1460 16 23
1461 9 9
1462 21 22
1463 1 22
1464 27 26
1465 20 5
1466 21 17
1467 22 22
1468 6 16
1469 15 16
1470 8 9
1471 10 25
1472 22 10
1473 20 18
1474 15 2
1475 17 0
1476 14 17
1477 3 8
1478 3 9
1479 3 13
1480 17 19
1481 3 14
1482 21 23
1483 10 27
1484 5 3
1485 20 11
1486 3 4
1487 17 18
1488 9 24
1489 29 21
1490 22 21
1491 9 27
1492 19 17
1493 14 0
1494 29 20
1495 24 28
1496 27 29
1497 26 7
1498 20 25
1499 5 2
1500 25 15
1501 21 22
1502 1 2
1503 13 10
1504 20 24
1505 7 14
1506 25 28
1507 24 5
1508 29 21
1509 3 24
1510 18 20
1511 7 23
1512 20 12
1513 23 21
1514 22 17
1515 27 5
1516 5 1
1517 10 27
1518 13 14
1519 16 14
1520 0 12
1521 0 22
1522 7 1
1523 14 16
1524 3 13
1525 18 11
1526 23 11
1527 26 2
1528 23 15
1529 7 12
1530 16 18
1531 9 29
1532 8 22
1533 17 20
1534 1 12
1535 17 18
1536 29 19
1537 17 2
1538 22 21
1539 27 25
1540 11 29
1541 6 14
1542 9 25
1543 5 2
1544 28 26
1545 3 10
1546 18 17
1547 6 1
1548 7 9
1549 29 20
1550 23 12
1551 12 19
1552 21 23
1553 27 18
1554 9 12
1555 17 14
1556 20 25
1557 29 15
1558 3 9
1559 6 12
1560 2 0
1561 20 24
1562 29 18
1563 16 0
1564 9 27
1565 21 18
1566 29 21
1567 27 28
1568 13 26
1569 5 13
1570 20 18
1571 7 12
1572 18 21
1573 22 3
1574 7 1
1575 4 8
1576 3 2
1577 16 2
1578 7 3
1579 8 23
1580 18 15
1581 2 21
1582 2 13
1583 4 22
1584 19 18
1585 17 19
1586 6 18
1587 20 11
1588 23 10
1589 17 3
1590 13 9
1591 8 3
1592 26 25
1593 23 21
1594 5 17
1595 18 14
1596 17 11
1597 23 5
1598 10 25
1599 9 25
1600 4 21
1601 14 17
1602 13 27
1603 20 18
1604 19 16
1605 1 22
1606 17 2
1607 25 16
1608 15 0
1609 25 6
1610 13 15
1611 2 20
1612 2 1
1613 6 23
1614 25 7
1615 29 25
1616 6 19
1617 16 2
1618 16 14
1619 8 22
1620 4 2
1621 21 22
1622 5 16
1623 11 16
1624 27 29
1625 28 6
1626 18 11
1627 29 20
1628 8 24
1629 7 3
1630 6 17
1631 28 18
1632 16 19
1633 26 15
1634 17 19
1635 8 21
1636 14 15
1637 16 18
1638 7 14
1639 2 21
1640 6 1
1641 3 13
1642 18 16
1643 19 25
1644 26 17
1645 16 19
1646 24 28
1647 21 18
1648 10 27
1649 16 18
1650 14 0
1651 17 2
1652 6 14
1653 7 6
1654 9 11
1655 3 10
1656 18 15
1657 4 22
1658 16 22
1659 19 17
1660 4 24
1661 14 18
1662 29 21
1663 29 18
1664 6 18
1665 17 14
1666 9 12
1667 17 20
1668 21 17
1669 7 1
1670 20 12
1671 4 11
1672 6 19
1673 27 6
1674 25 17
1675 23 14
1676 27 16
1677 8 16
1678 4 21
1679 23 15
1680 25 6
1681 9 9
1682 22 21
1683 14 17
1684 2 0
1685 0 22
1686 19 26
1687 8 12
1688 5 14
1689 8 3
1690 29 16
1691 15 0
1692 1 3
1693 22 22
1694 29 20
1695 23 22
1696 10 12
1697 18 3
1698 4 22
1699 17 19
1700 7 23
1701 25 12
1702 10 13
1703 22 4
1704 29 26
1705 4 4
1706 13 10
1707 5 0
1708 5 11
1709 21 22
1710 8 22
1711 12 18
1712 7 16
1713 16 0
1714 20 25
1715 27 28
1716 14 16
1717 28 16
1718 27 26
1719 26 11
1720 15 0
1721 22 22
1722 22 3
1723 3 4
1724 23 21
1725 12 19
1726 8 23
1727 2 20
1728 18 17
1729 18 14
1730 8 16
1731 24 5
1732 10 29
1733 1 2
1734 13 14
1735 0 12
1736 23 23
1737 7 14
1738 28 26
1739 13 15
1740 7 3
1741 3 8
1742 9 12
1743 19 14
1744 26 13
1745 10 25
1746 9 11
1747 6 1
1748 20 18
1749 26 18
1750 29 15
1751 16 0
1752 22 17
1753 4 18
1754 13 26
1755 7 21
1756 3 2
1757 12 18
1758 20 24
1759 18 20
1760 22 12
1761 7 16
1762 18 14
1763 18 16
1764 15 0
1765 26 6
1766 26 17
1767 27 6
1768 23 12
1769 7 23
1770 6 18
1771 11 28
1772 19 14
1773 18 17
1774 14 15
1775 19 3
1776 5 1
1777 16 23
1778 21 5
1779 17 21
1780 16 2
1781 27 25
1782 9 25
1783 2 1
1784 16 22
1785 8 9
1786 7 19
1787 25 17
1788 26 10
1789 4 8
1790 7 12
1791 14 1
1792 11 29
1793 26 3
1794 19 18
1795 26 17
1796 8 19
1797 17 20
1798 5 0
1799 22 21
1800 6 14
1801 28 18
1802 18 21
1803 16 23
1804 21 17
1805 26 16
1806 23 11
1807 8 21
1808 18 20
1809 14 16
1810 29 16
1811 8 3
1812 20 25
1813 14 18
1814 20 5
1815 23 14
1816 25 15
1817 20 24
1818 10 16
1819 25 16
1820 7 14
1821 21 5
1822 25 15
1823 12 19
1824 12 18
1825 4 11
1826 23 15
1827 4 2
1828 11 13
1829 5 19
1830 7 5
1831 14 0
1832 18 14
1833 8 12
1834 7 3
1835 6 9
1836 23 10
1837 6 19
1838 25 7
1839 2 0
1840 7 6
1841 13 14
1842 20 5
1843 29 21
1844 3 9
1845 3 1
1846 27 15
1847 17 20
1848 4 21
1849 16 0
1850 13 15
1851 15 0
1852 18 20
1853 18 15
1854 8 3
1855 23 22
1856 7 3
1857 9 9
1858 26 11
1859 17 16
1860 27 16
1861 2 21
1862 26 2
1863 3 24
1864 10 25
1865 26 3
1866 27 26
1867 6 16
1868 21 5
1869 23 14
1870 17 18
1871 25 5
1872 7 9
1873 26 2
1874 21 22
1875 28 26
1876 16 22
1877 26 10
1878 20 11
1879 13 27
1880 5 16
1881 17 20
1882 17 11
1883 23 5
1884 13 14
1885 23 15
1886 6 21
1887 7 21
1888 5 2
1889 18 20
1890 11 28
1891 20 12
1892 3 10
1893 2 1
1894 18 21
1895 16 16
1896 22 22
1897 19 25
1898 21 10
1899 27 27
1900 11 29
1901 9 29
1902 1 22
1903 16 0
1904 9 24
1905 2 20
1906 27 26
1907 4 17
1908 18 14
1909 22 10
1910 25 28
1911 18 16
1912 27 29
1913 22 17
1914 9 12
1915 25 16
1916 21 17
1917 7 1
1918 13 9
1919 18 15
1920 20 18
1921 23 21
1922 18 20
1923 4 18
1924 26 7
1925 12 19
1926 8 16
1927 0 22
1928 7 16
1929 22 21
1930 24 28
1931 10 13
1932 15 16
1933 7 5
1934 24 5
1935 19 17
1936 10 29
1937 5 13
1938 1 12
1939 11 16
1940 4 22
1941 3 8
1942 19 18
1943 16 16
1944 15 16
1945 4 17
1946 8 3
1947 17 20
1948 2 14
1949 18 16
1950 9 25
1951 4 24
1952 26 17
1953 4 8
1954 17 16
1955 13 26
1956 2 21
1957 16 23
1958 0 12
1959 18 16
1960 13 27
1961 20 25
1962 17 2
1963 3 8
1964 22 4
1965 26 12
1966 26 3
1967 5 1
1968 16 22
1969 23 22
1970 5 11
1971 5 2
1972 1 12
1973 2 0
1974 19 26
1975 3 9
1976 9 29
1977 22 5
1978 13 15
1979 26 16
1980 13 26
1981 29 20
1982 4 8
1983 25 5
1984 7 3
1985 11 13
1986 20 24
1987 18 20
1988 23 5
1989 3 14
1990 19 14
1991 13 10
1992 6 21
1993 4 0
1994 23 14
1995 5 0
1996 8 24
1997 18 14
1998 29 26
1999 1 3
2000 6 18
2001 4 2
2002 16 20
2003 20 17
2004 19 17
2005 20 25
2006 10 13
2007 18 17
2008 4 21
2009 10 16
2010 25 6
2011 20 11
2012 17 20
2013 18 16
2014 10 29
2015 15 0
2016 18 15
2017 8 23
2018 27 14
2019 17 16
2020 5 2
2021 28 26
2022 28 16
2023 24 5
2024 22 22
2025 3 2
2026 25 7
2027 6 1
2028 9 11
2029 26 25
2030 0 12
2031 26 5
2032 6 14
2033 26 18
2034 8 9
2035 27 25
2036 26 25
2037 18 3
2038 7 12
2039 20 24
2040 20 18
2041 18 11
2042 26 11
2043 8 22
2044 17 0
2045 13 14
2046 16 19
2047 12 18
2048 2 13
2049 8 12
2050 4 22
2051 12 19
2052 29 16
2053 1 12
2054 22 17
2055 9 28
2056 28 14
2057 11 16
2058 9 27
2059 5 1
2060 27 25
2061 19 18
2062 18 16
2063 28 16
2064 26 12
2065 7 6
2066 26 7
2067 9 12
2068 11 29
2069 18 17
2070 23 11
2071 9 24
2072 7 1
2073 9 11
2074 9 12
2075 4 11
2076 18 21
2077 5 11
2078 7 23
2079 25 28
2080 21 18
2081 6 1
2082 29 16
2083 10 25
2084 26 9
2085 27 28
2086 7 12
2087 21 23
2088 18 20
2089 16 2
2090 5 14
2091 17 11
2092 26 2
2093 6 19
2094 8 3
2095 3 13
2096 5 13
2097 0 12
2098 23 10
2099 6 9
2100 16 23
2101 7 1
2102 9 25
2103 3 10
2104 9 29
2105 9 9
2106 2 1
2107 10 27
2108 27 5
2109 28 16
2110 4 18
2111 16 22
2112 8 16
2113 5 0
2114 26 10
2115 6 17
2116 4 0
2117 6 18
2118 27 6
2119 23 5
2120 19 14
2121 22 3
2122 5 14
2123 5 13
2124 8 21
2125 20 18
2126 27 27
2127 4 17
2128 16 23
2129 19 17
2130 4 2
2131 27 5
2132 25 16
2133 20 12
2134 21 18
2135 5 0
2136 25 7
2137 6 1
2138 7 14
2139 20 11
2140 1 12
2141 10 29
2142 18 16
2143 14 16
2144 1 22
2145 8 22
2146 9 27
2147 21 17
2148 20 17
2149 6 16
2150 20 18
2151 27 14
2152 10 27
2153 18 17
2154 7 21
2155 26 11
2156 3 8
2157 4 21
2158 5 2
2159 19 18
2160 5 1
2161 21 22
2162 0 22
2163 17 19
2164 18 14
2165 7 3
2166 26 17
2167 26 16
2168 3 1
2169 25 6
2170 16 18
2171 13 9
2172 5 14
2173 18 11
2174 23 21
2175 17 18
2176 28 14
2177 3 2
2178 16 19
2179 10 25
2180 17 19
2181 16 22
2182 3 9
2183 4 3
2184 20 5
2185 4 2
2186 16 23
2187 18 16
2188 8 21
2189 10 16
2190 13 27
2191 26 3
2192 9 28
2193 19 3
2194 20 12
2195 27 16
2196 13 26
2197 5 16
2198 27 14
2199 4 4
2200 3 24
2201 19 15
2202 13 15
2203 8 9
2204 8 12
2205 8 23
2206 20 11
2207 9 11
2208 18 3
2209 20 25
2210 20 18
2211 26 15
2212 25 7
2213 6 21
2214 26 6
2215 11 29
2216 2 0
2217 17 2
2218 25 17
2219 20 12
2220 19 3
2221 11 16
2222 14 0
2223 9 25
2224 6 16
2225 7 9
2226 28 14
2227 21 10
2228 2 1
2229 24 5
2230 22 4
2231 26 16
2232 3 3
2233 16 22
2234 18 15
2235 28 16
2236 25 12
2237 28 6
2238 5 2
2239 2 14
2240 21 5
2241 9 27
2242 26 7
2243 19 17
2244 5 16
2245 15 0
2246 4 22
2247 7 12
2248 9 29
2249 26 6
2250 16 0
2251 4 18
2252 29 18
2253 19 14
2254 4 8
2255 20 19
2256 7 16
2257 3 14
2258 14 17
2259 15 16
2260 16 18
2261 22 17
2262 27 6
2263 25 16
2264 21 17
2265 14 0
2266 22 3
2267 26 25
2268 26 10
2269 18 3
2270 29 16
2271 28 6
2272 3 13
2273 26 17
2274 10 29
2275 3 10
2276 7 21
2277 22 12
2278 3 4
2279 20 24
2280 4 2
2281 25 17
2282 8 3
2283 21 23
2284 6 14
2285 23 5
2286 26 7
2287 23 15
2288 15 0
2289 26 17
2290 12 18
2291 27 6
2292 5 0
2293 2 0
2294 7 14
2295 6 16
2296 1 22
2297 23 12
2298 6 19
2299 1 2
2300 3 14
2301 25 7
2302 13 27
2303 18 14
2304 4 21
2305 26 7
2306 20 5
2307 28 16
2308 11 25
2309 28 7
2310 10 27
2311 27 26
2312 27 5
2313 13 14
2314 8 22
2315 4 3
2316 20 18
2317 4 11
2318 7 1
2319 21 5
2320 13 10
2321 1 3
2322 29 26
2323 14 16
2324 28 26
2325 24 28
2326 15 16
2327 25 17
2328 16 20
2329 4 4
2330 5 1
2331 7 19
2332 20 5
2333 17 11
2334 7 23
2335 13 9
2336 8 12
2337 7 12
2338 26 17
2339 22 10
2340 6 9
2341 9 9
2342 5 11
2343 19 3
2344 3 4
2345 4 0
2346 7 9
2347 4 22
2348 21 22
2349 2 20
2350 11 13
2351 29 21
2352 16 23
2353 16 22
2354 11 28
2355 8 9
2356 5 0
2357 21 19
2358 8 16
2359 28 18
2360 29 20
2361 16 0
2362 11 29
2363 25 9
2364 21 18
2365 21 5
2366 25 17
2367 27 29
2368 25 28
2369 18 11
2370 20 18
2371 2 1
2372 19 25
2373 26 11
2374 26 16
2375 25 7
2376 0 12
2377 3 9
2378 18 15
2379 18 3
2380 8 19
2381 8 21
2382 8 23
2383 22 17
2384 21 17
2385 25 16
2386 6 18
2387 15 0
2388 9 27
2389 22 4
2390 18 14
2391 26 12
2392 19 15
2393 2 0
2394 5 13
2395 13 15
2396 23 11
2397 17 11
2398 4 24
2399 16 2
2400 22 21
2401 26 17
2402 25 12
2403 8 22
2404 10 13
2405 3 8
2406 27 28
2407 7 16
2408 23 10
2409 13 10
2410 18 15
2411 22 3
2412 10 16
2413 17 2
2414 22 17
2415 8 15
2416 26 9
2417 4 8
2418 21 23
2419 26 10
2420 16 23
2421 26 7
2422 16 0
2423 18 11
2424 22 4
2425 29 21
2426 19 26
2427 8 12
2428 22 11
2429 5 2
2430 10 27
2431 6 16
2432 10 25
2433 17 20
2434 8 16
2435 27 14
2436 8 23
2437 3 13
2438 4 17
2439 28 14
2440 29 18
2441 13 14
2442 1 2
2443 22 19
2444 19 14
2445 14 18
2446 6 1
2447 3 24
2448 9 12
2449 11 28
2450 13 9
2451 26 2
2452 20 5
2453 6 14
2454 7 19
2455 0 22
2456 17 19
2457 5 1
2458 7 5
2459 4 4
2460 26 6
2461 2 21
2462 5 16
2463 3 3
2464 18 14
2465 18 17
2466 22 10
2467 8 22
2468 4 24
2469 3 10
2470 19 25
2471 21 17
2472 9 25
2473 17 18
2474 12 19
2475 2 1
2476 27 16
2477 6 16
2478 13 15
2479 23 21
2480 3 4
2481 5 14
2482 14 17
2483 19 18
2484 29 20
2485 16 2
2486 27 6
2487 17 2
2488 16 18
2489 9 9
2490 7 6
2491 29 25
2492 11 29
2493 10 25
2494 3 14
2495 4 11
2496 26 11
2497 26 3
2498 19 3
2499 25 15
2500 5 16
2501 25 16
2502 16 22
2503 16 23
2504 9 29
2505 10 29
2506 24 17
2507 5 13
2508 18 3
2509 23 10
2510 17 18
2511 17 20
2512 23 19
2513 22 16
2514 8 9
2515 1 12
2516 13 10
2517 24 28
2518 15 0
2519 4 18
2520 9 25
2521 16 21
2522 11 16
2523 20 18
2524 25 15
2525 2 20
2526 8 23
2527 22 10
2528 7 12
2529 26 15
2530 9 9
2531 6 19
2532 8 12
2533 7 3
2534 6 16
2535 25 17
2536 16 20
2537 26 7
2538 19 18
2539 27 29
2540 4 21
2541 22 17
2542 1 3
2543 21 18
2544 14 0
2545 1 2
2546 22 12
2547 12 18
2548 23 14
2549 1 22
2550 8 19
2551 27 5
2552 23 11
2553 0 12
2554 18 16
2555 14 18
2556 9 15
2557 26 16
2558 13 14
2559 4 22
2560 13 26
2561 12 19
2562 27 6
2563 5 2
2564 9 27
2565 29 26
2566 24 5
2567 9 12
2568 23 10
2569 2 13
2570 19 3
2571 18 3
2572 11 13
2573 27 14
2574 8 3
2575 15 0
2576 3 9
2577 16 22
2578 4 21
2579 16 23
2580 28 14
2581 28 6
2582 5 14
2583 16 21
2584 17 19
2585 22 10
2586 10 16
2587 14 17
2588 25 6
2589 21 22
2590 21 5
2591 17 0
2592 26 2
2593 19 14
2594 24 16
2595 18 14
2596 13 9
2597 26 10
2598 21 17
2599 22 21
2600 7 1
2601 23 15
2602 11 28
2603 16 20
2604 22 19
2605 10 13
2606 19 26
2607 14 0
2608 19 25
2609 22 17
2610 11 13
2611 6 1
2612 23 10
2613 23 19
2614 3 8
2615 3 13
2616 5 1
2617 23 14
2618 10 25
2619 29 21
2620 20 25
2621 7 3
2622 25 15
2623 16 21
2624 25 28
2625 19 15
2626 18 15
2627 16 2
2628 19 14
2629 8 12
2630 8 9
2631 15 0
2632 11 29
2633 1 3
2634 17 2
2635 8 22
2636 8 3
2637 25 16
2638 23 5
2639 5 13
2640 26 12
2641 8 23
2642 26 17
2643 26 3
2644 10 29
2645 9 10
2646 24 17
2647 7 19
2648 27 5
2649 5 3
2650 22 22
2651 20 17
2652 18 21
2653 18 14
2654 11 25
2655 6 23
2656 10 13
2657 27 14
2658 22 3
2659 28 14
2660 17 18
2661 9 14
2662 0 22
2663 13 15
2664 25 7
2665 19 3
2666 20 24
2667 7 5
2668 23 11
2669 7 16
2670 9 9
2671 27 28
2672 29 20
2673 18 17
2674 7 23
2675 13 14
2676 19 14
2677 23 10
2678 18 14
2679 27 6
2680 29 25
2681 10 10
2682 20 18
2683 12 18
2684 7 1
2685 25 6
2686 24 15
2687 4 4
2688 24 28
2689 3 14
2690 3 13
2691 3 4
2692 29 26
2693 2 13
2694 7 6
2695 5 2
2696 6 18
2697 5 16
2698 22 4
2699 25 17
# colocadas=2700 ocupadas=100 mayor=190
