0 6 17
1 24 16
2 29 4
3 11 15
4 1 8
5 25 6
6 7 11
7 1 11
8 21 7
9 28 19
10 17 8
11 14 18
12 25 22
13 1 10
14 23 22
15 8 19
16 13 13
17 23 24
18 22 13
19 28 4
20 29 4
21 29 3
22 23 13
23 29 4
24 22 13
25 6 29
26 9 21
27 22 15
28 28 23
29 12 13
30 13 13
31 1 15
32 17 9
33 17 8
34 18 9
35 22 28
36 4 7
37 22 14
38 22 13
39 21 8
40 21 7
41 28 22
42 17 9
43 24 8
44 29 11
45 26 6
46 11 14
47 11 15
48 5 29
49 6 29
50 29 2
51 28 24
52 17 0
53 28 2
54 23 28
55 7 0
56 27 2
57 29 22
58 0 11
59 7 12
60 7 11
61 1 11
62 2 8
63 1 8
64 22 12
65 22 13
66 28 22
67 22 10
68 14 24
69 21 5
70 14 3
71 27 1
72 27 2
73 18 27
74 20 7
75 23 16
76 24 16
77 21 7
78 19 19
79 9 15
80 10 10
81 26 4
82 13 24
83 14 24
84 15 29
85 23 25
86 29 23
87 5 28
88 27 0
89 28 5
90 26 3
91 10 15
92 11 15
93 23 24
94 16 9
95 26 5
96 3 8
97 25 21
98 25 22
99 17 9
100 27 23
101 19 20
102 24 17
103 16 0
104 24 16
105 19 19
106 23 26
107 28 23
108 29 24
109 2 8
110 6 11
111 1 8
112 7 11
113 10 16
114 4 8
115 23 14
116 6 12
117 4 7
118 18 10
119 26 6
120 5 29
121 6 29
122 22 14
123 22 13
124 8 0
125 18 9
126 28 4
127 13 14
128 29 3
129 29 4
130 13 13
131 17 0
132 15 28
133 14 13
134 10 15
135 11 15
136 25 17
137 13 13
138 13 23
139 25 5
140 25 6
141 27 24
142 22 7
143 4 29
144 20 5
145 27 19
146 21 7
147 22 16
148 10 14
149 26 4
150 24 6
151 6 18
152 28 25
153 14 12
154 29 22
155 14 13
156 6 13
157 26 3
158 6 11
159 6 17
160 28 19
161 29 2
162 26 4
163 25 6
164 7 11
165 22 22
166 19 7
167 26 3
168 23 25
169 18 10
170 15 29
171 19 20
172 7 19
173 15 28
174 23 22
175 16 1
176 18 26
177 8 19
178 13 18
179 3 9
180 8 11
181 21 22
182 28 24
183 19 19
184 14 18
185 13 24
186 13 18
187 26 4
188 10 15
189 11 15
190 29 23
191 7 11
192 15 1
193 10 17
194 10 9
195 23 7
196 18 7
197 19 7
198 28 2
199 11 17
200 14 11
201 14 18
202 10 10
203 21 13
204 13 13
205 10 9
206 25 21
207 25 22
208 27 19
209 6 12
210 24 21
211 29 1
212 28 4
213 29 4
214 16 8
215 6 11
216 14 14
217 28 19
218 17 8
219 10 17
220 23 24
221 0 10
222 6 12
223 17 9
224 29 24
225 0 11
226 13 3
227 5 8
228 28 18
229 22 22
230 15 29
231 8 18
232 23 16
233 8 19
234 23 22
235 22 16
236 1 11
237 28 0
238 28 22
239 3 29
240 24 5
241 5 27
242 7 0
243 3 8
244 28 19
245 18 9
246 6 19
247 25 5
248 25 6
249 29 18
250 27 2
251 17 8
252 24 26
253 15 8
254 7 19
255 24 7
256 28 5
257 6 18
258 10 13
259 13 14
260 4 27
261 2 8
262 22 13
263 5 27
264 15 28
265 28 24
266 11 17
267 12 15
268 18 27
269 3 28
270 20 7
271 21 15
272 8 0
273 28 18
274 22 15
275 11 15
276 28 4
277 8 19
278 8 12
279 3 29
280 26 6
281 23 26
282 22 16
283 27 20
284 6 20
285 2 11
286 13 13
287 27 22
288 13 11
289 7 12
290 10 15
291 22 22
292 28 22
293 28 23
294 26 5
295 14 13
296 16 8
297 24 26
298 27 19
299 6 17
300 7 10
301 28 19
302 17 8
303 22 15
304 10 17
305 7 20
306 3 28
307 22 11
308 23 13
309 27 24
310 7 0
311 4 9
312 17 9
313 21 14
314 16 1
315 26 17
316 7 11
317 28 11
318 23 22
319 27 17
320 22 14
321 12 11
322 20 14
323 7 19
324 13 22
325 15 1
326 11 13
327 26 3
328 13 13
329 4 8
330 26 4
331 21 15
332 21 7
333 29 22
334 21 9
335 19 20
336 22 15
337 23 26
338 26 17
339 26 19
340 25 21
341 14 3
342 28 5
343 1 8
344 23 16
345 28 22
346 1 9
347 27 19
348 28 24
349 1 11
350 13 23
351 22 24
352 7 21
353 1 14
354 24 16
355 25 5
356 24 17
357 8 10
358 24 28
359 5 7
360 14 24
361 13 24
362 23 21
363 15 7
364 11 15
365 25 22
366 0 11
367 3 9
368 4 9
369 24 16
370 14 24
371 21 8
372 27 23
373 25 17
374 4 7
375 3 29
376 0 10
377 27 20
378 12 14
379 26 22
380 25 21
381 23 28
382 13 14
383 8 19
384 7 9
385 28 23
386 13 3
387 13 18
388 22 13
389 27 19
390 6 11
391 26 18
392 25 18
393 0 12
394 27 0
395 15 29
396 1 10
397 7 19
398 21 12
399 8 15
400 24 6
401 8 19
402 7 19
403 13 24
404 28 2
405 13 11
406 21 14
407 9 10
408 20 7
409 9 15
410 7 20
411 28 4
412 29 23
413 10 13
414 19 14
415 21 15
416 25 22
417 28 5
418 14 13
419 27 2
420 16 0
421 18 26
422 10 16
423 8 19
424 24 17
425 18 10
426 10 15
427 10 10
428 16 9
429 14 18
430 26 18
431 22 14
432 15 28
433 5 17
434 8 13
435 14 15
436 3 9
437 22 15
438 24 7
439 0 11
440 22 22
441 21 5
442 24 26
443 9 10
444 1 11
445 23 23
446 23 24
447 28 4
448 5 8
449 7 19
450 27 23
451 9 13
452 24 16
453 7 8
454 10 10
455 18 9
456 13 22
457 0 13
458 1 8
459 3 8
460 18 27
461 20 5
462 8 18
463 13 13
464 8 19
465 4 8
466 22 16
467 22 15
468 3 9
469 12 13
470 3 8
471 25 28
472 14 7
473 21 15
474 8 10
475 21 5
476 2 12
477 26 23
478 6 17
479 27 20
480 22 15
481 23 7
482 5 29
483 3 10
484 13 18
485 7 9
486 25 3
487 21 14
488 10 9
489 5 7
490 23 17
491 24 28
492 25 18
493 17 10
494 0 10
495 23 26
496 28 23
497 20 5
498 29 2
499 23 14
500 8 13
501 12 11
502 29 22
503 7 11
504 9 10
505 1 10
506 14 18
507 1 15
508 22 10
509 13 11
510 15 7
511 23 25
512 29 3
513 26 5
514 12 11
515 19 19
516 22 28
517 22 12
518 24 7
519 7 20
520 23 26
521 8 0
522 10 10
523 22 11
524 25 21
525 24 17
526 21 5
527 3 28
528 17 9
529 6 19
530 25 7
531 26 3
532 29 24
533 26 6
534 21 15
535 7 19
536 8 18
537 3 9
538 14 24
539 4 27
540 6 12
541 5 27
542 23 28
543 23 22
544 25 6
545 6 19
546 21 7
547 24 5
548 19 20
549 16 1
550 22 29
551 22 14
552 24 14
553 4 7
554 28 24
555 22 28
556 7 12
557 13 13
558 26 18
559 8 10
560 28 0
561 23 25
562 21 9
563 15 1
564 1 14
565 4 8
566 0 11
567 4 27
568 17 0
569 28 22
570 24 9
571 0 14
572 19 19
573 6 11
574 3 12
575 18 26
576 22 15
577 11 13
578 29 11
579 25 22
580 27 24
581 18 7
582 15 9
583 27 19
584 27 20
585 2 8
586 29 24
587 9 13
588 25 3
589 22 9
590 23 12
591 23 21
592 7 8
593 7 11
594 29 22
595 23 28
596 1 8
597 12 15
598 23 22
599 1 11
600 11 15
601 25 21
602 19 7
603 6 11
604 29 4
605 26 5
606 18 10
607 29 3
608 0 11
609 25 22
610 15 10
611 12 13
612 18 27
613 20 5
614 13 23
615 1 11
616 1 9
617 27 17
618 14 14
619 7 9
620 27 19
621 23 24
622 10 15
623 8 13
624 14 15
625 28 2
626 29 4
627 26 3
628 18 11
629 9 13
630 3 29
631 22 14
632 4 7
633 16 0
634 1 8
635 11 15
636 26 6
637 21 22
638 22 24
639 4 10
640 23 16
641 1 15
642 27 1
643 27 4
644 23 24
645 28 22
646 7 11
647 22 25
648 5 8
649 21 5
650 29 2
651 28 20
652 22 28
653 28 19
654 10 15
655 28 11
656 25 5
657 27 20
658 1 10
659 20 5
660 5 10
661 13 11
662 11 15
663 5 27
664 13 18
665 22 29
666 19 15
667 7 21
668 6 18
669 2 8
670 21 8
671 25 6
672 8 19
673 6 19
674 14 7
675 11 13
676 15 9
677 11 17
678 24 8
679 26 4
680 27 19
681 14 12
682 19 16
683 13 24
684 25 3
685 28 24
686 7 19
687 13 23
688 18 7
689 1 14
690 10 9
691 23 25
692 22 10
693 24 7
694 25 21
695 27 23
696 22 15
697 26 3
698 22 28
699 25 4
700 4 27
701 0 13
702 25 22
703 26 17
704 12 14
705 21 5
706 1 15
707 24 16
708 18 26
709 4 8
710 26 4
711 24 5
712 22 22
713 16 1
714 23 14
715 28 19
716 7 8
717 6 11
718 22 24
719 5 7
720 13 24
721 22 11
722 6 8
723 8 19
724 14 3
725 19 20
726 29 1
727 25 18
728 27 17
729 21 29
730 22 10
731 15 29
732 14 11
733 25 21
734 20 7
735 27 19
736 14 14
737 20 5
738 5 27
739 14 12
740 21 15
741 6 18
742 21 7
743 25 3
744 28 23
745 0 14
746 4 7
747 11 14
748 4 27
749 9 10
750 18 10
751 23 24
752 23 13
753 18 27
754 25 5
755 12 14
756 13 3
757 18 12
758 21 9
759 26 3
760 22 23
761 11 14
762 22 14
763 12 13
764 23 11
765 22 9
766 8 15
767 2 12
768 1 8
769 17 8
770 11 13
771 23 28
772 15 1
773 10 13
774 26 18
775 22 29
776 8 13
777 25 23
778 22 15
779 23 18
780 26 24
781 26 17
782 5 8
783 29 11
784 2 11
785 23 22
786 25 22
787 18 16
788 28 19
789 29 2
790 14 11
791 17 12
792 1 11
793 10 21
794 29 24
795 14 15
796 17 0
797 29 1
798 16 12
799 22 21
800 25 24
801 21 5
802 15 10
803 10 10
804 15 28
805 9 13
806 7 11
807 6 7
808 27 19
809 25 18
810 22 28
811 11 13
812 8 10
813 27 24
814 21 9
815 11 14
816 7 12
817 25 25
818 19 16
819 8 12
820 6 6
821 5 27
822 9 10
823 24 4
824 22 20
825 25 17
826 28 24
827 3 28
828 5 6
829 29 23
830 2 8
831 15 7
832 18 26
833 21 8
834 21 9
835 23 14
836 25 4
837 29 2
838 25 6
839 27 20
840 26 4
841 10 13
842 7 9
843 22 13
844 8 13
845 25 5
846 22 22
847 7 11
848 7 19
849 6 12
850 14 3
851 16 1
852 9 18
853 7 0
854 18 27
855 25 26
856 24 8
857 29 1
858 6 17
859 14 12
860 8 18
861 18 9
862 27 17
863 15 1
864 24 5
865 7 20
866 22 14
867 23 9
868 8 19
869 22 24
870 13 22
871 20 5
872 19 7
873 1 14
874 22 23
875 22 21
876 13 3
877 13 13
878 9 15
879 22 12
880 4 8
881 15 29
882 23 16
883 25 3
884 1 8
885 5 7
886 14 7
887 25 25
888 22 24
889 9 13
890 7 19
891 27 24
892 10 18
893 22 13
894 26 25
895 16 1
896 27 19
897 2 8
898 14 14
899 15 7
900 28 22
901 28 23
902 25 21
903 28 4
904 14 15
905 9 21
906 22 20
907 8 15
908 25 6
909 25 26
910 10 12
911 21 15
912 26 17
913 10 13
914 23 25
915 21 8
916 23 26
917 8 13
918 22 11
919 27 2
920 25 25
921 10 11
922 27 0
923 12 13
924 17 9
925 13 14
926 26 18
927 14 24
928 18 7
929 23 28
930 24 26
931 22 9
932 4 7
933 22 28
934 11 13
935 18 10
936 29 2
937 24 4
938 0 13
939 23 12
940 24 10
941 8 0
942 6 29
943 21 22
944 23 17
945 28 11
946 5 29
947 25 18
948 26 6
949 15 1
950 23 18
951 16 1
952 15 28
953 22 10
954 17 8
955 18 9
956 25 22
957 24 28
958 22 11
959 7 8
960 6 29
961 28 24
962 7 9
963 18 26
964 7 0
965 7 12
966 28 19
967 24 7
968 16 0
969 27 23
970 24 6
971 22 15
972 28 23
973 4 8
974 1 15
975 15 1
976 18 27
977 11 11
978 24 11
979 5 29
980 22 10
981 6 18
982 23 11
983 5 5
984 22 23
985 10 13
986 22 14
987 26 3
988 17 9
989 18 16
990 28 0
991 5 11
992 27 0
993 13 13
994 9 19
995 22 22
996 6 29
997 22 13
998 8 10
999 27 1
1000 23 25
1001 5 29
1002 23 14
1003 3 12
1004 10 9
1005 14 7
1006 12 11
1007 2 11
1008 22 26
1009 23 26
1010 26 18
1011 12 13
1012 22 11
1013 25 6
1014 16 11
1015 22 24
1016 10 11
1017 4 27
1018 22 26
1019 29 4
1020 15 7
1021 21 7
1022 0 14
1023 3 29
1024 27 17
1025 1 14
1026 0 13
1027 7 8
1028 10 17
1029 0 14
1030 28 0
1031 22 10
1032 23 28
1033 3 8
1034 23 17
1035 9 13
1036 4 7
1037 22 9
1038 22 14
1039 1 11
1040 11 17
1041 21 22
1042 10 10
1043 18 9
1044 3 9
1045 23 18
1046 14 14
1047 6 11
1048 29 22
1049 27 2
1050 5 27
1051 9 15
1052 5 8
1053 1 15
1054 14 11
1055 23 24
1056 7 11
1057 28 22
1058 0 13
1059 14 3
1060 24 16
1061 11 9
1062 13 11
1063 13 3
1064 27 23
1065 4 8
1066 15 9
1067 2 12
1068 3 28
1069 6 17
1070 22 22
1071 10 9
1072 26 6
1073 0 14
1074 26 17
1075 18 26
1076 11 13
1077 10 17
1078 1 8
1079 25 3
1080 8 19
1081 23 22
1082 27 1
1083 16 12
1084 24 28
1085 15 29
1086 27 2
1087 13 24
1088 15 10
1089 10 13
1090 14 24
1091 22 22
1092 21 5
1093 23 17
1094 13 13
1095 5 6
1096 12 14
1097 27 19
1098 26 18
1099 25 11
1100 27 0
1101 3 8
1102 5 10
1103 5 5
1104 6 29
1105 11 11
1106 19 16
1107 25 6
1108 14 7
1109 22 13
1110 11 15
1111 28 20
1112 21 15
1113 14 18
1114 13 24
1115 28 2
1116 9 10
1117 13 23
1118 17 9
1119 3 12
1120 27 1
1121 18 16
1122 23 13
1123 5 8
1124 19 7
1125 17 0
1126 23 25
1127 11 10
1128 28 23
1129 22 12
1130 12 11
1131 22 10
1132 22 13
1133 26 17
1134 18 7
1135 10 10
1136 11 9
1137 0 13
1138 24 5
1139 29 24
1140 23 4
1141 1 14
1142 8 15
1143 29 22
1144 22 12
1145 13 18
1146 12 13
1147 22 21
1148 6 12
1149 3 29
1150 25 5
1151 18 27
1152 3 28
1153 4 27
1154 7 20
1155 24 8
1156 24 4
1157 5 27
1158 3 29
1159 11 13
1160 7 12
1161 29 2
1162 22 11
1163 16 11
1164 9 18
1165 14 24
1166 23 28
1167 5 29
1168 28 22
1169 2 12
1170 1 10
1171 15 7
1172 14 7
1173 10 9
1174 10 21
1175 6 29
1176 12 13
1177 5 11
1178 1 15
1179 25 6
1180 10 11
1181 28 24
1182 27 0
1183 21 8
1184 23 12
1185 7 19
1186 29 11
1187 28 19
1188 15 28
1189 7 11
1190 8 0
1191 25 28
1192 20 7
1193 23 21
1194 25 18
1195 11 12
1196 24 28
1197 24 12
1198 7 12
1199 2 8
1200 23 13
1201 7 20
1202 22 20
1203 26 5
1204 9 21
1205 22 13
1206 13 13
1207 27 17
1208 19 7
1209 4 27
1210 0 14
1211 3 28
1212 10 15
1213 22 28
1214 5 29
1215 22 12
1216 5 6
1217 7 19
1218 13 24
1219 14 18
1220 0 13
1221 7 0
1222 23 28
1223 23 12
1224 7 9
1225 25 26
1226 22 21
1227 11 11
1228 13 18
1229 22 13
1230 26 6
1231 23 22
1232 15 29
1233 4 8
1234 23 20
1235 12 13
1236 22 4
1237 28 23
1238 8 0
1239 0 14
1240 26 17
1241 12 11
1242 22 10
1243 23 26
1244 24 11
1245 24 26
1246 28 2
1247 21 7
1248 6 29
1249 24 7
1250 5 29
1251 15 7
1252 25 5
1253 21 8
1254 23 11
1255 25 6
1256 23 26
1257 8 13
1258 27 22
1259 1 11
1260 3 29
1261 4 7
1262 22 11
1263 24 5
1264 1 14
1265 3 11
1266 22 27
1267 7 20
1268 10 10
1269 25 5
1270 27 20
1271 22 28
1272 7 0
1273 13 13
1274 3 12
1275 23 28
1276 25 21
1277 19 16
1278 7 8
1279 3 28
1280 6 13
1281 1 10
1282 11 17
1283 18 26
1284 24 17
1285 24 28
1286 10 17
1287 24 11
1288 11 17
1289 16 0
1290 9 17
1291 11 9
1292 11 13
1293 9 18
1294 1 11
1295 14 3
1296 19 19
1297 3 11
1298 3 8
1299 24 8
1300 22 15
1301 9 13
1302 3 12
1303 10 21
1304 19 20
1305 18 9
1306 17 9
1307 18 9
1308 25 6
1309 27 1
1310 0 10
1311 21 7
1312 9 21
1313 5 5
1314 14 15
1315 18 27
1316 19 19
1317 3 11
1318 4 8
1319 10 13
1320 5 8
1321 23 4
1322 25 17
1323 14 7
1324 3 29
1325 16 1
1326 13 14
1327 15 7
1328 14 18
1329 13 22
1330 13 13
1331 7 19
1332 29 0
1333 16 12
1334 12 13
1335 29 1
1336 28 11
1337 11 11
1338 24 26
1339 11 13
1340 10 18
1341 1 15
1342 5 27
1343 13 18
1344 27 19
1345 26 6
1346 19 20
1347 29 2
1348 20 5
1349 21 5
1350 14 18
1351 27 17
1352 2 8
1353 28 22
1354 5 6
1355 12 11
1356 11 15
1357 20 5
1358 3 28
1359 21 5
1360 20 7
1361 4 8
1362 13 3
1363 23 18
1364 6 18
1365 21 12
1366 21 7
1367 3 9
1368 8 19
1369 23 26
1370 14 14
1371 22 22
1372 3 12
1373 0 13
1374 28 0
1375 13 14
1376 10 13
1377 23 24
1378 21 15
1379 15 9
1380 18 7
1381 27 2
1382 20 5
1383 9 15
1384 17 9
1385 22 20
1386 15 1
1387 22 4
1388 22 26
1389 3 29
1390 15 28
1391 18 16
1392 26 18
1393 6 12
1394 7 19
1395 0 14
1396 20 7
1397 23 21
1398 1 10
1399 8 18
1400 11 14
1401 18 10
1402 6 29
1403 8 19
1404 11 11
1405 3 8
1406 22 24
1407 23 4
1408 14 24
1409 11 10
1410 23 24
1411 24 13
1412 3 9
1413 27 22
1414 10 9
1415 23 11
1416 7 11
1417 28 22
1418 25 22
1419 16 11
1420 9 18
1421 22 23
1422 14 15
1423 17 8
1424 29 11
1425 8 15
1426 29 23
1427 28 11
1428 3 8
1429 13 24
1430 24 4
1431 23 22
1432 14 14
1433 28 2
1434 25 6
1435 4 7
1436 23 25
1437 10 10
1438 22 4
1439 7 12
1440 11 15
1441 22 12
1442 26 17
1443 14 7
1444 6 12
1445 21 13
1446 13 23
1447 10 12
1448 22 21
1449 23 21
1450 7 12
1451 17 0
1452 11 11
1453 23 28
1454 9 15
1455 19 7
1456 16 1
1457 22 15
1458 21 5
1459 4 27
1460 28 23
1461 23 12
1462 22 28
1463 4 11
1464 14 24
1465 18 9
1466 16 12
1467 22 10
1468 25 13
1469 11 14
1470 15 10
1471 22 20
1472 18 7
1473 26 5
1474 8 0
1475 5 5
1476 24 26
1477 14 15
1478 23 4
1479 4 10
1480 28 18
1481 0 10
1482 5 10
1483 6 11
1484 23 28
1485 4 8
1486 29 2
1487 26 18
1488 12 12
1489 25 25
1490 23 14
1491 10 17
1492 21 7
1493 22 29
1494 11 18
1495 13 24
1496 28 4
1497 21 12
1498 11 17
1499 1 14
1500 16 11
1501 7 19
1502 5 29
1503 12 11
1504 15 1
1505 6 12
1506 20 5
1507 29 22
1508 14 3
1509 26 17
1510 23 22
1511 28 22
1512 11 15
1513 26 6
1514 26 3
1515 10 18
1516 0 13
1517 19 7
1518 23 24
1519 17 9
1520 23 26
1521 5 11
1522 10 9
1523 5 6
1524 10 17
1525 15 29
1526 28 2
1527 10 16
1528 15 7
1529 11 14
1530 28 19
1531 16 0
1532 14 24
1533 6 11
1534 22 21
1535 11 11
1536 22 20
1537 10 21
1538 29 23
1539 1 8
1540 22 11
1541 22 9
1542 16 8
1543 8 19
1544 5 11
1545 13 24
1546 12 11
1547 8 18
1548 27 2
1549 14 11
1550 22 28
1551 10 11
1552 7 9
1553 2 8
1554 11 15
1555 25 26
1556 29 24
1557 28 2
1558 6 17
1559 27 0
1560 5 27
1561 26 1
1562 26 13
1563 23 17
1564 11 12
1565 25 5
1566 27 20
1567 22 10
1568 25 21
1569 23 11
1570 23 16
1571 17 8
1572 7 12
1573 27 1
1574 13 13
1575 1 9
1576 26 12
1577 22 29
1578 7 8
1579 28 24
1580 13 11
1581 5 5
1582 7 9
1583 5 6
1584 29 24
1585 29 2
1586 8 15
1587 17 0
1588 24 7
1589 22 22
1590 6 18
1591 25 18
1592 1 10
1593 24 27
1594 28 24
1595 22 28
1596 14 12
1597 27 23
1598 11 13
1599 28 2
1600 26 1
1601 13 22
1602 14 24
1603 10 10
1604 22 11
1605 18 7
1606 11 11
1607 12 11
1608 24 16
1609 23 25
1610 13 11
1611 11 14
1612 11 17
1613 21 5
1614 9 17
1615 18 9
1616 25 25
1617 23 13
1618 17 9
1619 15 28
1620 7 8
1621 26 13
1622 3 28
1623 13 3
1624 13 18
1625 21 22
1626 15 29
1627 19 19
1628 25 22
1629 21 9
1630 28 23
1631 29 22
1632 23 28
1633 10 9
1634 13 24
1635 28 0
1636 23 24
1637 9 18
1638 29 2
1639 21 8
1640 28 2
1641 16 1
1642 23 25
1643 11 13
1644 10 17
1645 0 14
1646 11 18
1647 13 23
1648 16 0
1649 6 17
1650 23 16
1651 9 10
1652 6 11
1653 19 20
1654 25 3
1655 28 17
1656 23 26
1657 23 25
1658 14 3
1659 4 10
1660 5 5
1661 12 11
1662 20 5
1663 8 19
1664 14 24
1665 7 20
1666 7 0
1667 22 12
1668 7 9
1669 24 28
1670 15 1
1671 22 10
1672 16 1
1673 25 21
1674 22 24
1675 27 17
1676 19 7
1677 22 14
1678 25 6
1679 7 19
1680 23 24
1681 22 13
1682 14 18
1683 8 18
1684 25 28
1685 27 24
1686 14 7
1687 11 14
1688 7 11
1689 28 24
1690 9 13
1691 27 19
1692 11 17
1693 1 15
1694 1 14
1695 22 21
1696 23 26
1697 22 12
1698 15 28
1699 18 7
1700 22 28
1701 5 7
1702 17 0
1703 27 1
1704 10 10
1705 11 11
1706 10 17
1707 25 26
1708 25 25
1709 8 19
1710 7 12
1711 15 7
1712 29 4
1713 25 26
1714 21 20
1715 5 10
1716 25 22
1717 10 13
1718 14 11
1719 9 21
1720 7 11
1721 22 11
1722 6 11
1723 26 3
1724 27 2
1725 24 28
1726 23 18
1727 22 4
1728 28 22
1729 6 12
1730 21 19
1731 9 17
1732 27 4
1733 24 5
1734 6 18
1735 22 13
1736 16 0
1737 6 17
1738 12 11
1739 25 25
1740 8 18
1741 0 11
1742 3 29
1743 29 11
1744 1 8
1745 28 16
1746 14 14
1747 26 6
1748 25 6
1749 14 15
1750 5 11
1751 23 4
1752 28 19
1753 27 19
1754 23 28
1755 22 20
1756 11 9
1757 8 19
1758 1 11
1759 22 21
1760 24 29
1761 24 28
1762 27 20
1763 24 8
1764 10 9
1765 13 18
1766 28 2
1767 13 3
1768 15 29
1769 12 12
1770 23 13
1771 4 10
1772 10 10
1773 28 23
1774 25 29
1775 27 19
1776 10 9
1777 24 7
1778 26 4
1779 15 28
1780 15 29
1781 25 28
1782 27 4
1783 14 3
1784 28 19
1785 4 7
1786 17 0
1787 22 22
1788 24 29
1789 13 11
1790 25 4
1791 15 1
1792 9 18
1793 8 18
1794 22 20
1795 7 8
1796 15 28
1797 27 22
1798 25 5
1799 15 29
1800 26 4
1801 27 2
1802 9 13
1803 27 19
1804 21 15
1805 18 26
1806 6 18
1807 28 18
1808 23 25
1809 0 11
1810 22 9
1811 26 3
1812 14 18
1813 2 12
1814 27 1
1815 27 0
1816 5 6
1817 12 13
1818 21 22
1819 18 10
1820 10 21
1821 5 8
1822 22 10
1823 13 24
1824 8 0
1825 17 8
1826 21 5
1827 22 28
1828 22 9
1829 24 16
1830 28 22
1831 1 15
1832 4 8
1833 4 27
1834 12 12
1835 13 22
1836 20 5
1837 6 17
1838 10 13
1839 11 17
1840 5 10
1841 18 9
1842 12 13
1843 23 28
1844 24 8
1845 1 11
1846 5 5
1847 28 19
1848 22 22
1849 6 18
1850 22 4
1851 29 23
1852 25 21
1853 24 28
1854 20 9
1855 5 6
1856 16 12
1857 26 17
1858 7 12
1859 8 19
1860 23 16
1861 1 9
1862 26 1
1863 29 22
1864 11 15
1865 13 18
1866 22 13
1867 14 18
1868 11 14
1869 26 18
1870 10 17
1871 11 13
1872 0 10
1873 26 6
1874 23 22
1875 21 7
1876 22 14
1877 27 19
1878 1 10
1879 17 9
1880 22 13
1881 5 27
1882 25 6
1883 29 24
1884 25 18
1885 0 10
1886 1 10
1887 16 1
1888 17 8
1889 3 28
1890 25 29
1891 25 26
1892 14 7
1893 0 13
1894 7 9
1895 24 5
1896 24 16
1897 15 28
1898 8 13
1899 19 16
1900 22 22
1901 14 14
1902 27 17
1903 26 17
1904 26 4
1905 7 18
1906 16 11
1907 28 4
1908 26 18
1909 9 10
1910 22 10
1911 13 23
1912 5 7
1913 12 13
1914 15 29
1915 7 0
1916 3 29
1917 0 14
1918 25 28
1919 12 12
1920 7 11
1921 23 22
1922 22 15
1923 19 7
1924 25 25
1925 0 11
1926 18 27
1927 17 9
1928 29 2
1929 18 16
1930 10 18
1931 24 28
1932 4 7
1933 22 12
1934 21 15
1935 29 16
1936 23 4
1937 28 11
1938 22 15
1939 23 17
1940 5 5
1941 13 13
1942 28 0
1943 21 9
1944 28 22
1945 12 13
1946 25 3
1947 5 8
1948 27 1
1949 13 18
1950 1 8
1951 1 11
1952 12 11
1953 23 12
1954 25 5
1955 7 19
1956 22 14
1957 18 7
1958 22 4
1959 8 18
1960 11 13
1961 16 8
1962 14 15
1963 23 13
1964 15 28
1965 28 19
1966 22 22
1967 13 22
1968 26 6
1969 6 17
1970 23 11
1971 0 10
1972 22 21
1973 22 20
1974 20 10
1975 7 8
1976 7 12
1977 11 15
1978 11 14
1979 9 15
1980 16 12
1981 25 28
1982 8 0
1983 10 16
1984 10 10
1985 25 22
1986 29 23
1987 13 14
1988 21 18
1989 13 13
1990 13 23
1991 9 17
1992 16 11
1993 4 8
1994 13 3
1995 28 23
1996 4 10
1997 12 13
1998 14 3
1999 14 24
2000 28 2
2001 10 11
2002 29 3
2003 29 22
2004 9 18
2005 10 17
2006 5 6
2007 1 14
2008 8 19
2009 4 27
2010 1 15
2011 7 19
2012 23 18
2013 13 12
2014 23 4
2015 11 18
2016 7 0
2017 29 4
2018 7 9
2019 27 2
2020 23 17
2021 7 8
2022 28 16
2023 25 26
2024 28 24
2025 9 13
2026 19 7
2027 14 18
2028 22 13
2029 8 10
2030 16 12
2031 6 13
2032 13 24
2033 13 3
2034 23 13
2035 10 18
2036 22 13
2037 6 29
2038 22 21
2039 6 18
2040 5 7
2041 14 14
2042 11 13
2043 23 16
2044 9 10
2045 29 3
2046 15 1
2047 13 11
2048 21 19
2049 27 0
2050 22 11
2051 21 8
2052 25 18
2053 29 16
2054 10 9
2055 3 12
2056 1 10
2057 23 13
2058 7 11
2059 28 16
2060 11 17
2061 0 10
2062 16 0
2063 7 9
2064 9 21
2065 8 15
2066 11 15
2067 11 19
2068 1 14
2069 22 28
2070 23 12
2071 2 8
2072 10 10
2073 18 26
2074 25 6
2075 1 15
2076 29 4
2077 11 9
2078 23 11
2079 21 7
2080 7 12
2081 1 10
2082 23 24
2083 8 19
2084 10 17
2085 14 15
2086 23 25
2087 22 13
2088 4 7
2089 2 12
2090 24 26
2091 8 18
2092 12 13
2093 16 1
2094 23 18
2095 23 26
2096 21 8
2097 8 13
2098 14 14
2099 14 3
2100 9 18
2101 10 18
2102 21 12
2103 15 7
2104 28 22
2105 21 5
2106 16 11
2107 22 4
2108 0 11
2109 8 19
2110 3 12
2111 0 13
2112 9 13
2113 23 12
2114 1 8
2115 12 11
2116 28 23
2117 28 3
2118 21 18
2119 22 12
2120 1 11
2121 13 3
2122 17 0
2123 7 8
2124 14 3
2125 26 18
2126 17 8
2127 5 10
2128 7 9
2129 1 10
2130 3 8
2131 11 20
2132 28 18
2133 15 9
2134 21 19
2135 11 14
2136 0 14
2137 22 14
2138 1 11
2139 26 28
2140 22 15
2141 28 4
2142 21 22
2143 22 13
2144 22 22
2145 19 16
2146 4 8
2147 0 13
2148 26 3
2149 10 15
2150 8 13
2151 10 16
2152 8 18
2153 11 15
2154 13 13
2155 4 9
2156 13 11
2157 26 6
2158 5 29
2159 26 12
2160 23 14
2161 18 16
2162 5 5
2163 15 10
2164 16 0
2165 4 7
2166 25 25
2167 6 12
2168 9 18
2169 18 9
2170 28 19
2171 7 11
2172 22 14
2173 0 14
2174 10 17
2175 15 1
2176 27 20
2177 29 4
2178 2 8
2179 10 15
2180 11 13
2181 12 12
2182 18 27
2183 15 24
2184 24 7
2185 23 24
2186 27 19
2187 21 18
2188 8 0
2189 8 19
2190 18 26
2191 21 19
2192 29 11
2193 3 9
2194 25 28
2195 14 15
2196 4 8
2197 28 11
2198 15 29
2199 7 0
2200 22 9
2201 28 2
2202 16 1
2203 20 5
2204 21 7
2205 7 12
2206 17 0
2207 14 14
2208 2 12
2209 12 14
2210 11 17
2211 29 3
2212 12 11
2213 1 9
2214 12 20
2215 13 3
2216 11 14
2217 23 14
2218 12 13
2219 10 13
2220 3 28
2221 4 7
2222 15 28
2223 23 28
2224 25 6
2225 18 27
2226 6 17
2227 9 13
2228 24 13
2229 5 6
2230 3 12
2231 5 27
2232 6 29
2233 3 8
2234 19 19
2235 17 9
2236 14 7
2237 12 15
2238 24 28
2239 6 11
2240 23 28
2241 1 8
2242 23 25
2243 8 18
2244 26 13
2245 27 4
2246 23 24
2247 4 27
2248 22 28
2249 26 4
2250 16 0
2251 28 22
2252 23 13
2253 14 3
2254 18 7
2255 2 12
2256 29 2
2257 24 8
2258 28 23
2259 15 1
2260 10 18
2261 13 18
2262 19 20
2263 25 21
2264 24 7
2265 22 14
2266 17 0
2267 25 18
2268 29 11
2269 21 15
2270 22 13
2271 12 21
2272 1 14
2273 5 8
2274 23 17
2275 10 9
2276 22 20
2277 21 8
2278 13 13
2279 28 18
2280 28 19
2281 9 18
2282 23 21
2283 9 15
2284 14 24
2285 29 4
2286 8 13
2287 13 21
2288 8 15
2289 28 0
2290 26 18
2291 26 5
2292 23 22
2293 28 2
2294 21 22
2295 13 24
2296 21 7
2297 5 5
2298 28 3
2299 25 22
2300 12 13
2301 23 25
2302 8 19
2303 7 11
2304 21 8
2305 28 18
2306 15 9
2307 20 9
2308 14 24
2309 10 18
2310 9 18
2311 12 21
2312 26 28
2313 9 15
2314 19 19
2315 28 2
2316 10 21
2317 22 22
2318 27 0
2319 29 3
2320 15 10
2321 21 7
2322 15 9
2323 7 12
2324 0 11
2325 7 18
2326 9 21
2327 15 29
2328 23 18
2329 19 7
2330 5 6
2331 2 8
2332 5 5
2333 19 20
2334 21 18
2335 3 29
2336 13 3
2337 22 10
2338 11 15
2339 11 13
2340 29 1
2341 10 17
2342 15 24
2343 23 17
2344 28 11
2345 21 19
2346 14 3
2347 23 26
2348 14 24
2349 1 11
2350 13 24
2351 19 19
2352 23 22
2353 1 15
2354 14 15
2355 23 25
2356 22 22
2357 12 13
2358 15 28
2359 5 11
2360 28 19
2361 10 21
2362 19 20
2363 27 17
2364 4 8
2365 29 4
2366 15 7
2367 5 7
2368 18 7
2369 7 11
2370 28 0
2371 26 6
2372 18 10
2373 21 5
2374 9 21
2375 21 22
2376 23 26
2377 14 24
2378 27 4
2379 23 25
2380 5 6
2381 3 28
2382 15 10
2383 23 28
2384 5 10
2385 18 26
2386 6 18
2387 16 1
2388 27 0
2389 23 18
2390 22 15
2391 29 23
2392 21 8
2393 18 27
2394 29 16
2395 5 29
2396 13 21
2397 28 16
2398 12 21
2399 22 29
2400 29 16
2401 26 17
2402 10 18
2403 11 13
2404 1 8
2405 24 16
2406 9 13
2407 6 12
2408 11 10
2409 27 2
2410 28 17
2411 21 9
2412 8 0
2413 2 8
2414 13 11
2415 28 5
2416 7 12
2417 28 24
2418 1 8
2419 23 11
2420 5 27
2421 12 11
2422 7 19
2423 28 4
2424 28 2
2425 10 10
2426 22 11
2427 18 9
2428 11 17
2429 8 12
2430 24 11
2431 28 6
2432 23 13
2433 10 13
2434 23 24
2435 16 24
2436 9 18
2437 11 9
2438 22 13
2439 15 1
2440 3 12
2441 1 14
2442 8 18
2443 22 22
2444 21 18
2445 21 19
2446 10 17
2447 2 8
2448 7 0
2449 28 18
2450 16 0
2451 3 9
2452 26 4
2453 19 19
2454 23 13
2455 22 28
2456 8 13
2457 15 29
2458 21 22
2459 28 23
2460 28 16
2461 25 28
2462 8 19
2463 24 8
2464 27 17
2465 7 20
2466 0 13
2467 28 19
2468 17 0
2469 19 16
2470 16 0
2471 12 16
2472 18 26
2473 25 26
2474 21 15
2475 23 14
2476 21 18
2477 5 11
2478 4 27
2479 13 21
2480 12 21
2481 6 29
2482 17 0
2483 23 16
2484 7 8
2485 3 29
2486 23 28
2487 5 5
2488 22 9
2489 6 11
2490 8 11
2491 11 11
2492 3 28
2493 6 17
2494 22 21
2495 1 8
2496 23 11
2497 28 17
2498 13 3
2499 7 11
2500 18 16
2501 8 11
2502 29 4
2503 22 10
2504 27 23
2505 16 1
2506 23 25
2507 7 11
2508 10 9
2509 21 19
2510 21 16
2511 19 20
2512 23 13
2513 19 7
2514 11 13
2515 13 24
2516 24 7
2517 22 15
2518 18 10
2519 25 25
2520 3 8
2521 15 28
2522 23 17
2523 2 8
2524 5 6
2525 25 6
2526 14 7
2527 8 10
2528 23 14
2529 10 10
2530 29 16
2531 15 9
2532 13 21
2533 2 12
2534 3 8
2535 12 15
2536 29 2
2537 24 8
2538 15 7
2539 9 10
2540 12 12
2541 15 1
2542 11 14
2543 10 9
2544 22 28
2545 14 14
2546 13 11
2547 23 4
2548 4 9
2549 28 4
2550 3 9
2551 14 24
2552 14 15
2553 16 0
2554 23 18
2555 21 7
2556 25 26
2557 14 14
2558 6 12
2559 6 18
2560 18 7
2561 18 27
2562 5 10
2563 21 18
2564 11 15
2565 25 25
2566 26 12
2567 28 23
2568 22 11
2569 10 13
2570 23 17
2571 16 12
2572 25 26
2573 17 8
2574 29 22
2575 26 13
2576 14 15
2577 29 1
2578 6 17
2579 22 10
2580 25 25
2581 28 5
2582 4 7
2583 17 0
2584 23 13
2585 14 3
2586 6 18
2587 22 12
2588 28 0
2589 3 12
2590 28 4
2591 7 12
2592 16 0
2593 5 27
2594 15 29
2595 9 13
2596 16 11
2597 26 12
2598 2 12
2599 28 18
2600 24 7
2601 27 0
2602 1 15
2603 7 19
2604 8 19
2605 20 5
2606 1 14
2607 21 15
2608 4 9
2609 2 8
2610 6 17
2611 22 29
2612 27 2
2613 10 10
2614 10 21
2615 22 28
2616 26 13
2617 0 11
2618 4 27
2619 7 19
2620 22 9
2621 10 18
2622 26 6
2623 4 8
2624 26 3
2625 15 24
2626 11 17
2627 23 18
2628 19 19
2629 29 2
2630 29 11
2631 3 9
2632 6 11
2633 22 13
2634 23 13
2635 26 12
2636 16 12
2637 1 11
2638 26 13
2639 23 26
2640 12 21
2641 28 0
2642 28 16
2643 21 8
2644 13 21
2645 14 14
2646 22 22
2647 27 6
2648 12 16
2649 25 6
2650 0 10
2651 7 21
2652 5 11
2653 26 4
2654 26 12
2655 8 19
2656 25 21
2657 24 8
2658 18 26
2659 8 0
2660 17 0
2661 4 7
2662 28 11
2663 25 3
2664 1 15
2665 5 10
2666 22 29
2667 5 8
2668 14 18
2669 1 10
2670 27 17
2671 22 28
2672 3 29
2673 10 9
2674 22 13
2675 13 18
2676 1 11
2677 12 11
2678 23 12
2679 26 6
2680 0 14
2681 19 7
2682 26 3
2683 7 0
2684 28 2
2685 22 20
2686 12 21
2687 7 19
2688 28 22
2689 29 17
2690 4 8
2691 22 14
2692 8 10
2693 12 15
2694 28 23
2695 16 11
2696 11 13
2697 6 18
2698 21 7
2699 27 1
# colocadas=2700 ocupadas=100 mayor=200
