0 5 2
1 18 17
2 15 16
3 17 19
4 20 24
5 3 4
6 4 11
7 25 17
8 3 13
9 4 21
10 7 6
11 24 5
12 15 0
13 29 18
14 16 18
15 28 26
16 2 0
17 7 23
18 17 2
19 4 8
20 26 7
21 23 10
22 23 14
23 10 27
24 0 22
25 7 12
26 3 14
27 22 21
28 6 19
29 27 6
30 8 22
31 28 16
32 25 12
33 20 18
34 21 22
35 3 8
36 4 8
37 20 5
38 27 28
39 7 5
40 7 6
41 10 29
42 6 18
43 13 26
44 3 6
45 4 2
46 14 16
47 15 16
48 5 11
49 4 11
50 13 9
51 28 19
52 17 11
53 26 2
54 25 28
55 18 14
56 6 7
57 12 18
58 20 0
59 16 16
60 15 16
61 5 19
62 6 19
63 18 27
64 5 8
65 2 1
66 2 0
67 4 8
68 12 19
69 12 18
70 18 20
71 0 24
72 19 18
73 15 25
74 18 16
75 9 9
76 14 23
77 5 0
78 10 6
79 23 25
80 23 12
81 16 6
82 26 16
83 28 23
84 16 20
85 16 2
86 17 2
87 29 20
88 26 10
89 20 11
90 18 11
91 1 16
92 4 17
93 18 1
94 7 19
95 6 19
96 1 28
97 12 6
98 28 18
99 26 11
100 17 27
101 29 18
102 18 27
103 26 10
104 12 20
105 2 13
106 25 16
107 12 23
108 22 22
109 22 21
110 5 13
111 5 9
112 22 0
113 13 3
114 13 10
115 5 7
116 13 9
117 6 7
118 8 9
119 6 27
120 26 3
121 26 2
122 10 13
123 21 14
124 11 29
125 29 19
126 29 18
127 10 29
128 18 8
129 3 10
130 26 12
131 15 2
132 13 27
133 17 3
134 17 2
135 10 10
136 12 10
137 3 9
138 21 15
139 21 14
140 10 19
141 7 9
142 17 8
143 27 5
144 12 27
145 27 6
146 28 20
147 22 12
148 23 12
149 28 19
150 18 8
151 13 27
152 27 29
153 7 14
154 12 7
155 29 17
156 23 11
157 29 18
158 23 12
159 11 16
160 6 26
161 22 7
162 24 20
163 4 19
164 5 19
165 21 0
166 20 0
167 26 25
168 1 22
169 3 24
170 12 5
171 12 6
172 15 15
173 15 16
174 6 8
175 6 7
176 22 11
177 25 15
178 23 22
179 14 15
180 22 22
181 17 0
182 9 29
183 10 29
184 2 5
185 5 16
186 16 22
187 3 18
188 5 14
189 5 13
190 19 17
191 10 25
192 12 2
193 8 19
194 4 14
195 15 13
196 20 8
197 21 23
198 1 2
199 19 7
200 20 15
201 17 21
202 8 12
203 7 12
204 26 17
205 8 6
206 7 6
207 19 15
208 18 15
209 17 20
210 19 1
211 21 10
212 12 3
213 12 2
214 29 26
215 22 19
216 21 15
217 21 14
218 10 4
219 23 26
220 19 16
221 15 14
222 19 17
223 12 17
224 12 18
225 5 6
226 15 13
227 23 15
228 23 14
229 21 18
230 20 18
231 9 27
232 25 2
233 10 27
234 26 9
235 26 2
236 26 10
237 17 18
238 16 1
239 0 21
240 5 1
241 16 18
242 0 22
243 25 11
244 1 17
245 5 0
246 24 26
247 1 16
248 23 26
249 6 16
250 5 16
251 28 1
252 23 27
253 15 15
254 1 21
255 23 26
256 16 28
257 27 27
258 6 9
259 9 12
260 29 16
261 25 0
262 8 3
263 3 2
264 4 2
265 14 10
266 6 12
267 27 20
268 14 18
269 1 29
270 7 16
271 3 29
272 10 3
273 8 21
274 8 5
275 13 2
276 12 2
277 19 14
278 24 15
279 29 3
280 17 16
281 18 16
282 29 0
283 19 15
284 8 13
285 18 15
286 8 12
287 3 16
288 18 18
289 17 17
290 19 18
291 20 7
292 19 7
293 11 21
294 4 23
295 25 6
296 18 3
297 28 22
298 11 11
299 8 8
300 27 1
301 0 29
302 9 24
303 7 21
304 8 21
305 1 8
306 9 25
307 9 28
308 16 19
309 16 27
310 7 13
311 7 12
312 22 1
313 20 22
314 7 8
315 12 1
316 15 27
317 21 22
318 12 2
319 29 23
320 12 3
321 16 18
322 23 15
323 23 14
324 28 23
325 6 21
326 11 27
327 13 3
328 22 25
329 23 25
330 24 28
331 25 9
332 25 28
333 5 8
334 20 14
335 8 11
336 23 24
337 23 25
338 17 12
339 17 11
340 9 10
341 17 7
342 17 27
343 13 10
344 19 19
345 11 1
346 18 27
347 9 27
348 8 7
349 16 21
350 17 8
351 19 18
352 18 8
353 10 10
354 6 14
355 7 9
356 7 14
357 17 21
358 8 12
359 9 28
360 0 21
361 21 17
362 8 16
363 18 12
364 7 16
365 0 22
366 10 2
367 4 13
368 10 3
369 14 29
370 4 7
371 4 14
372 17 16
373 2 28
374 4 8
375 18 16
376 1 28
377 19 26
378 0 12
379 4 24
380 4 29
381 22 24
382 13 15
383 3 29
384 5 29
385 11 26
386 7 1
387 13 12
388 8 23
389 9 8
390 21 18
391 29 24
392 6 1
393 19 25
394 24 27
395 20 18
396 2 17
397 9 9
398 19 26
399 23 1
400 7 21
401 4 12
402 11 13
403 5 9
404 1 4
405 16 2
406 22 25
407 26 6
408 17 4
409 27 19
410 2 8
411 27 16
412 27 6
413 28 16
414 8 6
415 29 21
416 21 21
417 11 10
418 7 2
419 21 22
420 28 19
421 25 7
422 17 15
423 20 16
424 10 5
425 23 25
426 29 20
427 10 10
428 29 25
429 10 4
430 25 6
431 14 17
432 21 20
433 14 18
434 19 2
435 29 24
436 13 17
437 19 1
438 26 11
439 6 9
440 26 10
441 17 16
442 18 16
443 7 9
444 1 8
445 23 28
446 15 20
447 16 20
448 7 1
449 2 9
450 3 9
451 11 25
452 21 24
453 25 20
454 28 0
455 13 19
456 12 19
457 8 14
458 23 27
459 7 10
460 9 22
461 12 1
462 10 12
463 23 2
464 10 16
465 4 10
466 16 0
467 22 28
468 5 10
469 13 6
470 21 13
471 4 11
472 9 11
473 17 12
474 28 1
475 21 21
476 2 12
477 26 15
478 23 1
479 3 15
480 3 14
481 15 17
482 15 16
483 28 20
484 18 4
485 20 15
486 24 17
487 24 2
488 6 11
489 25 17
490 20 25
491 20 24
492 11 5
493 8 22
494 12 6
495 2 13
496 2 21
497 10 13
498 21 14
499 7 9
500 22 12
501 23 26
502 19 0
503 5 1
504 4 4
505 2 14
506 29 25
507 6 17
508 14 26
509 23 21
510 6 5
511 10 9
512 15 3
513 3 4
514 3 14
515 5 9
516 27 18
517 20 17
518 22 21
519 13 26
520 9 9
521 14 2
522 8 10
523 5 0
524 19 17
525 23 12
526 8 7
527 5 12
528 20 21
529 20 0
530 15 2
531 5 14
532 9 21
533 20 16
534 12 27
535 13 27
536 7 14
537 15 14
538 18 21
539 24 11
540 18 20
541 7 11
542 5 11
543 7 26
544 3 17
545 3 3
546 13 20
547 3 4
548 8 21
549 8 8
550 7 12
551 24 26
552 13 19
553 22 24
554 11 16
555 25 15
556 8 27
557 4 16
558 6 11
559 25 13
560 26 9
561 25 12
562 26 10
563 13 14
564 11 27
565 13 16
566 23 20
567 14 27
568 6 26
569 24 20
570 24 28
571 14 26
572 12 21
573 6 13
574 16 27
575 2 10
576 8 24
577 12 16
578 8 15
579 11 12
580 22 23
581 13 26
582 12 20
583 3 10
584 1 7
585 7 19
586 11 16
587 17 0
588 10 17
589 25 2
590 4 29
591 0 4
592 10 25
593 29 23
594 23 11
595 20 23
596 28 6
597 19 14
598 19 3
599 14 10
600 20 24
601 13 10
602 27 6
603 0 21
604 22 17
605 10 5
606 0 22
607 18 14
608 11 6
609 28 18
610 8 23
611 29 18
612 7 23
613 14 15
614 27 9
615 15 13
616 26 1
617 26 2
618 28 23
619 12 6
620 5 7
621 15 21
622 8 7
623 17 1
624 9 27
625 10 27
626 28 5
627 23 26
628 4 14
629 25 1
630 26 13
631 3 14
632 6 7
633 3 11
634 8 8
635 24 16
636 22 24
637 10 20
638 28 28
639 29 17
640 29 22
641 6 12
642 9 12
643 16 26
644 24 11
645 5 15
646 10 4
647 21 17
648 27 5
649 8 25
650 17 14
651 22 15
652 18 3
653 28 7
654 13 2
655 29 18
656 8 16
657 9 5
658 21 7
659 22 1
660 10 28
661 21 24
662 4 13
663 3 13
664 23 25
665 5 14
666 10 27
667 27 28
668 23 24
669 1 17
670 26 0
671 15 1
672 16 27
673 11 22
674 18 10
675 23 25
676 18 13
677 1 8
678 18 11
679 13 17
680 26 15
681 11 28
682 17 9
683 26 16
684 1 16
685 18 14
686 17 18
687 22 26
688 18 1
689 1 27
690 21 23
691 24 21
692 3 1
693 5 12
694 22 13
695 1 12
696 18 4
697 3 10
698 28 0
699 18 0
700 9 23
701 6 8
702 23 1
703 6 7
704 1 28
705 7 24
706 5 28
707 5 13
708 13 3
709 7 17
710 12 25
711 28 5
712 14 24
713 6 16
714 14 23
715 15 2
716 5 16
717 12 10
718 8 24
719 16 1
720 10 19
721 22 7
722 11 7
723 10 5
724 27 20
725 29 24
726 26 5
727 26 6
728 24 20
729 5 18
730 2 29
731 23 15
732 28 29
733 24 2
734 5 19
735 3 12
736 24 17
737 1 3
738 26 9
739 25 27
740 6 14
741 28 22
742 9 6
743 2 11
744 25 17
745 3 13
746 25 28
747 29 25
748 4 3
749 27 7
750 6 9
751 26 7
752 28 23
753 26 28
754 25 28
755 26 10
756 17 0
757 7 10
758 3 5
759 19 20
760 18 18
761 8 6
762 18 26
763 28 24
764 4 9
765 4 8
766 18 2
767 4 18
768 3 6
769 8 12
770 21 20
771 5 3
772 1 26
773 4 25
774 21 5
775 5 9
776 5 2
777 5 11
778 13 29
779 4 6
780 23 7
781 7 12
782 29 2
783 20 5
784 9 7
785 14 17
786 18 20
787 1 15
788 22 12
789 21 18
790 13 7
791 1 16
792 7 27
793 26 18
794 4 17
795 23 26
796 19 10
797 4 7
798 1 4
799 17 8
800 14 21
801 9 4
802 13 20
803 24 27
804 18 12
805 19 14
806 17 6
807 7 15
808 6 17
809 16 23
810 13 5
811 4 8
812 6 18
813 2 17
814 23 13
815 9 22
816 20 22
817 9 8
818 23 14
819 17 18
820 6 9
821 23 17
822 7 7
823 26 19
824 21 17
825 11 2
826 2 8
827 7 14
828 24 12
829 20 14
830 22 7
831 18 19
832 14 3
833 20 2
834 1 29
835 21 25
836 1 17
837 11 13
838 6 7
839 8 4
840 6 10
841 3 2
842 18 20
843 24 9
844 27 5
845 15 19
846 9 9
847 19 2
848 3 1
849 13 19
850 18 1
851 9 26
852 7 8
853 3 2
854 1 21
855 4 2
856 0 4
857 0 29
858 20 19
859 29 21
860 12 9
861 6 20
862 2 6
863 10 13
864 7 11
865 5 17
866 22 10
867 13 23
868 4 10
869 12 7
870 29 1
871 23 10
872 8 11
873 25 3
874 11 7
875 18 3
876 3 10
877 22 17
878 6 19
879 23 12
880 12 2
881 13 3
882 29 26
883 9 13
884 9 15
885 9 12
886 15 14
887 6 22
888 10 16
889 3 0
890 10 11
891 21 21
892 7 21
893 21 17
894 7 16
895 10 3
896 20 3
897 3 19
898 29 3
899 26 17
900 15 1
901 11 25
902 26 3
903 23 21
904 0 12
905 20 9
906 28 26
907 0 16
908 6 11
909 22 12
910 14 23
911 6 3
912 5 8
913 19 1
914 13 15
915 24 15
916 25 9
917 28 17
918 23 0
919 2 0
920 16 22
921 4 24
922 23 19
923 2 2
924 17 3
925 14 0
926 28 28
927 29 29
928 6 14
929 17 26
930 22 5
931 2 27
932 15 0
933 14 1
934 12 10
935 17 15
936 17 2
937 18 7
938 14 19
939 27 17
940 19 21
941 6 2
942 5 9
943 28 15
944 14 18
945 6 23
946 25 2
947 7 23
948 17 12
949 3 16
950 3 15
951 16 19
952 17 19
953 9 3
954 7 3
955 29 27
956 17 25
957 7 24
958 3 14
959 28 16
960 28 20
961 12 29
962 10 7
963 2 12
964 7 11
965 4 22
966 7 9
967 25 27
968 7 15
969 20 18
970 6 11
971 9 27
972 23 15
973 27 28
974 23 23
975 23 2
976 17 17
977 6 1
978 17 4
979 9 23
980 18 15
981 23 28
982 29 26
983 3 6
984 3 7
985 17 11
986 23 22
987 17 16
988 10 10
989 12 24
990 18 0
991 24 10
992 24 1
993 27 23
994 7 5
995 1 11
996 7 6
997 13 16
998 9 20
999 16 16
1000 7 1
1001 5 14
1002 6 12
1003 29 15
1004 16 21
1005 7 2
1006 23 10
1007 27 26
1008 16 29
1009 12 19
1010 26 2
1011 15 27
1012 1 23
1013 8 9
1014 21 6
1015 25 0
1016 25 28
1017 15 19
1018 9 17
1019 16 11
1020 11 11
1021 28 6
1022 4 20
1023 17 3
1024 16 7
1025 9 28
1026 17 2
1027 6 21
1028 9 13
1029 6 20
1030 4 5
1031 20 21
1032 4 23
1033 17 11
1034 26 8
1035 4 17
1036 23 1
1037 9 22
1038 18 14
1039 20 20
1040 5 5
1041 21 5
1042 14 19
1043 12 20
1044 2 4
1045 12 7
1046 27 8
1047 25 18
1048 17 16
1049 3 8
1050 8 5
1051 7 7
1052 1 29
1053 20 5
1054 17 21
1055 19 6
1056 6 7
1057 8 7
1058 1 0
1059 16 21
1060 6 2
1061 4 25
1062 6 24
1063 3 17
1064 20 25
1065 11 29
1066 8 21
1067 22 0
1068 19 16
1069 3 18
1070 2 5
1071 6 1
1072 29 20
1073 7 9
1074 11 21
1075 2 0
1076 12 14
1077 6 11
1078 7 14
1079 5 12
1080 6 23
1081 13 18
1082 1 16
1083 24 14
1084 7 26
1085 4 19
1086 23 14
1087 1 2
1088 14 18
1089 8 22
1090 1 12
1091 13 8
1092 6 21
1093 18 16
1094 14 17
1095 18 15
1096 6 13
1097 27 27
1098 27 28
1099 10 6
1100 13 9
1101 27 18
1102 19 12
1103 7 8
1104 13 2
1105 27 13
1106 16 4
1107 8 17
1108 23 12
1109 11 16
1110 23 20
1111 1 6
1112 26 27
1113 7 4
1114 22 17
1115 24 17
1116 19 20
1117 2 20
1118 1 22
1119 14 27
1120 14 0
1121 10 17
1122 8 26
1123 7 17
1124 15 2
1125 15 21
1126 6 22
1127 2 28
1128 23 29
1129 21 17
1130 28 7
1131 26 16
1132 7 5
1133 28 1
1134 6 26
1135 3 20
1136 16 3
1137 16 19
1138 11 8
1139 5 11
1140 27 20
1141 13 23
1142 17 0
1143 18 25
1144 18 8
1145 28 6
1146 15 4
1147 16 28
1148 16 6
1149 26 0
1150 9 14
1151 27 7
1152 13 3
1153 2 7
1154 17 19
1155 17 10
1156 2 21
1157 22 19
1158 23 0
1159 1 3
1160 4 11
1161 17 11
1162 14 23
1163 7 26
1164 13 11
1165 15 28
1166 15 19
1167 9 23
1168 8 6
1169 4 22
1170 22 29
1171 13 2
1172 14 11
1173 0 16
1174 1 4
1175 20 8
1176 6 12
1177 0 6
1178 11 26
1179 26 9
1180 4 21
1181 4 7
1182 4 8
1183 28 21
1184 19 2
1185 13 6
1186 4 24
1187 16 20
1188 26 18
1189 15 13
1190 27 25
1191 29 14
1192 22 0
1193 28 23
1194 2 8
1195 6 23
1196 11 23
1197 29 25
1198 23 28
1199 27 8
1200 14 21
1201 12 19
1202 8 10
1203 1 2
1204 27 24
1205 16 17
1206 14 10
1207 16 18
1208 4 16
1209 22 16
1210 8 9
1211 9 12
1212 27 22
1213 15 24
1214 7 13
1215 9 15
1216 3 29
1217 25 11
1218 15 21
1219 4 18
1220 11 13
1221 15 11
1222 14 21
1223 21 25
1224 16 15
1225 5 29
1226 7 23
1227 4 6
1228 19 19
1229 7 12
1230 12 18
1231 4 10
1232 16 2
1233 4 4
1234 7 7
1235 24 16
1236 9 25
1237 13 10
1238 14 1
1239 17 23
1240 19 26
1241 17 1
1242 15 5
1243 27 16
1244 17 27
1245 25 3
1246 9 22
1247 7 6
1248 4 11
1249 3 16
1250 21 7
1251 3 5
1252 3 4
1253 3 17
1254 10 7
1255 4 14
1256 7 9
1257 23 11
1258 23 10
1259 23 23
1260 14 16
1261 24 9
1262 1 1
1263 13 12
1264 15 3
1265 4 29
1266 15 2
1267 2 27
1268 0 2
1269 12 29
1270 24 24
1271 15 20
1272 15 21
1273 25 18
1274 24 28
1275 15 16
1276 9 27
1277 5 18
1278 10 25
1279 1 21
1280 27 10
1281 8 5
1282 28 10
1283 8 1
1284 7 1
1285 7 16
1286 21 26
1287 26 10
1288 20 12
1289 10 6
1290 3 14
1291 13 9
1292 25 0
1293 27 23
1294 28 16
1295 6 25
1296 6 18
1297 12 6
1298 11 10
1299 12 21
1300 12 9
1301 23 5
1302 24 2
1303 26 18
1304 29 26
1305 19 25
1306 24 5
1307 20 13
1308 22 11
1309 25 9
1310 18 21
1311 0 0
1312 11 6
1313 26 20
1314 13 14
1315 29 21
1316 2 11
1317 12 10
1318 1 8
1319 14 0
1320 8 15
1321 4 5
1322 9 2
1323 7 22
1324 14 5
1325 10 6
1326 6 11
1327 14 19
1328 8 16
1329 4 4
1330 2 13
1331 20 12
1332 24 13
1333 19 20
1334 24 9
1335 11 29
1336 4 0
1337 26 17
1338 11 19
1339 0 21
1340 23 22
1341 23 13
1342 25 26
1343 24 20
1344 21 20
1345 25 17
1346 27 17
1347 5 6
1348 6 20
1349 28 17
1350 6 26
1351 8 2
1352 6 22
1353 2 28
1354 24 19
1355 14 2
1356 3 29
1357 24 21
1358 5 16
1359 8 29
1360 12 19
1361 23 29
1362 11 27
1363 19 1
1364 25 24
1365 27 27
1366 28 16
1367 1 2
1368 29 6
1369 15 0
1370 22 14
1371 1 28
1372 4 20
1373 10 27
1374 17 6
1375 23 6
1376 26 11
1377 0 22
1378 9 23
1379 17 22
1380 18 2
1381 16 6
1382 16 24
1383 6 19
1384 7 25
1385 25 13
1386 13 9
1387 13 6
1388 9 7
1389 28 25
1390 11 9
1391 12 18
1392 20 17
1393 3 9
1394 28 26
1395 29 2
1396 25 8
1397 11 1
1398 9 25
1399 15 18
1400 20 10
1401 7 5
1402 18 1
1403 18 12
1404 28 22
1405 21 19
1406 2 8
1407 21 14
1408 4 15
1409 24 17
1410 26 19
1411 7 16
1412 28 20
1413 11 10
1414 6 12
1415 8 27
1416 3 2
1417 6 13
1418 7 20
1419 7 26
1420 4 2
1421 3 2
1422 9 22
1423 7 10
1424 14 9
1425 16 16
1426 12 1
1427 10 25
1428 21 27
1429 25 9
1430 10 21
1431 18 20
1432 5 10
1433 22 18
1434 25 27
1435 11 5
1436 21 24
1437 4 3
1438 15 1
1439 12 28
1440 8 0
1441 29 24
1442 24 15
1443 7 27
1444 6 6
1445 24 8
1446 22 7
1447 14 18
1448 12 19
1449 13 3
1450 13 11
1451 9 25
1452 15 16
1453 29 0
1454 28 27
1455 20 11
1456 20 1
1457 23 24
1458 10 5
1459 27 16
1460 12 4
1461 13 21
1462 22 17
1463 25 17
1464 12 11
1465 6 23
1466 15 0
1467 19 15
1468 13 20
1469 25 29
1470 14 21
1471 23 12
1472 3 8
1473 3 25
1474 15 2
1475 10 26
1476 4 4
1477 11 7
1478 15 14
1479 15 1
1480 4 8
1481 2 1
1482 21 17
1483 24 16
1484 1 6
1485 20 23
1486 20 24
1487 16 11
1488 28 26
1489 25 11
1490 1 27
1491 24 17
1492 14 29
1493 28 0
1494 25 12
1495 17 4
1496 10 7
1497 6 7
1498 10 27
1499 22 29
1500 2 0
1501 29 3
1502 8 22
1503 25 14
1504 2 10
1505 28 5
1506 0 3
1507 21 7
1508 12 10
1509 10 13
1510 23 7
1511 21 4
1512 20 22
1513 22 17
1514 29 17
1515 8 6
1516 4 17
1517 0 5
1518 28 29
1519 9 18
1520 26 16
1521 9 24
1522 3 24
1523 4 5
1524 29 23
1525 13 5
1526 4 2
1527 25 28
1528 16 14
1529 11 6
1530 18 15
1531 23 13
1532 9 21
1533 16 4
1534 22 24
1535 15 11
1536 5 1
1537 7 21
1538 15 27
1539 19 26
1540 23 14
1541 27 14
1542 26 29
1543 26 25
1544 4 24
1545 5 5
1546 4 22
1547 18 21
1548 29 28
1549 7 2
1550 7 26
1551 18 14
1552 21 18
1553 24 11
1554 23 19
1555 9 17
1556 8 1
1557 25 1
1558 7 17
1559 16 20
1560 24 16
1561 7 1
1562 4 21
1563 5 0
1564 9 16
1565 29 20
1566 11 10
1567 10 6
1568 25 25
1569 5 13
1570 3 15
1571 6 8
1572 13 19
1573 2 27
1574 18 3
1575 11 8
1576 11 25
1577 5 6
1578 10 16
1579 28 6
1580 9 8
1581 11 18
1582 0 11
1583 16 23
1584 1 23
1585 14 19
1586 12 25
1587 24 26
1588 5 15
1589 2 6
1590 12 27
1591 16 16
1592 3 6
1593 14 27
1594 2 14
1595 11 21
1596 21 16
1597 29 27
1598 18 27
1599 6 25
1600 17 23
1601 17 25
1602 18 20
1603 13 7
1604 22 19
1605 27 9
1606 4 6
1607 23 5
1608 29 0
1609 16 29
1610 27 29
1611 21 20
1612 19 1
1613 28 23
1614 16 28
1615 17 21
1616 12 24
1617 17 6
1618 5 16
1619 11 24
1620 10 25
1621 29 2
1622 24 0
1623 29 15
1624 8 3
1625 15 15
1626 27 26
1627 8 2
1628 22 10
1629 15 16
1630 11 1
1631 4 1
1632 8 16
1633 6 22
1634 22 13
1635 8 5
1636 19 25
1637 22 11
1638 27 5
1639 21 21
1640 2 24
1641 3 10
1642 4 23
1643 19 3
1644 19 17
1645 0 20
1646 17 26
1647 3 24
1648 24 18
1649 22 12
1650 22 1
1651 1 3
1652 12 20
1653 20 13
1654 4 10
1655 5 6
1656 16 6
1657 21 1
1658 12 3
1659 9 29
1660 6 10
1661 18 25
1662 7 2
1663 4 22
1664 12 25
1665 4 16
1666 4 14
1667 21 13
1668 4 21
1669 1 16
1670 20 23
1671 17 0
1672 12 24
1673 2 13
1674 20 17
1675 9 26
1676 3 20
1677 1 22
1678 21 2
1679 23 2
1680 26 9
1681 21 15
1682 21 12
1683 9 28
1684 10 20
1685 9 25
1686 26 10
1687 15 20
1688 1 29
1689 16 20
1690 4 20
1691 5 1
1692 27 7
1693 21 17
1694 12 10
1695 14 24
1696 26 17
1697 2 5
1698 16 23
1699 6 21
1700 22 23
1701 9 19
1702 14 23
1703 1 9
1704 17 22
1705 13 27
1706 27 27
1707 3 17
1708 0 26
1709 29 3
1710 24 9
1711 10 12
1712 14 3
1713 1 2
1714 6 17
1715 8 2
1716 20 25
1717 25 6
1718 11 11
1719 12 16
1720 5 0
1721 2 17
1722 2 28
1723 13 26
1724 20 12
1725 22 4
1726 28 24
1727 10 9
1728 4 4
1729 4 17
1730 1 21
1731 29 26
1732 10 4
1733 6 18
1734 13 12
1735 9 9
1736 1 26
1737 28 5
1738 4 25
1739 27 28
1740 8 8
1741 12 8
1742 4 9
1743 9 18
1744 23 28
1745 27 29
1746 4 10
1747 2 25
1748 1 22
1749 5 16
1750 28 23
1751 1 1
1752 7 29
1753 17 1
1754 11 23
1755 11 25
1756 18 0
1757 22 3
1758 11 27
1759 17 2
1760 19 17
1761 13 3
1762 5 17
1763 10 27
1764 5 1
1765 15 4
1766 20 16
1767 21 5
1768 17 12
1769 2 21
1770 13 21
1771 4 16
1772 29 16
1773 8 29
1774 5 5
1775 1 5
1776 4 17
1777 12 4
1778 28 16
1779 20 7
1780 4 5
1781 2 6
1782 6 26
1783 28 20
1784 12 3
1785 27 17
1786 20 5
1787 20 15
1788 14 10
1789 11 7
1790 15 19
1791 28 0
1792 3 16
1793 24 28
1794 4 15
1795 15 27
1796 3 6
1797 13 20
1798 14 14
1799 8 19
1800 12 21
1801 24 15
1802 28 19
1803 12 4
1804 25 0
1805 16 27
1806 4 3
1807 25 9
1808 20 8
1809 6 5
1810 27 24
1811 11 16
1812 1 10
1813 16 16
1814 6 24
1815 23 1
1816 20 2
1817 1 11
1818 11 10
1819 26 22
1820 12 20
1821 6 23
1822 16 17
1823 9 12
1824 10 12
1825 21 0
1826 17 14
1827 24 17
1828 26 18
1829 12 23
1830 20 14
1831 29 0
1832 12 21
1833 11 5
1834 15 20
1835 11 28
1836 5 14
1837 12 1
1838 11 6
1839 10 19
1840 13 8
1841 7 4
1842 16 18
1843 19 21
1844 7 16
1845 18 1
1846 5 22
1847 13 19
1848 21 3
1849 4 2
1850 13 11
1851 5 0
1852 22 7
1853 15 6
1854 10 16
1855 23 17
1856 7 8
1857 22 15
1858 11 16
1859 10 28
1860 27 25
1861 13 2
1862 29 10
1863 6 9
1864 26 29
1865 12 26
1866 19 9
1867 1 14
1868 6 22
1869 16 14
1870 10 27
1871 13 9
1872 4 19
1873 25 28
1874 29 2
1875 17 21
1876 12 3
1877 20 0
1878 23 21
1879 25 24
1880 28 0
1881 20 7
1882 21 15
1883 0 21
1884 13 12
1885 8 26
1886 3 0
1887 16 3
1888 0 22
1889 17 3
1890 12 6
1891 12 15
1892 15 13
1893 4 29
1894 22 13
1895 19 7
1896 20 13
1897 24 20
1898 29 13
1899 17 2
1900 9 14
1901 16 1
1902 27 8
1903 5 1
1904 8 24
1905 21 20
1906 12 11
1907 27 20
1908 5 0
1909 24 10
1910 17 25
1911 8 8
1912 10 5
1913 26 0
1914 24 19
1915 15 17
1916 25 0
1917 18 22
1918 25 15
1919 6 23
1920 4 24
1921 1 27
1922 27 15
1923 23 22
1924 22 22
1925 22 4
1926 13 4
1927 9 24
1928 13 3
1929 20 12
1930 26 8
1931 26 17
1932 27 5
1933 6 15
1934 16 29
1935 3 15
1936 16 0
1937 6 14
1938 0 1
1939 29 14
1940 17 23
1941 11 8
1942 29 19
1943 27 6
1944 19 25
1945 28 28
1946 7 23
1947 20 8
1948 23 8
1949 22 21
1950 17 27
1951 10 14
1952 1 7
1953 23 2
1954 5 11
1955 11 24
1956 21 19
1957 23 10
1958 0 2
1959 21 21
1960 18 21
1961 11 26
1962 2 3
1963 24 2
1964 17 16
1965 9 8
1966 24 28
1967 0 23
1968 11 2
1969 1 26
1970 18 0
1971 26 26
1972 1 2
1973 3 29
1974 20 3
1975 15 14
1976 17 0
1977 24 13
1978 8 4
1979 25 22
1980 18 20
1981 12 9
1982 11 7
1983 27 9
1984 10 17
1985 20 22
1986 1 10
1987 27 19
1988 0 22
1989 24 8
1990 4 0
1991 26 15
1992 29 20
1993 23 29
1994 27 22
1995 0 6
1996 28 25
1997 29 15
1998 18 21
1999 26 7
2000 13 20
2001 28 26
2002 27 16
2003 18 16
2004 5 28
2005 1 11
2006 20 21
2007 3 23
2008 18 17
2009 14 6
2010 25 21
2011 13 15
2012 20 7
2013 11 21
2014 12 5
2015 29 1
2016 6 24
2017 19 2
2018 1 0
2019 18 7
2020 2 5
2021 5 27
2022 5 20
2023 24 14
2024 13 27
2025 19 7
2026 2 0
2027 17 22
2028 12 14
2029 19 27
2030 9 17
2031 26 9
2032 12 21
2033 1 8
2034 25 28
2035 2 9
2036 18 27
2037 7 20
2038 5 8
2039 6 16
2040 28 19
2041 22 21
2042 9 7
2043 28 7
2044 2 19
2045 8 3
2046 7 21
2047 16 1
2048 12 29
2049 15 18
2050 23 23
2051 22 3
2052 25 2
2053 8 17
2054 29 16
2055 28 6
2056 24 7
2057 28 14
2058 25 18
2059 1 23
2060 5 0
2061 9 29
2062 5 4
2063 5 19
2064 28 17
2065 5 15
2066 9 26
2067 13 14
2068 10 6
2069 6 11
2070 4 4
2071 9 27
2072 19 3
2073 12 14
2074 23 19
2075 22 0
2076 21 13
2077 0 25
2078 21 23
2079 0 4
2080 13 6
2081 2 14
2082 27 23
2083 27 29
2084 21 0
2085 8 1
2086 11 4
2087 29 3
2088 6 3
2089 18 3
2090 6 13
2091 22 20
2092 28 10
2093 12 24
2094 16 20
2095 23 8
2096 11 8
2097 9 8
2098 6 14
2099 29 29
2100 25 11
2101 1 17
2102 28 18
2103 15 13
2104 29 6
2105 13 21
2106 10 20
2107 3 11
2108 25 5
2109 25 1
2110 27 21
2111 12 2
2112 16 6
2113 4 16
2114 8 14
2115 12 20
2116 4 17
2117 21 25
2118 9 6
2119 0 21
2120 24 5
2121 0 9
2122 11 9
2123 29 18
2124 28 6
2125 16 11
2126 12 10
2127 24 22
2128 23 11
2129 17 11
2130 2 4
2131 23 10
2132 16 17
2133 22 21
2134 16 10
2135 22 29
2136 14 15
2137 3 25
2138 27 5
2139 13 14
2140 9 9
2141 12 6
2142 5 11
2143 8 6
2144 9 25
2145 28 7
2146 26 18
2147 26 0
2148 3 14
2149 25 0
2150 13 29
2151 0 0
2152 9 17
2153 21 20
2154 3 1
2155 23 27
2156 7 19
2157 23 22
2158 20 20
2159 5 29
2160 23 29
2161 22 17
2162 27 7
2163 8 15
2164 11 22
2165 10 16
2166 21 28
2167 7 25
2168 18 2
2169 13 15
2170 0 22
2171 25 15
2172 29 19
2173 21 16
2174 1 27
2175 6 21
2176 5 21
2177 13 11
2178 14 18
2179 17 26
2180 20 8
2181 26 11
2182 5 5
2183 1 16
2184 6 23
2185 20 19
2186 12 4
2187 17 7
2188 24 9
2189 14 5
2190 19 20
2191 23 28
2192 22 13
2193 7 21
2194 23 26
2195 28 22
2196 25 25
2197 16 28
2198 5 22
2199 26 25
2200 16 23
2201 24 6
2202 14 12
2203 24 5
2204 11 3
2205 22 23
2206 23 21
2207 24 19
2208 7 20
2209 7 0
2210 14 1
2211 25 7
2212 22 21
2213 16 2
2214 25 20
2215 12 5
2216 27 20
2217 17 5
2218 21 15
2219 29 18
2220 23 16
2221 10 10
2222 6 19
2223 22 11
2224 1 15
2225 4 20
2226 24 8
2227 3 9
2228 18 1
2229 29 27
2230 1 28
2231 21 2
2232 14 26
2233 25 11
2234 9 8
2235 28 23
2236 22 22
2237 22 5
2238 28 1
2239 2 10
2240 20 10
2241 10 17
2242 15 5
2243 6 11
2244 17 28
2245 29 0
2246 18 23
2247 12 3
2248 16 0
2249 12 15
2250 4 3
2251 26 21
2252 14 21
2253 9 17
2254 25 2
2255 2 22
2256 17 6
2257 23 7
2258 4 13
2259 7 5
2260 7 21
2261 29 17
2262 22 4
2263 20 15
2264 14 0
2265 15 19
2266 17 15
2267 2 5
2268 3 13
2269 5 11
2270 27 24
2271 22 5
2272 15 0
2273 23 6
2274 23 13
2275 15 14
2276 3 0
2277 18 12
2278 13 26
2279 1 10
2280 10 24
2281 26 22
2282 10 15
2283 7 15
2284 28 5
2285 20 7
2286 12 6
2287 17 14
2288 2 20
2289 23 5
2290 21 22
2291 3 17
2292 14 15
2293 28 20
2294 27 5
2295 11 19
2296 27 8
2297 19 16
2298 20 25
2299 10 2
2300 4 2
2301 20 0
2302 25 24
2303 16 6
2304 18 20
2305 21 21
2306 29 16
2307 26 1
2308 6 27
2309 22 4
2310 10 16
2311 4 26
2312 16 28
2313 4 6
2314 28 6
2315 22 21
2316 18 11
2317 17 0
2318 1 18
2319 16 19
2320 26 15
2321 6 17
2322 22 13
2323 19 26
2324 24 2
2325 16 25
2326 6 5
2327 22 5
2328 14 19
2329 19 24
2330 1 6
2331 6 18
2332 16 18
2333 26 26
2334 21 5
2335 11 27
2336 14 18
2337 1 3
2338 23 5
2339 13 7
2340 4 19
2341 13 20
2342 0 12
2343 5 10
2344 20 24
2345 4 16
2346 4 20
2347 19 17
2348 29 2
2349 21 18
2350 18 17
2351 7 1
2352 26 11
2353 28 16
2354 11 5
2355 13 21
2356 4 17
2357 3 24
2358 1 22
2359 4 23
2360 17 11
2361 10 25
2362 11 6
2363 13 10
2364 5 11
2365 7 5
2366 21 27
2367 11 11
2368 17 25
2369 12 5
2370 8 29
2371 27 20
2372 22 10
2373 22 27
2374 22 5
2375 6 8
2376 22 25
2377 8 16
2378 16 7
2379 1 4
2380 4 9
2381 8 4
2382 17 21
2383 27 0
2384 6 29
2385 25 22
2386 7 6
2387 4 11
2388 10 17
2389 2 28
2390 25 6
2391 6 2
2392 7 24
2393 28 20
2394 1 28
2395 6 7
2396 7 14
2397 21 17
2398 17 23
2399 18 5
2400 0 27
2401 25 11
2402 20 17
2403 9 22
2404 6 22
2405 25 1
2406 21 23
2407 8 2
2408 3 10
2409 26 13
2410 9 18
2411 17 16
2412 11 10
2413 18 4
2414 7 29
2415 1 21
2416 14 10
2417 12 7
2418 22 18
2419 10 7
2420 11 2
2421 13 15
2422 2 19
2423 13 5
2424 17 15
2425 19 22
2426 20 18
2427 15 18
2428 22 29
2429 27 1
2430 25 18
2431 1 14
2432 8 27
2433 21 7
2434 12 19
2435 0 1
2436 16 21
2437 16 6
2438 28 29
2439 0 2
2440 4 24
2441 5 6
2442 26 6
2443 26 7
2444 6 24
2445 17 16
2446 0 18
2447 5 9
2448 20 11
2449 1 12
2450 26 12
2451 10 13
2452 8 5
2453 27 13
2454 25 15
2455 9 24
2456 27 15
2457 28 1
2458 20 13
2459 12 20
2460 7 28
2461 21 19
2462 17 27
2463 1 11
2464 11 21
2465 26 29
2466 14 7
2467 28 7
2468 11 14
2469 25 16
2470 21 18
2471 1 22
2472 7 27
2473 21 15
2474 22 2
2475 4 29
2476 29 26
2477 1 15
2478 13 12
2479 1 27
2480 11 29
2481 6 14
2482 20 14
2483 5 28
2484 20 22
2485 2 2
2486 16 29
2487 15 3
2488 9 12
2489 23 15
2490 19 13
2491 4 27
2492 3 15
2493 29 25
2494 15 6
2495 23 0
2496 22 28
2497 24 28
2498 6 20
2499 21 1
2500 17 28
2501 26 22
2502 11 1
2503 11 0
2504 28 6
2505 10 3
2506 21 28
2507 5 14
2508 1 5
2509 24 11
2510 9 11
2511 13 20
2512 13 7
2513 20 18
2514 23 5
2515 27 16
2516 26 16
2517 17 5
2518 16 19
2519 24 5
2520 8 27
2521 9 27
2522 21 9
2523 9 29
2524 27 26
2525 10 10
2526 25 9
2527 3 9
2528 10 27
2529 24 7
2530 13 22
2531 7 5
2532 12 15
2533 16 16
2534 1 14
2535 1 7
2536 14 18
2537 2 12
2538 10 29
2539 10 4
2540 8 8
2541 18 10
2542 7 17
2543 5 29
2544 29 1
2545 9 2
2546 6 14
2547 9 12
2548 23 2
2549 9 25
2550 17 8
2551 16 28
2552 9 16
2553 9 17
2554 27 7
2555 21 14
2556 16 6
2557 20 1
2558 14 12
2559 19 23
2560 26 13
2561 22 3
2562 27 9
2563 0 6
2564 10 16
2565 22 14
2566 15 16
2567 19 11
2568 3 10
2569 25 21
2570 6 21
2571 6 10
2572 26 18
2573 0 1
2574 10 14
2575 6 20
2576 7 16
2577 28 15
2578 7 6
2579 12 5
2580 4 22
2581 21 4
2582 11 8
2583 9 15
2584 14 11
2585 3 9
2586 27 14
2587 19 25
2588 6 19
2589 29 3
2590 27 6
2591 6 1
2592 11 13
2593 9 7
2594 21 27
2595 6 17
2596 27 12
2597 12 16
2598 2 22
2599 12 27
2600 4 25
2601 28 22
2602 3 16
2603 0 19
2604 3 25
2605 26 17
2606 24 21
2607 15 19
2608 21 10
2609 13 0
2610 19 21
2611 1 18
2612 20 16
2613 16 11
2614 12 8
2615 14 0
2616 7 2
2617 16 14
2618 6 26
2619 26 12
2620 10 26
2621 7 24
2622 2 20
2623 8 15
2624 18 25
2625 8 9
2626 6 25
2627 2 3
2628 29 14
2629 12 12
2630 4 19
2631 22 0
2632 29 6
2633 7 22
2634 17 4
2635 28 6
2636 7 23
2637 8 25
2638 29 28
2639 6 13
2640 13 19
2641 17 21
2642 22 4
2643 23 28
2644 29 5
2645 13 23
2646 8 22
2647 18 8
2648 16 29
2649 1 6
2650 0 26
2651 18 11
2652 7 3
2653 8 18
2654 6 27
2655 22 24
2656 20 21
2657 9 21
2658 17 14
2659 23 8
2660 15 11
2661 14 3
2662 15 0
2663 28 28
2664 6 9
2665 5 21
2666 11 26
2667 14 8
2668 9 15
2669 10 19
2670 26 18
2671 21 24
2672 11 9
2673 28 7
2674 16 21
2675 4 6
2676 5 17
2677 17 12
2678 6 26
2679 3 18
2680 1 8
2681 24 28
2682 14 29
2683 22 2
2684 17 21
2685 7 9
2686 15 17
2687 28 25
2688 17 25
2689 15 7
2690 15 2
2691 19 24
2692 3 26
2693 25 22
2694 13 8
2695 27 1
2696 23 24
2697 16 28
2698 2 29
2699 27 22
# colocadas=2700 ocupadas=501 mayor=81
