0 15 45
1 14 5
2 24 6
3 35 46
4 11 26
5 4 25
6 13 11
7 47 23
8 20 4
9 16 17
10 25 5
11 17 38
12 42 19
13 24 10
14 22 19
15 20 47
16 28 49
17 47 17
18 36 41
19 46 9
20 16 28
21 45 1
22 3 21
23 25 43
24 13 31
25 32 11
26 18 22
27 13 41
28 10 47
29 16 35
30 14 27
31 17 12
32 33 16
33 16 9
34 48 8
35 22 35
36 48 23
37 47 23
38 36 40
39 36 41
40 6 47
41 31 45
42 11 41
43 11 15
44 28 24
45 22 36
46 41 46
47 19 1
48 23 49
49 0 26
50 14 4
51 42 48
52 34 19
53 26 48
54 45 9
55 46 9
56 15 4
57 14 4
58 30 6
59 36 34
60 14 26
61 14 27
62 29 4
63 2 15
64 8 33
65 23 24
66 9 17
67 39 13
68 2 18
69 32 10
70 30 5
71 12 25
72 36 17
73 41 47
74 41 46
75 4 19
76 0 18
77 14 33
78 20 42
79 10 40
80 33 25
81 42 41
82 5 10
83 47 22
84 47 23
85 22 49
86 23 49
87 19 17
88 46 35
89 9 9
90 17 25
91 22 2
92 1 35
93 45 15
94 45 22
95 32 9
96 32 10
97 34 23
98 45 47
99 28 23
100 14 31
101 17 13
102 17 12
103 3 16
104 30 3
105 13 40
106 13 41
107 47 30
108 45 30
109 4 21
110 3 21
111 47 18
112 47 17
113 46 15
114 45 15
115 13 14
116 21 8
117 29 3
118 19 46
119 28 31
120 5 25
121 4 25
122 19 0
123 5 11
124 19 1
125 5 10
126 41 45
127 41 46
128 46 30
129 45 30
130 7 32
131 37 7
132 38 13
133 47 36
134 49 15
135 44 49
136 46 18
137 45 29
138 45 30
139 46 48
140 45 42
141 44 26
142 10 9
143 9 9
144 7 4
145 47 32
146 35 41
147 36 41
148 12 14
149 47 18
150 13 14
151 48 22
152 5 9
153 5 10
154 7 33
155 8 33
156 25 11
157 16 46
158 8 9
159 9 9
160 14 16
161 28 0
162 35 37
163 0 20
164 37 34
165 6 19
166 49 27
167 29 5
168 29 4
169 23 25
170 23 24
171 0 19
172 12 29
173 13 20
174 14 2
175 12 49
176 32 7
177 43 17
178 11 47
179 15 31
180 9 8
181 10 47
182 9 9
183 14 31
184 41 19
185 42 19
186 12 12
187 16 32
188 36 12
189 2 17
190 1 1
191 17 26
192 11 42
193 36 33
194 11 41
195 36 34
196 17 25
197 9 10
198 9 9
199 47 11
200 13 19
201 13 20
202 4 26
203 10 10
204 21 9
205 4 25
206 24 24
207 23 24
208 0 1
209 41 48
210 21 8
211 1 1
212 14 41
213 13 41
214 36 35
215 36 34
216 23 10
217 46 17
218 26 49
219 47 17
220 26 48
221 46 22
222 17 39
223 17 38
224 38 2
225 6 4
226 1 17
227 7 4
228 47 35
229 47 36
230 2 17
231 12 41
232 20 0
233 13 41
234 47 42
235 12 0
236 7 3
237 9 33
238 8 33
239 7 4
240 46 11
241 47 11
242 18 17
243 5 12
244 44 22
245 44 27
246 19 17
247 45 22
248 40 45
249 44 26
250 11 14
251 39 12
252 11 15
253 14 1
254 39 13
255 14 2
256 7 5
257 5 11
258 5 10
259 7 4
260 48 7
261 14 3
262 48 8
263 42 47
264 14 4
265 42 48
266 0 27
267 0 26
268 11 9
269 43 26
270 44 26
271 36 21
272 4 30
273 5 26
274 14 34
275 17 11
276 17 24
277 17 12
278 8 8
279 17 25
280 16 8
281 24 11
282 16 9
283 24 9
284 16 39
285 35 34
286 24 10
287 36 34
288 21 7
289 21 8
290 12 13
291 25 11
292 12 12
293 37 33
294 8 20
295 3 26
296 13 0
297 35 45
298 35 46
299 36 45
300 12 0
301 31 9
302 33 30
303 41 41
304 14 11
305 5 21
306 7 24
307 16 18
308 22 1
309 38 12
310 16 17
311 22 2
312 44 28
313 41 47
314 30 13
315 49 14
316 13 42
317 13 41
318 24 5
319 3 18
320 37 8
321 24 6
322 2 18
323 37 7
324 16 25
325 37 12
326 4 11
327 17 25
328 46 18
329 44 30
330 47 19
331 45 30
332 40 41
333 49 15
334 47 31
335 2 1
336 20 46
337 20 47
338 26 11
339 47 30
340 25 11
341 39 12
342 34 20
343 34 19
344 21 4
345 20 4
346 12 48
347 32 9
348 41 20
349 1 16
350 12 49
351 41 41
352 13 3
353 28 25
354 17 28
355 2 16
356 37 2
357 7 20
358 22 48
359 6 21
360 16 28
361 45 11
362 28 24
363 46 29
364 43 47
365 3 16
366 3 30
367 35 45
368 35 46
369 36 12
370 1 1
371 17 10
372 12 15
373 44 27
374 38 2
375 11 49
376 14 35
377 12 49
378 12 47
379 16 31
380 5 21
381 16 32
382 24 7
383 10 9
384 17 9
385 24 6
386 16 9
387 4 30
388 36 39
389 5 11
390 14 34
391 8 20
392 46 30
393 36 13
394 9 9
395 36 12
396 28 32
397 28 31
398 32 30
399 31 11
400 32 11
401 12 11
402 13 11
403 42 42
404 42 41
405 20 43
406 17 39
407 6 26
408 16 19
409 27 49
410 17 38
411 31 44
412 0 35
413 31 45
414 20 42
415 35 20
416 5 30
417 1 35
418 4 30
419 33 30
420 31 6
421 30 6
422 48 23
423 46 7
424 29 32
425 8 34
426 1 17
427 12 14
428 8 33
429 2 17
430 49 39
431 17 14
432 49 28
433 41 48
434 42 48
435 22 3
436 22 2
437 2 19
438 13 18
439 29 49
440 10 14
441 28 32
442 19 47
443 20 47
444 46 31
445 8 7
446 23 9
447 5 25
448 4 25
449 16 24
450 28 49
451 47 18
452 0 16
453 1 19
454 47 17
455 45 2
456 46 30
457 18 28
458 45 1
459 5 26
460 9 47
461 10 17
462 2 30
463 1 0
464 10 47
465 13 19
466 9 17
467 48 31
468 47 31
469 38 1
470 13 30
471 36 40
472 12 48
473 36 41
474 21 47
475 20 47
476 17 28
477 21 43
478 13 31
479 14 32
480 25 6
481 10 26
482 24 6
483 39 14
484 24 12
485 44 21
486 11 26
487 22 49
488 48 39
489 39 13
490 12 47
491 2 18
492 14 31
493 28 26
494 47 30
495 34 20
496 8 32
497 35 12
498 34 19
499 8 33
500 2 14
501 42 47
502 11 10
503 36 33
504 13 16
505 42 48
506 45 26
507 34 25
508 13 10
509 13 11
510 3 30
511 2 15
512 42 17
513 11 11
514 33 25
515 45 31
516 26 49
517 0 15
518 43 17
519 21 46
520 9 32
521 13 13
522 35 35
523 26 48
524 11 43
525 1 16
526 45 30
527 8 4
528 47 34
529 28 31
530 26 5
531 25 5
532 8 8
533 45 32
534 47 20
535 24 11
536 26 6
537 31 9
538 9 34
539 39 15
540 23 2
541 1 18
542 12 31
543 14 3
544 13 31
545 29 33
546 14 4
547 33 11
548 32 11
549 2 18
550 28 22
551 46 16
552 22 2
553 37 9
554 28 23
555 44 26
556 43 25
557 7 4
558 7 2
559 14 16
560 45 10
561 1 36
562 1 35
563 8 19
564 46 17
565 9 16
566 46 29
567 9 17
568 0 19
569 13 20
570 36 12
571 45 48
572 45 47
573 47 17
574 16 18
575 1 1
576 12 24
577 12 25
578 11 10
579 22 7
580 38 2
581 8 20
582 2 2
583 4 26
584 43 26
585 12 26
586 23 35
587 40 20
588 15 5
589 14 5
590 49 31
591 22 4
592 49 30
593 14 19
594 4 25
595 40 48
596 22 35
597 18 28
598 21 4
599 22 24
600 20 4
601 13 19
602 23 24
603 32 31
604 22 10
605 14 20
606 3 25
607 21 3
608 46 30
609 21 2
610 43 46
611 35 42
612 8 17
613 32 12
614 31 5
615 4 25
616 47 33
617 47 7
618 6 21
619 35 40
620 22 34
621 10 33
622 32 11
623 1 20
624 36 16
625 28 1
626 5 29
627 22 35
628 18 9
629 47 35
630 1 14
631 25 49
632 9 17
633 22 2
634 10 9
635 45 35
636 1 27
637 20 43
638 1 19
639 43 45
640 21 4
641 13 4
642 34 35
643 29 31
644 32 44
645 35 35
646 14 4
647 22 48
648 41 19
649 29 13
650 19 48
651 21 35
652 2 1
653 42 19
654 10 49
655 20 5
656 20 4
657 5 21
658 9 33
659 0 36
660 17 28
661 16 28
662 12 25
663 18 8
664 3 24
665 13 20
666 11 25
667 22 35
668 12 25
669 22 20
670 22 19
671 33 24
672 30 5
673 22 23
674 49 39
675 34 42
676 11 49
677 36 17
678 44 42
679 32 30
680 13 43
681 17 27
682 41 48
683 36 40
684 33 19
685 46 31
686 45 11
687 47 32
688 23 6
689 24 6
690 33 12
691 25 4
692 49 29
693 28 31
694 25 5
695 4 10
696 33 31
697 44 26
698 3 22
699 13 32
700 46 35
701 36 41
702 20 3
703 3 21
704 34 19
705 46 49
706 45 10
707 15 25
708 23 34
709 46 30
710 42 17
711 31 44
712 7 1
713 3 17
714 38 12
715 17 17
716 8 34
717 23 20
718 8 33
719 12 49
720 47 41
721 5 4
722 20 42
723 48 22
724 33 15
725 12 13
726 48 7
727 9 9
728 33 16
729 10 16
730 11 14
731 33 25
732 0 27
733 24 23
734 38 34
735 47 31
736 48 8
737 10 41
738 37 40
739 45 30
740 11 47
741 9 14
742 44 27
743 12 32
744 44 25
745 33 30
746 20 44
747 18 38
748 32 15
749 5 19
750 9 26
751 15 3
752 37 1
753 15 41
754 15 44
755 15 45
756 0 19
757 14 21
758 12 40
759 0 25
760 48 32
761 17 13
762 13 35
763 0 17
764 36 46
765 41 20
766 8 16
767 18 17
768 4 20
769 14 32
770 17 38
771 10 47
772 34 24
773 14 30
774 29 32
775 17 24
776 18 46
777 19 0
778 30 4
779 17 12
780 1 36
781 34 26
782 6 5
783 26 49
784 0 26
785 2 0
786 16 40
787 6 4
788 25 6
789 34 34
790 24 6
791 26 48
792 37 13
793 40 48
794 9 31
795 30 13
796 8 32
797 34 25
798 0 21
799 47 32
800 46 17
801 29 4
802 29 22
803 1 35
804 20 43
805 38 1
806 8 33
807 14 31
808 14 12
809 48 39
810 46 31
811 23 6
812 16 47
813 3 23
814 24 6
815 4 19
816 17 28
817 17 17
818 16 28
819 7 31
820 0 18
821 12 33
822 20 42
823 33 15
824 10 40
825 37 16
826 14 13
827 37 1
828 46 15
829 38 1
830 29 21
831 5 10
832 46 48
833 45 15
834 2 16
835 1 27
836 7 32
837 8 21
838 34 23
839 2 22
840 22 49
841 21 47
842 32 9
843 3 25
844 19 3
845 19 4
846 5 30
847 15 43
848 46 21
849 9 15
850 6 6
851 10 26
852 11 26
853 26 43
854 9 49
855 47 21
856 37 1
857 4 25
858 45 48
859 5 12
860 27 5
861 7 47
862 0 27
863 20 4
864 6 18
865 19 5
866 18 17
867 12 39
868 25 43
869 23 3
870 33 20
871 48 29
872 6 47
873 23 5
874 15 6
875 0 26
876 31 12
877 13 15
878 0 20
879 46 30
880 32 31
881 9 4
882 23 10
883 16 34
884 31 10
885 25 48
886 47 29
887 16 35
888 45 30
889 44 30
890 35 13
891 11 12
892 37 8
893 13 30
894 32 10
895 34 21
896 13 31
897 37 7
898 1 26
899 44 35
900 24 24
901 19 43
902 22 24
903 10 43
904 16 4
905 15 32
906 12 43
907 8 9
908 38 13
909 11 43
910 6 19
911 34 26
912 12 30
913 43 49
914 0 26
915 31 7
916 6 25
917 13 19
918 37 10
919 16 32
920 13 16
921 30 21
922 6 26
923 28 25
924 47 6
925 35 14
926 28 24
927 0 35
928 12 48
929 23 24
930 18 9
931 11 24
932 19 2
933 46 22
934 0 19
935 29 6
936 19 1
937 9 46
938 0 16
939 13 13
940 0 27
941 12 15
942 7 48
943 11 15
944 8 46
945 14 13
946 28 6
947 9 30
948 43 17
949 2 23
950 17 26
951 22 34
952 39 20
953 11 42
954 5 19
955 33 10
956 14 16
957 36 45
958 47 42
959 22 35
960 5 4
961 35 11
962 11 40
963 6 27
964 11 41
965 17 8
966 17 17
967 36 40
968 46 18
969 16 17
970 14 31
971 41 48
972 44 26
973 36 41
974 43 47
975 5 11
976 40 20
977 24 5
978 8 7
979 39 13
980 24 6
981 39 12
982 21 23
983 32 10
984 47 18
985 22 3
986 10 32
987 28 0
988 17 25
989 47 17
990 34 10
991 9 27
992 23 7
993 22 23
994 31 9
995 15 28
996 22 20
997 22 19
998 10 15
999 27 48
1000 27 26
1001 8 27
1002 44 28
1003 19 4
1004 4 19
1005 19 6
1006 26 48
1007 0 24
1008 17 15
1009 16 28
1010 24 23
1011 26 49
1012 34 25
1013 37 12
1014 23 8
1015 19 49
1016 5 25
1017 4 21
1018 14 35
1019 37 34
1020 37 11
1021 4 25
1022 47 7
1023 14 41
1024 10 43
1025 3 21
1026 44 32
1027 39 48
1028 9 9
1029 5 29
1030 13 41
1031 35 41
1032 36 47
1033 36 41
1034 19 38
1035 49 16
1036 2 26
1037 2 35
1038 36 16
1039 11 15
1040 36 35
1041 34 26
1042 6 4
1043 38 11
1044 28 26
1045 26 48
1046 37 8
1047 13 18
1048 7 47
1049 47 16
1050 17 16
1051 20 17
1052 16 19
1053 29 31
1054 36 22
1055 6 47
1056 46 1
1057 45 1
1058 18 38
1059 20 0
1060 35 21
1061 16 3
1062 9 47
1063 47 41
1064 20 43
1065 17 17
1066 17 38
1067 22 24
1068 12 14
1069 10 47
1070 10 40
1071 19 17
1072 9 46
1073 19 5
1074 6 25
1075 28 7
1076 14 11
1077 23 4
1078 16 18
1079 27 43
1080 47 35
1081 41 47
1082 19 43
1083 19 46
1084 20 6
1085 4 18
1086 1 35
1087 46 16
1088 11 0
1089 13 12
1090 2 14
1091 26 5
1092 32 8
1093 6 26
1094 15 44
1095 23 36
1096 2 2
1097 34 25
1098 20 45
1099 19 0
1100 6 28
1101 13 30
1102 24 9
1103 16 17
1104 15 45
1105 1 27
1106 49 15
1107 9 26
1108 25 12
1109 13 11
1110 42 47
1111 20 43
1112 12 32
1113 0 20
1114 11 30
1115 26 7
1116 24 10
1117 21 46
1118 35 13
1119 11 11
1120 11 43
1121 19 42
1122 20 18
1123 34 37
1124 14 12
1125 32 5
1126 13 31
1127 35 35
1128 35 17
1129 39 20
1130 35 37
1131 35 45
1132 13 26
1133 38 12
1134 37 39
1135 13 14
1136 31 10
1137 4 12
1138 36 46
1139 35 46
1140 0 28
1141 10 41
1142 1 23
1143 48 32
1144 31 11
1145 25 11
1146 37 2
1147 32 11
1148 0 27
1149 47 20
1150 14 34
1151 18 8
1152 0 36
1153 35 26
1154 18 9
1155 15 5
1156 30 12
1157 1 15
1158 40 41
1159 13 5
1160 20 17
1161 15 32
1162 12 47
1163 42 48
1164 44 27
1165 16 32
1166 5 25
1167 49 17
1168 27 26
1169 12 27
1170 47 1
1171 4 19
1172 46 48
1173 2 1
1174 15 12
1175 16 27
1176 37 7
1177 30 2
1178 3 22
1179 34 26
1180 45 35
1181 1 0
1182 31 6
1183 46 35
1184 45 14
1185 36 42
1186 24 12
1187 14 5
1188 22 2
1189 18 42
1190 41 45
1191 2 27
1192 28 31
1193 13 2
1194 45 30
1195 8 15
1196 4 25
1197 15 34
1198 11 42
1199 16 39
1200 6 24
1201 47 42
1202 19 6
1203 1 19
1204 31 8
1205 30 3
1206 36 17
1207 48 28
1208 4 11
1209 7 46
1210 47 19
1211 9 47
1212 18 8
1213 12 0
1214 37 16
1215 5 30
1216 35 25
1217 15 40
1218 28 1
1219 47 18
1220 35 39
1221 18 23
1222 36 35
1223 44 2
1224 30 6
1225 8 45
1226 1 20
1227 36 41
1228 35 42
1229 1 18
1230 23 35
1231 15 41
1232 35 10
1233 45 2
1234 13 16
1235 5 4
1236 49 28
1237 45 29
1238 7 33
1239 38 34
1240 11 10
1241 24 11
1242 6 4
1243 23 48
1244 33 11
1245 45 22
1246 20 2
1247 20 49
1248 9 16
1249 24 10
1250 34 11
1251 16 34
1252 15 21
1253 11 41
1254 16 8
1255 8 44
1256 31 9
1257 7 15
1258 40 20
1259 11 29
1260 22 9
1261 2 15
1262 1 14
1263 37 47
1264 14 12
1265 49 18
1266 39 12
1267 23 9
1268 32 15
1269 41 41
1270 47 30
1271 19 18
1272 12 24
1273 35 11
1274 33 21
1275 16 28
1276 34 11
1277 39 11
1278 8 8
1279 3 21
1280 9 46
1281 35 41
1282 12 3
1283 10 14
1284 45 30
1285 43 46
1286 13 6
1287 29 33
1288 36 16
1289 12 12
1290 12 28
1291 20 0
1292 48 28
1293 15 27
1294 41 46
1295 11 30
1296 46 18
1297 5 27
1298 0 35
1299 9 27
1300 32 30
1301 18 10
1302 16 35
1303 18 9
1304 36 41
1305 8 49
1306 21 9
1307 47 32
1308 37 16
1309 13 12
1310 39 2
1311 23 8
1312 2 16
1313 49 29
1314 20 3
1315 8 20
1316 13 11
1317 35 40
1318 32 6
1319 9 15
1320 12 40
1321 0 18
1322 23 5
1323 47 18
1324 17 4
1325 24 5
1326 11 31
1327 8 33
1328 16 21
1329 13 13
1330 22 4
1331 12 30
1332 43 35
1333 20 44
1334 7 47
1335 26 43
1336 49 28
1337 13 30
1338 47 49
1339 11 13
1340 6 20
1341 2 28
1342 34 20
1343 47 28
1344 34 41
1345 16 44
1346 10 17
1347 15 7
1348 21 20
1349 19 17
1350 36 16
1351 14 32
1352 9 19
1353 8 45
1354 27 44
1355 23 12
1356 2 27
1357 22 10
1358 19 18
1359 6 19
1360 45 8
1361 8 15
1362 48 7
1363 37 33
1364 41 19
1365 38 16
1366 37 11
1367 22 35
1368 20 5
1369 44 2
1370 9 14
1371 46 22
1372 39 13
1373 10 49
1374 13 15
1375 21 4
1376 47 17
1377 22 23
1378 44 35
1379 11 29
1380 47 16
1381 20 4
1382 23 35
1383 10 16
1384 13 19
1385 15 44
1386 42 41
1387 26 47
1388 16 34
1389 17 24
1390 11 44
1391 33 15
1392 27 43
1393 14 20
1394 22 20
1395 6 31
1396 15 6
1397 4 10
1398 16 18
1399 37 8
1400 38 2
1401 48 23
1402 37 34
1403 48 28
1404 5 26
1405 47 41
1406 9 49
1407 1 36
1408 8 27
1409 11 43
1410 20 46
1411 48 22
1412 44 22
1413 25 3
1414 4 24
1415 14 26
1416 29 5
1417 14 16
1418 29 48
1419 15 42
1420 8 44
1421 29 49
1422 34 24
1423 34 19
1424 0 23
1425 48 9
1426 2 30
1427 8 16
1428 20 43
1429 2 23
1430 14 33
1431 47 17
1432 2 29
1433 41 47
1434 19 17
1435 49 28
1436 49 39
1437 41 40
1438 12 48
1439 33 9
1440 10 30
1441 9 27
1442 17 11
1443 20 38
1444 22 24
1445 16 9
1446 32 11
1447 28 48
1448 17 39
1449 47 7
1450 41 41
1451 28 6
1452 11 11
1453 20 18
1454 39 12
1455 45 15
1456 12 33
1457 24 3
1458 13 20
1459 44 29
1460 17 3
1461 0 19
1462 12 29
1463 28 49
1464 1 1
1465 13 1
1466 14 21
1467 14 34
1468 31 12
1469 12 46
1470 10 9
1471 12 32
1472 47 27
1473 1 16
1474 29 4
1475 45 17
1476 34 40
1477 49 17
1478 26 48
1479 3 18
1480 37 42
1481 29 32
1482 33 16
1483 47 34
1484 8 34
1485 19 49
1486 32 9
1487 29 48
1488 10 17
1489 14 30
1490 13 16
1491 24 6
1492 46 15
1493 24 12
1494 46 11
1495 4 25
1496 5 12
1497 13 33
1498 11 49
1499 40 41
1500 48 8
1501 22 33
1502 41 41
1503 14 45
1504 0 1
1505 4 23
1506 14 2
1507 32 7
1508 18 22
1509 11 29
1510 45 48
1511 28 32
1512 9 17
1513 13 19
1514 15 45
1515 44 21
1516 16 19
1517 36 21
1518 16 31
1519 12 25
1520 8 33
1521 16 25
1522 28 23
1523 47 11
1524 5 24
1525 1 23
1526 12 29
1527 12 24
1528 33 30
1529 2 18
1530 22 23
1531 39 10
1532 39 20
1533 14 45
1534 9 9
1535 1 1
1536 40 42
1537 0 20
1538 5 20
1539 29 5
1540 3 20
1541 1 17
1542 14 41
1543 42 17
1544 32 4
1545 43 34
1546 17 12
1547 30 2
1548 32 10
1549 35 11
1550 12 26
1551 46 17
1552 13 40
1553 30 8
1554 15 45
1555 12 47
1556 17 25
1557 44 47
1558 47 35
1559 34 10
1560 6 27
1561 44 22
1562 24 2
1563 34 41
1564 34 20
1565 16 38
1566 48 39
1567 3 2
1568 0 23
1569 45 29
1570 3 26
1571 1 35
1572 11 42
1573 10 15
1574 7 31
1575 26 6
1576 14 16
1577 6 29
1578 16 22
1579 31 11
1580 12 40
1581 15 5
1582 7 4
1583 3 10
1584 47 31
1585 47 28
1586 14 7
1587 19 45
1588 14 5
1589 9 43
1590 0 26
1591 4 11
1592 23 6
1593 43 45
1594 24 48
1595 21 8
1596 33 19
1597 18 7
1598 47 32
1599 23 49
1600 11 12
1601 48 28
1602 30 5
1603 40 45
1604 42 42
1605 13 16
1606 46 49
1607 43 35
1608 34 46
1609 9 47
1610 23 11
1611 10 43
1612 22 25
1613 18 27
1614 11 15
1615 10 47
1616 17 10
1617 32 11
1618 24 3
1619 16 21
1620 30 45
1621 33 15
1622 22 49
1623 40 10
1624 17 38
1625 39 10
1626 48 23
1627 3 24
1628 43 17
1629 37 7
1630 0 17
1631 46 11
1632 23 3
1633 31 8
1634 47 11
1635 0 36
1636 17 24
1637 41 20
1638 48 6
1639 8 49
1640 23 21
1641 12 25
1642 24 6
1643 32 30
1644 6 28
1645 28 0
1646 16 32
1647 47 17
1648 15 31
1649 12 13
1650 1 23
1651 30 20
1652 15 21
1653 33 10
1654 14 35
1655 25 2
1656 15 12
1657 11 30
1658 35 46
1659 20 17
1660 6 4
1661 46 48
1662 39 16
1663 31 9
1664 12 12
1665 9 28
1666 6 33
1667 19 47
1668 0 35
1669 12 49
1670 12 24
1671 4 2
1672 6 29
1673 36 47
1674 6 25
1675 28 26
1676 12 44
1677 37 12
1678 46 30
1679 25 7
1680 34 25
1681 44 17
1682 15 29
1683 22 9
1684 14 12
1685 31 12
1686 42 41
1687 2 26
1688 30 12
1689 34 39
1690 14 33
1691 49 39
1692 26 5
1693 10 31
1694 16 3
1695 13 7
1696 47 18
1697 49 18
1698 24 11
1699 5 29
1700 17 25
1701 18 17
1702 25 5
1703 35 25
1704 47 23
1705 13 0
1706 28 31
1707 15 46
1708 35 39
1709 45 22
1710 11 12
1711 45 30
1712 6 26
1713 10 15
1714 39 13
1715 16 35
1716 39 17
1717 31 8
1718 2 2
1719 28 24
1720 16 46
1721 28 22
1722 19 17
1723 40 20
1724 45 47
1725 23 19
1726 2 28
1727 43 46
1728 34 23
1729 32 10
1730 16 22
1731 22 4
1732 15 45
1733 14 32
1734 8 47
1735 47 33
1736 43 45
1737 43 46
1738 19 18
1739 43 47
1740 13 6
1741 8 19
1742 19 17
1743 17 39
1744 16 47
1745 21 23
1746 22 26
1747 23 4
1748 48 29
1749 24 24
1750 9 43
1751 49 27
1752 13 40
1753 47 34
1754 5 11
1755 18 26
1756 45 48
1757 8 45
1758 12 48
1759 10 17
1760 45 9
1761 19 0
1762 13 7
1763 19 3
1764 41 45
1765 17 26
1766 36 40
1767 8 1
1768 12 28
1769 23 9
1770 19 42
1771 14 31
1772 36 33
1773 13 30
1774 34 42
1775 10 43
1776 3 23
1777 16 31
1778 46 48
1779 13 5
1780 23 24
1781 39 14
1782 44 29
1783 0 21
1784 23 49
1785 22 1
1786 12 0
1787 13 31
1788 16 21
1789 22 4
1790 27 26
1791 7 33
1792 7 4
1793 11 3
1794 45 29
1795 23 36
1796 22 36
1797 47 31
1798 47 33
1799 34 25
1800 11 15
1801 37 1
1802 14 11
1803 18 27
1804 45 48
1805 6 31
1806 25 6
1807 5 30
1808 46 22
1809 45 2
1810 19 28
1811 11 32
1812 38 11
1813 19 29
1814 25 23
1815 15 7
1816 45 42
1817 35 47
1818 29 13
1819 39 47
1820 29 34
1821 25 7
1822 18 28
1823 18 41
1824 36 34
1825 16 18
1826 37 35
1827 41 19
1828 20 49
1829 7 18
1830 34 24
1831 16 39
1832 24 9
1833 16 40
1834 2 10
1835 37 8
1836 37 7
1837 19 19
1838 39 16
1839 11 24
1840 34 41
1841 21 3
1842 19 7
1843 46 35
1844 18 19
1845 13 11
1846 11 11
1847 7 26
1848 35 26
1849 49 29
1850 21 47
1851 14 10
1852 31 10
1853 47 17
1854 0 18
1855 22 43
1856 16 34
1857 35 46
1858 22 32
1859 44 47
1860 15 6
1861 38 12
1862 6 26
1863 14 7
1864 29 33
1865 21 43
1866 17 38
1867 27 11
1868 3 21
1869 5 12
1870 21 9
1871 10 12
1872 14 27
1873 49 14
1874 23 4
1875 44 49
1876 41 46
1877 19 19
1878 8 15
1879 45 22
1880 11 41
1881 15 41
1882 44 42
1883 44 26
1884 49 17
1885 33 10
1886 2 14
1887 2 22
1888 8 48
1889 22 34
1890 25 6
1891 48 5
1892 35 10
1893 8 44
1894 12 38
1895 27 7
1896 33 24
1897 24 6
1898 41 45
1899 19 49
1900 32 16
1901 32 8
1902 47 29
1903 8 46
1904 13 6
1905 48 39
1906 29 49
1907 0 0
1908 38 47
1909 23 3
1910 11 42
1911 23 7
1912 8 6
1913 36 17
1914 3 29
1915 47 35
1916 2 27
1917 21 4
1918 33 16
1919 18 17
1920 47 21
1921 31 45
1922 14 30
1923 12 33
1924 45 31
1925 37 8
1926 26 2
1927 9 44
1928 45 15
1929 18 4
1930 0 20
1931 8 20
1932 4 22
1933 47 22
1934 12 15
1935 23 20
1936 0 15
1937 14 31
1938 47 23
1939 5 11
1940 11 33
1941 24 36
1942 34 23
1943 22 43
1944 32 7
1945 12 46
1946 37 47
1947 28 32
1948 0 36
1949 9 31
1950 9 27
1951 34 21
1952 20 49
1953 0 21
1954 12 49
1955 19 18
1956 11 44
1957 44 22
1958 22 19
1959 48 6
1960 44 30
1961 38 20
1962 13 8
1963 46 8
1964 18 10
1965 6 18
1966 6 28
1967 39 20
1968 40 43
1969 17 39
1970 17 10
1971 14 41
1972 47 32
1973 48 5
1974 42 19
1975 6 46
1976 12 11
1977 8 33
1978 8 7
1979 33 30
1980 0 14
1981 40 46
1982 8 9
1983 12 34
1984 17 17
1985 2 36
1986 46 35
1987 42 17
1988 10 4
1989 32 15
1990 17 25
1991 18 8
1992 17 38
1993 34 37
1994 7 34
1995 45 7
1996 20 4
1997 19 38
1998 13 33
1999 38 13
2000 31 6
2001 18 2
2002 22 9
2003 5 6
2004 13 30
2005 5 25
2006 28 1
2007 17 3
2008 14 11
2009 48 7
2010 8 45
2011 9 49
2012 0 16
2013 11 15
2014 30 32
2015 12 39
2016 4 25
2017 34 40
2018 16 17
2019 30 9
2020 44 46
2021 8 8
2022 19 2
2023 11 43
2024 41 46
2025 13 31
2026 49 22
2027 24 10
2028 15 44
2029 26 5
2030 15 31
2031 40 45
2032 30 3
2033 45 42
2034 41 45
2035 40 42
2036 3 16
2037 16 19
2038 20 42
2039 33 39
2040 49 18
2041 43 34
2042 40 20
2043 37 22
2044 12 38
2045 6 4
2046 5 22
2047 12 39
2048 15 45
2049 22 23
2050 19 17
2051 3 30
2052 1 27
2053 6 6
2054 12 29
2055 25 10
2056 19 4
2057 36 39
2058 48 8
2059 16 46
2060 11 12
2061 29 32
2062 2 27
2063 28 0
2064 46 17
2065 13 14
2066 10 14
2067 48 22
2068 36 22
2069 43 46
2070 28 48
2071 46 21
2072 22 11
2073 34 41
2074 19 5
2075 46 7
2076 12 33
2077 44 45
2078 49 39
2079 3 18
2080 31 7
2081 45 47
2082 4 20
2083 45 14
2084 34 26
2085 46 22
2086 8 30
2087 48 23
2088 13 15
2089 43 35
2090 0 20
2091 24 10
2092 11 49
2093 12 34
2094 23 9
2095 11 29
2096 47 42
2097 4 10
2098 25 2
2099 35 40
2100 20 47
2101 34 47
2102 10 15
2103 38 39
2104 9 34
2105 11 14
2106 11 4
2107 14 13
2108 14 33
2109 12 33
2110 12 40
2111 37 34
2112 17 16
2113 12 44
2114 42 34
2115 9 30
2116 0 35
2117 46 20
2118 12 15
2119 7 18
2120 41 48
2121 49 23
2122 47 16
2123 13 26
2124 20 4
2125 25 48
2126 25 36
2127 7 26
2128 2 18
2129 33 38
2130 19 9
2131 9 17
2132 49 17
2133 24 4
2134 0 1
2135 0 27
2136 12 38
2137 18 26
2138 17 24
2139 14 26
2140 11 11
2141 12 24
2142 24 9
2143 47 23
2144 22 10
2145 35 14
2146 45 32
2147 45 30
2148 11 3
2149 11 10
2150 1 0
2151 28 31
2152 25 49
2153 15 1
2154 7 33
2155 6 20
2156 36 21
2157 4 30
2158 30 8
2159 38 1
2160 14 15
2161 41 46
2162 12 30
2163 43 17
2164 1 19
2165 15 5
2166 30 2
2167 36 16
2168 2 15
2169 36 45
2170 20 0
2171 44 46
2172 8 28
2173 48 23
2174 46 29
2175 14 5
2176 20 46
2177 28 7
2178 2 1
2179 35 13
2180 36 33
2181 23 4
2182 0 17
2183 13 0
2184 26 23
2185 31 44
2186 36 34
2187 19 46
2188 0 19
2189 47 7
2190 19 3
2191 34 10
2192 0 20
2193 11 11
2194 17 25
2195 11 24
2196 32 10
2197 24 10
2198 15 44
2199 36 22
2200 46 9
2201 11 32
2202 1 36
2203 14 9
2204 21 20
2205 19 49
2206 15 45
2207 45 21
2208 39 15
2209 43 34
2210 39 14
2211 13 10
2212 48 39
2213 20 43
2214 9 33
2215 35 39
2216 5 10
2217 8 27
2218 37 35
2219 10 43
2220 45 15
2221 16 24
2222 5 30
2223 47 23
2224 22 35
2225 21 7
2226 21 5
2227 12 32
2228 41 47
2229 37 0
2230 6 9
2231 45 48
2232 5 19
2233 6 47
2234 24 11
2235 7 3
2236 15 0
2237 12 47
2238 10 17
2239 19 0
2240 37 34
2241 7 4
2242 12 29
2243 18 27
2244 46 30
2245 11 15
2246 32 7
2247 14 31
2248 3 18
2249 1 28
2250 7 34
2251 15 7
2252 1 20
2253 14 29
2254 1 19
2255 30 6
2256 12 49
2257 47 34
2258 21 8
2259 29 33
2260 32 30
2261 13 7
2262 28 6
2263 33 25
2264 13 11
2265 26 7
2266 48 23
2267 49 28
2268 49 15
2269 45 14
2270 46 7
2271 15 32
2272 7 1
2273 5 9
2274 1 14
2275 2 14
2276 25 5
2277 45 26
2278 47 17
2279 17 14
2280 18 19
2281 12 46
2282 39 17
2283 29 4
2284 46 8
2285 46 21
2286 38 2
2287 43 47
2288 2 29
2289 33 13
2290 47 20
2291 18 9
2292 20 47
2293 35 35
2294 47 16
2295 39 20
2296 6 4
2297 35 48
2298 17 28
2299 8 7
2300 47 28
2301 19 19
2302 12 14
2303 48 29
2304 12 10
2305 10 14
2306 29 32
2307 33 9
2308 34 33
2309 21 4
2310 6 26
2311 32 11
2312 14 16
2313 28 23
2314 4 3
2315 18 23
2316 40 20
2317 16 32
2318 47 29
2319 33 31
2320 37 1
2321 13 15
2322 17 4
2323 17 17
2324 8 28
2325 34 24
2326 14 21
2327 39 13
2328 1 30
2329 24 8
2330 40 14
2331 36 35
2332 20 18
2333 18 26
2334 7 31
2335 47 21
2336 47 35
2337 45 22
2338 36 48
2339 39 12
2340 12 13
2341 6 27
2342 16 31
2343 21 23
2344 7 33
2345 15 43
2346 29 5
2347 19 28
2348 17 13
2349 5 11
2350 22 4
2351 18 17
2352 12 16
2353 45 18
2354 35 45
2355 2 18
2356 19 6
2357 37 35
2358 2 28
2359 1 1
2360 44 22
2361 44 26
2362 6 21
2363 46 11
2364 45 15
2365 31 12
2366 21 4
2367 10 9
2368 8 19
2369 19 2
2370 15 6
2371 43 42
2372 9 9
2373 26 11
2374 20 1
2375 18 4
2376 25 43
2377 15 31
2378 2 0
2379 1 14
2380 47 33
2381 48 28
2382 26 43
2383 6 9
2384 47 17
2385 3 17
2386 32 10
2387 4 18
2388 29 4
2389 15 47
2390 49 18
2391 12 11
2392 2 17
2393 6 18
2394 8 17
2395 5 21
2396 11 49
2397 24 3
2398 13 40
2399 47 30
2400 30 13
2401 20 28
2402 27 10
2403 21 43
2404 7 4
2405 47 28
2406 0 25
2407 28 25
2408 2 23
2409 27 44
2410 49 27
2411 11 47
2412 49 39
2413 16 31
2414 45 47
2415 48 28
2416 4 21
2417 45 6
2418 12 24
2419 4 11
2420 11 33
2421 35 10
2422 46 9
2423 12 47
2424 10 47
2425 25 10
2426 12 12
2427 24 7
2428 1 17
2429 46 30
2430 1 27
2431 7 3
2432 45 7
2433 33 15
2434 6 21
2435 38 22
2436 3 16
2437 34 11
2438 45 8
2439 13 5
2440 14 12
2441 36 47
2442 23 36
2443 4 30
2444 7 48
2445 11 30
2446 12 10
2447 30 31
2448 22 36
2449 11 44
2450 35 35
2451 15 29
2452 49 28
2453 30 3
2454 12 49
2455 5 6
2456 0 23
2457 38 12
2458 17 24
2459 2 16
2460 8 44
2461 37 2
2462 32 15
2463 2 13
2464 24 10
2465 14 13
2466 38 21
2467 22 34
2468 39 14
2469 46 29
2470 32 11
2471 34 19
2472 6 22
2473 13 45
2474 48 17
2475 37 34
2476 18 19
2477 27 7
2478 27 5
2479 36 45
2480 47 29
2481 3 19
2482 46 35
2483 15 38
2484 12 13
2485 38 1
2486 10 26
2487 16 47
2488 45 30
2489 10 30
2490 38 2
2491 25 43
2492 32 5
2493 2 2
2494 22 49
2495 23 6
2496 14 4
2497 44 35
2498 13 16
2499 19 3
2500 23 25
2501 15 44
2502 47 9
2503 23 49
2504 17 2
2505 13 9
2506 37 1
2507 17 18
2508 47 32
2509 28 24
2510 46 8
2511 9 46
2512 9 19
2513 33 30
2514 36 40
2515 34 43
2516 36 0
2517 10 9
2518 15 37
2519 12 33
2520 29 5
2521 19 4
2522 43 49
2523 8 27
2524 17 25
2525 5 23
2526 46 1
2527 7 18
2528 23 3
2529 35 25
2530 13 31
2531 12 28
2532 27 43
2533 4 20
2534 15 43
2535 43 46
2536 48 7
2537 1 35
2538 18 2
2539 41 17
2540 45 0
2541 47 41
2542 22 2
2543 22 43
2544 18 22
2545 4 12
2546 44 29
2547 15 41
2548 39 45
2549 9 32
2550 17 23
2551 12 11
2552 23 8
2553 1 20
2554 22 31
2555 1 36
2556 4 19
2557 22 35
2558 1 35
2559 12 46
2560 5 30
2561 47 28
2562 9 34
2563 43 35
2564 15 44
2565 12 12
2566 12 29
2567 35 37
2568 11 43
2569 17 15
2570 37 12
2571 14 31
2572 8 46
2573 9 31
2574 9 14
2575 14 7
2576 40 10
2577 39 20
2578 40 45
2579 9 47
2580 22 11
2581 47 42
2582 16 32
2583 33 12
2584 14 12
2585 35 45
2586 17 31
2587 38 20
2588 37 39
2589 24 6
2590 17 4
2591 14 5
2592 32 10
2593 3 18
2594 34 25
2595 33 39
2596 31 9
2597 23 24
2598 18 38
2599 16 42
2600 22 20
2601 23 20
2602 47 17
2603 45 1
2604 18 10
2605 10 31
2606 3 15
2607 12 25
2608 6 21
2609 19 1
2610 26 2
2611 12 39
2612 0 35
2613 20 5
2614 17 2
2615 39 20
2616 11 32
2617 2 27
2618 6 6
2619 39 13
2620 32 31
2621 18 23
2622 15 42
2623 18 31
2624 16 31
2625 7 4
2626 42 48
2627 33 13
2628 11 41
2629 3 20
2630 25 11
2631 49 17
2632 15 21
2633 10 16
2634 6 26
2635 26 5
2636 18 8
2637 45 25
2638 6 22
2639 14 29
2640 25 9
2641 21 46
2642 5 26
2643 28 1
2644 43 30
2645 28 7
2646 21 7
2647 1 35
2648 6 18
2649 44 32
2650 38 42
2651 31 45
2652 15 5
2653 3 16
2654 45 2
2655 26 49
2656 24 4
2657 22 32
2658 0 26
2659 14 21
2660 9 33
2661 2 24
2662 2 1
2663 10 40
2664 23 36
2665 20 17
2666 28 26
2667 7 15
2668 28 25
2669 46 9
2670 15 32
2671 24 7
2672 1 26
2673 28 0
2674 34 23
2675 31 11
2676 40 21
2677 14 16
2678 31 7
2679 16 28
2680 8 15
2681 35 26
2682 16 32
2683 0 35
2684 33 21
2685 45 10
2686 39 45
2687 8 34
2688 11 26
2689 42 42
2690 36 13
2691 39 16
2692 5 25
2693 44 21
2694 47 26
2695 25 5
2696 49 22
2697 1 10
2698 11 4
2699 45 22
2700 28 6
2701 35 20
2702 17 41
2703 2 14
2704 17 12
2705 10 12
2706 10 41
2707 32 4
2708 46 16
2709 15 29
2710 37 48
2711 2 15
2712 6 21
2713 14 9
2714 5 9
2715 38 22
2716 36 41
2717 26 43
2718 14 10
2719 34 26
2720 49 27
2721 47 11
2722 28 7
2723 4 2
2724 5 20
2725 27 6
2726 14 11
2727 46 26
2728 10 43
2729 7 46
2730 46 31
2731 1 9
2732 6 9
2733 45 6
2734 15 34
2735 15 38
2736 19 28
2737 14 27
2738 36 39
2739 1 27
2740 30 32
2741 45 20
2742 27 11
2743 46 30
2744 45 9
2745 2 28
2746 16 8
2747 43 44
2748 37 7
2749 34 40
2750 7 47
2751 48 22
2752 47 33
2753 19 29
2754 34 42
2755 20 4
2756 12 38
2757 39 10
2758 38 21
2759 13 31
2760 6 32
2761 13 9
2762 38 39
2763 5 12
2764 14 34
2765 16 31
2766 8 33
2767 19 28
2768 36 45
2769 38 35
2770 10 30
2771 9 9
2772 35 24
2773 11 3
2774 18 9
2775 14 9
2776 14 33
2777 15 43
2778 46 22
2779 0 16
2780 16 3
2781 40 45
2782 45 1
2783 47 34
2784 22 36
2785 5 21
2786 12 40
2787 18 4
2788 31 20
2789 19 4
2790 23 4
2791 8 9
2792 7 20
2793 15 40
2794 37 47
2795 39 14
2796 0 1
2797 47 35
2798 11 49
2799 33 38
2800 11 10
2801 46 35
2802 47 33
2803 33 25
2804 20 49
2805 37 0
2806 9 30
2807 30 2
2808 12 49
2809 1 1
2810 7 18
2811 23 7
2812 25 37
2813 47 32
2814 7 46
2815 11 30
2816 2 1
2817 9 33
2818 37 8
2819 16 35
2820 7 47
2821 8 33
2822 42 30
2823 30 5
2824 44 22
2825 45 26
2826 39 45
2827 37 7
2828 34 25
2829 9 31
2830 7 25
2831 30 3
2832 13 34
2833 14 34
2834 32 11
2835 36 0
2836 22 6
2837 20 4
2838 14 31
2839 14 12
2840 4 30
2841 46 11
2842 22 10
2843 5 9
2844 15 7
2845 2 19
2846 42 17
2847 17 31
2848 1 31
2849 48 6
2850 14 5
2851 46 48
2852 9 27
2853 2 16
2854 45 29
2855 6 18
2856 22 1
2857 8 45
2858 2 27
2859 7 32
2860 17 38
2861 43 17
2862 18 41
2863 8 46
2864 12 14
2865 22 5
2866 38 22
2867 20 0
2868 30 12
2869 44 27
2870 35 14
2871 21 8
2872 9 46
2873 11 43
2874 26 24
2875 15 21
2876 21 4
2877 2 15
2878 23 11
2879 12 32
2880 11 47
2881 1 16
2882 1 0
2883 32 10
2884 12 24
2885 36 33
2886 4 10
2887 46 21
2888 47 20
2889 10 17
2890 19 23
2891 34 48
2892 11 33
2893 12 47
2894 17 8
2895 18 37
2896 14 6
2897 48 39
2898 0 25
2899 19 48
2900 47 18
2901 10 26
2902 6 29
2903 47 15
2904 29 9
2905 28 26
2906 23 10
2907 29 48
2908 24 11
2909 2 17
2910 12 0
2911 33 10
2912 9 43
2913 38 34
2914 17 28
2915 41 30
2916 22 9
2917 35 48
2918 10 30
2919 1 26
2920 35 11
2921 2 12
2922 44 2
2923 28 48
2924 19 49
2925 0 16
2926 28 6
2927 12 9
2928 36 34
2929 20 6
2930 14 5
2931 7 18
2932 10 14
2933 8 46
2934 24 10
2935 44 26
2936 47 31
2937 43 25
2938 46 15
2939 25 6
2940 23 8
2941 17 26
2942 25 36
2943 38 12
2944 0 26
2945 28 9
2946 1 15
2947 6 25
2948 14 10
2949 16 18
2950 45 2
2951 17 3
2952 28 1
2953 7 48
2954 43 26
2955 7 47
2956 5 10
2957 13 7
2958 47 26
2959 36 40
2960 36 35
2961 29 6
2962 5 22
2963 32 11
2964 0 20
2965 1 10
2966 7 22
2967 22 10
2968 13 16
2969 12 13
2970 29 48
2971 11 25
2972 37 39
2973 33 33
2974 22 7
2975 32 5
2976 32 10
2977 6 34
2978 47 17
2979 28 0
2980 35 21
2981 0 15
2982 22 20
2983 14 11
2984 1 35
2985 1 30
2986 13 14
2987 33 15
2988 31 12
2989 32 44
2990 20 9
2991 48 5
2992 18 23
2993 19 24
2994 10 43
2995 11 16
2996 5 19
2997 36 46
2998 11 4
2999 20 45
3000 11 26
3001 46 18
3002 14 26
3003 5 11
3004 28 32
3005 13 31
3006 47 7
3007 25 37
3008 31 11
3009 21 21
3010 1 31
3011 1 20
3012 18 7
3013 41 46
3014 7 15
3015 37 2
3016 8 20
3017 0 27
3018 4 12
3019 43 34
3020 30 20
3021 12 28
3022 22 19
3023 10 47
3024 30 6
3025 47 21
3026 19 23
3027 11 9
3028 27 12
3029 28 25
3030 4 19
3031 27 11
3032 16 46
3033 13 46
3034 6 31
3035 36 45
3036 40 30
3037 7 26
3038 35 39
3039 35 45
3040 7 45
3041 14 32
3042 46 33
3043 42 17
3044 12 15
3045 11 47
3046 26 23
3047 12 14
3048 6 18
3049 20 29
3050 27 48
3051 23 10
3052 3 17
3053 48 6
3054 5 19
3055 31 6
3056 6 33
3057 2 13
3058 0 16
3059 1 23
3060 34 41
3061 20 42
3062 19 7
3063 5 10
3064 5 12
3065 3 16
3066 45 17
3067 15 44
3068 45 10
3069 49 23
3070 19 0
3071 8 27
3072 11 42
3073 14 21
3074 12 39
3075 0 26
3076 14 10
3077 34 48
3078 13 20
3079 36 45
3080 25 36
3081 15 41
3082 2 22
3083 18 38
3084 40 43
3085 19 6
3086 34 10
3087 10 16
3088 29 33
3089 22 4
3090 9 14
3091 1 36
3092 7 20
3093 36 46
3094 8 45
3095 17 2
3096 19 3
3097 29 32
3098 47 33
3099 7 45
3100 6 4
3101 5 11
3102 45 30
3103 36 21
3104 48 23
3105 24 6
3106 46 7
3107 12 48
3108 2 23
3109 12 29
3110 9 9
3111 47 18
3112 18 8
3113 7 4
3114 36 48
3115 21 49
3116 8 45
3117 39 12
3118 34 24
3119 44 42
3120 22 23
3121 6 26
3122 12 28
3123 40 45
3124 45 1
3125 23 7
3126 21 4
3127 7 33
3128 7 24
3129 8 9
3130 40 10
3131 44 18
3132 23 9
3133 9 9
3134 15 37
3135 19 29
3136 45 9
3137 5 30
3138 4 13
3139 30 13
3140 12 43
3141 45 29
3142 39 13
3143 23 35
3144 8 8
3145 48 8
3146 18 7
3147 39 17
3148 15 27
3149 5 10
3150 28 23
3151 15 45
3152 17 39
3153 17 38
3154 25 8
3155 47 29
3156 39 10
3157 30 12
3158 11 43
3159 32 7
3160 6 28
3161 33 39
3162 12 29
3163 30 4
3164 12 12
3165 16 32
3166 32 30
3167 22 35
3168 4 17
3169 3 19
3170 1 1
3171 4 19
3172 34 23
3173 18 37
3174 13 13
3175 12 46
3176 4 3
3177 45 30
3178 40 42
3179 47 20
3180 45 23
3181 19 17
3182 13 46
3183 0 17
3184 13 40
3185 10 14
3186 25 9
3187 12 9
3188 21 0
3189 45 14
3190 12 38
3191 8 1
3192 12 41
3193 12 49
3194 15 6
3195 14 11
3196 41 19
3197 31 20
3198 48 5
3199 12 39
3200 37 35
3201 23 36
3202 29 34
3203 49 39
3204 6 9
3205 48 22
3206 23 48
3207 33 16
3208 28 24
3209 47 41
3210 23 49
3211 10 47
3212 45 22
3213 17 17
3214 46 17
3215 20 30
3216 12 44
3217 7 31
3218 30 14
3219 37 34
3220 14 29
3221 14 31
3222 12 43
3223 21 9
3224 9 30
3225 24 9
3226 24 10
3227 3 20
3228 20 4
3229 22 36
3230 48 23
3231 9 14
3232 29 33
3233 13 35
3234 23 26
3235 19 1
3236 38 35
3237 39 16
3238 17 3
3239 22 0
3240 25 11
3241 19 4
3242 8 49
3243 13 9
3244 49 28
3245 43 35
3246 13 19
3247 5 9
3248 23 10
3249 23 35
3250 9 17
3251 22 35
3252 7 25
3253 19 8
3254 30 6
3255 38 34
3256 45 11
3257 37 0
3258 23 9
3259 31 44
3260 37 35
3261 13 10
3262 43 25
3263 7 32
3264 35 35
3265 38 21
3266 8 25
3267 49 14
3268 18 4
3269 18 8
3270 44 35
3271 35 25
3272 24 23
3273 37 34
3274 12 28
3275 10 17
3276 27 44
3277 6 46
3278 43 35
3279 49 24
3280 47 17
3281 2 28
3282 32 44
3283 8 9
3284 12 29
3285 14 43
3286 21 4
3287 5 4
3288 45 48
3289 36 17
3290 34 39
3291 46 17
3292 34 20
3293 33 11
3294 26 24
3295 47 42
3296 18 17
3297 44 19
3298 9 49
3299 5 19
3300 36 47
3301 31 44
3302 4 14
3303 8 7
3304 45 32
3305 16 22
3306 18 38
3307 46 48
3308 37 8
3309 1 14
3310 47 23
3311 16 47
3312 27 47
3313 36 12
3314 33 15
3315 21 7
3316 0 23
3317 6 29
3318 47 32
3319 23 36
3320 43 26
3321 26 48
3322 17 18
3323 29 9
3324 38 13
3325 16 34
3326 26 7
3327 13 6
3328 47 33
3329 27 48
3330 6 47
3331 40 10
3332 24 11
3333 2 2
3334 13 9
3335 27 8
3336 39 13
3337 39 11
3338 47 27
3339 16 28
3340 24 3
3341 24 10
3342 37 12
3343 17 16
3344 43 42
3345 0 1
3346 11 44
3347 28 48
3348 6 45
3349 20 46
3350 5 21
3351 33 25
3352 16 42
3353 22 20
3354 20 47
3355 8 20
3356 22 2
3357 36 12
3358 36 35
3359 0 15
3360 0 36
3361 0 16
3362 19 42
3363 5 25
3364 36 22
3365 35 39
3366 12 38
3367 17 41
3368 21 43
3369 5 11
3370 23 20
3371 17 14
3372 35 10
3373 6 19
3374 11 41
3375 36 45
3376 14 10
3377 49 18
3378 4 30
3379 46 27
3380 27 13
3381 5 19
3382 44 32
3383 28 26
3384 46 23
3385 42 19
3386 35 48
3387 46 30
3388 12 39
3389 34 37
3390 36 21
3391 4 18
3392 41 41
3393 18 9
3394 24 11
3395 20 42
3396 22 31
3397 33 29
3398 5 6
3399 2 16
3400 40 43
3401 47 23
3402 0 18
3403 37 7
3404 1 1
3405 45 32
3406 15 32
3407 22 48
3408 34 21
3409 12 33
3410 9 25
3411 34 25
3412 44 45
3413 14 7
3414 13 14
3415 45 48
3416 14 33
3417 30 13
3418 6 4
3419 25 37
3420 34 48
3421 37 47
3422 28 13
3423 38 13
3424 32 11
3425 47 17
3426 16 21
3427 46 17
3428 22 9
3429 9 47
3430 47 35
3431 16 22
3432 8 15
3433 39 10
3434 24 5
3435 8 33
3436 18 37
3437 9 9
3438 12 25
3439 39 12
3440 13 41
3441 10 47
3442 23 9
3443 36 16
3444 44 3
3445 29 4
3446 45 10
3447 35 20
3448 13 0
3449 31 6
3450 29 49
3451 9 27
3452 34 47
3453 47 34
3454 48 39
3455 20 46
3456 26 26
3457 11 11
3458 36 22
3459 2 18
3460 34 24
3461 30 20
3462 9 32
3463 32 44
3464 34 48
3465 22 3
3466 7 25
3467 34 33
3468 17 15
3469 30 6
3470 22 8
3471 13 7
3472 2 14
3473 14 27
3474 14 34
3475 12 45
3476 17 24
3477 12 13
3478 11 12
3479 7 1
3480 0 20
3481 21 8
3482 11 29
3483 34 26
3484 11 43
3485 36 47
3486 19 24
3487 46 18
3488 2 0
3489 11 3
3490 31 44
3491 12 40
3492 2 12
3493 29 3
3494 23 35
3495 25 8
3496 23 36
3497 13 31
3498 20 21
3499 25 9
3500 10 9
3501 18 2
3502 28 49
3503 29 32
3504 22 11
3505 16 18
3506 43 34
3507 14 31
3508 17 28
3509 2 36
3510 9 47
3511 25 36
3512 19 42
3513 16 3
3514 45 35
3515 19 2
3516 25 2
3517 18 41
3518 22 7
3519 15 43
3520 28 31
3521 46 17
3522 0 15
3523 16 15
3524 34 43
3525 1 36
3526 22 20
3527 17 13
3528 8 22
3529 24 35
3530 6 28
3531 20 42
3532 14 40
3533 8 46
3534 8 1
3535 13 40
3536 26 49
3537 32 4
3538 12 26
3539 45 11
3540 13 6
3541 27 7
3542 42 41
3543 44 2
3544 8 19
3545 29 33
3546 11 0
3547 9 43
3548 10 14
3549 23 0
3550 19 7
3551 16 28
3552 7 33
3553 5 29
3554 44 26
3555 12 11
3556 8 25
3557 12 14
3558 7 1
3559 20 6
3560 30 2
3561 47 28
3562 31 8
3563 17 3
3564 28 1
3565 48 6
3566 19 17
3567 3 19
3568 3 23
3569 4 2
3570 22 43
3571 1 19
3572 19 6
3573 35 13
3574 44 32
3575 9 26
3576 41 17
3577 24 12
3578 45 30
3579 2 1
3580 15 1
3581 12 8
3582 13 11
3583 45 3
3584 24 11
3585 22 4
3586 34 19
3587 13 14
3588 15 38
3589 49 15
3590 19 47
3591 13 7
3592 0 16
3593 12 44
3594 33 38
3595 6 29
3596 11 30
3597 0 19
3598 15 12
3599 22 32
3600 1 27
3601 23 25
3602 9 9
3603 33 10
3604 22 10
3605 17 17
3606 25 43
3607 41 19
3608 47 21
3609 27 43
3610 13 45
3611 22 49
3612 13 8
3613 11 25
3614 1 19
3615 7 20
3616 31 7
3617 33 21
3618 35 48
3619 16 32
3620 34 35
3621 22 11
3622 10 16
3623 18 22
3624 16 21
3625 20 9
3626 46 26
3627 24 7
3628 21 9
3629 22 5
3630 40 20
3631 19 28
3632 30 45
3633 12 43
3634 46 29
3635 35 14
3636 47 7
3637 12 42
3638 38 11
3639 31 12
3640 46 9
3641 49 23
3642 0 35
3643 49 25
3644 36 41
3645 12 41
3646 47 16
3647 32 10
3648 21 8
3649 31 45
3650 12 11
3651 5 22
3652 6 28
3653 8 27
3654 4 19
3655 20 49
3656 14 13
3657 21 30
3658 7 15
3659 6 19
3660 26 2
3661 26 6
3662 5 10
3663 12 48
3664 3 17
3665 38 39
3666 32 9
3667 1 20
3668 24 6
3669 0 19
3670 15 42
3671 4 11
3672 48 7
3673 34 40
3674 25 4
3675 35 37
3676 15 44
3677 28 48
3678 22 36
3679 15 47
3680 10 5
3681 48 23
3682 9 28
3683 27 10
3684 13 7
3685 47 33
3686 9 14
3687 21 7
3688 22 35
3689 34 39
3690 17 12
3691 17 13
3692 34 25
3693 18 8
3694 16 3
3695 8 49
3696 26 23
3697 49 27
3698 23 8
3699 11 49
3700 47 41
3701 44 28
3702 0 1
3703 22 7
3704 15 37
3705 7 31
3706 12 12
3707 47 17
3708 45 2
3709 15 31
3710 21 49
3711 20 5
3712 1 16
3713 9 33
3714 16 9
3715 9 22
3716 41 41
3717 14 12
3718 1 30
3719 36 17
3720 11 26
3721 39 30
3722 19 5
3723 28 32
3724 11 10
3725 23 7
3726 16 31
3727 29 48
3728 12 14
3729 26 48
3730 8 8
3731 6 22
3732 28 23
3733 22 1
3734 32 16
3735 47 34
3736 20 0
3737 42 17
3738 44 22
3739 35 45
3740 33 39
3741 34 23
3742 36 21
3743 34 48
3744 18 31
3745 11 32
3746 19 45
3747 0 16
3748 1 1
3749 8 15
3750 45 29
3751 26 11
3752 36 16
3753 1 9
3754 0 15
3755 22 7
3756 25 7
3757 9 49
3758 36 33
3759 5 4
3760 20 38
3761 14 33
3762 18 46
3763 1 26
3764 44 27
3765 7 15
3766 12 0
3767 47 27
3768 28 9
3769 25 3
3770 26 5
3771 41 48
3772 10 47
3773 22 10
3774 34 42
3775 0 21
3776 12 38
3777 46 16
3778 24 48
3779 33 16
3780 49 17
3781 27 13
3782 12 46
3783 9 27
3784 17 15
3785 34 24
3786 19 42
3787 46 17
3788 23 7
3789 43 45
3790 10 4
3791 11 11
3792 15 4
3793 25 37
3794 1 10
3795 29 4
3796 15 29
3797 34 46
3798 0 26
3799 14 11
3800 0 18
3801 6 6
3802 13 41
3803 33 12
3804 30 5
3805 20 4
3806 39 21
3807 8 33
3808 15 27
3809 45 22
3810 33 24
3811 40 10
3812 22 36
3813 28 13
3814 30 15
3815 5 11
3816 29 13
3817 11 4
3818 39 13
3819 5 6
3820 3 16
3821 3 18
3822 17 39
3823 29 34
3824 38 22
3825 17 28
3826 44 49
3827 37 1
3828 45 30
3829 37 39
3830 2 23
3831 9 46
3832 13 31
3833 47 29
3834 30 46
3835 16 8
3836 11 10
3837 30 16
3838 15 31
3839 1 35
3840 47 30
3841 31 6
3842 36 40
3843 1 22
3844 10 43
3845 43 43
3846 6 33
3847 13 5
3848 31 16
3849 35 39
3850 12 49
3851 14 1
3852 47 42
3853 34 23
3854 1 23
3855 14 12
3856 8 1
3857 45 29
3858 11 14
3859 13 40
3860 44 26
3861 4 13
3862 9 31
3863 34 41
3864 43 46
3865 34 21
3866 25 48
3867 17 8
3868 9 25
3869 31 11
3870 4 12
3871 25 5
3872 8 20
3873 1 26
3874 4 11
3875 25 36
3876 14 31
3877 9 44
3878 42 19
3879 47 33
3880 44 3
3881 43 45
3882 3 17
3883 0 26
3884 23 35
3885 0 17
3886 8 49
3887 25 8
3888 17 25
3889 24 36
3890 26 7
3891 23 3
3892 29 3
3893 6 44
3894 23 49
3895 20 49
3896 36 34
3897 17 41
3898 1 36
3899 36 39
3900 26 24
3901 1 15
3902 19 46
3903 9 47
3904 28 48
3905 10 17
3906 6 4
3907 14 40
3908 27 7
3909 11 9
3910 2 13
3911 5 44
3912 8 15
3913 6 21
3914 34 24
3915 0 22
3916 12 40
3917 8 27
3918 5 10
3919 12 47
3920 24 24
3921 41 19
3922 5 11
3923 47 16
3924 21 9
3925 3 19
3926 36 41
3927 25 11
3928 29 9
3929 35 26
3930 49 18
3931 19 0
3932 47 26
3933 44 23
3934 23 11
3935 43 35
3936 26 7
3937 5 21
3938 6 25
3939 43 47
3940 34 23
3941 46 20
3942 33 30
3943 26 43
3944 34 39
3945 17 14
3946 47 7
3947 17 15
3948 28 0
3949 16 35
3950 45 16
3951 2 26
3952 14 35
3953 48 34
3954 17 12
3955 5 33
3956 45 9
3957 31 20
3958 10 22
3959 27 48
3960 15 21
3961 45 15
3962 16 47
3963 13 40
3964 35 21
3965 34 37
3966 45 7
3967 24 5
3968 10 14
3969 43 46
3970 12 25
3971 17 46
3972 17 3
3973 11 11
3974 49 24
3975 35 40
3976 16 31
3977 30 45
3978 47 32
3979 23 10
3980 11 15
3981 17 38
3982 30 6
3983 2 27
3984 12 39
3985 43 47
3986 1 14
3987 7 1
3988 34 47
3989 15 11
3990 46 31
3991 40 42
3992 2 1
3993 34 46
3994 33 15
3995 22 49
3996 13 31
3997 23 19
3998 10 5
3999 28 47
4000 38 21
4001 12 31
4002 34 20
4003 18 26
4004 14 31
4005 22 35
4006 9 22
4007 28 48
4008 19 38
4009 33 25
4010 28 24
4011 34 26
4012 9 15
4013 29 4
4014 22 2
4015 4 12
4016 11 1
4017 6 29
4018 47 20
4019 17 19
4020 9 32
4021 20 47
4022 11 43
4023 9 14
4024 4 33
4025 39 10
4026 22 11
4027 37 2
4028 5 26
4029 16 19
4030 34 47
4031 46 16
4032 43 46
4033 18 17
4034 22 19
4035 28 9
4036 12 43
4037 35 11
4038 22 1
4039 49 39
4040 40 30
4041 27 26
4042 2 18
4043 7 48
4044 14 7
4045 12 7
4046 14 27
4047 3 26
4048 19 49
4049 20 10
4050 13 0
4051 21 8
4052 39 20
4053 11 10
4054 36 22
4055 3 18
4056 32 31
4057 40 43
4058 24 3
4059 15 31
4060 39 14
4061 37 42
4062 40 42
4063 16 18
4064 36 13
4065 47 31
4066 6 26
4067 48 22
4068 3 30
4069 0 15
4070 20 49
4071 38 22
4072 12 17
4073 30 3
4074 24 11
4075 38 2
4076 21 9
4077 42 19
4078 6 31
4079 2 12
4080 33 39
4081 6 21
4082 10 15
4083 46 35
4084 45 20
4085 46 7
4086 43 23
4087 32 30
4088 44 18
4089 25 5
4090 5 12
4091 44 30
4092 23 35
4093 46 31
4094 41 45
4095 40 45
4096 10 22
4097 9 26
4098 25 9
4099 43 49
4100 46 9
4101 7 3
4102 4 14
4103 22 10
4104 12 0
4105 4 13
4106 28 14
4107 10 9
4108 45 35
4109 44 35
4110 10 47
4111 19 48
4112 19 6
4113 2 13
4114 31 7
4115 1 15
4116 16 39
4117 25 43
4118 0 14
4119 25 37
4120 11 46
4121 4 19
4122 1 9
4123 32 11
4124 41 47
4125 11 47
4126 14 11
4127 19 19
4128 44 6
4129 9 49
4130 11 29
4131 11 42
4132 3 20
4133 33 38
4134 19 49
4135 23 9
4136 12 40
4137 21 8
4138 35 48
4139 43 22
4140 16 3
4141 19 17
4142 36 21
4143 16 42
4144 17 26
4145 25 36
4146 42 41
4147 34 48
4148 29 33
4149 13 26
4150 47 31
4151 4 12
4152 2 26
4153 23 24
4154 23 19
4155 20 45
4156 28 13
4157 17 25
4158 20 42
4159 9 31
4160 1 27
4161 39 13
4162 32 5
4163 46 8
4164 13 20
4165 33 39
4166 14 41
4167 23 48
4168 43 44
4169 26 27
4170 1 1
4171 46 9
4172 13 10
4173 23 10
4174 16 28
4175 45 30
4176 25 27
4177 17 13
4178 46 15
4179 46 35
4180 14 29
4181 32 4
4182 4 30
4183 43 2
4184 0 23
4185 29 3
4186 3 16
4187 2 12
4188 14 16
4189 10 16
4190 44 43
4191 49 23
4192 16 22
4193 13 0
4194 47 30
4195 37 47
4196 36 47
4197 43 45
4198 20 1
4199 40 17
4200 37 8
4201 4 21
4202 16 21
4203 13 40
4204 25 7
4205 24 12
4206 13 14
4207 15 8
4208 5 19
4209 1 10
4210 12 48
4211 22 7
4212 9 9
4213 17 28
4214 22 48
4215 14 10
4216 11 46
4217 17 26
4218 8 7
4219 24 9
4220 4 10
4221 1 35
4222 22 2
4223 15 38
4224 23 7
4225 13 16
4226 46 20
4227 36 35
4228 45 15
4229 0 22
4230 27 12
4231 21 21
4232 0 21
4233 10 1
4234 0 20
4235 20 30
4236 47 31
4237 4 14
4238 9 27
4239 24 37
4240 11 17
4241 5 30
4242 3 17
4243 28 6
4244 44 2
4245 12 49
4246 30 16
4247 16 19
4248 41 19
4249 26 7
4250 12 8
4251 40 43
4252 45 14
4253 18 17
4254 34 40
4255 23 9
4256 19 1
4257 44 30
4258 5 23
4259 14 4
4260 10 15
4261 14 40
4262 11 24
4263 12 10
4264 47 17
4265 45 30
4266 11 43
4267 39 17
4268 48 39
4269 29 9
4270 36 12
4271 45 42
4272 38 12
4273 10 4
4274 4 44
4275 20 0
4276 21 43
4277 22 0
4278 1 31
4279 27 11
4280 14 11
4281 27 44
4282 14 34
4283 17 17
4284 24 8
4285 19 47
4286 18 17
4287 8 44
4288 20 46
4289 33 24
4290 27 13
4291 20 2
4292 1 22
4293 49 14
4294 44 27
4295 10 16
4296 14 10
4297 19 2
4298 3 21
4299 41 17
4300 39 46
4301 12 30
4302 2 18
4303 17 31
4304 18 19
4305 6 20
4306 12 29
4307 9 25
4308 30 3
4309 6 6
4310 45 6
4311 3 19
4312 20 3
4313 35 13
4314 0 21
4315 11 30
4316 47 11
4317 45 15
4318 4 19
4319 16 28
4320 26 23
4321 11 14
4322 45 26
4323 10 30
4324 45 32
4325 44 26
4326 36 34
4327 22 35
4328 45 9
4329 6 19
4330 7 20
4331 3 19
4332 22 49
4333 2 27
4334 0 27
4335 35 10
4336 47 18
4337 3 30
4338 34 19
4339 9 22
4340 47 33
4341 19 19
4342 41 45
4343 28 26
4344 8 25
4345 36 33
4346 17 18
4347 49 24
4348 16 46
4349 18 23
4350 40 20
4351 19 23
4352 9 30
4353 19 29
4354 6 24
4355 8 49
4356 7 47
4357 11 15
4358 47 21
4359 12 14
4360 11 18
4361 31 16
4362 14 9
4363 5 26
4364 9 17
4365 41 46
4366 20 21
4367 35 49
4368 0 15
4369 11 3
4370 30 32
4371 26 27
4372 15 32
4373 43 2
4374 35 48
4375 17 39
4376 33 25
4377 35 11
4378 10 43
4379 26 10
4380 16 34
4381 33 38
4382 32 5
4383 16 12
4384 42 22
4385 1 36
4386 48 23
4387 5 44
4388 19 0
4389 31 9
4390 15 41
4391 24 0
4392 9 1
4393 22 4
4394 31 11
4395 38 21
4396 29 32
4397 34 20
4398 19 7
4399 23 35
4400 44 27
4401 3 18
4402 39 47
4403 33 39
4404 7 15
4405 17 28
4406 20 9
4407 28 49
4408 12 11
4409 14 16
4410 15 42
4411 23 0
4412 9 25
4413 7 31
4414 35 10
4415 18 8
4416 17 24
4417 13 6
4418 14 11
4419 30 12
4420 47 7
4421 8 17
4422 19 4
4423 36 40
4424 47 15
4425 0 20
4426 29 3
4427 24 5
4428 9 17
4429 47 41
4430 24 11
4431 15 10
4432 47 20
4433 17 25
4434 6 20
4435 38 47
4436 33 14
4437 25 4
4438 22 35
4439 40 42
4440 25 37
4441 35 35
4442 22 43
4443 2 1
4444 16 32
4445 5 10
4446 34 19
4447 16 8
4448 4 30
4449 37 2
4450 37 13
4451 19 42
4452 4 21
4453 46 15
4454 30 4
4455 17 9
4456 47 32
4457 6 28
4458 28 12
4459 1 24
4460 7 32
4461 12 26
4462 13 19
4463 7 25
4464 14 32
4465 22 36
4466 47 42
4467 10 17
4468 36 49
4469 39 11
4470 46 9
4471 28 9
4472 43 47
4473 13 11
4474 14 33
4475 37 48
4476 16 9
4477 1 23
4478 12 38
4479 27 10
4480 39 30
4481 28 31
4482 12 13
4483 7 24
4484 20 47
4485 3 20
4486 18 41
4487 15 5
4488 0 18
4489 16 35
4490 8 46
4491 32 4
4492 16 47
4493 12 5
4494 32 8
4495 39 20
4496 8 1
4497 30 32
4498 4 17
4499 9 13
4500 12 15
4501 3 23
4502 37 7
4503 15 29
4504 6 22
4505 20 46
4506 17 24
4507 47 17
4508 12 12
4509 18 27
4510 16 8
4511 8 29
4512 18 31
4513 43 46
4514 13 26
4515 27 26
4516 6 27
4517 24 48
4518 33 38
4519 24 38
4520 29 4
4521 32 7
4522 44 42
4523 12 30
4524 10 16
4525 6 21
4526 22 10
4527 12 42
4528 11 9
4529 16 28
4530 47 15
4531 8 16
4532 15 12
4533 23 48
4534 43 35
4535 34 39
4536 27 8
4537 16 40
4538 7 31
4539 24 12
4540 41 47
4541 2 14
4542 15 6
4543 42 19
4544 44 32
4545 0 22
4546 32 6
4547 1 0
4548 23 49
4549 2 13
4550 32 11
4551 44 5
4552 14 10
4553 30 8
4554 8 45
4555 28 23
4556 40 43
4557 5 19
4558 33 16
4559 2 18
4560 9 2
4561 22 35
4562 22 3
4563 13 40
4564 4 13
4565 34 20
4566 12 39
4567 15 37
4568 7 26
4569 25 27
4570 7 4
4571 8 15
4572 11 15
4573 45 35
4574 39 12
4575 18 26
4576 5 9
4577 29 32
4578 6 19
4579 4 3
4580 9 43
4581 38 42
4582 3 18
4583 22 5
4584 9 31
4585 19 6
4586 21 4
4587 12 13
4588 33 21
4589 14 41
4590 18 27
4591 40 10
4592 20 4
4593 38 1
4594 43 26
4595 30 3
4596 4 44
4597 19 46
4598 12 48
4599 17 28
4600 44 2
4601 43 3
4602 5 10
4603 5 22
4604 20 42
4605 18 38
4606 28 24
4607 11 38
4608 30 2
4609 1 1
4610 47 36
4611 34 24
4612 21 9
4613 27 47
4614 7 1
4615 34 35
4616 12 12
4617 36 48
4618 7 15
4619 8 44
4620 27 11
4621 6 26
4622 38 22
4623 12 38
4624 28 13
4625 7 3
4626 45 25
4627 41 46
4628 15 4
4629 4 14
4630 9 49
4631 30 3
4632 36 34
4633 8 8
4634 6 32
4635 33 39
4636 11 42
4637 0 17
4638 48 22
4639 26 49
4640 7 20
4641 0 37
4642 8 45
4643 30 16
4644 7 32
4645 33 31
4646 27 48
4647 36 22
4648 17 16
4649 4 34
4650 33 33
4651 35 40
4652 13 16
4653 16 9
4654 2 22
4655 11 47
4656 34 23
4657 11 5
4658 7 27
4659 45 1
4660 38 2
4661 30 31
4662 15 5
4663 5 21
4664 6 24
4665 22 31
4666 10 43
4667 21 43
4668 24 23
4669 40 42
4670 25 10
4671 37 2
4672 38 2
4673 17 17
4674 41 45
4675 1 20
4676 17 31
4677 25 8
4678 42 48
4679 20 43
4680 13 46
4681 16 28
4682 41 48
4683 3 16
4684 12 39
4685 5 44
4686 35 35
4687 17 25
4688 20 5
4689 20 46
4690 23 25
4691 18 46
4692 28 7
4693 27 10
4694 34 48
4695 34 42
4696 23 38
4697 45 7
4698 41 41
4699 18 2
4700 4 33
4701 6 22
4702 2 23
4703 22 42
4704 5 25
4705 30 5
4706 8 15
4707 7 4
4708 44 19
4709 23 42
4710 13 9
4711 5 6
4712 31 16
4713 21 30
4714 49 25
4715 18 19
4716 15 41
4717 47 35
4718 44 28
4719 26 27
4720 49 17
4721 45 20
4722 17 38
4723 8 1
4724 17 16
4725 16 24
4726 1 0
4727 39 10
4728 0 20
4729 46 20
4730 10 22
4731 36 36
4732 21 47
4733 47 33
4734 9 26
4735 46 49
4736 11 13
4737 33 13
4738 14 29
4739 45 14
4740 33 30
4741 13 35
4742 34 25
4743 47 34
4744 11 4
4745 12 38
4746 6 6
4747 5 19
4748 6 21
4749 44 27
4750 25 9
4751 12 11
4752 12 10
4753 3 21
4754 0 16
4755 26 48
4756 33 15
4757 46 7
4758 23 10
4759 13 10
4760 14 32
4761 38 13
4762 32 9
4763 16 46
4764 27 12
4765 14 41
4766 4 34
4767 34 21
4768 46 26
4769 16 22
4770 1 30
4771 17 26
4772 25 0
4773 49 18
4774 29 5
4775 20 4
4776 2 16
4777 6 32
4778 37 47
4779 23 24
4780 40 30
4781 15 26
4782 20 49
4783 27 13
4784 9 1
4785 20 38
4786 19 2
4787 30 6
4788 19 19
4789 16 18
4790 17 9
4791 36 21
4792 7 2
4793 18 7
4794 39 47
4795 35 20
4796 23 3
4797 38 47
4798 7 32
4799 22 49
4800 2 18
4801 4 2
4802 45 2
4803 19 49
4804 16 19
4805 11 10
4806 49 17
4807 8 27
4808 39 11
4809 8 49
4810 6 46
4811 19 17
4812 14 26
4813 2 12
4814 2 17
4815 15 27
4816 6 4
4817 9 15
4818 0 15
4819 16 16
4820 44 35
4821 49 28
4822 5 12
4823 1 31
4824 23 49
4825 5 11
4826 11 11
4827 23 9
4828 22 36
4829 41 46
4830 24 11
4831 6 20
4832 39 47
4833 12 13
4834 32 15
4835 1 1
4836 19 7
4837 31 9
4838 21 8
4839 30 2
4840 22 35
4841 30 3
4842 1 28
4843 45 47
4844 0 36
4845 13 20
4846 20 47
4847 41 19
4848 17 2
4849 49 39
4850 34 33
4851 24 9
4852 6 31
4853 22 19
4854 38 21
4855 37 12
4856 32 7
4857 19 46
4858 29 33
4859 32 16
4860 0 14
4861 29 49
4862 41 47
4863 38 20
4864 9 2
4865 3 16
4866 20 46
4867 45 20
4868 47 21
4869 14 8
4870 6 9
4871 0 23
4872 17 12
4873 15 8
4874 2 16
4875 8 7
4876 17 14
4877 46 35
4878 26 47
4879 1 23
4880 19 1
4881 12 11
4882 20 49
4883 13 7
4884 13 8
4885 17 25
4886 10 17
4887 25 2
4888 16 31
4889 5 26
4890 11 30
4891 0 37
4892 12 28
4893 42 48
4894 0 18
4895 0 15
4896 26 2
4897 45 10
4898 46 11
4899 44 18
4900 36 46
4901 12 32
4902 44 29
4903 47 35
4904 22 42
4905 44 49
4906 14 16
4907 5 9
4908 19 5
4909 34 24
4910 24 6
4911 40 20
4912 6 47
4913 10 16
4914 42 19
4915 47 30
4916 23 11
4917 0 23
4918 23 19
4919 46 27
4920 25 1
4921 14 31
4922 7 28
4923 33 29
4924 1 23
4925 26 48
4926 22 19
4927 10 9
4928 42 42
4929 16 9
4930 48 23
4931 17 3
4932 2 0
4933 12 0
4934 4 33
4935 14 7
4936 13 9
4937 36 47
4938 30 5
4939 28 6
4940 39 12
4941 10 17
4942 28 1
4943 31 7
4944 7 24
4945 14 27
4946 34 46
4947 15 29
4948 22 4
4949 44 47
4950 0 23
4951 32 25
4952 12 12
4953 46 18
4954 1 22
4955 13 0
4956 34 41
4957 23 10
4958 29 48
4959 28 0
4960 17 47
4961 18 17
4962 3 23
4963 13 43
4964 9 1
4965 11 44
4966 48 39
4967 26 24
4968 47 32
4969 23 48
4970 44 43
4971 33 30
4972 30 6
4973 19 24
4974 14 43
4975 2 1
4976 25 27
4977 10 5
4978 43 49
4979 43 35
4980 9 25
4981 19 4
4982 14 2
4983 45 15
4984 45 1
4985 23 49
4986 49 27
4987 45 26
4988 18 22
4989 2 30
4990 22 32
4991 8 28
4992 43 17
4993 13 32
4994 14 35
4995 0 19
4996 46 15
4997 3 30
4998 16 34
4999 9 43
5000 9 2
5001 3 19
5002 30 5
5003 14 12
5004 7 1
5005 22 3
5006 4 44
5007 49 22
5008 8 8
5009 45 9
5010 9 32
5011 13 36
5012 38 1
5013 32 30
5014 1 27
5015 49 15
5016 12 31
5017 1 0
5018 4 18
5019 28 23
5020 13 37
5021 42 17
5022 30 13
5023 24 3
5024 16 21
5025 37 8
5026 33 33
5027 22 4
5028 12 0
5029 8 30
5030 35 48
5031 35 39
5032 1 30
5033 0 22
5034 46 9
5035 38 2
5036 0 16
5037 36 12
5038 11 14
5039 20 42
5040 9 33
5041 11 11
5042 9 27
5043 30 32
5044 2 26
5045 21 23
5046 5 44
5047 12 29
5048 47 31
5049 19 5
5050 43 45
5051 44 35
5052 10 4
5053 17 8
5054 34 39
5055 29 32
5056 43 35
5057 39 20
5058 27 47
5059 0 18
5060 19 2
5061 46 20
5062 49 24
5063 3 16
5064 1 28
5065 36 35
5066 14 21
5067 11 12
5068 47 29
5069 12 11
5070 27 48
5071 13 8
5072 16 18
5073 32 7
5074 7 4
5075 39 14
5076 45 29
5077 37 7
5078 15 38
5079 23 36
5080 18 19
5081 2 30
5082 16 39
5083 13 7
5084 23 42
5085 15 27
5086 14 7
5087 23 8
5088 12 45
5089 49 23
5090 28 32
5091 13 45
5092 27 11
5093 37 47
5094 39 16
5095 1 35
5096 44 26
5097 44 42
5098 6 29
5099 17 40
5100 46 17
5101 27 6
5102 45 9
5103 49 24
5104 13 38
5105 11 46
5106 6 9
5107 32 5
5108 14 34
5109 36 40
5110 17 39
5111 12 40
5112 40 10
5113 23 19
5114 34 33
5115 12 32
5116 15 12
5117 16 35
5118 45 48
5119 32 9
5120 18 38
5121 21 9
5122 18 7
5123 17 17
5124 43 26
5125 34 47
5126 45 32
5127 1 1
5128 13 11
5129 8 25
5130 49 23
5131 2 16
5132 13 31
5133 29 49
5134 39 10
5135 3 30
5136 44 26
5137 21 21
5138 49 39
5139 15 6
5140 28 7
5141 14 12
5142 24 5
5143 22 42
5144 9 14
5145 32 15
5146 2 15
5147 4 19
5148 9 44
5149 33 25
5150 24 24
5151 46 36
5152 19 28
5153 47 30
5154 0 1
5155 13 35
5156 41 46
5157 38 34
5158 15 43
5159 47 33
5160 9 16
5161 31 8
5162 36 22
5163 29 13
5164 48 39
5165 11 10
5166 5 20
5167 17 15
5168 16 42
5169 39 17
5170 26 12
5171 17 26
5172 45 43
5173 36 36
5174 26 27
5175 24 23
5176 5 6
5177 45 2
5178 29 4
5179 35 46
5180 36 47
5181 22 31
5182 41 17
5183 44 4
5184 4 21
5185 5 12
5186 29 9
5187 5 19
5188 33 15
5189 16 40
5190 18 26
5191 9 32
5192 26 49
5193 46 8
5194 13 16
5195 9 25
5196 15 45
5197 19 38
5198 30 2
5199 0 23
5200 33 33
5201 1 27
5202 46 26
5203 23 3
5204 15 37
5205 16 15
5206 32 15
5207 45 11
5208 5 9
5209 14 4
5210 19 46
5211 19 17
5212 19 1
5213 45 42
5214 9 13
5215 23 25
5216 0 26
5217 11 43
5218 48 22
5219 6 6
5220 31 10
5221 12 34
5222 7 47
5223 31 7
5224 10 26
5225 4 13
5226 4 34
5227 17 15
5228 19 7
5229 7 27
5230 27 10
5231 45 47
5232 1 21
5233 25 27
5234 17 24
5235 46 25
5236 36 21
5237 21 4
5238 32 10
5239 17 25
5240 22 9
5241 19 49
5242 36 35
5243 28 1
5244 15 38
5245 37 34
5246 49 39
5247 30 3
5248 37 48
5249 8 20
5250 23 9
5251 3 18
5252 28 24
5253 44 35
5254 16 47
5255 9 17
5256 48 23
5257 28 9
5258 12 14
5259 41 45
5260 12 15
5261 9 16
5262 46 11
5263 47 11
5264 6 21
5265 8 27
5266 38 11
5267 39 13
5268 27 12
5269 12 43
5270 46 11
5271 7 31
5272 38 21
5273 36 48
5274 1 14
5275 17 38
5276 6 25
5277 0 17
5278 47 27
5279 17 46
5280 16 19
5281 30 32
5282 33 15
5283 30 2
5284 48 7
5285 22 0
5286 46 30
5287 43 35
5288 44 2
5289 39 15
5290 21 9
5291 45 25
5292 47 18
5293 44 32
5294 23 7
5295 37 36
5296 11 43
5297 25 36
5298 0 36
5299 46 48
5300 15 4
5301 10 11
5302 32 15
5303 24 3
5304 34 13
5305 46 21
5306 28 23
5307 11 11
5308 44 42
5309 25 5
5310 2 18
5311 23 48
5312 35 37
5313 45 2
5314 16 18
5315 9 28
5316 15 5
5317 23 5
5318 9 9
5319 48 5
5320 46 18
5321 37 12
5322 14 33
5323 45 1
5324 40 43
5325 12 42
5326 10 10
5327 28 31
5328 29 9
5329 23 10
5330 30 3
5331 14 40
5332 31 6
5333 0 15
5334 24 24
5335 19 0
5336 39 30
5337 0 35
5338 22 19
5339 9 33
5340 18 23
5341 12 10
5342 15 44
5343 13 30
5344 6 2
5345 9 27
5346 19 6
5347 25 47
5348 0 27
5349 23 8
5350 0 18
5351 4 18
5352 12 39
5353 12 11
5354 16 46
5355 1 27
5356 21 7
5357 8 33
5358 27 11
5359 38 12
5360 25 2
5361 44 28
5362 14 29
5363 41 19
5364 22 32
5365 33 21
5366 9 33
5367 45 2
5368 45 42
5369 5 11
5370 25 3
5371 20 38
5372 12 33
5373 45 32
5374 35 11
5375 6 24
5376 23 20
5377 10 9
5378 20 4
5379 19 38
5380 18 17
5381 16 8
5382 9 1
5383 7 20
5384 14 8
5385 18 31
5386 1 15
5387 46 9
5388 12 44
5389 17 39
5390 13 7
5391 16 17
5392 9 9
5393 15 29
5394 32 16
5395 36 47
5396 0 27
5397 45 48
5398 30 6
5399 47 26
5400 45 10
5401 24 2
5402 17 11
5403 13 0
5404 43 46
5405 31 16
5406 48 8
5407 42 41
5408 28 9
5409 34 48
5410 23 0
5411 0 15
5412 5 30
5413 49 23
5414 0 21
5415 6 28
5416 12 32
5417 8 17
5418 47 11
5419 19 19
5420 33 14
5421 16 9
5422 17 14
5423 12 26
5424 15 42
5425 42 17
5426 5 10
5427 13 14
5428 4 3
5429 8 16
5430 9 30
5431 35 21
5432 36 12
5433 13 31
5434 36 39
5435 38 13
5436 11 11
5437 26 23
5438 14 4
5439 14 34
5440 36 48
5441 35 45
5442 46 35
5443 33 15
5444 4 2
5445 6 18
5446 10 5
5447 9 28
5448 12 24
5449 41 46
5450 24 6
5451 40 30
5452 47 35
5453 5 6
5454 35 39
5455 20 5
5456 48 23
5457 46 48
5458 16 42
5459 27 49
5460 45 27
5461 6 26
5462 2 27
5463 20 43
5464 6 19
5465 44 43
5466 46 29
5467 26 10
5468 6 27
5469 12 43
5470 28 6
5471 14 1
5472 17 15
5473 34 42
5474 47 7
5475 31 11
5476 42 42
5477 45 13
5478 26 24
5479 22 31
5480 6 47
5481 11 17
5482 1 16
5483 34 21
5484 8 17
5485 16 32
5486 44 35
5487 10 6
5488 26 6
5489 36 41
5490 1 31
5491 43 45
5492 38 47
5493 12 45
5494 14 11
5495 46 35
5496 22 24
5497 9 6
5498 1 9
5499 46 1
5500 49 28
5501 2 28
5502 0 17
5503 14 27
5504 7 15
5505 9 17
5506 8 30
5507 9 16
5508 29 32
5509 46 17
5510 17 38
5511 48 39
5512 9 30
5513 11 29
5514 39 14
5515 12 33
5516 34 19
5517 4 44
5518 12 38
5519 32 11
5520 25 48
5521 13 45
5522 1 20
5523 31 6
5524 29 48
5525 32 16
5526 19 1
5527 42 3
5528 4 30
5529 33 39
5530 9 26
5531 28 32
5532 42 21
5533 6 26
5534 46 7
5535 36 40
5536 45 34
5537 39 16
5538 23 7
5539 42 22
5540 35 48
5541 6 4
5542 38 22
5543 35 10
5544 22 0
5545 11 30
5546 34 48
5547 31 2
5548 37 8
5549 34 38
5550 11 10
5551 36 17
5552 48 21
5553 18 45
5554 23 49
5555 18 19
5556 0 20
5557 19 42
5558 18 46
5559 42 41
5560 16 18
5561 46 8
5562 20 42
5563 15 26
5564 2 16
5565 0 36
5566 16 24
5567 13 40
5568 11 32
5569 4 17
5570 47 29
5571 8 15
5572 35 48
5573 23 8
5574 8 28
5575 30 49
5576 34 48
5577 48 6
5578 6 31
5579 14 5
5580 22 5
5581 14 30
5582 40 17
5583 34 25
5584 15 37
5585 27 7
5586 43 17
5587 20 0
5588 2 14
5589 1 1
5590 7 47
5591 1 27
5592 2 23
5593 39 17
5594 47 32
5595 38 1
5596 20 46
5597 6 6
5598 49 27
5599 12 45
5600 19 42
5601 23 24
5602 42 19
5603 46 27
5604 8 25
5605 26 27
5606 46 20
5607 36 16
5608 5 19
5609 8 44
5610 47 17
5611 9 44
5612 34 39
5613 27 10
5614 16 31
5615 12 46
5616 10 24
5617 33 25
5618 38 21
5619 46 16
5620 24 10
5621 7 19
5622 29 49
5623 34 14
5624 11 29
5625 13 19
5626 34 33
5627 16 47
5628 38 2
5629 23 9
5630 35 39
5631 12 25
5632 22 36
5633 8 20
5634 47 41
5635 10 6
5636 24 7
5637 6 27
5638 40 10
5639 22 48
5640 46 13
5641 24 23
5642 45 14
5643 3 23
5644 11 24
5645 17 24
5646 30 2
5647 12 39
5648 7 4
5649 7 16
5650 43 3
5651 0 38
5652 44 42
5653 0 18
5654 12 30
5655 45 15
5656 12 24
5657 19 39
5658 1 10
5659 3 30
5660 13 45
5661 9 28
5662 25 2
5663 11 12
5664 1 17
5665 11 15
5666 19 17
5667 33 33
5668 9 17
5669 30 13
5670 19 47
5671 28 48
5672 13 9
5673 19 19
5674 22 20
5675 30 16
5676 37 1
5677 14 32
5678 33 16
5679 7 31
5680 43 25
5681 14 33
5682 42 21
5683 17 26
5684 32 10
5685 34 20
5686 9 27
5687 22 49
5688 37 47
5689 4 30
5690 5 22
5691 22 9
5692 0 35
5693 18 44
5694 7 27
5695 9 43
5696 35 46
5697 40 21
5698 12 40
5699 22 48
5700 46 21
5701 9 25
5702 45 9
5703 21 8
5704 14 31
5705 4 18
5706 9 2
5707 9 14
5708 34 37
5709 12 15
5710 11 11
5711 13 37
5712 11 42
5713 36 34
5714 44 27
5715 33 11
5716 11 38
5717 45 10
5718 17 14
5719 18 17
5720 14 29
5721 48 5
5722 3 16
5723 13 32
5724 20 47
5725 14 46
5726 17 15
5727 13 12
5728 0 21
5729 45 35
5730 23 35
5731 0 22
5732 13 46
5733 14 2
5734 6 22
5735 0 1
5736 14 26
5737 32 11
5738 47 31
5739 47 21
5740 45 34
5741 49 14
5742 33 15
5743 47 36
5744 28 49
5745 14 46
5746 44 19
5747 39 12
5748 34 26
5749 16 39
5750 27 43
5751 30 20
5752 3 17
5753 19 46
5754 10 15
5755 7 2
5756 1 19
5757 35 49
5758 13 40
5759 14 34
5760 49 15
5761 18 9
5762 6 47
5763 8 27
5764 47 34
5765 47 42
5766 17 28
5767 45 30
5768 37 2
5769 33 14
5770 1 15
5771 24 6
5772 10 14
5773 47 30
5774 12 12
5775 26 7
5776 41 48
5777 22 10
5778 15 29
5779 13 30
5780 34 38
5781 23 10
5782 44 18
5783 10 9
5784 46 7
5785 13 10
5786 43 47
5787 10 5
5788 34 14
5789 5 6
5790 16 28
5791 48 22
5792 45 13
5793 44 3
5794 9 1
5795 47 35
5796 32 4
5797 19 5
5798 18 8
5799 36 17
5800 28 3
5801 43 26
5802 47 33
5803 9 2
5804 7 24
5805 28 24
5806 8 28
5807 15 42
5808 46 15
5809 11 15
5810 47 31
5811 41 19
5812 34 41
5813 47 41
5814 4 11
5815 47 32
5816 8 1
5817 10 4
5818 39 10
5819 27 49
5820 0 25
5821 37 48
5822 47 18
5823 11 43
5824 12 7
5825 28 31
5826 46 35
5827 17 12
5828 16 8
5829 6 26
5830 1 1
5831 45 21
5832 33 23
5833 10 43
5834 44 19
5835 5 25
5836 17 13
5837 12 32
5838 35 13
5839 33 12
5840 22 35
5841 18 26
5842 6 19
5843 2 20
5844 49 18
5845 7 15
5846 33 38
5847 8 15
5848 3 30
5849 5 11
5850 19 7
5851 3 16
5852 25 27
5853 45 48
5854 2 2
5855 2 16
5856 21 3
5857 46 26
5858 26 6
5859 5 26
5860 35 38
5861 19 6
5862 17 19
5863 13 46
5864 22 49
5865 43 46
5866 17 28
5867 31 44
5868 23 48
5869 0 19
5870 16 22
5871 18 43
5872 44 20
5873 26 47
5874 42 3
5875 40 20
5876 12 8
5877 6 21
5878 19 48
5879 23 49
5880 27 44
5881 16 17
5882 12 10
5883 32 9
5884 32 8
5885 28 49
5886 13 31
5887 7 18
5888 4 19
5889 12 14
5890 29 3
5891 6 32
5892 44 2
5893 32 10
5894 37 1
5895 26 7
5896 14 43
5897 12 38
5898 23 25
5899 15 45
5900 19 29
5901 2 27
5902 39 21
5903 49 28
5904 44 3
5905 28 26
5906 34 40
5907 9 6
5908 42 48
5909 11 44
5910 20 49
5911 47 27
5912 29 34
5913 2 0
5914 10 16
5915 31 45
5916 17 46
5917 11 47
5918 23 42
5919 3 16
5920 45 1
5921 0 20
5922 14 31
5923 9 22
5924 23 12
5925 47 30
5926 44 26
5927 14 45
5928 23 5
5929 34 33
5930 19 40
5931 46 31
5932 40 45
5933 0 19
5934 12 29
5935 49 14
5936 35 37
5937 45 20
5938 39 16
5939 37 34
5940 0 1
5941 35 20
5942 17 41
5943 2 13
5944 28 13
5945 14 12
5946 46 11
5947 37 42
5948 9 32
5949 2 16
5950 29 49
5951 46 21
5952 33 10
5953 7 32
5954 38 42
5955 6 18
5956 33 30
5957 25 4
5958 11 32
5959 44 47
5960 47 11
5961 15 27
5962 12 11
5963 11 14
5964 25 49
5965 22 8
5966 25 37
5967 19 8
5968 34 41
5969 46 27
5970 20 42
5971 14 7
5972 31 12
5973 38 12
5974 37 12
5975 36 13
5976 45 26
5977 36 36
5978 48 6
5979 29 33
5980 35 48
5981 48 7
5982 12 41
5983 13 13
5984 11 43
5985 1 28
5986 35 14
5987 43 47
5988 42 19
5989 12 30
5990 26 2
5991 15 5
5992 12 32
5993 15 31
5994 16 42
5995 14 31
5996 20 21
5997 19 23
5998 45 42
5999 15 0
6000 8 30
6001 49 23
6002 19 9
6003 23 8
6004 47 20
6005 38 1
6006 15 42
6007 41 45
6008 45 25
6009 25 36
6010 19 0
6011 6 25
6012 5 44
6013 14 10
6014 45 15
6015 39 13
6016 43 46
6017 4 33
6018 29 5
6019 6 31
6020 1 1
6021 47 35
6022 44 18
6023 16 46
6024 30 6
6025 12 0
6026 13 0
6027 8 7
6028 12 39
6029 16 47
6030 2 15
6031 31 11
6032 22 19
6033 35 11
6034 22 9
6035 20 46
6036 13 31
6037 45 29
6038 45 26
6039 4 12
6040 47 13
6041 1 23
6042 37 42
6043 9 16
6044 22 1
6045 0 26
6046 5 10
6047 34 40
6048 34 23
6049 49 27
6050 16 21
6051 7 33
6052 16 24
6053 10 16
6054 39 20
6055 29 48
6056 8 27
6057 35 12
6058 45 2
6059 12 47
6060 30 5
6061 15 12
6062 13 38
6063 44 32
6064 13 15
6065 22 20
6066 38 12
6067 14 33
6068 13 7
6069 40 42
6070 17 24
6071 31 20
6072 37 1
6073 40 20
6074 40 45
6075 2 28
6076 7 31
6077 33 16
6078 20 30
6079 38 47
6080 2 1
6081 0 27
6082 24 38
6083 38 1
6084 43 26
6085 12 7
6086 32 15
6087 30 6
6088 30 32
6089 27 43
6090 9 33
6091 19 47
6092 6 26
6093 0 18
6094 12 38
6095 48 23
6096 9 28
6097 34 47
6098 23 20
6099 44 19
6100 30 45
6101 46 15
6102 47 26
6103 26 43
6104 39 20
6105 49 28
6106 10 43
6107 46 26
6108 2 27
6109 45 30
6110 12 29
6111 46 17
6112 15 1
6113 17 12
6114 19 24
6115 0 19
6116 22 36
6117 9 47
6118 18 9
6119 24 7
6120 31 45
6121 14 5
6122 1 30
6123 38 13
6124 10 5
6125 11 43
6126 42 22
6127 43 35
6128 28 32
6129 33 28
6130 41 41
6131 49 22
6132 45 47
6133 40 10
6134 10 32
6135 42 41
6136 23 24
6137 28 0
6138 0 21
6139 46 30
6140 9 27
6141 9 9
6142 22 35
6143 28 48
6144 42 21
6145 24 48
6146 34 10
6147 21 4
6148 18 13
6149 23 26
6150 9 44
6151 17 31
6152 13 26
6153 11 41
6154 42 22
6155 11 11
6156 18 8
6157 34 46
6158 37 1
6159 15 9
6160 8 25
6161 8 16
6162 9 30
6163 36 16
6164 16 32
6165 38 22
6166 9 43
6167 19 5
6168 11 15
6169 32 9
6170 14 27
6171 28 49
6172 47 21
6173 16 19
6174 33 15
6175 27 7
6176 34 41
6177 24 5
6178 48 5
6179 26 27
6180 38 11
6181 4 11
6182 1 20
6183 32 10
6184 4 34
6185 12 8
6186 46 18
6187 47 26
6188 2 17
6189 24 9
6190 39 47
6191 18 19
6192 16 9
6193 17 16
6194 1 19
6195 9 31
6196 17 17
6197 14 35
6198 14 31
6199 35 10
6200 13 5
6201 32 30
6202 17 16
6203 35 38
6204 47 30
6205 16 8
6206 44 20
6207 31 44
# colocadas=6208 ocupadas=419 mayor=146
