0 19 21
1 37 24
2 4 14
3 5 14
4 4 14
5 5 15
6 12 33
7 8 24
8 5 16
9 5 14
10 4 14
11 16 21
12 47 27
13 13 33
14 12 33
15 47 28
16 5 17
17 47 27
18 3 14
19 4 14
20 37 23
21 13 33
22 37 24
23 36 23
24 2 14
25 12 33
26 5 14
27 37 23
28 47 28
29 8 25
30 5 16
31 13 33
32 18 21
33 47 27
34 37 25
35 47 28
36 19 21
37 12 33
38 5 17
39 5 16
40 37 24
41 18 21
42 47 27
43 16 22
44 47 28
45 4 14
46 47 27
47 8 24
48 5 17
49 47 28
50 13 33
51 19 21
52 47 27
53 12 33
54 5 16
55 8 25
56 5 14
57 13 33
58 3 14
59 4 14
60 47 28
61 8 24
62 5 17
63 5 15
64 47 27
65 36 25
66 37 23
67 35 25
68 16 21
69 16 22
70 5 16
71 35 24
72 5 14
73 35 23
74 18 21
75 47 28
76 37 24
77 5 18
78 5 17
79 36 23
80 37 23
81 4 14
82 5 15
83 35 23
84 47 27
85 8 25
86 16 21
87 16 22
88 19 21
89 18 21
90 47 28
91 47 27
92 47 28
93 5 16
94 16 21
95 8 24
96 12 33
97 37 24
98 5 15
99 37 23
100 36 23
101 37 24
102 13 33
103 19 21
104 47 27
105 8 25
106 8 24
107 18 21
108 16 22
109 5 16
110 37 23
111 8 25
112 8 24
113 5 18
114 12 33
115 47 28
116 16 21
117 8 25
118 37 25
119 19 21
120 5 14
121 4 14
122 5 17
123 37 24
124 47 27
125 47 28
126 47 27
127 37 23
128 37 24
129 18 21
130 47 28
131 36 25
132 8 24
133 35 25
134 5 14
135 37 23
136 5 16
137 19 21
138 37 24
139 16 22
140 37 23
141 18 21
142 4 14
143 8 25
144 37 24
145 5 17
146 35 24
147 35 23
148 37 23
149 36 23
150 16 21
151 16 22
152 37 24
153 37 23
154 5 16
155 8 24
156 19 21
157 5 17
158 5 15
159 37 24
160 13 33
161 37 23
162 36 23
163 5 14
164 5 16
165 16 21
166 16 22
167 8 25
168 5 18
169 4 14
170 37 23
171 5 14
172 37 24
173 5 17
174 6 18
175 37 23
176 47 27
177 36 23
178 5 16
179 37 23
180 37 24
181 37 23
182 5 17
183 35 23
184 4 14
185 5 14
186 5 16
187 37 24
188 8 24
189 5 17
190 16 21
191 12 33
192 36 23
193 37 23
194 16 22
195 35 23
196 7 18
197 18 21
198 47 28
199 37 24
200 19 21
201 18 21
202 4 14
203 37 23
204 8 25
205 19 21
206 18 21
207 16 21
208 8 24
209 5 16
210 36 23
211 47 27
212 16 22
213 35 23
214 7 17
215 47 28
216 47 27
217 47 28
218 16 21
219 5 14
220 36 23
221 16 22
222 8 25
223 16 21
224 8 24
225 8 25
226 19 21
227 35 23
228 8 24
229 18 21
230 5 17
231 16 22
232 47 27
233 47 28
234 5 16
235 4 14
236 7 18
237 13 33
238 47 27
239 5 17
240 37 24
241 5 14
242 47 28
243 36 23
244 37 23
245 4 14
246 7 17
247 37 25
248 8 25
249 19 21
250 37 24
251 5 16
252 7 18
253 5 14
254 47 27
255 47 28
256 47 27
257 37 23
258 37 24
259 18 21
260 7 17
261 12 33
262 13 33
263 4 14
264 19 21
265 5 17
266 12 33
267 13 33
268 37 23
269 5 16
270 47 28
271 5 17
272 7 18
273 16 21
274 37 24
275 18 21
276 19 21
277 5 16
278 37 23
279 7 17
280 47 27
281 7 18
282 37 24
283 8 24
284 5 17
285 37 25
286 37 24
287 47 28
288 18 21
289 47 27
290 8 25
291 12 33
292 5 14
293 4 14
294 37 25
295 7 17
296 37 24
297 13 33
298 8 24
299 36 25
300 12 33
301 47 28
302 37 23
303 5 16
304 8 25
305 13 33
306 19 21
307 8 24
308 5 17
309 47 27
310 12 33
311 13 33
312 8 25
313 7 18
314 37 24
315 12 33
316 13 33
317 18 21
318 8 24
319 5 14
320 12 33
321 37 23
322 7 17
323 7 18
324 7 17
325 16 22
326 47 28
327 8 25
328 35 25
329 35 24
330 16 21
331 47 27
332 35 23
333 37 24
334 5 16
335 5 17
336 4 14
337 36 23
338 47 28
339 7 18
340 47 27
341 19 21
342 47 28
343 5 14
344 13 33
345 12 33
346 7 17
347 8 24
348 5 16
349 8 25
350 16 22
351 4 14
352 5 17
353 5 16
354 18 21
355 8 24
356 8 25
357 7 18
358 19 21
359 18 21
360 5 14
361 13 33
362 37 23
363 37 25
364 37 24
365 12 33
366 7 17
367 19 21
368 16 21
369 5 17
370 7 18
371 8 24
372 4 14
373 37 23
374 37 24
375 13 33
376 7 17
377 12 33
378 5 16
379 36 25
380 47 27
381 5 17
382 35 25
383 7 18
384 5 16
385 16 22
386 16 21
387 5 14
388 8 25
389 5 17
390 18 21
391 16 22
392 13 33
393 47 28
394 8 24
395 35 24
396 37 23
397 35 23
398 16 21
399 16 22
400 19 21
401 36 23
402 12 33
403 5 16
404 7 17
405 35 23
406 7 18
407 4 14
408 36 23
409 5 17
410 8 25
411 5 14
412 8 24
413 47 27
414 4 14
415 13 33
416 5 16
417 12 33
418 35 23
419 36 23
420 37 24
421 16 21
422 13 33
423 16 22
424 47 28
425 47 27
426 37 23
427 16 21
428 47 28
429 7 17
430 12 33
431 16 22
432 35 23
433 36 23
434 37 24
435 16 21
436 16 22
437 5 14
438 37 23
439 37 25
440 37 24
441 5 17
442 47 27
443 4 14
444 47 28
445 8 25
446 37 25
447 7 18
448 47 27
449 47 28
450 37 24
451 5 16
452 13 33
453 5 14
454 12 33
455 18 21
456 16 21
457 47 27
458 13 33
459 4 14
460 37 23
461 47 28
462 16 22
463 37 24
464 5 14
465 4 14
466 7 17
467 7 18
468 5 14
469 37 25
470 19 21
471 47 27
472 8 24
473 5 17
474 4 14
475 12 33
476 7 17
477 47 28
478 18 21
479 19 21
480 5 16
481 37 24
482 13 33
483 37 25
484 37 24
485 5 17
486 36 25
487 35 25
488 5 16
489 47 27
490 16 21
491 7 18
492 5 17
493 8 25
494 5 16
495 7 17
496 47 28
497 7 18
498 37 23
499 5 17
500 47 27
501 47 28
502 35 24
503 8 24
504 8 25
505 16 22
506 7 17
507 5 16
508 16 21
509 35 23
510 47 27
511 47 28
512 37 24
513 12 33
514 47 27
515 8 24
516 7 18
517 18 21
518 7 17
519 47 28
520 37 23
521 13 33
522 5 14
523 12 33
524 16 22
525 36 23
526 13 33
527 7 18
528 4 14
529 5 14
530 7 17
531 7 18
532 19 21
533 18 21
534 19 21
535 4 14
536 8 25
537 12 33
538 47 27
539 13 33
540 12 33
541 7 17
542 7 18
543 13 33
544 35 23
545 5 17
546 5 16
547 36 23
548 18 21
549 35 23
550 19 21
551 36 23
552 8 24
553 47 28
554 47 27
555 5 14
556 35 23
557 12 33
558 37 24
559 18 21
560 16 21
561 36 23
562 37 23
563 37 25
564 7 17
565 37 24
566 37 23
567 13 33
568 19 21
569 37 24
570 47 28
571 7 18
572 5 17
573 7 17
574 16 22
575 37 25
576 47 27
577 37 24
578 5 16
579 37 25
580 5 17
581 18 21
582 37 24
583 12 33
584 8 25
585 47 28
586 19 21
587 37 25
588 7 18
589 37 24
590 5 16
591 4 14
592 5 17
593 18 21
594 8 24
595 47 27
596 16 21
597 5 14
598 19 21
599 4 14
600 7 17
601 36 23
602 18 21
603 5 16
604 47 28
605 8 25
606 37 23
607 8 24
608 47 27
609 13 33
610 16 22
611 37 25
612 37 24
613 36 25
614 35 25
615 12 33
616 37 23
617 5 14
618 37 24
619 19 21
620 4 14
621 37 23
622 35 24
623 5 17
624 47 28
625 5 14
626 37 24
627 13 33
628 5 16
629 4 14
630 16 21
631 5 14
632 4 14
633 8 25
634 12 33
635 8 24
636 7 18
637 47 27
638 35 23
639 36 23
640 18 21
641 8 25
642 37 23
643 5 17
644 13 33
645 47 28
646 35 23
647 36 23
648 35 23
649 19 21
650 37 24
651 37 23
652 5 14
653 47 27
654 8 24
655 8 25
656 7 17
657 18 21
658 8 24
659 5 16
660 4 14
661 36 23
662 19 21
663 7 18
664 37 24
665 37 23
666 8 25
667 47 28
668 18 21
669 47 27
670 7 17
671 12 33
672 36 23
673 13 33
674 8 24
675 16 22
676 7 18
677 16 21
678 37 23
679 47 28
680 5 14
681 35 23
682 7 17
683 8 25
684 37 24
685 4 14
686 37 23
687 5 14
688 4 14
689 16 22
690 12 33
691 5 14
692 4 14
693 5 17
694 19 21
695 5 14
696 47 27
697 47 28
698 4 14
699 8 24
700 7 18
701 13 33
702 12 33
703 37 24
704 5 14
705 5 16
706 7 17
707 7 18
708 13 33
709 12 33
710 37 23
711 36 23
712 18 21
713 13 33
714 37 24
715 37 23
716 7 17
717 47 27
718 19 21
719 47 28
720 35 23
721 7 18
722 5 17
723 12 33
724 47 27
725 13 33
726 18 21
727 5 16
728 47 28
729 19 21
730 12 33
731 47 27
732 13 33
733 16 21
734 5 17
735 8 25
736 37 24
737 12 33
738 37 23
739 13 33
740 47 28
741 7 17
742 47 27
743 16 22
744 36 23
745 35 23
746 18 21
747 47 28
748 47 27
749 47 28
750 47 27
751 12 33
752 5 16
753 36 23
754 19 21
755 8 24
756 18 21
757 4 14
758 19 21
759 35 23
760 5 14
761 36 23
762 16 21
763 18 21
764 5 17
765 37 24
766 8 25
767 47 28
768 5 16
769 47 27
770 13 33
771 37 23
772 19 21
773 16 22
774 12 33
775 18 21
776 47 28
777 37 24
778 13 33
779 37 23
780 12 33
781 19 21
782 36 23
783 4 14
784 47 27
785 37 23
786 35 23
787 7 18
788 36 23
789 8 24
790 7 17
791 8 25
792 16 21
793 18 21
794 37 24
795 13 33
796 5 17
797 47 28
798 37 23
799 12 33
800 19 21
801 16 22
802 5 16
803 7 18
804 8 24
805 35 23
806 18 21
807 47 27
808 13 33
809 12 33
810 36 23
811 37 24
812 19 21
813 16 21
814 16 22
815 5 17
816 47 28
817 5 16
818 37 23
819 13 33
820 5 17
821 8 25
822 5 16
823 12 33
824 5 14
825 5 17
826 8 24
827 4 14
828 7 17
829 8 25
830 18 21
831 7 18
832 8 24
833 37 24
834 37 23
835 47 27
836 13 33
837 5 14
838 16 21
839 7 17
840 12 33
841 8 25
842 19 21
843 35 23
844 8 24
845 13 33
846 47 28
847 8 25
848 16 22
849 16 21
850 4 14
851 5 14
852 16 22
853 8 24
854 7 18
855 47 27
856 4 14
857 47 28
858 18 21
859 5 14
860 19 21
861 8 25
862 12 33
863 47 27
864 4 14
865 36 23
866 16 21
867 5 16
868 13 33
869 35 23
870 37 24
871 36 23
872 37 23
873 35 23
874 36 23
875 5 17
876 35 23
877 16 22
878 36 23
879 47 28
880 47 27
881 5 14
882 47 28
883 16 21
884 4 14
885 16 22
886 12 33
887 47 27
888 8 24
889 13 33
890 5 16
891 37 24
892 8 25
893 37 23
894 7 17
895 16 21
896 7 18
897 8 24
898 5 17
899 16 22
900 16 21
901 35 23
902 16 22
903 5 16
904 47 28
905 16 21
906 5 17
907 7 17
908 5 16
909 47 27
910 5 14
911 37 24
912 8 25
913 5 17
914 8 24
915 8 25
916 4 14
917 7 18
918 37 23
919 8 24
920 5 14
921 12 33
922 47 28
923 8 25
924 47 27
925 8 24
926 8 25
927 18 21
928 47 28
929 8 24
930 8 25
931 36 23
932 35 23
933 8 24
934 7 17
935 4 14
936 47 27
937 5 16
938 5 14
939 13 33
940 16 22
941 4 14
942 36 23
943 16 21
944 12 33
945 5 14
946 35 23
947 5 17
948 4 14
949 37 24
950 36 23
951 8 25
952 5 16
953 19 21
954 8 24
955 37 23
956 13 33
957 47 28
958 37 25
959 12 33
960 8 25
961 8 24
962 5 17
963 13 33
964 5 16
965 37 24
966 16 22
967 7 18
968 18 21
969 16 21
970 12 33
971 5 14
972 7 17
973 8 25
974 8 24
975 47 27
976 13 33
977 37 23
978 7 18
979 47 28
980 8 25
981 12 33
982 5 17
983 37 24
984 47 27
985 19 21
986 36 23
987 37 23
988 16 22
989 13 33
990 37 24
991 16 21
992 47 28
993 4 14
994 8 24
995 47 27
996 7 17
997 37 23
998 8 25
999 47 28
1000 5 16
1001 5 17
1002 16 22
1003 47 27
1004 16 21
1005 5 14
1006 37 25
1007 8 24
1008 47 28
1009 18 21
1010 5 16
1011 37 24
1012 16 22
1013 19 21
1014 7 18
1015 5 17
1016 37 23
1017 16 21
1018 7 17
1019 5 16
1020 37 24
1021 5 17
1022 37 25
1023 5 16
1024 37 24
1025 12 33
1026 16 22
1027 5 17
1028 4 14
1029 7 18
1030 13 33
1031 12 33
1032 7 17
1033 18 21
1034 5 16
1035 13 33
1036 47 27
1037 5 14
1038 12 33
1039 4 14
1040 5 14
1041 7 18
1042 16 21
1043 19 21
1044 18 21
1045 8 25
1046 47 28
1047 19 21
1048 18 21
1049 19 21
1050 8 24
1051 5 17
1052 4 14
1053 37 23
1054 37 24
1055 13 33
1056 47 27
1057 7 17
1058 18 21
1059 36 25
1060 7 18
1061 16 22
1062 5 16
1063 5 14
1064 4 14
1065 5 14
1066 35 25
1067 12 33
1068 37 23
1069 16 21
1070 37 24
1071 8 25
1072 5 17
1073 16 22
1074 37 23
1075 5 16
1076 19 21
1077 4 14
1078 37 24
1079 18 21
1080 35 24
1081 8 24
1082 47 28
1083 8 25
1084 13 33
1085 8 24
1086 7 17
1087 47 27
1088 5 17
1089 35 23
1090 5 16
1091 19 21
1092 5 17
1093 18 21
1094 5 14
1095 16 21
1096 36 23
1097 5 16
1098 7 18
1099 8 25
1100 19 21
1101 5 17
1102 7 17
1103 16 22
1104 4 14
1105 47 28
1106 18 21
1107 37 23
1108 5 14
1109 8 24
1110 8 25
1111 7 18
1112 12 33
1113 37 25
1114 4 14
1115 19 21
1116 5 16
1117 37 24
1118 37 25
1119 13 33
1120 37 24
1121 37 25
1122 37 24
1123 12 33
1124 36 25
1125 8 24
1126 8 25
1127 8 24
1128 18 21
1129 19 21
1130 37 23
1131 5 14
1132 8 25
1133 13 33
1134 18 21
1135 5 17
1136 5 16
1137 37 24
1138 47 27
1139 7 17
1140 4 14
1141 19 21
1142 12 33
1143 13 33
1144 47 28
1145 18 21
1146 16 21
1147 5 14
1148 5 17
1149 35 25
1150 7 18
1151 5 16
1152 19 21
1153 16 22
1154 8 24
1155 18 21
1156 7 17
1157 8 25
1158 8 24
1159 7 18
1160 47 27
1161 12 33
1162 37 23
1163 35 24
1164 19 21
1165 18 21
1166 8 25
1167 35 23
1168 47 28
1169 7 17
1170 47 27
1171 36 23
1172 47 28
1173 35 23
1174 36 23
1175 16 21
1176 37 24
1177 13 33
1178 19 21
1179 7 18
1180 7 17
1181 5 17
1182 37 23
1183 37 24
1184 12 33
1185 7 18
1186 18 21
1187 7 17
1188 8 24
1189 8 25
1190 8 24
1191 7 18
1192 37 23
1193 19 21
1194 18 21
1195 47 27
1196 37 25
1197 5 16
1198 4 14
1199 5 14
1200 13 33
1201 7 17
1202 12 33
1203 4 14
1204 37 24
1205 13 33
1206 12 33
1207 47 28
1208 5 14
1209 4 14
1210 8 25
1211 5 17
1212 7 18
1213 37 25
1214 13 33
1215 7 17
1216 5 14
1217 4 14
1218 12 33
1219 13 33
1220 7 18
1221 37 24
1222 5 14
1223 19 21
1224 7 17
1225 7 18
1226 7 17
1227 47 27
1228 47 28
1229 4 14
1230 47 27
1231 8 24
1232 47 28
1233 5 14
1234 12 33
1235 5 16
1236 5 17
1237 5 16
1238 16 22
1239 8 25
1240 4 14
1241 16 21
1242 5 14
1243 8 24
1244 5 17
1245 5 16
1246 13 33
1247 18 21
1248 12 33
1249 8 25
1250 5 17
1251 8 24
1252 13 33
1253 37 23
1254 12 33
1255 4 14
1256 13 33
1257 37 24
1258 19 21
1259 18 21
1260 12 33
1261 47 27
1262 36 23
1263 5 16
1264 19 21
1265 18 21
1266 37 23
1267 8 25
1268 19 21
1269 18 21
1270 8 24
1271 8 25
1272 16 22
1273 19 21
1274 5 17
1275 8 24
1276 16 21
1277 18 21
1278 7 18
1279 5 16
1280 19 21
1281 5 14
1282 13 33
1283 16 22
1284 7 17
1285 5 17
1286 16 21
1287 16 22
1288 47 28
1289 37 24
1290 37 23
1291 4 14
1292 7 18
1293 7 17
1294 18 21
1295 5 14
1296 12 33
1297 13 33
1298 47 27
1299 5 16
1300 19 21
1301 5 17
1302 5 16
1303 7 18
1304 8 25
1305 16 21
1306 47 28
1307 16 22
1308 35 23
1309 18 21
1310 4 14
1311 5 14
1312 47 27
1313 19 21
1314 4 14
1315 5 14
1316 5 17
1317 12 33
1318 16 21
1319 18 21
1320 36 23
1321 7 17
1322 7 18
1323 8 24
1324 37 24
1325 47 28
1326 37 23
1327 47 27
1328 8 25
1329 13 33
1330 47 28
1331 7 17
1332 7 18
1333 37 24
1334 8 24
1335 37 23
1336 4 14
1337 5 16
1338 8 25
1339 16 22
1340 12 33
1341 37 24
1342 7 17
1343 8 24
1344 47 27
1345 13 33
1346 8 25
1347 37 23
1348 7 18
1349 36 23
1350 7 17
1351 47 28
1352 37 23
1353 19 21
1354 7 18
1355 8 24
1356 5 14
1357 12 33
1358 47 27
1359 7 17
1360 36 23
1361 37 23
1362 7 18
1363 4 14
1364 35 23
1365 36 23
1366 37 24
1367 18 21
1368 16 21
1369 7 17
1370 47 28
1371 19 21
1372 47 27
1373 37 23
1374 7 18
1375 16 22
1376 47 28
1377 8 25
1378 37 25
1379 5 14
1380 37 24
1381 47 27
1382 8 24
1383 5 17
1384 16 21
1385 16 22
1386 47 28
1387 36 23
1388 18 21
1389 19 21
1390 5 16
1391 47 27
1392 8 25
1393 37 23
1394 36 23
1395 37 23
1396 16 21
1397 13 33
1398 7 17
1399 12 33
1400 18 21
1401 16 22
1402 13 33
1403 4 14
1404 19 21
1405 5 17
1406 16 21
1407 37 24
1408 5 14
1409 5 16
1410 18 21
1411 12 33
1412 7 18
1413 7 17
1414 37 23
1415 5 17
1416 13 33
1417 12 33
1418 47 28
1419 19 21
1420 7 18
1421 36 23
1422 5 16
1423 4 14
1424 5 17
1425 7 17
1426 18 21
1427 5 14
1428 13 33
1429 12 33
1430 13 33
1431 12 33
1432 16 22
1433 13 33
1434 37 23
1435 8 24
1436 7 18
1437 35 23
1438 37 24
1439 19 21
1440 47 27
1441 16 21
1442 37 23
1443 7 17
1444 37 24
1445 18 21
1446 12 33
1447 16 22
1448 8 25
1449 47 28
1450 7 18
1451 47 27
1452 13 33
1453 12 33
1454 5 16
1455 7 17
1456 36 23
1457 4 14
1458 37 23
1459 16 21
1460 5 14
1461 37 24
1462 7 18
1463 4 14
1464 5 14
1465 5 17
1466 8 24
1467 5 16
1468 37 23
1469 47 28
1470 36 23
1471 7 17
1472 5 17
1473 5 16
1474 37 23
1475 13 33
1476 19 21
1477 47 27
1478 4 14
1479 5 17
1480 16 22
1481 5 16
1482 37 24
1483 5 17
1484 47 28
1485 5 14
1486 37 23
1487 5 16
1488 47 27
1489 47 28
1490 16 21
1491 7 18
1492 47 27
1493 5 17
1494 5 16
1495 5 17
1496 8 25
1497 35 23
1498 4 14
1499 36 23
1500 16 22
1501 7 17
1502 5 16
1503 5 14
1504 35 23
1505 5 17
1506 5 16
1507 5 17
1508 8 24
1509 7 18
1510 47 28
1511 7 17
1512 47 27
1513 5 16
1514 37 24
1515 18 21
1516 8 25
1517 47 28
1518 36 23
1519 12 33
1520 47 27
1521 4 14
1522 47 28
1523 13 33
1524 47 27
1525 7 18
1526 37 23
1527 7 17
1528 19 21
1529 47 28
1530 47 27
1531 5 14
1532 5 17
1533 12 33
1534 13 33
1535 47 28
1536 16 21
1537 47 27
1538 47 28
1539 47 27
1540 8 24
1541 5 16
1542 35 23
1543 36 23
1544 16 22
1545 5 17
1546 47 28
1547 18 21
1548 37 24
1549 7 18
1550 16 21
1551 37 23
1552 19 21
1553 16 22
1554 7 17
1555 5 16
1556 37 25
1557 5 17
1558 18 21
1559 47 27
1560 7 18
1561 4 14
1562 8 25
1563 7 17
1564 12 33
1565 13 33
1566 12 33
1567 19 21
1568 37 24
1569 13 33
1570 16 21
1571 37 25
1572 7 18
1573 47 28
1574 5 14
1575 37 24
1576 8 24
1577 18 21
1578 12 33
1579 7 17
1580 7 18
1581 16 22
1582 37 23
1583 37 24
1584 16 21
1585 4 14
1586 19 21
1587 37 23
1588 18 21
1589 5 14
1590 7 17
1591 37 24
1592 8 25
1593 16 22
1594 16 21
1595 16 22
1596 36 23
1597 47 27
1598 8 24
1599 16 21
1600 4 14
1601 5 16
1602 16 22
1603 7 18
1604 5 17
1605 19 21
1606 5 16
1607 13 33
1608 18 21
1609 16 21
1610 47 28
1611 19 21
1612 12 33
1613 37 23
1614 7 17
1615 16 22
1616 13 33
1617 47 27
1618 36 23
1619 5 14
1620 37 23
1621 12 33
1622 13 33
1623 47 28
1624 47 27
1625 8 25
1626 35 23
1627 7 18
1628 4 14
1629 12 33
1630 13 33
1631 5 17
1632 47 28
1633 47 27
1634 36 23
1635 37 24
1636 12 33
1637 37 23
1638 7 17
1639 18 21
1640 37 25
1641 19 21
1642 13 33
1643 18 21
1644 37 24
1645 47 28
1646 16 21
1647 36 23
1648 47 27
1649 5 16
1650 8 24
1651 37 23
1652 5 14
1653 12 33
1654 37 24
1655 7 18
1656 4 14
1657 13 33
1658 8 25
1659 19 21
1660 16 22
1661 5 14
1662 37 23
1663 8 24
1664 18 21
1665 47 28
1666 7 17
1667 4 14
1668 19 21
1669 35 23
1670 18 21
1671 12 33
1672 5 14
1673 47 27
1674 16 21
1675 5 17
1676 5 16
1677 7 18
1678 8 25
1679 13 33
1680 7 17
1681 37 24
1682 19 21
1683 7 18
1684 37 23
1685 37 24
1686 18 21
1687 5 17
1688 12 33
1689 47 28
1690 36 23
1691 13 33
1692 12 33
1693 5 16
1694 4 14
1695 8 24
1696 13 33
1697 37 23
1698 16 22
1699 5 14
1700 47 27
1701 12 33
1702 8 25
1703 37 25
1704 13 33
1705 8 24
1706 16 21
1707 8 25
1708 4 14
1709 12 33
1710 19 21
1711 47 28
1712 18 21
1713 37 24
1714 16 22
1715 47 27
1716 19 21
1717 18 21
1718 13 33
1719 19 21
1720 36 25
1721 37 23
1722 7 17
1723 37 24
1724 37 23
1725 37 24
1726 37 23
1727 35 25
1728 7 18
1729 7 17
1730 5 17
1731 5 16
1732 35 24
1733 16 21
1734 16 22
1735 12 33
1736 5 14
1737 16 21
1738 8 24
1739 18 21
1740 8 25
1741 19 21
1742 8 24
1743 47 28
1744 4 14
1745 35 23
1746 16 22
1747 36 23
1748 35 23
1749 16 21
1750 47 27
1751 8 25
1752 7 18
1753 36 23
1754 37 24
1755 47 28
1756 16 22
1757 7 17
1758 13 33
1759 37 23
1760 5 14
1761 5 17
1762 8 24
1763 47 27
1764 8 25
1765 5 16
1766 4 14
1767 12 33
1768 13 33
1769 35 23
1770 16 21
1771 37 24
1772 5 14
1773 5 17
1774 5 16
1775 4 14
1776 16 22
1777 47 28
1778 12 33
1779 36 23
1780 37 23
1781 5 17
1782 13 33
1783 18 21
1784 7 18
1785 5 16
1786 5 17
1787 5 14
1788 4 14
1789 8 24
1790 16 21
1791 37 24
1792 8 25
1793 16 22
1794 16 21
1795 5 16
1796 5 17
1797 12 33
1798 5 14
1799 37 23
1800 13 33
1801 8 24
1802 12 33
1803 8 25
1804 13 33
1805 4 14
1806 12 33
1807 8 24
1808 5 14
1809 16 22
1810 8 25
1811 16 21
1812 8 24
1813 47 27
1814 37 25
1815 13 33
1816 37 24
1817 19 21
1818 7 17
1819 7 18
1820 12 33
1821 7 17
1822 36 25
1823 16 22
1824 35 25
1825 35 24
1826 35 23
1827 18 21
1828 4 14
1829 5 14
1830 36 23
1831 37 23
1832 8 25
1833 7 18
1834 36 23
1835 37 23
1836 4 14
1837 36 23
1838 7 17
1839 19 21
1840 16 21
1841 8 24
1842 5 14
1843 47 28
1844 16 22
1845 37 23
1846 18 21
1847 4 14
1848 8 25
1849 47 27
1850 5 16
1851 37 24
1852 5 14
1853 7 18
1854 19 21
1855 8 24
1856 13 33
1857 18 21
1858 16 21
1859 12 33
1860 37 23
1861 35 23
1862 16 22
1863 4 14
1864 8 25
1865 8 24
1866 8 25
1867 37 24
1868 13 33
1869 5 17
1870 7 17
1871 12 33
1872 5 16
1873 16 21
1874 16 22
1875 37 23
1876 8 24
1877 7 18
1878 36 23
1879 35 23
1880 7 17
1881 36 23
1882 5 17
1883 16 21
1884 47 28
1885 8 25
1886 35 23
1887 13 33
1888 37 24
1889 19 21
1890 37 23
1891 8 24
1892 47 27
1893 5 16
1894 16 22
1895 47 28
1896 8 25
1897 16 21
1898 12 33
1899 18 21
1900 37 24
1901 47 27
1902 5 14
1903 5 17
1904 8 24
1905 13 33
1906 36 23
1907 19 21
1908 4 14
1909 47 28
1910 5 16
1911 16 22
1912 5 17
1913 18 21
1914 5 16
1915 16 21
1916 12 33
1917 37 23
1918 36 23
1919 16 22
1920 19 21
1921 13 33
1922 5 14
1923 4 14
1924 37 23
1925 36 23
1926 8 25
1927 8 24
1928 18 21
1929 16 21
1930 37 23
1931 7 18
1932 7 17
1933 16 22
1934 5 14
1935 8 25
1936 12 33
1937 13 33
1938 8 24
1939 5 17
1940 12 33
1941 37 25
1942 19 21
1943 4 14
1944 13 33
1945 12 33
1946 13 33
1947 37 24
1948 7 18
1949 18 21
1950 5 16
1951 5 14
1952 47 27
1953 19 21
1954 7 17
1955 16 21
1956 5 17
1957 18 21
1958 36 23
1959 16 22
1960 4 14
1961 5 16
1962 37 23
1963 19 21
1964 18 21
1965 36 23
1966 37 23
1967 19 21
1968 5 17
1969 47 28
1970 18 21
1971 7 18
1972 5 16
1973 19 21
1974 5 17
1975 47 27
1976 37 24
1977 37 23
1978 47 28
1979 18 21
1980 12 33
1981 8 25
1982 5 16
1983 47 27
1984 13 33
1985 5 14
1986 7 17
1987 12 33
1988 8 24
1989 16 21
1990 4 14
1991 19 21
1992 8 25
1993 5 14
1994 7 18
1995 47 28
1996 47 27
1997 8 24
1998 18 21
1999 35 23
2000 37 24
2001 13 33
2002 5 17
2003 7 17
2004 12 33
2005 16 22
2006 36 23
2007 13 33
2008 7 18
2009 12 33
2010 37 23
2011 47 28
2012 13 33
2013 16 21
2014 7 17
2015 4 14
2016 12 33
2017 8 25
2018 13 33
2019 47 27
2020 47 28
2021 5 16
2022 16 22
2023 7 18
2024 7 17
2025 19 21
2026 47 27
2027 37 24
2028 37 23
2029 12 33
2030 5 14
2031 16 21
2032 13 33
2033 7 18
2034 18 21
2035 5 17
2036 4 14
2037 7 17
2038 5 16
2039 35 23
2040 8 24
2041 16 22
2042 37 24
2043 19 21
2044 47 28
2045 12 33
2046 47 27
2047 18 21
2048 5 14
2049 5 17
2050 7 18
2051 13 33
2052 16 21
2053 5 16
2054 4 14
2055 37 23
2056 12 33
2057 19 21
2058 5 17
2059 5 14
2060 16 22
2061 16 21
2062 8 25
2063 4 14
2064 36 23
2065 35 23
2066 5 16
2067 18 21
2068 5 14
2069 7 17
2070 13 33
2071 36 23
2072 5 17
2073 47 28
2074 8 24
2075 16 22
2076 19 21
2077 18 21
2078 37 24
2079 47 27
2080 19 21
2081 12 33
2082 8 25
2083 5 16
2084 18 21
2085 19 21
2086 8 24
2087 37 23
2088 16 21
2089 16 22
2090 7 18
2091 13 33
2092 18 21
2093 12 33
2094 7 17
2095 36 23
2096 19 21
2097 16 21
2098 5 17
2099 7 18
2100 16 22
2101 8 25
2102 16 21
2103 18 21
2104 8 24
2105 5 16
2106 19 21
2107 18 21
2108 4 14
2109 37 23
2110 47 28
2111 5 17
2112 47 27
2113 7 17
2114 13 33
2115 19 21
2116 8 25
2117 5 14
2118 7 18
2119 7 17
2120 5 16
2121 37 24
2122 4 14
2123 5 14
2124 12 33
2125 8 24
2126 5 17
2127 4 14
2128 7 18
2129 37 23
2130 5 14
2131 5 16
2132 13 33
2133 5 17
2134 47 28
2135 18 21
2136 16 22
2137 35 23
2138 19 21
2139 7 17
2140 7 18
2141 16 21
2142 7 17
2143 47 27
2144 12 33
2145 8 25
2146 18 21
2147 5 16
2148 7 18
2149 8 24
2150 47 28
2151 19 21
2152 5 17
2153 16 22
2154 5 16
2155 47 27
2156 13 33
2157 12 33
2158 5 17
2159 5 16
2160 47 28
2161 18 21
2162 37 24
2163 19 21
2164 36 23
2165 4 14
2166 18 21
2167 37 23
2168 5 14
2169 47 27
2170 7 17
2171 4 14
2172 36 23
2173 37 23
2174 7 18
2175 37 25
2176 37 24
2177 37 25
2178 37 24
2179 5 17
2180 37 25
2181 5 14
2182 37 24
2183 7 17
2184 47 28
2185 5 16
2186 13 33
2187 16 21
2188 37 23
2189 5 17
2190 12 33
2191 8 25
2192 13 33
2193 5 16
2194 7 18
2195 37 24
2196 7 17
2197 4 14
2198 8 24
2199 5 17
2200 12 33
2201 13 33
2202 19 21
2203 12 33
2204 47 27
2205 36 25
2206 18 21
2207 8 25
2208 47 28
2209 7 18
2210 37 23
2211 19 21
2212 7 17
2213 8 24
2214 13 33
2215 5 16
2216 5 17
2217 8 25
2218 37 24
2219 37 23
2220 7 18
2221 35 25
2222 7 17
2223 47 27
2224 47 28
2225 5 16
2226 18 21
2227 5 17
2228 16 22
2229 12 33
2230 19 21
2231 35 24
2232 7 18
2233 5 16
2234 8 24
2235 37 24
2236 37 23
2237 35 23
2238 37 24
2239 13 33
2240 16 21
2241 36 23
2242 47 27
2243 12 33
2244 16 22
2245 5 14
2246 16 21
2247 7 17
2248 4 14
2249 47 28
2250 37 23
2251 18 21
2252 47 27
2253 47 28
2254 16 22
2255 19 21
2256 5 14
2257 7 18
2258 37 24
2259 37 23
2260 47 27
2261 13 33
2262 7 17
2263 8 25
2264 12 33
2265 35 23
2266 13 33
2267 7 18
2268 4 14
2269 12 33
2270 47 28
2271 5 17
2272 18 21
2273 7 17
2274 13 33
2275 36 23
2276 7 18
2277 47 27
2278 35 23
2279 12 33
2280 5 14
2281 36 23
2282 4 14
2283 8 24
2284 35 23
2285 8 25
2286 19 21
2287 5 14
2288 5 16
2289 47 28
2290 7 17
2291 47 27
2292 13 33
2293 47 28
2294 7 18
2295 18 21
2296 19 21
2297 18 21
2298 5 17
2299 5 16
2300 19 21
2301 7 17
2302 47 27
2303 12 33
2304 47 28
2305 13 33
2306 37 24
2307 18 21
2308 12 33
2309 37 23
2310 7 18
2311 19 21
2312 7 17
2313 4 14
2314 18 21
2315 8 24
2316 5 14
2317 8 25
2318 8 24
2319 36 23
2320 16 21
2321 35 23
2322 19 21
2323 37 24
2324 5 17
2325 4 14
2326 5 14
2327 18 21
2328 36 23
2329 37 23
2330 7 18
2331 47 27
2332 16 22
2333 19 21
2334 8 25
2335 5 16
2336 18 21
2337 47 28
2338 4 14
2339 37 25
2340 7 17
2341 16 21
2342 19 21
2343 8 24
2344 16 22
2345 37 24
2346 5 17
2347 8 25
2348 7 18
2349 36 23
2350 37 23
2351 5 16
2352 18 21
2353 8 24
2354 35 23
2355 5 17
2356 19 21
2357 36 23
2358 37 24
2359 13 33
2360 47 27
2361 37 23
2362 37 24
2363 37 23
2364 47 28
2365 5 16
2366 12 33
2367 16 21
2368 7 17
2369 37 25
2370 7 18
2371 18 21
2372 7 17
2373 5 17
2374 47 27
2375 19 21
2376 5 16
2377 7 18
2378 16 22
2379 37 24
2380 37 23
2381 5 17
2382 5 14
2383 7 17
2384 7 18
2385 4 14
2386 5 16
2387 18 21
2388 37 24
2389 5 17
2390 37 23
2391 5 16
2392 13 33
2393 37 24
2394 5 14
2395 16 21
2396 8 25
2397 37 25
2398 37 24
2399 4 14
2400 8 24
2401 7 17
2402 37 23
2403 8 25
2404 16 22
2405 5 17
2406 5 16
2407 19 21
2408 12 33
2409 37 24
2410 47 28
2411 8 24
2412 36 25
2413 5 14
2414 16 21
2415 13 33
2416 35 25
2417 47 27
2418 35 24
2419 7 18
2420 12 33
2421 8 25
2422 47 28
2423 18 21
2424 16 22
2425 35 23
2426 4 14
2427 37 23
2428 13 33
2429 8 24
2430 8 25
2431 37 24
2432 5 17
2433 8 24
2434 7 17
2435 16 21
2436 36 23
2437 19 21
2438 12 33
2439 7 18
2440 7 17
2441 16 22
2442 37 23
2443 13 33
2444 37 24
2445 12 33
2446 16 21
2447 8 25
2448 37 23
2449 5 14
2450 16 22
2451 47 27
2452 5 16
2453 37 25
2454 37 24
2455 47 28
2456 36 25
2457 7 18
2458 35 25
2459 4 14
2460 7 17
2461 8 24
2462 37 23
2463 47 27
2464 47 28
2465 16 21
2466 5 17
2467 7 18
2468 18 21
2469 19 21
2470 16 22
2471 5 14
2472 37 24
2473 4 14
2474 13 33
2475 7 17
2476 5 14
2477 8 25
2478 18 21
2479 7 18
2480 37 23
2481 8 24
2482 8 25
2483 37 24
2484 7 17
2485 7 18
2486 7 17
2487 7 18
2488 5 16
2489 35 24
2490 8 24
2491 19 21
2492 12 33
2493 37 23
2494 8 25
2495 7 17
2496 35 23
2497 7 18
2498 7 17
2499 13 33
2500 7 18
2501 18 21
2502 19 21
2503 12 33
2504 36 23
2505 18 21
2506 47 27
2507 47 28
2508 7 17
2509 16 21
2510 13 33
2511 37 24
2512 37 23
2513 12 33
2514 5 17
2515 8 24
2516 13 33
2517 5 16
2518 12 33
2519 7 18
2520 37 24
2521 4 14
2522 37 23
2523 8 25
2524 8 24
2525 16 22
2526 5 14
2527 13 33
2528 37 24
2529 37 23
2530 19 21
2531 16 21
2532 12 33
2533 4 14
2534 7 17
2535 18 21
2536 19 21
2537 7 18
2538 37 24
2539 5 17
2540 8 25
2541 8 24
2542 37 23
2543 7 17
2544 5 14
2545 13 33
2546 5 16
2547 16 22
2548 35 23
2549 47 27
2550 4 14
2551 5 17
2552 37 24
2553 7 18
2554 5 14
2555 47 28
2556 7 17
2557 47 27
2558 8 25
2559 12 33
2560 18 21
2561 36 23
2562 47 28
2563 19 21
2564 47 27
2565 37 23
2566 4 14
2567 8 24
2568 5 14
2569 13 33
2570 12 33
2571 37 25
2572 7 18
2573 8 25
2574 8 24
2575 7 17
2576 13 33
2577 4 14
2578 18 21
2579 16 21
2580 19 21
2581 16 22
2582 5 14
2583 18 21
2584 7 18
2585 12 33
2586 8 25
2587 37 24
2588 16 21
2589 19 21
2590 47 28
2591 13 33
2592 18 21
2593 8 24
2594 8 25
2595 47 27
2596 19 21
2597 5 16
2598 5 17
2599 47 28
2600 4 14
2601 12 33
2602 16 22
2603 5 16
2604 36 25
2605 47 27
2606 37 23
2607 5 17
2608 35 25
2609 47 28
2610 8 24
2611 5 14
2612 37 24
2613 4 14
2614 7 17
2615 13 33
2616 7 18
2617 12 33
2618 16 21
2619 7 17
2620 5 16
2621 16 22
2622 37 23
2623 7 18
2624 5 17
2625 7 17
2626 18 21
2627 7 18
2628 19 21
2629 16 21
2630 7 17
2631 47 27
2632 8 25
2633 5 16
2634 35 24
2635 18 21
2636 5 17
2637 35 23
2638 36 23
2639 13 33
2640 19 21
2641 12 33
2642 5 14
2643 5 16
2644 47 28
2645 7 18
2646 35 23
2647 18 21
2648 4 14
2649 16 22
2650 5 17
2651 5 16
2652 16 21
2653 7 17
2654 5 17
2655 37 24
2656 8 24
2657 5 16
2658 16 22
2659 19 21
2660 7 18
2661 16 21
2662 8 25
2663 5 14
2664 8 24
2665 47 27
2666 16 22
2667 37 23
2668 7 17
2669 47 28
2670 37 24
2671 18 21
2672 13 33
2673 37 23
2674 16 21
2675 47 27
2676 16 22
2677 19 21
2678 16 21
2679 36 23
2680 16 22
2681 7 18
2682 4 14
2683 5 17
2684 5 14
2685 4 14
2686 5 14
2687 7 17
2688 7 18
2689 8 25
2690 5 16
2691 37 24
2692 37 23
2693 47 28
2694 37 24
2695 8 24
2696 5 17
2697 37 23
2698 37 25
2699 12 33
2700 7 17
2701 5 16
2702 13 33
2703 12 33
2704 8 25
2705 37 24
2706 8 24
2707 8 25
2708 13 33
2709 36 25
2710 7 18
2711 12 33
2712 8 24
2713 18 21
2714 4 14
2715 8 25
2716 13 33
2717 5 14
2718 19 21
2719 4 14
2720 5 14
2721 16 21
2722 18 21
2723 7 17
2724 5 17
2725 37 23
2726 37 24
2727 4 14
2728 5 14
2729 5 16
2730 12 33
2731 13 33
2732 47 27
2733 35 25
2734 16 22
2735 19 21
2736 4 14
2737 12 33
2738 35 24
2739 5 17
2740 7 18
2741 13 33
2742 37 23
2743 16 21
2744 47 28
2745 16 22
2746 47 27
2747 18 21
2748 8 24
2749 35 23
2750 36 23
2751 12 33
2752 7 17
2753 8 25
2754 5 16
2755 13 33
2756 5 14
2757 5 17
2758 19 21
2759 12 33
2760 5 16
2761 8 24
2762 8 25
2763 18 21
2764 5 17
2765 16 21
2766 4 14
2767 5 14
2768 13 33
2769 4 14
2770 35 23
2771 7 18
2772 5 14
2773 36 23
2774 47 28
2775 12 33
2776 35 23
2777 7 17
2778 37 24
2779 47 27
2780 13 33
2781 4 14
2782 5 14
2783 47 28
2784 19 21
2785 36 23
2786 37 23
2787 5 16
2788 7 18
2789 4 14
2790 18 21
2791 47 27
2792 5 14
2793 8 24
2794 37 24
2795 37 23
2796 35 23
2797 36 23
2798 37 24
2799 5 17
2800 47 28
2801 5 16
2802 37 23
2803 12 33
2804 37 25
2805 8 25
2806 37 24
2807 5 17
2808 7 17
2809 47 27
2810 8 24
2811 37 23
2812 37 24
2813 5 16
2814 37 23
2815 16 22
2816 19 21
2817 7 18
2818 16 21
2819 7 17
2820 7 18
2821 7 17
2822 16 22
2823 47 28
2824 8 25
2825 47 27
2826 8 24
2827 16 21
2828 47 28
2829 18 21
2830 13 33
2831 19 21
2832 12 33
2833 37 24
2834 36 25
2835 5 17
2836 7 18
2837 13 33
2838 16 22
2839 35 25
2840 8 25
2841 16 21
2842 37 23
2843 5 16
2844 12 33
2845 7 17
2846 35 24
2847 16 22
2848 7 18
2849 8 24
2850 18 21
2851 37 24
2852 35 23
2853 16 21
2854 8 25
2855 19 21
2856 4 14
2857 7 17
2858 8 24
2859 8 25
2860 13 33
2861 16 22
2862 47 27
2863 5 17
2864 12 33
2865 37 23
2866 16 21
2867 5 14
2868 5 16
2869 18 21
2870 37 24
2871 19 21
2872 36 23
2873 8 24
2874 4 14
2875 5 14
2876 16 22
2877 18 21
2878 13 33
2879 19 21
2880 37 23
2881 5 17
2882 5 16
2883 12 33
2884 13 33
2885 16 21
2886 8 25
2887 5 17
2888 16 22
2889 18 21
2890 12 33
2891 19 21
2892 18 21
2893 19 21
2894 37 25
2895 18 21
2896 37 24
2897 7 18
2898 8 24
2899 5 16
2900 37 23
2901 13 33
2902 5 17
2903 7 17
2904 5 16
2905 47 28
2906 4 14
2907 5 17
2908 47 27
2909 12 33
2910 47 28
2911 13 33
2912 47 27
2913 8 25
2914 37 24
2915 16 21
2916 5 16
2917 5 17
2918 47 28
2919 8 24
2920 8 25
2921 5 14
2922 12 33
2923 47 27
2924 4 14
2925 13 33
2926 5 16
2927 37 25
2928 37 24
2929 12 33
2930 7 18
2931 16 22
2932 5 14
2933 7 17
2934 5 17
2935 36 23
2936 19 21
2937 4 14
2938 37 23
2939 13 33
2940 5 14
2941 36 23
2942 7 18
2943 4 14
2944 8 24
2945 37 23
2946 5 16
2947 18 21
2948 7 17
2949 35 23
2950 12 33
2951 19 21
2952 37 24
2953 13 33
2954 12 33
2955 47 28
2956 7 18
2957 37 23
2958 13 33
2959 12 33
2960 8 25
2961 7 17
2962 47 27
2963 18 21
2964 5 14
2965 8 24
2966 19 21
2967 13 33
2968 5 17
2969 4 14
2970 7 18
2971 18 21
2972 7 17
2973 47 28
2974 16 21
2975 5 16
2976 36 23
2977 37 24
2978 16 22
2979 37 23
2980 19 21
2981 18 21
2982 36 23
2983 5 17
2984 7 18
2985 47 27
2986 16 21
2987 8 25
2988 5 14
2989 12 33
2990 13 33
2991 19 21
2992 18 21
2993 37 23
2994 16 22
2995 7 17
2996 4 14
2997 8 24
2998 47 28
2999 47 27
3000 5 16
3001 37 25
3002 37 24
3003 47 28
3004 5 14
3005 16 21
3006 7 18
3007 16 22
3008 12 33
3009 37 23
3010 13 33
3011 8 25
3012 16 21
3013 7 17
3014 4 14
3015 37 24
3016 16 22
3017 5 14
3018 19 21
3019 4 14
3020 5 17
3021 16 21
3022 7 18
3023 7 17
3024 5 16
3025 18 21
3026 5 17
3027 37 23
3028 16 22
3029 5 16
3030 37 24
3031 37 23
3032 37 24
3033 19 21
3034 5 14
3035 8 24
3036 4 14
3037 36 23
3038 37 23
3039 47 27
3040 5 17
3041 5 14
3042 37 25
3043 12 33
3044 37 24
3045 18 21
3046 37 23
3047 4 14
3048 19 21
3049 7 18
3050 18 21
3051 7 17
3052 8 25
3053 47 28
3054 37 24
3055 37 25
3056 19 21
3057 7 18
3058 37 24
3059 47 27
3060 7 17
3061 18 21
3062 16 21
3063 36 23
3064 8 24
3065 37 23
3066 47 28
3067 47 27
3068 8 25
3069 19 21
3070 5 16
3071 5 14
3072 5 17
3073 8 24
3074 36 23
3075 16 22
3076 7 18
3077 18 21
3078 8 25
3079 47 28
3080 16 21
3081 4 14
3082 37 23
3083 8 24
3084 8 25
3085 19 21
3086 8 24
3087 5 16
3088 18 21
3089 5 17
3090 16 22
3091 13 33
3092 12 33
3093 19 21
3094 13 33
3095 5 16
3096 12 33
3097 5 14
3098 47 27
3099 13 33
3100 37 24
3101 7 17
3102 7 18
3103 12 33
3104 37 23
3105 8 25
3106 16 21
3107 47 28
3108 5 17
3109 7 17
3110 4 14
3111 16 22
3112 8 24
3113 8 25
3114 18 21
3115 5 16
3116 7 18
3117 5 14
3118 4 14
3119 5 14
3120 13 33
3121 16 21
3122 16 22
3123 35 23
3124 16 21
3125 19 21
3126 5 17
3127 5 16
3128 7 17
3129 12 33
3130 18 21
3131 8 24
3132 7 18
3133 8 25
3134 37 24
3135 19 21
3136 36 23
3137 5 17
3138 37 23
3139 47 27
3140 13 33
3141 7 17
3142 7 18
3143 8 24
3144 8 25
3145 37 24
3146 5 16
3147 5 17
3148 5 16
3149 12 33
3150 18 21
3151 47 28
3152 7 17
3153 37 23
3154 7 18
3155 16 22
3156 7 17
3157 5 17
3158 19 21
3159 8 24
3160 37 24
3161 37 23
3162 47 27
3163 18 21
3164 16 21
3165 37 24
3166 47 28
3167 19 21
3168 8 25
3169 16 22
3170 37 23
3171 4 14
3172 16 21
3173 47 27
3174 7 18
3175 8 24
3176 35 23
3177 7 17
3178 5 14
3179 18 21
3180 8 25
3181 8 24
3182 5 16
3183 19 21
3184 37 24
3185 47 28
3186 8 25
3187 8 24
3188 18 21
3189 36 23
3190 37 23
3191 8 25
3192 8 24
3193 47 27
3194 8 25
3195 7 18
3196 47 28
3197 47 27
3198 8 24
3199 36 23
3200 37 23
3201 16 22
3202 19 21
3203 8 25
3204 35 23
3205 8 24
3206 13 33
3207 5 17
3208 47 28
3209 12 33
3210 36 23
3211 35 23
3212 4 14
3213 36 23
3214 37 24
3215 5 16
3216 5 14
3217 13 33
3218 47 27
3219 16 21
3220 5 17
3221 8 25
3222 8 24
3223 18 21
3224 16 22
3225 16 21
3226 16 22
3227 47 28
3228 4 14
3229 5 16
3230 8 25
3231 5 17
3232 5 14
3233 37 23
3234 19 21
3235 37 25
3236 37 24
3237 8 24
3238 8 25
3239 5 16
3240 7 17
3241 7 18
3242 47 27
3243 37 25
3244 47 28
3245 8 24
3246 47 27
3247 7 17
3248 37 24
3249 7 18
3250 8 25
3251 36 23
3252 4 14
3253 5 17
3254 18 21
3255 8 24
3256 37 23
3257 35 23
3258 47 28
3259 37 24
3260 12 33
3261 36 23
3262 16 21
3263 47 27
3264 37 23
3265 7 17
3266 19 21
3267 16 22
3268 13 33
3269 12 33
3270 16 21
3271 47 28
3272 37 24
3273 13 33
3274 37 23
3275 5 16
3276 12 33
3277 16 22
3278 16 21
3279 7 18
3280 18 21
3281 5 17
3282 13 33
3283 37 24
3284 16 22
3285 19 21
3286 18 21
3287 16 21
3288 8 25
3289 16 22
3290 5 14
3291 16 21
3292 37 23
3293 8 24
3294 7 17
3295 7 18
3296 12 33
3297 35 23
3298 4 14
3299 5 14
3300 5 16
3301 37 24
3302 37 23
3303 36 23
3304 7 17
3305 16 22
3306 8 25
3307 13 33
3308 47 27
3309 47 28
3310 12 33
3311 13 33
3312 47 27
3313 8 24
3314 4 14
3315 12 33
3316 5 17
3317 13 33
3318 37 24
3319 37 23
3320 5 14
3321 7 18
3322 19 21
3323 5 16
3324 37 25
3325 4 14
3326 8 25
3327 5 17
3328 18 21
3329 16 21
3330 5 14
3331 8 24
3332 37 24
3333 12 33
3334 7 17
3335 19 21
3336 13 33
3337 4 14
3338 37 23
3339 5 14
3340 4 14
3341 12 33
3342 5 14
3343 4 14
3344 37 24
3345 47 28
3346 16 22
3347 47 27
3348 13 33
3349 16 21
3350 8 25
3351 7 18
3352 5 16
3353 37 25
3354 18 21
3355 19 21
3356 8 24
3357 47 28
3358 7 17
3359 5 14
3360 37 24
3361 37 25
3362 18 21
3363 5 17
3364 37 24
3365 8 25
3366 16 22
3367 16 21
3368 5 16
3369 36 23
3370 4 14
3371 8 24
3372 37 23
3373 5 14
3374 12 33
3375 5 17
3376 16 22
3377 35 23
3378 5 16
3379 37 24
3380 8 25
3381 5 17
3382 47 27
3383 47 28
3384 16 21
3385 5 16
3386 16 22
3387 19 21
3388 18 21
3389 47 27
3390 5 17
3391 4 14
3392 47 28
3393 13 33
3394 5 16
3395 5 14
3396 5 17
3397 8 24
3398 37 23
3399 16 21
3400 36 23
3401 19 21
3402 12 33
3403 47 27
3404 8 25
3405 47 28
3406 16 22
3407 7 18
3408 5 16
3409 37 24
3410 13 33
3411 47 27
3412 5 17
3413 37 23
3414 18 21
3415 8 24
3416 16 21
3417 12 33
3418 5 16
3419 4 14
3420 8 25
3421 7 17
3422 19 21
3423 16 22
3424 47 28
3425 13 33
3426 16 21
3427 5 14
3428 5 17
3429 47 27
3430 7 18
3431 47 28
3432 37 24
3433 37 23
3434 5 16
3435 36 23
3436 47 27
3437 37 23
3438 12 33
3439 13 33
3440 7 17
3441 37 24
3442 47 28
3443 8 24
3444 16 22
3445 37 23
3446 12 33
3447 5 17
3448 8 25
3449 8 24
3450 47 27
3451 37 24
3452 5 16
3453 13 33
3454 8 25
3455 37 23
3456 12 33
3457 16 21
3458 4 14
3459 18 21
3460 8 24
3461 5 17
3462 13 33
3463 19 21
3464 8 25
3465 8 24
3466 47 28
3467 37 24
3468 7 18
3469 37 23
3470 8 25
3471 18 21
3472 47 27
3473 5 16
3474 37 25
3475 8 24
3476 19 21
3477 47 28
3478 12 33
3479 13 33
3480 37 24
3481 5 14
3482 36 23
3483 8 25
3484 18 21
3485 5 17
3486 7 17
3487 7 18
3488 47 27
3489 37 23
3490 12 33
3491 36 23
3492 4 14
3493 8 24
3494 47 28
3495 13 33
3496 37 23
3497 47 27
3498 19 21
3499 5 14
3500 7 17
3501 16 22
3502 8 25
3503 16 21
3504 37 25
3505 18 21
3506 5 16
3507 47 28
3508 16 22
3509 7 18
3510 47 27
3511 47 28
3512 37 24
3513 12 33
3514 16 21
3515 8 24
3516 36 23
3517 16 22
3518 4 14
3519 7 17
3520 7 18
3521 19 21
3522 16 21
3523 5 14
3524 8 25
3525 16 22
3526 18 21
3527 5 17
3528 47 27
3529 19 21
3530 47 28
3531 8 24
3532 13 33
3533 8 25
3534 5 16
3535 8 24
3536 37 23
3537 12 33
3538 18 21
3539 13 33
3540 5 17
3541 12 33
3542 16 21
3543 5 16
3544 4 14
3545 13 33
3546 12 33
3547 47 27
3548 19 21
3549 8 25
3550 16 22
3551 13 33
3552 5 17
3553 37 24
3554 12 33
3555 47 28
3556 47 27
3557 18 21
3558 5 16
3559 5 14
3560 37 23
3561 37 24
3562 16 21
3563 13 33
3564 47 28
3565 37 23
3566 35 23
3567 8 24
3568 7 17
3569 36 23
3570 16 22
3571 35 23
3572 37 24
3573 37 23
3574 12 33
3575 37 24
3576 4 14
3577 8 25
3578 8 24
3579 7 18
3580 13 33
3581 7 17
3582 5 17
3583 8 25
3584 5 16
3585 16 21
3586 16 22
3587 7 18
3588 5 17
3589 47 27
3590 19 21
3591 18 21
3592 37 23
3593 19 21
3594 18 21
3595 12 33
3596 5 14
3597 47 28
3598 13 33
3599 16 21
3600 19 21
3601 16 22
3602 5 16
3603 12 33
3604 47 27
3605 18 21
3606 47 28
3607 13 33
3608 4 14
3609 5 17
3610 47 27
3611 37 24
3612 36 23
3613 37 23
3614 16 21
3615 16 22
3616 5 14
3617 37 25
3618 7 17
3619 16 21
3620 47 28
3621 4 14
3622 5 16
3623 7 18
3624 37 24
3625 12 33
3626 7 17
3627 8 24
3628 7 18
3629 5 17
3630 47 27
3631 47 28
3632 13 33
3633 5 16
3634 16 22
3635 7 17
3636 5 14
3637 36 23
3638 4 14
3639 16 21
3640 12 33
3641 37 23
3642 37 25
3643 37 24
3644 19 21
3645 8 25
3646 8 24
3647 16 22
3648 47 27
3649 5 17
3650 5 16
3651 5 17
3652 16 21
3653 5 14
3654 16 22
3655 8 25
3656 16 21
3657 36 25
3658 5 16
3659 35 25
3660 8 24
3661 4 14
3662 37 23
3663 8 25
3664 37 24
3665 8 24
3666 5 17
3667 35 24
3668 18 21
3669 37 23
3670 8 25
3671 8 24
3672 16 22
3673 16 21
3674 13 33
3675 47 28
3676 47 27
3677 37 24
3678 37 23
3679 47 28
3680 5 14
3681 19 21
3682 35 23
3683 5 16
3684 12 33
3685 37 24
3686 8 25
3687 37 23
3688 7 18
3689 7 17
3690 13 33
3691 8 24
3692 37 24
3693 18 21
3694 36 23
3695 4 14
3696 5 14
3697 19 21
3698 37 23
3699 7 18
3700 47 27
3701 4 14
3702 16 22
3703 18 21
3704 7 17
3705 36 23
3706 16 21
3707 37 23
3708 16 22
3709 5 17
3710 5 16
3711 47 28
3712 19 21
3713 18 21
3714 16 21
3715 16 22
3716 7 18
3717 16 21
3718 19 21
3719 37 25
3720 16 22
3721 16 21
3722 5 17
3723 47 27
3724 8 25
3725 18 21
3726 8 24
3727 7 17
3728 37 24
3729 47 28
3730 5 14
3731 5 16
3732 4 14
3733 5 14
3734 8 25
3735 37 25
3736 19 21
3737 47 27
3738 8 24
3739 47 28
3740 16 22
3741 47 27
3742 4 14
3743 5 14
3744 12 33
3745 7 18
3746 13 33
3747 37 24
3748 5 17
3749 5 16
3750 8 25
3751 8 24
3752 5 17
3753 12 33
3754 16 21
3755 8 25
3756 8 24
3757 37 23
3758 4 14
3759 5 14
3760 7 17
3761 18 21
3762 7 18
3763 16 22
3764 19 21
3765 18 21
3766 8 25
3767 37 24
3768 7 17
3769 16 21
3770 36 25
3771 5 16
3772 37 23
3773 5 17
3774 5 16
3775 19 21
3776 7 18
3777 4 14
3778 5 17
3779 37 24
3780 5 14
3781 37 23
3782 7 17
3783 47 28
3784 5 16
3785 4 14
3786 16 22
3787 5 17
3788 5 14
3789 8 24
3790 7 18
3791 47 27
3792 5 16
3793 37 24
3794 35 25
3795 16 21
3796 37 23
3797 8 25
3798 13 33
3799 47 28
3800 35 24
3801 7 17
3802 18 21
3803 8 24
3804 47 27
3805 5 17
3806 4 14
3807 8 25
3808 12 33
3809 13 33
3810 12 33
3811 35 23
3812 5 14
3813 19 21
3814 36 23
3815 37 24
3816 4 14
3817 18 21
3818 37 23
3819 16 22
3820 19 21
3821 18 21
3822 37 24
3823 47 28
3824 47 27
3825 5 14
3826 19 21
3827 8 24
3828 5 16
3829 8 25
3830 16 21
3831 37 23
3832 36 23
3833 5 17
3834 16 22
3835 37 23
3836 16 21
3837 7 18
3838 7 17
3839 8 24
3840 5 16
3841 13 33
3842 16 22
3843 7 18
3844 18 21
3845 5 17
3846 19 21
3847 18 21
3848 12 33
3849 13 33
3850 4 14
3851 19 21
3852 5 14
3853 4 14
3854 5 14
3855 18 21
3856 16 21
3857 7 17
3858 5 16
3859 8 25
3860 12 33
3861 35 23
3862 13 33
3863 7 18
3864 16 22
3865 16 21
3866 12 33
3867 4 14
3868 8 24
3869 16 22
3870 19 21
3871 16 21
3872 7 17
3873 8 25
3874 37 24
3875 16 22
3876 18 21
3877 37 23
3878 47 28
3879 19 21
3880 16 21
3881 16 22
3882 8 24
3883 8 25
3884 37 24
3885 5 14
3886 18 21
3887 5 17
3888 5 16
3889 36 23
3890 37 23
3891 19 21
3892 7 18
3893 4 14
3894 18 21
3895 8 24
3896 13 33
3897 5 14
3898 47 27
3899 16 21
3900 16 22
3901 16 21
3902 8 25
3903 12 33
3904 8 24
3905 4 14
3906 47 28
3907 8 25
3908 19 21
3909 35 23
3910 47 27
3911 47 28
3912 37 24
3913 37 23
3914 36 23
3915 13 33
3916 5 14
3917 18 21
3918 8 24
3919 47 27
3920 5 17
3921 35 23
3922 4 14
3923 19 21
3924 37 24
3925 7 17
3926 7 18
3927 36 23
3928 5 14
3929 37 23
3930 47 28
3931 7 17
3932 37 24
3933 4 14
3934 5 14
3935 37 23
3936 5 16
3937 5 17
3938 4 14
3939 18 21
3940 16 22
3941 5 14
3942 47 27
3943 4 14
3944 37 24
3945 16 21
3946 5 14
3947 37 23
3948 19 21
3949 12 33
3950 18 21
3951 5 16
3952 19 21
3953 8 25
3954 18 21
3955 47 28
3956 5 17
3957 19 21
3958 16 22
3959 18 21
3960 13 33
3961 4 14
3962 19 21
3963 5 16
3964 47 27
3965 18 21
3966 36 23
3967 5 14
3968 47 28
3969 19 21
3970 16 21
3971 12 33
3972 16 22
3973 16 21
3974 16 22
3975 4 14
3976 7 18
3977 16 21
3978 37 23
3979 47 27
3980 5 17
3981 5 14
3982 5 16
3983 8 24
3984 4 14
3985 47 28
3986 7 17
3987 47 27
3988 37 25
3989 7 18
3990 8 25
3991 5 14
3992 18 21
3993 37 24
3994 4 14
3995 37 25
3996 16 22
3997 7 17
3998 8 24
3999 37 24
4000 37 23
4001 7 18
4002 16 21
4003 16 22
4004 8 25
4005 16 21
4006 37 24
4007 47 28
4008 16 22
4009 16 21
4010 5 17
4011 13 33
4012 5 14
4013 5 16
4014 5 17
4015 47 27
4016 19 21
4017 8 24
4018 16 22
4019 12 33
4020 16 21
4021 8 25
4022 18 21
4023 7 17
4024 19 21
4025 37 25
4026 7 18
4027 18 21
4028 7 17
4029 19 21
4030 4 14
4031 37 24
4032 18 21
4033 47 28
4034 19 21
4035 36 25
4036 35 25
4037 37 23
4038 37 24
4039 18 21
4040 35 24
4041 35 23
4042 47 27
4043 36 23
4044 8 24
4045 37 23
4046 8 25
4047 7 18
4048 37 25
4049 7 17
4050 13 33
4051 37 24
4052 5 14
4053 37 23
4054 7 18
4055 16 22
4056 12 33
4057 8 24
4058 16 21
4059 47 28
4060 7 17
4061 19 21
4062 37 24
4063 36 23
4064 8 25
4065 13 33
4066 7 18
4067 12 33
4068 8 24
4069 47 27
4070 18 21
4071 47 28
4072 37 23
4073 7 17
4074 4 14
4075 35 23
4076 8 25
4077 16 22
4078 16 21
4079 36 23
4080 7 18
4081 13 33
4082 5 14
4083 4 14
4084 19 21
4085 8 24
4086 8 25
4087 35 23
4088 37 24
4089 5 16
4090 18 21
4091 8 24
4092 47 27
4093 47 28
4094 5 17
4095 12 33
4096 8 25
4097 16 22
4098 16 21
4099 19 21
4100 5 14
4101 8 24
4102 13 33
4103 4 14
4104 5 16
4105 37 23
4106 8 25
4107 47 27
4108 7 17
4109 18 21
4110 8 24
4111 7 18
4112 12 33
4113 16 22
4114 16 21
4115 47 28
4116 8 25
4117 7 17
4118 7 18
4119 37 24
4120 13 33
4121 36 23
4122 37 23
4123 12 33
4124 5 17
4125 19 21
4126 37 24
4127 37 23
4128 37 25
4129 5 16
4130 5 14
4131 37 24
4132 5 17
4133 5 16
4134 16 22
4135 8 24
4136 5 17
4137 8 25
4138 7 17
4139 4 14
4140 5 14
4141 16 21
4142 37 23
4143 18 21
4144 16 22
4145 5 16
4146 37 24
4147 36 23
4148 47 27
4149 16 21
4150 37 23
4151 19 21
4152 5 17
4153 5 16
4154 4 14
4155 5 14
4156 7 18
4157 36 23
4158 18 21
4159 13 33
4160 4 14
4161 5 17
4162 7 17
4163 16 22
4164 5 14
4165 4 14
4166 7 18
4167 8 24
4168 7 17
4169 16 21
4170 7 18
4171 37 23
4172 19 21
4173 5 16
4174 18 21
4175 37 25
4176 16 22
4177 8 25
4178 16 21
4179 37 24
4180 37 25
4181 12 33
4182 8 24
4183 16 22
4184 7 17
4185 13 33
4186 37 24
4187 8 25
4188 37 25
4189 8 24
4190 12 33
4191 7 18
4192 5 17
4193 13 33
4194 37 24
4195 16 21
4196 5 16
4197 5 17
4198 16 22
4199 5 16
4200 19 21
4201 16 21
4202 36 25
4203 5 17
4204 47 28
4205 8 25
4206 35 25
4207 18 21
4208 16 22
4209 5 16
4210 5 14
4211 19 21
4212 8 24
4213 16 21
4214 47 27
4215 5 17
4216 7 17
4217 37 23
4218 35 24
4219 16 22
4220 35 23
4221 8 25
4222 18 21
4223 37 24
4224 36 23
4225 8 24
4226 37 23
4227 35 23
4228 5 16
4229 47 28
4230 7 18
4231 12 33
4232 37 24
4233 37 23
4234 36 23
4235 16 21
4236 4 14
4237 16 22
4238 47 27
4239 16 21
4240 37 24
4241 16 22
4242 8 25
4243 37 23
4244 35 23
4245 19 21
4246 47 28
4247 7 17
4248 13 33
4249 16 21
4250 5 14
4251 36 23
4252 16 22
4253 4 14
4254 16 21
4255 35 23
4256 5 17
4257 18 21
4258 12 33
4259 47 27
4260 47 28
4261 5 14
4262 19 21
4263 13 33
4264 37 24
4265 18 21
4266 16 22
4267 7 18
4268 8 24
4269 19 21
4270 47 27
4271 18 21
4272 12 33
4273 7 17
4274 16 21
4275 4 14
4276 19 21
4277 18 21
4278 13 33
4279 5 16
4280 47 28
4281 36 23
4282 5 17
4283 19 21
4284 16 22
4285 5 16
4286 47 27
4287 16 21
4288 5 14
4289 47 28
4290 5 17
4291 37 23
4292 18 21
4293 8 25
4294 7 18
4295 12 33
4296 47 27
4297 37 24
4298 19 21
4299 13 33
4300 12 33
4301 47 28
4302 13 33
4303 16 22
4304 5 16
4305 12 33
4306 13 33
4307 7 17
4308 18 21
4309 12 33
4310 4 14
4311 47 27
4312 16 21
4313 37 23
4314 16 22
4315 8 24
4316 19 21
4317 8 25
4318 7 18
4319 18 21
4320 5 14
4321 16 21
4322 19 21
4323 7 17
4324 47 28
4325 37 24
4326 16 22
4327 5 17
4328 37 23
4329 36 23
4330 47 27
4331 7 18
4332 16 21
4333 47 28
4334 5 16
4335 8 24
4336 4 14
4337 5 17
4338 16 22
4339 37 23
4340 18 21
4341 7 17
4342 5 14
4343 47 27
4344 37 25
4345 5 16
4346 8 25
4347 47 28
4348 8 24
4349 37 24
4350 36 25
4351 37 23
4352 19 21
4353 8 25
4354 13 33
4355 12 33
4356 5 17
4357 13 33
4358 47 27
4359 4 14
4360 5 16
4361 37 24
4362 35 25
4363 35 24
4364 16 21
4365 12 33
4366 16 22
4367 8 24
4368 18 21
4369 13 33
4370 5 17
4371 7 18
4372 8 25
4373 8 24
4374 47 28
4375 7 17
4376 19 21
4377 18 21
4378 19 21
4379 18 21
4380 47 27
4381 47 28
4382 19 21
4383 5 14
4384 47 27
4385 5 16
4386 18 21
4387 19 21
4388 5 17
4389 5 16
4390 47 28
4391 5 17
4392 7 18
4393 18 21
4394 16 21
4395 16 22
4396 7 17
4397 35 23
4398 8 25
4399 4 14
4400 5 16
4401 5 17
4402 5 14
4403 4 14
4404 16 21
4405 5 16
4406 12 33
4407 5 17
4408 7 18
4409 13 33
4410 5 14
4411 8 24
4412 37 23
4413 16 22
4414 12 33
4415 13 33
4416 37 24
4417 8 25
4418 37 23
4419 12 33
4420 7 17
4421 13 33
4422 47 27
4423 37 24
4424 8 24
4425 5 16
4426 8 25
4427 5 17
4428 4 14
4429 12 33
4430 16 21
4431 16 22
4432 16 21
4433 19 21
4434 16 22
4435 8 24
4436 18 21
4437 5 16
4438 13 33
4439 5 14
4440 5 17
4441 36 23
4442 8 25
4443 4 14
4444 12 33
4445 13 33
4446 5 16
4447 7 18
4448 37 23
4449 47 28
4450 5 17
4451 8 24
4452 5 14
4453 4 14
4454 47 27
4455 37 24
4456 37 23
4457 5 16
4458 8 25
4459 5 17
4460 7 17
4461 16 21
4462 37 25
4463 47 28
4464 37 24
4465 47 27
4466 5 14
4467 12 33
4468 8 24
4469 36 25
4470 5 16
4471 8 25
4472 8 24
4473 16 22
4474 7 18
4475 4 14
4476 19 21
4477 7 17
4478 16 21
4479 13 33
4480 5 17
4481 5 14
4482 7 18
4483 12 33
4484 7 17
4485 47 28
4486 18 21
4487 13 33
4488 5 16
4489 12 33
4490 8 25
4491 19 21
4492 18 21
4493 35 25
4494 5 17
4495 37 23
4496 8 24
4497 7 18
4498 4 14
4499 37 24
4500 37 23
4501 19 21
4502 5 16
4503 8 25
4504 35 24
4505 7 17
4506 16 22
4507 35 23
4508 36 23
4509 35 23
4510 7 18
4511 16 21
4512 37 24
4513 7 17
4514 7 18
4515 5 17
4516 36 23
4517 8 24
4518 8 25
4519 13 33
4520 37 23
4521 5 14
4522 12 33
4523 7 17
4524 5 16
4525 5 17
4526 16 22
4527 7 18
4528 35 23
4529 37 24
4530 8 24
4531 18 21
4532 5 16
4533 8 25
4534 47 27
4535 4 14
4536 5 14
4537 47 28
4538 47 27
4539 4 14
4540 47 28
4541 19 21
4542 18 21
4543 36 23
4544 16 21
4545 13 33
4546 16 22
4547 7 17
4548 47 27
4549 47 28
4550 12 33
4551 37 23
4552 37 25
4553 19 21
4554 37 24
4555 16 21
4556 13 33
4557 5 17
4558 12 33
4559 36 23
4560 16 22
4561 5 16
4562 13 33
4563 7 18
4564 7 17
4565 37 23
4566 7 18
4567 7 17
4568 12 33
4569 8 24
4570 13 33
4571 18 21
4572 47 27
4573 8 25
4574 16 21
4575 37 25
4576 16 22
4577 37 24
4578 37 25
4579 47 28
4580 5 17
4581 5 14
4582 5 16
4583 5 17
4584 5 16
4585 12 33
4586 16 21
4587 37 24
4588 36 25
4589 13 33
4590 35 25
4591 4 14
4592 5 14
4593 8 24
4594 5 17
4595 12 33
4596 8 25
4597 35 24
4598 7 18
4599 7 17
4600 5 16
4601 13 33
4602 19 21
4603 4 14
4604 47 27
4605 5 17
4606 5 14
4607 35 23
4608 5 16
4609 47 28
4610 16 22
4611 18 21
4612 4 14
4613 7 18
4614 16 21
4615 19 21
4616 36 23
4617 37 23
4618 37 25
4619 18 21
4620 37 24
4621 37 23
4622 16 22
4623 47 27
4624 7 17
4625 5 17
4626 8 24
4627 47 28
4628 37 24
4629 12 33
4630 19 21
4631 8 25
4632 18 21
4633 16 21
4634 5 16
4635 36 23
4636 16 22
4637 37 23
4638 5 17
4639 16 21
4640 19 21
4641 8 24
4642 18 21
4643 47 27
4644 7 18
4645 19 21
4646 37 25
4647 47 28
4648 8 25
4649 8 24
4650 13 33
4651 5 14
4652 7 17
4653 16 22
4654 4 14
4655 37 24
4656 7 18
4657 18 21
4658 47 27
4659 7 17
4660 19 21
4661 8 25
4662 47 28
4663 7 18
4664 47 27
4665 36 25
4666 47 28
4667 5 16
4668 5 17
4669 35 25
4670 8 24
4671 8 25
4672 35 24
4673 8 24
4674 7 17
4675 5 14
4676 8 25
4677 47 27
4678 7 18
4679 4 14
4680 37 23
4681 47 28
4682 5 16
4683 5 14
4684 47 27
4685 47 28
4686 18 21
4687 5 17
4688 5 16
4689 16 21
4690 5 17
4691 12 33
4692 16 22
4693 19 21
4694 5 16
4695 47 27
4696 18 21
4697 37 24
4698 8 24
4699 16 21
4700 19 21
4701 47 28
4702 18 21
4703 13 33
4704 5 17
4705 7 17
4706 7 18
4707 7 17
4708 37 23
4709 4 14
4710 7 18
4711 35 23
4712 5 14
4713 36 23
4714 35 23
4715 19 21
4716 18 21
4717 37 24
4718 12 33
4719 36 23
4720 8 25
4721 19 21
4722 37 23
4723 4 14
4724 16 22
4725 5 16
4726 37 24
4727 8 24
4728 5 14
4729 37 23
4730 8 25
4731 5 17
4732 7 17
4733 47 27
4734 7 18
4735 7 17
4736 13 33
4737 16 21
4738 18 21
4739 5 16
4740 4 14
4741 12 33
4742 19 21
4743 35 23
4744 5 17
4745 5 14
4746 18 21
4747 36 23
4748 4 14
4749 16 22
4750 5 16
4751 47 28
4752 35 23
4753 7 18
4754 47 27
4755 5 17
4756 19 21
4757 5 14
4758 47 28
4759 16 21
4760 18 21
4761 19 21
4762 47 27
4763 5 16
4764 47 28
4765 5 17
4766 13 33
4767 18 21
4768 12 33
4769 19 21
4770 8 24
4771 18 21
4772 5 16
4773 7 17
4774 7 18
4775 4 14
4776 7 17
4777 7 18
4778 47 27
4779 13 33
4780 37 24
4781 19 21
4782 8 25
4783 36 23
4784 37 23
4785 16 22
4786 7 17
4787 12 33
4788 13 33
4789 8 24
4790 16 21
4791 16 22
4792 18 21
4793 7 18
4794 19 21
4795 5 17
4796 5 14
4797 8 25
4798 12 33
4799 47 28
4800 36 23
4801 37 23
4802 5 16
4803 37 25
4804 5 17
4805 8 24
4806 13 33
4807 8 25
4808 18 21
4809 19 21
4810 7 17
4811 18 21
4812 4 14
4813 8 24
4814 37 24
4815 19 21
4816 7 18
4817 12 33
4818 5 16
4819 18 21
4820 16 21
4821 16 22
4822 19 21
4823 5 17
4824 47 27
4825 5 14
4826 8 25
4827 37 23
4828 13 33
4829 16 21
4830 37 24
4831 7 17
4832 36 25
4833 8 24
4834 16 22
4835 16 21
4836 7 18
4837 12 33
4838 7 17
4839 7 18
4840 5 16
4841 18 21
4842 5 17
4843 13 33
4844 7 17
4845 4 14
4846 16 22
4847 37 23
4848 8 25
4849 12 33
4850 47 28
4851 16 21
4852 37 24
4853 8 24
4854 47 27
4855 19 21
4856 18 21
4857 16 22
4858 5 16
4859 47 28
4860 7 18
4861 13 33
4862 19 21
4863 16 21
4864 47 27
4865 12 33
4866 5 14
4867 5 17
4868 8 25
4869 5 16
4870 37 23
4871 4 14
4872 35 25
4873 8 24
4874 47 28
4875 47 27
4876 8 25
4877 18 21
4878 37 24
4879 16 22
4880 5 17
4881 35 24
4882 16 21
4883 16 22
4884 19 21
4885 18 21
4886 19 21
4887 5 14
4888 8 24
4889 4 14
4890 35 23
4891 18 21
4892 16 21
4893 16 22
4894 19 21
4895 16 21
4896 7 17
4897 13 33
4898 36 23
4899 37 23
4900 16 22
4901 7 18
4902 37 25
4903 47 28
4904 47 27
4905 8 25
4906 5 16
4907 47 28
4908 7 17
4909 37 24
4910 7 18
4911 12 33
4912 18 21
4913 36 23
4914 5 17
4915 16 21
4916 5 14
4917 47 27
4918 8 24
4919 19 21
4920 8 25
4921 4 14
4922 5 14
4923 13 33
4924 18 21
4925 4 14
4926 37 23
4927 5 16
4928 35 23
4929 8 24
4930 8 25
4931 37 24
4932 47 28
4933 37 23
4934 5 17
4935 5 16
4936 37 24
4937 5 14
4938 4 14
4939 16 22
4940 47 27
4941 12 33
4942 5 14
4943 19 21
4944 36 23
4945 37 23
4946 5 17
4947 16 21
4948 4 14
4949 13 33
4950 37 25
4951 12 33
4952 47 28
4953 7 17
4954 37 24
4955 8 24
4956 5 14
4957 36 25
4958 13 33
4959 7 18
4960 7 17
4961 5 16
4962 8 25
4963 12 33
4964 47 27
4965 16 22
4966 47 28
4967 37 23
4968 16 21
4969 4 14
4970 13 33
4971 8 24
4972 5 17
4973 35 25
4974 16 22
4975 16 21
4976 5 16
4977 5 14
4978 37 24
4979 35 24
4980 47 27
4981 8 25
4982 4 14
4983 5 14
4984 8 24
4985 16 22
4986 12 33
4987 47 28
4988 8 25
4989 18 21
4990 47 27
4991 35 23
4992 37 23
4993 4 14
4994 7 18
4995 13 33
4996 8 24
4997 5 14
4998 37 24
4999 12 33
5000 36 23
5001 13 33
5002 12 33
5003 7 17
5004 37 23
5005 7 18
5006 7 17
5007 19 21
5008 37 24
5009 13 33
5010 4 14
5011 37 23
5012 47 28
5013 5 17
5014 8 25
5015 47 27
5016 7 18
5017 5 16
5018 5 14
5019 18 21
5020 16 21
5021 19 21
5022 35 23
5023 8 24
5024 8 25
5025 7 17
5026 36 23
5027 37 24
5028 7 18
5029 16 22
5030 7 17
5031 4 14
5032 5 14
5033 18 21
5034 37 23
5035 12 33
5036 4 14
5037 47 28
5038 37 24
5039 5 17
5040 7 18
5041 19 21
5042 47 27
5043 5 14
5044 37 23
5045 18 21
5046 4 14
5047 5 16
5048 16 21
5049 36 23
5050 5 14
5051 37 23
5052 36 23
5053 37 23
5054 7 17
5055 36 23
5056 5 17
5057 5 16
5058 13 33
5059 16 22
5060 37 23
5061 12 33
5062 5 17
5063 16 21
5064 47 28
5065 4 14
5066 5 14
5067 47 27
5068 16 22
5069 35 23
5070 13 33
5071 16 21
5072 8 24
5073 16 22
5074 5 16
5075 16 21
5076 5 17
5077 7 18
5078 12 33
5079 37 24
5080 47 28
5081 19 21
5082 7 17
5083 16 22
5084 47 27
5085 4 14
5086 5 14
5087 5 16
5088 7 18
5089 7 17
5090 37 23
5091 13 33
5092 8 25
5093 4 14
5094 5 14
5095 5 17
5096 37 24
5097 37 23
5098 47 28
5099 8 24
5100 7 18
5101 36 23
5102 7 17
5103 4 14
5104 47 27
5105 7 18
5106 12 33
5107 16 21
5108 47 28
5109 18 21
5110 7 17
5111 16 22
5112 37 24
5113 5 14
5114 5 16
5115 13 33
5116 47 27
5117 16 21
5118 16 22
5119 5 17
5120 8 25
5121 4 14
5122 8 24
5123 16 21
5124 37 23
5125 8 25
5126 19 21
5127 16 22
5128 16 21
5129 5 14
5130 47 28
5131 5 16
5132 7 18
5133 8 24
5134 12 33
5135 16 22
5136 5 17
5137 5 16
5138 4 14
5139 8 25
5140 37 24
5141 47 27
5142 13 33
5143 8 24
5144 18 21
5145 12 33
5146 5 14
5147 37 23
5148 8 25
5149 47 28
5150 5 17
5151 37 24
5152 37 23
5153 8 24
5154 4 14
5155 47 27
5156 37 25
5157 5 16
5158 13 33
5159 8 25
5160 37 24
5161 5 17
5162 19 21
5163 5 16
5164 37 23
5165 37 24
5166 5 17
5167 8 24
5168 5 16
5169 18 21
5170 7 17
5171 47 28
5172 5 17
5173 7 18
5174 19 21
5175 16 21
5176 5 16
5177 18 21
5178 8 25
5179 8 24
5180 16 22
5181 7 17
5182 5 17
5183 12 33
5184 37 25
5185 5 14
5186 19 21
5187 37 24
5188 7 18
5189 36 25
5190 37 23
5191 47 27
5192 13 33
5193 37 24
5194 12 33
5195 35 25
5196 8 25
5197 37 23
5198 4 14
5199 16 21
5200 5 14
5201 4 14
5202 47 28
5203 35 24
5204 16 22
5205 37 24
5206 8 24
5207 5 14
5208 4 14
5209 5 14
5210 7 17
5211 47 27
5212 16 21
5213 35 23
5214 47 28
5215 4 14
5216 13 33
5217 18 21
5218 12 33
5219 13 33
5220 8 25
5221 47 27
5222 12 33
5223 36 23
5224 5 16
5225 16 22
5226 5 14
5227 5 17
5228 8 24
5229 13 33
5230 4 14
5231 19 21
5232 8 25
5233 5 16
5234 5 14
5235 37 23
5236 18 21
5237 36 23
5238 47 28
5239 5 17
5240 5 16
5241 37 23
5242 4 14
5243 7 18
5244 12 33
5245 7 17
5246 47 27
5247 16 21
5248 13 33
5249 7 18
5250 5 14
5251 8 24
5252 7 17
5253 12 33
5254 19 21
5255 18 21
5256 36 23
5257 5 17
5258 5 16
5259 8 25
5260 5 17
5261 7 18
5262 47 28
5263 37 23
5264 37 25
5265 13 33
5266 5 16
5267 37 24
5268 5 17
5269 36 23
5270 4 14
5271 19 21
5272 8 24
5273 8 25
5274 8 24
5275 37 23
5276 37 25
5277 37 24
5278 18 21
5279 5 16
5280 19 21
5281 7 17
5282 5 14
5283 8 25
5284 12 33
5285 4 14
5286 5 14
5287 16 22
5288 4 14
5289 36 23
5290 18 21
5291 7 18
5292 5 14
5293 5 17
5294 37 23
5295 4 14
5296 7 17
5297 7 18
5298 47 27
5299 5 16
5300 8 24
5301 7 17
5302 35 23
5303 5 17
5304 8 25
5305 16 21
5306 8 24
5307 8 25
5308 13 33
5309 12 33
5310 5 14
5311 5 16
5312 47 28
5313 19 21
5314 18 21
5315 36 23
5316 13 33
5317 16 22
5318 4 14
5319 8 24
5320 19 21
5321 35 23
5322 7 18
5323 7 17
5324 47 27
5325 5 17
5326 18 21
5327 37 24
5328 19 21
5329 5 14
5330 47 28
5331 18 21
5332 5 16
5333 4 14
5334 8 25
5335 36 23
5336 8 24
5337 47 27
5338 19 21
5339 5 14
5340 12 33
5341 7 18
5342 37 23
5343 8 25
5344 16 21
5345 37 24
5346 16 22
5347 47 28
5348 37 23
5349 35 23
5350 7 17
5351 47 27
5352 5 17
5353 4 14
5354 36 23
5355 5 16
5356 35 23
5357 5 17
5358 8 24
5359 5 14
5360 4 14
5361 18 21
5362 7 18
5363 47 28
5364 16 21
5365 7 17
5366 8 25
5367 19 21
5368 18 21
5369 5 14
5370 7 18
5371 4 14
5372 36 23
5373 16 22
5374 35 23
5375 7 17
5376 13 33
5377 16 21
5378 19 21
5379 5 14
5380 4 14
5381 37 24
5382 16 22
5383 7 18
5384 37 23
5385 7 17
5386 12 33
5387 5 14
5388 37 24
5389 37 23
5390 47 27
5391 16 21
5392 5 16
5393 5 17
5394 36 23
5395 4 14
5396 37 24
5397 8 24
5398 16 22
5399 37 23
5400 8 25
5401 5 14
5402 4 14
5403 18 21
5404 19 21
5405 37 25
5406 18 21
5407 5 16
5408 13 33
5409 5 14
5410 19 21
5411 37 24
5412 18 21
5413 16 21
5414 36 23
5415 47 28
5416 37 23
5417 19 21
5418 5 17
5419 16 22
5420 47 27
5421 35 23
5422 8 24
5423 47 28
5424 4 14
5425 36 23
5426 5 14
5427 18 21
5428 16 21
5429 19 21
5430 12 33
5431 16 22
5432 47 27
5433 35 23
5434 18 21
5435 47 28
5436 37 24
5437 5 16
5438 7 18
5439 5 17
5440 47 27
5441 8 25
5442 36 23
5443 5 16
5444 37 23
5445 4 14
5446 35 23
5447 8 24
5448 47 28
5449 16 21
5450 19 21
5451 47 27
5452 37 24
5453 18 21
5454 37 23
5455 19 21
5456 37 24
5457 47 28
5458 8 25
5459 37 23
5460 37 24
5461 37 23
5462 16 22
5463 37 24
5464 13 33
5465 12 33
5466 7 17
5467 16 21
5468 5 17
5469 7 18
5470 16 22
5471 7 17
5472 13 33
5473 5 14
5474 16 21
5475 47 27
5476 4 14
5477 12 33
5478 8 24
5479 16 22
5480 8 25
5481 37 23
5482 13 33
5483 12 33
5484 13 33
5485 5 16
5486 36 23
5487 16 21
5488 47 28
5489 37 24
5490 37 23
5491 36 23
5492 16 22
5493 37 23
5494 8 24
5495 47 27
5496 16 21
5497 5 14
5498 8 25
5499 16 22
5500 8 24
5501 12 33
5502 13 33
5503 8 25
5504 7 18
5505 35 23
5506 8 24
5507 47 28
5508 47 27
5509 5 17
5510 8 25
5511 18 21
5512 5 16
5513 47 28
5514 36 23
5515 4 14
5516 7 17
5517 35 23
5518 36 23
5519 8 24
5520 8 25
5521 35 23
5522 19 21
5523 5 14
5524 18 21
5525 36 23
5526 5 17
5527 19 21
5528 18 21
5529 5 16
5530 7 18
5531 7 17
5532 35 23
5533 36 23
5534 4 14
5535 12 33
5536 5 14
5537 4 14
5538 5 14
5539 16 21
5540 19 21
5541 35 23
5542 37 24
5543 5 17
5544 8 24
5545 16 22
5546 8 25
5547 36 23
5548 4 14
5549 5 14
5550 7 18
5551 37 23
5552 13 33
5553 12 33
5554 47 27
5555 16 21
5556 5 16
5557 16 22
5558 7 17
5559 37 25
5560 5 17
5561 8 24
5562 37 24
5563 16 21
5564 7 18
5565 4 14
5566 36 25
5567 18 21
5568 47 28
5569 47 27
5570 16 22
5571 7 17
5572 35 25
5573 35 24
5574 5 14
5575 47 28
5576 8 25
5577 37 23
5578 8 24
5579 13 33
5580 47 27
5581 37 24
5582 37 23
5583 19 21
5584 18 21
5585 12 33
5586 5 16
5587 5 17
5588 7 18
5589 7 17
5590 13 33
5591 35 23
5592 12 33
5593 36 23
5594 8 25
5595 16 21
5596 19 21
5597 18 21
5598 35 23
5599 19 21
5600 4 14
5601 47 28
5602 37 24
5603 7 18
5604 5 16
5605 7 17
5606 47 27
5607 37 23
5608 13 33
5609 8 24
5610 7 18
5611 7 17
5612 37 24
5613 36 23
5614 5 14
5615 4 14
5616 16 22
5617 5 14
5618 8 25
5619 7 18
5620 12 33
5621 5 17
5622 13 33
5623 18 21
5624 37 23
5625 37 25
5626 12 33
5627 7 17
5628 4 14
5629 8 24
5630 5 16
5631 47 28
5632 47 27
5633 13 33
5634 19 21
5635 5 17
5636 18 21
5637 19 21
5638 5 14
5639 16 21
5640 16 22
5641 47 28
5642 5 16
5643 5 17
5644 47 27
5645 5 16
5646 37 24
5647 5 17
5648 37 23
5649 8 25
5650 47 28
5651 37 24
5652 5 16
5653 16 21
5654 12 33
5655 5 17
5656 16 22
5657 37 23
5658 5 16
5659 16 21
5660 7 18
5661 7 17
5662 16 22
5663 18 21
5664 7 18
5665 47 27
5666 7 17
5667 5 17
5668 16 21
5669 19 21
5670 16 22
5671 37 24
5672 36 25
5673 16 21
5674 18 21
5675 4 14
5676 37 23
5677 19 21
5678 8 24
5679 47 28
5680 18 21
5681 8 25
5682 37 24
5683 7 18
5684 19 21
5685 18 21
5686 7 17
5687 5 14
5688 8 24
5689 37 23
5690 16 22
5691 47 27
5692 19 21
5693 4 14
5694 47 28
5695 16 21
5696 13 33
5697 35 25
5698 8 25
5699 16 22
5700 47 27
5701 5 14
5702 18 21
5703 16 21
5704 8 24
5705 16 22
5706 19 21
5707 16 21
5708 5 16
5709 35 24
5710 12 33
5711 7 18
5712 47 28
5713 37 24
5714 5 17
5715 5 16
5716 5 17
5717 4 14
5718 13 33
5719 5 14
5720 4 14
5721 5 16
5722 5 14
5723 8 25
5724 35 23
5725 18 21
5726 4 14
5727 19 21
5728 18 21
5729 5 17
5730 47 27
5731 37 23
5732 36 23
5733 7 17
5734 7 18
5735 8 24
5736 37 24
5737 12 33
5738 5 14
5739 7 17
5740 47 28
5741 7 18
5742 19 21
5743 13 33
5744 18 21
5745 47 27
5746 37 23
5747 8 25
5748 5 16
5749 12 33
5750 37 25
5751 5 17
5752 16 22
5753 37 24
5754 37 25
5755 37 24
5756 13 33
5757 4 14
5758 37 25
5759 12 33
5760 13 33
5761 37 24
5762 7 17
5763 36 25
5764 5 14
5765 35 25
5766 37 23
5767 5 16
5768 47 28
5769 19 21
5770 4 14
5771 8 24
5772 47 27
5773 16 21
5774 35 24
5775 5 14
5776 8 25
5777 16 22
5778 35 23
5779 37 24
5780 8 24
5781 37 23
5782 36 23
5783 8 25
5784 7 18
5785 5 17
5786 16 21
5787 35 23
5788 47 28
5789 4 14
5790 7 17
5791 8 24
5792 18 21
5793 5 16
5794 37 24
5795 16 22
5796 5 14
5797 19 21
5798 5 17
5799 5 16
5800 16 21
5801 4 14
5802 12 33
5803 5 14
5804 37 23
5805 36 23
5806 13 33
5807 5 17
5808 8 25
5809 12 33
5810 7 18
5811 37 24
5812 16 22
5813 37 23
5814 18 21
5815 4 14
5816 19 21
5817 18 21
5818 13 33
5819 8 24
5820 8 25
5821 7 17
5822 35 23
5823 36 23
5824 16 21
5825 19 21
5826 35 23
5827 8 24
5828 5 14
5829 5 16
5830 16 22
5831 37 24
5832 8 25
5833 8 24
5834 37 23
5835 16 21
5836 36 23
5837 5 17
5838 12 33
5839 18 21
5840 16 22
5841 13 33
5842 19 21
5843 8 25
5844 37 24
5845 8 24
5846 4 14
5847 47 27
5848 5 14
5849 37 23
5850 18 21
5851 5 16
5852 47 28
5853 47 27
5854 8 25
5855 19 21
5856 35 23
5857 5 17
5858 12 33
5859 47 28
5860 5 16
5861 47 27
5862 47 28
5863 4 14
5864 37 24
5865 13 33
5866 7 18
5867 8 24
5868 18 21
5869 5 14
5870 47 27
5871 37 23
5872 12 33
5873 7 17
5874 37 24
5875 7 18
5876 7 17
5877 13 33
5878 36 23
5879 5 17
5880 16 21
5881 37 23
5882 47 28
5883 37 24
5884 37 23
5885 35 23
5886 16 22
5887 37 24
5888 8 25
5889 7 18
5890 19 21
5891 5 16
5892 18 21
5893 4 14
5894 16 21
5895 16 22
5896 19 21
5897 5 17
5898 18 21
5899 5 14
5900 37 23
5901 36 23
5902 16 21
5903 7 17
5904 37 24
5905 16 22
5906 7 18
5907 37 23
5908 16 21
5909 12 33
5910 37 24
5911 16 22
5912 16 21
5913 37 23
5914 35 23
5915 4 14
5916 37 24
5917 5 14
5918 19 21
5919 47 27
5920 37 23
5921 36 23
5922 8 24
5923 7 17
5924 37 24
5925 16 22
5926 16 21
5927 5 16
5928 37 23
5929 47 28
5930 36 23
5931 47 27
5932 8 25
5933 47 28
5934 7 18
5935 8 24
5936 13 33
5937 5 17
5938 4 14
5939 18 21
5940 47 27
5941 7 17
5942 8 25
5943 8 24
5944 12 33
5945 5 14
5946 7 18
5947 16 22
5948 16 21
5949 19 21
5950 7 17
5951 37 23
5952 35 23
5953 5 16
5954 36 23
5955 4 14
5956 47 28
5957 37 24
5958 7 18
5959 16 22
5960 5 17
5961 47 27
5962 7 17
5963 37 23
5964 5 14
5965 16 21
5966 47 28
5967 13 33
5968 18 21
5969 7 18
5970 19 21
5971 7 17
5972 12 33
5973 8 25
5974 13 33
5975 18 21
5976 8 24
5977 5 16
5978 37 25
5979 47 27
5980 5 17
5981 37 24
5982 37 25
5983 12 33
5984 5 16
5985 47 28
5986 13 33
5987 37 24
5988 12 33
5989 47 27
5990 7 18
5991 36 23
5992 47 28
5993 5 17
5994 4 14
5995 5 14
5996 37 23
5997 37 25
5998 4 14
5999 16 22
6000 37 24
6001 13 33
6002 19 21
6003 5 14
6004 16 21
6005 37 23
6006 47 27
6007 12 33
6008 47 28
6009 4 14
6010 7 17
6011 47 27
6012 16 22
6013 13 33
6014 5 14
6015 16 21
6016 4 14
6017 7 18
6018 37 24
6019 18 21
6020 16 22
6021 47 28
6022 37 25
6023 16 21
6024 16 22
6025 8 25
6026 7 17
6027 12 33
6028 13 33
6029 5 16
6030 16 21
6031 8 24
6032 5 17
6033 5 16
6034 7 18
6035 5 17
6036 12 33
6037 47 27
6038 5 16
6039 37 24
6040 37 23
6041 19 21
6042 16 22
6043 37 24
6044 36 25
6045 5 14
6046 13 33
6047 35 25
6048 5 17
6049 5 16
6050 18 21
6051 8 25
6052 16 21
6053 5 17
6054 5 16
6055 47 28
6056 37 23
6057 35 24
6058 16 22
6059 12 33
6060 13 33
6061 12 33
6062 7 17
6063 4 14
6064 37 24
6065 19 21
6066 18 21
6067 13 33
6068 35 23
6069 12 33
6070 8 24
6071 47 27
6072 16 21
6073 19 21
6074 8 25
6075 13 33
6076 7 18
6077 47 28
6078 5 17
6079 5 14
6080 5 16
6081 16 22
6082 37 23
6083 8 24
6084 4 14
6085 37 24
6086 16 21
6087 36 23
6088 12 33
6089 47 27
6090 16 22
6091 5 17
6092 5 16
6093 5 14
6094 4 14
6095 16 21
6096 8 25
6097 5 14
6098 18 21
6099 7 17
6100 13 33
6101 37 23
6102 12 33
6103 37 24
6104 19 21
6105 16 22
6106 7 18
6107 5 17
6108 4 14
6109 13 33
6110 5 14
6111 5 16
6112 5 17
6113 37 23
6114 47 28
6115 47 27
6116 12 33
6117 7 17
6118 8 24
6119 8 25
6120 8 24
6121 36 23
6122 4 14
6123 5 16
6124 13 33
6125 18 21
6126 5 17
6127 8 25
6128 7 18
6129 19 21
6130 5 16
6131 16 21
6132 5 14
6133 7 17
6134 4 14
6135 5 17
6136 12 33
6137 5 16
6138 37 23
6139 5 17
6140 8 24
6141 18 21
6142 13 33
6143 7 18
6144 36 23
6145 16 22
6146 12 33
6147 5 16
6148 37 23
6149 7 17
6150 16 21
6151 8 25
6152 19 21
6153 7 18
6154 37 25
6155 7 17
6156 37 24
6157 47 28
6158 5 14
6159 36 23
6160 47 27
6161 7 18
6162 5 17
6163 37 23
6164 37 24
6165 4 14
6166 8 24
6167 7 17
6168 7 18
6169 7 17
6170 13 33
6171 37 23
6172 16 22
6173 18 21
6174 37 25
6175 16 21
6176 12 33
6177 5 14
6178 47 28
6179 19 21
6180 13 33
6181 47 27
6182 5 16
6183 5 17
6184 7 18
6185 8 25
6186 16 22
6187 37 24
6188 16 21
6189 36 25
6190 12 33
6191 5 16
6192 16 22
6193 8 24
6194 8 25
6195 8 24
6196 37 23
6197 16 21
6198 13 33
6199 5 17
6200 18 21
6201 19 21
6202 18 21
6203 4 14
6204 5 16
6205 8 25
6206 12 33
6207 16 22
6208 19 21
6209 47 28
6210 13 33
6211 35 25
6212 7 17
6213 5 14
6214 18 21
6215 35 24
6216 47 27
6217 37 24
6218 7 18
6219 8 24
6220 47 28
6221 7 17
6222 47 27
6223 4 14
6224 35 23
6225 7 18
6226 36 23
6227 7 17
6228 5 14
6229 47 28
6230 47 27
6231 37 23
6232 47 28
6233 4 14
6234 7 18
6235 37 25
6236 7 17
6237 37 24
6238 36 25
6239 5 17
6240 35 25
6241 7 18
6242 5 14
6243 35 24
6244 16 21
6245 7 17
6246 35 23
6247 4 14
6248 36 23
6249 19 21
6250 16 22
6251 16 21
6252 37 23
6253 8 25
6254 5 16
6255 37 25
6256 8 24
6257 47 27
6258 37 24
6259 8 25
6260 7 18
6261 18 21
6262 5 17
6263 8 24
6264 8 25
6265 37 23
6266 7 17
6267 37 24
6268 37 25
6269 8 24
6270 19 21
6271 47 28
6272 18 21
6273 19 21
6274 12 33
6275 18 21
6276 16 22
6277 8 25
6278 8 24
6279 19 21
6280 7 18
6281 47 27
6282 47 28
6283 5 16
6284 18 21
6285 37 24
6286 36 25
6287 47 27
6288 5 14
6289 47 28
6290 16 21
6291 16 22
6292 13 33
6293 19 21
6294 5 17
6295 5 16
6296 7 17
6297 4 14
6298 12 33
6299 7 18
6300 18 21
6301 8 25
6302 7 17
6303 8 24
6304 5 17
6305 8 25
6306 16 21
6307 37 23
6308 13 33
6309 8 24
6310 12 33
6311 37 24
6312 7 18
6313 47 27
6314 5 16
6315 35 25
6316 19 21
6317 13 33
6318 37 23
6319 7 17
6320 16 22
6321 35 24
6322 18 21
6323 16 21
6324 5 14
6325 8 25
6326 35 23
6327 12 33
6328 8 24
6329 47 28
6330 19 21
6331 16 22
6332 4 14
6333 37 24
6334 5 17
6335 5 16
6336 8 25
6337 18 21
6338 47 27
6339 5 14
6340 37 23
6341 7 18
6342 4 14
6343 7 17
6344 13 33
6345 16 21
6346 5 14
6347 36 23
6348 19 21
6349 4 14
6350 7 18
6351 5 14
6352 12 33
6353 47 28
6354 47 27
6355 7 17
6356 5 17
6357 4 14
6358 5 16
6359 5 17
6360 35 23
6361 16 22
6362 36 23
6363 35 23
6364 37 24
6365 16 21
6366 37 23
6367 16 22
6368 36 23
6369 37 24
6370 5 16
6371 5 17
6372 7 18
6373 5 16
6374 18 21
6375 47 28
6376 5 14
6377 37 23
6378 35 23
6379 37 24
6380 47 27
6381 19 21
6382 18 21
6383 19 21
6384 8 24
6385 16 21
6386 13 33
6387 36 23
6388 47 28
6389 37 23
6390 4 14
6391 5 17
6392 16 22
6393 37 25
6394 5 14
6395 8 25
6396 37 24
6397 5 16
6398 16 21
6399 47 27
6400 8 24
6401 37 23
6402 47 28
6403 37 24
6404 36 25
6405 37 23
6406 7 17
6407 12 33
6408 47 27
6409 8 25
6410 37 24
6411 5 17
6412 4 14
6413 18 21
6414 19 21
6415 5 14
6416 5 16
6417 35 25
6418 4 14
6419 7 18
6420 13 33
6421 47 28
6422 12 33
6423 5 17
6424 13 33
6425 35 24
6426 12 33
6427 35 23
6428 13 33
6429 47 27
6430 36 23
6431 37 23
6432 18 21
6433 37 25
6434 47 28
6435 47 27
6436 5 14
6437 8 24
6438 19 21
6439 4 14
6440 18 21
6441 37 24
6442 19 21
6443 18 21
6444 16 22
6445 47 28
6446 16 21
6447 37 25
6448 5 16
6449 5 14
6450 7 17
6451 5 17
6452 16 22
6453 5 16
6454 47 27
6455 16 21
6456 4 14
6457 5 17
6458 7 18
6459 8 25
6460 7 17
6461 12 33
6462 47 28
6463 47 27
6464 5 14
6465 37 24
6466 47 28
6467 5 16
6468 5 17
6469 19 21
6470 8 24
6471 37 25
6472 37 24
6473 7 18
6474 47 27
6475 8 25
6476 18 21
6477 37 25
6478 19 21
6479 5 16
6480 37 24
6481 18 21
6482 36 23
6483 47 28
6484 19 21
6485 18 21
6486 37 23
6487 8 24
6488 7 17
6489 35 23
6490 37 24
6491 36 23
6492 5 17
6493 37 23
6494 4 14
6495 8 25
6496 13 33
6497 8 24
6498 8 25
6499 5 14
6500 35 23
6501 16 22
6502 37 24
6503 7 18
6504 47 27
6505 19 21
6506 4 14
6507 5 14
6508 5 16
6509 16 21
6510 47 28
6511 5 17
6512 8 24
6513 36 23
6514 5 16
6515 16 22
6516 7 17
6517 47 27
6518 7 18
6519 18 21
6520 12 33
6521 47 28
6522 16 21
6523 13 33
6524 37 23
6525 19 21
6526 16 22
6527 5 17
6528 16 21
6529 12 33
6530 18 21
6531 16 22
6532 4 14
6533 16 21
6534 5 16
6535 5 14
6536 4 14
6537 5 17
6538 37 25
6539 37 24
6540 36 23
6541 37 23
6542 7 17
6543 7 18
6544 5 16
6545 5 14
6546 4 14
6547 7 17
6548 47 27
6549 5 14
6550 35 23
6551 16 22
6552 16 21
6553 19 21
6554 8 25
6555 16 22
6556 16 21
6557 4 14
6558 8 24
6559 8 25
6560 18 21
6561 5 17
6562 13 33
6563 5 14
6564 47 28
6565 5 16
6566 5 17
6567 4 14
6568 5 16
6569 47 27
6570 47 28
6571 16 22
6572 5 14
6573 12 33
6574 8 24
6575 19 21
6576 47 27
6577 8 25
6578 7 18
6579 4 14
6580 36 23
6581 13 33
6582 8 24
6583 16 21
6584 5 14
6585 35 23
6586 4 14
6587 16 22
6588 8 25
6589 47 28
6590 16 21
6591 5 17
6592 18 21
6593 12 33
6594 36 23
6595 8 24
6596 47 27
6597 5 16
6598 5 17
6599 7 17
6600 5 14
6601 13 33
6602 5 16
6603 4 14
6604 12 33
6605 16 22
6606 35 23
6607 36 23
6608 19 21
6609 16 21
6610 16 22
6611 5 14
6612 8 25
6613 47 28
6614 7 18
6615 8 24
6616 16 21
6617 16 22
6618 35 23
6619 7 17
6620 37 24
6621 37 23
6622 8 25
6623 8 24
6624 47 27
6625 4 14
6626 13 33
6627 8 25
6628 18 21
6629 36 23
6630 12 33
6631 5 14
6632 35 23
6633 19 21
6634 4 14
6635 13 33
6636 12 33
6637 16 21
6638 47 28
6639 5 17
6640 16 22
6641 37 24
6642 8 24
6643 47 27
6644 37 23
6645 47 28
6646 5 14
6647 7 18
6648 8 25
6649 37 24
6650 4 14
6651 5 16
6652 5 14
6653 4 14
6654 8 24
6655 37 23
6656 13 33
6657 8 25
6658 8 24
6659 47 27
6660 5 17
6661 47 28
6662 47 27
6663 5 16
6664 7 17
6665 18 21
6666 47 28
6667 5 14
6668 19 21
6669 47 27
6670 18 21
6671 12 33
6672 19 21
6673 16 21
6674 5 17
6675 7 18
6676 8 25
6677 36 23
6678 5 16
6679 35 23
6680 8 24
6681 13 33
6682 37 24
6683 12 33
6684 13 33
6685 47 28
6686 47 27
6687 37 23
6688 37 24
6689 12 33
6690 13 33
6691 4 14
6692 36 23
6693 37 23
6694 5 17
6695 8 25
6696 7 17
6697 37 25
6698 12 33
6699 13 33
6700 8 24
6701 47 28
6702 37 24
6703 7 18
6704 16 22
6705 16 21
6706 5 14
6707 47 27
6708 18 21
6709 16 22
6710 4 14
6711 37 23
6712 8 25
6713 5 16
6714 19 21
6715 7 17
6716 47 28
6717 47 27
6718 37 24
6719 37 25
6720 18 21
6721 47 28
6722 5 14
6723 4 14
6724 37 24
6725 47 27
6726 16 21
6727 16 22
6728 12 33
6729 16 21
6730 7 18
6731 5 14
6732 47 28
6733 7 17
6734 36 23
6735 5 17
6736 47 27
6737 37 23
6738 13 33
6739 35 23
6740 12 33
6741 37 24
6742 37 23
6743 4 14
6744 5 14
6745 19 21
6746 4 14
6747 5 14
6748 37 24
6749 36 23
6750 47 28
6751 7 18
6752 8 24
6753 47 27
6754 47 28
6755 8 25
6756 5 16
6757 5 17
6758 37 23
6759 5 16
6760 18 21
6761 8 24
6762 16 22
6763 37 25
6764 5 17
6765 47 27
6766 37 24
6767 8 25
6768 5 16
6769 19 21
6770 13 33
6771 37 23
6772 16 21
6773 47 28
6774 37 24
6775 8 24
6776 8 25
6777 4 14
6778 7 17
6779 5 14
6780 47 27
6781 16 22
6782 7 18
6783 5 17
6784 8 24
6785 4 14
6786 47 28
6787 36 25
6788 5 16
6789 8 25
6790 8 24
6791 47 27
6792 35 25
6793 35 24
6794 47 28
6795 12 33
6796 18 21
6797 5 14
6798 7 17
# colocadas=6799 ocupadas=10 mayor=3586
