0 21 14
1 13 8
2 12 17
3 11 17
4 12 17
5 30 47
6 36 32
7 20 14
8 36 31
9 30 48
10 12 8
11 13 8
12 21 14
13 30 47
14 11 17
15 12 17
16 12 16
17 12 17
18 21 13
19 11 17
20 12 8
21 30 46
22 13 8
23 21 14
24 22 13
25 22 12
26 22 11
27 36 32
28 12 17
29 30 47
30 12 15
31 29 47
32 11 17
33 20 14
34 11 15
35 30 47
36 31 48
37 28 47
38 22 12
39 21 14
40 22 11
41 30 48
42 12 17
43 22 12
44 36 31
45 36 32
46 21 13
47 21 14
48 30 47
49 21 13
50 22 11
51 11 17
52 12 8
53 28 46
54 28 47
55 22 12
56 32 48
57 22 11
58 30 48
59 11 14
60 21 14
61 22 12
62 36 31
63 36 32
64 22 13
65 12 17
66 21 13
67 11 17
68 22 13
69 32 47
70 28 46
71 32 46
72 12 17
73 21 13
74 11 15
75 11 14
76 13 8
77 12 8
78 28 47
79 11 15
80 30 47
81 11 17
82 11 14
83 20 14
84 21 14
85 13 8
86 30 48
87 12 17
88 28 46
89 32 47
90 30 47
91 20 14
92 11 15
93 30 48
94 36 31
95 28 47
96 11 14
97 30 47
98 11 17
99 22 11
100 36 32
101 32 46
102 22 12
103 22 11
104 21 14
105 12 8
106 21 13
107 12 17
108 22 12
109 21 14
110 32 47
111 11 15
112 28 46
113 30 48
114 30 47
115 22 13
116 36 31
117 22 11
118 22 12
119 30 48
120 36 32
121 20 14
122 36 31
123 23 11
124 11 17
125 28 47
126 11 14
127 32 46
128 28 46
129 21 14
130 36 32
131 13 8
132 11 15
133 22 11
134 12 17
135 22 12
136 20 14
137 11 17
138 36 31
139 22 11
140 28 47
141 22 12
142 22 11
143 22 12
144 32 47
145 30 47
146 36 32
147 28 46
148 28 47
149 28 46
150 24 11
151 28 47
152 21 14
153 24 12
154 12 8
155 22 11
156 30 48
157 22 12
158 32 46
159 24 11
160 12 17
161 22 11
162 32 47
163 24 12
164 32 46
165 20 14
166 36 31
167 11 17
168 24 11
169 24 12
170 22 12
171 28 46
172 11 14
173 32 47
174 36 32
175 30 47
176 12 17
177 30 48
178 32 46
179 21 14
180 22 11
181 30 47
182 24 11
183 22 12
184 30 48
185 30 47
186 11 15
187 30 48
188 11 17
189 36 31
190 30 47
191 30 48
192 22 11
193 28 47
194 30 47
195 13 8
196 32 47
197 11 14
198 12 17
199 28 46
200 24 12
201 24 11
202 20 14
203 12 8
204 11 17
205 32 46
206 24 12
207 13 8
208 32 47
209 36 32
210 12 17
211 12 8
212 21 14
213 11 17
214 28 47
215 36 31
216 24 11
217 20 14
218 22 12
219 32 46
220 21 14
221 12 17
222 20 14
223 32 47
224 24 12
225 11 17
226 32 46
227 22 11
228 30 48
229 22 12
230 21 14
231 30 47
232 11 15
233 20 14
234 13 8
235 12 17
236 11 14
237 22 11
238 12 8
239 30 48
240 30 47
241 11 15
242 22 12
243 32 47
244 22 11
245 28 46
246 24 11
247 32 46
248 21 14
249 24 12
250 36 32
251 30 48
252 30 47
253 30 48
254 36 31
255 30 47
256 28 47
257 32 47
258 11 14
259 28 46
260 36 32
261 32 46
262 28 47
263 11 15
264 13 8
265 28 46
266 30 48
267 36 31
268 28 47
269 36 32
270 12 8
271 32 47
272 13 8
273 30 47
274 36 31
275 11 17
276 28 46
277 11 14
278 24 11
279 12 8
280 32 46
281 11 15
282 36 32
283 28 47
284 32 47
285 30 48
286 32 46
287 13 8
288 12 17
289 30 47
290 12 8
291 11 17
292 24 12
293 12 17
294 24 11
295 36 31
296 13 8
297 20 14
298 28 46
299 22 12
300 24 12
301 28 47
302 11 17
303 32 47
304 11 14
305 22 11
306 22 12
307 21 14
308 12 8
309 32 46
310 20 14
311 21 14
312 36 32
313 30 48
314 13 8
315 32 47
316 12 17
317 22 11
318 11 17
319 36 31
320 32 46
321 22 12
322 28 46
323 28 47
324 30 47
325 30 48
326 20 14
327 21 14
328 20 14
329 28 46
330 22 11
331 30 47
332 12 8
333 32 47
334 30 48
335 24 11
336 32 46
337 22 12
338 32 47
339 32 46
340 32 47
341 11 15
342 28 47
343 36 32
344 12 17
345 21 14
346 20 14
347 28 46
348 32 46
349 21 14
350 20 14
351 13 8
352 36 31
353 22 11
354 30 47
355 32 47
356 12 8
357 22 12
358 32 46
359 24 12
360 22 11
361 24 11
362 24 12
363 22 12
364 21 14
365 24 11
366 20 14
367 28 47
368 28 46
369 11 17
370 11 14
371 32 47
372 32 46
373 36 32
374 22 11
375 28 47
376 30 48
377 24 12
378 12 17
379 30 47
380 30 48
381 13 8
382 22 12
383 22 11
384 36 31
385 21 14
386 28 46
387 28 47
388 24 11
389 11 17
390 30 47
391 12 8
392 30 48
393 24 12
394 28 46
395 24 11
396 24 12
397 28 47
398 28 46
399 32 47
400 32 46
401 28 47
402 13 8
403 12 17
404 32 47
405 12 8
406 22 12
407 30 47
408 28 46
409 11 17
410 12 17
411 32 46
412 28 47
413 22 11
414 20 14
415 30 48
416 11 17
417 30 47
418 30 48
419 21 14
420 13 8
421 12 17
422 30 47
423 11 15
424 20 14
425 36 32
426 36 31
427 36 32
428 32 47
429 11 17
430 22 12
431 12 17
432 30 48
433 11 14
434 30 47
435 24 11
436 11 17
437 32 46
438 24 12
439 30 48
440 12 17
441 24 11
442 30 47
443 22 11
444 11 15
445 28 46
446 21 14
447 30 48
448 28 47
449 30 47
450 20 14
451 28 46
452 28 47
453 24 12
454 30 48
455 21 14
456 12 8
457 20 14
458 36 31
459 28 46
460 11 17
461 32 47
462 32 46
463 11 14
464 13 8
465 22 12
466 11 15
467 36 32
468 32 47
469 21 14
470 11 14
471 24 11
472 28 47
473 20 14
474 12 8
475 32 46
476 24 12
477 30 47
478 13 8
479 11 15
480 28 46
481 24 11
482 32 47
483 36 31
484 21 14
485 11 14
486 22 11
487 28 47
488 11 15
489 36 32
490 22 12
491 36 31
492 36 32
493 12 8
494 22 11
495 32 46
496 28 46
497 22 12
498 13 8
499 22 11
500 24 12
501 22 12
502 30 48
503 11 14
504 20 14
505 24 11
506 28 47
507 22 11
508 22 12
509 12 17
510 12 8
511 36 31
512 36 32
513 11 15
514 13 8
515 22 11
516 22 12
517 32 47
518 11 17
519 24 12
520 36 31
521 11 14
522 30 47
523 36 32
524 24 11
525 32 46
526 11 15
527 32 47
528 36 31
529 12 17
530 12 8
531 22 11
532 32 46
533 32 47
534 22 12
535 11 17
536 30 48
537 13 8
538 11 14
539 24 12
540 28 46
541 36 32
542 32 46
543 11 15
544 12 8
545 24 11
546 22 11
547 21 14
548 28 47
549 12 17
550 36 31
551 22 12
552 24 12
553 24 11
554 32 47
555 20 14
556 36 32
557 30 47
558 11 14
559 24 12
560 32 46
561 11 15
562 36 31
563 22 11
564 21 14
565 13 8
566 12 8
567 32 47
568 22 12
569 24 11
570 13 8
571 11 14
572 12 8
573 22 11
574 13 8
575 20 14
576 30 48
577 24 12
578 22 12
579 30 47
580 30 48
581 11 15
582 24 11
583 11 17
584 21 14
585 28 46
586 32 46
587 30 47
588 36 32
589 30 48
590 32 47
591 28 47
592 32 46
593 32 47
594 36 31
595 32 46
596 36 32
597 24 12
598 12 17
599 12 8
600 13 8
601 11 14
602 12 8
603 11 17
604 24 11
605 30 47
606 13 8
607 24 12
608 36 31
609 30 48
610 36 32
611 28 46
612 12 17
613 28 47
614 36 31
615 28 46
616 11 17
617 28 47
618 11 15
619 12 8
620 12 17
621 20 14
622 21 14
623 24 11
624 32 47
625 32 46
626 36 32
627 11 17
628 36 31
629 12 17
630 30 47
631 24 12
632 11 17
633 22 11
634 24 11
635 20 14
636 28 46
637 21 14
638 36 32
639 30 48
640 24 12
641 28 47
642 11 14
643 36 31
644 24 11
645 28 46
646 12 17
647 13 8
648 20 14
649 28 47
650 11 17
651 12 8
652 21 14
653 24 12
654 20 14
655 22 12
656 28 46
657 32 47
658 21 14
659 28 47
660 36 32
661 20 14
662 13 8
663 11 15
664 21 14
665 12 8
666 24 11
667 28 46
668 22 11
669 13 8
670 11 14
671 24 12
672 36 31
673 12 17
674 24 11
675 30 47
676 30 48
677 28 47
678 22 12
679 32 46
680 30 47
681 24 12
682 28 46
683 24 11
684 22 11
685 22 12
686 36 32
687 11 17
688 12 8
689 32 47
690 24 12
691 28 47
692 36 31
693 20 14
694 28 46
695 12 17
696 28 47
697 28 46
698 11 17
699 21 14
700 22 11
701 11 15
702 32 46
703 13 8
704 32 47
705 36 32
706 20 14
707 12 8
708 28 47
709 21 14
710 22 12
711 24 11
712 24 12
713 13 8
714 11 14
715 11 15
716 28 46
717 20 14
718 11 14
719 12 8
720 21 14
721 20 14
722 28 47
723 13 8
724 24 11
725 24 12
726 11 15
727 28 46
728 30 48
729 32 46
730 22 11
731 11 14
732 24 11
733 21 14
734 36 31
735 28 47
736 12 17
737 12 8
738 24 12
739 13 8
740 30 47
741 36 32
742 11 15
743 36 31
744 32 47
745 32 46
746 11 17
747 20 14
748 36 32
749 12 17
750 36 31
751 24 11
752 22 12
753 36 32
754 24 12
755 28 46
756 21 14
757 20 14
758 30 48
759 36 31
760 28 47
761 12 8
762 24 11
763 21 14
764 36 32
765 30 47
766 11 17
767 20 14
768 36 31
769 30 48
770 36 32
771 30 47
772 36 31
773 28 46
774 11 14
775 32 47
776 28 47
777 11 15
778 21 14
779 32 46
780 24 12
781 11 14
782 13 8
783 12 17
784 20 14
785 21 14
786 28 46
787 30 48
788 12 8
789 20 14
790 28 47
791 28 46
792 13 8
793 32 47
794 36 32
795 28 47
796 24 11
797 11 17
798 24 12
799 11 15
800 11 14
801 12 8
802 22 11
803 24 11
804 21 14
805 36 31
806 28 46
807 22 12
808 12 17
809 20 14
810 13 8
811 30 47
812 24 12
813 12 8
814 36 32
815 11 17
816 11 15
817 30 48
818 13 8
819 22 11
820 36 31
821 32 46
822 12 17
823 11 14
824 22 12
825 11 15
826 12 8
827 22 11
828 36 32
829 28 47
830 22 12
831 24 11
832 36 31
833 28 46
834 32 47
835 21 14
836 28 47
837 20 14
838 24 12
839 30 47
840 28 46
841 36 32
842 11 14
843 22 11
844 22 12
845 21 14
846 32 46
847 11 15
848 20 14
849 11 17
850 11 14
851 13 8
852 36 31
853 30 48
854 12 17
855 32 47
856 12 8
857 36 32
858 21 14
859 36 31
860 30 47
861 32 46
862 32 47
863 24 11
864 22 11
865 32 46
866 22 12
867 32 47
868 22 11
869 11 15
870 32 46
871 11 14
872 13 8
873 11 17
874 24 12
875 30 48
876 20 14
877 12 8
878 36 32
879 13 8
880 30 47
881 36 31
882 22 12
883 30 48
884 32 47
885 24 11
886 36 32
887 24 12
888 28 47
889 28 46
890 32 46
891 32 47
892 21 14
893 30 47
894 32 46
895 32 47
896 28 47
897 20 14
898 12 17
899 21 14
900 12 8
901 30 48
902 36 31
903 11 15
904 24 11
905 24 12
906 22 11
907 24 11
908 24 12
909 36 32
910 13 8
911 20 14
912 24 11
913 11 17
914 32 46
915 24 12
916 36 31
917 24 11
918 32 47
919 22 12
920 12 8
921 21 14
922 13 8
923 36 32
924 30 47
925 12 17
926 11 14
927 12 8
928 24 12
929 13 8
930 24 11
931 28 46
932 36 31
933 11 15
934 22 11
935 28 47
936 24 12
937 30 48
938 20 14
939 21 14
940 20 14
941 28 46
942 30 47
943 36 32
944 21 14
945 20 14
946 24 11
947 36 31
948 21 14
949 11 14
950 11 15
951 20 14
952 12 8
953 21 14
954 36 32
955 32 46
956 11 14
957 36 31
958 11 15
959 36 32
960 32 47
961 11 14
962 30 48
963 24 12
964 28 47
965 11 15
966 11 17
967 22 12
968 28 46
969 12 17
970 20 14
971 22 11
972 28 47
973 30 47
974 28 46
975 11 14
976 32 46
977 32 47
978 32 46
979 30 48
980 28 47
981 11 15
982 36 31
983 32 47
984 32 46
985 28 46
986 36 32
987 32 47
988 36 31
989 22 12
990 30 47
991 13 8
992 36 32
993 12 8
994 11 14
995 30 48
996 36 31
997 21 14
998 22 11
999 24 11
1000 30 47
1001 32 46
1002 32 47
1003 32 46
1004 36 32
1005 30 48
1006 30 47
1007 30 48
1008 30 47
1009 22 12
1010 22 11
1011 22 12
1012 36 31
1013 28 47
1014 11 17
1015 28 46
1016 20 14
1017 22 11
1018 12 17
1019 13 8
1020 32 47
1021 36 32
1022 32 46
1023 11 17
1024 11 15
1025 21 14
1026 36 31
1027 32 47
1028 20 14
1029 36 32
1030 11 14
1031 28 47
1032 11 15
1033 30 48
1034 24 12
1035 12 17
1036 24 11
1037 24 12
1038 30 47
1039 22 12
1040 32 46
1041 32 47
1042 11 17
1043 12 17
1044 36 31
1045 32 46
1046 11 14
1047 30 48
1048 32 47
1049 12 8
1050 11 15
1051 36 32
1052 22 11
1053 21 14
1054 32 46
1055 11 14
1056 20 14
1057 30 47
1058 28 46
1059 11 15
1060 11 17
1061 28 47
1062 13 8
1063 12 17
1064 11 14
1065 32 47
1066 21 14
1067 20 14
1068 22 12
1069 36 31
1070 28 46
1071 12 8
1072 32 46
1073 28 47
1074 13 8
1075 11 17
1076 32 47
1077 36 32
1078 22 11
1079 21 14
1080 12 8
1081 36 31
1082 28 46
1083 12 17
1084 13 8
1085 24 11
1086 22 12
1087 24 12
1088 11 17
1089 11 15
1090 11 14
1091 30 48
1092 12 8
1093 24 11
1094 24 12
1095 20 14
1096 24 11
1097 11 15
1098 13 8
1099 28 47
1100 22 11
1101 12 17
1102 36 32
1103 24 12
1104 28 46
1105 11 17
1106 21 14
1107 22 12
1108 12 8
1109 11 14
1110 13 8
1111 36 31
1112 12 8
1113 11 15
1114 12 17
1115 30 47
1116 24 11
1117 20 14
1118 28 47
1119 11 14
1120 36 32
1121 13 8
1122 36 31
1123 11 15
1124 11 17
1125 21 14
1126 24 12
1127 20 14
1128 21 14
1129 12 17
1130 32 46
1131 30 48
1132 36 32
1133 11 17
1134 22 11
1135 12 17
1136 11 14
1137 12 8
1138 13 8
1139 12 8
1140 24 11
1141 36 31
1142 13 8
1143 30 47
1144 28 46
1145 11 17
1146 22 12
1147 24 12
1148 30 48
1149 28 47
1150 11 15
1151 12 17
1152 30 47
1153 20 14
1154 11 14
1155 30 48
1156 36 32
1157 21 14
1158 28 46
1159 20 14
1160 24 11
1161 30 47
1162 12 8
1163 11 17
1164 30 48
1165 28 47
1166 36 31
1167 13 8
1168 36 32
1169 22 11
1170 28 46
1171 24 12
1172 21 14
1173 22 12
1174 30 47
1175 11 15
1176 12 8
1177 13 8
1178 28 47
1179 32 47
1180 12 8
1181 20 14
1182 32 46
1183 24 11
1184 21 14
1185 28 46
1186 13 8
1187 12 17
1188 32 47
1189 20 14
1190 12 8
1191 36 31
1192 21 14
1193 24 12
1194 11 14
1195 32 46
1196 36 32
1197 20 14
1198 24 11
1199 21 14
1200 11 15
1201 13 8
1202 24 12
1203 11 17
1204 30 48
1205 36 31
1206 12 8
1207 30 47
1208 22 11
1209 20 14
1210 12 17
1211 32 47
1212 11 14
1213 30 48
1214 11 17
1215 22 12
1216 28 47
1217 30 47
1218 11 15
1219 22 11
1220 12 17
1221 22 12
1222 24 11
1223 11 14
1224 13 8
1225 28 46
1226 30 48
1227 11 17
1228 36 32
1229 12 8
1230 11 15
1231 12 17
1232 32 46
1233 30 47
1234 11 14
1235 11 17
1236 36 31
1237 21 14
1238 20 14
1239 12 17
1240 32 47
1241 13 8
1242 11 17
1243 21 14
1244 36 32
1245 28 47
1246 12 17
1247 32 46
1248 36 31
1249 24 12
1250 24 11
1251 30 48
1252 30 47
1253 24 12
1254 11 15
1255 11 14
1256 20 14
1257 11 17
1258 12 8
1259 12 17
1260 32 47
1261 32 46
1262 22 11
1263 11 15
1264 13 8
1265 22 12
1266 32 47
1267 36 32
1268 11 17
1269 24 11
1270 12 8
1271 24 12
1272 32 46
1273 21 14
1274 13 8
1275 30 48
1276 28 46
1277 11 14
1278 22 11
1279 32 47
1280 22 12
1281 24 11
1282 11 15
1283 30 47
1284 28 47
1285 30 48
1286 24 12
1287 24 11
1288 11 14
1289 36 31
1290 24 12
1291 12 8
1292 36 32
1293 30 47
1294 30 48
1295 22 11
1296 28 46
1297 32 46
1298 22 12
1299 20 14
1300 28 47
1301 32 47
1302 24 11
1303 28 46
1304 28 47
1305 36 31
1306 30 47
1307 32 46
1308 28 46
1309 28 47
1310 30 48
1311 32 47
1312 11 15
1313 36 32
1314 36 31
1315 24 12
1316 21 14
1317 30 47
1318 11 14
1319 20 14
1320 13 8
1321 30 48
1322 21 14
1323 28 46
1324 30 47
1325 24 11
1326 20 14
1327 11 15
1328 28 47
1329 28 46
1330 36 32
1331 28 47
1332 12 17
1333 28 46
1334 11 14
1335 21 14
1336 11 15
1337 28 47
1338 32 46
1339 36 31
1340 12 8
1341 13 8
1342 28 46
1343 11 17
1344 22 11
1345 11 14
1346 11 15
1347 12 17
1348 12 8
1349 28 47
1350 28 46
1351 36 32
1352 11 14
1353 24 12
1354 24 11
1355 11 17
1356 11 15
1357 13 8
1358 22 12
1359 32 47
1360 28 47
1361 20 14
1362 24 12
1363 22 11
1364 24 11
1365 36 31
1366 12 17
1367 36 32
1368 21 14
1369 28 46
1370 22 12
1371 20 14
1372 24 12
1373 36 31
1374 11 14
1375 12 8
1376 22 11
1377 30 48
1378 13 8
1379 11 17
1380 24 11
1381 32 46
1382 36 32
1383 21 14
1384 28 47
1385 11 15
1386 28 46
1387 20 14
1388 36 31
1389 12 17
1390 11 17
1391 32 47
1392 28 47
1393 28 46
1394 28 47
1395 11 14
1396 36 32
1397 28 46
1398 12 17
1399 22 12
1400 11 15
1401 36 31
1402 11 14
1403 11 15
1404 32 46
1405 36 32
1406 11 14
1407 28 47
1408 11 15
1409 28 46
1410 21 14
1411 20 14
1412 28 47
1413 22 11
1414 36 31
1415 11 17
1416 11 14
1417 12 17
1418 11 15
1419 32 47
1420 36 32
1421 36 31
1422 12 8
1423 13 8
1424 28 46
1425 21 14
1426 36 32
1427 24 12
1428 28 47
1429 20 14
1430 36 31
1431 11 17
1432 30 47
1433 12 17
1434 24 11
1435 12 8
1436 28 46
1437 13 8
1438 11 17
1439 36 32
1440 32 46
1441 11 14
1442 36 31
1443 12 17
1444 28 47
1445 11 17
1446 21 14
1447 28 46
1448 11 15
1449 20 14
1450 12 17
1451 32 47
1452 30 48
1453 22 12
1454 32 46
1455 11 17
1456 32 47
1457 11 14
1458 28 47
1459 11 15
1460 30 47
1461 30 48
1462 11 14
1463 32 46
1464 32 47
1465 22 11
1466 21 14
1467 12 17
1468 11 15
1469 20 14
1470 24 12
1471 21 14
1472 20 14
1473 36 32
1474 12 8
1475 11 14
1476 11 15
1477 36 31
1478 30 47
1479 24 11
1480 11 14
1481 22 12
1482 30 48
1483 30 47
1484 24 12
1485 32 46
1486 24 11
1487 30 48
1488 32 47
1489 28 46
1490 11 17
1491 30 47
1492 12 17
1493 11 17
1494 11 15
1495 30 48
1496 28 47
1497 12 17
1498 32 46
1499 36 32
1500 24 12
1501 32 47
1502 22 11
1503 28 46
1504 28 47
1505 11 17
1506 11 14
1507 11 15
1508 36 31
1509 30 47
1510 36 32
1511 12 17
1512 28 46
1513 11 17
1514 21 14
1515 20 14
1516 13 8
1517 30 48
1518 36 31
1519 24 11
1520 12 17
1521 11 17
1522 21 14
1523 12 17
1524 24 12
1525 28 47
1526 11 17
1527 30 47
1528 24 11
1529 20 14
1530 32 46
1531 22 12
1532 28 46
1533 22 11
1534 28 47
1535 21 14
1536 32 47
1537 11 14
1538 36 32
1539 28 46
1540 24 12
1541 12 17
1542 12 8
1543 11 15
1544 24 11
1545 11 17
1546 22 12
1547 32 46
1548 36 31
1549 30 48
1550 28 47
1551 11 14
1552 20 14
1553 32 47
1554 36 32
1555 12 17
1556 32 46
1557 22 11
1558 21 14
1559 28 46
1560 11 17
1561 28 47
1562 11 15
1563 20 14
1564 11 14
1565 36 31
1566 30 47
1567 12 17
1568 24 12
1569 21 14
1570 22 12
1571 11 15
1572 11 17
1573 12 17
1574 11 17
1575 30 48
1576 11 14
1577 20 14
1578 30 47
1579 11 15
1580 30 48
1581 22 11
1582 21 14
1583 12 17
1584 24 11
1585 30 47
1586 24 12
1587 22 12
1588 32 47
1589 13 8
1590 32 46
1591 32 47
1592 36 32
1593 24 11
1594 22 11
1595 32 46
1596 36 31
1597 12 8
1598 11 14
1599 13 8
1600 11 15
1601 32 47
1602 36 32
1603 30 48
1604 12 8
1605 11 17
1606 36 31
1607 12 17
1608 32 46
1609 20 14
1610 36 32
1611 32 47
1612 11 14
1613 30 47
1614 24 12
1615 28 46
1616 36 31
1617 28 47
1618 21 14
1619 30 48
1620 30 47
1621 36 32
1622 30 48
1623 20 14
1624 11 17
1625 11 15
1626 13 8
1627 11 14
1628 32 46
1629 22 12
1630 21 14
1631 12 17
1632 28 46
1633 11 17
1634 24 11
1635 22 11
1636 22 12
1637 22 11
1638 24 12
1639 12 8
1640 13 8
1641 28 47
1642 30 47
1643 12 8
1644 20 14
1645 30 48
1646 11 15
1647 32 47
1648 12 17
1649 21 14
1650 32 46
1651 13 8
1652 36 31
1653 11 17
1654 12 17
1655 12 8
1656 30 47
1657 36 32
1658 32 47
1659 13 8
1660 20 14
1661 36 31
1662 22 12
1663 21 14
1664 11 14
1665 11 15
1666 20 14
1667 11 14
1668 11 15
1669 28 46
1670 36 32
1671 24 11
1672 28 47
1673 32 46
1674 21 14
1675 12 8
1676 22 11
1677 30 48
1678 32 47
1679 30 47
1680 13 8
1681 20 14
1682 22 12
1683 11 14
1684 22 11
1685 12 8
1686 11 15
1687 28 46
1688 32 46
1689 36 31
1690 21 14
1691 11 14
1692 13 8
1693 28 47
1694 24 12
1695 24 11
1696 28 46
1697 22 12
1698 32 47
1699 24 12
1700 30 48
1701 11 17
1702 36 32
1703 30 47
1704 11 15
1705 12 8
1706 13 8
1707 12 8
1708 28 47
1709 30 48
1710 13 8
1711 28 46
1712 12 17
1713 22 11
1714 24 11
1715 11 17
1716 11 14
1717 12 8
1718 24 12
1719 12 17
1720 24 11
1721 30 47
1722 30 48
1723 20 14
1724 30 47
1725 24 12
1726 13 8
1727 21 14
1728 11 17
1729 32 46
1730 30 48
1731 36 31
1732 22 12
1733 20 14
1734 30 47
1735 36 32
1736 12 17
1737 11 15
1738 12 8
1739 22 11
1740 13 8
1741 32 47
1742 24 11
1743 36 31
1744 28 47
1745 30 48
1746 30 47
1747 21 14
1748 11 14
1749 36 32
1750 22 12
1751 28 46
1752 22 11
1753 32 46
1754 12 8
1755 20 14
1756 13 8
1757 11 15
1758 21 14
1759 11 17
1760 20 14
1761 30 48
1762 21 14
1763 30 47
1764 12 8
1765 32 47
1766 30 48
1767 11 14
1768 22 12
1769 12 17
1770 22 11
1771 28 47
1772 11 15
1773 11 17
1774 32 46
1775 12 17
1776 20 14
1777 22 12
1778 24 12
1779 32 47
1780 22 11
1781 11 14
1782 21 14
1783 32 46
1784 11 17
1785 32 47
1786 22 12
1787 32 46
1788 12 17
1789 36 31
1790 11 15
1791 28 46
1792 24 11
1793 13 8
1794 11 14
1795 32 47
1796 28 47
1797 24 12
1798 22 11
1799 20 14
1800 36 32
1801 12 8
1802 36 31
1803 13 8
1804 30 47
1805 11 15
1806 22 12
1807 36 32
1808 30 48
1809 22 11
1810 21 14
1811 12 8
1812 11 17
1813 36 31
1814 22 12
1815 30 47
1816 20 14
1817 36 32
1818 13 8
1819 36 31
1820 28 46
1821 32 46
1822 21 14
1823 22 11
1824 30 48
1825 32 47
1826 30 47
1827 30 48
1828 32 46
1829 30 47
1830 32 47
1831 24 11
1832 12 8
1833 22 12
1834 24 12
1835 13 8
1836 24 11
1837 30 48
1838 12 17
1839 20 14
1840 28 47
1841 32 46
1842 24 12
1843 22 11
1844 24 11
1845 32 47
1846 30 47
1847 12 8
1848 36 32
1849 32 46
1850 32 47
1851 22 12
1852 36 31
1853 11 14
1854 24 12
1855 30 48
1856 21 14
1857 22 11
1858 24 11
1859 20 14
1860 11 15
1861 11 14
1862 24 12
1863 28 46
1864 11 15
1865 11 17
1866 11 14
1867 11 15
1868 36 32
1869 28 47
1870 28 46
1871 11 14
1872 13 8
1873 22 12
1874 22 11
1875 30 47
1876 12 17
1877 22 12
1878 28 47
1879 32 46
1880 30 48
1881 11 15
1882 32 47
1883 11 14
1884 36 31
1885 12 8
1886 32 46
1887 30 47
1888 32 47
1889 32 46
1890 13 8
1891 36 32
1892 32 47
1893 32 46
1894 28 46
1895 11 17
1896 28 47
1897 21 14
1898 32 47
1899 28 46
1900 36 31
1901 11 15
1902 20 14
1903 22 11
1904 24 11
1905 36 32
1906 12 17
1907 11 14
1908 24 12
1909 12 8
1910 36 31
1911 22 12
1912 24 11
1913 22 11
1914 32 46
1915 30 48
1916 11 17
1917 36 32
1918 22 12
1919 13 8
1920 36 31
1921 28 47
1922 21 14
1923 28 46
1924 28 47
1925 24 12
1926 22 11
1927 20 14
1928 21 14
1929 24 11
1930 30 47
1931 20 14
1932 24 12
1933 12 8
1934 36 32
1935 12 17
1936 24 11
1937 24 12
1938 28 46
1939 22 12
1940 21 14
1941 20 14
1942 11 17
1943 13 8
1944 24 11
1945 21 14
1946 28 47
1947 22 11
1948 30 48
1949 22 12
1950 32 47
1951 12 8
1952 30 47
1953 32 46
1954 28 46
1955 36 31
1956 30 48
1957 12 17
1958 28 47
1959 28 46
1960 28 47
1961 20 14
1962 11 15
1963 24 12
1964 28 46
1965 36 32
1966 11 17
1967 30 47
1968 24 11
1969 21 14
1970 22 11
1971 20 14
1972 21 14
1973 30 48
1974 13 8
1975 24 12
1976 24 11
1977 24 12
1978 11 14
1979 32 47
1980 28 47
1981 12 8
1982 30 47
1983 30 48
1984 11 15
1985 28 46
1986 20 14
1987 22 12
1988 13 8
1989 12 17
1990 12 8
1991 24 11
1992 11 14
1993 24 12
1994 32 46
1995 28 47
1996 22 11
1997 11 17
1998 13 8
1999 36 31
2000 30 47
2001 24 11
2002 12 8
2003 12 17
2004 11 15
2005 28 46
2006 24 12
2007 30 48
2008 32 47
2009 28 47
2010 28 46
2011 21 14
2012 24 11
2013 32 46
2014 30 47
2015 36 32
2016 13 8
2017 24 12
2018 12 8
2019 30 48
2020 30 47
2021 30 48
2022 20 14
2023 11 14
2024 24 11
2025 24 12
2026 30 47
2027 22 12
2028 24 11
2029 13 8
2030 11 15
2031 30 48
2032 28 47
2033 22 11
2034 21 14
2035 12 8
2036 11 17
2037 20 14
2038 12 17
2039 11 17
2040 28 46
2041 13 8
2042 32 47
2043 24 12
2044 36 31
2045 11 14
2046 28 47
2047 30 47
2048 32 46
2049 11 15
2050 24 11
2051 28 46
2052 28 47
2053 36 32
2054 30 48
2055 11 14
2056 21 14
2057 11 15
2058 12 17
2059 36 31
2060 11 14
2061 12 8
2062 36 32
2063 11 17
2064 11 15
2065 32 47
2066 24 12
2067 28 46
2068 24 11
2069 32 46
2070 24 12
2071 30 47
2072 13 8
2073 32 47
2074 20 14
2075 36 31
2076 12 8
2077 30 48
2078 32 46
2079 12 17
2080 36 32
2081 36 31
2082 32 47
2083 24 11
2084 28 47
2085 11 14
2086 22 12
2087 11 15
2088 21 14
2089 11 14
2090 32 46
2091 22 11
2092 24 12
2093 28 46
2094 13 8
2095 32 47
2096 24 11
2097 32 46
2098 12 8
2099 11 17
2100 28 47
2101 28 46
2102 13 8
2103 11 15
2104 12 8
2105 22 12
2106 11 14
2107 28 47
2108 20 14
2109 28 46
2110 24 12
2111 11 15
2112 30 47
2113 22 11
2114 22 12
2115 11 14
2116 32 47
2117 11 15
2118 12 17
2119 21 14
2120 20 14
2121 21 14
2122 20 14
2123 36 32
2124 11 14
2125 30 48
2126 11 17
2127 22 11
2128 28 47
2129 28 46
2130 21 14
2131 22 12
2132 30 47
2133 28 47
2134 28 46
2135 30 48
2136 12 17
2137 20 14
2138 30 47
2139 28 47
2140 32 46
2141 36 31
2142 22 11
2143 11 17
2144 12 17
2145 30 48
2146 28 46
2147 21 14
2148 22 12
2149 20 14
2150 30 47
2151 11 17
2152 11 15
2153 30 48
2154 22 11
2155 13 8
2156 11 14
2157 24 11
2158 30 47
2159 36 32
2160 21 14
2161 20 14
2162 36 31
2163 24 12
2164 21 14
2165 12 8
2166 22 12
2167 13 8
2168 28 47
2169 30 48
2170 12 17
2171 30 47
2172 28 46
2173 11 17
2174 12 8
2175 22 11
2176 11 15
2177 28 47
2178 12 17
2179 36 32
2180 32 47
2181 28 46
2182 20 14
2183 24 11
2184 32 46
2185 11 14
2186 30 48
2187 11 15
2188 21 14
2189 13 8
2190 28 47
2191 22 12
2192 20 14
2193 30 47
2194 30 48
2195 22 11
2196 22 12
2197 36 31
2198 11 17
2199 22 11
2200 11 14
2201 12 8
2202 24 12
2203 32 47
2204 21 14
2205 30 47
2206 30 48
2207 11 15
2208 28 46
2209 22 12
2210 36 32
2211 28 47
2212 32 46
2213 13 8
2214 32 47
2215 36 31
2216 30 47
2217 22 11
2218 28 46
2219 12 8
2220 24 11
2221 20 14
2222 28 47
2223 13 8
2224 24 12
2225 22 12
2226 28 46
2227 36 32
2228 36 31
2229 32 46
2230 21 14
2231 30 48
2232 20 14
2233 28 47
2234 21 14
2235 12 17
2236 11 17
2237 12 17
2238 12 8
2239 20 14
2240 24 11
2241 30 47
2242 21 14
2243 20 14
2244 28 46
2245 32 47
2246 22 11
2247 28 47
2248 28 46
2249 21 14
2250 28 47
2251 13 8
2252 11 17
2253 11 14
2254 11 15
2255 20 14
2256 12 8
2257 11 14
2258 21 14
2259 13 8
2260 32 46
2261 22 12
2262 24 12
2263 28 46
2264 12 8
2265 24 11
2266 11 15
2267 11 14
2268 28 47
2269 12 17
2270 11 15
2271 30 48
2272 11 17
2273 20 14
2274 12 17
2275 24 12
2276 13 8
2277 30 47
2278 21 14
2279 11 14
2280 20 14
2281 11 17
2282 12 17
2283 36 32
2284 36 31
2285 24 11
2286 24 12
2287 30 48
2288 22 11
2289 11 15
2290 12 8
2291 22 12
2292 30 47
2293 11 17
2294 22 11
2295 22 12
2296 12 17
2297 24 11
2298 21 14
2299 13 8
2300 32 47
2301 32 46
2302 30 48
2303 12 8
2304 28 46
2305 22 11
2306 28 47
2307 24 12
2308 28 46
2309 13 8
2310 24 11
2311 11 14
2312 11 15
2313 30 47
2314 24 12
2315 24 11
2316 36 32
2317 24 12
2318 24 11
2319 24 12
2320 22 12
2321 30 48
2322 30 47
2323 28 47
2324 20 14
2325 11 17
2326 12 17
2327 24 11
2328 11 14
2329 12 8
2330 21 14
2331 32 47
2332 11 15
2333 13 8
2334 28 46
2335 11 17
2336 11 14
2337 24 12
2338 28 47
2339 24 11
2340 22 11
2341 24 12
2342 20 14
2343 24 11
2344 36 31
2345 36 32
2346 36 31
2347 11 15
2348 24 12
2349 12 8
2350 12 17
2351 28 46
2352 11 17
2353 28 47
2354 22 12
2355 21 14
2356 11 14
2357 22 11
2358 22 12
2359 36 32
2360 13 8
2361 12 17
2362 11 15
2363 11 14
2364 12 8
2365 28 46
2366 24 11
2367 36 31
2368 22 11
2369 22 12
2370 13 8
2371 32 46
2372 36 32
2373 36 31
2374 36 32
2375 22 11
2376 36 31
2377 36 32
2378 24 12
2379 36 31
2380 12 8
2381 11 15
2382 11 14
2383 13 8
2384 12 8
2385 22 12
2386 36 32
2387 22 11
2388 22 12
2389 36 31
2390 28 47
2391 32 47
2392 32 46
2393 24 11
2394 24 12
2395 30 48
2396 28 46
2397 22 11
2398 32 47
2399 20 14
2400 11 17
2401 24 11
2402 11 15
2403 28 47
2404 30 47
2405 21 14
2406 36 32
2407 36 31
2408 13 8
2409 32 46
2410 28 46
2411 11 14
2412 20 14
2413 30 48
2414 30 47
2415 12 8
2416 32 47
2417 13 8
2418 12 17
2419 36 32
2420 22 12
2421 21 14
2422 36 31
2423 28 47
2424 11 17
2425 28 46
2426 11 15
2427 20 14
2428 12 17
2429 24 12
2430 22 11
2431 30 48
2432 24 11
2433 32 46
2434 30 47
2435 30 48
2436 30 47
2437 22 12
2438 32 47
2439 28 47
2440 12 8
2441 11 17
2442 32 46
2443 28 46
2444 11 14
2445 28 47
2446 21 14
2447 11 15
2448 36 32
2449 13 8
2450 24 12
2451 24 11
2452 32 47
2453 36 31
2454 12 17
2455 20 14
2456 36 32
2457 11 17
2458 12 8
2459 11 14
2460 12 17
2461 21 14
2462 22 11
2463 22 12
2464 36 31
2465 24 12
2466 11 17
2467 11 15
2468 20 14
2469 24 11
2470 32 46
2471 28 46
2472 28 47
2473 12 17
2474 30 48
2475 13 8
2476 30 47
2477 28 46
2478 11 14
2479 11 15
2480 11 14
2481 36 32
2482 22 11
2483 11 17
2484 28 47
2485 28 46
2486 11 15
2487 28 47
2488 30 48
2489 24 12
2490 36 31
2491 36 32
2492 12 8
2493 11 14
2494 21 14
2495 24 11
2496 36 31
2497 20 14
2498 21 14
2499 28 46
2500 20 14
2501 11 15
2502 11 14
2503 30 47
2504 22 12
2505 22 11
2506 32 47
2507 32 46
2508 22 12
2509 30 48
2510 30 47
2511 11 15
2512 32 47
2513 13 8
2514 22 11
2515 22 12
2516 24 12
2517 28 47
2518 21 14
2519 36 32
2520 32 46
2521 28 46
2522 12 8
2523 20 14
2524 24 11
2525 12 17
2526 28 47
2527 36 31
2528 24 12
2529 36 32
2530 32 47
2531 32 46
2532 22 11
2533 30 48
2534 36 31
2535 13 8
2536 28 46
2537 24 11
2538 36 32
2539 28 47
2540 11 17
2541 30 47
2542 32 47
2543 32 46
2544 36 31
2545 12 8
2546 24 12
2547 24 11
2548 13 8
2549 12 17
2550 28 46
2551 12 8
2552 28 47
2553 30 48
2554 13 8
2555 36 32
2556 11 14
2557 28 46
2558 28 47
2559 21 14
2560 22 12
2561 36 31
2562 36 32
2563 30 47
2564 32 47
2565 22 11
2566 24 12
2567 30 48
2568 24 11
2569 11 17
2570 20 14
2571 21 14
2572 28 46
2573 28 47
2574 28 46
2575 30 47
2576 24 12
2577 28 47
2578 24 11
2579 36 31
2580 20 14
2581 32 46
2582 22 12
2583 32 47
2584 21 14
2585 28 46
2586 30 48
2587 12 17
2588 20 14
2589 12 8
2590 11 15
2591 11 17
2592 30 47
2593 22 11
2594 11 14
2595 32 46
2596 32 47
2597 11 15
2598 28 47
2599 11 14
2600 24 12
2601 28 46
2602 32 46
2603 11 15
2604 13 8
2605 24 11
2606 28 47
2607 11 14
2608 21 14
2609 32 47
2610 30 48
2611 36 32
2612 32 46
2613 20 14
2614 11 15
2615 36 31
2616 30 47
2617 11 14
2618 28 46
2619 11 15
2620 28 47
2621 21 14
2622 28 46
2623 28 47
2624 24 12
2625 22 12
2626 11 14
2627 20 14
2628 28 46
2629 12 8
2630 12 17
2631 11 15
2632 36 32
2633 22 11
2634 21 14
2635 20 14
2636 28 47
2637 13 8
2638 11 17
2639 22 12
2640 24 11
2641 28 46
2642 22 11
2643 22 12
2644 32 47
2645 32 46
2646 28 47
2647 32 47
2648 21 14
2649 22 11
2650 22 12
2651 12 8
2652 13 8
2653 11 14
2654 12 17
2655 30 48
2656 36 31
2657 11 15
2658 32 46
2659 11 14
2660 32 47
2661 20 14
2662 28 46
2663 32 46
2664 28 47
2665 30 47
2666 21 14
2667 24 12
2668 22 11
2669 24 11
2670 30 48
2671 28 46
2672 30 47
2673 32 47
2674 11 15
2675 22 12
2676 20 14
2677 21 14
2678 32 46
2679 12 8
2680 24 12
2681 13 8
2682 32 47
2683 20 14
2684 11 14
2685 22 11
2686 11 15
2687 24 11
2688 12 8
2689 32 46
2690 24 12
2691 30 48
2692 32 47
2693 36 32
2694 11 17
2695 22 12
2696 32 46
2697 24 11
2698 13 8
2699 30 47
2700 28 47
2701 12 8
2702 11 14
2703 30 48
2704 21 14
2705 28 46
2706 32 47
2707 11 15
2708 12 17
2709 24 12
2710 20 14
2711 11 14
2712 28 47
2713 28 46
2714 22 11
2715 24 11
2716 21 14
2717 20 14
2718 36 31
2719 22 12
2720 22 11
2721 24 12
2722 24 11
2723 30 47
2724 36 32
2725 28 47
2726 36 31
2727 32 46
2728 11 15
2729 30 48
2730 30 47
2731 32 47
2732 28 46
2733 36 32
2734 32 46
2735 11 17
2736 22 12
2737 22 11
2738 11 14
2739 22 12
2740 12 17
2741 11 17
2742 28 47
2743 30 48
2744 21 14
2745 11 15
2746 30 47
2747 22 11
2748 13 8
2749 28 46
2750 24 12
2751 12 8
2752 22 12
2753 13 8
2754 12 8
2755 13 8
2756 22 11
2757 36 31
2758 12 17
2759 22 12
2760 22 11
2761 28 47
2762 24 11
2763 28 46
2764 20 14
2765 21 14
2766 20 14
2767 30 48
2768 11 17
2769 22 12
2770 12 8
2771 24 12
2772 12 17
2773 13 8
2774 28 47
2775 32 47
2776 32 46
2777 21 14
2778 20 14
2779 28 46
2780 24 11
2781 24 12
2782 12 8
2783 22 11
2784 36 32
2785 11 17
2786 12 17
2787 32 47
2788 21 14
2789 13 8
2790 30 47
2791 20 14
2792 32 46
2793 21 14
2794 22 12
2795 12 8
2796 36 31
2797 11 14
2798 30 48
2799 13 8
2800 11 15
2801 28 47
2802 12 8
2803 22 11
2804 36 32
2805 20 14
2806 11 14
2807 24 11
2808 11 15
2809 36 31
2810 28 46
2811 36 32
2812 11 14
2813 32 47
2814 36 31
2815 11 17
2816 36 32
2817 24 12
2818 21 14
2819 36 31
2820 24 11
2821 11 15
2822 30 47
2823 36 32
2824 24 12
2825 13 8
2826 12 8
2827 20 14
2828 12 17
2829 30 48
2830 28 47
2831 22 12
2832 24 11
2833 11 14
2834 21 14
2835 22 11
2836 28 46
2837 11 17
2838 12 17
2839 11 15
2840 36 31
2841 22 12
2842 11 17
2843 30 47
2844 22 11
2845 28 47
2846 36 32
2847 28 46
2848 13 8
2849 11 14
2850 20 14
2851 12 8
2852 22 12
2853 22 11
2854 28 47
2855 22 12
2856 21 14
2857 13 8
2858 28 46
2859 24 12
2860 24 11
2861 32 46
2862 12 17
2863 30 48
2864 20 14
2865 12 8
2866 30 47
2867 11 15
2868 30 48
2869 32 47
2870 30 47
2871 36 31
2872 22 11
2873 32 46
2874 13 8
2875 32 47
2876 21 14
2877 28 47
2878 11 17
2879 11 14
2880 20 14
2881 32 46
2882 28 46
2883 22 12
2884 36 32
2885 36 31
2886 12 8
2887 32 47
2888 22 11
2889 11 15
2890 12 17
2891 22 12
2892 32 46
2893 32 47
2894 32 46
2895 30 48
2896 28 47
2897 24 12
2898 36 32
2899 24 11
2900 24 12
2901 28 46
2902 24 11
2903 24 12
2904 21 14
2905 36 31
2906 32 47
2907 20 14
2908 32 46
2909 36 32
2910 24 11
2911 24 12
2912 28 47
2913 28 46
2914 21 14
2915 32 47
2916 22 11
2917 30 47
2918 22 12
2919 24 11
2920 24 12
2921 11 17
2922 36 31
2923 13 8
2924 32 46
2925 12 8
2926 20 14
2927 30 48
2928 28 47
2929 36 32
2930 24 11
2931 11 14
2932 13 8
2933 11 15
2934 32 47
2935 11 14
2936 30 47
2937 32 46
2938 24 12
2939 22 11
2940 11 15
2941 28 46
2942 32 47
2943 32 46
2944 30 48
2945 21 14
2946 30 47
2947 11 14
2948 11 15
2949 24 11
2950 36 31
2951 24 12
2952 12 17
2953 32 47
2954 24 11
2955 11 14
2956 30 48
2957 12 8
2958 20 14
2959 24 12
2960 32 46
2961 36 32
2962 11 15
2963 32 47
2964 32 46
2965 36 31
2966 11 17
2967 21 14
2968 32 47
2969 20 14
2970 11 14
2971 32 46
2972 28 47
2973 13 8
2974 32 47
2975 11 15
2976 30 47
2977 28 46
2978 11 14
2979 21 14
2980 32 46
2981 12 17
2982 30 48
2983 11 15
2984 36 32
2985 24 11
2986 11 17
2987 20 14
2988 12 8
2989 13 8
2990 12 8
2991 22 12
2992 24 12
2993 24 11
2994 24 12
2995 28 47
2996 30 47
2997 13 8
2998 28 46
2999 22 11
3000 12 8
3001 22 12
3002 12 17
3003 24 11
3004 28 47
3005 21 14
3006 36 31
3007 30 48
3008 36 32
3009 13 8
3010 22 11
3011 20 14
3012 36 31
3013 32 47
3014 32 46
3015 11 14
3016 36 32
3017 30 47
3018 11 15
3019 30 48
3020 30 47
3021 21 14
3022 11 14
3023 22 12
3024 32 47
3025 12 8
3026 28 46
3027 32 46
3028 32 47
3029 28 47
3030 28 46
3031 13 8
3032 30 48
3033 32 46
3034 11 17
3035 12 8
3036 11 15
3037 28 47
3038 24 12
3039 36 31
3040 20 14
3041 22 11
3042 11 14
3043 30 47
3044 28 46
3045 28 47
3046 22 12
3047 28 46
3048 36 32
3049 13 8
3050 11 15
3051 36 31
3052 36 32
3053 21 14
3054 12 8
3055 30 48
3056 11 14
3057 22 11
3058 13 8
3059 24 11
3060 28 47
3061 30 47
3062 32 47
3063 20 14
3064 36 31
3065 21 14
3066 32 46
3067 24 12
3068 12 17
3069 32 47
3070 11 15
3071 24 11
3072 36 32
3073 32 46
3074 12 8
3075 30 48
3076 11 14
3077 36 31
3078 28 46
3079 11 15
3080 36 32
3081 20 14
3082 21 14
3083 28 47
3084 30 47
3085 24 12
3086 24 11
3087 13 8
3088 32 47
3089 12 8
3090 30 48
3091 24 12
3092 28 46
3093 13 8
3094 12 8
3095 11 17
3096 20 14
3097 32 46
3098 11 14
3099 30 47
3100 36 31
3101 28 47
3102 30 48
3103 32 47
3104 32 46
3105 30 47
3106 12 17
3107 11 15
3108 21 14
3109 20 14
3110 11 17
3111 21 14
3112 13 8
3113 22 12
3114 24 11
3115 11 14
3116 22 11
3117 30 48
3118 36 32
3119 11 15
3120 11 14
3121 32 47
3122 12 17
3123 32 46
3124 30 47
3125 24 12
3126 20 14
3127 11 17
3128 28 46
3129 12 8
3130 36 31
3131 36 32
3132 11 15
3133 21 14
3134 28 47
3135 20 14
3136 30 48
3137 12 17
3138 28 46
3139 11 14
3140 32 47
3141 13 8
3142 24 11
3143 28 47
3144 28 46
3145 11 15
3146 22 12
3147 21 14
3148 24 12
3149 36 31
3150 30 47
3151 24 11
3152 11 17
3153 22 11
3154 28 47
3155 36 32
3156 36 31
3157 22 12
3158 36 32
3159 20 14
3160 22 11
3161 21 14
3162 11 14
3163 22 12
3164 11 15
3165 24 12
3166 12 17
3167 11 14
3168 36 31
3169 11 15
3170 30 48
3171 24 11
3172 28 46
3173 22 11
3174 36 32
3175 22 12
3176 12 8
3177 32 46
3178 28 47
3179 32 47
3180 11 14
3181 32 46
3182 36 31
3183 13 8
3184 36 32
3185 24 12
3186 30 47
3187 36 31
3188 20 14
3189 36 32
3190 11 15
3191 11 17
3192 36 31
3193 21 14
3194 36 32
3195 32 47
3196 32 46
3197 12 8
3198 24 11
3199 28 46
3200 30 48
3201 30 47
3202 36 31
3203 22 11
3204 24 12
3205 30 48
3206 28 47
3207 13 8
3208 28 46
3209 12 17
3210 12 8
3211 30 47
3212 20 14
3213 32 47
3214 24 11
3215 36 32
3216 24 12
3217 24 11
3218 36 31
3219 28 47
3220 28 46
3221 11 17
3222 24 12
3223 30 48
3224 12 17
3225 21 14
3226 36 32
3227 11 14
3228 36 31
3229 32 46
3230 11 15
3231 36 32
3232 20 14
3233 28 47
3234 22 12
3235 32 47
3236 11 17
3237 30 47
3238 32 46
3239 30 48
3240 13 8
3241 30 47
3242 32 47
3243 12 8
3244 36 31
3245 36 32
3246 24 11
3247 36 31
3248 32 46
3249 36 32
3250 13 8
3251 21 14
3252 28 46
3253 36 31
3254 20 14
3255 11 14
3256 32 47
3257 32 46
3258 32 47
3259 30 48
3260 32 46
3261 24 12
3262 36 32
3263 21 14
3264 28 47
3265 12 17
3266 30 47
3267 11 15
3268 32 47
3269 24 11
3270 28 46
3271 11 14
3272 20 14
3273 24 12
3274 21 14
3275 32 46
3276 11 15
3277 11 17
3278 12 17
3279 11 14
3280 22 11
3281 36 31
3282 20 14
3283 30 48
3284 30 47
3285 12 8
3286 24 11
3287 13 8
3288 12 8
3289 32 47
3290 21 14
3291 30 48
3292 11 17
3293 30 47
3294 28 47
3295 30 48
3296 22 12
3297 20 14
3298 11 15
3299 11 14
3300 28 46
3301 11 15
3302 32 46
3303 24 12
3304 13 8
3305 24 11
3306 22 11
3307 22 12
3308 11 14
3309 36 32
3310 11 15
3311 24 12
3312 24 11
3313 22 11
3314 21 14
3315 11 14
3316 22 12
3317 12 8
3318 20 14
3319 13 8
3320 22 11
3321 22 12
3322 36 31
3323 24 12
3324 22 11
3325 32 47
3326 30 47
3327 30 48
3328 12 8
3329 21 14
3330 36 32
3331 36 31
3332 22 12
3333 24 11
3334 28 47
3335 28 46
3336 30 47
3337 11 15
3338 24 12
3339 30 48
3340 12 17
3341 36 32
3342 11 14
3343 28 47
3344 11 15
3345 32 46
3346 32 47
3347 22 11
3348 13 8
3349 12 8
3350 28 46
3351 13 8
3352 30 47
3353 11 17
3354 22 12
3355 28 47
3356 36 31
3357 36 32
3358 12 17
3359 12 8
3360 32 46
3361 11 14
3362 28 46
3363 22 11
3364 24 11
3365 28 47
3366 32 47
3367 24 12
3368 22 12
3369 11 17
3370 11 15
3371 32 46
3372 20 14
3373 22 11
3374 22 12
3375 11 14
3376 22 11
3377 32 47
3378 24 11
3379 24 12
3380 11 15
3381 21 14
3382 22 12
3383 11 14
3384 24 11
3385 11 15
3386 30 48
3387 22 11
3388 12 17
3389 28 46
3390 13 8
3391 30 47
3392 36 31
3393 24 12
3394 30 48
3395 11 17
3396 12 17
3397 36 32
3398 30 47
3399 22 12
3400 11 17
3401 36 31
3402 24 11
3403 24 12
3404 12 17
3405 36 32
3406 22 11
3407 30 48
3408 28 47
3409 28 46
3410 22 12
3411 36 31
3412 12 8
3413 28 47
3414 32 46
3415 36 32
3416 24 11
3417 11 14
3418 11 15
3419 13 8
3420 36 31
3421 24 12
3422 11 17
3423 24 11
3424 30 47
3425 28 46
3426 11 14
3427 24 12
3428 22 11
3429 20 14
3430 11 15
3431 12 17
3432 21 14
3433 24 11
3434 11 14
3435 36 32
3436 11 17
3437 28 47
3438 32 47
3439 12 8
3440 22 12
3441 36 31
3442 24 12
3443 36 32
3444 13 8
3445 32 46
3446 24 11
3447 20 14
3448 21 14
3449 36 31
3450 12 8
3451 24 12
3452 13 8
3453 32 47
3454 30 48
3455 20 14
3456 32 46
3457 12 17
3458 21 14
3459 32 47
3460 32 46
3461 12 8
3462 32 47
3463 36 32
3464 30 47
3465 24 11
3466 36 31
3467 11 15
3468 11 17
3469 28 46
3470 30 48
3471 28 47
3472 22 11
3473 32 46
3474 22 12
3475 20 14
3476 32 47
3477 21 14
3478 24 12
3479 36 32
3480 32 46
3481 28 46
3482 36 31
3483 12 17
3484 28 47
3485 13 8
3486 36 32
3487 22 11
3488 36 31
3489 11 17
3490 20 14
3491 24 11
3492 32 47
3493 21 14
3494 24 12
3495 28 46
3496 11 14
3497 32 46
3498 12 17
3499 22 12
3500 22 11
3501 28 47
3502 11 15
3503 12 8
3504 24 11
3505 24 12
3506 13 8
3507 28 46
3508 36 32
3509 11 17
3510 11 14
3511 12 17
3512 32 47
3513 36 31
3514 11 17
3515 28 47
3516 24 11
3517 20 14
3518 36 32
3519 11 15
3520 36 31
3521 30 47
3522 21 14
3523 30 48
3524 11 14
3525 20 14
3526 36 32
3527 36 31
3528 28 46
3529 32 46
3530 28 47
3531 28 46
3532 36 32
3533 12 17
3534 22 12
3535 11 17
3536 12 8
3537 24 12
3538 30 47
3539 11 15
3540 32 47
3541 32 46
3542 32 47
3543 11 14
3544 11 15
3545 24 11
3546 12 17
3547 13 8
3548 28 47
3549 22 11
3550 11 14
3551 12 8
3552 32 46
3553 13 8
3554 36 31
3555 21 14
3556 20 14
3557 12 8
3558 28 46
3559 21 14
3560 11 15
3561 36 32
3562 30 48
3563 24 12
3564 28 47
3565 24 11
3566 20 14
3567 21 14
3568 30 47
3569 36 31
3570 24 12
3571 36 32
3572 11 14
3573 11 17
3574 24 11
3575 12 17
3576 11 17
3577 13 8
3578 28 46
3579 24 12
3580 22 12
3581 22 11
3582 30 48
3583 11 15
3584 12 17
3585 30 47
3586 24 11
3587 30 48
3588 22 12
3589 11 14
3590 30 47
3591 32 47
3592 32 46
3593 24 12
3594 36 31
3595 24 11
3596 22 11
3597 11 17
3598 11 15
3599 32 47
3600 24 12
3601 32 46
3602 32 47
3603 28 47
3604 28 46
3605 24 11
3606 22 12
3607 24 12
3608 36 32
3609 12 17
3610 11 17
3611 11 14
3612 30 48
3613 32 46
3614 24 11
3615 22 11
3616 12 8
3617 24 12
3618 32 47
3619 11 15
3620 12 17
3621 30 47
3622 20 14
3623 11 14
3624 11 15
3625 36 31
3626 36 32
3627 24 11
3628 11 14
3629 24 12
3630 24 11
3631 32 46
3632 24 12
3633 36 31
3634 22 12
3635 11 15
3636 13 8
3637 22 11
3638 11 17
3639 32 47
3640 22 12
3641 12 8
3642 22 11
3643 32 46
3644 12 17
3645 28 47
3646 21 14
3647 24 11
3648 11 14
3649 36 32
3650 30 48
3651 24 12
3652 11 15
3653 11 14
3654 32 47
3655 13 8
3656 22 12
3657 11 15
3658 30 47
3659 12 8
3660 20 14
3661 21 14
3662 30 48
3663 24 11
3664 11 14
3665 11 15
3666 30 47
3667 13 8
3668 30 48
3669 30 47
3670 30 48
3671 28 46
3672 36 31
3673 30 47
3674 11 17
3675 36 32
3676 11 14
3677 36 31
3678 30 48
3679 30 47
3680 12 8
3681 12 17
3682 11 15
3683 32 46
3684 36 32
3685 30 48
3686 11 14
3687 36 31
3688 36 32
3689 36 31
3690 28 47
3691 28 46
3692 32 47
3693 22 11
3694 20 14
3695 28 47
3696 11 15
3697 11 14
3698 30 47
3699 11 17
3700 13 8
3701 28 46
3702 12 8
3703 30 48
3704 32 46
3705 28 47
3706 32 47
3707 32 46
3708 22 12
3709 11 15
3710 13 8
3711 36 32
3712 21 14
3713 12 8
3714 30 47
3715 28 46
3716 20 14
3717 12 17
3718 32 47
3719 32 46
3720 30 48
3721 36 31
3722 28 47
3723 28 46
3724 32 47
3725 28 47
3726 30 47
3727 36 32
3728 21 14
3729 24 12
3730 13 8
3731 11 14
3732 11 15
3733 22 11
3734 11 17
3735 12 17
3736 20 14
3737 30 48
3738 32 46
3739 30 47
3740 12 8
3741 24 11
3742 28 46
3743 30 48
3744 11 14
3745 22 12
3746 32 47
3747 36 31
3748 22 11
3749 32 46
3750 28 47
3751 36 32
3752 21 14
3753 13 8
3754 12 8
3755 28 46
3756 28 47
3757 30 47
3758 11 17
3759 22 12
3760 22 11
3761 12 17
3762 28 46
3763 22 12
3764 11 15
3765 11 14
3766 13 8
3767 24 12
3768 20 14
3769 22 11
3770 30 48
3771 11 15
3772 12 8
3773 30 47
3774 32 47
3775 11 14
3776 28 47
3777 28 46
3778 24 11
3779 11 17
3780 24 12
3781 13 8
3782 12 17
3783 21 14
3784 36 31
3785 30 48
3786 12 8
3787 11 17
3788 13 8
3789 11 15
3790 28 47
3791 20 14
3792 28 46
3793 32 46
3794 21 14
3795 30 47
3796 24 11
3797 24 12
3798 28 47
3799 30 48
3800 28 46
3801 28 47
3802 11 14
3803 12 17
3804 20 14
3805 22 12
3806 22 11
3807 32 47
3808 32 46
3809 21 14
3810 28 46
3811 11 15
3812 24 11
3813 11 14
3814 28 47
3815 28 46
3816 24 12
3817 36 32
3818 36 31
3819 32 47
3820 11 15
3821 11 14
3822 30 47
3823 12 8
3824 20 14
3825 36 32
3826 32 46
3827 11 17
3828 12 17
3829 21 14
3830 36 31
3831 13 8
3832 11 17
3833 32 47
3834 32 46
3835 30 48
3836 28 47
3837 12 8
3838 24 11
3839 36 32
3840 12 17
3841 32 47
3842 36 31
3843 28 46
3844 20 14
3845 11 17
3846 28 47
3847 13 8
3848 36 32
3849 28 46
3850 30 47
3851 21 14
3852 36 31
3853 36 32
3854 12 8
3855 36 31
3856 24 12
3857 28 47
3858 30 48
3859 22 12
3860 12 17
3861 24 11
3862 22 11
3863 22 12
3864 32 46
3865 20 14
3866 11 17
3867 24 12
3868 11 15
3869 24 11
3870 30 47
3871 22 11
3872 21 14
3873 11 14
3874 13 8
3875 24 12
3876 20 14
3877 32 47
3878 11 15
3879 36 32
3880 11 14
3881 32 46
3882 24 11
3883 12 17
3884 11 17
3885 24 12
3886 28 46
3887 36 31
3888 22 12
3889 21 14
3890 24 11
3891 11 15
3892 32 47
3893 36 32
3894 28 47
3895 22 11
3896 22 12
3897 20 14
3898 36 31
3899 22 11
3900 21 14
3901 24 12
3902 36 32
3903 22 12
3904 12 8
3905 28 46
3906 36 31
3907 11 14
3908 12 17
3909 28 47
3910 20 14
3911 21 14
3912 13 8
3913 36 32
3914 12 8
3915 24 11
3916 11 15
3917 20 14
3918 22 11
3919 11 17
3920 32 46
3921 28 46
3922 28 47
3923 24 12
3924 11 14
3925 30 48
3926 36 31
3927 11 15
3928 13 8
3929 30 47
3930 32 47
3931 12 8
3932 22 12
3933 30 48
3934 36 32
3935 24 11
3936 12 17
3937 11 14
3938 28 46
3939 30 47
3940 13 8
3941 36 31
3942 11 17
3943 11 15
3944 36 32
3945 22 11
3946 28 47
3947 12 17
3948 24 12
3949 24 11
3950 30 48
3951 28 46
3952 32 46
3953 11 14
3954 32 47
3955 24 12
3956 21 14
3957 22 12
3958 11 15
3959 22 11
3960 12 8
3961 30 47
3962 32 46
3963 22 12
3964 11 17
3965 30 48
3966 24 11
3967 20 14
3968 12 17
3969 11 17
3970 21 14
3971 12 17
3972 13 8
3973 36 31
3974 20 14
3975 30 47
3976 30 48
3977 24 12
3978 24 11
3979 22 11
3980 28 47
3981 12 8
3982 21 14
3983 22 12
3984 20 14
3985 24 12
3986 36 32
3987 11 17
3988 21 14
3989 36 31
3990 20 14
3991 11 14
3992 22 11
3993 28 46
3994 24 11
3995 28 47
3996 32 47
3997 13 8
3998 22 12
3999 28 46
4000 12 17
4001 30 47
4002 21 14
4003 22 11
4004 24 12
4005 36 32
4006 11 15
4007 32 46
4008 22 12
4009 28 47
4010 12 8
4011 22 11
4012 24 11
4013 28 46
4014 28 47
4015 11 17
4016 22 12
4017 20 14
4018 12 17
4019 36 31
4020 30 48
4021 30 47
4022 11 14
4023 28 46
4024 22 11
4025 11 17
4026 30 48
4027 28 47
4028 32 47
4029 30 47
4030 11 15
4031 30 48
4032 36 32
4033 21 14
4034 12 17
4035 20 14
4036 30 47
4037 13 8
4038 21 14
4039 28 46
4040 22 12
4041 20 14
4042 28 47
4043 21 14
4044 32 46
4045 30 48
4046 12 8
4047 11 17
4048 12 17
4049 28 46
4050 36 31
4051 36 32
4052 13 8
4053 20 14
4054 28 47
4055 21 14
4056 11 17
4057 20 14
4058 22 11
4059 21 14
4060 24 12
4061 22 12
4062 30 47
4063 36 31
4064 11 14
4065 20 14
4066 11 15
4067 36 32
4068 32 47
4069 30 48
4070 21 14
4071 30 47
4072 36 31
4073 12 17
4074 11 17
4075 11 14
4076 20 14
4077 24 11
4078 12 17
4079 21 14
4080 28 46
4081 30 48
4082 11 17
4083 36 32
4084 28 47
4085 20 14
4086 12 8
4087 28 46
4088 12 17
4089 32 46
4090 21 14
4091 28 47
4092 20 14
4093 13 8
4094 28 46
4095 12 8
4096 22 11
4097 22 12
4098 21 14
4099 11 15
4100 11 17
4101 13 8
4102 32 47
4103 11 14
4104 12 17
4105 28 47
4106 28 46
4107 32 46
4108 32 47
4109 24 12
4110 12 8
4111 11 15
4112 24 11
4113 11 17
4114 24 12
4115 11 14
4116 22 11
4117 30 47
4118 24 11
4119 22 12
4120 22 11
4121 11 15
4122 20 14
4123 32 46
4124 21 14
4125 13 8
4126 24 12
4127 28 47
4128 11 14
4129 32 47
4130 36 31
4131 28 46
4132 28 47
4133 11 15
4134 11 14
4135 11 15
4136 32 46
4137 22 12
4138 32 47
4139 12 8
4140 30 48
4141 24 11
4142 28 46
4143 20 14
4144 21 14
4145 30 47
4146 24 12
4147 28 47
4148 20 14
4149 12 17
4150 32 46
4151 36 32
4152 11 17
4153 21 14
4154 22 11
4155 32 47
4156 30 48
4157 28 46
4158 11 14
4159 28 47
4160 22 12
4161 24 11
4162 24 12
4163 12 17
4164 22 11
4165 32 46
4166 13 8
4167 32 47
4168 20 14
4169 12 8
4170 21 14
4171 28 46
4172 24 11
4173 11 17
4174 22 12
4175 11 15
4176 20 14
4177 32 46
4178 28 47
4179 28 46
4180 24 12
4181 28 47
4182 22 11
4183 12 17
4184 24 11
4185 24 12
4186 28 46
4187 11 14
4188 36 31
4189 24 11
4190 30 47
4191 21 14
4192 24 12
4193 24 11
4194 24 12
4195 11 17
4196 36 32
4197 24 11
4198 20 14
4199 11 15
4200 28 47
4201 28 46
4202 28 47
4203 30 48
4204 32 47
4205 11 14
4206 12 17
4207 30 47
4208 36 31
4209 30 48
4210 11 15
4211 22 12
4212 11 14
4213 30 47
4214 11 17
4215 36 32
4216 24 12
4217 32 46
4218 21 14
4219 11 15
4220 11 14
4221 22 11
4222 30 48
4223 28 46
4224 11 15
4225 20 14
4226 36 31
4227 11 14
4228 24 11
4229 13 8
4230 21 14
4231 20 14
4232 12 17
4233 28 47
4234 36 32
4235 11 17
4236 22 12
4237 32 47
4238 11 15
4239 21 14
4240 12 8
4241 30 47
4242 36 31
4243 24 12
4244 28 46
4245 12 17
4246 24 11
4247 22 11
4248 13 8
4249 11 17
4250 12 8
4251 24 12
4252 36 32
4253 11 14
4254 20 14
4255 13 8
4256 30 48
4257 11 15
4258 36 31
4259 32 46
4260 12 17
4261 21 14
4262 24 11
4263 32 47
4264 12 8
4265 24 12
4266 32 46
4267 13 8
4268 11 17
4269 24 11
4270 24 12
4271 20 14
4272 12 17
4273 11 17
4274 12 8
4275 22 12
4276 21 14
4277 30 47
4278 32 47
4279 30 48
4280 12 17
4281 11 17
4282 24 11
4283 13 8
4284 30 47
4285 12 8
4286 20 14
4287 36 32
4288 21 14
4289 20 14
4290 28 47
4291 36 31
4292 30 48
4293 12 17
4294 22 11
4295 21 14
4296 13 8
4297 20 14
4298 36 32
4299 12 8
4300 24 12
4301 28 46
4302 11 17
4303 24 11
4304 36 31
4305 11 14
4306 11 15
4307 22 12
4308 30 47
4309 11 14
4310 28 47
4311 30 48
4312 30 47
4313 13 8
4314 12 8
4315 12 17
4316 13 8
4317 36 32
4318 24 12
4319 28 46
4320 11 15
4321 22 11
4322 36 31
4323 36 32
4324 12 8
4325 36 31
4326 32 46
4327 32 47
4328 22 12
4329 36 32
4330 28 47
4331 28 46
4332 24 11
4333 22 11
4334 30 48
4335 22 12
4336 24 12
4337 21 14
4338 36 31
4339 22 11
4340 20 14
4341 11 17
4342 30 47
4343 22 12
4344 21 14
4345 28 47
4346 24 11
4347 13 8
4348 12 8
4349 32 46
4350 13 8
4351 12 17
4352 32 47
4353 22 11
4354 11 14
4355 36 32
4356 11 17
4357 20 14
4358 24 12
4359 36 31
4360 24 11
4361 32 46
4362 36 32
4363 24 12
4364 12 17
4365 21 14
4366 20 14
4367 12 8
4368 24 11
4369 13 8
4370 30 48
4371 11 15
4372 21 14
4373 28 46
4374 28 47
4375 12 8
4376 22 12
4377 32 47
4378 28 46
4379 24 12
4380 11 14
4381 36 31
4382 20 14
4383 13 8
4384 12 8
4385 11 15
4386 13 8
4387 24 11
4388 36 32
4389 11 14
4390 21 14
4391 32 46
4392 36 31
4393 20 14
4394 36 32
4395 36 31
4396 11 15
4397 11 17
4398 12 8
4399 30 47
4400 32 47
4401 11 14
4402 22 11
4403 21 14
4404 28 47
4405 11 15
4406 20 14
4407 28 46
4408 22 12
4409 30 48
4410 36 32
4411 22 11
4412 36 31
4413 36 32
4414 13 8
4415 30 47
4416 28 47
4417 11 14
4418 12 8
4419 22 12
4420 32 46
4421 32 47
4422 24 12
4423 36 31
4424 30 48
4425 32 46
4426 11 15
4427 28 46
4428 11 14
4429 32 47
4430 28 47
4431 24 11
4432 22 11
4433 12 17
4434 28 46
4435 32 46
4436 36 32
4437 11 15
4438 11 14
4439 24 12
4440 11 15
4441 28 47
4442 22 12
4443 32 47
4444 11 14
4445 32 46
4446 30 47
4447 22 11
4448 22 12
4449 30 48
4450 30 47
4451 22 11
4452 21 14
4453 32 47
4454 11 15
4455 24 11
4456 30 48
4457 11 17
4458 20 14
4459 24 12
4460 13 8
4461 12 8
4462 24 11
4463 12 17
4464 11 17
4465 12 17
4466 32 46
4467 30 47
4468 11 14
4469 22 12
4470 11 17
4471 24 12
4472 12 17
4473 22 11
4474 11 15
4475 24 11
4476 36 31
4477 11 14
4478 24 12
4479 11 17
4480 13 8
4481 32 47
4482 32 46
4483 21 14
4484 12 8
4485 13 8
4486 24 11
4487 28 46
4488 24 12
4489 28 47
4490 36 32
4491 12 8
4492 30 48
4493 28 46
4494 22 12
4495 36 31
4496 30 47
4497 28 47
4498 28 46
4499 11 15
4500 11 14
4501 36 32
4502 11 15
4503 12 17
4504 22 11
4505 32 47
4506 13 8
4507 24 11
4508 11 14
4509 11 17
4510 12 17
4511 36 31
4512 28 47
4513 20 14
4514 12 8
4515 36 32
4516 30 48
4517 36 31
4518 32 46
4519 21 14
4520 28 46
4521 24 12
4522 36 32
4523 30 47
4524 11 17
4525 28 47
4526 28 46
4527 24 11
4528 13 8
4529 28 47
4530 36 31
4531 11 15
4532 20 14
4533 22 12
4534 28 46
4535 12 8
4536 32 47
4537 32 46
4538 11 14
4539 21 14
4540 36 32
4541 28 47
4542 28 46
4543 13 8
4544 22 11
4545 32 47
4546 30 48
4547 22 12
4548 28 47
4549 32 46
4550 32 47
4551 28 46
4552 28 47
4553 30 47
4554 24 12
4555 12 8
4556 20 14
4557 21 14
4558 28 46
4559 11 15
4560 24 11
4561 20 14
4562 21 14
4563 12 17
4564 11 14
4565 28 47
4566 36 31
4567 13 8
4568 20 14
4569 21 14
4570 28 46
4571 20 14
4572 30 48
4573 24 12
4574 12 8
4575 22 11
4576 36 32
4577 21 14
4578 13 8
4579 32 46
4580 32 47
4581 36 31
4582 11 17
4583 36 32
4584 30 47
4585 28 47
4586 24 11
4587 22 12
4588 12 17
4589 36 31
4590 12 8
4591 28 46
4592 32 46
4593 11 15
4594 36 32
4595 32 47
4596 28 47
4597 28 46
4598 20 14
4599 22 11
4600 30 48
4601 36 31
4602 32 46
4603 36 32
4604 24 12
4605 30 47
4606 11 17
4607 11 14
4608 21 14
4609 12 17
4610 20 14
4611 30 48
4612 11 17
4613 28 47
4614 28 46
4615 12 17
4616 24 11
4617 36 31
4618 36 32
4619 13 8
4620 12 8
4621 22 12
4622 21 14
4623 11 17
4624 11 15
4625 36 31
4626 36 32
4627 28 47
4628 22 11
4629 13 8
4630 11 14
4631 12 17
4632 11 17
4633 12 8
4634 20 14
4635 13 8
4636 11 15
4637 11 14
4638 12 17
4639 24 12
4640 30 47
4641 36 31
4642 28 46
4643 12 8
4644 36 32
4645 28 47
4646 32 47
4647 24 11
4648 32 46
4649 22 12
4650 22 11
4651 21 14
4652 28 46
4653 28 47
4654 22 12
4655 32 47
4656 28 46
4657 13 8
4658 11 15
4659 24 12
4660 28 47
4661 11 17
4662 36 31
4663 30 48
4664 28 46
4665 28 47
4666 28 46
4667 30 47
4668 12 17
4669 11 17
4670 24 11
4671 32 46
4672 32 47
4673 24 12
4674 24 11
4675 11 14
4676 30 48
4677 11 15
4678 20 14
4679 21 14
4680 11 14
4681 20 14
4682 12 17
4683 24 12
4684 22 11
4685 28 47
4686 12 8
4687 22 12
4688 28 46
4689 11 17
4690 13 8
4691 32 46
4692 30 47
4693 36 32
4694 24 11
4695 21 14
4696 36 31
4697 12 8
4698 22 11
4699 32 47
4700 32 46
4701 32 47
4702 36 32
4703 36 31
4704 30 48
4705 12 17
4706 13 8
4707 30 47
4708 22 12
4709 11 15
4710 28 47
4711 12 8
4712 22 11
4713 36 32
4714 11 17
4715 20 14
4716 24 12
4717 28 46
4718 32 46
4719 36 31
4720 21 14
4721 32 47
4722 36 32
4723 30 48
4724 20 14
4725 36 31
4726 12 17
4727 22 12
4728 11 14
4729 22 11
4730 24 11
4731 28 47
4732 24 12
4733 11 17
4734 22 12
4735 12 17
4736 11 15
4737 11 17
4738 21 14
4739 36 32
4740 22 11
4741 11 14
4742 11 15
4743 12 17
4744 30 47
4745 11 14
4746 11 17
4747 24 11
4748 12 17
4749 28 46
4750 13 8
4751 36 31
4752 22 12
4753 24 12
4754 20 14
4755 32 46
4756 24 11
4757 21 14
4758 11 15
4759 12 8
4760 11 17
4761 32 47
4762 22 11
4763 24 12
4764 32 46
4765 36 32
4766 32 47
4767 11 14
4768 20 14
4769 22 12
4770 24 11
4771 12 17
4772 28 47
4773 21 14
4774 36 31
4775 20 14
4776 30 48
4777 22 11
4778 32 46
4779 30 47
4780 11 17
4781 36 32
4782 28 46
4783 28 47
4784 11 15
4785 24 12
4786 21 14
4787 24 11
4788 22 12
4789 22 11
4790 20 14
4791 30 48
4792 24 12
4793 28 46
4794 11 14
4795 30 47
4796 30 48
4797 12 17
4798 24 11
4799 21 14
4800 11 15
4801 11 14
4802 24 12
4803 22 12
4804 11 15
4805 20 14
4806 36 31
4807 22 11
4808 22 12
4809 11 14
4810 21 14
4811 30 47
4812 11 15
4813 13 8
4814 11 17
4815 11 14
4816 28 47
4817 24 11
4818 32 47
4819 36 32
4820 12 17
4821 11 15
4822 28 46
4823 32 46
4824 11 17
4825 12 8
4826 11 14
4827 36 31
4828 36 32
4829 20 14
4830 30 48
4831 36 31
4832 30 47
4833 21 14
4834 28 47
4835 32 47
4836 13 8
4837 24 12
4838 36 32
4839 28 46
4840 28 47
4841 12 17
4842 30 48
4843 11 15
4844 22 11
4845 11 17
4846 32 46
4847 24 11
4848 22 12
4849 24 12
4850 11 14
4851 22 11
4852 24 11
4853 11 15
4854 12 17
4855 12 8
4856 30 47
4857 13 8
4858 11 14
4859 11 17
4860 28 46
4861 24 12
4862 11 15
4863 36 31
4864 12 17
4865 20 14
4866 12 8
4867 13 8
4868 21 14
4869 12 8
4870 30 48
4871 22 12
4872 20 14
4873 24 11
4874 11 14
4875 11 17
4876 13 8
4877 36 32
4878 28 47
4879 21 14
4880 28 46
4881 28 47
4882 20 14
4883 30 47
4884 28 46
4885 22 11
4886 21 14
4887 30 48
4888 36 31
4889 12 17
4890 28 47
4891 30 47
4892 20 14
4893 24 12
4894 30 48
4895 21 14
4896 20 14
4897 24 11
4898 21 14
4899 36 32
4900 12 8
4901 13 8
4902 30 47
4903 24 12
4904 22 12
4905 32 47
4906 11 17
4907 12 8
4908 13 8
4909 28 46
4910 32 46
4911 32 47
4912 28 47
4913 11 15
4914 36 31
4915 12 8
4916 28 46
4917 20 14
4918 36 32
4919 11 14
4920 21 14
4921 12 17
4922 30 48
4923 32 46
4924 20 14
4925 11 17
4926 24 11
4927 12 17
4928 11 17
4929 22 11
4930 13 8
4931 12 8
4932 12 17
4933 22 12
4934 36 31
4935 11 15
4936 24 12
4937 13 8
4938 22 11
4939 11 14
4940 11 17
4941 24 11
4942 30 47
4943 24 12
4944 24 11
4945 12 17
4946 36 32
4947 11 15
4948 12 8
4949 36 31
4950 21 14
4951 11 14
4952 36 32
4953 24 12
4954 24 11
4955 28 47
4956 13 8
4957 24 12
4958 20 14
4959 28 46
4960 32 47
4961 36 31
4962 36 32
4963 28 47
4964 32 46
4965 11 15
4966 30 48
4967 30 47
4968 22 12
4969 32 47
4970 32 46
4971 24 11
4972 11 14
4973 12 8
4974 22 11
4975 28 46
4976 36 31
4977 30 48
4978 32 47
4979 36 32
4980 30 47
4981 11 17
4982 12 17
4983 32 46
4984 13 8
4985 21 14
4986 11 15
4987 11 14
4988 20 14
4989 22 12
4990 21 14
4991 20 14
4992 11 17
4993 24 12
4994 28 47
4995 28 46
4996 12 8
4997 36 31
4998 30 48
4999 24 11
5000 28 47
5001 24 12
5002 36 32
5003 11 15
5004 36 31
5005 21 14
5006 36 32
5007 36 31
5008 24 11
5009 24 12
5010 24 11
5011 22 11
5012 24 12
5013 22 12
5014 22 11
5015 30 47
5016 12 17
5017 36 32
5018 13 8
5019 32 47
5020 24 11
5021 12 8
5022 36 31
5023 11 17
5024 30 48
5025 24 12
5026 24 11
5027 32 46
5028 28 46
5029 24 12
5030 12 17
5031 28 47
5032 32 47
5033 24 11
5034 28 46
5035 24 12
5036 30 47
5037 28 47
5038 20 14
5039 36 32
5040 32 46
5041 36 31
5042 11 14
5043 13 8
5044 22 12
5045 30 48
5046 12 8
5047 36 32
5048 13 8
5049 28 46
5050 32 47
5051 11 15
5052 11 14
5053 28 47
5054 32 46
5055 21 14
5056 36 31
5057 22 11
5058 32 47
5059 24 11
5060 20 14
5061 28 46
5062 36 32
5063 22 12
5064 28 47
5065 30 47
5066 11 15
5067 11 14
5068 30 48
5069 22 11
5070 30 47
5071 21 14
5072 11 17
5073 32 46
5074 22 12
5075 12 8
5076 32 47
5077 12 17
5078 22 11
5079 13 8
5080 11 17
5081 20 14
5082 12 8
5083 36 31
5084 30 48
5085 22 12
5086 13 8
5087 32 46
5088 24 12
5089 11 15
5090 24 11
5091 36 32
5092 21 14
5093 12 17
5094 36 31
5095 24 12
5096 11 14
5097 22 11
5098 22 12
5099 32 47
5100 24 11
5101 22 11
5102 11 15
5103 30 47
5104 28 46
5105 11 14
5106 28 47
5107 22 12
5108 24 12
5109 32 46
5110 36 32
5111 30 48
5112 30 47
5113 22 11
5114 22 12
5115 28 46
5116 32 47
5117 11 15
5118 24 11
5119 30 48
5120 30 47
5121 36 31
5122 20 14
5123 21 14
5124 28 47
5125 22 11
5126 22 12
5127 20 14
5128 11 17
5129 36 32
5130 24 12
5131 28 46
5132 12 17
5133 21 14
5134 12 8
5135 11 17
5136 30 48
5137 22 11
5138 20 14
5139 21 14
5140 20 14
5141 28 47
5142 24 11
5143 12 17
5144 11 17
5145 21 14
5146 36 31
5147 32 46
5148 22 12
5149 30 47
5150 32 47
5151 36 32
5152 12 17
5153 30 48
5154 28 46
5155 20 14
5156 21 14
5157 28 47
5158 32 46
5159 32 47
5160 24 12
5161 11 17
5162 28 46
5163 36 31
5164 20 14
5165 28 47
5166 36 32
5167 21 14
5168 30 47
5169 30 48
5170 28 46
5171 30 47
5172 24 11
5173 30 48
5174 28 47
5175 30 47
5176 13 8
5177 30 48
5178 20 14
5179 30 47
5180 32 46
5181 21 14
5182 20 14
5183 30 48
5184 22 11
5185 36 31
5186 32 47
5187 22 12
5188 12 8
5189 21 14
5190 24 12
5191 22 11
5192 12 17
5193 28 46
5194 30 47
5195 36 32
5196 36 31
5197 24 11
5198 11 14
5199 28 47
5200 11 17
5201 11 15
5202 28 46
5203 36 32
5204 24 12
5205 36 31
5206 28 47
5207 36 32
5208 13 8
5209 20 14
5210 28 46
5211 21 14
5212 20 14
5213 12 8
5214 22 12
5215 22 11
5216 24 11
5217 13 8
5218 28 47
5219 11 14
5220 24 12
5221 12 17
5222 22 12
5223 11 17
5224 28 46
5225 12 8
5226 22 11
5227 32 46
5228 21 14
5229 12 17
5230 13 8
5231 20 14
5232 32 47
5233 12 8
5234 11 15
5235 21 14
5236 13 8
5237 36 31
5238 20 14
5239 11 17
5240 32 46
5241 12 8
5242 11 14
5243 22 12
5244 11 15
5245 24 11
5246 13 8
5247 28 47
5248 12 8
5249 13 8
5250 11 14
5251 28 46
5252 12 8
5253 32 47
5254 28 47
5255 24 12
5256 24 11
5257 22 11
5258 30 48
5259 11 15
5260 24 12
5261 36 32
5262 30 47
5263 13 8
5264 21 14
5265 20 14
5266 11 14
5267 12 8
5268 36 31
5269 11 15
5270 12 17
5271 13 8
5272 28 46
5273 32 46
5274 11 14
5275 36 32
5276 11 17
5277 21 14
5278 24 11
5279 28 47
5280 12 17
5281 32 47
5282 28 46
5283 36 31
5284 11 15
5285 32 46
5286 12 8
5287 24 12
5288 30 48
5289 24 11
5290 22 12
5291 30 47
5292 30 48
5293 13 8
5294 20 14
5295 30 47
5296 36 32
5297 22 11
5298 21 14
5299 36 31
5300 11 14
5301 11 17
5302 28 47
5303 12 17
5304 24 12
5305 32 47
5306 24 11
5307 20 14
5308 11 17
5309 28 46
5310 30 48
5311 30 47
5312 30 48
5313 30 47
5314 12 8
5315 21 14
5316 11 15
5317 28 47
5318 12 17
5319 30 48
5320 13 8
5321 22 12
5322 32 46
5323 28 46
5324 22 11
5325 11 14
5326 28 47
5327 36 32
5328 36 31
5329 28 46
5330 11 17
5331 11 15
5332 20 14
5333 22 12
5334 21 14
5335 20 14
5336 22 11
5337 12 8
5338 11 14
5339 30 47
5340 24 12
5341 13 8
5342 22 12
5343 12 17
5344 28 47
5345 22 11
5346 28 46
5347 11 15
5348 12 8
5349 11 17
5350 21 14
5351 11 14
5352 28 47
5353 30 48
5354 32 47
5355 32 46
5356 30 47
5357 30 48
5358 13 8
5359 20 14
5360 11 15
5361 28 46
5362 28 47
5363 32 47
5364 32 46
5365 12 8
5366 24 11
5367 36 32
5368 11 14
5369 13 8
5370 28 46
5371 32 47
5372 12 8
5373 21 14
5374 20 14
5375 32 46
5376 11 15
5377 12 17
5378 11 17
5379 22 12
5380 22 11
5381 24 12
5382 36 31
5383 22 12
5384 21 14
5385 22 11
5386 32 47
5387 20 14
5388 30 47
5389 32 46
5390 28 47
5391 32 47
5392 12 17
5393 24 11
5394 30 48
5395 13 8
5396 11 14
5397 32 46
5398 24 12
5399 28 46
5400 12 8
5401 21 14
5402 30 47
5403 28 47
5404 32 47
5405 30 48
5406 11 17
5407 32 46
5408 20 14
5409 24 11
5410 28 46
5411 36 32
5412 21 14
5413 12 17
5414 30 47
5415 22 12
5416 32 47
5417 28 47
5418 20 14
5419 13 8
5420 11 17
5421 22 11
5422 22 12
5423 21 14
5424 20 14
5425 24 12
5426 28 46
5427 32 46
5428 22 11
5429 11 15
5430 24 11
5431 36 31
5432 24 12
5433 11 14
5434 22 12
5435 28 47
5436 12 17
5437 30 48
5438 24 11
5439 30 47
5440 32 47
5441 21 14
5442 11 15
5443 11 17
5444 36 32
5445 20 14
5446 11 14
5447 36 31
5448 21 14
5449 12 17
5450 22 11
5451 36 32
5452 30 48
5453 32 46
5454 24 12
5455 24 11
5456 24 12
5457 30 47
5458 12 8
5459 22 12
5460 28 46
5461 11 15
5462 28 47
5463 22 11
5464 28 46
5465 28 47
5466 13 8
5467 28 46
5468 11 17
5469 24 11
5470 36 31
5471 20 14
5472 28 47
5473 24 12
5474 36 32
5475 12 8
5476 22 12
5477 28 46
5478 21 14
5479 20 14
5480 13 8
5481 12 8
5482 13 8
5483 12 8
5484 24 11
5485 32 47
5486 22 11
5487 24 12
5488 30 48
5489 22 12
5490 12 17
5491 21 14
5492 32 46
5493 20 14
5494 30 47
5495 21 14
5496 11 14
5497 11 17
5498 11 15
5499 28 47
5500 24 11
5501 13 8
5502 12 17
5503 36 31
5504 28 46
5505 30 48
5506 32 47
5507 24 12
5508 12 8
5509 32 46
5510 32 47
5511 28 47
5512 24 11
5513 24 12
5514 28 46
5515 24 11
5516 36 32
5517 11 14
5518 32 46
5519 36 31
5520 28 47
5521 36 32
5522 28 46
5523 28 47
5524 28 46
5525 22 11
5526 28 47
5527 11 15
5528 28 46
5529 20 14
5530 13 8
5531 24 12
5532 11 14
5533 28 47
5534 12 8
5535 13 8
5536 12 8
5537 21 14
5538 36 31
5539 30 47
5540 24 11
5541 13 8
5542 12 8
5543 32 47
5544 30 48
5545 32 46
5546 32 47
5547 28 46
5548 36 32
5549 32 46
5550 24 12
5551 20 14
5552 30 47
5553 28 47
5554 36 31
5555 30 48
5556 22 12
5557 24 11
5558 32 47
5559 11 15
5560 28 46
5561 21 14
5562 11 14
5563 11 15
5564 30 47
5565 13 8
5566 22 11
5567 36 32
5568 28 47
5569 11 14
5570 11 17
5571 12 17
5572 20 14
5573 22 12
5574 22 11
5575 11 17
5576 28 46
5577 12 8
5578 13 8
5579 22 12
5580 12 17
5581 11 17
5582 11 15
5583 32 46
5584 36 31
5585 36 32
5586 28 47
5587 30 48
5588 28 46
5589 32 47
5590 11 14
5591 28 47
5592 11 15
5593 24 12
5594 22 11
5595 28 46
5596 36 31
5597 24 11
5598 36 32
5599 28 47
5600 21 14
5601 12 8
5602 20 14
5603 24 12
5604 21 14
5605 12 17
5606 11 17
5607 22 12
5608 32 46
5609 24 11
5610 11 14
5611 22 11
5612 24 12
5613 13 8
5614 32 47
5615 28 46
5616 32 46
5617 12 8
5618 36 31
5619 28 47
5620 20 14
5621 13 8
5622 11 15
5623 32 47
5624 22 12
5625 24 11
5626 32 46
5627 30 47
5628 12 17
5629 22 11
5630 22 12
5631 11 14
5632 21 14
5633 22 11
5634 24 12
5635 11 17
5636 20 14
5637 28 46
5638 28 47
5639 22 12
5640 28 46
5641 30 48
5642 28 47
5643 21 14
5644 24 11
5645 24 12
5646 32 47
5647 30 47
5648 11 15
5649 12 8
5650 12 17
5651 13 8
5652 30 48
5653 22 11
5654 11 17
5655 12 8
5656 13 8
5657 22 12
5658 36 32
5659 11 14
5660 12 8
5661 36 31
5662 13 8
5663 28 46
5664 20 14
5665 32 46
5666 24 11
5667 12 17
5668 28 47
5669 28 46
5670 28 47
5671 11 17
5672 21 14
5673 22 11
5674 28 46
5675 12 17
5676 24 12
5677 11 17
5678 12 17
5679 20 14
5680 21 14
5681 36 32
5682 12 8
5683 28 47
5684 20 14
5685 32 47
5686 36 31
5687 13 8
5688 36 32
5689 28 46
5690 32 46
5691 36 31
5692 11 15
5693 22 12
5694 28 47
5695 24 11
5696 12 8
5697 36 32
5698 11 14
5699 32 47
5700 11 17
5701 11 15
5702 21 14
5703 20 14
5704 11 14
5705 22 11
5706 32 46
5707 21 14
5708 36 31
5709 28 46
5710 32 47
5711 13 8
5712 32 46
5713 36 32
5714 36 31
5715 20 14
5716 12 8
5717 30 47
5718 36 32
5719 36 31
5720 13 8
5721 12 17
5722 21 14
5723 20 14
5724 30 48
5725 22 12
5726 36 32
5727 22 11
5728 12 8
5729 22 12
5730 36 31
5731 24 12
5732 30 47
5733 24 11
5734 24 12
5735 22 11
5736 11 17
5737 21 14
5738 24 11
5739 20 14
5740 32 47
5741 22 12
5742 12 17
5743 24 12
5744 36 32
5745 11 17
5746 13 8
5747 12 17
5748 30 48
5749 22 11
5750 28 47
5751 11 17
5752 36 31
5753 12 17
5754 30 47
5755 22 12
5756 12 8
5757 11 17
5758 32 46
5759 30 48
5760 24 11
5761 36 32
5762 28 46
5763 12 17
5764 22 11
5765 13 8
5766 36 31
5767 22 12
5768 11 17
5769 24 12
5770 28 47
5771 11 15
5772 30 47
5773 24 11
5774 32 47
5775 21 14
5776 36 32
5777 28 46
5778 30 48
5779 22 11
5780 28 47
5781 36 31
5782 12 17
5783 28 46
5784 32 46
5785 11 17
5786 11 14
5787 24 12
5788 22 12
5789 12 17
5790 36 32
5791 24 11
5792 12 8
5793 30 47
5794 24 12
5795 36 31
5796 30 48
5797 22 11
5798 32 47
5799 32 46
5800 22 12
5801 32 47
5802 28 47
5803 11 15
5804 36 32
5805 24 11
5806 11 14
5807 13 8
5808 30 47
5809 24 12
5810 30 48
5811 36 31
5812 20 14
5813 22 11
5814 11 17
5815 21 14
5816 12 17
5817 12 8
5818 11 15
5819 30 47
5820 20 14
5821 28 46
5822 36 32
5823 22 12
5824 22 11
5825 24 11
5826 30 48
5827 28 47
5828 24 12
5829 30 47
5830 36 31
5831 36 32
5832 32 46
5833 24 11
5834 24 12
5835 21 14
5836 30 48
5837 11 14
5838 36 31
5839 11 17
5840 30 47
5841 11 15
5842 28 46
5843 22 12
5844 28 47
5845 12 17
5846 22 11
5847 36 32
5848 30 48
5849 36 31
5850 20 14
5851 13 8
5852 36 32
5853 28 46
5854 12 8
5855 30 47
5856 22 12
5857 21 14
5858 36 31
5859 11 14
5860 30 48
5861 28 47
5862 36 32
5863 22 11
5864 32 47
5865 28 46
5866 11 15
5867 30 47
5868 11 17
5869 24 11
5870 32 46
5871 32 47
5872 11 14
5873 36 31
5874 24 12
5875 12 17
5876 24 11
5877 13 8
5878 11 17
5879 28 47
5880 22 12
5881 22 11
5882 32 46
5883 24 12
5884 24 11
5885 32 47
5886 20 14
5887 12 17
5888 22 12
5889 21 14
5890 20 14
5891 36 32
5892 11 17
5893 21 14
5894 28 46
5895 36 31
5896 24 12
5897 24 11
5898 11 15
5899 32 46
5900 12 8
5901 22 11
5902 12 17
5903 24 12
5904 28 47
5905 36 32
5906 13 8
5907 28 46
5908 24 11
5909 24 12
5910 36 31
5911 28 47
5912 11 14
5913 11 17
5914 24 11
5915 20 14
5916 12 17
5917 12 8
5918 11 15
5919 22 12
5920 11 14
5921 11 15
5922 28 46
5923 13 8
5924 12 8
5925 24 12
5926 21 14
5927 22 11
5928 20 14
5929 11 14
5930 30 48
5931 24 11
5932 11 17
5933 21 14
5934 11 15
5935 13 8
5936 22 12
5937 30 47
5938 28 47
5939 24 12
5940 30 48
5941 32 47
5942 12 17
5943 11 14
5944 30 47
5945 36 32
5946 12 8
5947 36 31
5948 11 15
5949 20 14
5950 24 11
5951 24 12
5952 13 8
5953 21 14
5954 22 11
5955 30 48
5956 32 46
5957 12 8
5958 11 14
5959 20 14
5960 11 17
5961 36 32
5962 36 31
5963 32 47
5964 13 8
5965 32 46
5966 24 11
5967 28 46
5968 22 12
5969 12 17
5970 21 14
5971 36 32
5972 36 31
5973 20 14
5974 22 11
5975 36 32
5976 22 12
5977 22 11
5978 22 12
5979 22 11
5980 32 47
5981 28 47
5982 22 12
5983 21 14
5984 36 31
5985 30 47
5986 32 46
5987 12 8
5988 32 47
5989 28 46
5990 32 46
5991 20 14
5992 21 14
5993 24 12
5994 30 48
5995 20 14
5996 13 8
5997 24 11
5998 22 11
5999 24 12
6000 12 8
6001 13 8
6002 24 11
6003 30 47
6004 30 48
6005 12 8
6006 13 8
6007 28 47
6008 24 12
6009 22 12
6010 22 11
6011 11 15
6012 11 14
6013 21 14
6014 12 8
6015 13 8
6016 24 11
6017 32 47
6018 12 8
6019 36 32
6020 20 14
6021 30 47
6022 22 12
6023 24 12
6024 11 15
6025 21 14
6026 11 14
6027 13 8
6028 24 11
6029 28 46
6030 28 47
6031 20 14
6032 21 14
6033 11 17
6034 28 46
6035 30 48
6036 12 8
6037 32 46
6038 36 31
6039 13 8
6040 20 14
6041 30 47
6042 22 11
6043 21 14
6044 32 47
6045 30 48
6046 20 14
6047 11 15
6048 11 14
6049 11 15
6050 36 32
6051 36 31
6052 12 17
6053 21 14
6054 11 17
6055 30 47
6056 32 46
6057 12 8
6058 20 14
6059 30 48
6060 36 32
6061 28 47
6062 24 12
6063 30 47
6064 12 17
6065 21 14
6066 24 11
6067 22 12
6068 36 31
6069 13 8
6070 20 14
6071 28 46
6072 24 12
6073 12 8
6074 11 17
6075 13 8
6076 36 32
6077 12 8
6078 28 47
6079 21 14
6080 24 11
6081 11 14
6082 30 48
6083 20 14
6084 32 47
6085 32 46
6086 28 46
6087 12 17
6088 11 17
6089 36 31
6090 28 47
6091 32 47
6092 11 15
6093 21 14
6094 36 32
6095 11 14
6096 24 12
6097 12 17
6098 13 8
6099 11 15
6100 30 47
6101 11 14
6102 36 31
6103 32 46
6104 28 46
6105 28 47
6106 11 17
6107 28 46
6108 11 15
6109 11 14
6110 36 32
6111 32 47
6112 36 31
6113 32 46
6114 12 8
6115 22 11
6116 36 32
6117 13 8
6118 20 14
6119 36 31
6120 12 17
6121 21 14
6122 12 8
6123 32 47
6124 22 12
6125 11 17
6126 32 46
6127 24 11
6128 11 15
6129 22 11
6130 36 32
6131 36 31
6132 24 12
6133 32 47
6134 11 14
6135 20 14
6136 21 14
6137 11 15
6138 28 47
6139 36 32
6140 24 11
6141 30 48
6142 22 12
6143 30 47
6144 11 14
6145 36 31
6146 20 14
6147 28 46
6148 28 47
6149 28 46
6150 11 15
6151 11 14
6152 30 48
6153 13 8
6154 12 8
6155 36 32
6156 28 47
6157 32 46
6158 24 12
6159 13 8
6160 11 15
6161 30 47
6162 21 14
6163 20 14
6164 32 47
6165 22 11
6166 21 14
6167 32 46
6168 22 12
6169 22 11
6170 12 8
6171 20 14
6172 36 31
6173 21 14
6174 28 46
6175 13 8
6176 28 47
6177 11 14
6178 30 48
6179 20 14
6180 12 17
6181 11 15
6182 12 8
6183 28 46
6184 11 17
6185 32 47
6186 21 14
6187 36 32
6188 20 14
6189 12 17
6190 30 47
6191 30 48
6192 13 8
6193 21 14
6194 11 14
6195 28 47
6196 12 8
6197 20 14
6198 11 15
6199 28 46
6200 13 8
6201 36 31
6202 21 14
6203 22 12
6204 32 46
6205 11 17
6206 22 11
6207 12 8
6208 20 14
6209 22 12
6210 22 11
6211 28 47
6212 32 47
6213 12 17
6214 22 12
6215 11 14
6216 36 32
6217 22 11
6218 32 46
6219 28 46
6220 30 47
6221 36 31
6222 36 32
6223 13 8
6224 24 11
6225 24 12
6226 36 31
6227 36 32
6228 11 15
6229 21 14
6230 11 14
6231 24 11
6232 28 47
6233 32 47
6234 22 12
6235 36 31
6236 30 48
6237 20 14
6238 28 46
6239 21 14
6240 30 47
6241 32 46
6242 22 11
6243 28 47
6244 12 8
6245 11 15
6246 22 12
6247 36 32
6248 32 47
6249 11 17
6250 28 46
6251 36 31
6252 12 17
6253 32 46
6254 13 8
6255 24 12
6256 36 32
6257 36 31
6258 22 11
6259 36 32
6260 12 8
6261 13 8
6262 36 31
6263 24 11
6264 11 14
6265 32 47
6266 20 14
6267 22 12
6268 30 48
6269 21 14
6270 28 47
6271 11 15
6272 11 17
6273 12 8
6274 36 32
6275 22 11
6276 36 31
6277 22 12
6278 32 46
6279 32 47
6280 11 14
6281 36 32
6282 22 11
6283 36 31
6284 30 47
6285 24 12
6286 36 32
6287 13 8
6288 32 46
6289 20 14
6290 24 11
6291 28 46
6292 24 12
6293 28 47
6294 21 14
6295 12 17
6296 32 47
6297 11 15
6298 32 46
6299 24 11
6300 32 47
6301 28 46
6302 20 14
6303 32 46
6304 22 12
6305 30 48
6306 11 17
6307 30 47
6308 12 17
6309 30 48
6310 32 47
6311 36 31
6312 30 47
6313 36 32
6314 36 31
6315 28 47
6316 30 48
6317 11 14
6318 36 32
6319 11 17
6320 12 17
6321 32 46
6322 11 15
6323 28 46
6324 32 47
6325 11 14
6326 22 11
6327 32 46
6328 30 47
6329 32 47
6330 21 14
6331 30 48
6332 11 17
6333 11 15
6334 30 47
6335 20 14
6336 36 31
6337 12 8
6338 24 12
6339 28 47
6340 12 17
6341 28 46
6342 36 32
6343 30 48
6344 28 47
6345 21 14
6346 30 47
6347 20 14
6348 32 46
6349 11 14
6350 21 14
6351 30 48
6352 24 11
6353 24 12
6354 11 17
6355 13 8
6356 12 8
6357 11 15
6358 28 46
6359 36 31
6360 32 47
6361 36 32
6362 28 47
6363 24 11
6364 32 46
6365 30 47
6366 32 47
6367 32 46
6368 12 17
6369 32 47
6370 22 12
6371 11 17
6372 24 12
6373 32 46
6374 13 8
6375 12 17
6376 32 47
6377 11 17
6378 20 14
6379 12 8
6380 30 48
6381 11 14
6382 22 11
6383 12 17
6384 36 31
6385 11 17
6386 22 12
6387 32 46
6388 28 46
6389 21 14
6390 20 14
6391 11 15
6392 24 11
6393 22 11
6394 22 12
6395 32 47
6396 30 47
6397 28 47
6398 32 46
6399 28 46
6400 22 11
6401 28 47
6402 21 14
6403 11 14
6404 24 12
6405 28 46
6406 30 48
6407 24 11
6408 13 8
6409 36 32
6410 32 47
6411 12 17
6412 32 46
6413 36 31
6414 20 14
6415 21 14
6416 36 32
6417 28 47
6418 12 8
6419 11 15
6420 32 47
6421 20 14
6422 11 14
6423 32 46
6424 36 31
6425 22 12
6426 30 47
6427 32 47
6428 13 8
6429 12 8
6430 22 11
6431 28 46
6432 32 46
6433 24 12
6434 22 12
6435 21 14
6436 32 47
6437 11 15
6438 22 11
6439 28 47
6440 13 8
6441 11 17
6442 28 46
6443 12 8
6444 24 11
6445 28 47
6446 24 12
6447 20 14
6448 11 14
6449 24 11
6450 24 12
6451 13 8
6452 30 48
6453 12 8
6454 22 12
6455 28 46
6456 30 47
6457 32 46
6458 22 11
6459 21 14
6460 12 17
6461 11 15
6462 11 17
6463 13 8
6464 12 17
6465 20 14
6466 22 12
6467 24 11
6468 22 11
6469 28 47
6470 12 8
6471 13 8
6472 11 14
6473 12 8
6474 11 15
6475 28 46
6476 21 14
6477 32 47
6478 24 12
6479 30 48
6480 32 46
6481 32 47
6482 11 14
6483 28 47
6484 13 8
6485 28 46
6486 30 47
6487 22 12
6488 30 48
6489 20 14
6490 32 46
6491 28 47
6492 12 8
6493 13 8
6494 36 32
6495 21 14
6496 11 17
6497 36 31
6498 32 47
6499 24 11
6500 20 14
6501 36 32
6502 21 14
6503 36 31
6504 28 46
6505 28 47
6506 22 11
6507 20 14
6508 28 46
6509 12 8
6510 24 12
6511 12 17
6512 28 47
6513 28 46
6514 36 32
6515 21 14
6516 11 15
6517 11 14
6518 22 12
6519 20 14
6520 21 14
6521 36 31
6522 32 46
6523 11 15
6524 30 47
6525 32 47
6526 22 11
6527 20 14
6528 28 47
6529 22 12
6530 11 14
6531 32 46
6532 36 32
6533 32 47
6534 24 11
6535 24 12
6536 21 14
6537 32 46
6538 30 48
6539 24 11
6540 22 11
6541 22 12
6542 11 17
6543 30 47
6544 28 46
6545 11 15
6546 22 11
6547 22 12
6548 36 31
6549 12 17
6550 36 32
6551 22 11
6552 28 47
6553 11 17
6554 20 14
6555 22 12
6556 24 12
6557 30 48
6558 13 8
6559 24 11
6560 28 46
6561 36 31
6562 36 32
6563 12 17
6564 28 47
6565 22 11
6566 28 46
6567 22 12
6568 11 14
6569 32 47
6570 22 11
6571 22 12
6572 32 46
6573 28 47
6574 22 11
6575 36 31
6576 36 32
6577 11 15
6578 12 8
6579 24 12
6580 11 14
6581 36 31
6582 36 32
6583 24 11
6584 11 15
6585 11 17
6586 36 31
6587 28 46
6588 22 12
6589 13 8
6590 11 14
6591 12 8
6592 21 14
6593 11 15
6594 28 47
6595 12 17
6596 11 17
6597 28 46
6598 11 14
6599 20 14
6600 32 47
6601 13 8
6602 32 46
6603 36 32
6604 11 15
6605 12 17
6606 21 14
6607 28 47
6608 28 46
6609 22 11
6610 24 12
6611 30 47
6612 20 14
6613 24 11
6614 28 47
6615 30 48
6616 12 8
6617 36 31
6618 30 47
6619 30 48
6620 21 14
6621 22 12
6622 28 46
6623 11 14
6624 13 8
6625 22 11
6626 30 47
6627 12 8
6628 24 12
6629 28 47
6630 36 32
6631 13 8
6632 32 47
6633 28 46
6634 24 11
6635 12 8
6636 22 12
6637 24 12
6638 20 14
6639 22 11
6640 30 48
6641 30 47
6642 32 46
6643 11 15
6644 30 48
6645 30 47
6646 28 47
6647 24 11
6648 36 31
6649 11 17
6650 36 32
6651 13 8
6652 21 14
6653 12 8
6654 20 14
6655 32 47
6656 12 17
6657 21 14
6658 28 46
6659 30 48
6660 36 31
6661 20 14
6662 11 17
6663 36 32
6664 11 14
6665 24 12
6666 11 15
6667 36 31
6668 36 32
6669 28 47
6670 30 47
6671 11 14
6672 32 46
6673 30 48
6674 13 8
6675 28 46
6676 28 47
6677 22 12
6678 12 8
6679 22 11
6680 12 17
6681 11 15
6682 24 11
6683 24 12
6684 13 8
6685 36 31
6686 21 14
6687 20 14
6688 36 32
6689 30 47
6690 36 31
6691 21 14
6692 32 47
6693 24 11
6694 12 8
6695 11 14
6696 11 15
6697 22 12
6698 11 14
6699 36 32
6700 36 31
6701 24 12
6702 20 14
6703 28 46
6704 32 46
6705 36 32
6706 32 47
6707 30 48
6708 13 8
6709 21 14
6710 36 31
6711 12 8
6712 11 15
6713 20 14
6714 36 32
6715 21 14
6716 30 47
6717 30 48
6718 36 31
6719 36 32
6720 20 14
6721 28 47
6722 32 46
6723 28 46
6724 22 11
6725 13 8
6726 11 14
6727 28 47
6728 12 8
6729 28 46
6730 24 11
6731 11 15
6732 13 8
6733 21 14
6734 36 31
6735 24 12
6736 30 47
6737 36 32
6738 32 47
6739 30 48
6740 32 46
6741 30 47
6742 20 14
6743 12 8
6744 11 17
6745 28 47
6746 22 12
6747 13 8
6748 36 31
6749 12 17
6750 22 11
6751 21 14
6752 11 14
6753 28 46
6754 24 11
6755 12 8
6756 28 47
6757 36 32
6758 20 14
6759 13 8
6760 21 14
6761 32 47
6762 11 15
6763 28 46
6764 11 14
6765 36 31
6766 11 15
6767 11 17
6768 24 12
6769 36 32
6770 36 31
6771 28 47
6772 12 8
6773 12 17
6774 13 8
6775 28 46
6776 11 14
6777 36 32
6778 32 46
6779 11 15
6780 32 47
6781 32 46
6782 11 14
6783 20 14
6784 11 17
6785 12 17
6786 21 14
6787 22 12
6788 20 14
6789 12 8
6790 21 14
6791 22 11
6792 32 47
6793 32 46
6794 30 48
6795 36 31
6796 32 47
6797 11 17
6798 36 32
6799 28 47
6800 32 46
6801 11 15
6802 20 14
6803 36 31
6804 12 17
6805 32 47
6806 36 32
6807 30 47
# colocadas=6808 ocupadas=10 mayor=3781
