0 14 5
1 8 4
2 13 6
3 13 7
4 13 6
5 12 7
6 8 14
7 5 12
8 13 10
9 9 4
10 8 4
11 13 9
12 14 13
13 10 9
14 13 13
15 14 13
16 5 10
17 5 9
18 9 5
19 11 7
20 3 10
21 2 10
22 10 5
23 9 5
24 6 10
25 11 9
26 10 9
27 5 10
28 3 10
29 7 10
30 14 14
31 8 5
32 8 3
33 4 9
34 8 4
35 10 7
36 3 11
37 6 10
38 14 13
39 14 10
40 13 10
41 14 15
42 5 9
43 4 8
44 14 14
45 3 10
46 11 7
47 9 5
48 12 9
49 11 9
50 1 10
51 10 4
52 14 13
53 2 10
54 4 9
55 8 3
56 8 4
57 13 15
58 4 12
59 8 13
60 15 5
61 10 3
62 13 7
63 14 5
64 14 15
65 13 6
66 5 10
67 15 15
68 14 15
69 14 14
70 5 12
71 7 4
72 1 10
73 14 13
74 12 10
75 8 4
76 12 15
77 13 10
78 7 3
79 10 4
80 2 10
81 6 9
82 13 15
83 13 11
84 10 9
85 5 9
86 12 14
87 11 9
88 7 4
89 10 7
90 6 10
91 9 4
92 13 10
93 13 7
94 7 10
95 3 11
96 13 6
97 13 12
98 13 13
99 15 4
100 3 10
101 7 3
102 12 15
103 14 14
104 12 9
105 7 4
106 4 9
107 8 14
108 12 14
109 15 5
110 15 3
111 14 5
112 13 12
113 9 5
114 3 11
115 5 9
116 15 2
117 14 13
118 8 2
119 9 2
120 11 9
121 15 5
122 13 7
123 6 10
124 8 2
125 9 2
126 11 7
127 12 15
128 9 4
129 10 7
130 13 9
131 9 5
132 10 9
133 13 10
134 13 9
135 13 6
136 12 14
137 8 13
138 14 15
139 11 7
140 3 10
141 4 11
142 12 12
143 11 9
144 14 14
145 9 4
146 4 12
147 8 4
148 13 10
149 5 10
150 2 10
151 15 3
152 9 4
153 13 9
154 6 9
155 8 14
156 15 2
157 5 9
158 11 12
159 3 10
160 8 3
161 10 5
162 5 10
163 8 4
164 14 5
165 14 13
166 11 13
167 5 9
168 13 7
169 8 2
170 10 9
171 7 3
172 12 15
173 11 9
174 6 10
175 15 14
176 15 15
177 13 10
178 14 9
179 13 6
180 15 5
181 13 13
182 3 11
183 8 3
184 13 9
185 11 12
186 14 9
187 5 10
188 13 7
189 13 9
190 12 14
191 7 4
192 15 14
193 9 5
194 2 10
195 11 13
196 11 12
197 11 13
198 3 10
199 10 5
200 15 9
201 15 10
202 2 10
203 5 9
204 5 12
205 3 10
206 14 13
207 8 13
208 8 4
209 11 12
210 13 13
211 9 5
212 10 7
213 15 3
214 4 8
215 11 13
216 12 15
217 10 9
218 15 2
219 10 5
220 13 10
221 4 12
222 15 3
223 15 2
224 4 11
225 9 5
226 5 12
227 4 12
228 11 9
229 5 10
230 10 9
231 13 9
232 9 4
233 12 14
234 6 10
235 8 4
236 7 3
237 8 3
238 8 14
239 11 9
240 11 7
241 12 8
242 9 2
243 14 5
244 8 2
245 9 2
246 15 3
247 9 4
248 8 2
249 10 9
250 2 10
251 14 13
252 4 9
253 4 8
254 12 15
255 3 10
256 10 7
257 2 10
258 15 9
259 5 13
260 12 9
261 15 5
262 8 5
263 11 9
264 9 9
265 8 4
266 9 5
267 13 10
268 15 15
269 10 9
270 5 12
271 5 10
272 9 2
273 9 9
274 10 4
275 13 6
276 11 7
277 13 9
278 8 13
279 10 9
280 4 11
281 4 9
282 9 4
283 10 4
284 15 2
285 8 2
286 8 14
287 8 13
288 15 10
289 15 3
290 13 7
291 7 10
292 6 10
293 12 14
294 9 4
295 8 14
296 13 13
297 5 9
298 10 2
299 14 13
300 10 4
301 9 9
302 15 2
303 13 6
304 9 4
305 12 15
306 10 9
307 13 15
308 7 10
309 8 3
310 9 2
311 13 7
312 6 10
313 5 10
314 15 14
315 12 14
316 11 12
317 14 15
318 6 10
319 12 15
320 8 4
321 15 9
322 5 11
323 13 10
324 13 15
325 15 15
326 15 10
327 5 10
328 8 13
329 14 15
330 10 3
331 13 6
332 4 12
333 7 10
334 13 9
335 8 1
336 13 7
337 4 9
338 12 14
339 8 2
340 8 14
341 5 12
342 10 7
343 12 9
344 11 9
345 6 10
346 12 9
347 10 4
348 8 3
349 8 4
350 12 15
351 13 10
352 13 14
353 9 5
354 8 0
355 11 7
356 8 1
357 14 5
358 5 9
359 4 12
360 11 13
361 11 12
362 13 13
363 4 9
364 13 9
365 8 13
366 5 13
367 13 6
368 13 7
369 15 9
370 11 13
371 13 10
372 12 14
373 8 0
374 13 15
375 11 9
376 13 9
377 9 4
378 5 12
379 8 14
380 8 13
381 10 7
382 5 13
383 14 10
384 10 4
385 13 14
386 5 12
387 15 10
388 9 4
389 10 3
390 11 12
391 9 2
392 8 2
393 5 13
394 8 1
395 10 9
396 8 4
397 13 10
398 12 14
399 9 4
400 3 10
401 14 10
402 13 10
403 11 13
404 2 10
405 15 9
406 5 9
407 15 5
408 5 12
409 8 4
410 14 14
411 11 7
412 4 11
413 15 10
414 5 10
415 5 9
416 8 14
417 10 7
418 8 13
419 3 10
420 9 4
421 14 15
422 13 6
423 14 10
424 15 9
425 9 2
426 13 7
427 14 5
428 14 13
429 15 10
430 8 2
431 13 6
432 11 9
433 13 13
434 8 14
435 14 13
436 15 5
437 10 4
438 11 12
439 13 10
440 13 12
441 13 15
442 4 8
443 14 5
444 8 3
445 5 10
446 13 7
447 11 7
448 4 12
449 13 13
450 14 13
451 8 13
452 13 9
453 10 3
454 2 10
455 9 2
456 12 15
457 5 13
458 13 10
459 15 5
460 14 15
461 13 15
462 14 9
463 6 10
464 13 9
465 5 12
466 10 4
467 5 10
468 14 5
469 7 10
470 15 5
471 4 9
472 5 9
473 6 10
474 14 5
475 14 15
476 8 2
477 8 14
478 13 13
479 10 3
480 10 4
481 11 13
482 15 5
483 14 5
484 15 9
485 10 3
486 5 10
487 6 10
488 3 10
489 13 15
490 15 10
491 5 10
492 10 2
493 6 9
494 14 10
495 5 9
496 4 12
497 14 15
498 8 4
499 13 6
500 8 13
501 15 9
502 6 10
503 15 3
504 15 5
505 13 10
506 15 10
507 9 4
508 12 14
509 15 9
510 5 10
511 5 9
512 15 2
513 5 12
514 15 10
515 9 2
516 10 7
517 12 15
518 11 12
519 15 3
520 5 10
521 10 1
522 2 10
523 12 14
524 8 14
525 8 2
526 13 15
527 10 9
528 15 2
529 14 14
530 10 0
531 5 9
532 8 4
533 4 12
534 4 9
535 14 13
536 12 9
537 13 7
538 11 13
539 13 9
540 11 12
541 13 10
542 5 9
543 13 12
544 11 7
545 3 10
546 5 12
547 2 10
548 9 2
549 14 15
550 10 7
551 10 4
552 13 6
553 4 11
554 8 3
555 5 10
556 11 13
557 4 12
558 11 0
559 14 5
560 8 2
561 13 7
562 13 9
563 13 15
564 8 4
565 3 11
566 7 3
567 14 10
568 9 4
569 7 10
570 5 9
571 5 12
572 9 2
573 15 3
574 8 2
575 14 15
576 10 3
577 6 10
578 12 15
579 8 13
580 13 13
581 11 12
582 12 12
583 10 4
584 10 3
585 13 10
586 8 3
587 8 14
588 4 8
589 12 14
590 5 10
591 13 12
592 10 4
593 15 2
594 6 10
595 5 10
596 3 10
597 12 9
598 7 10
599 8 4
600 13 6
601 8 13
602 11 13
603 15 3
604 15 2
605 3 11
606 4 9
607 15 3
608 8 3
609 8 14
610 12 12
611 6 10
612 13 15
613 14 15
614 12 15
615 13 9
616 3 10
617 14 13
618 13 13
619 10 3
620 11 9
621 12 8
622 13 7
623 8 13
624 14 13
625 8 4
626 11 7
627 5 9
628 4 9
629 8 14
630 10 9
631 10 4
632 3 11
633 9 4
634 13 10
635 13 6
636 10 7
637 11 12
638 12 9
639 15 5
640 13 9
641 8 4
642 3 10
643 9 4
644 11 9
645 7 10
646 15 2
647 13 7
648 13 15
649 14 15
650 15 3
651 9 5
652 11 7
653 9 4
654 13 6
655 12 14
656 2 10
657 9 9
658 3 10
659 13 15
660 14 5
661 15 9
662 10 9
663 13 10
664 15 10
665 10 7
666 5 9
667 15 2
668 1 10
669 13 9
670 11 9
671 10 0
672 13 13
673 2 10
674 6 10
675 7 9
676 12 12
677 7 4
678 11 12
679 8 4
680 9 4
681 8 13
682 5 10
683 12 15
684 5 9
685 8 4
686 14 13
687 12 14
688 11 13
689 7 3
690 1 10
691 5 10
692 12 15
693 11 12
694 8 14
695 2 10
696 4 9
697 9 5
698 5 9
699 4 8
700 13 10
701 4 12
702 8 13
703 13 13
704 11 7
705 14 15
706 8 3
707 13 9
708 13 15
709 15 5
710 4 9
711 1 11
712 7 10
713 14 15
714 9 4
715 9 5
716 9 4
717 15 3
718 10 9
719 3 10
720 11 13
721 12 14
722 13 15
723 14 13
724 5 12
725 9 2
726 15 2
727 11 0
728 13 13
729 10 7
730 12 15
731 9 8
732 8 14
733 8 13
734 4 12
735 9 5
736 14 13
737 14 15
738 13 10
739 8 14
740 4 8
741 11 12
742 5 12
743 9 4
744 6 10
745 4 12
746 14 5
747 11 7
748 13 9
749 15 5
750 10 0
751 5 10
752 7 4
753 13 15
754 11 0
755 10 7
756 5 12
757 4 9
758 12 14
759 5 9
760 11 9
761 7 10
762 8 4
763 4 12
764 6 10
765 12 15
766 7 3
767 8 2
# colocadas=768 ocupadas=25 mayor=239
