0 0 0
1 1 0
2 8 7
3 8 6
4 8 7
5 5 5
6 8 6
7 0 0
8 8 7
9 4 5
10 1 0
11 0 0
12 5 5
13 15 3
14 8 6
15 8 7
16 8 8
17 8 7
18 4 5
19 8 6
20 1 0
21 15 4
22 0 0
23 1 0
24 5 5
25 4 5
26 5 5
27 8 7
28 8 6
29 8 7
30 8 8
31 8 7
32 8 5
33 0 0
34 8 6
35 15 3
36 4 5
37 8 7
38 5 5
39 15 4
40 4 5
41 15 3
42 9 5
43 5 5
44 8 5
45 9 5
46 15 4
47 15 3
48 15 4
49 15 3
50 4 5
51 8 5
52 1 0
53 8 6
54 8 7
55 5 5
56 4 5
57 5 5
58 15 4
59 8 6
60 0 0
61 4 5
62 9 5
63 8 5
64 15 3
65 9 5
66 15 4
67 8 5
68 15 3
69 5 5
70 8 7
71 4 5
72 9 5
73 15 4
74 8 6
75 8 7
76 1 0
77 0 0
78 8 6
79 8 7
80 15 3
81 8 5
82 8 6
83 1 0
84 0 0
85 1 0
86 15 4
87 9 5
88 8 7
89 5 5
90 15 3
91 0 0
92 8 6
93 15 4
94 8 5
95 8 7
96 8 6
97 15 3
98 9 5
99 4 5
100 8 5
101 5 5
102 4 5
103 5 5
104 15 4
105 1 0
106 15 3
107 9 5
108 4 5
109 0 0
110 5 5
111 8 7
112 8 6
113 15 4
114 15 3
115 15 4
116 8 5
117 4 5
118 15 3
119 15 4
120 9 5
121 1 0
122 8 5
123 5 5
124 9 5
125 8 7
126 8 6
127 4 5
128 8 7
129 0 0
130 8 5
131 1 0
132 8 6
133 15 3
134 9 5
135 15 4
136 0 0
137 8 5
138 9 5
139 15 3
140 8 7
141 15 4
142 15 3
143 15 4
144 5 5
145 15 3
146 8 5
147 8 6
148 8 7
149 8 6
150 4 5
151 8 7
152 1 0
153 5 5
154 0 0
155 15 4
156 15 3
157 15 4
158 4 5
159 5 5
160 9 5
161 15 3
162 4 5
163 5 5
164 4 5
165 1 0
166 8 5
167 9 5
168 5 5
169 4 5
170 15 4
171 8 6
172 8 7
173 5 5
174 8 5
175 15 3
176 9 5
177 15 4
178 4 5
179 0 0
180 15 3
181 15 4
182 5 5
183 15 3
184 15 4
185 15 3
186 8 6
187 15 4
188 8 5
189 9 5
190 15 3
191 15 4
192 15 3
193 8 7
194 15 4
195 1 0
196 4 5
197 8 6
198 8 5
199 8 7
200 5 5
201 4 5
202 0 0
203 1 0
204 9 5
205 5 5
206 4 5
207 0 0
208 5 5
209 8 5
210 9 5
211 1 0
212 0 0
213 8 5
214 8 6
215 9 5
216 4 5
217 1 0
218 15 3
219 5 5
220 0 0
221 8 5
222 1 0
223 4 5
224 5 5
225 9 5
226 4 5
227 15 4
228 15 3
229 15 4
230 0 0
231 15 3
232 8 7
233 1 0
234 0 0
235 8 5
236 8 6
237 15 4
238 1 0
239 15 3
240 15 4
241 8 7
242 15 3
243 5 5
244 15 4
245 8 6
246 4 5
247 5 5
248 0 0
249 4 5
250 9 5
251 15 3
252 15 4
253 15 3
254 8 5
255 15 4
256 8 7
257 5 5
258 8 6
259 8 7
260 9 5
261 4 5
262 8 6
263 8 7
264 1 0
265 8 6
266 15 3
267 8 5
268 8 7
269 9 5
270 0 0
271 5 5
272 1 0
273 15 4
274 8 5
275 9 5
276 8 6
277 8 7
278 4 5
279 0 0
280 5 5
281 8 6
282 8 5
283 8 7
284 4 5
285 15 3
286 5 5
287 1 0
288 9 5
289 15 4
290 0 0
291 8 5
292 4 5
293 9 5
294 5 5
295 8 5
296 1 0
297 0 0
298 8 6
299 15 3
300 4 5
301 8 7
302 9 5
303 5 5
304 8 6
305 15 4
306 15 3
307 1 0
308 0 0
309 4 5
310 1 0
311 0 0
312 8 5
313 15 4
314 1 0
315 5 5
316 9 5
317 15 3
318 8 5
319 9 5
320 4 5
321 15 4
322 8 7
323 8 6
324 15 3
325 15 4
326 0 0
327 1 0
328 0 0
329 8 7
330 15 3
331 15 4
332 1 0
333 5 5
334 15 3
335 4 5
336 5 5
337 15 4
338 4 5
339 5 5
340 4 5
341 8 6
342 8 7
343 8 5
344 9 5
345 0 0
346 1 0
347 8 6
348 5 5
349 0 0
350 1 0
351 0 0
352 8 5
353 15 3
354 15 4
355 4 5
356 1 0
357 15 3
358 5 5
359 4 5
360 15 4
361 5 5
362 4 5
363 15 3
364 0 0
365 5 5
366 1 0
367 8 7
368 8 6
369 9 5
370 8 7
371 4 5
372 5 5
373 8 5
374 15 4
375 8 6
376 15 3
377 4 5
378 9 5
379 15 4
380 15 3
381 0 0
382 15 4
383 15 3
384 8 5
385 1 0
386 8 7
387 8 6
388 5 5
389 9 5
390 15 4
391 0 0
392 15 3
393 4 5
394 8 7
395 5 5
396 4 5
397 8 6
398 8 7
399 5 5
400 4 5
401 8 6
402 1 0
403 8 5
404 5 5
405 0 0
406 15 4
407 15 3
408 8 7
409 9 5
410 8 5
411 4 5
412 8 6
413 15 4
414 1 0
415 15 3
416 9 5
417 15 4
418 15 3
419 0 0
420 1 0
421 8 5
422 15 4
423 8 7
424 0 0
425 9 5
426 8 5
427 9 5
428 5 5
429 8 5
430 15 3
431 9 5
432 15 4
433 8 6
434 15 3
435 4 5
436 8 5
437 5 5
438 4 5
439 15 4
440 9 5
441 5 5
442 15 3
443 15 4
444 8 7
445 8 6
446 1 0
447 15 3
448 8 7
449 15 4
450 0 0
451 8 6
452 8 7
453 4 5
454 15 3
455 1 0
456 0 0
457 1 0
458 8 5
459 8 6
460 9 5
461 5 5
462 4 5
463 8 7
464 0 0
465 15 4
466 8 6
467 8 5
468 5 5
469 1 0
470 8 7
471 4 5
472 8 6
473 0 0
474 1 0
475 5 5
476 4 5
477 15 3
478 0 0
479 8 7
480 8 6
481 5 5
482 4 5
483 9 5
484 1 0
485 8 7
486 15 4
487 8 6
488 8 7
489 8 5
490 15 3
491 9 5
492 8 5
493 0 0
494 15 4
495 5 5
496 8 6
497 15 3
498 1 0
499 15 4
500 4 5
501 15 3
502 15 4
503 8 7
504 0 0
505 5 5
506 8 6
507 15 3
508 15 4
509 9 5
510 1 0
511 8 5
512 9 5
513 8 7
514 0 0
515 15 3
516 15 4
517 4 5
518 8 5
519 5 5
520 9 5
521 8 6
522 15 3
523 8 5
524 4 5
525 5 5
526 8 7
527 4 5
528 9 5
529 8 5
530 1 0
531 15 4
532 5 5
533 4 5
534 15 3
535 9 5
536 15 4
537 0 0
538 8 6
539 5 5
540 8 7
541 8 5
542 4 5
543 8 6
544 1 0
545 5 5
546 15 3
547 0 0
548 8 7
549 9 5
550 8 5
551 15 4
552 4 5
553 5 5
554 4 5
555 1 0
556 9 5
557 15 3
558 8 6
559 5 5
560 4 5
561 8 7
562 8 5
563 15 4
564 0 0
565 1 0
566 0 0
567 5 5
568 15 3
569 4 5
570 1 0
571 8 6
572 0 0
573 15 4
574 1 0
575 0 0
576 15 3
577 5 5
578 15 4
579 15 3
580 15 4
581 8 7
582 4 5
583 9 5
584 1 0
585 8 6
586 5 5
587 15 3
588 8 5
589 15 4
590 4 5
591 8 7
592 5 5
593 4 5
594 9 5
595 5 5
596 8 5
597 4 5
598 9 5
599 0 0
600 1 0
601 8 6
602 0 0
603 8 5
604 5 5
605 15 3
606 1 0
607 4 5
608 9 5
609 15 4
610 8 5
611 8 7
612 9 5
613 8 6
614 8 5
615 8 7
616 9 5
617 8 6
618 8 7
619 0 0
620 8 5
621 1 0
622 0 0
623 5 5
624 4 5
625 5 5
626 9 5
627 8 5
628 9 5
629 8 5
630 15 3
631 4 5
632 9 5
633 15 4
634 5 5
635 1 0
636 8 6
637 0 0
638 8 5
639 15 3
640 4 5
641 8 7
642 8 6
643 9 5
644 5 5
645 8 7
646 8 5
647 1 0
648 0 0
649 8 6
650 9 5
651 1 0
652 0 0
653 4 5
654 1 0
655 15 4
656 8 7
657 5 5
658 0 0
659 8 6
660 8 5
661 1 0
662 0 0
663 8 7
664 1 0
665 0 0
666 4 5
667 8 6
668 15 3
669 1 0
670 8 7
671 5 5
672 9 5
673 8 5
674 4 5
675 15 4
676 15 3
677 8 6
678 15 4
679 5 5
680 15 3
681 4 5
682 8 7
683 5 5
684 15 4
685 15 3
686 9 5
687 8 5
688 0 0
689 4 5
690 5 5
691 8 6
692 9 5
693 1 0
694 8 7
695 8 5
696 8 6
697 8 7
698 9 5
699 0 0
700 15 4
701 8 6
702 4 5
703 1 0
704 5 5
705 8 5
706 0 0
707 1 0
708 8 7
709 0 0
710 15 3
711 4 5
712 5 5
713 1 0
714 8 6
715 8 7
716 8 6
717 0 0
718 8 7
719 1 0
720 0 0
721 1 0
722 8 6
723 0 0
724 4 5
725 5 5
726 8 7
727 8 6
728 15 4
729 4 5
730 15 3
731 8 7
732 5 5
733 1 0
734 9 5
735 8 6
736 8 5
737 0 0
738 4 5
739 1 0
740 15 4
741 9 5
742 8 7
743 8 5
744 5 5
745 4 5
746 9 5
747 0 0
748 8 5
749 9 5
750 8 5
751 5 5
752 15 3
753 9 5
754 4 5
755 8 6
756 1 0
757 0 0
758 15 4
759 8 5
760 8 7
761 1 0
762 5 5
763 0 0
764 9 5
765 15 3
766 8 5
767 1 0
# colocadas=768 ocupadas=5 mayor=873
