0 6 10
1 3 13
2 9 2
3 7 12
4 6 3
5 7 7
6 13 2
7 13 14
8 8 3
9 15 0
10 4 14
11 8 14
12 4 12
13 7 1
14 2 0
15 4 3
16 9 4
17 8 15
18 6 15
19 15 13
20 0 0
21 0 1
22 0 10
23 1 4
24 9 0
25 15 15
26 3 1
27 0 8
28 7 14
29 5 4
30 3 11
31 5 13
32 2 5
33 5 9
34 4 11
35 11 13
36 12 14
37 13 7
38 5 15
39 15 10
40 13 5
41 4 7
42 9 8
43 3 3
44 2 6
45 5 7
46 12 7
47 4 1
48 15 2
49 10 7
50 6 11
51 3 14
52 1 13
53 15 4
54 14 13
55 3 10
56 6 10
57 6 14
58 6 11
59 3 1
60 2 10
61 3 12
62 4 5
63 14 1
64 8 2
65 8 13
66 11 5
67 0 14
68 3 7
69 2 9
70 6 8
71 1 11
72 10 1
73 13 7
74 5 6
75 13 11
76 13 0
77 15 12
78 1 15
79 9 10
80 0 6
81 13 9
82 0 13
83 12 7
84 4 15
85 15 3
86 12 0
87 5 3
88 10 15
89 13 13
90 7 11
91 8 12
92 9 3
93 7 13
94 0 0
95 2 8
96 6 15
97 1 1
98 2 12
99 15 13
100 7 10
101 5 14
102 15 5
103 14 12
104 4 7
105 0 9
106 0 1
107 10 4
108 2 10
109 0 11
110 0 7
111 8 14
112 7 5
113 6 13
114 11 10
115 10 9
116 14 6
117 9 13
118 11 8
119 2 4
120 8 7
121 3 10
122 4 1
123 0 14
124 14 10
125 1 3
126 6 6
127 0 13
128 2 10
129 5 6
130 14 4
131 13 8
132 10 11
133 4 12
134 14 15
135 3 11
136 8 15
137 6 6
138 7 14
139 10 6
140 4 10
141 3 9
142 13 14
143 3 8
144 7 9
145 15 7
146 15 10
147 12 9
148 9 9
149 8 14
150 13 4
151 12 15
152 0 3
153 5 13
154 9 2
155 14 4
156 14 3
157 12 6
158 3 9
159 1 9
160 2 2
161 13 10
162 9 15
163 7 7
164 1 2
165 8 6
166 10 14
167 5 5
168 1 13
169 7 12
170 5 7
171 9 7
172 14 0
173 3 0
174 3 7
175 4 6
176 1 10
177 0 13
178 7 15
179 7 10
180 0 9
181 9 8
182 3 5
183 8 0
184 4 13
185 11 15
186 2 1
187 11 4
188 2 9
189 8 11
190 5 15
191 7 9
192 9 7
193 4 2
194 4 8
195 9 0
196 11 11
197 2 5
198 4 4
199 9 5
200 4 0
201 5 2
202 2 10
203 3 5
204 14 7
205 10 9
206 4 7
207 14 5
208 6 15
209 12 7
210 12 5
211 13 3
212 0 0
213 4 12
214 8 0
215 1 10
216 11 7
217 7 4
218 15 4
219 13 6
220 5 14
221 1 6
222 8 13
223 15 9
224 8 5
225 7 10
226 8 12
227 0 5
228 4 13
229 13 12
230 10 0
231 4 12
232 4 1
233 11 10
234 11 12
235 14 11
236 1 5
237 12 3
238 8 15
239 1 1
240 9 4
241 5 8
242 5 3
243 0 14
244 0 1
245 3 9
246 13 13
247 11 1
248 6 5
249 8 9
250 3 2
251 0 13
252 5 11
253 2 7
254 5 1
255 9 5
256 1 2
257 5 13
258 8 3
259 15 0
260 4 13
261 8 14
262 4 3
263 2 14
264 0 8
265 10 3
266 11 6
267 0 10
268 12 14
269 8 8
270 13 11
271 3 4
272 5 15
273 7 6
274 6 0
275 15 5
276 12 10
277 9 1
278 3 8
279 8 6
280 6 9
281 13 3
282 0 11
283 7 2
284 7 13
285 1 9
286 6 10
287 14 8
288 12 4
289 3 15
290 2 0
291 3 6
292 0 15
293 4 1
294 3 13
295 1 10
296 14 10
297 7 9
298 2 3
299 7 10
300 15 2
301 2 9
302 14 7
303 15 3
304 13 9
305 10 13
306 4 5
307 14 0
308 6 12
309 0 14
310 15 2
311 8 9
312 3 9
313 12 7
314 4 6
315 15 15
316 11 10
317 3 5
318 8 2
319 5 7
320 14 8
321 0 6
322 14 15
323 15 6
324 8 7
325 3 8
326 5 14
327 7 11
328 8 4
329 7 15
330 6 13
331 9 12
332 15 3
333 8 13
334 9 3
335 14 3
336 3 1
337 13 14
338 4 7
339 8 12
340 4 6
341 0 13
342 1 14
343 10 3
344 9 2
345 3 10
346 4 7
347 2 8
348 4 12
349 8 13
350 11 2
351 15 2
352 7 14
353 2 6
354 0 0
355 12 13
356 7 7
357 4 13
358 15 3
359 10 14
360 7 12
361 10 5
362 0 10
363 1 10
364 3 14
365 5 0
366 6 15
367 2 4
368 8 15
369 14 12
370 6 12
371 15 4
372 10 8
373 3 9
374 12 9
375 11 1
376 6 1
377 9 15
378 4 6
379 11 3
380 10 13
381 6 9
382 0 7
383 3 3
384 0 10
385 1 13
386 10 1
387 15 10
388 2 15
389 0 12
390 9 11
391 9 4
392 5 13
393 14 13
394 4 3
395 11 7
396 2 3
397 12 1
398 15 7
399 15 15
400 7 1
401 13 3
402 7 4
403 13 8
404 2 9
405 0 14
406 14 9
407 8 6
408 15 0
409 15 5
410 4 9
411 6 6
412 8 3
413 6 2
414 8 15
415 1 14
416 15 11
417 13 0
418 12 5
419 3 13
420 5 10
421 12 10
422 12 15
423 15 1
424 2 4
425 6 14
426 11 0
427 10 9
428 0 9
429 11 15
430 3 3
431 5 15
432 0 5
433 10 2
434 11 11
435 8 8
436 15 12
437 15 14
438 6 0
439 11 2
440 3 0
441 12 2
442 13 15
443 13 2
444 5 14
445 3 8
446 8 2
447 10 8
448 7 15
449 13 10
450 8 10
451 13 7
452 8 14
453 9 6
454 2 5
455 0 1
456 1 11
457 0 0
458 0 13
459 8 5
460 9 7
461 11 4
462 4 15
463 5 12
464 14 0
465 5 4
466 15 10
467 11 3
468 8 13
469 11 9
470 9 0
471 12 9
472 4 7
473 13 6
474 13 3
475 7 9
476 0 1
477 0 15
478 3 1
479 8 0
480 1 13
481 6 3
482 0 8
483 4 0
484 14 2
485 0 0
486 5 13
487 15 4
488 4 3
489 2 10
490 6 15
491 14 14
492 7 5
493 3 6
494 10 12
495 10 3
496 1 9
497 11 8
498 13 7
499 1 3
500 15 0
501 11 10
502 3 5
503 4 1
504 3 0
505 2 9
506 13 12
507 0 7
508 7 4
509 2 11
510 4 14
511 8 14
512 0 12
513 2 5
514 8 12
515 11 12
516 5 15
517 7 14
518 0 13
519 14 3
520 1 8
521 2 0
522 1 10
523 11 7
524 9 6
525 12 14
526 10 10
527 15 2
528 4 11
529 11 11
530 2 14
531 6 9
532 3 7
533 11 12
534 5 12
535 14 1
536 1 14
537 2 8
538 6 14
539 4 0
540 15 13
541 14 15
542 4 1
543 0 8
544 10 0
545 3 4
546 4 6
547 7 2
548 2 6
549 3 0
550 14 13
551 4 15
552 11 3
553 14 8
554 5 1
555 7 3
556 9 8
557 10 11
558 0 4
559 9 11
560 11 5
561 12 0
562 10 4
563 9 4
564 1 5
565 15 11
566 1 12
567 12 4
568 1 15
569 15 8
570 8 7
571 2 12
572 2 0
573 2 5
574 14 2
575 6 2
576 1 11
577 13 0
578 13 14
579 12 5
580 1 5
581 5 5
582 15 1
583 8 15
584 8 3
585 12 0
586 11 10
587 4 12
588 2 11
589 10 9
590 10 4
591 9 1
592 10 5
593 5 4
594 15 10
595 10 4
596 3 14
597 0 1
598 3 11
599 13 5
600 11 2
601 5 5
602 13 8
603 15 7
604 13 7
605 15 8
606 15 11
607 3 10
608 5 15
609 11 3
610 2 14
611 14 10
612 12 4
613 2 5
614 7 8
615 0 14
616 14 6
617 4 11
618 9 13
619 12 8
620 3 14
621 15 2
622 2 2
623 9 5
624 11 0
625 13 11
626 15 12
627 3 3
628 1 10
629 4 12
630 14 0
631 4 15
632 12 13
633 15 13
634 5 3
635 10 15
636 12 6
637 8 14
638 2 15
639 2 14
640 9 2
641 3 6
642 0 11
643 11 13
644 7 6
645 9 0
646 15 6
647 15 5
648 12 15
649 4 6
650 13 13
651 3 4
652 15 1
653 13 0
654 11 1
655 11 2
656 3 11
657 10 13
658 6 15
659 12 0
660 9 12
661 9 9
662 4 8
663 2 10
664 14 12
665 6 5
666 5 8
667 0 5
668 0 10
669 7 0
670 15 15
671 8 12
672 9 13
673 14 5
674 4 3
675 15 10
676 9 15
677 9 10
678 4 8
679 3 14
680 14 10
681 9 12
682 10 3
683 13 9
684 14 9
685 5 15
686 10 5
687 7 13
688 1 7
689 10 7
690 7 1
691 6 10
692 10 4
693 10 13
694 15 0
695 7 3
696 15 7
697 2 7
698 1 6
699 10 0
700 4 13
701 2 4
702 4 11
703 6 8
704 13 3
705 11 6
706 11 5
707 9 7
708 2 13
709 12 10
710 1 13
711 7 7
712 0 6
713 6 7
714 1 7
715 5 5
716 1 4
717 8 0
718 3 8
719 4 7
720 11 10
721 6 11
722 7 5
723 12 14
724 2 6
725 0 13
726 5 3
727 0 9
728 9 1
729 10 2
730 11 9
731 8 12
732 11 7
733 5 7
734 2 3
735 5 14
736 8 3
737 8 10
738 13 9
739 8 15
740 14 0
741 4 1
742 1 8
743 9 0
744 9 8
745 15 8
746 8 14
747 3 7
748 2 5
749 13 10
750 6 3
751 0 8
752 13 8
753 0 0
754 5 9
755 12 7
756 1 15
757 15 7
758 3 13
759 1 10
760 7 12
761 9 2
762 7 2
763 13 2
764 7 11
765 13 14
766 12 5
767 5 4
# colocadas=768 ocupadas=101 mayor=78
