0 0 0
1 0 15
2 15 0
3 15 15
4 0 2
5 0 4
6 0 6
7 0 8
8 0 10
9 0 12
10 14 15
11 2 0
12 0 13
13 2 15
14 4 0
15 4 15
16 6 0
17 2 1
18 6 15
19 8 0
20 3 0
21 4 0
22 14 0
23 1 6
24 8 15
25 0 5
26 0 11
27 15 0
28 10 0
29 10 15
30 6 1
31 15 15
32 3 0
33 0 10
34 0 12
35 0 4
36 0 7
37 5 0
38 6 14
39 1 2
40 7 15
41 12 0
42 10 1
43 5 15
44 2 0
45 11 0
46 4 0
47 0 9
48 6 13
49 12 15
50 0 1
51 14 15
52 13 0
53 8 15
54 7 0
55 5 1
56 0 0
57 9 1
58 0 1
59 0 10
60 5 2
61 0 14
62 0 15
63 0 0
64 0 9
65 6 0
66 0 6
67 1 0
68 3 15
69 4 2
70 0 1
71 0 8
72 10 0
73 3 0
74 11 0
75 6 15
76 15 15
77 1 3
78 4 0
79 0 14
80 0 10
81 1 12
82 0 0
83 3 0
84 5 13
85 4 13
86 14 15
87 10 14
88 9 0
89 5 0
90 15 15
91 6 0
92 15 1
93 0 12
94 1 0
95 3 2
96 8 0
97 0 15
98 0 14
99 1 2
100 14 15
101 15 15
102 9 15
103 5 0
104 2 15
105 15 0
106 0 0
107 3 3
108 1 10
109 15 1
110 0 10
111 2 0
112 14 0
113 1 12
114 5 15
115 11 15
116 0 5
117 1 7
118 2 1
119 1 6
120 0 3
121 0 11
122 0 7
123 1 0
124 1 3
125 10 0
126 11 0
127 13 0
128 0 10
129 10 0
130 8 15
131 0 12
132 2 6
133 1 12
134 0 2
135 2 2
136 2 1
137 11 0
138 3 2
139 12 15
140 0 3
141 1 15
142 6 0
143 2 15
144 14 15
145 0 9
146 1 2
147 10 15
148 12 14
149 2 0
150 7 15
151 1 5
152 10 0
153 0 12
154 0 6
155 4 0
156 4 1
157 4 0
158 1 15
159 15 0
160 1 3
161 4 15
162 8 1
163 0 4
164 0 15
165 15 1
166 7 0
167 0 14
168 12 0
169 6 0
170 2 15
171 8 0
172 0 11
173 0 0
174 0 8
175 5 15
176 0 9
177 1 0
178 8 1
179 15 15
180 15 0
181 8 0
182 1 15
183 8 15
184 0 12
185 2 5
186 1 2
187 1 5
188 2 15
189 0 0
190 14 15
191 15 15
192 8 1
193 0 7
194 3 13
195 7 15
196 4 15
197 1 15
198 9 15
199 2 13
200 1 1
201 10 15
202 0 10
203 2 15
204 0 5
205 12 15
206 1 15
207 6 15
208 14 15
209 4 1
210 3 0
211 5 1
212 2 1
213 1 12
214 7 15
215 0 8
216 4 1
217 13 0
218 6 15
219 12 0
220 0 12
221 2 0
222 4 0
223 0 2
224 14 0
225 15 15
226 0 1
227 5 1
228 1 12
229 7 0
230 9 0
231 0 12
232 0 7
233 3 15
234 1 4
235 13 15
236 5 2
237 5 1
238 8 2
239 0 15
240 1 13
241 2 13
242 9 15
243 1 0
244 2 0
245 1 14
246 6 0
247 8 15
248 8 0
249 2 2
250 2 15
251 1 0
252 0 0
253 0 9
254 1 7
255 2 12
256 0 14
257 0 11
258 15 0
259 0 12
260 0 11
261 7 2
262 9 15
263 15 14
264 14 0
265 2 1
266 12 15
267 15 0
268 7 0
269 2 2
270 3 15
271 1 15
272 15 15
273 1 3
274 0 4
275 5 15
276 3 14
277 0 7
278 2 15
279 14 0
280 0 6
281 5 2
282 15 0
283 1 15
284 3 0
285 0 7
286 0 6
287 0 5
288 4 0
289 1 12
290 0 1
291 3 15
292 4 2
293 0 7
294 11 15
295 1 9
296 12 15
297 14 15
298 1 6
299 15 15
300 1 13
301 2 1
302 0 4
303 1 12
304 8 15
305 6 0
306 0 13
307 0 10
308 6 1
309 2 0
310 1 11
311 2 2
312 0 15
313 4 3
314 2 15
315 0 3
316 3 15
317 1 15
318 14 0
319 0 15
320 0 9
321 1 8
322 1 3
323 2 8
324 15 0
325 1 15
326 0 10
327 14 15
328 11 0
329 3 2
330 5 0
331 1 5
332 1 12
333 1 0
334 2 2
335 3 3
336 3 14
337 6 0
338 3 15
339 0 0
340 3 14
341 3 0
342 10 0
343 2 1
344 0 6
345 5 1
346 3 15
347 2 2
348 0 9
349 1 0
350 7 15
351 1 11
352 6 2
353 4 0
354 3 0
355 5 0
356 14 0
357 11 15
358 0 11
359 6 0
360 5 0
361 1 11
362 1 8
363 1 7
364 15 15
365 3 1
366 14 15
367 2 5
368 6 3
369 11 0
370 5 2
371 5 14
372 10 15
373 0 15
374 6 15
375 7 15
376 0 3
377 6 4
378 2 15
379 0 4
380 4 0
381 2 0
382 1 8
383 6 15
384 15 0
385 10 0
386 7 15
387 9 15
388 0 11
389 4 1
390 1 5
391 11 0
392 0 8
393 10 0
394 6 15
395 5 3
396 2 5
397 15 15
398 0 3
399 1 4
400 0 2
401 2 6
402 6 5
403 0 9
404 0 5
405 3 4
406 0 0
407 1 3
408 0 8
409 4 14
410 1 4
411 7 0
412 14 0
413 0 1
414 2 3
415 9 0
416 8 15
417 6 0
418 4 3
419 9 15
420 1 0
421 3 15
422 0 3
423 0 7
424 1 6
425 5 5
426 7 0
427 8 15
428 15 0
429 0 2
430 5 15
431 14 15
432 3 5
433 2 2
434 1 3
435 2 1
436 0 0
437 1 4
438 5 1
439 2 2
440 2 15
441 15 15
442 3 0
443 2 6
444 0 6
445 0 14
446 0 15
447 7 15
448 2 1
449 3 15
450 1 13
451 10 0
452 1 1
453 5 4
454 0 14
455 5 0
456 0 8
457 5 1
458 5 0
459 1 3
460 5 5
461 0 3
462 14 15
463 3 3
464 0 1
465 6 15
466 8 15
467 2 2
468 1 1
469 5 15
470 4 13
471 6 15
472 2 15
473 9 0
474 2 7
475 0 1
476 5 1
477 2 5
478 1 15
479 3 13
480 10 0
481 1 0
482 0 9
483 0 4
484 1 5
485 5 0
486 3 4
487 0 12
488 5 15
489 0 5
490 4 5
491 9 0
492 4 6
493 5 1
494 1 7
495 2 1
496 14 0
497 2 4
498 10 0
499 6 0
500 0 0
501 1 2
502 0 15
503 0 4
504 2 0
505 1 1
506 2 15
507 0 8
508 3 6
509 1 14
510 15 15
511 0 1
512 4 1
513 0 14
514 4 0
515 2 7
516 0 7
517 0 0
518 3 1
519 2 8
520 15 0
521 1 0
522 0 5
523 2 3
524 2 6
525 3 0
526 0 2
527 1 7
528 0 7
529 2 9
530 14 15
531 0 4
532 0 15
533 1 9
534 2 2
535 0 5
536 9 0
537 0 1
538 1 6
539 1 4
540 2 0
541 8 0
542 3 15
543 14 0
544 5 0
545 1 10
546 4 1
547 1 3
548 0 9
549 1 0
550 2 0
551 0 8
552 0 3
553 0 7
554 2 15
555 15 0
556 1 1
557 1 11
558 0 4
559 1 10
560 0 11
561 6 0
562 9 0
563 8 0
564 0 14
565 7 15
566 0 8
567 2 3
568 0 12
569 1 3
570 14 0
571 1 13
572 2 1
573 0 15
574 0 6
575 2 0
576 1 5
577 5 0
578 3 1
579 2 2
580 0 14
581 4 15
582 0 3
583 0 1
584 15 0
585 6 0
586 1 2
587 0 5
588 1 12
589 6 15
590 1 1
591 2 5
592 0 1
593 4 14
594 5 15
595 1 1
596 15 15
597 4 0
598 2 3
599 2 13
600 1 4
601 3 14
602 9 0
603 0 4
604 0 2
605 1 4
606 4 15
607 3 3
608 0 4
609 1 3
610 14 15
611 1 0
612 3 4
613 0 7
614 0 1
615 0 3
616 0 8
617 0 5
618 3 2
619 3 13
620 15 15
621 0 4
622 1 11
623 1 7
624 7 0
625 1 15
626 3 15
627 0 10
628 14 0
629 0 6
630 0 0
631 0 5
632 3 1
633 2 0
634 3 12
635 1 6
636 4 15
637 0 1
638 0 13
639 14 15
640 2 4
641 5 0
642 2 5
643 0 9
644 7 1
645 2 14
646 2 13
647 0 12
648 2 3
649 2 15
650 3 2
651 0 10
652 0 3
653 7 0
654 3 11
655 1 3
656 4 4
657 3 1
658 1 7
659 7 1
660 3 2
661 1 1
662 0 13
663 15 0
664 5 15
665 3 10
666 0 12
667 0 2
668 2 4
669 4 0
670 8 0
671 3 1
672 3 2
673 1 13
674 2 10
675 3 0
676 1 6
677 2 11
678 2 2
679 4 15
680 1 15
681 3 3
682 1 0
683 9 0
684 8 0
685 0 6
686 0 11
687 0 1
688 1 8
689 4 5
690 0 3
691 1 4
692 0 0
693 0 9
694 1 1
695 14 0
696 0 4
697 0 15
698 1 7
699 0 13
700 0 5
701 0 7
702 3 5
703 1 0
704 0 8
705 3 15
706 0 10
707 15 0
708 15 15
709 2 1
710 5 0
711 6 1
712 1 2
713 0 14
714 0 15
715 2 9
716 6 2
717 6 0
718 2 2
719 1 14
720 2 1
721 14 15
722 2 2
723 0 3
724 5 0
725 0 2
726 1 9
727 14 0
728 2 4
729 1 3
730 2 15
731 4 3
732 3 15
733 1 15
734 1 11
735 0 6
736 0 12
737 2 11
738 7 0
739 0 1
740 0 0
741 0 14
742 0 15
743 1 12
744 1 1
745 0 3
746 0 1
747 1 2
748 6 0
749 0 13
750 2 0
751 15 0
752 1 8
753 5 0
754 1 0
755 2 15
756 0 9
757 0 4
758 0 5
759 14 0
760 0 0
761 2 3
762 0 3
763 15 15
764 14 15
765 0 4
766 2 5
767 1 7
# colocadas=768 ocupadas=25 mayor=206
