0 0 0
1 0 15
2 15 0
3 15 15
4 14 0
5 0 2
6 0 4
7 0 6
8 0 8
9 1 2
10 0 10
11 0 12
12 2 0
13 2 15
14 4 0
15 4 15
16 6 0
17 6 15
18 8 0
19 8 15
20 10 0
21 10 15
22 12 0
23 11 15
24 13 15
25 15 1
26 15 3
27 15 5
28 15 7
29 15 9
30 15 11
31 15 13
32 1 5
33 1 7
34 0 9
35 7 15
36 1 10
37 9 15
38 1 13
39 1 11
40 2 3
41 1 14
42 2 6
43 2 8
44 2 10
45 2 12
46 15 0
47 3 1
48 0 3
49 3 4
50 3 7
51 3 9
52 3 11
53 4 7
54 3 13
55 4 2
56 3 6
57 14 13
58 4 5
59 2 1
60 4 10
61 14 7
62 4 11
63 6 14
64 0 11
65 6 1
66 5 3
67 6 0
68 15 13
69 15 6
70 5 1
71 3 2
72 5 6
73 5 8
74 14 1
75 14 0
76 3 15
77 4 1
78 15 1
79 5 12
80 14 15
81 6 1
82 6 4
83 6 7
84 6 9
85 7 0
86 6 2
87 3 11
88 6 11
89 7 3
90 7 5
91 0 1
92 7 7
93 7 10
94 4 11
95 7 13
96 8 1
97 8 4
98 2 15
99 6 12
100 5 14
101 1 12
102 8 6
103 8 8
104 1 4
105 2 5
106 8 11
107 8 14
108 15 5
109 1 0
110 4 8
111 0 10
112 1 8
113 6 11
114 3 7
115 2 6
116 2 9
117 8 12
118 9 2
119 6 15
120 3 6
121 9 5
122 8 15
123 15 14
124 0 14
125 1 11
126 1 13
127 2 12
128 9 7
129 9 9
130 9 11
131 9 13
132 10 3
133 6 1
134 10 6
135 7 6
136 3 14
137 4 2
138 15 13
139 4 13
140 10 8
141 10 10
142 8 7
143 15 8
144 10 4
145 0 4
146 3 9
147 15 15
148 10 12
149 10 14
150 9 12
151 0 0
152 11 12
153 11 1
154 5 7
155 1 14
156 11 11
157 11 8
158 7 15
159 11 3
160 11 5
161 5 15
162 11 13
163 13 7
164 7 14
165 5 5
166 0 5
167 12 2
168 1 15
169 2 9
170 8 3
171 1 13
172 5 10
173 2 0
174 8 12
175 12 11
176 14 15
177 6 8
178 15 6
179 5 9
180 10 15
181 15 9
182 3 12
183 13 2
184 12 2
185 10 12
186 6 12
187 4 3
188 3 8
189 12 4
190 2 1
191 13 4
192 5 11
193 4 10
194 0 2
195 1 1
196 2 13
197 1 3
198 10 7
199 5 4
200 15 14
201 11 12
202 15 0
203 0 7
204 15 12
205 2 3
206 2 11
207 6 6
208 3 10
209 9 14
210 1 3
211 1 4
212 4 11
213 10 13
214 7 6
215 4 9
216 5 13
217 6 0
218 5 10
219 15 5
220 2 0
221 1 2
222 9 13
223 15 6
224 12 6
225 1 6
226 0 6
227 13 0
228 9 14
229 1 7
230 8 0
231 11 14
232 9 6
233 12 9
234 7 8
235 4 12
236 15 2
237 3 0
238 5 0
239 12 15
240 3 1
241 10 8
242 8 8
243 5 11
244 1 1
245 11 8
246 15 5
247 2 7
248 4 8
249 10 12
250 15 7
251 12 13
252 3 8
253 1 2
254 13 15
255 1 1
256 15 3
257 11 15
258 8 11
259 4 13
260 1 13
261 7 7
262 2 2
263 1 10
264 3 3
265 4 6
266 13 10
267 1 9
268 8 13
269 9 1
270 10 5
271 10 2
272 11 0
273 0 8
274 1 11
275 11 13
276 13 12
277 6 5
278 13 1
279 1 7
280 15 1
281 8 6
282 2 8
283 2 10
284 15 0
285 6 6
286 4 0
287 11 4
288 4 7
289 15 1
290 2 6
291 5 3
292 6 10
293 0 11
294 6 4
295 7 13
296 5 4
297 2 5
298 3 9
299 7 2
300 14 2
301 3 10
302 9 6
303 0 7
304 11 10
305 5 13
306 13 8
307 12 15
308 10 8
309 5 14
310 1 6
311 10 10
312 12 14
313 0 8
314 9 10
315 13 13
316 5 13
317 11 6
318 4 11
319 8 7
320 5 11
321 3 0
322 9 13
323 6 14
324 10 0
325 0 7
326 9 4
327 8 9
328 7 12
329 10 11
330 3 15
331 7 7
332 15 11
333 0 9
334 5 6
335 4 0
336 10 12
337 13 3
338 2 10
339 9 5
340 6 6
341 7 9
342 5 6
343 3 6
344 2 4
345 13 12
346 11 7
347 11 15
348 2 3
349 10 11
350 7 11
351 3 5
352 12 0
353 3 2
354 11 0
355 4 10
356 7 3
357 6 15
358 2 14
359 10 3
360 8 9
361 1 7
362 10 5
363 1 10
364 4 15
365 7 9
366 10 1
367 0 3
368 14 9
369 9 3
370 6 0
371 4 8
372 8 6
373 7 0
374 3 10
375 15 8
376 4 5
377 14 10
378 4 4
379 6 5
380 10 3
381 6 12
382 3 9
383 1 5
384 9 3
385 8 4
386 4 5
387 0 8
388 12 15
389 15 0
390 8 0
391 8 8
392 3 1
393 13 10
394 3 15
395 15 2
396 1 2
397 1 12
398 13 0
399 7 5
400 12 1
401 0 2
402 9 4
403 8 11
404 3 10
405 5 1
406 13 4
407 0 3
408 7 0
409 10 14
410 5 14
411 15 13
412 6 7
413 3 7
414 2 2
415 0 10
416 12 6
417 3 0
418 3 5
419 10 7
420 0 5
421 7 12
422 9 6
423 15 14
424 4 10
425 1 0
426 8 6
427 2 1
428 8 7
429 13 13
430 13 7
431 7 13
432 12 5
433 6 3
434 1 5
435 8 8
436 15 6
437 0 13
438 15 4
439 3 10
440 8 4
441 15 7
442 9 5
443 1 6
444 14 2
445 4 7
446 5 8
447 7 7
448 6 1
449 3 2
450 13 11
451 13 3
452 7 12
453 11 12
454 11 14
455 15 13
456 12 13
457 7 4
458 1 3
459 2 6
460 15 10
461 13 13
462 9 15
463 6 5
464 10 4
465 4 5
466 14 8
467 4 8
468 7 11
469 1 13
470 5 1
471 13 1
472 3 13
473 1 10
474 11 15
475 11 5
476 2 3
477 5 9
478 11 14
479 15 3
480 2 9
481 1 1
482 12 13
483 0 9
484 6 0
485 15 12
486 0 4
487 7 6
488 0 5
489 11 2
490 14 0
491 13 14
492 4 10
493 6 13
494 9 0
495 7 3
496 13 13
497 7 4
498 15 8
499 2 13
500 7 15
501 15 5
502 1 4
503 9 7
504 0 1
505 2 8
506 7 8
507 10 10
508 2 9
509 1 0
510 1 8
511 1 12
512 8 13
513 0 2
514 9 1
515 3 10
516 2 14
517 8 14
518 11 9
519 7 0
520 3 14
521 10 12
522 2 5
523 5 8
524 1 2
525 4 15
526 8 2
527 0 0
528 0 6
529 3 4
530 10 15
531 4 7
532 8 10
533 8 13
534 2 0
535 9 12
536 15 15
537 2 6
538 3 1
539 11 11
540 8 3
541 8 11
542 0 4
543 8 5
544 0 3
545 0 1
546 15 13
547 15 0
548 12 1
549 7 2
550 9 14
551 15 4
552 15 12
553 9 10
554 3 5
555 5 9
556 13 15
557 9 4
558 0 5
559 0 2
560 6 4
561 4 1
562 2 4
563 3 8
564 1 0
565 15 5
566 2 0
567 2 8
568 10 13
569 1 5
570 3 15
571 8 0
572 0 1
573 13 10
574 5 7
575 8 9
576 12 15
577 3 6
578 8 6
579 3 9
580 10 10
581 9 9
582 12 12
583 0 15
584 15 2
585 0 10
586 5 0
587 6 12
588 9 5
589 6 6
590 0 4
591 4 10
592 6 9
593 10 0
594 10 11
595 13 14
596 7 6
597 4 2
598 5 3
599 3 5
600 15 4
601 2 15
602 14 0
603 7 10
604 0 7
605 11 12
606 14 15
607 9 15
608 9 2
609 8 7
610 5 15
611 0 5
612 10 12
613 1 3
614 5 4
615 2 7
616 3 12
617 14 1
618 2 3
619 12 9
620 10 11
621 5 8
622 7 1
623 5 9
624 12 10
625 5 6
626 14 9
627 0 2
628 9 1
629 6 8
630 1 1
631 1 15
632 12 9
633 0 15
634 8 12
635 0 3
636 5 12
637 8 8
638 1 14
639 0 4
640 1 10
641 0 1
642 2 13
643 5 7
644 5 10
645 4 8
646 13 9
647 7 0
648 14 9
649 13 6
650 5 6
651 9 13
652 6 1
653 7 7
654 6 10
655 9 11
656 3 15
657 10 12
658 4 14
659 10 14
660 4 7
661 3 1
662 0 5
663 12 0
664 5 14
665 11 0
666 4 4
667 1 7
668 6 14
669 0 6
670 3 11
671 8 15
672 4 15
673 0 10
674 7 5
675 14 3
676 9 15
677 5 15
678 1 15
679 7 13
680 6 4
681 1 0
682 7 12
683 0 14
684 10 2
685 5 2
686 3 6
687 1 2
688 14 14
689 2 4
690 15 14
691 1 6
692 0 11
693 14 2
694 6 15
695 1 4
696 6 0
697 3 4
698 11 14
699 5 11
700 14 10
701 12 10
702 7 6
703 5 12
704 4 2
705 11 15
706 8 2
707 9 0
708 6 11
709 10 11
710 14 3
711 13 9
712 2 14
713 15 7
714 8 0
715 11 4
716 8 5
717 6 6
718 12 15
719 8 15
720 0 2
721 6 3
722 9 1
723 4 11
724 0 10
725 6 7
726 2 1
727 12 6
728 7 5
729 5 14
730 9 0
731 12 0
732 0 15
733 5 5
734 0 14
735 11 1
736 10 3
737 11 6
738 2 2
739 14 9
740 12 1
741 2 3
742 3 2
743 2 2
744 10 10
745 3 7
746 9 10
747 5 7
748 0 0
749 11 0
750 5 11
751 11 5
752 0 12
753 8 10
754 15 11
755 14 10
756 0 4
757 8 11
758 1 11
759 8 3
760 2 6
761 7 0
762 13 0
763 4 7
764 3 8
765 4 4
766 15 15
767 5 7
# colocadas=768 ocupadas=100 mayor=76
