0 6 10
1 6 9
2 6 10
3 3 13
4 9 2
5 8 2
6 9 2
7 8 3
8 8 2
9 8 3
10 5 9
11 3 14
12 3 13
13 8 2
14 6 9
15 6 10
16 6 9
17 6 10
18 6 9
19 7 3
20 3 14
21 6 3
22 9 2
23 7 3
24 6 3
25 3 13
26 6 10
27 8 2
28 6 9
29 3 14
30 7 3
31 3 13
32 9 2
33 6 3
34 8 2
35 6 10
36 6 9
37 9 2
38 3 14
39 7 3
40 6 3
41 3 13
42 8 2
43 3 14
44 3 13
45 6 10
46 6 9
47 3 14
48 5 9
49 6 9
50 6 10
51 6 9
52 5 9
53 3 13
54 6 9
55 5 8
56 5 9
57 5 8
58 5 9
59 3 14
60 6 10
61 7 3
62 9 2
63 6 9
64 5 8
65 3 13
66 3 14
67 8 2
68 3 13
69 6 3
70 3 14
71 7 3
72 9 2
73 5 9
74 5 8
75 8 2
76 6 3
77 9 2
78 3 13
79 3 14
80 3 13
81 5 9
82 6 10
83 3 14
84 6 9
85 6 10
86 8 2
87 7 3
88 6 9
89 9 2
90 3 13
91 6 3
92 7 3
93 3 14
94 3 13
95 5 8
96 5 9
97 8 2
98 5 8
99 5 9
100 5 8
101 5 9
102 6 10
103 6 9
104 6 3
105 9 2
106 7 3
107 6 10
108 8 2
109 6 3
110 7 3
111 9 2
112 6 3
113 6 9
114 3 14
115 7 3
116 6 3
117 3 13
118 3 14
119 8 2
120 5 9
121 6 9
122 9 2
123 8 2
124 9 2
125 7 3
126 5 8
127 5 9
128 3 13
129 6 10
130 6 9
131 6 3
132 8 2
133 6 10
134 9 2
135 3 14
136 6 9
137 7 3
138 8 2
139 5 9
140 6 3
141 6 9
142 3 13
143 9 2
144 3 14
145 8 2
146 9 2
147 8 2
148 9 2
149 6 11
150 7 3
151 6 3
152 6 10
153 6 9
154 6 10
155 6 11
156 6 10
157 6 9
158 3 13
159 6 10
160 8 2
161 7 3
162 5 9
163 6 3
164 6 9
165 7 3
166 6 3
167 6 11
168 9 2
169 8 2
170 7 3
171 9 2
172 6 10
173 7 11
174 6 3
175 8 2
176 9 2
177 8 2
178 3 14
179 3 13
180 7 12
181 7 3
182 9 2
183 6 9
184 8 2
185 9 2
186 6 10
187 8 2
188 6 3
189 7 11
190 9 2
191 7 12
192 7 3
193 8 2
194 6 9
195 9 2
196 6 3
197 8 2
198 6 10
199 6 9
200 7 3
201 6 3
202 3 14
203 3 13
204 9 2
205 6 10
206 7 11
207 3 14
208 6 9
209 8 2
210 9 2
211 7 12
212 3 13
213 8 2
214 3 14
215 7 3
216 6 3
217 7 11
218 9 2
219 8 2
220 3 13
221 3 14
222 3 13
223 3 14
224 7 3
225 6 3
226 9 2
227 7 12
228 6 10
229 6 9
230 8 2
231 7 11
232 3 13
233 6 10
234 9 2
235 7 12
236 3 14
237 3 13
238 3 14
239 8 2
240 3 13
241 7 11
242 7 12
243 3 14
244 6 9
245 9 2
246 3 13
247 3 14
248 7 11
249 3 13
250 8 2
251 3 14
252 7 3
253 6 3
254 9 2
255 7 3
256 3 13
257 8 2
258 7 12
259 3 14
260 9 2
261 7 11
262 8 2
263 6 10
264 3 13
265 3 14
266 9 2
267 6 3
268 7 12
269 7 3
270 8 2
271 3 13
272 7 11
273 6 9
274 7 12
275 3 14
276 9 2
277 3 13
278 3 14
279 7 11
280 6 3
281 3 13
282 7 3
283 7 12
284 6 10
285 8 2
286 7 11
287 6 3
288 3 14
289 7 12
290 9 2
291 8 2
292 7 3
293 6 3
294 7 3
295 9 2
296 7 11
297 8 2
298 9 2
299 6 9
300 6 3
301 6 10
302 7 12
303 8 2
304 9 2
305 3 13
306 3 14
307 7 11
308 7 12
309 6 9
310 8 2
311 9 2
312 6 10
313 7 11
314 6 9
315 7 3
316 6 10
317 7 12
318 6 9
319 3 13
320 7 11
321 3 14
322 6 10
323 6 3
324 7 12
325 8 2
326 6 9
327 9 2
328 7 3
329 6 3
330 7 11
331 6 10
332 7 12
333 8 2
334 3 13
335 9 2
336 8 2
337 9 2
338 3 14
339 7 3
340 8 2
341 3 13
342 9 2
343 7 11
344 7 12
345 6 9
346 6 3
347 7 11
348 7 12
349 7 3
350 7 11
351 3 14
352 6 3
353 7 12
354 7 3
355 6 10
356 6 9
357 6 3
358 6 10
359 3 13
360 7 11
361 3 14
362 7 3
363 8 2
364 6 9
365 3 13
366 3 14
367 7 12
368 3 13
369 6 3
370 7 3
371 7 11
372 7 12
373 9 2
374 3 14
375 8 2
376 6 3
377 7 3
378 9 2
379 8 2
380 3 13
381 7 11
382 6 3
383 7 12
384 3 14
385 7 3
386 6 10
387 6 9
388 3 13
389 3 14
390 3 13
391 9 2
392 8 2
393 6 10
394 6 3
395 7 11
396 7 12
397 6 9
398 3 14
399 9 2
400 7 11
401 7 3
402 7 12
403 6 3
404 7 3
405 6 3
406 7 11
407 7 3
408 3 13
409 7 12
410 8 2
411 9 2
412 8 2
413 9 2
414 7 11
415 7 12
416 6 3
417 6 10
418 6 9
419 8 2
420 9 2
421 7 3
422 6 10
423 6 3
424 7 3
425 6 3
426 8 2
427 3 14
428 6 9
429 6 10
430 7 11
431 3 13
432 7 3
433 6 3
434 3 14
435 7 3
436 6 9
437 9 2
438 6 10
439 6 3
440 8 2
441 7 3
442 3 13
443 6 3
444 6 9
445 3 14
446 9 2
447 7 3
448 6 10
449 3 13
450 6 9
451 6 3
452 6 10
453 7 3
454 8 2
455 7 12
456 7 11
457 6 9
458 7 12
459 6 10
460 7 11
461 9 2
462 3 14
463 6 3
464 7 12
465 7 3
466 6 9
467 8 2
468 6 3
469 7 3
470 6 10
471 6 3
472 9 2
473 7 11
474 8 2
475 9 2
476 6 9
477 7 3
478 8 2
479 7 12
480 6 3
481 3 13
482 6 10
483 7 11
484 9 2
485 8 2
486 9 2
487 8 2
488 3 14
489 3 13
490 9 2
491 8 2
492 6 9
493 9 2
494 3 14
495 8 2
496 3 13
497 7 3
498 7 12
499 6 3
500 9 2
501 3 14
502 6 10
503 7 11
504 6 9
505 7 3
506 6 3
507 8 2
508 9 2
509 7 3
510 6 3
511 7 12
512 7 11
513 8 2
514 9 2
515 8 2
516 3 13
517 3 14
518 3 13
519 9 2
520 7 12
521 6 10
522 6 9
523 3 14
524 8 2
525 3 13
526 7 3
527 9 2
528 8 2
529 6 3
530 3 14
531 3 13
532 7 11
533 6 10
534 9 2
535 7 3
536 8 2
537 7 12
538 7 11
539 3 14
540 6 3
541 9 2
542 6 9
543 7 12
544 7 11
545 3 13
546 7 12
547 7 3
548 7 11
549 7 12
550 3 14
551 6 3
552 6 10
553 8 2
554 7 11
555 7 3
556 9 2
557 7 12
558 7 11
559 6 3
560 8 2
561 7 12
562 9 2
563 6 9
564 6 10
565 6 9
566 8 2
567 6 10
568 9 2
569 7 11
570 6 9
571 7 12
572 7 3
573 6 3
574 3 13
575 7 3
576 7 11
577 8 2
578 7 12
579 9 2
580 6 10
581 8 2
582 7 11
583 6 3
584 3 14
585 7 12
586 7 11
587 3 13
588 3 14
589 3 13
590 7 3
591 3 14
592 9 2
593 3 13
594 6 9
595 3 14
596 6 10
597 6 9
598 8 2
599 3 13
600 3 14
601 6 10
602 6 9
603 6 10
604 3 13
605 3 14
606 7 12
607 7 11
608 3 13
609 7 12
610 7 11
611 6 9
612 9 2
613 6 3
614 7 12
615 6 10
616 7 11
617 7 12
618 7 11
619 7 3
620 6 9
621 6 3
622 7 12
623 7 3
624 7 11
625 7 12
626 8 2
627 9 2
628 3 14
629 6 10
630 6 9
631 6 10
632 3 13
633 6 3
634 3 14
635 7 11
636 7 12
637 7 11
638 8 2
639 6 9
640 9 2
641 6 10
642 8 2
643 6 9
644 7 12
645 6 10
646 9 2
647 7 11
648 3 13
649 3 14
650 7 3
651 3 13
652 8 2
653 9 2
654 8 2
655 9 2
656 6 3
657 7 3
658 6 3
659 7 3
660 6 3
661 3 14
662 7 3
663 6 9
664 6 3
665 7 3
666 7 12
667 3 13
668 7 11
669 8 2
670 6 3
671 7 3
672 7 12
673 3 14
674 7 11
675 6 10
676 7 12
677 6 3
678 9 2
679 6 9
680 7 3
681 7 11
682 8 2
683 7 12
684 6 3
685 7 3
686 6 3
687 7 11
688 7 3
689 6 3
690 6 10
691 7 12
692 3 13
693 6 9
694 3 14
695 9 2
696 7 11
697 3 13
698 3 14
699 3 13
700 3 14
701 8 2
702 7 12
703 9 2
704 8 2
705 6 10
706 6 9
707 6 10
708 7 3
709 6 9
710 3 13
711 6 3
712 9 2
713 7 3
714 6 10
715 6 9
716 6 10
717 6 3
718 7 11
719 3 14
720 6 9
721 7 3
722 3 13
723 6 10
724 7 12
725 6 9
726 7 11
727 6 3
728 7 3
729 6 3
730 6 10
731 7 3
732 6 9
733 7 12
734 6 3
735 7 11
736 7 3
737 7 12
738 3 14
739 7 11
740 6 3
741 6 10
742 8 2
743 7 12
744 9 2
745 6 9
746 7 11
747 3 13
748 7 3
749 6 10
750 6 9
751 6 3
752 7 3
753 3 14
754 6 3
755 6 10
756 7 12
757 7 3
758 6 9
759 6 10
760 8 2
761 7 11
762 7 12
763 3 13
764 7 11
765 7 12
766 3 14
767 3 13
# colocadas=768 ocupadas=5 mayor=804
