0 0 0
1 0 15
2 15 0
3 15 15
4 14 0
5 0 2
6 0 4
7 0 6
8 1 4
9 0 3
10 14 15
11 0 1
12 0 8
13 0 10
14 0 12
15 1 0
16 2 15
17 3 0
18 15 0
19 4 15
20 5 0
21 0 14
22 6 15
23 0 15
24 0 5
25 0 13
26 7 0
27 8 15
28 5 1
29 2 4
30 9 0
31 10 15
32 4 0
33 4 14
34 1 4
35 4 13
36 15 15
37 3 15
38 11 0
39 14 15
40 12 0
41 11 0
42 1 15
43 4 15
44 6 0
45 6 14
46 14 0
47 5 2
48 2 4
49 0 7
50 12 15
51 15 1
52 6 15
53 12 14
54 8 14
55 13 0
56 0 15
57 9 15
58 2 15
59 4 2
60 11 15
61 3 2
62 7 15
63 3 0
64 15 15
65 5 15
66 4 0
67 4 15
68 10 15
69 8 13
70 15 0
71 13 1
72 12 13
73 12 15
74 0 12
75 13 0
76 0 9
77 15 1
78 0 11
79 2 14
80 14 15
81 3 15
82 2 0
83 1 0
84 7 0
85 14 0
86 4 15
87 6 15
88 9 1
89 3 15
90 0 0
91 0 1
92 2 0
93 15 15
94 5 15
95 9 15
96 11 15
97 10 0
98 1 9
99 8 1
100 5 0
101 6 15
102 0 8
103 8 15
104 4 0
105 14 15
106 13 0
107 8 2
108 7 13
109 0 7
110 10 15
111 15 15
112 4 15
113 7 2
114 11 13
115 0 14
116 15 0
117 12 0
118 6 13
119 3 13
120 10 13
121 6 0
122 3 15
123 8 14
124 9 0
125 5 15
126 9 13
127 3 12
128 1 5
129 6 2
130 14 0
131 0 9
132 1 0
133 2 15
134 0 12
135 0 6
136 5 13
137 11 0
138 8 15
139 3 0
140 0 4
141 2 13
142 1 6
143 2 3
144 0 0
145 2 0
146 15 0
147 14 15
148 8 13
149 0 2
150 4 0
151 0 7
152 7 13
153 7 15
154 7 12
155 6 12
156 6 11
157 0 5
158 3 11
159 0 8
160 0 4
161 0 1
162 8 0
163 3 1
164 5 2
165 1 13
166 0 6
167 4 13
168 0 15
169 14 0
170 9 0
171 5 11
172 9 15
173 3 2
174 12 0
175 5 10
176 15 15
177 7 0
178 3 13
179 10 15
180 1 2
181 2 4
182 2 11
183 3 12
184 3 13
185 15 0
186 1 14
187 1 0
188 9 15
189 0 10
190 3 1
191 1 10
192 4 2
193 4 15
194 0 3
195 2 2
196 4 10
197 10 0
198 0 11
199 0 0
200 6 15
201 14 0
202 0 12
203 2 12
204 4 3
205 9 0
206 6 0
207 0 9
208 4 14
209 1 11
210 1 4
211 1 5
212 3 3
213 8 0
214 0 1
215 8 15
216 2 0
217 11 0
218 1 13
219 3 12
220 4 1
221 1 2
222 1 10
223 3 11
224 0 11
225 0 14
226 0 15
227 4 15
228 2 10
229 1 12
230 9 15
231 0 14
232 6 1
233 0 15
234 7 15
235 2 12
236 6 0
237 0 12
238 10 0
239 0 7
240 15 0
241 0 4
242 0 6
243 2 3
244 0 2
245 0 3
246 3 12
247 2 11
248 10 15
249 14 0
250 1 10
251 3 1
252 9 15
253 1 2
254 0 7
255 1 1
256 6 1
257 0 14
258 5 0
259 1 0
260 3 10
261 0 0
262 7 0
263 5 15
264 2 0
265 3 9
266 10 15
267 15 0
268 8 15
269 3 13
270 0 2
271 0 6
272 3 2
273 1 4
274 4 15
275 8 0
276 5 15
277 0 8
278 4 15
279 2 12
280 0 11
281 6 2
282 1 15
283 3 15
284 0 12
285 0 9
286 0 11
287 0 8
288 2 9
289 0 12
290 14 15
291 0 1
292 15 15
293 4 15
294 0 4
295 7 15
296 1 4
297 14 15
298 9 15
299 2 15
300 2 11
301 5 15
302 5 2
303 0 4
304 1 12
305 3 0
306 2 2
307 0 15
308 0 3
309 2 0
310 3 11
311 1 13
312 3 2
313 1 4
314 1 14
315 4 15
316 3 0
317 0 11
318 2 2
319 0 0
320 2 3
321 0 12
322 0 10
323 2 2
324 3 3
325 1 5
326 0 1
327 0 5
328 1 13
329 14 0
330 3 14
331 6 15
332 1 2
333 15 15
334 0 7
335 0 11
336 15 0
337 0 9
338 5 15
339 0 4
340 1 7
341 0 6
342 1 8
343 2 10
344 14 15
345 4 15
346 0 12
347 0 14
348 7 0
349 14 0
350 9 0
351 1 7
352 0 3
353 15 0
354 7 15
355 2 13
356 7 1
357 3 12
358 0 8
359 0 5
360 0 6
361 3 11
362 0 4
363 5 15
364 4 14
365 0 5
366 2 3
367 0 3
368 1 4
369 0 6
370 1 15
371 10 15
372 4 2
373 9 15
374 10 15
375 0 9
376 1 13
377 9 15
378 2 13
379 1 0
380 0 5
381 1 13
382 10 15
383 0 6
384 0 5
385 0 0
386 0 7
387 15 15
388 0 15
389 6 0
390 9 15
391 0 1
392 14 0
393 10 15
394 3 14
395 3 12
396 0 0
397 1 10
398 0 2
399 1 0
400 4 15
401 0 3
402 0 0
403 5 0
404 2 13
405 6 0
406 0 8
407 4 0
408 2 15
409 2 0
410 3 0
411 6 15
412 7 15
413 0 10
414 7 2
415 5 15
416 0 13
417 15 0
418 1 7
419 0 2
420 0 6
421 8 15
422 3 2
423 7 15
424 1 13
425 2 4
426 3 3
427 6 2
428 0 1
429 4 15
430 2 5
431 6 15
432 0 12
433 0 0
434 0 4
435 0 1
436 2 14
437 1 0
438 2 3
439 0 13
440 0 0
441 0 9
442 0 1
443 0 14
444 2 12
445 9 15
446 3 3
447 7 15
448 5 0
449 6 0
450 10 15
451 0 8
452 1 13
453 5 2
454 1 5
455 6 15
456 4 14
457 4 2
458 2 0
459 0 15
460 1 3
461 4 15
462 1 15
463 2 1
464 2 7
465 1 7
466 0 3
467 9 15
468 5 0
469 1 10
470 6 0
471 3 15
472 4 0
473 4 15
474 2 5
475 0 11
476 14 15
477 3 4
478 1 5
479 2 4
480 2 15
481 0 5
482 4 14
483 14 0
484 3 15
485 5 15
486 1 6
487 2 5
488 0 2
489 2 15
490 7 0
491 0 6
492 0 13
493 6 15
494 2 14
495 3 2
496 1 6
497 1 0
498 0 9
499 0 8
500 1 12
501 1 14
502 0 6
503 0 0
504 0 1
505 2 15
506 0 0
507 15 0
508 3 15
509 2 7
510 15 15
511 1 9
512 0 7
513 3 0
514 2 14
515 0 14
516 0 8
517 0 7
518 1 15
519 8 15
520 2 13
521 3 3
522 0 15
523 2 4
524 0 4
525 1 0
526 2 15
527 0 0
528 0 1
529 0 13
530 3 15
531 9 15
532 0 14
533 0 8
534 1 7
535 14 0
536 14 15
537 1 15
538 15 0
539 1 10
540 0 5
541 0 13
542 0 2
543 0 1
544 2 2
545 4 0
546 5 15
547 8 0
548 4 13
549 3 14
550 2 1
551 2 12
552 4 15
553 14 0
554 1 9
555 2 5
556 0 15
557 1 6
558 1 2
559 3 0
560 0 0
561 15 0
562 15 15
563 8 15
564 1 7
565 2 11
566 1 6
567 2 14
568 3 2
569 0 2
570 2 10
571 7 15
572 4 0
573 6 15
574 1 7
575 2 3
576 1 15
577 0 9
578 1 1
579 7 15
580 14 0
581 1 3
582 3 13
583 0 15
584 2 12
585 4 13
586 1 11
587 0 12
588 1 6
589 2 4
590 0 6
591 0 13
592 14 15
593 0 5
594 0 10
595 0 7
596 3 15
597 7 0
598 0 3
599 0 9
600 2 9
601 2 8
602 0 1
603 1 7
604 3 12
605 4 14
606 15 15
607 1 14
608 2 9
609 0 2
610 3 0
611 0 4
612 0 10
613 1 1
614 1 0
615 1 15
616 2 12
617 0 11
618 14 15
619 0 15
620 1 10
621 2 5
622 2 14
623 15 15
624 1 15
625 0 6
626 1 4
627 0 4
628 2 8
629 0 0
630 2 0
631 0 15
632 1 15
633 0 15
634 1 13
635 1 6
636 0 13
637 0 1
638 2 2
639 2 4
640 4 13
641 0 2
642 0 9
643 0 7
644 0 3
645 6 15
646 3 4
647 5 15
648 3 3
649 0 5
650 2 4
651 0 8
652 1 14
653 2 15
654 2 6
655 1 9
656 3 8
657 3 13
658 0 1
659 1 5
660 0 6
661 3 2
662 4 3
663 3 15
664 0 4
665 2 15
666 0 7
667 14 15
668 0 3
669 1 12
670 2 12
671 1 13
672 3 0
673 3 14
674 1 0
675 0 9
676 1 14
677 4 0
678 0 14
679 1 15
680 0 0
681 0 6
682 6 0
683 2 2
684 2 8
685 7 0
686 1 10
687 0 5
688 3 6
689 0 12
690 2 6
691 4 2
692 3 15
693 0 8
694 2 11
695 1 12
696 2 14
697 0 7
698 0 4
699 2 12
700 1 3
701 0 13
702 2 0
703 1 12
704 6 0
705 0 14
706 1 6
707 2 7
708 1 5
709 15 0
710 0 9
711 4 3
712 0 8
713 0 9
714 6 15
715 0 10
716 0 8
717 1 0
718 0 13
719 2 13
720 1 6
721 0 1
722 2 8
723 0 12
724 14 0
725 0 0
726 5 0
727 0 5
728 0 7
729 0 3
730 1 8
731 4 15
732 2 1
733 1 4
734 2 2
735 0 15
736 2 8
737 0 11
738 15 15
739 1 3
740 0 14
741 14 15
742 2 1
743 13 15
744 15 0
745 0 8
746 2 3
747 0 1
748 0 3
749 0 6
750 1 12
751 0 10
752 2 0
753 2 2
754 0 15
755 1 2
756 0 12
757 0 11
758 2 4
759 1 5
760 1 11
761 1 13
762 0 4
763 0 0
764 5 15
765 0 7
766 0 5
767 1 0
# colocadas=768 ocupadas=25 mayor=198
