0 0 0
1 8 7
2 5 5
3 15 3
4 4 5
5 5 5
6 0 10
7 9 5
8 3 4
9 5 4
10 5 5
11 13 0
12 8 4
13 12 0
14 13 3
15 9 0
16 0 13
17 6 10
18 2 11
19 2 8
20 15 5
21 9 8
22 1 6
23 8 8
24 9 8
25 8 6
26 3 13
27 2 1
28 9 10
29 3 11
30 12 1
31 1 14
32 10 4
33 8 5
34 4 4
35 2 7
36 5 6
37 5 5
38 3 4
39 6 6
40 2 8
41 2 4
42 3 4
43 1 15
44 0 11
45 9 1
46 4 6
47 9 14
48 1 10
49 0 10
50 15 12
51 12 3
52 4 10
53 14 12
54 15 12
55 3 1
56 3 3
57 1 13
58 3 4
59 9 15
60 1 14
61 8 10
62 4 9
63 5 10
64 6 7
65 0 12
66 6 10
67 0 13
68 2 13
69 2 2
70 2 1
71 3 0
72 9 10
73 9 14
74 7 6
75 4 5
76 11 0
77 3 1
78 8 6
79 12 0
80 15 4
81 1 13
82 15 3
83 2 1
84 4 10
85 2 10
86 0 13
87 4 8
88 2 11
89 1 13
90 14 2
91 1 0
92 1 1
93 0 0
94 5 8
95 2 1
96 7 15
97 13 6
98 11 1
99 1 11
100 5 11
101 8 1
102 2 11
103 9 1
104 10 3
105 10 4
106 10 9
107 4 14
108 2 3
109 8 3
110 8 14
111 6 8
112 2 15
113 1 12
114 14 13
115 4 3
116 11 3
117 10 8
118 8 4
119 2 6
120 14 12
121 1 15
122 5 6
123 2 14
124 1 4
125 8 0
126 5 5
127 9 14
128 12 3
129 10 9
130 7 11
131 1 5
132 4 12
133 0 12
134 0 13
135 1 11
136 15 11
137 2 0
138 2 13
139 2 11
140 15 12
141 7 9
142 12 2
143 4 11
144 5 12
145 9 3
146 12 3
147 14 4
148 3 11
149 4 12
150 11 8
151 7 3
152 3 10
153 7 5
154 9 9
155 6 5
156 3 11
157 15 13
158 2 7
159 5 5
160 9 10
161 10 0
162 9 0
163 8 9
164 3 14
165 2 4
166 9 4
167 9 5
168 9 7
169 11 3
170 12 6
171 6 4
172 0 14
173 8 15
174 10 8
175 3 10
176 14 5
177 4 9
178 3 3
179 1 14
180 4 13
181 3 11
182 9 13
183 10 5
184 9 5
185 8 7
186 11 0
187 5 10
188 9 14
189 6 10
190 9 15
191 6 9
192 2 12
193 4 8
194 5 3
195 3 4
196 6 3
197 2 9
198 0 14
199 15 4
200 2 14
201 7 7
202 8 7
203 8 6
204 12 0
205 2 8
206 15 3
207 1 12
208 5 8
209 0 5
210 1 9
211 1 8
212 2 13
213 0 13
214 0 1
215 6 10
216 1 11
217 2 11
218 12 1
219 2 3
220 8 15
221 1 1
222 1 5
223 2 2
224 8 5
225 3 3
226 2 3
227 2 6
228 1 6
229 7 6
230 6 15
231 7 8
232 0 15
233 1 15
234 8 1
235 8 13
236 3 12
237 12 3
238 2 10
239 8 8
240 3 0
241 14 13
242 13 2
243 3 13
244 1 0
245 13 13
246 3 2
247 8 6
248 9 15
249 6 7
250 13 3
251 9 1
252 9 14
253 3 3
254 9 8
255 3 4
256 4 12
257 8 8
258 11 8
259 2 11
260 6 4
261 0 2
262 2 9
263 7 0
264 4 10
265 15 12
266 2 8
267 10 3
268 3 1
269 8 3
270 8 10
271 8 4
272 15 6
273 4 3
274 6 0
275 8 0
276 9 0
277 1 11
278 3 6
279 7 6
280 8 6
281 4 4
282 3 15
283 4 8
284 8 7
285 1 10
286 11 3
287 6 5
288 9 10
289 8 6
290 10 5
291 15 5
292 0 1
293 6 1
294 12 3
295 2 1
296 12 2
297 10 4
298 5 10
299 2 13
300 0 0
301 5 8
302 5 4
303 4 2
304 7 10
305 6 11
306 9 9
307 8 7
308 14 13
309 5 11
310 7 7
311 6 10
312 9 2
313 4 3
314 7 10
315 9 1
316 4 11
317 5 5
318 3 12
319 0 3
320 2 12
321 12 3
322 1 5
323 3 13
324 15 7
325 4 4
326 5 11
327 13 1
328 9 0
329 6 6
330 14 11
331 8 2
332 6 10
333 7 8
334 1 11
335 11 3
336 6 7
337 7 9
338 4 8
339 8 9
340 1 12
341 13 2
342 1 13
343 14 12
344 10 5
345 8 1
346 1 6
347 8 8
348 1 9
349 6 8
350 10 8
351 1 10
352 0 10
353 3 1
354 7 6
355 13 1
356 13 6
357 2 6
358 12 1
359 7 4
360 15 12
361 8 7
362 8 10
363 5 8
364 13 11
365 15 11
366 14 7
367 6 3
368 3 12
369 7 5
370 1 12
371 9 15
372 5 3
373 7 15
374 5 9
375 12 3
376 2 5
377 2 7
378 2 4
379 14 3
380 7 4
381 9 1
382 5 10
383 10 4
384 8 4
385 5 12
386 1 11
387 7 7
388 8 9
389 4 6
390 6 15
391 0 2
392 3 0
393 2 8
394 13 12
395 13 3
396 3 3
397 5 4
398 0 9
399 14 2
400 3 7
401 6 4
402 6 12
403 11 8
404 14 1
405 2 9
406 6 9
407 9 4
408 0 12
409 5 13
410 3 11
411 3 14
412 7 2
413 9 11
414 1 10
415 4 8
416 4 5
417 3 1
418 1 12
419 13 13
420 11 4
421 2 2
422 6 3
423 4 14
424 15 1
425 7 15
426 5 3
427 0 10
428 0 3
429 8 2
430 9 10
431 2 1
432 5 5
433 15 6
434 1 7
435 0 2
436 4 2
437 14 0
438 5 12
439 15 0
440 6 13
441 12 4
442 8 11
443 2 2
444 12 3
445 9 14
446 3 9
447 6 2
448 2 10
449 3 0
450 2 7
451 7 9
452 9 0
453 7 0
454 9 1
455 3 14
456 8 1
457 12 6
458 3 4
459 2 3
460 13 0
461 8 0
462 5 7
463 14 3
464 7 5
465 1 11
466 4 12
467 9 15
468 10 8
469 12 0
470 2 9
471 3 6
472 2 10
473 5 8
474 9 2
475 4 5
476 10 6
477 4 9
478 9 1
479 5 11
480 2 15
481 8 15
482 8 1
483 10 2
484 1 12
485 4 14
486 10 4
487 6 3
488 1 8
489 10 5
490 5 6
491 8 8
492 15 1
493 2 2
494 8 2
495 13 6
496 9 8
497 6 12
498 12 5
499 11 1
500 2 5
501 4 3
502 10 3
503 14 13
504 7 4
505 2 14
506 0 3
507 6 9
508 3 14
509 8 3
510 6 7
511 5 5
512 0 5
513 9 5
514 9 2
515 15 0
516 12 1
517 1 5
518 2 15
519 6 14
520 13 13
521 8 0
522 3 3
523 4 8
524 7 15
525 10 1
526 2 14
527 7 3
528 5 4
529 2 3
530 4 7
531 9 14
532 8 10
533 0 5
534 8 2
535 7 12
536 15 5
537 3 2
538 2 1
539 3 9
540 8 3
541 7 10
542 2 8
543 7 11
544 4 4
545 9 4
546 4 15
547 4 6
548 2 6
549 2 13
550 6 13
551 5 3
552 4 14
553 6 8
554 15 12
555 4 9
556 8 10
557 7 4
558 1 8
559 9 5
560 5 12
561 3 1
562 11 6
563 1 15
564 7 2
565 4 3
566 8 2
567 2 14
568 0 12
569 2 8
570 13 12
571 6 15
572 9 4
573 1 7
574 0 13
575 10 10
576 8 9
577 14 12
578 8 11
579 1 14
580 6 9
581 10 9
582 7 1
583 9 6
584 13 3
585 4 8
586 11 4
587 10 0
588 8 4
589 1 15
590 10 4
591 15 1
592 0 2
593 15 7
594 3 8
595 8 8
596 7 2
597 2 0
598 12 3
599 15 12
600 3 3
601 14 12
602 0 8
603 14 2
604 9 7
605 8 1
606 14 5
607 5 7
608 9 3
609 13 13
610 2 11
611 5 3
612 3 7
613 3 4
614 6 12
615 4 2
616 8 14
617 8 7
618 11 5
619 3 15
620 2 7
621 5 9
622 1 13
623 0 1
624 4 15
625 15 5
626 5 12
627 8 15
628 9 2
629 0 2
630 9 5
631 10 6
632 3 15
633 11 6
634 7 11
635 10 3
636 9 0
637 14 13
638 1 5
639 4 3
640 5 8
641 7 4
642 12 2
643 15 4
644 2 13
645 9 15
646 4 12
647 7 15
648 5 12
649 8 10
650 7 3
651 0 4
652 2 12
653 6 2
654 13 2
655 3 7
656 13 12
657 7 1
658 11 1
659 8 1
660 15 5
661 0 9
662 4 4
663 8 6
664 4 13
665 7 6
666 1 12
667 6 8
668 3 13
669 9 8
670 9 14
671 6 7
672 3 11
673 5 1
674 14 2
675 7 10
676 7 7
677 2 11
678 11 7
679 3 2
680 14 6
681 7 2
682 11 8
683 1 4
684 10 4
685 2 1
686 9 10
687 8 14
688 7 8
689 2 2
690 8 8
691 2 7
692 6 1
693 7 9
694 1 5
695 2 3
696 3 12
697 1 11
698 8 2
699 10 0
700 6 11
701 2 15
702 14 3
703 9 0
704 2 2
705 9 9
706 9 3
707 9 1
708 14 11
709 6 10
710 6 9
711 4 12
712 12 1
713 12 4
714 6 15
715 8 6
716 8 5
717 14 2
718 8 9
719 6 7
720 11 3
721 14 7
722 10 1
723 15 0
724 10 3
725 0 3
726 9 6
727 7 10
728 9 5
729 3 14
730 9 1
731 3 6
732 2 4
733 8 3
734 1 4
735 7 5
736 9 4
737 2 6
738 11 6
739 13 1
740 8 5
741 11 5
742 0 10
743 11 6
744 8 4
745 15 4
746 10 8
747 0 2
748 7 5
749 15 6
750 15 1
751 0 15
752 15 0
753 10 9
754 4 13
755 13 0
756 2 4
757 2 8
758 14 3
759 9 2
760 8 10
761 1 12
762 1 8
763 0 3
764 1 13
765 1 10
766 7 8
767 0 2
# colocadas=768 ocupadas=114 mayor=76
