0 15 10
1 16 10
2 15 10
3 25 27
4 1 31
5 2 31
6 1 31
7 2 30
8 2 31
9 2 30
10 17 10
11 26 27
12 25 27
13 2 31
14 16 10
15 15 10
16 16 10
17 15 10
18 16 10
19 2 29
20 26 27
21 2 30
22 1 31
23 2 31
24 2 30
25 25 27
26 15 10
27 2 31
28 16 10
29 26 27
30 2 29
31 25 27
32 1 31
33 2 30
34 2 31
35 15 10
36 16 10
37 1 31
38 26 27
39 2 31
40 2 30
41 25 27
42 2 31
43 26 27
44 25 27
45 15 10
46 17 9
47 26 27
48 17 8
49 16 10
50 15 10
51 17 9
52 17 8
53 25 27
54 16 10
55 17 9
56 17 8
57 17 9
58 17 8
59 26 27
60 15 10
61 2 29
62 1 31
63 16 10
64 17 9
65 25 27
66 26 27
67 2 31
68 25 27
69 2 30
70 26 27
71 2 29
72 1 31
73 17 8
74 17 9
75 2 31
76 2 30
77 1 31
78 25 27
79 26 27
80 25 27
81 17 8
82 15 10
83 26 27
84 16 10
85 15 10
86 2 31
87 2 29
88 16 10
89 1 31
90 25 27
91 2 30
92 2 31
93 26 27
94 25 27
95 17 9
96 17 8
97 0 31
98 17 9
99 17 8
100 17 9
101 17 8
102 15 10
103 16 10
104 2 30
105 1 31
106 2 31
107 15 10
108 0 31
109 2 30
110 2 31
111 1 31
112 2 30
113 17 9
114 26 27
115 2 31
116 2 30
117 25 27
118 26 27
119 2 31
120 17 8
121 16 10
122 1 31
123 2 31
124 1 31
125 2 31
126 17 9
127 17 8
128 25 27
129 15 10
130 16 10
131 2 30
132 2 31
133 15 10
134 1 31
135 26 27
136 17 9
137 2 31
138 0 31
139 17 8
140 2 30
141 17 9
142 25 27
143 1 31
144 26 27
145 2 31
146 1 31
147 2 31
148 1 31
149 16 10
150 2 31
151 2 30
152 17 8
153 17 9
154 15 10
155 16 10
156 17 8
157 17 9
158 25 27
159 15 10
160 2 31
161 2 29
162 17 8
163 2 30
164 17 9
165 2 29
166 2 30
167 16 10
168 1 31
169 2 31
170 2 29
171 1 31
172 17 8
173 15 10
174 2 30
175 2 31
176 1 31
177 2 31
178 26 27
179 25 27
180 16 10
181 2 29
182 1 31
183 17 9
184 2 31
185 1 31
186 17 8
187 2 31
188 2 30
189 15 10
190 1 31
191 16 10
192 2 31
193 0 31
194 17 9
195 1 31
196 2 30
197 2 31
198 17 8
199 17 9
200 2 29
201 2 30
202 26 27
203 25 27
204 1 31
205 17 8
206 15 10
207 26 27
208 17 9
209 2 31
210 1 31
211 16 10
212 25 27
213 2 31
214 26 27
215 2 29
216 2 30
217 15 10
218 1 31
219 2 31
220 25 27
221 26 27
222 25 27
223 26 27
224 2 29
225 2 30
226 1 31
227 16 10
228 17 8
229 17 9
230 2 31
231 15 10
232 25 27
233 17 8
234 1 31
235 16 10
236 26 27
237 25 27
238 26 27
239 2 31
240 25 27
241 15 10
242 16 10
243 26 27
244 17 9
245 1 31
246 25 27
247 26 27
248 15 10
249 25 27
250 2 31
251 26 27
252 2 29
253 2 30
254 1 31
255 2 31
256 25 27
257 0 31
258 16 10
259 26 27
260 1 31
261 15 10
262 0 31
263 17 8
264 25 27
265 26 27
266 1 31
267 2 30
268 16 10
269 2 31
270 0 31
271 25 27
272 15 10
273 17 9
274 16 10
275 26 27
276 1 31
277 25 27
278 26 27
279 15 10
280 2 30
281 25 27
282 2 31
283 16 10
284 17 8
285 0 31
286 15 10
287 2 30
288 26 27
289 16 10
290 1 31
291 2 31
292 2 29
293 2 30
294 2 29
295 1 31
296 15 10
297 2 31
298 1 31
299 17 9
300 2 30
301 17 8
302 16 10
303 2 31
304 1 31
305 25 27
306 26 27
307 15 10
308 16 10
309 17 9
310 2 31
311 1 31
312 17 8
313 15 10
314 17 9
315 2 31
316 17 8
317 16 10
318 17 9
319 25 27
320 15 10
321 26 27
322 17 8
323 2 30
324 16 10
325 2 31
326 17 9
327 1 31
328 2 31
329 2 30
330 15 10
331 17 8
332 16 10
333 2 31
334 25 27
335 1 31
336 2 31
337 1 31
338 26 27
339 2 31
340 0 31
341 25 27
342 1 31
343 15 10
344 16 10
345 17 9
346 2 30
347 15 10
348 16 10
349 2 31
350 15 10
351 26 27
352 2 30
353 16 10
354 2 31
355 17 8
356 17 9
357 2 30
358 17 8
359 25 27
360 15 10
361 26 27
362 2 31
363 0 31
364 17 9
365 25 27
366 26 27
367 16 10
368 25 27
369 2 30
370 2 31
371 15 10
372 16 10
373 1 31
374 26 27
375 0 31
376 2 30
377 2 31
378 1 31
379 0 31
380 25 27
381 15 10
382 2 30
383 16 10
384 26 27
385 2 31
386 17 8
387 17 9
388 25 27
389 26 27
390 25 27
391 1 31
392 0 31
393 17 8
394 2 30
395 15 10
396 16 10
397 17 9
398 26 27
399 1 31
400 15 10
401 2 31
402 16 10
403 2 30
404 2 31
405 2 30
406 15 10
407 2 31
408 25 27
409 16 10
410 0 31
411 1 31
412 0 31
413 1 31
414 15 10
415 16 10
416 2 30
417 17 8
418 17 9
419 2 31
420 1 31
421 2 31
422 17 8
423 2 30
424 2 31
425 2 30
426 2 31
427 26 27
428 17 9
429 17 8
430 15 10
431 25 27
432 2 29
433 2 30
434 26 27
435 2 29
436 17 9
437 1 31
438 17 8
439 2 30
440 2 31
441 2 29
442 25 27
443 2 30
444 17 9
445 26 27
446 1 31
447 2 31
448 17 8
449 25 27
450 17 9
451 2 30
452 17 8
453 2 31
454 0 31
455 16 10
456 15 10
457 17 9
458 16 10
459 17 8
460 15 10
461 1 31
462 26 27
463 2 30
464 16 10
465 2 31
466 17 9
467 0 31
468 2 30
469 2 31
470 17 8
471 2 30
472 1 31
473 15 10
474 2 31
475 1 31
476 17 9
477 2 31
478 0 31
479 16 10
480 2 30
481 25 27
482 17 8
483 15 10
484 1 31
485 2 31
486 1 31
487 2 31
488 26 27
489 25 27
490 1 31
491 2 31
492 17 9
493 1 31
494 26 27
495 2 31
496 25 27
497 2 29
498 16 10
499 2 30
500 1 31
501 26 27
502 17 8
503 15 10
504 17 9
505 2 31
506 2 30
507 2 31
508 1 31
509 2 31
510 2 30
511 16 10
512 15 10
513 2 31
514 1 31
515 2 31
516 25 27
517 26 27
518 25 27
519 1 31
520 16 10
521 17 8
522 17 9
523 26 27
524 2 31
525 25 27
526 2 29
527 1 31
528 2 31
529 2 30
530 26 27
531 25 27
532 15 10
533 17 8
534 1 31
535 2 31
536 0 31
537 16 10
538 15 10
539 26 27
540 2 30
541 1 31
542 17 9
543 16 10
544 15 10
545 25 27
546 16 10
547 2 31
548 15 10
549 16 10
550 26 27
551 2 30
552 17 8
553 2 31
554 15 10
555 2 29
556 1 31
557 16 10
558 15 10
559 2 30
560 2 31
561 16 10
562 1 31
563 17 9
564 17 8
565 17 9
566 2 31
567 17 8
568 1 31
569 15 10
570 17 9
571 16 10
572 2 31
573 2 30
574 25 27
575 2 31
576 15 10
577 0 31
578 16 10
579 1 31
580 17 8
581 0 31
582 15 10
583 2 30
584 26 27
585 16 10
586 15 10
587 25 27
588 26 27
589 25 27
590 2 31
591 26 27
592 1 31
593 25 27
594 17 9
595 26 27
596 17 8
597 17 9
598 0 31
599 25 27
600 26 27
601 17 8
602 17 9
603 17 8
604 25 27
605 26 27
606 16 10
607 15 10
608 25 27
609 16 10
610 15 10
611 17 9
612 1 31
613 2 30
614 16 10
615 17 8
616 15 10
617 16 10
618 15 10
619 2 31
620 17 9
621 2 30
622 16 10
623 2 31
624 15 10
625 16 10
626 0 31
627 1 31
628 26 27
629 17 8
630 17 9
631 17 8
632 25 27
633 2 30
634 26 27
635 15 10
636 16 10
637 15 10
638 2 31
639 17 9
640 1 31
641 17 8
642 2 31
643 17 9
644 16 10
645 17 8
646 1 31
647 15 10
648 25 27
649 26 27
650 2 31
651 25 27
652 0 31
653 1 31
654 0 31
655 1 31
656 2 30
657 2 31
658 2 30
659 2 31
660 2 30
661 26 27
662 2 31
663 17 9
664 2 30
665 2 31
666 16 10
667 25 27
668 15 10
669 0 31
670 2 30
671 2 31
672 16 10
673 26 27
674 15 10
675 17 8
676 16 10
677 2 30
678 1 31
679 17 9
680 2 31
681 15 10
682 0 31
683 16 10
684 1 31
685 2 31
686 2 30
687 15 10
688 2 31
689 2 30
690 17 8
691 16 10
692 25 27
693 17 9
694 26 27
695 1 31
696 15 10
697 25 27
698 26 27
699 25 27
700 26 27
701 2 31
702 16 10
703 1 31
704 2 31
705 17 8
706 17 9
707 17 8
708 2 29
709 17 9
710 25 27
711 2 30
712 1 31
713 2 31
714 17 8
715 17 9
716 17 8
717 2 30
718 15 10
719 26 27
720 17 9
721 2 31
722 25 27
723 17 8
724 16 10
725 17 9
726 15 10
727 2 30
728 2 31
729 2 30
730 17 8
731 2 31
732 17 9
733 16 10
734 2 30
735 15 10
736 2 31
737 16 10
738 26 27
739 15 10
740 2 30
741 17 8
742 2 31
743 16 10
744 1 31
745 17 9
746 15 10
747 25 27
748 2 31
749 17 8
750 17 9
751 2 30
752 2 31
753 26 27
754 2 30
755 17 8
756 16 10
757 2 31
758 17 9
759 17 8
760 0 31
761 15 10
762 16 10
763 25 27
764 15 10
765 16 10
766 26 27
767 25 27
768 15 10
769 2 30
770 1 31
771 17 9
772 17 8
773 16 10
774 17 9
775 2 31
776 15 10
777 17 8
778 17 9
779 0 31
780 1 31
781 2 30
782 17 8
783 17 9
784 16 10
785 26 27
786 2 31
787 17 8
788 2 30
789 15 10
790 16 10
791 17 9
792 2 31
793 17 8
794 15 10
795 17 9
796 25 27
797 16 10
798 17 8
799 26 27
800 17 9
801 2 29
802 25 27
803 15 10
804 16 10
805 1 31
806 2 31
807 26 27
808 1 31
809 2 31
810 15 10
811 1 31
812 17 8
813 2 31
814 17 9
815 25 27
816 1 31
817 16 10
818 17 8
819 26 27
820 15 10
821 2 31
822 16 10
823 17 9
824 17 8
825 2 30
826 15 10
827 25 27
828 1 31
829 2 31
830 17 9
831 26 27
832 17 8
833 25 27
834 16 10
835 0 31
836 1 31
837 17 9
838 26 27
839 2 30
840 15 10
841 17 8
842 2 31
843 16 10
844 15 10
845 2 29
846 2 30
847 2 29
848 17 9
849 17 8
850 1 31
851 2 30
852 17 9
853 16 10
854 25 27
855 15 10
856 16 10
857 17 8
858 2 31
859 2 29
860 17 9
861 17 8
862 15 10
863 2 30
864 17 9
865 26 27
866 1 31
867 2 31
868 25 27
869 17 8
870 2 29
871 1 31
872 2 31
873 2 30
874 1 31
875 26 27
876 17 9
877 2 31
878 16 10
879 17 8
880 25 27
881 26 27
882 17 9
883 25 27
884 15 10
885 26 27
886 2 30
887 2 31
888 25 27
889 2 30
890 2 31
891 1 31
892 2 31
893 2 29
894 17 8
895 1 31
896 2 30
897 2 31
898 1 31
899 2 31
900 2 29
901 2 30
902 1 31
903 2 31
904 17 9
905 26 27
906 25 27
907 0 31
908 1 31
909 0 31
910 26 27
911 1 31
912 17 8
913 16 10
914 17 9
915 17 8
916 15 10
917 25 27
918 26 27
919 2 30
920 17 9
921 17 8
922 2 31
923 1 31
924 16 10
925 15 10
926 17 9
927 2 31
928 17 8
929 1 31
930 2 31
931 0 31
932 25 27
933 1 31
934 16 10
935 26 27
936 0 31
937 17 9
938 1 31
939 25 27
940 15 10
941 17 8
942 17 9
943 16 10
944 26 27
945 15 10
946 17 8
947 2 31
948 2 30
949 25 27
950 16 10
951 15 10
952 26 27
953 1 31
954 2 31
955 25 27
956 16 10
957 1 31
958 2 31
959 1 31
960 15 10
961 2 31
962 26 27
963 16 10
964 25 27
965 17 9
966 26 27
967 2 30
968 2 31
969 25 27
970 15 10
971 16 10
972 2 30
973 2 31
974 17 8
975 0 31
976 2 30
977 17 9
978 2 31
979 15 10
980 16 10
981 1 31
982 15 10
983 2 30
984 17 8
985 16 10
986 15 10
987 2 31
988 26 27
989 17 9
990 17 8
991 25 27
992 17 9
993 16 10
994 15 10
995 2 29
996 1 31
997 17 8
998 2 30
999 26 27
1000 16 10
1001 2 31
1002 25 27
1003 1 31
1004 26 27
1005 2 31
1006 17 9
1007 2 30
1008 25 27
1009 15 10
1010 16 10
1011 2 31
1012 26 27
1013 25 27
1014 1 31
1015 2 31
1016 26 27
1017 2 29
1018 15 10
1019 1 31
1020 17 8
1021 2 31
1022 17 9
1023 1 31
1024 2 31
1025 16 10
1026 25 27
1027 26 27
1028 2 30
1029 2 29
1030 1 31
1031 2 31
1032 2 30
1033 15 10
1034 16 10
1035 17 8
1036 1 31
1037 2 31
1038 1 31
1039 25 27
1040 15 10
1041 17 9
1042 2 31
1043 16 10
1044 26 27
1045 17 8
1046 15 10
1047 16 10
1048 17 9
1049 17 8
1050 25 27
1051 2 29
1052 15 10
1053 17 9
1054 26 27
1055 16 10
1056 15 10
1057 1 31
1058 2 30
1059 2 31
1060 1 31
1061 17 8
1062 2 31
1063 17 9
1064 17 8
1065 2 30
1066 2 31
1067 16 10
1068 25 27
1069 17 9
1070 1 31
1071 2 31
1072 2 30
1073 15 10
1074 2 31
1075 26 27
1076 1 31
1077 25 27
1078 2 31
1079 2 30
1080 26 27
1081 17 8
1082 2 31
1083 25 27
1084 26 27
1085 16 10
1086 25 27
1087 15 10
1088 26 27
1089 17 9
1090 2 29
1091 17 8
1092 2 30
1093 17 9
1094 25 27
1095 26 27
1096 1 31
1097 2 31
1098 16 10
1099 25 27
1100 15 10
1101 26 27
1102 25 27
1103 16 10
1104 17 8
1105 2 30
1106 2 31
1107 15 10
1108 26 27
1109 0 31
1110 17 9
1111 2 30
1112 2 31
1113 25 27
1114 26 27
1115 17 8
1116 16 10
1117 1 31
1118 2 30
1119 2 31
1120 25 27
1121 1 31
1122 26 27
1123 25 27
1124 17 9
1125 15 10
1126 17 8
1127 2 31
1128 2 30
1129 17 9
1130 17 8
1131 16 10
1132 15 10
1133 2 31
1134 16 10
1135 15 10
1136 17 9
1137 2 29
1138 16 10
1139 1 31
1140 26 27
1141 17 8
1142 2 31
1143 15 10
1144 25 27
1145 17 9
1146 2 30
1147 1 31
1148 2 31
1149 26 27
1150 16 10
1151 17 8
1152 25 27
1153 17 9
1154 15 10
1155 17 8
1156 17 9
1157 0 31
1158 16 10
1159 26 27
1160 2 30
1161 25 27
1162 2 31
1163 1 31
1164 17 8
1165 26 27
1166 2 30
1167 2 31
1168 15 10
1169 16 10
1170 2 30
1171 25 27
1172 2 31
1173 2 29
1174 1 31
1175 17 9
1176 2 30
1177 26 27
1178 2 31
1179 2 30
1180 2 31
1181 17 8
1182 2 30
1183 15 10
1184 16 10
1185 2 31
1186 0 31
1187 25 27
1188 26 27
1189 2 30
1190 1 31
1191 2 31
1192 2 29
1193 2 30
1194 17 9
1195 2 29
1196 1 31
1197 15 10
1198 25 27
1199 2 31
1200 26 27
1201 25 27
1202 16 10
1203 26 27
1204 17 8
1205 25 27
1206 26 27
1207 1 31
1208 15 10
1209 2 30
1210 2 31
1211 2 30
1212 16 10
1213 2 31
1214 2 29
1215 17 9
1216 17 8
1217 25 27
1218 26 27
1219 2 30
1220 2 29
1221 17 9
1222 15 10
1223 1 31
1224 2 31
1225 2 30
1226 25 27
1227 2 29
1228 2 30
1229 26 27
1230 16 10
1231 1 31
1232 17 8
1233 2 31
1234 0 31
1235 1 31
1236 15 10
1237 25 27
1238 0 31
1239 1 31
1240 16 10
1241 2 30
1242 2 31
1243 0 31
1244 2 30
1245 26 27
1246 25 27
1247 17 9
1248 2 31
1249 1 31
1250 0 31
1251 17 8
1252 17 9
1253 2 30
1254 26 27
1255 15 10
1256 25 27
1257 16 10
1258 1 31
1259 2 31
1260 26 27
1261 25 27
1262 0 31
1263 1 31
1264 26 27
1265 2 30
1266 15 10
1267 2 31
1268 17 8
1269 1 31
1270 25 27
1271 2 31
1272 16 10
1273 2 29
1274 17 9
1275 2 30
1276 17 8
1277 17 9
1278 15 10
1279 17 8
1280 2 29
1281 17 9
1282 1 31
1283 2 31
1284 16 10
1285 17 8
1286 26 27
1287 25 27
1288 1 31
1289 15 10
1290 2 31
1291 26 27
1292 1 31
1293 16 10
1294 17 9
1295 2 31
1296 17 8
1297 17 9
1298 1 31
1299 15 10
1300 25 27
1301 26 27
1302 2 30
1303 16 10
1304 25 27
1305 17 8
1306 2 31
1307 2 29
1308 15 10
1309 16 10
1310 17 9
1311 1 31
1312 17 8
1313 15 10
1314 2 30
1315 2 31
1316 16 10
1317 2 29
1318 2 30
1319 15 10
1320 16 10
1321 26 27
1322 2 29
1323 15 10
1324 25 27
1325 2 30
1326 16 10
1327 26 27
1328 15 10
1329 2 29
1330 17 9
1331 1 31
1332 17 8
1333 25 27
1334 26 27
1335 25 27
1336 2 30
1337 17 9
1338 16 10
1339 2 31
1340 26 27
1341 25 27
1342 26 27
1343 17 8
1344 25 27
1345 15 10
1346 2 30
1347 17 9
1348 16 10
1349 15 10
1350 2 31
1351 2 29
1352 1 31
1353 17 8
1354 2 31
1355 1 31
1356 2 30
1357 2 31
1358 1 31
1359 26 27
1360 2 31
1361 25 27
1362 16 10
1363 26 27
1364 2 30
1365 25 27
1366 2 31
1367 17 9
1368 1 31
1369 15 10
1370 2 31
1371 16 10
1372 2 30
1373 2 31
1374 2 29
1375 26 27
1376 2 30
1377 15 10
1378 2 29
1379 25 27
1380 26 27
1381 16 10
1382 25 27
1383 26 27
1384 2 30
1385 2 29
1386 2 30
1387 2 29
1388 15 10
1389 2 30
1390 2 29
1391 25 27
1392 2 30
1393 17 8
1394 1 31
1395 17 9
1396 16 10
1397 17 8
1398 15 10
1399 2 31
1400 26 27
1401 1 31
1402 2 31
1403 16 10
1404 25 27
1405 15 10
1406 16 10
1407 26 27
1408 2 30
1409 2 31
1410 15 10
1411 0 31
1412 2 30
1413 25 27
1414 2 31
1415 26 27
1416 2 30
1417 1 31
1418 16 10
1419 2 31
1420 15 10
1421 16 10
1422 15 10
1423 25 27
1424 16 10
1425 26 27
1426 1 31
1427 17 9
1428 15 10
1429 2 31
1430 1 31
1431 17 8
1432 16 10
1433 2 31
1434 1 31
1435 15 10
1436 16 10
1437 17 9
1438 15 10
1439 25 27
1440 2 31
1441 26 27
1442 1 31
1443 16 10
1444 2 31
1445 25 27
1446 1 31
1447 2 31
1448 15 10
1449 26 27
1450 1 31
1451 2 31
1452 16 10
1453 15 10
1454 25 27
1455 1 31
1456 2 31
1457 16 10
1458 15 10
1459 17 8
1460 1 31
1461 26 27
1462 25 27
1463 2 31
1464 2 30
1465 26 27
1466 2 31
1467 16 10
1468 1 31
1469 25 27
1470 2 31
1471 2 29
1472 17 9
1473 26 27
1474 25 27
1475 15 10
1476 17 8
1477 26 27
1478 25 27
1479 2 30
1480 2 29
1481 1 31
1482 17 9
1483 2 30
1484 26 27
1485 17 8
1486 25 27
1487 26 27
1488 2 31
1489 25 27
1490 2 29
1491 16 10
1492 2 30
1493 1 31
1494 2 31
1495 26 27
1496 2 29
1497 25 27
1498 26 27
1499 25 27
1500 1 31
1501 2 31
1502 2 30
1503 17 9
1504 1 31
1505 17 8
1506 26 27
1507 17 9
1508 25 27
1509 2 31
1510 26 27
1511 0 31
1512 15 10
1513 25 27
1514 2 30
1515 2 31
1516 26 27
1517 1 31
1518 25 27
1519 17 8
1520 17 9
1521 2 30
1522 26 27
1523 2 31
1524 1 31
1525 25 27
1526 2 31
1527 16 10
1528 17 8
1529 0 31
1530 1 31
1531 2 30
1532 17 9
1533 26 27
1534 15 10
1535 17 8
1536 17 9
1537 17 8
1538 2 31
1539 17 9
1540 17 8
1541 25 27
1542 26 27
1543 0 31
1544 16 10
1545 17 9
1546 15 10
1547 2 30
1548 1 31
1549 17 8
1550 2 31
1551 17 9
1552 25 27
1553 17 8
1554 1 31
1555 16 10
1556 2 31
1557 1 31
1558 15 10
1559 17 9
1560 17 8
1561 2 31
1562 26 27
1563 0 31
1564 16 10
1565 2 30
1566 15 10
1567 17 9
1568 2 31
1569 17 8
1570 25 27
1571 2 30
1572 17 9
1573 2 31
1574 2 30
1575 1 31
1576 16 10
1577 2 31
1578 17 8
1579 2 29
1580 15 10
1581 17 9
1582 26 27
1583 16 10
1584 17 8
1585 15 10
1586 2 30
1587 16 10
1588 15 10
1589 1 31
1590 16 10
1591 15 10
1592 25 27
1593 26 27
1594 2 31
1595 16 10
1596 17 9
1597 1 31
1598 2 31
1599 17 8
1600 25 27
1601 1 31
1602 26 27
1603 2 31
1604 2 29
1605 17 9
1606 15 10
1607 25 27
1608 16 10
1609 2 30
1610 15 10
1611 26 27
1612 2 29
1613 2 30
1614 25 27
1615 16 10
1616 26 27
1617 17 8
1618 2 29
1619 2 30
1620 2 29
1621 1 31
1622 2 30
1623 2 31
1624 25 27
1625 0 31
1626 1 31
1627 17 9
1628 17 8
1629 17 9
1630 17 8
1631 15 10
1632 26 27
1633 17 9
1634 17 8
1635 16 10
1636 0 31
1637 2 30
1638 2 31
1639 2 30
1640 1 31
1641 2 31
1642 0 31
1643 15 10
1644 2 30
1645 17 9
1646 2 31
1647 16 10
1648 1 31
1649 17 8
1650 15 10
1651 2 30
1652 25 27
1653 2 31
1654 26 27
1655 17 9
1656 17 8
1657 17 9
1658 16 10
1659 25 27
1660 26 27
1661 2 29
1662 15 10
1663 1 31
1664 17 8
1665 2 31
1666 17 9
1667 17 8
1668 1 31
1669 2 30
1670 25 27
1671 26 27
1672 16 10
1673 2 31
1674 1 31
1675 17 9
1676 17 8
1677 2 31
1678 25 27
1679 17 9
1680 26 27
1681 1 31
1682 2 31
1683 1 31
1684 17 8
1685 15 10
1686 25 27
1687 16 10
1688 2 31
1689 1 31
1690 15 10
1691 2 31
1692 26 27
1693 0 31
1694 1 31
1695 0 31
1696 25 27
1697 16 10
1698 17 9
1699 2 30
1700 26 27
1701 17 8
1702 25 27
1703 17 9
1704 15 10
1705 17 8
1706 1 31
1707 16 10
1708 17 9
1709 2 31
1710 17 8
1711 0 31
1712 1 31
1713 0 31
1714 2 30
1715 17 9
1716 15 10
1717 26 27
1718 1 31
1719 25 27
1720 26 27
1721 2 31
1722 25 27
1723 26 27
1724 17 8
1725 25 27
1726 16 10
1727 15 10
1728 16 10
1729 26 27
1730 25 27
1731 15 10
1732 16 10
1733 15 10
1734 26 27
1735 2 30
1736 2 31
1737 25 27
1738 2 30
1739 26 27
1740 2 31
1741 1 31
1742 2 31
1743 17 9
1744 25 27
1745 17 8
1746 2 30
1747 16 10
1748 2 31
1749 26 27
1750 17 9
1751 2 30
1752 17 8
1753 2 31
1754 1 31
1755 25 27
1756 17 9
1757 15 10
1758 2 31
1759 16 10
1760 15 10
1761 16 10
1762 1 31
1763 26 27
1764 25 27
1765 2 31
1766 15 10
1767 16 10
1768 2 30
1769 26 27
1770 25 27
1771 2 31
1772 17 8
1773 26 27
1774 2 30
1775 2 31
1776 17 9
1777 15 10
1778 1 31
1779 16 10
1780 15 10
1781 2 31
1782 25 27
1783 16 10
1784 0 31
1785 1 31
1786 17 8
1787 0 31
1788 26 27
1789 15 10
1790 1 31
1791 17 9
1792 17 8
1793 17 9
1794 17 8
1795 25 27
1796 16 10
1797 2 30
1798 15 10
1799 16 10
1800 2 31
1801 0 31
1802 26 27
1803 2 30
1804 25 27
1805 15 10
1806 17 9
1807 16 10
1808 15 10
1809 2 31
1810 1 31
1811 17 8
1812 2 30
1813 26 27
1814 17 9
1815 2 31
1816 2 29
1817 2 30
1818 16 10
1819 15 10
1820 17 8
1821 25 27
1822 16 10
1823 26 27
1824 1 31
1825 2 31
1826 17 9
1827 17 8
1828 2 29
1829 1 31
1830 2 31
1831 2 30
1832 25 27
1833 1 31
1834 17 9
1835 26 27
1836 2 31
1837 17 8
1838 17 9
1839 0 31
1840 2 30
1841 25 27
1842 26 27
1843 1 31
1844 2 31
1845 15 10
1846 17 8
1847 1 31
1848 2 31
1849 0 31
1850 1 31
1851 25 27
1852 2 30
1853 2 31
1854 16 10
1855 2 29
1856 17 9
1857 15 10
1858 17 8
1859 1 31
1860 17 9
1861 16 10
1862 17 8
1863 2 31
1864 1 31
1865 2 31
1866 26 27
1867 2 30
1868 1 31
1869 2 31
1870 15 10
1871 25 27
1872 17 9
1873 17 8
1874 16 10
1875 26 27
1876 17 9
1877 0 31
1878 1 31
1879 2 30
1880 25 27
1881 2 31
1882 15 10
1883 17 8
1884 0 31
1885 17 9
1886 26 27
1887 1 31
1888 16 10
1889 15 10
1890 17 8
1891 17 9
1892 2 30
1893 25 27
1894 26 27
1895 2 31
1896 17 8
1897 25 27
1898 26 27
1899 17 9
1900 2 30
1901 16 10
1902 2 31
1903 17 8
1904 2 29
1905 25 27
1906 17 9
1907 2 30
1908 15 10
1909 17 8
1910 1 31
1911 26 27
1912 25 27
1913 26 27
1914 17 9
1915 16 10
1916 15 10
1917 16 10
1918 2 31
1919 25 27
1920 17 8
1921 2 30
1922 2 31
1923 26 27
1924 1 31
1925 2 31
1926 15 10
1927 17 9
1928 16 10
1929 2 29
1930 15 10
1931 1 31
1932 16 10
1933 2 30
1934 17 8
1935 25 27
1936 17 9
1937 15 10
1938 26 27
1939 16 10
1940 17 8
1941 2 31
1942 15 10
1943 25 27
1944 1 31
1945 17 9
1946 17 8
1947 2 31
1948 16 10
1949 2 30
1950 15 10
1951 16 10
1952 26 27
1953 2 31
1954 0 31
1955 1 31
1956 0 31
1957 25 27
1958 1 31
1959 17 9
1960 17 8
1961 26 27
1962 17 9
1963 17 8
1964 25 27
1965 17 9
1966 0 31
1967 17 8
1968 26 27
1969 15 10
1970 25 27
1971 16 10
1972 26 27
1973 25 27
1974 1 31
1975 26 27
1976 25 27
1977 2 30
1978 2 31
1979 0 31
1980 17 9
1981 2 30
1982 15 10
1983 2 31
1984 26 27
1985 1 31
1986 16 10
1987 0 31
1988 25 27
1989 1 31
1990 26 27
1991 15 10
1992 0 31
1993 1 31
1994 25 27
1995 26 27
1996 0 31
1997 16 10
1998 17 8
1999 15 10
2000 1 31
2001 0 31
2002 16 10
2003 17 9
2004 1 31
2005 15 10
2006 16 10
2007 25 27
2008 26 27
2009 25 27
2010 17 8
2011 2 30
2012 2 31
2013 17 9
2014 1 31
2015 17 8
2016 2 31
2017 26 27
2018 17 9
2019 17 8
2020 2 29
2021 25 27
2022 15 10
2023 26 27
2024 25 27
2025 16 10
2026 15 10
2027 17 9
2028 1 31
2029 26 27
2030 16 10
2031 2 30
2032 17 8
2033 25 27
2034 2 31
2035 1 31
2036 17 9
2037 26 27
2038 2 31
2039 1 31
2040 2 31
2041 1 31
2042 25 27
2043 2 31
2044 15 10
2045 16 10
2046 2 30
2047 2 31
2048 1 31
2049 26 27
2050 17 8
2051 15 10
2052 16 10
2053 25 27
2054 2 31
2055 17 9
2056 26 27
2057 1 31
2058 2 31
2059 25 27
2060 2 29
2061 26 27
2062 2 30
2063 1 31
2064 2 31
2065 17 8
2066 2 30
2067 2 31
2068 25 27
2069 2 30
2070 2 31
2071 2 30
2072 26 27
2073 17 9
2074 17 8
2075 2 31
2076 1 31
2077 17 9
2078 17 8
2079 15 10
2080 2 31
2081 2 29
2082 1 31
2083 2 31
2084 25 27
2085 2 30
2086 2 29
2087 26 27
2088 16 10
2089 1 31
2090 2 30
2091 15 10
2092 25 27
2093 17 9
2094 16 10
2095 15 10
2096 2 31
2097 17 8
2098 26 27
2099 17 9
2100 1 31
2101 2 31
2102 16 10
2103 2 29
2104 2 30
2105 15 10
2106 16 10
2107 15 10
2108 25 27
2109 16 10
2110 17 8
2111 26 27
2112 25 27
2113 1 31
2114 2 31
2115 15 10
2116 26 27
2117 16 10
2118 25 27
2119 1 31
2120 17 9
2121 17 8
2122 26 27
2123 25 27
2124 17 9
2125 15 10
2126 17 8
2127 2 31
2128 2 30
2129 2 31
2130 16 10
2131 26 27
2132 0 31
2133 17 9
2134 25 27
2135 15 10
2136 2 30
2137 1 31
2138 26 27
2139 25 27
2140 2 31
2141 16 10
2142 17 8
2143 2 29
2144 17 9
2145 17 8
2146 1 31
2147 26 27
2148 25 27
2149 2 30
2150 2 31
2151 2 29
2152 2 30
2153 17 9
2154 17 8
2155 1 31
2156 26 27
2157 15 10
2158 2 31
2159 16 10
2160 2 29
2161 15 10
2162 16 10
2163 15 10
2164 17 9
2165 16 10
2166 2 30
2167 1 31
2168 2 31
2169 1 31
2170 17 8
2171 25 27
2172 17 9
2173 2 31
2174 1 31
2175 26 27
2176 25 27
2177 17 8
2178 15 10
2179 17 9
2180 16 10
2181 26 27
2182 17 8
2183 2 31
2184 2 29
2185 17 9
2186 15 10
2187 1 31
2188 17 8
2189 25 27
2190 26 27
2191 25 27
2192 2 31
2193 16 10
2194 26 27
2195 15 10
2196 1 31
2197 2 30
2198 17 9
2199 16 10
2200 2 31
2201 25 27
2202 15 10
2203 0 31
2204 16 10
2205 17 8
2206 2 30
2207 17 9
2208 2 31
2209 1 31
2210 26 27
2211 15 10
2212 0 31
2213 1 31
2214 17 8
2215 17 9
2216 16 10
2217 0 31
2218 2 30
2219 25 27
2220 26 27
2221 25 27
2222 2 31
2223 15 10
2224 17 8
2225 2 30
2226 1 31
2227 26 27
2228 25 27
2229 17 9
2230 26 27
2231 25 27
2232 17 8
2233 26 27
2234 16 10
2235 25 27
2236 17 9
2237 15 10
2238 26 27
2239 16 10
2240 2 31
2241 2 30
2242 17 8
2243 2 31
2244 1 31
2245 2 31
2246 2 29
2247 1 31
2248 2 31
2249 15 10
2250 1 31
2251 25 27
2252 26 27
2253 2 31
2254 1 31
2255 17 9
2256 2 31
2257 2 30
2258 17 8
2259 2 29
2260 25 27
2261 2 30
2262 1 31
2263 16 10
2264 26 27
2265 17 9
2266 2 31
2267 15 10
2268 25 27
2269 16 10
2270 2 30
2271 2 31
2272 2 30
2273 2 31
2274 2 30
2275 15 10
2276 2 31
2277 1 31
2278 26 27
2279 2 31
2280 2 30
2281 16 10
2282 15 10
2283 17 8
2284 2 31
2285 25 27
2286 1 31
2287 17 9
2288 16 10
2289 2 31
2290 26 27
2291 2 30
2292 2 31
2293 25 27
2294 2 30
2295 15 10
2296 2 31
2297 26 27
2298 17 8
2299 2 29
2300 2 30
2301 1 31
2302 16 10
2303 25 27
2304 17 9
2305 2 31
2306 0 31
2307 26 27
2308 15 10
2309 25 27
2310 16 10
2311 15 10
2312 1 31
2313 26 27
2314 16 10
2315 17 8
2316 25 27
2317 15 10
2318 26 27
2319 2 30
2320 2 31
2321 1 31
2322 17 9
2323 25 27
2324 2 31
2325 16 10
2326 26 27
2327 1 31
2328 2 31
2329 2 29
2330 1 31
2331 2 30
2332 2 31
2333 1 31
2334 2 31
2335 17 8
2336 17 9
2337 25 27
2338 26 27
2339 15 10
2340 16 10
2341 25 27
2342 2 29
2343 15 10
2344 17 8
2345 2 30
2346 2 29
2347 16 10
2348 2 30
2349 1 31
2350 2 31
2351 2 29
2352 26 27
2353 15 10
2354 16 10
2355 25 27
2356 1 31
2357 26 27
2358 15 10
2359 2 30
2360 2 31
2361 1 31
2362 2 31
2363 25 27
2364 16 10
2365 2 29
2366 17 9
2367 26 27
2368 25 27
2369 15 10
2370 1 31
2371 2 31
2372 1 31
2373 17 8
2374 17 9
2375 16 10
2376 17 8
2377 15 10
2378 17 9
2379 2 31
2380 17 8
2381 17 9
2382 26 27
2383 2 30
2384 2 29
2385 2 30
2386 1 31
2387 17 8
2388 25 27
2389 26 27
2390 16 10
2391 2 31
2392 25 27
2393 2 29
2394 26 27
2395 1 31
2396 2 30
2397 17 9
2398 15 10
2399 2 31
2400 17 8
2401 25 27
2402 1 31
2403 17 9
2404 2 31
2405 0 31
2406 16 10
2407 17 8
2408 15 10
2409 17 9
2410 1 31
2411 2 31
2412 26 27
2413 25 27
2414 16 10
2415 1 31
2416 15 10
2417 17 8
2418 2 31
2419 17 9
2420 16 10
2421 17 8
2422 2 30
2423 26 27
2424 15 10
2425 25 27
2426 16 10
2427 1 31
2428 2 31
2429 15 10
2430 26 27
2431 25 27
2432 2 29
2433 1 31
2434 2 30
2435 26 27
2436 16 10
2437 15 10
2438 17 9
2439 2 31
2440 17 8
2441 25 27
2442 1 31
2443 2 31
2444 17 9
2445 17 8
2446 26 27
2447 25 27
2448 26 27
2449 16 10
2450 0 31
2451 25 27
2452 1 31
2453 2 30
2454 17 9
2455 17 8
2456 15 10
2457 26 27
2458 17 9
2459 2 31
2460 17 8
2461 17 9
2462 2 29
2463 1 31
2464 17 8
2465 2 30
2466 2 31
2467 25 27
2468 16 10
2469 2 29
2470 1 31
2471 2 30
2472 26 27
2473 15 10
2474 17 9
2475 2 31
2476 16 10
2477 1 31
2478 25 27
2479 17 8
2480 2 31
2481 26 27
2482 17 9
2483 25 27
2484 0 31
2485 17 8
2486 2 30
2487 2 31
2488 17 9
2489 1 31
2490 17 8
2491 26 27
2492 15 10
2493 0 31
2494 16 10
2495 17 9
2496 17 8
2497 2 30
2498 25 27
2499 2 31
2500 1 31
2501 17 9
2502 26 27
2503 15 10
2504 17 8
2505 2 30
2506 17 9
2507 2 31
2508 16 10
2509 2 30
2510 25 27
2511 15 10
2512 17 8
2513 17 9
2514 2 31
2515 0 31
2516 17 8
2517 16 10
2518 17 9
2519 2 30
2520 2 31
2521 15 10
2522 26 27
2523 1 31
2524 2 30
2525 25 27
2526 2 31
2527 16 10
2528 2 30
2529 26 27
2530 15 10
2531 2 31
2532 25 27
2533 2 30
2534 2 31
2535 1 31
2536 2 31
2537 16 10
2538 26 27
2539 25 27
2540 15 10
2541 1 31
2542 2 31
2543 26 27
2544 17 8
2545 25 27
2546 17 9
2547 17 8
2548 26 27
2549 1 31
2550 17 9
2551 2 31
2552 16 10
2553 0 31
2554 25 27
2555 17 8
2556 15 10
2557 1 31
2558 17 9
2559 0 31
2560 26 27
2561 1 31
2562 17 8
2563 17 9
2564 17 8
2565 16 10
2566 17 9
2567 0 31
2568 15 10
2569 17 8
2570 25 27
2571 26 27
2572 1 31
2573 17 9
2574 16 10
2575 2 30
2576 25 27
2577 2 31
2578 15 10
2579 16 10
2580 2 30
2581 15 10
2582 17 8
2583 2 31
2584 2 29
2585 2 30
2586 2 29
2587 1 31
2588 2 31
2589 26 27
2590 17 9
2591 2 30
2592 16 10
2593 25 27
2594 2 29
2595 1 31
2596 26 27
2597 15 10
2598 2 30
2599 2 31
2600 2 29
2601 17 8
2602 25 27
2603 26 27
2604 16 10
2605 17 9
2606 25 27
2607 26 27
2608 15 10
2609 17 8
2610 16 10
2611 15 10
2612 16 10
2613 25 27
2614 1 31
2615 17 9
2616 17 8
2617 2 31
2618 1 31
2619 17 9
2620 2 31
2621 15 10
2622 2 30
2623 17 8
2624 17 9
2625 17 8
2626 1 31
2627 2 31
2628 26 27
2629 0 31
2630 17 9
2631 17 8
2632 17 9
2633 1 31
2634 25 27
2635 17 8
2636 0 31
2637 26 27
2638 1 31
2639 25 27
2640 0 31
2641 17 9
2642 17 8
2643 17 9
2644 1 31
2645 26 27
2646 16 10
2647 17 8
2648 2 30
2649 17 9
2650 25 27
2651 2 31
2652 17 8
2653 1 31
2654 15 10
2655 2 31
2656 17 9
2657 16 10
2658 26 27
2659 2 30
2660 15 10
2661 17 8
2662 17 9
2663 25 27
2664 2 31
2665 26 27
2666 25 27
2667 2 30
2668 2 31
2669 2 30
2670 26 27
2671 2 31
2672 16 10
2673 0 31
2674 2 30
2675 25 27
2676 17 8
2677 15 10
2678 2 31
2679 16 10
2680 15 10
2681 17 9
2682 1 31
2683 2 30
2684 16 10
2685 2 31
2686 26 27
2687 25 27
2688 17 8
2689 2 29
2690 2 30
2691 26 27
2692 2 29
2693 2 30
2694 17 9
2695 15 10
2696 1 31
2697 16 10
2698 2 31
2699 17 8
2700 25 27
2701 2 30
2702 15 10
2703 26 27
2704 16 10
2705 17 9
2706 17 8
2707 2 31
2708 2 29
2709 2 30
2710 25 27
2711 17 9
2712 17 8
2713 2 29
2714 2 30
2715 1 31
2716 2 31
2717 26 27
2718 17 9
2719 25 27
2720 2 29
2721 15 10
2722 1 31
2723 16 10
2724 15 10
2725 2 30
2726 16 10
2727 17 8
2728 2 31
2729 26 27
2730 17 9
2731 17 8
2732 15 10
2733 1 31
2734 2 31
2735 1 31
2736 17 9
2737 25 27
2738 2 31
2739 26 27
2740 16 10
2741 25 27
2742 1 31
2743 15 10
2744 26 27
2745 2 31
2746 2 29
2747 17 8
2748 2 30
2749 1 31
2750 17 9
2751 2 31
2752 2 29
2753 16 10
2754 15 10
2755 16 10
2756 1 31
2757 2 31
2758 1 31
2759 17 8
2760 17 9
2761 25 27
2762 15 10
2763 17 8
2764 16 10
2765 26 27
2766 17 9
2767 2 31
2768 1 31
2769 2 30
2770 25 27
2771 2 31
2772 1 31
2773 26 27
2774 25 27
2775 15 10
2776 2 31
2777 26 27
2778 0 31
2779 25 27
2780 2 30
2781 17 8
2782 2 31
2783 1 31
2784 26 27
2785 2 30
2786 17 9
2787 16 10
2788 25 27
2789 15 10
2790 2 31
2791 2 29
2792 1 31
2793 17 8
2794 2 30
2795 16 10
2796 2 31
2797 17 9
2798 2 29
2799 2 30
2800 26 27
2801 2 29
2802 25 27
2803 1 31
2804 2 30
2805 2 31
2806 17 8
2807 2 30
2808 2 31
2809 15 10
2810 26 27
2811 16 10
2812 25 27
2813 15 10
2814 1 31
2815 16 10
2816 15 10
2817 2 31
2818 26 27
2819 0 31
2820 1 31
2821 16 10
2822 25 27
2823 26 27
2824 2 31
2825 17 9
2826 25 27
2827 26 27
2828 25 27
2829 1 31
2830 17 8
2831 26 27
2832 15 10
2833 2 31
2834 2 30
2835 2 31
2836 16 10
2837 17 9
2838 17 8
2839 2 30
2840 2 31
2841 1 31
2842 2 30
2843 2 31
2844 15 10
2845 1 31
2846 25 27
2847 2 31
2848 2 29
2849 2 30
2850 16 10
2851 15 10
2852 17 9
2853 17 8
2854 1 31
2855 17 9
2856 26 27
2857 2 31
2858 16 10
2859 17 8
2860 0 31
2861 1 31
2862 0 31
2863 2 30
2864 1 31
2865 15 10
2866 2 31
2867 17 9
2868 0 31
2869 16 10
2870 17 8
2871 1 31
2872 0 31
2873 25 27
2874 17 9
2875 2 30
2876 15 10
2877 16 10
2878 2 31
2879 17 8
2880 1 31
2881 26 27
2882 0 31
2883 1 31
2884 0 31
2885 1 31
2886 15 10
2887 2 30
2888 25 27
2889 2 31
2890 0 31
2891 1 31
2892 16 10
2893 17 9
2894 17 8
2895 26 27
2896 15 10
2897 17 9
2898 25 27
2899 16 10
2900 26 27
2901 17 8
2902 17 9
2903 15 10
2904 16 10
2905 2 30
2906 25 27
2907 17 8
2908 2 31
2909 26 27
2910 0 31
2911 2 30
2912 15 10
2913 17 9
2914 1 31
2915 16 10
2916 25 27
2917 2 31
2918 26 27
2919 2 29
2920 25 27
2921 2 30
2922 1 31
2923 15 10
2924 17 8
2925 2 31
2926 0 31
2927 2 30
2928 17 9
2929 26 27
2930 16 10
2931 1 31
2932 2 31
2933 25 27
2934 26 27
2935 2 30
2936 15 10
2937 25 27
2938 16 10
2939 17 8
2940 26 27
2941 25 27
2942 15 10
2943 26 27
2944 17 9
2945 2 31
2946 17 8
2947 25 27
2948 1 31
2949 16 10
2950 2 31
2951 17 9
2952 0 31
2953 1 31
2954 17 8
2955 17 9
2956 17 8
2957 15 10
2958 0 31
2959 16 10
2960 1 31
2961 15 10
2962 17 9
2963 26 27
2964 16 10
2965 25 27
2966 17 8
2967 0 31
2968 2 30
2969 17 9
2970 2 31
2971 15 10
2972 1 31
2973 17 8
2974 0 31
2975 2 30
2976 16 10
2977 2 31
2978 2 30
2979 26 27
2980 1 31
2981 25 27
2982 15 10
2983 26 27
2984 16 10
2985 15 10
2986 17 9
2987 17 8
2988 25 27
2989 17 9
2990 16 10
2991 17 8
2992 2 31
2993 2 29
2994 15 10
2995 16 10
2996 1 31
2997 2 30
2998 15 10
2999 17 9
3000 26 27
3001 17 8
3002 2 31
3003 16 10
3004 1 31
3005 25 27
3006 15 10
3007 16 10
3008 2 31
3009 1 31
3010 17 9
3011 17 8
3012 2 31
3013 26 27
3014 1 31
3015 17 9
3016 15 10
3017 2 31
3018 1 31
3019 16 10
3020 2 31
3021 2 29
3022 25 27
3023 2 30
3024 1 31
3025 26 27
3026 2 31
3027 2 29
3028 15 10
3029 25 27
3030 17 8
3031 16 10
3032 15 10
3033 17 9
3034 17 8
3035 26 27
3036 17 9
3037 17 8
3038 2 30
3039 17 9
3040 16 10
3041 25 27
3042 1 31
3043 2 31
3044 2 29
3045 26 27
3046 15 10
3047 17 8
3048 25 27
3049 17 9
3050 17 8
3051 1 31
3052 2 30
3053 2 31
3054 0 31
3055 17 9
3056 26 27
3057 25 27
3058 17 8
3059 2 30
3060 1 31
3061 26 27
3062 17 9
3063 25 27
3064 2 31
3065 1 31
3066 17 8
3067 2 31
3068 16 10
3069 17 9
3070 26 27
3071 25 27
# colocadas=3072 ocupadas=5 mayor=3363
