0 8 21
1 25 31
2 31 5
3 30 5
4 7 21
5 31 5
6 30 5
7 13 19
8 31 5
9 8 21
10 25 30
11 3 1
12 13 18
13 30 5
14 31 5
15 13 19
16 30 5
17 13 18
18 25 31
19 7 21
20 25 30
21 31 5
22 3 0
23 25 31
24 25 30
25 30 5
26 8 21
27 25 31
28 13 19
29 13 18
30 31 5
31 30 5
32 7 21
33 13 19
34 3 1
35 13 18
36 8 21
37 31 5
38 30 5
39 31 5
40 25 30
41 7 21
42 13 19
43 3 0
44 13 18
45 8 21
46 13 19
47 13 18
48 30 5
49 13 19
50 31 5
51 7 21
52 13 18
53 30 5
54 31 5
55 13 19
56 8 21
57 30 5
58 25 31
59 25 30
60 13 18
61 13 19
62 31 5
63 7 21
64 13 18
65 3 1
66 25 31
67 3 0
68 3 1
69 3 0
70 8 21
71 3 1
72 25 30
73 3 0
74 7 21
75 13 19
76 25 31
77 30 5
78 31 5
79 3 1
80 25 30
81 25 31
82 8 21
83 3 0
84 13 18
85 13 19
86 3 1
87 3 0
88 7 21
89 8 21
90 13 18
91 13 19
92 13 18
93 7 21
94 3 1
95 13 19
96 30 5
97 25 30
98 8 21
99 25 31
100 3 0
101 25 30
102 31 5
103 7 21
104 13 18
105 13 19
106 13 18
107 8 21
108 3 1
109 7 21
110 3 0
111 13 19
112 13 18
113 30 5
114 31 5
115 13 19
116 3 1
117 13 18
118 25 31
119 8 21
120 25 30
121 25 31
122 7 21
123 3 0
124 13 19
125 13 18
126 13 19
127 3 1
128 3 0
129 8 21
130 13 18
131 25 30
132 13 19
133 25 31
134 25 30
135 3 1
136 7 21
137 8 21
138 3 0
139 3 1
140 3 0
141 7 21
142 25 31
143 13 18
144 3 1
145 8 21
146 25 30
147 25 31
148 3 0
149 25 30
150 3 1
151 3 0
152 3 1
153 3 0
154 7 21
155 13 19
156 8 21
157 30 5
158 7 21
159 3 1
160 31 5
161 25 31
162 25 30
163 25 31
164 8 21
165 3 0
166 3 1
167 13 18
168 30 5
169 25 30
170 3 0
171 25 31
172 3 1
173 7 21
174 31 5
175 25 30
176 13 19
177 25 31
178 8 21
179 3 0
180 3 1
181 3 0
182 7 21
183 25 30
184 25 31
185 25 30
186 8 21
187 3 1
188 13 18
189 7 21
190 3 0
191 30 5
192 25 31
193 3 1
194 3 0
195 25 30
196 31 5
197 8 21
198 13 19
199 3 1
200 7 21
201 8 21
202 25 31
203 3 0
204 13 18
205 7 21
206 8 21
207 3 1
208 13 19
209 7 21
210 25 30
211 13 18
212 3 0
213 25 31
214 30 5
215 13 19
216 13 18
217 13 19
218 3 1
219 25 30
220 25 31
221 3 0
222 13 18
223 3 1
224 13 19
225 13 18
226 8 21
227 25 30
228 13 19
229 7 21
230 8 21
231 3 0
232 13 18
233 13 19
234 7 21
235 25 31
236 31 5
237 30 5
238 13 18
239 8 21
240 3 1
241 25 30
242 13 19
243 25 31
244 25 30
245 25 31
246 31 5
247 3 0
248 13 18
249 7 21
250 25 30
251 8 21
252 30 5
253 25 31
254 13 19
255 13 18
256 13 19
257 25 30
258 25 31
259 7 21
260 31 5
261 30 5
262 31 5
263 25 30
264 8 21
265 7 21
266 30 5
267 31 5
268 25 31
269 8 21
270 13 18
271 7 21
272 30 5
273 3 1
274 25 30
275 8 21
276 7 21
277 8 21
278 25 31
279 31 5
280 13 19
281 30 5
282 3 0
283 13 18
284 7 21
285 3 1
286 3 0
287 13 19
288 8 21
289 13 18
290 13 19
291 31 5
292 25 30
293 25 31
294 3 1
295 30 5
296 25 30
297 31 5
298 13 18
299 3 0
300 30 5
301 13 19
302 25 31
303 7 21
304 13 18
305 31 5
306 8 21
307 13 19
308 7 21
309 13 18
310 30 5
311 31 5
312 13 19
313 30 5
314 25 30
315 31 5
316 30 5
317 8 21
318 13 18
319 25 31
320 31 5
321 25 30
322 30 5
323 31 5
324 30 5
325 3 1
326 13 19
327 13 18
328 3 0
329 3 1
330 3 0
331 13 19
332 3 1
333 25 31
334 7 21
335 8 21
336 25 30
337 3 0
338 13 18
339 31 5
340 13 19
341 7 21
342 13 18
343 25 31
344 30 5
345 31 5
346 30 5
347 13 19
348 8 21
349 13 18
350 3 1
351 25 30
352 7 21
353 8 21
354 7 21
355 13 19
356 13 18
357 31 5
358 8 21
359 7 21
360 25 31
361 30 5
362 3 0
363 25 30
364 3 1
365 31 5
366 30 5
367 8 21
368 3 0
369 7 21
370 31 5
371 13 19
372 25 31
373 3 1
374 3 0
375 30 5
376 31 5
377 30 5
378 8 21
379 25 30
380 13 18
381 7 21
382 25 31
383 31 5
384 8 21
385 3 1
386 3 0
387 25 30
388 13 19
389 7 21
390 8 21
391 3 1
392 30 5
393 13 18
394 13 19
395 25 31
396 3 0
397 25 30
398 3 1
399 3 0
400 7 21
401 25 31
402 31 5
403 8 21
404 30 5
405 25 30
406 31 5
407 25 31
408 25 30
409 7 21
410 13 18
411 25 31
412 13 19
413 13 18
414 25 30
415 30 5
416 8 21
417 31 5
418 25 31
419 25 30
420 3 1
421 3 0
422 30 5
423 3 1
424 13 19
425 13 18
426 3 0
427 3 1
428 13 19
429 31 5
430 30 5
431 3 0
432 25 31
433 25 30
434 3 1
435 3 0
436 3 1
437 25 31
438 25 30
439 3 0
440 3 1
441 7 21
442 13 18
443 25 31
444 13 19
445 13 18
446 3 0
447 31 5
448 13 19
449 13 18
450 25 30
451 8 21
452 30 5
453 25 31
454 31 5
455 7 21
456 3 1
457 13 19
458 30 5
459 25 30
460 25 31
461 13 18
462 3 0
463 3 1
464 25 30
465 25 31
466 31 5
467 30 5
468 25 30
469 3 0
470 8 21
471 13 19
472 13 18
473 7 21
474 25 31
475 31 5
476 30 5
477 13 19
478 8 21
479 7 21
480 8 21
481 3 1
482 31 5
483 3 0
484 25 30
485 7 21
486 3 1
487 3 0
488 8 21
489 13 18
490 3 1
491 30 5
492 7 21
493 13 19
494 8 21
495 31 5
496 13 18
497 30 5
498 25 31
499 7 21
500 13 19
501 13 18
502 3 0
503 13 19
504 13 18
505 3 1
506 31 5
507 8 21
508 3 0
509 3 1
510 13 19
511 13 18
512 25 30
513 30 5
514 13 19
515 13 18
516 31 5
517 7 21
518 30 5
519 13 19
520 25 31
521 31 5
522 25 30
523 30 5
524 3 0
525 3 1
526 31 5
527 30 5
528 25 31
529 25 30
530 31 5
531 30 5
532 8 21
533 7 21
534 8 21
535 25 31
536 13 18
537 31 5
538 13 19
539 30 5
540 31 5
541 30 5
542 31 5
543 30 5
544 3 0
545 7 21
546 8 21
547 3 1
548 7 21
549 3 0
550 8 21
551 3 1
552 13 18
553 13 19
554 13 18
555 25 30
556 3 0
557 31 5
558 25 31
559 7 21
560 3 1
561 3 0
562 3 1
563 25 30
564 30 5
565 3 0
566 3 1
567 31 5
568 8 21
569 25 31
570 13 19
571 30 5
572 7 21
573 31 5
574 3 0
575 25 30
576 13 18
577 25 31
578 8 21
579 25 30
580 7 21
581 8 21
582 25 31
583 30 5
584 13 19
585 13 18
586 7 21
587 25 30
588 31 5
589 25 31
590 8 21
591 25 30
592 7 21
593 8 21
594 13 19
595 13 18
596 3 1
597 25 31
598 7 21
599 25 30
600 30 5
601 3 0
602 8 21
603 7 21
604 13 19
605 13 18
606 3 1
607 13 19
608 13 18
609 31 5
610 3 0
611 25 31
612 3 1
613 25 30
614 25 31
615 30 5
616 3 0
617 25 30
618 3 1
619 8 21
620 25 31
621 3 0
622 25 30
623 7 21
624 13 19
625 25 31
626 3 1
627 31 5
628 8 21
629 25 30
630 3 0
631 25 31
632 25 30
633 13 18
634 30 5
635 13 19
636 31 5
637 13 18
638 25 31
639 25 30
640 7 21
641 13 19
642 3 1
643 8 21
644 30 5
645 13 18
646 25 31
647 25 30
648 25 31
649 7 21
650 3 0
651 3 1
652 25 30
653 13 19
654 13 18
655 13 19
656 31 5
657 8 21
658 13 18
659 7 21
660 25 31
661 25 30
662 8 21
663 30 5
664 3 0
665 25 31
666 13 19
667 13 18
668 7 21
669 13 19
670 31 5
671 30 5
672 25 30
673 31 5
674 13 18
675 3 1
676 30 5
677 3 0
678 3 1
679 13 19
680 25 31
681 25 30
682 31 5
683 13 18
684 3 0
685 25 31
686 3 1
687 25 30
688 25 31
689 3 0
690 30 5
691 25 30
692 25 31
693 8 21
694 7 21
695 25 30
696 13 19
697 13 18
698 25 31
699 13 19
700 31 5
701 30 5
702 31 5
703 3 1
704 25 30
705 8 21
706 30 5
707 31 5
708 30 5
709 31 5
710 3 0
711 25 31
712 7 21
713 30 5
714 3 1
715 3 0
716 31 5
717 13 18
718 8 21
719 13 19
720 25 30
721 30 5
722 7 21
723 31 5
724 13 18
725 30 5
726 8 21
727 7 21
728 13 19
729 8 21
730 31 5
731 13 18
732 30 5
733 3 1
734 7 21
735 13 19
736 3 0
737 31 5
738 3 1
739 30 5
740 13 18
741 31 5
742 13 19
743 3 0
744 25 31
745 25 30
746 8 21
747 13 18
748 13 19
749 13 18
750 13 19
751 30 5
752 7 21
753 25 31
754 8 21
755 13 18
756 7 21
757 25 30
758 8 21
759 25 31
760 25 30
761 25 31
762 3 1
763 7 21
764 8 21
765 3 0
766 13 19
767 13 18
768 7 21
769 13 19
770 31 5
771 3 1
772 8 21
773 3 0
774 30 5
775 7 21
776 13 18
777 3 1
778 31 5
779 25 30
780 30 5
781 8 21
782 25 31
783 25 30
784 13 19
785 3 0
786 25 31
787 31 5
788 25 30
789 13 18
790 30 5
791 13 19
792 3 1
793 7 21
794 3 0
795 31 5
796 8 21
797 13 18
798 3 1
799 30 5
800 7 21
801 3 0
802 8 21
803 31 5
804 13 19
805 25 31
806 7 21
807 13 18
808 30 5
809 31 5
810 25 30
811 3 1
812 8 21
813 3 0
814 3 1
815 7 21
816 13 19
817 8 21
818 3 0
819 30 5
820 7 21
821 13 18
822 8 21
823 31 5
824 25 31
825 7 21
826 13 19
827 25 30
828 30 5
829 13 18
830 8 21
831 31 5
832 13 19
833 3 1
834 3 0
835 13 18
836 30 5
837 25 31
838 3 1
839 31 5
840 30 5
841 13 19
842 7 21
843 25 30
844 13 18
845 31 5
846 13 19
847 13 18
848 3 0
849 3 1
850 25 31
851 25 30
852 3 0
853 13 19
854 30 5
855 13 18
856 25 31
857 13 19
858 8 21
859 25 30
860 7 21
861 13 18
862 31 5
863 13 19
864 25 31
865 25 30
866 3 1
867 8 21
868 30 5
869 25 31
870 3 0
871 25 30
872 3 1
873 25 31
874 25 30
875 7 21
876 25 31
877 3 0
878 25 30
879 13 18
880 13 19
881 25 31
882 13 18
883 3 1
884 25 30
885 3 0
886 31 5
887 13 19
888 13 18
889 30 5
890 8 21
891 3 1
892 13 19
893 3 0
894 31 5
895 3 1
896 30 5
897 13 18
898 7 21
899 3 0
900 3 1
901 25 31
902 3 0
903 8 21
904 13 19
905 3 1
906 7 21
907 31 5
908 8 21
909 13 18
910 25 30
911 3 0
912 13 19
913 7 21
914 13 18
915 13 19
916 25 31
917 30 5
918 3 1
919 13 18
920 25 30
921 31 5
922 13 19
923 13 18
924 13 19
925 13 18
926 13 19
927 8 21
928 13 18
929 13 19
930 13 18
931 25 31
932 25 30
933 13 19
934 30 5
935 25 31
936 13 18
937 7 21
938 25 30
939 31 5
940 3 0
941 25 31
942 25 30
943 3 1
944 30 5
945 25 31
946 25 30
947 8 21
948 25 31
949 3 0
950 25 30
951 13 19
952 7 21
953 8 21
954 13 18
955 25 31
956 31 5
957 13 19
958 3 1
959 30 5
960 13 18
961 13 19
962 7 21
963 31 5
964 8 21
965 25 30
966 3 0
967 30 5
968 7 21
969 3 1
970 31 5
971 25 31
972 30 5
973 13 18
974 13 19
975 13 18
976 31 5
977 25 30
978 30 5
979 13 19
980 13 18
981 31 5
982 8 21
983 3 0
984 13 19
985 7 21
986 25 31
987 3 1
988 3 0
989 30 5
990 3 1
991 3 0
992 13 18
993 25 30
994 13 19
995 13 18
996 31 5
997 25 31
998 13 19
999 13 18
1000 8 21
1001 7 21
1002 3 1
1003 13 19
1004 3 0
1005 25 30
1006 3 1
1007 13 18
1008 13 19
1009 8 21
1010 7 21
1011 25 31
1012 3 0
1013 8 21
1014 30 5
1015 7 21
1016 25 30
1017 3 1
1018 31 5
1019 8 21
1020 3 0
1021 7 21
1022 3 1
1023 8 21
1024 25 31
1025 30 5
1026 3 0
1027 7 21
1028 25 30
1029 31 5
1030 30 5
1031 31 5
1032 30 5
1033 8 21
1034 7 21
1035 31 5
1036 13 18
1037 25 31
1038 30 5
1039 25 30
1040 25 31
1041 31 5
1042 3 1
1043 8 21
1044 7 21
1045 13 19
1046 13 18
1047 8 21
1048 7 21
1049 8 21
1050 13 19
1051 7 21
1052 25 30
1053 25 31
1054 25 30
1055 30 5
1056 13 18
1057 31 5
1058 8 21
1059 3 0
1060 30 5
1061 3 1
1062 7 21
1063 25 31
1064 25 30
1065 25 31
1066 3 0
1067 31 5
1068 25 30
1069 3 1
1070 25 31
1071 13 19
1072 8 21
1073 3 0
1074 25 30
1075 7 21
1076 8 21
1077 25 31
1078 25 30
1079 7 21
1080 3 1
1081 13 18
1082 13 19
1083 13 18
1084 30 5
1085 13 19
1086 31 5
1087 13 18
1088 8 21
1089 3 0
1090 7 21
1091 8 21
1092 7 21
1093 8 21
1094 25 31
1095 3 1
1096 3 0
1097 7 21
1098 30 5
1099 13 19
1100 8 21
1101 7 21
1102 31 5
1103 3 1
1104 25 30
1105 13 18
1106 8 21
1107 3 0
1108 25 31
1109 13 19
1110 13 18
1111 30 5
1112 31 5
1113 25 30
1114 25 31
1115 7 21
1116 8 21
1117 25 30
1118 25 31
1119 30 5
1120 25 30
1121 25 31
1122 3 1
1123 31 5
1124 25 30
1125 13 19
1126 13 18
1127 13 19
1128 7 21
1129 8 21
1130 3 0
1131 25 31
1132 13 18
1133 30 5
1134 7 21
1135 8 21
1136 7 21
1137 3 1
1138 13 19
1139 31 5
1140 25 30
1141 8 21
1142 30 5
1143 31 5
1144 13 18
1145 7 21
1146 3 0
1147 25 31
1148 8 21
1149 25 30
1150 30 5
1151 7 21
1152 8 21
1153 3 1
1154 13 19
1155 7 21
1156 31 5
1157 13 18
1158 13 19
1159 30 5
1160 13 18
1161 31 5
1162 3 0
1163 25 31
1164 8 21
1165 7 21
1166 13 19
1167 25 30
1168 13 18
1169 30 5
1170 13 19
1171 25 31
1172 13 18
1173 25 30
1174 25 31
1175 3 1
1176 3 0
1177 31 5
1178 8 21
1179 30 5
1180 31 5
1181 7 21
1182 3 1
1183 3 0
1184 30 5
1185 31 5
1186 8 21
1187 30 5
1188 13 19
1189 13 18
1190 13 19
1191 31 5
1192 25 30
1193 7 21
1194 8 21
1195 13 18
1196 3 1
1197 7 21
1198 25 31
1199 25 30
1200 30 5
1201 31 5
1202 30 5
1203 25 31
1204 3 0
1205 31 5
1206 30 5
1207 13 19
1208 25 30
1209 25 31
1210 13 18
1211 8 21
1212 31 5
1213 3 1
1214 30 5
1215 31 5
1216 25 30
1217 25 31
1218 30 5
1219 31 5
1220 30 5
1221 25 30
1222 25 31
1223 7 21
1224 31 5
1225 30 5
1226 31 5
1227 13 19
1228 13 18
1229 25 30
1230 13 19
1231 13 18
1232 13 19
1233 25 31
1234 30 5
1235 8 21
1236 7 21
1237 8 21
1238 3 0
1239 13 18
1240 25 30
1241 3 1
1242 25 31
1243 13 19
1244 7 21
1245 8 21
1246 31 5
1247 7 21
1248 30 5
1249 13 18
1250 8 21
1251 13 19
1252 31 5
1253 25 30
1254 30 5
1255 25 31
1256 31 5
1257 3 0
1258 7 21
1259 8 21
1260 30 5
1261 13 18
1262 25 30
1263 7 21
1264 8 21
1265 7 21
1266 3 1
1267 13 19
1268 8 21
1269 7 21
1270 13 18
1271 13 19
1272 3 0
1273 8 21
1274 7 21
1275 13 18
1276 3 1
1277 8 21
1278 31 5
1279 7 21
1280 8 21
1281 25 31
1282 30 5
1283 3 0
1284 31 5
1285 7 21
1286 3 1
1287 3 0
1288 13 19
1289 3 1
1290 3 0
1291 25 30
1292 30 5
1293 31 5
1294 8 21
1295 25 31
1296 30 5
1297 31 5
1298 13 18
1299 7 21
1300 8 21
1301 7 21
1302 8 21
1303 30 5
1304 13 19
1305 3 1
1306 13 18
1307 3 0
1308 25 30
1309 7 21
1310 25 31
1311 25 30
1312 13 19
1313 8 21
1314 25 31
1315 25 30
1316 7 21
1317 31 5
1318 3 1
1319 8 21
1320 25 31
1321 30 5
1322 31 5
1323 13 18
1324 3 0
1325 13 19
1326 3 1
1327 13 18
1328 13 19
1329 30 5
1330 13 18
1331 31 5
1332 30 5
1333 3 0
1334 13 19
1335 3 1
1336 25 30
1337 7 21
1338 13 18
1339 3 0
1340 31 5
1341 3 1
1342 30 5
1343 13 19
1344 13 18
1345 31 5
1346 13 19
1347 25 31
1348 30 5
1349 25 30
1350 31 5
1351 13 18
1352 25 31
1353 8 21
1354 30 5
1355 13 19
1356 25 30
1357 31 5
1358 13 18
1359 30 5
1360 25 31
1361 3 0
1362 31 5
1363 25 30
1364 25 31
1365 25 30
1366 3 1
1367 7 21
1368 3 0
1369 30 5
1370 13 19
1371 8 21
1372 13 18
1373 25 31
1374 31 5
1375 3 1
1376 13 19
1377 13 18
1378 3 0
1379 25 30
1380 3 1
1381 13 19
1382 13 18
1383 7 21
1384 3 0
1385 3 1
1386 13 19
1387 25 31
1388 8 21
1389 7 21
1390 8 21
1391 13 18
1392 13 19
1393 25 30
1394 25 31
1395 3 0
1396 3 1
1397 30 5
1398 31 5
1399 30 5
1400 7 21
1401 3 0
1402 31 5
1403 25 30
1404 8 21
1405 7 21
1406 3 1
1407 3 0
1408 25 31
1409 8 21
1410 7 21
1411 30 5
1412 31 5
1413 30 5
1414 25 30
1415 8 21
1416 31 5
1417 30 5
1418 13 18
1419 7 21
1420 31 5
1421 25 31
1422 8 21
1423 25 30
1424 7 21
1425 30 5
1426 8 21
1427 25 31
1428 31 5
1429 30 5
1430 31 5
1431 30 5
1432 3 1
1433 31 5
1434 3 0
1435 13 19
1436 30 5
1437 25 30
1438 3 1
1439 7 21
1440 13 18
1441 3 0
1442 3 1
1443 31 5
1444 3 0
1445 8 21
1446 30 5
1447 3 1
1448 13 19
1449 13 18
1450 31 5
1451 13 19
1452 30 5
1453 31 5
1454 7 21
1455 30 5
1456 25 31
1457 25 30
1458 3 0
1459 3 1
1460 25 31
1461 3 0
1462 31 5
1463 25 30
1464 25 31
1465 8 21
1466 13 18
1467 7 21
1468 25 30
1469 13 19
1470 25 31
1471 30 5
1472 8 21
1473 7 21
1474 3 1
1475 31 5
1476 8 21
1477 13 18
1478 25 30
1479 7 21
1480 3 0
1481 8 21
1482 3 1
1483 7 21
1484 13 19
1485 25 31
1486 3 0
1487 8 21
1488 13 18
1489 13 19
1490 3 1
1491 30 5
1492 13 18
1493 7 21
1494 8 21
1495 7 21
1496 13 19
1497 25 30
1498 25 31
1499 25 30
1500 3 0
1501 31 5
1502 8 21
1503 25 31
1504 25 30
1505 7 21
1506 8 21
1507 7 21
1508 13 18
1509 30 5
1510 13 19
1511 31 5
1512 13 18
1513 8 21
1514 3 1
1515 7 21
1516 13 19
1517 13 18
1518 25 31
1519 30 5
1520 13 19
1521 25 30
1522 13 18
1523 31 5
1524 13 19
1525 30 5
1526 3 0
1527 31 5
1528 8 21
1529 13 18
1530 13 19
1531 25 31
1532 7 21
1533 30 5
1534 31 5
1535 13 18
1536 3 1
1537 13 19
1538 13 18
1539 13 19
1540 13 18
1541 8 21
1542 25 30
1543 25 31
1544 3 0
1545 7 21
1546 13 19
1547 8 21
1548 3 1
1549 30 5
1550 3 0
1551 25 30
1552 7 21
1553 3 1
1554 31 5
1555 8 21
1556 3 0
1557 7 21
1558 8 21
1559 13 18
1560 30 5
1561 25 31
1562 13 19
1563 31 5
1564 30 5
1565 31 5
1566 30 5
1567 7 21
1568 3 1
1569 31 5
1570 3 0
1571 3 1
1572 30 5
1573 13 18
1574 25 30
1575 25 31
1576 13 19
1577 8 21
1578 31 5
1579 30 5
1580 31 5
1581 3 0
1582 25 30
1583 25 31
1584 3 1
1585 25 30
1586 7 21
1587 25 31
1588 8 21
1589 25 30
1590 30 5
1591 3 0
1592 13 18
1593 3 1
1594 3 0
1595 3 1
1596 25 31
1597 13 19
1598 13 18
1599 3 0
1600 25 30
1601 7 21
1602 3 1
1603 31 5
1604 8 21
1605 7 21
1606 8 21
1607 30 5
1608 7 21
1609 3 0
1610 13 19
1611 8 21
1612 31 5
1613 25 31
1614 30 5
1615 3 1
1616 31 5
1617 13 18
1618 25 30
1619 25 31
1620 3 0
1621 30 5
1622 31 5
1623 13 19
1624 13 18
1625 13 19
1626 25 30
1627 30 5
1628 25 31
1629 31 5
1630 30 5
1631 7 21
1632 13 18
1633 13 19
1634 25 30
1635 3 1
1636 31 5
1637 25 31
1638 30 5
1639 8 21
1640 3 0
1641 7 21
1642 31 5
1643 8 21
1644 3 1
1645 13 18
1646 3 0
1647 25 30
1648 13 19
1649 7 21
1650 13 18
1651 3 1
1652 25 31
1653 30 5
1654 3 0
1655 31 5
1656 25 30
1657 30 5
1658 13 19
1659 8 21
1660 3 1
1661 25 31
1662 3 0
1663 13 18
1664 7 21
1665 13 19
1666 31 5
1667 25 30
1668 8 21
1669 25 31
1670 7 21
1671 30 5
1672 25 30
1673 13 18
1674 3 1
1675 8 21
1676 7 21
1677 31 5
1678 13 19
1679 30 5
1680 31 5
1681 3 0
1682 8 21
1683 30 5
1684 3 1
1685 3 0
1686 7 21
1687 8 21
1688 31 5
1689 13 18
1690 25 31
1691 30 5
1692 31 5
1693 7 21
1694 25 30
1695 13 19
1696 30 5
1697 25 31
1698 3 1
1699 25 30
1700 13 18
1701 31 5
1702 13 19
1703 3 0
1704 30 5
1705 13 18
1706 3 1
1707 13 19
1708 25 31
1709 31 5
1710 8 21
1711 13 18
1712 7 21
1713 25 30
1714 3 0
1715 13 19
1716 8 21
1717 7 21
1718 30 5
1719 8 21
1720 3 1
1721 25 31
1722 31 5
1723 25 30
1724 25 31
1725 25 30
1726 25 31
1727 3 0
1728 30 5
1729 31 5
1730 7 21
1731 8 21
1732 3 1
1733 3 0
1734 3 1
1735 30 5
1736 25 30
1737 3 0
1738 13 18
1739 7 21
1740 13 19
1741 8 21
1742 13 18
1743 13 19
1744 25 31
1745 3 1
1746 3 0
1747 3 1
1748 3 0
1749 3 1
1750 13 18
1751 13 19
1752 31 5
1753 3 0
1754 25 30
1755 13 18
1756 3 1
1757 30 5
1758 31 5
1759 25 31
1760 25 30
1761 7 21
1762 13 19
1763 13 18
1764 13 19
1765 8 21
1766 25 31
1767 30 5
1768 31 5
1769 3 0
1770 3 1
1771 25 30
1772 25 31
1773 7 21
1774 8 21
1775 25 30
1776 3 0
1777 13 18
1778 30 5
1779 3 1
1780 25 31
1781 7 21
1782 31 5
1783 8 21
1784 30 5
1785 7 21
1786 8 21
1787 25 30
1788 25 31
1789 13 19
1790 3 0
1791 25 30
1792 13 18
1793 3 1
1794 3 0
1795 7 21
1796 8 21
1797 31 5
1798 25 31
1799 3 1
1800 30 5
1801 13 19
1802 31 5
1803 13 18
1804 30 5
1805 25 30
1806 31 5
1807 13 19
1808 25 31
1809 3 0
1810 13 18
1811 3 1
1812 13 19
1813 13 18
1814 25 30
1815 30 5
1816 3 0
1817 7 21
1818 31 5
1819 30 5
1820 31 5
1821 30 5
1822 25 31
1823 3 1
1824 25 30
1825 25 31
1826 25 30
1827 8 21
1828 25 31
1829 25 30
1830 25 31
1831 25 30
1832 13 19
1833 31 5
1834 25 31
1835 25 30
1836 25 31
1837 25 30
1838 30 5
1839 7 21
1840 3 0
1841 13 18
1842 25 31
1843 13 19
1844 3 1
1845 3 0
1846 8 21
1847 25 30
1848 13 18
1849 13 19
1850 7 21
1851 3 1
1852 25 31
1853 31 5
1854 8 21
1855 13 18
1856 30 5
1857 7 21
1858 3 0
1859 31 5
1860 3 1
1861 25 30
1862 3 0
1863 25 31
1864 13 19
1865 13 18
1866 13 19
1867 3 1
1868 30 5
1869 8 21
1870 31 5
1871 30 5
1872 7 21
1873 3 0
1874 3 1
1875 3 0
1876 13 18
1877 31 5
1878 25 30
1879 25 31
1880 30 5
1881 25 30
1882 8 21
1883 3 1
1884 13 19
1885 13 18
1886 25 31
1887 31 5
1888 3 0
1889 7 21
1890 3 1
1891 13 19
1892 13 18
1893 8 21
1894 3 0
1895 13 19
1896 13 18
1897 3 1
1898 30 5
1899 7 21
1900 3 0
1901 13 19
1902 25 30
1903 8 21
1904 13 18
1905 31 5
1906 25 31
1907 7 21
1908 25 30
1909 13 19
1910 8 21
1911 3 1
1912 7 21
1913 8 21
1914 7 21
1915 3 0
1916 30 5
1917 25 31
1918 25 30
1919 3 1
1920 8 21
1921 31 5
1922 25 31
1923 25 30
1924 25 31
1925 25 30
1926 13 18
1927 13 19
1928 7 21
1929 3 0
1930 25 31
1931 30 5
1932 31 5
1933 3 1
1934 25 30
1935 13 18
1936 30 5
1937 31 5
1938 13 19
1939 8 21
1940 30 5
1941 3 0
1942 7 21
1943 25 31
1944 31 5
1945 30 5
1946 31 5
1947 3 1
1948 30 5
1949 8 21
1950 7 21
1951 25 30
1952 13 18
1953 8 21
1954 31 5
1955 3 0
1956 7 21
1957 8 21
1958 25 31
1959 3 1
1960 25 30
1961 7 21
1962 25 31
1963 8 21
1964 7 21
1965 25 30
1966 3 0
1967 8 21
1968 7 21
1969 13 19
1970 8 21
1971 30 5
1972 7 21
1973 8 21
1974 7 21
1975 13 18
1976 3 1
1977 3 0
1978 13 19
1979 8 21
1980 31 5
1981 13 18
1982 7 21
1983 13 19
1984 30 5
1985 25 31
1986 31 5
1987 30 5
1988 13 18
1989 3 1
1990 25 30
1991 8 21
1992 13 19
1993 25 31
1994 31 5
1995 13 18
1996 13 19
1997 13 18
1998 7 21
1999 25 30
2000 3 0
2001 30 5
2002 8 21
2003 31 5
2004 30 5
2005 3 1
2006 25 31
2007 31 5
2008 30 5
2009 31 5
2010 3 0
2011 13 19
2012 30 5
2013 3 1
2014 31 5
2015 25 30
2016 30 5
2017 13 18
2018 31 5
2019 13 19
2020 13 18
2021 7 21
2022 3 0
2023 30 5
2024 31 5
2025 8 21
2026 13 19
2027 3 1
2028 3 0
2029 30 5
2030 25 31
2031 3 1
2032 31 5
2033 30 5
2034 7 21
2035 8 21
2036 25 30
2037 31 5
2038 7 21
2039 25 31
2040 13 18
2041 3 0
2042 3 1
2043 8 21
2044 13 19
2045 30 5
2046 13 18
2047 7 21
2048 25 30
2049 8 21
2050 31 5
2051 30 5
2052 3 0
2053 7 21
2054 25 31
2055 3 1
2056 31 5
2057 8 21
2058 7 21
2059 25 30
2060 3 0
2061 3 1
2062 13 19
2063 25 31
2064 25 30
2065 25 31
2066 8 21
2067 7 21
2068 25 30
2069 30 5
2070 31 5
2071 25 31
2072 8 21
2073 13 18
2074 13 19
2075 3 0
2076 7 21
2077 8 21
2078 3 1
2079 13 18
2080 7 21
2081 30 5
2082 13 19
2083 8 21
2084 7 21
2085 8 21
2086 13 18
2087 25 30
2088 3 0
2089 3 1
2090 31 5
2091 30 5
2092 7 21
2093 31 5
2094 30 5
2095 25 31
2096 8 21
2097 3 0
2098 7 21
2099 31 5
2100 3 1
2101 13 19
2102 3 0
2103 8 21
2104 13 18
2105 7 21
2106 8 21
2107 7 21
2108 25 30
2109 3 1
2110 13 19
2111 8 21
2112 13 18
2113 30 5
2114 31 5
2115 7 21
2116 13 19
2117 25 31
2118 30 5
2119 31 5
2120 8 21
2121 3 0
2122 25 30
2123 25 31
2124 30 5
2125 13 18
2126 7 21
2127 25 30
2128 31 5
2129 3 1
2130 25 31
2131 8 21
2132 30 5
2133 7 21
2134 13 19
2135 8 21
2136 3 0
2137 25 30
2138 7 21
2139 31 5
2140 30 5
2141 3 1
2142 31 5
2143 13 18
2144 30 5
2145 13 19
2146 8 21
2147 7 21
2148 31 5
2149 13 18
2150 13 19
2151 8 21
2152 7 21
2153 3 0
2154 8 21
2155 13 18
2156 30 5
2157 31 5
2158 7 21
2159 8 21
2160 13 19
2161 7 21
2162 3 1
2163 8 21
2164 25 31
2165 25 30
2166 7 21
2167 25 31
2168 25 30
2169 13 18
2170 30 5
2171 25 31
2172 25 30
2173 25 31
2174 31 5
2175 3 0
2176 3 1
2177 3 0
2178 3 1
2179 8 21
2180 3 0
2181 25 30
2182 25 31
2183 30 5
2184 13 19
2185 7 21
2186 31 5
2187 3 1
2188 25 30
2189 8 21
2190 30 5
2191 13 18
2192 31 5
2193 7 21
2194 30 5
2195 25 31
2196 31 5
2197 25 30
2198 13 19
2199 8 21
2200 30 5
2201 31 5
2202 7 21
2203 30 5
2204 13 18
2205 3 0
2206 8 21
2207 13 19
2208 13 18
2209 31 5
2210 25 31
2211 7 21
2212 30 5
2213 13 19
2214 31 5
2215 8 21
2216 7 21
2217 13 18
2218 25 30
2219 25 31
2220 30 5
2221 3 1
2222 31 5
2223 13 19
2224 13 18
2225 8 21
2226 7 21
2227 8 21
2228 3 0
2229 30 5
2230 7 21
2231 3 1
2232 31 5
2233 8 21
2234 13 19
2235 25 30
2236 25 31
2237 3 0
2238 25 30
2239 30 5
2240 3 1
2241 3 0
2242 13 18
2243 31 5
2244 3 1
2245 25 31
2246 3 0
2247 30 5
2248 25 30
2249 13 19
2250 25 31
2251 7 21
2252 13 18
2253 13 19
2254 3 1
2255 8 21
2256 25 30
2257 31 5
2258 25 31
2259 25 30
2260 13 18
2261 30 5
2262 31 5
2263 13 19
2264 30 5
2265 3 0
2266 31 5
2267 30 5
2268 25 31
2269 31 5
2270 13 18
2271 7 21
2272 8 21
2273 30 5
2274 31 5
2275 3 1
2276 30 5
2277 13 19
2278 3 0
2279 31 5
2280 25 30
2281 3 1
2282 25 31
2283 13 18
2284 3 0
2285 13 19
2286 7 21
2287 25 30
2288 8 21
2289 13 18
2290 30 5
2291 13 19
2292 31 5
2293 13 18
2294 30 5
2295 7 21
2296 8 21
2297 7 21
2298 8 21
2299 7 21
2300 8 21
2301 31 5
2302 13 19
2303 30 5
2304 13 18
2305 31 5
2306 25 31
2307 7 21
2308 30 5
2309 25 30
2310 31 5
2311 8 21
2312 30 5
2313 25 31
2314 7 21
2315 13 19
2316 25 30
2317 13 18
2318 13 19
2319 3 1
2320 3 0
2321 3 1
2322 8 21
2323 25 31
2324 7 21
2325 25 30
2326 25 31
2327 8 21
2328 3 0
2329 3 1
2330 31 5
2331 13 18
2332 3 0
2333 7 21
2334 13 19
2335 8 21
2336 7 21
2337 13 18
2338 25 30
2339 25 31
2340 30 5
2341 3 1
2342 8 21
2343 13 19
2344 3 0
2345 25 30
2346 7 21
2347 13 18
2348 31 5
2349 3 1
2350 25 31
2351 8 21
2352 7 21
2353 13 19
2354 3 0
2355 8 21
2356 7 21
2357 3 1
2358 25 30
2359 30 5
2360 13 18
2361 25 31
2362 25 30
2363 3 0
2364 13 19
2365 8 21
2366 31 5
2367 3 1
2368 30 5
2369 25 31
2370 31 5
2371 7 21
2372 30 5
2373 8 21
2374 13 18
2375 7 21
2376 8 21
2377 31 5
2378 3 0
2379 3 1
2380 3 0
2381 7 21
2382 25 30
2383 30 5
2384 31 5
2385 25 31
2386 8 21
2387 7 21
2388 3 1
2389 8 21
2390 3 0
2391 7 21
2392 30 5
2393 25 30
2394 25 31
2395 3 1
2396 13 19
2397 25 30
2398 3 0
2399 25 31
2400 13 18
2401 31 5
2402 3 1
2403 13 19
2404 3 0
2405 8 21
2406 7 21
2407 8 21
2408 30 5
2409 3 1
2410 13 18
2411 13 19
2412 25 30
2413 25 31
2414 3 0
2415 31 5
2416 25 30
2417 13 18
2418 25 31
2419 30 5
2420 31 5
2421 13 19
2422 13 18
2423 7 21
2424 3 1
2425 25 30
2426 25 31
2427 3 0
2428 30 5
2429 13 19
2430 13 18
2431 3 1
2432 8 21
2433 13 19
2434 31 5
2435 3 0
2436 25 30
2437 7 21
2438 30 5
2439 31 5
2440 30 5
2441 3 1
2442 3 0
2443 31 5
2444 3 1
2445 30 5
2446 3 0
2447 13 18
2448 25 31
2449 25 30
2450 3 1
2451 13 19
2452 8 21
2453 3 0
2454 25 31
2455 13 18
2456 3 1
2457 31 5
2458 3 0
2459 25 30
2460 30 5
2461 13 19
2462 25 31
2463 13 18
2464 13 19
2465 3 1
2466 7 21
2467 31 5
2468 8 21
2469 7 21
2470 3 0
2471 25 30
2472 25 31
2473 25 30
2474 30 5
2475 31 5
2476 25 31
2477 13 18
2478 8 21
2479 30 5
2480 25 30
2481 13 19
2482 13 18
2483 25 31
2484 31 5
2485 30 5
2486 31 5
2487 30 5
2488 7 21
2489 3 1
2490 13 19
2491 8 21
2492 31 5
2493 25 30
2494 13 18
2495 30 5
2496 3 0
2497 31 5
2498 30 5
2499 31 5
2500 30 5
2501 7 21
2502 8 21
2503 31 5
2504 3 1
2505 7 21
2506 13 19
2507 13 18
2508 30 5
2509 3 0
2510 31 5
2511 25 31
2512 25 30
2513 30 5
2514 8 21
2515 13 19
2516 31 5
2517 7 21
2518 30 5
2519 31 5
2520 25 31
2521 25 30
2522 25 31
2523 13 18
2524 13 19
2525 3 1
2526 25 30
2527 30 5
2528 25 31
2529 25 30
2530 8 21
2531 3 0
2532 31 5
2533 25 31
2534 30 5
2535 7 21
2536 8 21
2537 31 5
2538 25 30
2539 7 21
2540 13 18
2541 13 19
2542 25 31
2543 30 5
2544 25 30
2545 31 5
2546 8 21
2547 3 1
2548 3 0
2549 13 18
2550 25 31
2551 7 21
2552 25 30
2553 30 5
2554 25 31
2555 13 19
2556 31 5
2557 13 18
2558 13 19
2559 30 5
2560 8 21
2561 3 1
2562 13 18
2563 7 21
2564 13 19
2565 3 0
2566 25 30
2567 13 18
2568 25 31
2569 31 5
2570 30 5
2571 25 30
2572 31 5
2573 13 19
2574 13 18
2575 30 5
2576 31 5
2577 25 31
2578 8 21
2579 3 1
2580 7 21
2581 3 0
2582 25 30
2583 8 21
2584 30 5
2585 31 5
2586 13 19
2587 3 1
2588 3 0
2589 7 21
2590 13 18
2591 30 5
2592 8 21
2593 13 19
2594 13 18
2595 13 19
2596 7 21
2597 8 21
2598 7 21
2599 13 18
2600 25 31
2601 31 5
2602 3 1
2603 8 21
2604 25 30
2605 13 19
2606 3 0
2607 7 21
2608 25 31
2609 13 18
2610 13 19
2611 25 30
2612 3 1
2613 25 31
2614 30 5
2615 31 5
2616 30 5
2617 31 5
2618 3 0
2619 30 5
2620 8 21
2621 3 1
2622 3 0
2623 31 5
2624 7 21
2625 30 5
2626 8 21
2627 31 5
2628 7 21
2629 3 1
2630 30 5
2631 13 18
2632 13 19
2633 8 21
2634 25 30
2635 7 21
2636 8 21
2637 25 31
2638 25 30
2639 31 5
2640 7 21
2641 30 5
2642 25 31
2643 8 21
2644 13 18
2645 31 5
2646 25 30
2647 7 21
2648 25 31
2649 3 0
2650 8 21
2651 7 21
2652 3 1
2653 30 5
2654 8 21
2655 3 0
2656 13 19
2657 7 21
2658 3 1
2659 8 21
2660 31 5
2661 3 0
2662 13 18
2663 25 30
2664 13 19
2665 13 18
2666 3 1
2667 3 0
2668 30 5
2669 13 19
2670 3 1
2671 7 21
2672 31 5
2673 3 0
2674 3 1
2675 13 18
2676 3 0
2677 8 21
2678 3 1
2679 25 31
2680 3 0
2681 30 5
2682 25 30
2683 7 21
2684 25 31
2685 25 30
2686 25 31
2687 31 5
2688 30 5
2689 13 19
2690 8 21
2691 3 1
2692 3 0
2693 13 18
2694 3 1
2695 13 19
2696 7 21
2697 25 30
2698 3 0
2699 31 5
2700 30 5
2701 8 21
2702 31 5
2703 30 5
2704 13 18
2705 25 31
2706 13 19
2707 13 18
2708 31 5
2709 3 1
2710 30 5
2711 31 5
2712 13 19
2713 7 21
2714 25 30
2715 13 18
2716 30 5
2717 25 31
2718 8 21
2719 25 30
2720 25 31
2721 3 0
2722 7 21
2723 31 5
2724 8 21
2725 25 30
2726 25 31
2727 25 30
2728 25 31
2729 7 21
2730 30 5
2731 31 5
2732 13 19
2733 3 1
2734 3 0
2735 8 21
2736 25 30
2737 30 5
2738 3 1
2739 7 21
2740 31 5
2741 30 5
2742 25 31
2743 3 0
2744 13 18
2745 3 1
2746 13 19
2747 8 21
2748 13 18
2749 3 0
2750 3 1
2751 31 5
2752 30 5
2753 13 19
2754 7 21
2755 31 5
2756 25 30
2757 8 21
2758 7 21
2759 30 5
2760 8 21
2761 13 18
2762 13 19
2763 7 21
2764 8 21
2765 3 0
2766 25 31
2767 25 30
2768 31 5
2769 25 31
2770 3 1
2771 30 5
2772 25 30
2773 3 0
2774 13 18
2775 31 5
2776 3 1
2777 30 5
2778 25 31
2779 13 19
2780 31 5
2781 25 30
2782 25 31
2783 13 18
2784 7 21
2785 3 0
2786 25 30
2787 8 21
2788 30 5
2789 25 31
2790 7 21
2791 13 19
2792 25 30
2793 13 18
2794 25 31
2795 25 30
2796 3 1
2797 3 0
2798 25 31
2799 8 21
2800 13 19
2801 7 21
2802 3 1
2803 31 5
2804 25 30
2805 13 18
2806 3 0
2807 8 21
2808 30 5
2809 13 19
2810 13 18
2811 3 1
2812 3 0
2813 7 21
2814 3 1
2815 3 0
2816 8 21
2817 31 5
2818 3 1
2819 30 5
2820 31 5
2821 30 5
2822 3 0
2823 13 19
2824 13 18
2825 13 19
2826 13 18
2827 3 1
2828 13 19
2829 7 21
2830 31 5
2831 8 21
2832 30 5
2833 3 0
2834 25 31
2835 7 21
2836 31 5
2837 30 5
2838 3 1
2839 25 30
2840 13 18
2841 3 0
2842 3 1
2843 8 21
2844 31 5
2845 30 5
2846 25 31
2847 3 0
2848 31 5
2849 13 19
2850 7 21
2851 3 1
2852 25 30
2853 3 0
2854 13 18
2855 8 21
2856 25 31
2857 30 5
2858 13 19
2859 13 18
2860 31 5
2861 3 1
2862 13 19
2863 7 21
2864 30 5
2865 3 0
2866 3 1
2867 25 30
2868 8 21
2869 7 21
2870 3 0
2871 8 21
2872 25 31
2873 13 18
2874 25 30
2875 25 31
2876 3 1
2877 7 21
2878 31 5
2879 8 21
2880 25 30
2881 7 21
2882 8 21
2883 30 5
2884 31 5
2885 3 0
2886 13 19
2887 7 21
2888 3 1
2889 8 21
2890 30 5
2891 7 21
2892 8 21
2893 7 21
2894 3 0
2895 8 21
2896 25 31
2897 31 5
2898 13 18
2899 7 21
2900 25 30
2901 30 5
2902 8 21
2903 31 5
2904 7 21
2905 13 19
2906 25 31
2907 8 21
2908 13 18
2909 30 5
2910 13 19
2911 31 5
2912 13 18
2913 13 19
2914 3 1
2915 3 0
2916 7 21
2917 8 21
2918 13 18
2919 13 19
2920 13 18
2921 25 30
2922 30 5
2923 13 19
2924 25 31
2925 31 5
2926 7 21
2927 3 1
2928 3 0
2929 30 5
2930 31 5
2931 3 1
2932 25 30
2933 30 5
2934 8 21
2935 25 31
2936 7 21
2937 25 30
2938 25 31
2939 31 5
2940 25 30
2941 25 31
2942 30 5
2943 25 30
2944 13 18
2945 3 0
2946 8 21
2947 7 21
2948 31 5
2949 25 31
2950 30 5
2951 8 21
2952 3 1
2953 31 5
2954 30 5
2955 13 19
2956 31 5
2957 3 0
2958 30 5
2959 31 5
2960 13 18
2961 30 5
2962 13 19
2963 7 21
2964 25 30
2965 13 18
2966 8 21
2967 31 5
2968 7 21
2969 25 31
2970 30 5
2971 8 21
2972 31 5
2973 13 19
2974 3 1
2975 7 21
2976 25 30
2977 3 0
2978 3 1
2979 25 31
2980 8 21
2981 7 21
2982 25 30
2983 8 21
2984 30 5
2985 13 18
2986 3 0
2987 13 19
2988 25 31
2989 31 5
2990 30 5
2991 7 21
2992 8 21
2993 25 30
2994 3 1
2995 31 5
2996 25 31
2997 13 18
2998 13 19
2999 13 18
3000 7 21
3001 3 0
3002 25 30
3003 13 19
3004 25 31
3005 3 1
3006 30 5
3007 3 0
3008 31 5
3009 25 30
3010 30 5
3011 13 18
3012 3 1
3013 31 5
3014 25 31
3015 25 30
3016 3 0
3017 25 31
3018 8 21
3019 25 30
3020 7 21
3021 3 1
3022 30 5
3023 31 5
3024 8 21
3025 7 21
3026 8 21
3027 25 31
3028 3 0
3029 7 21
3030 25 30
3031 25 31
3032 3 1
3033 8 21
3034 25 30
3035 13 19
3036 25 31
3037 25 30
3038 25 31
3039 13 18
3040 7 21
3041 25 30
3042 3 0
3043 30 5
3044 25 31
3045 8 21
3046 25 30
3047 25 31
3048 7 21
3049 31 5
3050 8 21
3051 30 5
3052 13 19
3053 13 18
3054 3 1
3055 3 0
3056 7 21
3057 31 5
3058 3 1
3059 13 19
3060 30 5
3061 8 21
3062 3 0
3063 25 30
3064 13 18
3065 25 31
3066 13 19
3067 13 18
3068 13 19
3069 7 21
3070 8 21
3071 25 30
# colocadas=3072 ocupadas=5 mayor=3274
