0 0 0
1 0 31
2 31 0
3 30 0
4 31 31
5 31 0
6 0 2
7 0 4
8 0 6
9 0 30
10 0 8
11 0 10
12 0 12
13 0 14
14 1 12
15 0 16
16 0 18
17 0 20
18 0 22
19 30 0
20 0 24
21 0 25
22 0 23
23 0 27
24 1 18
25 0 13
26 1 31
27 2 0
28 3 31
29 0 18
30 0 15
31 0 28
32 1 8
33 0 21
34 0 8
35 31 0
36 4 31
37 0 17
38 0 19
39 1 6
40 4 0
41 1 15
42 2 1
43 1 21
44 0 20
45 3 31
46 30 0
47 0 27
48 0 14
49 0 31
50 1 25
51 0 22
52 0 24
53 1 26
54 2 21
55 0 7
56 5 31
57 1 16
58 0 5
59 0 3
60 0 1
61 1 22
62 30 31
63 1 0
64 0 19
65 31 31
66 0 16
67 0 18
68 0 19
69 0 23
70 0 4
71 6 31
72 1 25
73 0 24
74 3 0
75 0 29
76 1 15
77 4 0
78 5 31
79 0 22
80 1 26
81 2 2
82 0 18
83 3 0
84 1 31
85 1 21
86 2 15
87 0 13
88 6 31
89 31 0
90 1 2
91 0 26
92 0 9
93 30 31
94 2 2
95 4 31
96 31 31
97 1 11
98 0 11
99 0 0
100 3 31
101 5 31
102 1 15
103 1 24
104 0 14
105 6 31
106 1 20
107 0 2
108 2 15
109 1 1
110 1 0
111 0 1
112 4 0
113 0 25
114 4 31
115 1 16
116 2 0
117 1 23
118 0 6
119 0 7
120 0 31
121 0 0
122 30 31
123 2 3
124 0 6
125 0 7
126 30 0
127 2 14
128 0 24
129 31 0
130 1 9
131 0 25
132 1 31
133 0 9
134 1 9
135 31 31
136 2 13
137 1 2
138 0 17
139 30 0
140 1 27
141 3 31
142 5 0
143 0 31
144 1 24
145 0 28
146 0 3
147 0 29
148 0 9
149 2 4
150 0 27
151 3 0
152 0 21
153 1 9
154 1 15
155 1 1
156 2 0
157 1 4
158 4 0
159 1 27
160 0 28
161 0 26
162 2 4
163 0 29
164 0 1
165 0 10
166 5 0
167 1 4
168 30 31
169 0 8
170 1 31
171 5 31
172 1 13
173 0 31
174 1 16
175 0 24
176 0 23
177 0 6
178 2 9
179 31 31
180 0 0
181 0 11
182 2 31
183 4 31
184 1 9
185 4 0
186 1 10
187 1 5
188 30 31
189 0 5
190 1 12
191 0 28
192 0 24
193 0 25
194 1 26
195 5 0
196 4 0
197 5 0
198 1 27
199 0 26
200 1 9
201 1 10
202 2 27
203 1 4
204 0 2
205 1 27
206 0 10
207 1 2
208 0 29
209 4 0
210 0 11
211 0 25
212 31 0
213 2 1
214 1 19
215 3 0
216 1 13
217 0 30
218 2 0
219 0 26
220 0 6
221 0 3
222 2 1
223 2 0
224 1 31
225 0 20
226 0 2
227 2 31
228 0 31
229 1 15
230 0 30
231 0 5
232 0 28
233 1 12
234 1 16
235 0 29
236 5 31
237 4 31
238 1 1
239 0 31
240 30 0
241 0 13
242 0 7
243 0 1
244 0 8
245 0 7
246 1 0
247 0 28
248 0 8
249 0 30
250 2 27
251 0 10
252 1 18
253 1 19
254 2 12
255 1 27
256 31 0
257 2 27
258 1 9
259 0 3
260 0 12
261 0 0
262 0 21
263 0 13
264 0 31
265 0 20
266 1 26
267 0 6
268 0 23
269 0 30
270 0 2
271 0 4
272 0 7
273 0 31
274 0 27
275 31 31
276 30 0
277 1 6
278 2 1
279 0 30
280 1 31
281 1 18
282 0 28
283 0 27
284 1 1
285 3 31
286 2 2
287 2 3
288 1 8
289 2 1
290 30 31
291 1 15
292 0 15
293 1 12
294 0 28
295 1 3
296 0 9
297 1 19
298 0 6
299 0 10
300 0 27
301 0 29
302 1 1
303 31 31
304 1 25
305 1 11
306 0 30
307 0 18
308 0 16
309 0 21
310 0 7
311 30 31
312 0 5
313 0 4
314 0 24
315 1 12
316 2 0
317 0 17
318 0 15
319 1 11
320 0 20
321 1 9
322 0 5
323 2 6
324 0 18
325 0 23
326 1 8
327 0 4
328 2 3
329 0 22
330 0 26
331 31 31
332 0 3
333 0 16
334 1 6
335 4 31
336 30 31
337 2 19
338 1 12
339 0 6
340 2 2
341 0 2
342 31 0
343 0 14
344 0 13
345 0 15
346 0 12
347 0 27
348 1 20
349 0 20
350 0 17
351 1 5
352 1 11
353 0 25
354 3 31
355 30 0
356 4 31
357 0 1
358 1 19
359 2 31
360 3 0
361 2 0
362 0 9
363 1 18
364 2 5
365 2 3
366 0 3
367 31 31
368 30 31
369 1 7
370 3 0
371 1 5
372 1 10
373 5 31
374 0 23
375 0 31
376 0 11
377 0 28
378 0 2
379 1 3
380 2 3
381 31 0
382 0 3
383 2 5
384 0 27
385 2 10
386 0 2
387 1 8
388 0 19
389 0 28
390 2 0
391 0 7
392 0 6
393 0 3
394 4 31
395 0 30
396 0 20
397 1 5
398 0 16
399 0 19
400 1 27
401 2 5
402 1 5
403 3 0
404 1 26
405 1 7
406 1 4
407 0 0
408 0 2
409 0 20
410 1 10
411 30 0
412 1 31
413 1 8
414 0 4
415 0 3
416 2 2
417 31 0
418 2 3
419 1 27
420 0 26
421 0 22
422 31 31
423 1 4
424 1 7
425 0 5
426 30 31
427 1 0
428 0 8
429 1 6
430 0 6
431 31 31
432 0 31
433 0 9
434 2 2
435 2 10
436 0 0
437 0 29
438 2 0
439 0 12
440 0 8
441 0 23
442 0 18
443 0 1
444 0 21
445 0 14
446 30 31
447 30 0
448 2 31
449 1 10
450 0 10
451 2 3
452 1 12
453 0 28
454 2 27
455 0 5
456 1 16
457 1 2
458 0 12
459 0 0
460 0 24
461 0 23
462 2 4
463 0 15
464 1 4
465 2 30
466 0 29
467 0 2
468 0 1
469 0 14
470 0 0
471 0 17
472 0 18
473 0 3
474 0 1
475 0 24
476 3 31
477 3 3
478 0 7
479 0 28
480 0 29
481 3 0
482 0 0
483 0 1
484 2 6
485 0 28
486 0 2
487 0 3
488 1 27
489 0 23
490 1 6
491 0 17
492 0 4
493 0 2
494 1 12
495 0 18
496 1 30
497 0 24
498 0 25
499 31 31
500 2 3
501 2 6
502 0 13
503 1 0
504 0 0
505 1 11
506 1 6
507 0 26
508 0 16
509 2 6
510 0 19
511 0 18
512 2 0
513 1 29
514 1 6
515 2 31
516 31 0
517 0 15
518 4 0
519 2 1
520 0 17
521 0 5
522 2 27
523 1 15
524 3 3
525 3 31
526 0 23
527 0 30
528 2 0
529 0 9
530 0 4
531 0 1
532 0 20
533 2 29
534 0 2
535 0 10
536 2 4
537 30 31
538 5 0
539 1 12
540 4 0
541 1 11
542 0 16
543 0 8
544 30 0
545 1 27
546 1 1
547 2 27
548 2 31
549 0 22
550 31 0
551 1 28
552 31 31
553 3 29
554 0 19
555 0 17
556 5 0
557 1 2
558 0 5
559 0 1
560 1 31
561 30 31
562 1 4
563 0 21
564 0 25
565 2 29
566 1 19
567 1 12
568 0 24
569 0 14
570 0 16
571 2 2
572 2 31
573 1 0
574 1 31
575 0 20
576 0 28
577 0 13
578 1 14
579 3 4
580 0 11
581 4 0
582 0 7
583 0 27
584 0 26
585 2 12
586 1 18
587 3 3
588 0 3
589 1 15
590 0 14
591 0 8
592 0 27
593 2 0
594 0 13
595 0 17
596 1 29
597 2 4
598 0 14
599 1 19
600 31 31
601 4 3
602 5 0
603 1 0
604 2 0
605 1 28
606 1 3
607 1 0
608 1 18
609 3 3
610 0 7
611 0 13
612 0 19
613 0 20
614 0 15
615 1 12
616 1 29
617 0 10
618 0 9
619 0 26
620 0 31
621 2 5
622 30 31
623 3 4
624 0 10
625 0 23
626 30 0
627 0 3
628 1 3
629 3 3
630 0 30
631 0 25
632 1 28
633 0 22
634 1 11
635 31 31
636 31 0
637 0 8
638 2 4
639 0 2
640 1 12
641 0 23
642 2 26
643 0 26
644 2 5
645 0 12
646 0 0
647 30 31
648 0 19
649 0 20
650 1 0
651 0 25
652 30 0
653 0 26
654 31 31
655 0 14
656 2 25
657 0 29
658 1 27
659 0 19
660 0 1
661 1 7
662 2 4
663 1 11
664 1 6
665 31 0
666 0 3
667 2 0
668 1 25
669 2 11
670 1 4
671 0 6
672 1 10
673 1 24
674 0 16
675 0 11
676 0 9
677 0 22
678 4 0
679 0 25
680 0 26
681 3 4
682 0 2
683 0 13
684 0 3
685 1 17
686 1 9
687 0 14
688 5 0
689 0 21
690 0 24
691 0 15
692 0 13
693 4 0
694 3 3
695 1 28
696 0 2
697 0 27
698 0 16
699 0 3
700 2 10
701 1 2
702 2 3
703 1 8
704 30 0
705 0 18
706 0 20
707 1 10
708 0 19
709 0 0
710 0 2
711 0 23
712 0 12
713 0 18
714 0 26
715 0 25
716 0 26
717 2 1
718 0 4
719 1 27
720 3 0
721 0 14
722 0 19
723 2 8
724 1 1
725 0 31
726 2 0
727 0 7
728 1 8
729 31 0
730 1 14
731 0 28
732 1 3
733 2 3
734 1 2
735 0 25
736 2 8
737 0 18
738 1 11
739 2 4
740 0 1
741 0 10
742 1 3
743 0 26
744 0 13
745 1 2
746 1 0
747 30 0
748 1 12
749 0 0
750 0 8
751 0 15
752 1 16
753 0 17
754 0 7
755 31 0
756 1 3
757 0 2
758 2 14
759 0 1
760 0 5
761 0 12
762 0 25
763 0 3
764 0 13
765 1 14
766 2 16
767 0 30
768 1 11
769 2 1
770 2 6
771 0 16
772 0 18
773 1 6
774 0 8
775 30 0
776 1 4
777 2 4
778 0 2
779 1 7
780 2 9
781 1 9
782 1 26
783 1 15
784 1 12
785 0 14
786 1 4
787 1 2
788 0 24
789 2 0
790 2 4
791 1 1
792 0 12
793 0 27
794 2 17
795 2 9
796 0 21
797 2 1
798 1 2
799 1 10
800 1 4
801 0 19
802 0 10
803 1 23
804 0 28
805 1 6
806 4 0
807 0 18
808 0 27
809 0 7
810 0 17
811 0 13
812 0 1
813 1 25
814 0 4
815 0 5
816 3 0
817 2 4
818 1 3
819 2 5
820 0 19
821 1 12
822 0 0
823 1 22
824 0 9
825 0 31
826 1 26
827 0 28
828 1 19
829 2 16
830 1 11
831 0 16
832 0 19
833 0 4
834 0 5
835 30 31
836 0 23
837 1 1
838 0 8
839 0 27
840 1 25
841 1 7
842 0 24
843 0 23
844 2 4
845 0 7
846 0 10
847 2 1
848 2 22
849 4 0
850 0 2
851 0 18
852 0 4
853 0 6
854 0 19
855 2 5
856 3 0
857 1 1
858 0 9
859 1 5
860 2 8
861 0 7
862 2 9
863 0 18
864 1 22
865 2 1
866 31 31
867 1 14
868 2 22
869 0 5
870 1 15
871 0 19
872 4 0
873 1 21
874 0 4
875 0 10
876 0 1
877 0 2
878 2 17
879 0 22
880 1 0
881 0 26
882 1 12
883 2 3
884 1 11
885 1 24
886 0 17
887 2 5
888 0 5
889 2 6
890 3 1
891 0 24
892 0 4
893 30 31
894 1 9
895 0 20
896 0 23
897 1 12
898 2 9
899 0 16
900 0 14
901 1 17
902 2 5
903 31 0
904 1 9
905 0 27
906 0 11
907 1 18
908 30 0
909 1 5
910 2 7
911 1 3
912 0 9
913 0 13
914 31 31
915 0 1
916 30 31
917 1 6
918 1 14
919 2 23
920 1 9
921 2 8
922 0 30
923 0 2
924 2 1
925 31 0
926 0 8
927 3 0
928 4 0
929 0 15
930 0 6
931 2 14
932 0 0
933 30 0
934 0 14
935 0 7
936 2 0
937 0 22
938 0 1
939 0 13
940 0 16
941 0 8
942 1 0
943 0 10
944 2 7
945 1 14
946 0 0
947 0 7
948 31 0
949 0 19
950 2 6
951 0 20
952 0 26
953 1 15
954 2 1
955 0 8
956 0 5
957 0 17
958 0 15
959 0 23
960 1 0
961 1 19
962 0 22
963 0 19
964 0 7
965 3 0
966 0 21
967 4 0
968 1 22
969 0 23
970 2 24
971 1 2
972 0 24
973 0 0
974 1 23
975 0 18
976 0 19
977 1 6
978 1 17
979 1 0
980 0 16
981 0 11
982 0 14
983 0 18
984 0 3
985 0 13
986 31 31
987 1 3
988 0 8
989 1 2
990 0 31
991 0 0
992 0 30
993 0 2
994 2 25
995 0 10
996 1 0
997 0 20
998 0 0
999 1 25
1000 2 17
1001 1 0
1002 30 31
1003 0 31
1004 2 25
1005 1 17
1006 1 7
1007 1 11
1008 31 31
1009 30 31
1010 0 7
1011 0 1
1012 0 15
1013 30 0
1014 1 3
1015 0 2
1016 1 6
1017 1 12
1018 31 31
1019 31 0
1020 1 16
1021 0 0
1022 0 1
1023 0 27
1024 1 8
1025 1 22
1026 0 0
1027 0 21
1028 1 23
1029 0 1
1030 0 30
1031 0 14
1032 0 16
1033 30 31
1034 2 6
1035 0 4
1036 0 0
1037 1 14
1038 0 20
1039 0 25
1040 0 23
1041 0 9
1042 1 6
1043 0 6
1044 31 31
1045 1 5
1046 1 7
1047 2 0
1048 0 12
1049 2 24
1050 1 11
1051 2 19
1052 1 25
1053 0 22
1054 0 3
1055 0 15
1056 5 0
1057 0 13
1058 1 1
1059 2 1
1060 0 11
1061 2 23
1062 0 4
1063 1 1
1064 0 25
1065 0 24
1066 0 8
1067 0 31
1068 0 26
1069 0 9
1070 0 12
1071 2 5
1072 30 0
1073 2 1
1074 0 5
1075 0 17
1076 0 13
1077 1 22
1078 1 11
1079 2 3
1080 2 24
1081 0 12
1082 2 23
1083 1 3
1084 0 14
1085 0 27
1086 0 22
1087 4 0
1088 0 8
1089 0 11
1090 5 0
1091 0 9
1092 0 16
1093 2 4
1094 1 1
1095 0 17
1096 31 0
1097 0 19
1098 0 6
1099 0 13
1100 1 23
1101 30 31
1102 0 1
1103 0 16
1104 0 0
1105 2 5
1106 2 3
1107 0 5
1108 0 12
1109 2 18
1110 31 31
1111 0 26
1112 1 3
1113 2 4
1114 4 0
1115 3 0
1116 1 0
1117 0 14
1118 0 6
1119 0 30
1120 2 23
1121 2 3
1122 30 31
1123 1 24
1124 5 0
1125 0 21
1126 0 13
1127 2 22
1128 0 24
1129 1 18
1130 2 5
1131 1 14
1132 1 17
1133 1 8
1134 6 0
1135 1 22
1136 1 5
1137 2 1
1138 1 23
1139 1 18
1140 0 18
1141 0 20
1142 1 17
1143 0 10
1144 1 15
1145 2 5
1146 30 0
1147 0 8
1148 4 0
1149 0 27
1150 1 6
1151 0 15
1152 0 26
1153 1 12
1154 3 0
1155 5 0
1156 1 22
1157 1 11
1158 0 27
1159 31 0
1160 6 0
1161 4 0
1162 1 14
1163 1 3
1164 1 9
1165 7 0
1166 30 0
1167 0 0
1168 0 23
1169 1 12
1170 0 24
1171 0 12
1172 0 13
1173 2 4
1174 0 26
1175 1 0
1176 2 2
1177 0 0
1178 0 21
1179 0 6
1180 1 23
1181 1 16
1182 1 22
1183 0 1
1184 31 31
1185 3 0
1186 2 14
1187 0 17
1188 0 27
1189 6 0
1190 1 6
1191 0 12
1192 2 1
1193 0 11
1194 0 6
1195 31 0
1196 0 13
1197 30 31
1198 5 0
1199 31 31
1200 2 16
1201 2 0
1202 0 7
1203 30 0
1204 0 26
1205 1 14
1206 2 2
1207 0 9
1208 4 0
1209 2 12
1210 3 2
1211 0 27
1212 30 31
1213 31 0
1214 1 0
1215 2 14
1216 1 15
1217 2 1
1218 3 0
1219 2 5
1220 3 3
1221 1 6
1222 30 0
1223 1 11
1224 0 16
1225 0 10
1226 0 8
1227 2 4
1228 2 5
1229 0 17
1230 31 0
1231 0 7
1232 0 26
1233 0 0
1234 0 11
1235 3 2
1236 0 16
1237 2 17
1238 0 6
1239 3 3
1240 0 9
1241 1 5
1242 3 14
1243 0 3
1244 0 14
1245 0 4
1246 2 2
1247 0 2
1248 1 0
1249 4 0
1250 0 0
1251 0 13
1252 1 6
1253 0 1
1254 0 14
1255 2 6
1256 0 3
1257 0 4
1258 0 23
1259 0 24
1260 0 27
1261 1 0
1262 2 14
1263 1 23
1264 0 20
1265 0 31
1266 31 31
1267 2 1
1268 0 0
1269 2 7
1270 0 26
1271 30 0
1272 2 6
1273 3 2
1274 0 30
1275 0 13
1276 0 3
1277 1 2
1278 0 17
1279 0 27
1280 2 0
1281 0 25
1282 0 19
1283 0 15
1284 0 31
1285 1 13
1286 0 20
1287 0 13
1288 0 19
1289 0 20
1290 1 9
1291 0 5
1292 0 10
1293 1 1
1294 0 24
1295 3 1
1296 0 30
1297 0 31
1298 30 31
1299 5 0
1300 2 2
1301 0 2
1302 0 30
1303 0 26
1304 0 31
1305 1 6
1306 2 6
1307 1 6
1308 31 0
1309 0 19
1310 2 16
1311 4 1
1312 0 27
1313 1 15
1314 1 8
1315 0 15
1316 0 30
1317 0 31
1318 0 25
1319 0 3
1320 0 24
1321 1 17
1322 0 30
1323 0 12
1324 0 26
1325 0 14
1326 3 1
1327 0 11
1328 0 4
1329 3 14
1330 4 1
1331 1 22
1332 0 31
1333 2 3
1334 0 9
1335 0 30
1336 2 14
1337 0 5
1338 0 2
1339 0 3
1340 1 2
1341 0 18
1342 1 12
1343 0 4
1344 0 27
1345 30 0
1346 0 31
1347 0 30
1348 0 13
1349 0 14
1350 0 5
1351 2 8
1352 1 13
1353 0 23
1354 0 15
1355 0 4
1356 1 1
1357 0 14
1358 0 26
1359 0 15
1360 3 1
1361 0 1
1362 3 2
1363 0 5
1364 0 8
1365 3 14
1366 3 1
1367 31 31
1368 1 21
1369 0 2
1370 2 7
1371 0 7
1372 0 13
1373 3 2
1374 0 21
1375 3 1
1376 0 3
1377 1 2
1378 2 4
1379 0 8
1380 4 0
1381 1 0
1382 0 16
1383 2 15
1384 2 0
1385 1 9
1386 0 15
1387 1 16
1388 30 31
1389 0 25
1390 0 26
1391 1 4
1392 0 6
1393 1 0
1394 2 0
1395 3 2
1396 3 1
1397 0 7
1398 2 14
1399 0 20
1400 2 2
1401 1 6
1402 0 0
1403 1 0
1404 31 0
1405 31 31
1406 1 2
1407 1 17
1408 5 0
1409 30 0
1410 0 10
1411 30 31
1412 31 31
1413 0 22
1414 0 1
1415 0 11
1416 4 0
1417 1 14
1418 0 2
1419 2 4
1420 1 3
1421 0 3
1422 2 8
1423 2 0
1424 3 13
1425 2 14
1426 0 9
1427 3 12
1428 30 31
1429 5 0
1430 1 20
1431 0 8
1432 2 7
1433 0 31
1434 0 6
1435 0 0
1436 1 11
1437 0 1
1438 1 16
1439 1 0
1440 1 3
1441 0 10
1442 1 6
1443 1 12
1444 2 0
1445 3 11
1446 2 11
1447 0 20
1448 0 11
1449 0 7
1450 1 0
1451 0 17
1452 31 0
1453 30 0
1454 1 14
1455 4 0
1456 0 14
1457 2 5
1458 0 15
1459 0 12
1460 0 10
1461 1 11
1462 31 0
1463 0 30
1464 5 0
1465 0 6
1466 2 4
1467 2 10
1468 31 31
1469 0 3
1470 0 8
1471 0 9
1472 4 0
1473 30 0
1474 1 6
1475 0 14
1476 1 2
1477 2 8
1478 2 16
1479 0 31
1480 1 16
1481 1 13
1482 0 30
1483 0 0
1484 0 11
1485 0 23
1486 0 31
1487 1 7
1488 0 6
1489 3 8
1490 2 13
1491 2 8
1492 2 1
1493 31 0
1494 0 18
1495 3 0
1496 30 0
1497 1 10
1498 0 17
1499 0 18
1500 1 4
1501 2 0
1502 0 1
1503 31 0
1504 0 15
1505 1 0
1506 0 14
1507 1 13
1508 2 2
1509 0 30
1510 0 7
1511 0 22
1512 0 4
1513 1 6
1514 2 4
1515 1 8
1516 2 1
1517 4 0
1518 1 11
1519 1 5
1520 30 31
1521 0 0
1522 0 1
1523 0 15
1524 0 17
1525 0 25
1526 0 0
1527 31 31
1528 2 11
1529 0 3
1530 2 16
1531 0 18
1532 3 0
1533 0 2
1534 0 10
1535 30 0
1536 0 9
1537 0 24
1538 1 14
1539 0 11
1540 0 8
1541 0 10
1542 1 0
1543 1 20
1544 0 1
1545 4 0
1546 0 5
1547 0 20
1548 0 0
1549 1 3
1550 31 0
1551 30 0
1552 1 16
1553 30 31
1554 0 2
1555 1 9
1556 1 13
1557 0 31
1558 1 7
1559 1 20
1560 0 12
1561 0 17
1562 31 31
1563 0 4
1564 0 20
1565 31 0
1566 0 25
1567 0 11
1568 1 2
1569 0 7
1570 0 13
1571 1 0
1572 0 0
1573 0 18
1574 2 0
1575 0 12
1576 30 31
1577 30 0
1578 1 17
1579 1 14
1580 0 3
1581 0 16
1582 2 17
1583 0 15
1584 1 13
1585 0 30
1586 1 14
1587 0 17
1588 5 0
1589 0 27
1590 2 7
1591 0 5
1592 1 13
1593 2 2
1594 1 14
1595 2 10
1596 3 2
1597 0 8
1598 0 19
1599 0 31
1600 0 16
1601 0 10
1602 4 0
1603 1 1
1604 0 11
1605 5 0
1606 31 0
1607 1 3
1608 0 13
1609 2 11
1610 0 3
1611 0 18
1612 1 16
1613 0 16
1614 0 28
1615 0 6
1616 1 10
1617 2 18
1618 0 1
1619 0 24
1620 2 17
1621 31 31
1622 0 25
1623 3 0
1624 0 4
1625 0 27
1626 0 24
1627 0 30
1628 2 2
1629 0 26
1630 2 14
1631 0 21
1632 2 12
1633 0 3
1634 6 0
1635 0 19
1636 1 12
1637 0 27
1638 0 31
1639 2 0
1640 0 30
1641 0 15
1642 30 31
1643 0 18
1644 31 31
1645 3 0
1646 0 16
1647 0 10
1648 1 16
1649 1 7
1650 0 12
1651 1 0
1652 5 0
1653 0 31
1654 1 4
1655 1 9
1656 30 31
1657 31 31
1658 3 1
1659 0 30
1660 0 14
1661 30 0
1662 0 15
1663 0 17
1664 4 0
1665 0 0
1666 0 5
1667 1 11
1668 2 18
1669 2 3
1670 0 14
1671 0 9
1672 0 15
1673 2 2
1674 2 11
1675 0 31
1676 5 0
1677 1 14
1678 0 6
1679 0 1
1680 1 11
1681 2 11
1682 0 4
1683 0 18
1684 2 3
1685 0 7
1686 1 11
1687 0 26
1688 0 0
1689 0 8
1690 2 2
1691 2 17
1692 30 31
1693 0 16
1694 1 16
1695 2 7
1696 31 31
1697 2 11
1698 0 23
1699 4 0
1700 31 0
1701 2 0
1702 0 16
1703 0 1
1704 1 0
1705 30 0
1706 30 31
1707 1 10
1708 0 10
1709 0 19
1710 0 0
1711 1 11
1712 31 0
1713 1 10
1714 1 8
1715 0 30
1716 2 3
1717 2 2
1718 2 3
1719 0 24
1720 5 0
1721 0 8
1722 2 0
1723 1 5
1724 0 31
1725 2 11
1726 0 3
1727 1 17
1728 1 13
1729 0 1
1730 1 8
1731 0 27
1732 0 22
1733 30 0
1734 2 6
1735 1 18
1736 0 17
1737 2 7
1738 0 4
1739 0 10
1740 0 20
1741 1 22
1742 0 23
1743 0 8
1744 0 11
1745 1 10
1746 0 10
1747 0 7
1748 0 6
1749 1 10
1750 1 0
1751 1 19
1752 1 18
1753 0 24
1754 31 0
1755 2 6
1756 0 3
1757 0 19
1758 0 22
1759 2 7
1760 2 12
1761 2 2
1762 0 25
1763 4 0
1764 2 0
1765 0 4
1766 0 30
1767 3 2
1768 0 24
1769 1 7
1770 2 18
1771 0 31
1772 1 0
1773 1 8
1774 2 11
1775 1 18
1776 0 3
1777 3 0
1778 0 21
1779 0 23
1780 0 24
1781 2 12
1782 0 22
1783 3 3
1784 2 18
1785 0 21
1786 1 17
1787 0 26
1788 2 1
1789 2 2
1790 0 18
1791 0 14
1792 0 27
1793 0 19
1794 2 6
1795 2 19
1796 0 23
1797 0 13
1798 30 0
1799 0 24
1800 1 4
1801 0 0
1802 2 1
1803 0 23
1804 1 5
1805 0 15
1806 2 7
1807 2 18
1808 1 12
1809 1 21
1810 0 9
1811 1 4
1812 0 4
1813 0 10
1814 0 17
1815 0 20
1816 1 15
1817 0 8
1818 0 26
1819 1 6
1820 0 22
1821 1 1
1822 1 9
1823 4 0
1824 0 6
1825 1 0
1826 0 15
1827 31 0
1828 2 9
1829 0 11
1830 0 14
1831 0 18
1832 2 21
1833 0 10
1834 1 8
1835 3 9
1836 0 16
1837 2 6
1838 1 20
1839 31 31
1840 0 30
1841 0 7
1842 2 8
1843 30 0
1844 3 0
1845 0 13
1846 0 15
1847 0 21
1848 1 6
1849 2 6
1850 2 17
1851 2 22
1852 2 2
1853 2 12
1854 0 25
1855 0 16
1856 1 3
1857 0 31
1858 4 0
1859 0 0
1860 0 9
1861 0 8
1862 0 19
1863 0 12
1864 0 24
1865 0 5
1866 0 11
1867 0 4
1868 0 23
1869 0 6
1870 1 9
1871 2 7
1872 1 22
1873 0 5
1874 1 6
1875 3 4
1876 0 10
1877 0 20
1878 2 22
1879 1 0
1880 1 12
1881 0 7
1882 1 5
1883 1 22
1884 2 5
1885 2 22
1886 0 11
1887 0 15
1888 0 0
1889 0 21
1890 3 2
1891 0 9
1892 1 13
1893 4 4
1894 1 17
1895 31 0
1896 0 6
1897 0 22
1898 2 2
1899 1 4
1900 1 7
1901 0 8
1902 0 30
1903 0 31
1904 1 21
1905 1 20
1906 1 3
1907 2 21
1908 1 5
1909 1 0
1910 2 6
1911 2 9
1912 2 0
1913 3 4
1914 0 21
1915 2 5
1916 0 22
1917 3 3
1918 0 13
1919 0 5
1920 5 0
1921 1 8
1922 1 4
1923 4 0
1924 0 9
1925 2 22
1926 0 16
1927 3 5
1928 0 30
1929 1 3
1930 0 18
1931 0 14
1932 2 21
1933 2 10
1934 1 4
1935 0 8
1936 2 17
1937 1 10
1938 0 12
1939 0 4
1940 1 16
1941 4 3
1942 0 20
1943 0 10
1944 2 7
1945 2 6
1946 1 3
1947 1 0
1948 0 17
1949 0 5
1950 30 31
1951 1 21
1952 2 1
1953 2 18
1954 30 0
1955 0 1
1956 1 12
1957 3 0
1958 1 18
1959 0 19
1960 2 7
1961 0 0
1962 0 7
1963 0 13
1964 0 21
1965 2 18
1966 0 24
1967 0 9
1968 2 5
1969 1 9
1970 1 18
1971 1 11
1972 1 8
1973 1 9
1974 0 23
1975 2 18
1976 4 0
1977 0 24
1978 0 23
1979 0 11
1980 1 4
1981 2 2
1982 3 5
1983 0 8
1984 0 4
1985 2 1
1986 1 11
1987 3 3
1988 1 7
1989 2 3
1990 0 10
1991 0 24
1992 1 5
1993 2 0
1994 1 3
1995 1 12
1996 0 31
1997 2 7
1998 2 3
1999 5 0
2000 0 1
2001 31 0
2002 30 0
2003 1 7
2004 0 23
2005 31 31
2006 1 15
2007 0 16
2008 0 0
2009 0 5
2010 0 17
2011 0 1
2012 0 3
2013 0 4
2014 1 18
2015 0 16
2016 3 4
2017 31 0
2018 1 17
2019 0 15
2020 0 3
2021 0 17
2022 0 7
2023 0 8
2024 1 20
2025 3 1
2026 4 0
2027 0 4
2028 0 12
2029 1 0
2030 2 5
2031 0 0
2032 0 11
2033 1 3
2034 0 13
2035 0 24
2036 0 14
2037 2 0
2038 1 10
2039 1 9
2040 2 20
2041 0 7
2042 1 6
2043 0 6
2044 1 0
2045 30 0
2046 1 16
2047 2 1
2048 1 5
2049 1 19
2050 1 6
2051 2 3
2052 4 4
2053 0 8
2054 1 4
2055 0 5
2056 1 13
2057 0 13
2058 3 0
2059 0 7
2060 30 31
2061 1 12
2062 0 14
2063 0 18
2064 0 20
2065 2 12
2066 0 3
2067 0 15
2068 0 14
2069 31 0
2070 0 17
2071 31 31
2072 1 1
2073 1 15
2074 3 4
2075 0 15
2076 2 21
2077 0 4
2078 0 18
2079 1 3
2080 4 0
2081 1 12
2082 0 14
2083 2 19
2084 0 8
2085 0 7
2086 0 13
2087 2 12
2088 0 1
2089 0 6
2090 30 31
2091 1 19
2092 1 2
2093 1 14
2094 1 4
2095 31 31
2096 2 2
2097 2 0
2098 0 8
2099 1 2
2100 0 23
2101 0 22
2102 0 10
2103 0 12
2104 2 11
2105 1 13
2106 2 6
2107 0 17
2108 1 21
2109 1 18
2110 0 5
2111 2 2
2112 1 0
2113 0 16
2114 0 6
2115 2 0
2116 1 11
2117 1 0
2118 1 7
2119 0 9
2120 2 11
2121 1 2
2122 0 14
2123 0 17
2124 2 2
2125 3 3
2126 0 0
2127 1 1
2128 0 16
2129 1 11
2130 30 31
2131 0 15
2132 0 17
2133 2 9
2134 1 8
2135 1 7
2136 1 2
2137 1 10
2138 2 21
2139 3 0
2140 2 5
2141 1 21
2142 0 23
2143 0 10
2144 0 22
2145 2 6
2146 2 1
2147 0 2
2148 2 5
2149 0 23
2150 2 0
2151 0 9
2152 1 19
2153 0 22
2154 0 4
2155 0 30
2156 1 0
2157 2 3
2158 3 1
2159 31 31
2160 1 11
2161 1 5
2162 1 14
2163 2 8
2164 0 14
2165 2 1
2166 0 8
2167 0 1
2168 0 23
2169 2 4
2170 0 16
2171 3 0
2172 2 11
2173 1 2
2174 30 31
2175 1 13
2176 0 19
2177 30 0
2178 31 31
2179 0 9
2180 1 18
2181 1 3
2182 2 13
2183 4 0
2184 3 0
2185 1 12
2186 0 20
2187 0 7
2188 3 4
2189 0 18
2190 2 14
2191 1 7
2192 0 11
2193 0 31
2194 0 0
2195 0 8
2196 2 2
2197 0 10
2198 0 19
2199 2 4
2200 0 11
2201 0 30
2202 2 13
2203 2 14
2204 1 2
2205 1 1
2206 0 13
2207 0 9
2208 0 7
2209 1 6
2210 30 31
2211 31 0
2212 0 1
2213 0 6
2214 0 14
2215 1 3
2216 1 7
2217 2 10
2218 0 5
2219 1 18
2220 0 20
2221 3 2
2222 0 19
2223 1 13
2224 30 0
2225 2 15
2226 3 8
2227 0 0
2228 1 12
2229 1 15
2230 0 7
2231 0 6
2232 2 2
2233 0 31
2234 0 30
2235 0 1
2236 1 13
2237 0 22
2238 1 12
2239 2 0
2240 31 0
2241 31 31
2242 1 13
2243 1 17
2244 30 31
2245 1 18
2246 1 12
2247 0 7
2248 30 0
2249 1 17
2250 0 13
2251 1 10
2252 2 10
2253 1 2
2254 3 0
2255 0 6
2256 0 31
2257 2 0
2258 1 20
2259 1 14
2260 0 21
2261 0 4
2262 0 30
2263 1 0
2264 3 0
2265 0 10
2266 0 12
2267 3 4
2268 0 11
2269 2 5
2270 1 10
2271 0 13
2272 0 14
2273 2 20
2274 1 4
2275 2 1
2276 2 8
2277 2 2
2278 0 4
2279 0 15
2280 0 16
2281 0 22
2282 2 9
2283 2 10
2284 0 10
2285 31 0
2286 0 0
2287 0 13
2288 2 11
2289 1 18
2290 3 3
2291 3 4
2292 2 8
2293 0 2
2294 0 21
2295 0 11
2296 2 3
2297 1 15
2298 1 2
2299 0 1
2300 3 3
2301 31 31
2302 1 3
2303 1 2
2304 2 3
2305 0 17
2306 2 9
2307 0 22
2308 4 0
2309 0 21
2310 0 22
2311 0 14
2312 0 0
2313 3 11
2314 0 31
2315 0 13
2316 0 20
2317 2 8
2318 1 19
2319 30 0
2320 2 9
2321 3 3
2322 2 8
2323 0 2
2324 2 21
2325 1 18
2326 0 19
2327 0 20
2328 1 4
2329 3 0
2330 0 15
2331 30 31
2332 1 15
2333 0 30
2334 0 7
2335 0 19
2336 2 3
2337 0 10
2338 1 9
2339 2 2
2340 0 31
2341 31 31
2342 4 0
2343 0 4
2344 0 11
2345 0 8
2346 2 3
2347 30 31
2348 0 10
2349 1 21
2350 0 11
2351 0 30
2352 2 7
2353 0 14
2354 1 10
2355 31 31
2356 0 23
2357 1 3
2358 0 20
2359 2 0
2360 0 16
2361 0 19
2362 0 31
2363 0 30
2364 2 1
2365 31 0
2366 1 13
2367 0 21
2368 3 0
2369 0 1
2370 1 17
2371 30 0
2372 3 3
2373 2 15
2374 0 18
2375 0 24
2376 30 31
2377 0 12
2378 2 17
2379 2 13
2380 1 15
2381 0 19
2382 1 7
2383 1 13
2384 2 2
2385 2 15
2386 2 7
2387 1 15
2388 1 17
2389 0 5
2390 2 4
2391 0 9
2392 1 2
2393 2 15
2394 1 11
2395 2 1
2396 0 15
2397 1 10
2398 0 14
2399 31 0
2400 1 11
2401 3 2
2402 0 23
2403 0 8
2404 31 31
2405 1 6
2406 1 18
2407 4 0
2408 0 4
2409 0 15
2410 0 31
2411 0 24
2412 3 3
2413 30 31
2414 1 0
2415 0 22
2416 3 0
2417 0 21
2418 31 31
2419 0 7
2420 1 5
2421 0 0
2422 1 17
2423 30 0
2424 0 14
2425 31 0
2426 0 11
2427 3 2
2428 30 31
2429 1 0
2430 0 6
2431 0 22
2432 3 10
2433 0 7
2434 2 13
2435 4 0
2436 0 25
2437 2 0
2438 2 10
2439 1 15
2440 1 6
2441 0 13
2442 0 0
2443 0 24
2444 0 8
2445 0 7
2446 31 31
2447 30 31
2448 3 1
2449 0 15
2450 0 12
2451 0 30
2452 2 3
2453 0 31
2454 1 13
2455 2 13
2456 0 17
2457 0 20
2458 0 25
2459 0 8
2460 1 10
2461 1 1
2462 0 1
2463 5 0
2464 0 30
2465 0 18
2466 2 2
2467 0 14
2468 1 12
2469 2 4
2470 0 12
2471 0 24
2472 1 16
2473 1 9
2474 2 5
2475 1 13
2476 0 7
2477 1 0
2478 0 6
2479 1 12
2480 2 12
2481 2 0
2482 3 12
2483 1 6
2484 0 15
2485 1 20
2486 0 13
2487 1 17
2488 0 25
2489 0 0
2490 0 1
2491 0 5
2492 0 20
2493 2 8
2494 2 7
2495 0 6
2496 0 8
2497 0 31
2498 1 2
2499 1 1
2500 2 4
2501 0 1
2502 30 0
2503 0 10
2504 0 7
2505 1 16
2506 31 31
2507 1 0
2508 31 0
2509 0 8
2510 1 4
2511 0 30
2512 0 12
2513 4 0
2514 0 7
2515 0 9
2516 5 0
2517 0 10
2518 3 2
2519 1 8
2520 30 31
2521 1 20
2522 1 5
2523 31 31
2524 1 17
2525 30 0
2526 0 13
2527 0 0
2528 0 12
2529 31 0
2530 1 9
2531 2 6
2532 2 12
2533 0 5
2534 30 31
2535 0 24
2536 0 31
2537 4 0
2538 0 13
2539 0 1
2540 2 2
2541 1 16
2542 1 8
2543 30 0
2544 31 0
2545 1 9
2546 0 0
2547 0 14
2548 0 30
2549 1 1
2550 0 31
2551 0 11
2552 0 9
2553 1 12
2554 1 6
2555 2 3
2556 1 9
2557 0 9
2558 5 0
2559 2 5
2560 4 0
2561 0 16
2562 3 0
2563 0 8
2564 1 9
2565 0 9
2566 31 31
2567 0 7
2568 0 10
2569 0 8
2570 1 7
2571 0 4
2572 1 9
2573 1 2
2574 2 11
2575 30 31
2576 2 9
2577 0 30
2578 2 6
2579 0 25
2580 1 9
2581 1 1
2582 2 0
2583 0 12
2584 1 11
2585 2 4
2586 3 6
2587 1 14
2588 0 19
2589 0 6
2590 30 0
2591 5 0
2592 1 12
2593 0 5
2594 1 21
2595 0 18
2596 1 4
2597 31 31
2598 0 6
2599 1 15
2600 4 0
2601 0 19
2602 2 12
2603 1 2
2604 1 1
2605 0 17
2606 2 13
2607 1 5
2608 0 31
2609 0 5
2610 2 6
2611 31 0
2612 2 12
2613 30 0
2614 1 20
2615 31 0
2616 30 31
2617 0 21
2618 0 6
2619 1 2
2620 0 4
2621 0 3
2622 30 0
2623 2 1
2624 0 5
2625 3 0
2626 31 31
2627 2 7
2628 0 30
2629 0 31
2630 0 11
2631 30 31
2632 0 2
2633 1 10
2634 2 10
2635 31 31
2636 1 5
2637 0 22
2638 30 31
2639 31 31
2640 1 12
2641 0 18
2642 0 9
2643 2 3
2644 2 12
2645 1 9
2646 3 6
2647 0 21
2648 0 4
2649 31 0
2650 3 10
2651 0 19
2652 1 1
2653 0 18
2654 30 31
2655 0 3
2656 0 1
2657 2 0
2658 0 16
2659 3 1
2660 1 12
2661 0 22
2662 0 10
2663 2 5
2664 1 11
2665 1 2
2666 30 0
2667 1 1
2668 1 7
2669 0 21
2670 3 2
2671 0 12
2672 1 19
2673 1 2
2674 1 14
2675 2 7
2676 0 20
2677 2 4
2678 0 7
2679 3 1
2680 2 3
2681 1 0
2682 0 17
2683 3 0
2684 0 30
2685 4 6
2686 2 11
2687 0 2
2688 0 8
2689 0 31
2690 0 21
2691 0 13
2692 0 0
2693 0 24
2694 0 7
2695 1 5
2696 0 8
2697 3 6
2698 2 4
2699 1 11
2700 1 7
2701 2 6
2702 0 15
2703 31 31
2704 0 20
2705 1 18
2706 0 19
2707 0 12
2708 2 0
2709 31 0
2710 2 1
2711 0 9
2712 0 30
2713 2 3
2714 2 9
2715 30 0
2716 2 0
2717 0 1
2718 0 5
2719 30 31
2720 31 0
2721 0 2
2722 0 23
2723 0 7
2724 2 1
2725 0 6
2726 2 8
2727 0 20
2728 0 10
2729 0 8
2730 30 0
2731 0 9
2732 2 4
2733 0 1
2734 0 3
2735 1 13
2736 0 7
2737 2 3
2738 1 10
2739 31 0
2740 30 0
2741 0 31
2742 0 5
2743 0 2
2744 1 8
2745 2 9
2746 4 0
2747 1 19
2748 0 4
2749 1 11
2750 0 18
2751 0 5
2752 0 10
2753 1 14
2754 0 21
2755 0 30
2756 0 6
2757 31 0
2758 0 1
2759 0 2
2760 0 20
2761 1 4
2762 0 8
2763 30 0
2764 0 31
2765 0 1
2766 0 2
2767 31 31
2768 1 8
2769 31 0
2770 1 1
2771 2 0
2772 2 5
2773 0 1
2774 0 17
2775 0 7
2776 0 30
2777 1 9
2778 0 4
2779 1 0
2780 30 31
2781 2 2
2782 2 4
2783 2 8
2784 0 0
2785 2 11
2786 1 13
2787 0 1
2788 1 1
2789 1 0
2790 2 7
2791 0 31
2792 0 0
2793 0 1
2794 30 0
2795 1 11
2796 0 18
2797 3 2
2798 2 2
2799 1 14
2800 0 30
2801 0 9
2802 0 6
2803 0 17
2804 1 2
2805 1 4
2806 0 14
2807 1 7
2808 31 31
2809 1 13
2810 31 0
2811 2 7
2812 0 15
2813 30 0
2814 0 21
2815 1 5
2816 0 24
2817 0 7
2818 0 20
2819 0 0
2820 0 6
2821 30 31
2822 3 4
2823 1 8
2824 0 4
2825 2 5
2826 1 4
2827 1 5
2828 0 7
2829 1 0
2830 0 5
2831 1 10
2832 0 31
2833 2 1
2834 3 1
2835 0 30
2836 0 22
2837 2 6
2838 0 6
2839 1 14
2840 1 5
2841 0 19
2842 2 4
2843 2 7
2844 1 18
2845 0 31
2846 0 8
2847 5 0
2848 0 5
2849 2 2
2850 0 2
2851 0 11
2852 1 6
2853 3 7
2854 1 11
2855 4 0
2856 0 14
2857 2 10
2858 5 0
2859 0 20
2860 1 4
2861 31 0
2862 0 30
2863 30 0
2864 0 12
2865 0 7
2866 0 25
2867 1 13
2868 2 9
2869 2 7
2870 0 11
2871 0 6
2872 0 1
2873 0 31
2874 0 8
2875 0 4
2876 0 24
2877 1 22
2878 0 9
2879 0 8
2880 0 30
2881 0 22
2882 2 4
2883 31 0
2884 2 10
2885 0 5
2886 1 9
2887 0 25
2888 0 24
2889 0 4
2890 0 2
2891 0 19
2892 2 18
2893 3 10
2894 0 25
2895 1 18
2896 1 2
2897 1 5
2898 0 15
2899 0 31
2900 0 16
2901 2 11
2902 0 1
2903 31 31
2904 2 12
2905 0 13
2906 0 21
2907 0 18
2908 0 30
2909 0 7
2910 0 9
2911 1 16
2912 0 14
2913 0 31
2914 1 12
2915 0 2
2916 2 6
2917 2 3
2918 30 31
2919 31 31
2920 1 1
2921 0 30
2922 0 16
2923 2 10
2924 0 19
2925 3 0
2926 30 31
2927 2 2
2928 1 17
2929 0 31
2930 2 1
2931 4 0
2932 1 9
2933 6 0
2934 1 14
2935 3 1
2936 1 4
2937 30 0
2938 0 10
2939 2 4
2940 0 1
2941 0 5
2942 0 12
2943 1 2
2944 1 8
2945 1 18
2946 2 7
2947 2 1
2948 1 3
2949 0 15
2950 0 18
2951 31 0
2952 2 6
2953 31 31
2954 1 9
2955 1 8
2956 1 9
2957 0 30
2958 0 31
2959 3 0
2960 0 16
2961 3 4
2962 2 0
2963 0 9
2964 1 0
2965 5 0
2966 0 15
2967 1 11
2968 2 4
2969 0 4
2970 30 31
2971 0 2
2972 1 1
2973 1 0
2974 0 1
2975 0 11
2976 4 0
2977 0 17
2978 0 20
2979 3 4
2980 0 30
2981 1 7
2982 31 31
2983 0 2
2984 2 5
2985 3 0
2986 2 7
2987 0 13
2988 3 3
2989 30 31
2990 30 0
2991 6 0
2992 2 2
2993 0 1
2994 31 0
2995 2 11
2996 0 12
2997 4 0
2998 0 10
2999 1 5
3000 2 5
3001 31 31
3002 0 7
3003 0 6
3004 0 8
3005 2 0
3006 1 2
3007 0 2
3008 1 10
3009 0 19
3010 0 16
3011 2 12
3012 0 14
3013 30 0
3014 0 20
3015 0 11
3016 1 1
3017 1 12
3018 0 24
3019 1 2
3020 0 17
3021 0 19
3022 1 17
3023 2 3
3024 1 3
3025 0 18
3026 31 0
3027 7 0
3028 0 13
3029 0 19
3030 1 9
3031 0 14
3032 0 3
3033 1 7
3034 5 0
3035 0 13
3036 6 0
3037 7 0
3038 1 16
3039 2 12
3040 1 6
3041 0 9
3042 1 15
3043 1 10
3044 0 14
3045 1 12
3046 2 1
3047 0 31
3048 2 10
3049 1 1
3050 0 8
3051 0 18
3052 2 1
3053 0 30
3054 0 12
3055 0 9
3056 0 6
3057 1 10
3058 1 5
3059 0 8
3060 0 2
3061 0 3
3062 0 13
3063 1 11
3064 6 0
3065 0 31
3066 0 11
3067 0 4
3068 0 1
3069 1 11
3070 0 7
3071 7 0
# colocadas=3072 ocupadas=27 mayor=698
