0 0 0
1 0 1
2 0 31
3 0 30
4 0 31
5 31 0
6 0 30
7 0 0
8 0 31
9 30 0
10 0 1
11 0 0
12 31 0
13 31 31
14 0 30
15 0 2
16 0 3
17 0 31
18 30 0
19 0 30
20 0 1
21 30 31
22 0 0
23 0 1
24 31 0
25 30 0
26 31 0
27 0 31
28 0 30
29 0 4
30 0 3
31 0 4
32 0 31
33 0 0
34 0 3
35 31 31
36 30 0
37 0 2
38 31 0
39 30 31
40 30 0
41 31 31
42 0 30
43 31 0
44 0 31
45 0 30
46 30 31
47 31 31
48 30 31
49 31 31
50 30 0
51 0 31
52 1 0
53 0 1
54 0 2
55 31 0
56 30 0
57 31 0
58 30 31
59 0 1
60 2 0
61 30 0
62 0 30
63 0 31
64 31 31
65 0 30
66 30 31
67 0 31
68 31 31
69 31 0
70 0 0
71 30 0
72 0 30
73 30 31
74 0 1
75 0 0
76 3 0
77 2 0
78 0 1
79 0 0
80 31 31
81 0 31
82 0 1
83 1 0
84 2 0
85 1 0
86 30 31
87 0 30
88 0 2
89 31 0
90 31 31
91 0 0
92 0 1
93 30 31
94 0 31
95 0 2
96 0 3
97 31 31
98 0 30
99 30 0
100 0 31
101 31 0
102 30 0
103 31 0
104 30 31
105 0 1
106 31 31
107 0 30
108 30 0
109 0 0
110 31 0
111 0 2
112 0 3
113 30 31
114 31 31
115 30 31
116 0 31
117 30 0
118 31 31
119 30 31
120 0 30
121 0 1
122 0 31
123 31 0
124 0 30
125 0 4
126 0 3
127 30 0
128 0 4
129 0 0
130 0 31
131 0 1
132 0 3
133 31 31
134 0 30
135 30 31
136 0 0
137 0 31
138 0 30
139 31 31
140 0 2
141 30 31
142 31 31
143 30 31
144 31 0
145 31 31
146 0 31
147 0 3
148 0 2
149 0 3
150 30 0
151 0 2
152 0 1
153 31 0
154 0 0
155 30 31
156 31 31
157 30 31
158 30 0
159 31 0
160 0 30
161 31 31
162 30 0
163 31 0
164 30 0
165 1 0
166 0 31
167 0 30
168 31 0
169 30 0
170 30 31
171 0 1
172 0 2
173 31 0
174 0 31
175 31 31
176 0 30
177 30 31
178 30 0
179 0 0
180 31 31
181 30 31
182 31 0
183 31 31
184 30 31
185 31 31
186 0 3
187 30 31
188 0 31
189 0 30
190 31 31
191 30 31
192 31 31
193 0 2
194 30 31
195 1 0
196 30 0
197 0 1
198 0 31
199 0 2
200 31 0
201 30 0
202 0 0
203 0 1
204 0 30
205 31 0
206 30 0
207 0 0
208 31 0
209 0 31
210 0 30
211 1 0
212 0 0
213 0 31
214 0 3
215 0 30
216 30 0
217 0 1
218 31 31
219 31 0
220 0 0
221 0 31
222 0 1
223 30 0
224 31 0
225 0 30
226 30 0
227 30 31
228 31 31
229 30 31
230 0 0
231 31 31
232 0 2
233 1 0
234 0 0
235 0 31
236 0 3
237 30 31
238 0 1
239 31 31
240 30 31
241 0 4
242 31 31
243 31 0
244 30 31
245 0 3
246 30 0
247 31 0
248 0 0
249 30 0
250 0 30
251 31 31
252 30 31
253 31 31
254 0 31
255 30 31
256 0 2
257 31 0
258 0 3
259 0 2
260 0 30
261 30 0
262 0 3
263 0 2
264 1 0
265 0 1
266 31 31
267 0 31
268 0 2
269 0 30
270 0 0
271 31 0
272 1 0
273 30 31
274 0 31
275 0 30
276 0 1
277 0 2
278 30 0
279 0 0
280 31 0
281 0 3
282 0 31
283 0 2
284 30 0
285 31 31
286 31 0
287 0 1
288 0 30
289 30 31
290 0 0
291 0 31
292 30 0
293 0 30
294 31 0
295 0 31
296 1 0
297 0 0
298 0 3
299 31 31
300 30 0
301 0 2
302 0 30
303 31 0
304 0 3
305 30 31
306 31 31
307 0 1
308 0 0
309 30 0
310 0 1
311 0 0
312 0 31
313 30 31
314 0 1
315 31 0
316 0 30
317 31 31
318 0 31
319 0 30
320 30 0
321 30 31
322 0 4
323 0 3
324 31 31
325 30 31
326 0 0
327 0 1
328 0 0
329 0 2
330 31 31
331 30 31
332 1 0
333 31 0
334 31 31
335 30 0
336 31 0
337 30 31
338 30 0
339 31 0
340 30 0
341 0 1
342 0 2
343 0 31
344 0 30
345 0 0
346 1 0
347 0 1
348 31 0
349 0 0
350 1 0
351 0 0
352 0 31
353 31 31
354 30 31
355 30 0
356 1 0
357 31 31
358 31 0
359 30 0
360 30 31
361 31 0
362 30 0
363 31 31
364 2 0
365 31 0
366 1 0
367 0 0
368 0 1
369 0 30
370 0 0
371 30 0
372 31 0
373 0 31
374 30 31
375 0 1
376 31 31
377 30 0
378 0 30
379 30 31
380 31 31
381 2 0
382 30 31
383 31 31
384 0 31
385 1 0
386 0 2
387 0 1
388 31 0
389 0 30
390 30 31
391 2 0
392 31 31
393 30 0
394 0 0
395 31 0
396 30 0
397 0 1
398 0 0
399 31 0
400 30 0
401 0 1
402 1 0
403 0 31
404 31 0
405 2 0
406 30 31
407 31 31
408 0 0
409 0 30
410 0 31
411 30 0
412 0 1
413 30 31
414 1 0
415 31 31
416 0 30
417 30 31
418 31 31
419 2 0
420 1 0
421 0 31
422 30 31
423 0 2
424 0 0
425 0 30
426 0 31
427 0 30
428 31 0
429 0 31
430 31 31
431 0 30
432 30 31
433 0 1
434 31 31
435 30 0
436 0 31
437 31 0
438 30 0
439 30 31
440 0 30
441 31 0
442 31 31
443 30 31
444 0 2
445 0 3
446 0 1
447 31 31
448 0 4
449 30 31
450 0 0
451 0 3
452 0 2
453 30 0
454 31 31
455 1 0
456 0 0
457 1 0
458 0 31
459 0 1
460 0 30
461 31 0
462 30 0
463 0 2
464 0 0
465 30 31
466 0 3
467 0 31
468 31 0
469 0 1
470 0 4
471 30 0
472 0 3
473 0 0
474 0 1
475 31 0
476 30 0
477 31 31
478 0 0
479 0 2
480 0 3
481 31 0
482 30 0
483 0 30
484 0 1
485 0 4
486 30 31
487 0 3
488 0 4
489 0 31
490 31 31
491 0 30
492 0 31
493 0 0
494 30 31
495 31 0
496 0 3
497 31 31
498 0 1
499 30 31
500 30 0
501 31 31
502 30 31
503 0 4
504 0 0
505 31 0
506 0 3
507 31 31
508 30 31
509 0 30
510 0 1
511 0 31
512 0 30
513 0 4
514 0 0
515 31 31
516 30 31
517 30 0
518 0 31
519 31 0
520 0 30
521 0 3
522 31 31
523 0 31
524 30 0
525 31 0
526 0 2
527 30 0
528 0 30
529 0 31
530 1 0
531 30 31
532 31 0
533 30 0
534 31 31
535 0 30
536 30 31
537 0 0
538 0 3
539 31 0
540 0 2
541 0 31
542 30 0
543 0 3
544 0 1
545 31 0
546 31 31
547 0 0
548 0 2
549 0 30
550 0 31
551 30 31
552 30 0
553 31 0
554 30 0
555 1 0
556 0 30
557 31 31
558 0 1
559 31 0
560 30 0
561 0 2
562 0 31
563 30 31
564 0 0
565 1 0
566 0 0
567 31 0
568 31 31
569 30 0
570 1 0
571 0 1
572 2 0
573 30 31
574 1 0
575 2 0
576 31 31
577 31 0
578 30 31
579 31 31
580 30 31
581 0 0
582 30 0
583 0 30
584 3 0
585 0 1
586 31 0
587 31 31
588 0 31
589 30 31
590 30 0
591 0 0
592 31 0
593 30 0
594 0 30
595 31 0
596 0 31
597 30 0
598 0 30
599 2 0
600 3 0
601 0 1
602 2 0
603 0 31
604 31 0
605 31 31
606 1 0
607 30 0
608 0 30
609 30 31
610 0 31
611 0 2
612 0 30
613 0 1
614 0 31
615 0 2
616 0 30
617 0 1
618 0 2
619 0 0
620 0 31
621 0 1
622 0 0
623 31 0
624 30 0
625 31 0
626 0 30
627 0 31
628 0 30
629 0 31
630 31 31
631 30 0
632 0 30
633 30 31
634 31 0
635 1 0
636 0 1
637 2 0
638 0 31
639 31 31
640 30 0
641 0 0
642 0 1
643 0 30
644 31 0
645 0 0
646 0 31
647 3 0
648 2 0
649 0 1
650 0 30
651 1 0
652 2 0
653 30 0
654 1 0
655 30 31
656 0 2
657 31 0
658 0 0
659 0 3
660 0 31
661 0 1
662 0 0
663 0 2
664 1 0
665 0 0
666 30 0
667 0 3
668 31 31
669 0 1
670 0 2
671 31 0
672 0 30
673 0 31
674 30 0
675 30 31
676 31 31
677 0 3
678 30 31
679 31 0
680 31 31
681 30 0
682 0 4
683 31 0
684 30 31
685 31 31
686 0 30
687 0 31
688 0 0
689 30 0
690 31 0
691 0 3
692 0 30
693 0 1
694 0 4
695 0 31
696 0 3
697 0 4
698 0 30
699 0 0
700 30 31
701 0 3
702 30 0
703 0 1
704 31 0
705 0 31
706 0 0
707 0 1
708 0 4
709 0 0
710 31 31
711 30 0
712 31 0
713 0 1
714 0 3
715 0 4
716 0 3
717 0 0
718 0 2
719 1 0
720 0 0
721 1 0
722 0 1
723 2 0
724 30 0
725 31 0
726 0 0
727 0 1
728 30 31
729 30 0
730 31 31
731 0 0
732 31 0
733 3 0
734 0 30
735 0 1
736 0 31
737 2 0
738 30 0
739 1 0
740 30 31
741 0 30
742 0 2
743 0 31
744 31 0
745 30 0
746 0 30
747 0 0
748 0 31
749 0 30
750 0 31
751 31 0
752 31 31
753 0 30
754 30 0
755 0 3
756 0 1
757 0 0
758 30 31
759 0 31
760 0 2
761 0 1
762 31 0
763 0 0
764 0 30
765 31 31
766 0 31
767 1 0
768 0 30
769 30 31
770 0 31
771 31 31
772 0 30
773 0 1
774 0 2
775 30 0
776 0 1
777 0 2
778 0 0
779 31 0
780 30 0
781 0 3
782 0 1
783 0 31
784 0 0
785 0 1
786 0 4
787 30 31
788 0 0
789 0 1
790 0 3
791 0 4
792 0 0
793 31 0
794 0 30
795 0 3
796 30 0
797 0 31
798 31 0
799 0 2
800 0 3
801 0 1
802 31 31
803 30 0
804 0 0
805 0 30
806 0 2
807 30 31
808 0 31
809 1 0
810 0 0
811 31 31
812 31 0
813 1 0
814 0 30
815 0 31
816 0 1
817 30 31
818 2 0
819 31 31
820 0 30
821 30 0
822 0 31
823 0 0
824 30 31
825 0 1
826 1 0
827 31 31
828 0 30
829 0 2
830 30 31
831 31 0
832 0 31
833 0 1
834 30 0
835 2 0
836 0 0
837 3 0
838 31 0
839 31 31
840 0 1
841 0 30
842 0 0
843 30 31
844 31 31
845 2 0
846 30 0
847 0 1
848 1 0
849 0 31
850 0 2
851 0 0
852 0 30
853 30 31
854 0 31
855 31 0
856 0 1
857 0 30
858 0 0
859 0 31
860 31 31
861 30 0
862 31 0
863 30 0
864 30 31
865 31 0
866 31 31
867 30 0
868 30 31
869 0 3
870 31 0
871 0 2
872 0 1
873 0 30
874 30 0
875 31 31
876 0 0
877 0 1
878 0 31
879 0 0
880 30 31
881 0 30
882 31 31
883 30 31
884 31 0
885 30 0
886 0 31
887 31 0
888 0 3
889 0 2
890 30 0
891 31 0
892 1 0
893 31 31
894 30 0
895 31 0
896 0 1
897 2 0
898 0 30
899 1 0
900 2 0
901 30 31
902 0 31
903 0 0
904 30 0
905 31 0
906 31 31
907 30 0
908 31 0
909 0 30
910 1 0
911 2 0
912 30 0
913 0 31
914 31 0
915 30 0
916 0 30
917 31 0
918 30 0
919 30 31
920 3 0
921 2 0
922 3 0
923 0 31
924 31 31
925 0 30
926 0 1
927 2 0
928 31 0
929 1 0
930 30 0
931 0 2
932 0 31
933 0 1
934 30 31
935 0 2
936 31 0
937 31 31
938 0 0
939 1 0
940 0 0
941 0 3
942 30 31
943 0 30
944 0 1
945 0 0
946 30 0
947 0 31
948 0 1
949 0 4
950 0 3
951 0 0
952 0 1
953 0 0
954 0 30
955 31 0
956 0 2
957 0 31
958 0 1
959 0 30
960 30 0
961 0 2
962 31 31
963 31 0
964 0 3
965 0 2
966 0 31
967 30 31
968 0 3
969 0 30
970 0 1
971 31 31
972 0 2
973 30 31
974 0 3
975 0 2
976 30 0
977 31 0
978 30 0
979 31 31
980 0 3
981 0 4
982 0 31
983 31 0
984 30 0
985 0 3
986 0 30
987 31 0
988 0 31
989 30 31
990 31 31
991 0 0
992 0 30
993 0 1
994 0 4
995 30 31
996 0 31
997 0 0
998 31 31
999 30 0
1000 30 31
1001 31 0
1002 30 0
1003 31 0
1004 0 30
1005 31 31
1006 30 31
1007 31 31
1008 30 31
1009 31 31
1010 30 31
1011 31 31
1012 0 31
1013 0 3
1014 0 30
1015 0 2
1016 1 0
1017 30 31
1018 0 31
1019 0 0
1020 30 0
1021 0 30
1022 31 0
1023 0 31
1024 0 3
1025 0 1
1026 0 30
1027 30 0
1028 0 0
1029 0 31
1030 0 2
1031 0 1
1032 0 2
1033 31 31
1034 31 0
1035 0 30
1036 30 0
1037 31 0
1038 30 31
1039 31 31
1040 30 0
1041 31 0
1042 0 31
1043 0 30
1044 0 31
1045 30 0
1046 0 3
1047 30 31
1048 31 0
1049 0 1
1050 0 4
1051 0 30
1052 31 31
1053 0 0
1054 30 0
1055 0 3
1056 0 1
1057 30 31
1058 0 4
1059 0 3
1060 0 31
1061 0 4
1062 0 0
1063 0 30
1064 0 3
1065 31 0
1066 0 1
1067 0 0
1068 31 31
1069 0 31
1070 0 2
1071 1 0
1072 30 0
1073 0 1
1074 2 0
1075 0 30
1076 31 0
1077 0 31
1078 30 31
1079 1 0
1080 2 0
1081 0 30
1082 0 0
1083 0 31
1084 3 0
1085 30 0
1086 31 31
1087 31 0
1088 0 30
1089 0 1
1090 0 0
1091 30 31
1092 2 0
1093 30 0
1094 31 0
1095 3 0
1096 30 0
1097 0 1
1098 2 0
1099 0 0
1100 31 31
1101 0 31
1102 0 30
1103 31 0
1104 0 1
1105 0 31
1106 1 0
1107 30 31
1108 2 0
1109 0 0
1110 3 0
1111 0 30
1112 2 0
1113 0 1
1114 0 31
1115 31 31
1116 30 0
1117 1 0
1118 0 2
1119 0 1
1120 0 30
1121 2 0
1122 0 31
1123 0 0
1124 0 30
1125 1 0
1126 31 0
1127 2 0
1128 3 0
1129 0 31
1130 30 0
1131 30 31
1132 0 30
1133 0 31
1134 31 31
1135 0 30
1136 0 1
1137 2 0
1138 1 0
1139 2 0
1140 31 0
1141 0 31
1142 1 0
1143 30 31
1144 0 2
1145 0 30
1146 31 31
1147 30 0
1148 30 31
1149 0 1
1150 0 2
1151 0 31
1152 31 31
1153 0 0
1154 0 3
1155 30 31
1156 0 30
1157 0 1
1158 0 4
1159 0 0
1160 31 0
1161 31 31
1162 0 1
1163 0 31
1164 30 31
1165 0 3
1166 0 30
1167 0 0
1168 0 31
1169 31 31
1170 0 2
1171 30 0
1172 1 0
1173 30 31
1174 31 31
1175 0 1
1176 2 0
1177 1 0
1178 0 2
1179 31 0
1180 0 0
1181 1 0
1182 30 0
1183 31 0
1184 0 0
1185 0 3
1186 0 1
1187 0 30
1188 30 0
1189 0 0
1190 0 1
1191 0 31
1192 0 0
1193 31 0
1194 0 2
1195 30 0
1196 0 30
1197 1 0
1198 31 0
1199 0 0
1200 0 3
1201 0 1
1202 30 0
1203 0 31
1204 30 31
1205 0 30
1206 0 0
1207 31 31
1208 30 31
1209 0 1
1210 0 31
1211 31 0
1212 0 2
1213 31 31
1214 0 30
1215 30 31
1216 0 3
1217 31 31
1218 0 4
1219 30 31
1220 0 31
1221 31 31
1222 30 0
1223 0 3
1224 0 0
1225 0 2
1226 30 31
1227 0 30
1228 0 31
1229 1 0
1230 0 1
1231 0 30
1232 31 0
1233 31 31
1234 0 2
1235 0 31
1236 0 30
1237 0 0
1238 1 0
1239 0 31
1240 30 0
1241 0 0
1242 0 30
1243 1 0
1244 0 31
1245 0 1
1246 0 30
1247 31 0
1248 0 31
1249 30 0
1250 31 0
1251 30 31
1252 31 31
1253 30 0
1254 0 2
1255 0 1
1256 2 0
1257 0 30
1258 1 0
1259 0 31
1260 31 0
1261 30 0
1262 30 31
1263 0 2
1264 0 0
1265 31 31
1266 31 0
1267 0 30
1268 0 31
1269 30 0
1270 1 0
1271 31 0
1272 30 0
1273 0 0
1274 1 0
1275 30 31
1276 0 1
1277 0 0
1278 31 31
1279 31 0
1280 30 31
1281 30 0
1282 0 1
1283 31 31
1284 0 2
1285 30 31
1286 31 0
1287 30 0
1288 0 1
1289 0 30
1290 31 0
1291 2 0
1292 0 31
1293 31 31
1294 30 31
1295 31 31
1296 0 0
1297 30 0
1298 30 31
1299 3 0
1300 0 1
1301 31 0
1302 30 0
1303 0 0
1304 0 1
1305 0 30
1306 31 31
1307 31 0
1308 0 0
1309 0 1
1310 30 31
1311 30 0
1312 0 0
1313 0 31
1314 0 30
1315 31 0
1316 2 0
1317 31 31
1318 0 1
1319 1 0
1320 2 0
1321 30 31
1322 1 0
1323 0 2
1324 31 31
1325 30 0
1326 0 0
1327 0 3
1328 0 2
1329 0 3
1330 0 31
1331 0 2
1332 0 30
1333 0 3
1334 0 2
1335 1 0
1336 0 1
1337 0 2
1338 31 0
1339 0 31
1340 0 0
1341 1 0
1342 0 1
1343 0 30
1344 30 31
1345 0 2
1346 0 1
1347 0 31
1348 2 0
1349 0 0
1350 0 1
1351 0 30
1352 0 0
1353 30 0
1354 31 0
1355 0 31
1356 0 1
1357 1 0
1358 31 31
1359 30 0
1360 0 2
1361 0 0
1362 31 0
1363 30 31
1364 30 0
1365 0 30
1366 0 31
1367 0 30
1368 1 0
1369 0 1
1370 31 31
1371 2 0
1372 31 0
1373 0 31
1374 0 0
1375 3 0
1376 30 31
1377 31 31
1378 2 0
1379 0 30
1380 30 0
1381 31 0
1382 0 31
1383 3 0
1384 0 1
1385 0 0
1386 0 1
1387 2 0
1388 0 30
1389 0 31
1390 0 30
1391 30 0
1392 0 0
1393 1 0
1394 0 0
1395 1 0
1396 0 31
1397 0 0
1398 0 30
1399 30 31
1400 0 1
1401 0 31
1402 0 0
1403 0 1
1404 31 0
1405 0 30
1406 0 0
1407 0 1
1408 0 0
1409 0 1
1410 1 0
1411 2 0
1412 0 0
1413 31 31
1414 0 31
1415 0 30
1416 0 1
1417 0 31
1418 0 0
1419 30 0
1420 0 30
1421 0 31
1422 3 0
1423 2 0
1424 0 1
1425 1 0
1426 0 30
1427 31 0
1428 0 2
1429 0 0
1430 0 31
1431 0 30
1432 30 31
1433 0 31
1434 30 0
1435 1 0
1436 0 1
1437 2 0
1438 0 30
1439 0 31
1440 31 0
1441 0 0
1442 0 30
1443 0 31
1444 0 1
1445 0 30
1446 1 0
1447 0 2
1448 0 1
1449 2 0
1450 0 31
1451 30 0
1452 31 31
1453 30 31
1454 31 0
1455 0 30
1456 30 0
1457 0 0
1458 0 1
1459 0 0
1460 31 31
1461 30 31
1462 0 1
1463 31 0
1464 30 0
1465 31 31
1466 1 0
1467 0 31
1468 0 2
1469 0 0
1470 31 0
1471 1 0
1472 0 0
1473 0 30
1474 1 0
1475 0 1
1476 0 0
1477 0 31
1478 30 31
1479 30 0
1480 0 1
1481 31 31
1482 30 31
1483 31 31
1484 31 0
1485 30 0
1486 31 0
1487 30 31
1488 30 0
1489 0 0
1490 0 30
1491 31 31
1492 0 31
1493 0 30
1494 0 1
1495 30 31
1496 0 0
1497 0 31
1498 31 0
1499 0 30
1500 30 0
1501 31 0
1502 31 31
1503 0 1
1504 0 2
1505 0 31
1506 0 1
1507 0 2
1508 0 30
1509 30 31
1510 0 31
1511 0 30
1512 0 1
1513 0 31
1514 0 0
1515 1 0
1516 2 0
1517 31 31
1518 0 30
1519 30 0
1520 0 31
1521 0 30
1522 1 0
1523 0 31
1524 31 0
1525 0 2
1526 0 30
1527 30 31
1528 30 0
1529 0 0
1530 31 0
1531 31 31
1532 0 3
1533 30 31
1534 0 2
1535 1 0
1536 30 0
1537 0 1
1538 0 31
1539 0 2
1540 31 0
1541 0 30
1542 0 0
1543 0 3
1544 30 0
1545 0 31
1546 31 31
1547 31 0
1548 0 30
1549 30 31
1550 0 2
1551 0 3
1552 0 1
1553 30 0
1554 0 31
1555 0 30
1556 31 0
1557 31 31
1558 0 0
1559 0 2
1560 0 31
1561 0 3
1562 0 2
1563 1 0
1564 0 1
1565 0 30
1566 30 31
1567 0 31
1568 30 0
1569 2 0
1570 31 31
1571 0 0
1572 0 30
1573 0 31
1574 0 30
1575 30 31
1576 0 1
1577 1 0
1578 31 31
1579 0 2
1580 30 31
1581 31 31
1582 0 0
1583 0 31
1584 31 0
1585 30 31
1586 30 0
1587 31 31
1588 31 0
1589 1 0
1590 30 0
1591 31 0
1592 0 30
1593 30 0
1594 30 31
1595 31 0
1596 0 31
1597 0 0
1598 0 3
1599 0 1
1600 0 4
1601 30 0
1602 0 30
1603 31 31
1604 0 0
1605 0 31
1606 0 30
1607 0 31
1608 31 0
1609 0 1
1610 0 30
1611 30 0
1612 0 3
1613 30 31
1614 31 0
1615 0 4
1616 0 31
1617 0 3
1618 0 0
1619 31 31
1620 30 31
1621 0 30
1622 31 31
1623 0 1
1624 0 31
1625 0 4
1626 0 0
1627 0 3
1628 30 0
1629 30 31
1630 0 1
1631 0 30
1632 0 4
1633 0 31
1634 31 0
1635 31 31
1636 30 31
1637 31 31
1638 30 0
1639 0 0
1640 0 1
1641 0 3
1642 30 31
1643 0 0
1644 0 1
1645 31 31
1646 0 4
1647 31 0
1648 0 30
1649 0 0
1650 30 0
1651 0 1
1652 0 31
1653 0 30
1654 0 31
1655 0 0
1656 30 31
1657 0 30
1658 31 0
1659 0 1
1660 0 0
1661 0 31
1662 31 31
1663 0 1
1664 0 3
1665 0 4
1666 0 0
1667 0 3
1668 0 2
1669 0 3
1670 0 30
1671 30 0
1672 0 2
1673 31 0
1674 1 0
1675 0 0
1676 30 31
1677 31 31
1678 30 0
1679 30 31
1680 1 0
1681 0 0
1682 31 31
1683 0 3
1684 30 31
1685 0 1
1686 0 4
1687 0 3
1688 31 0
1689 0 31
1690 0 0
1691 0 2
1692 1 0
1693 0 1
1694 30 0
1695 31 0
1696 0 2
1697 31 31
1698 30 0
1699 31 0
1700 30 31
1701 0 30
1702 0 31
1703 31 31
1704 0 1
1705 2 0
1706 1 0
1707 2 0
1708 0 0
1709 30 31
1710 3 0
1711 0 1
1712 0 30
1713 31 31
1714 30 0
1715 0 31
1716 0 0
1717 2 0
1718 31 0
1719 0 30
1720 30 0
1721 30 31
1722 31 31
1723 1 0
1724 30 31
1725 31 0
1726 2 0
1727 3 0
1728 0 31
1729 30 0
1730 31 31
1731 0 30
1732 30 31
1733 2 0
1734 31 31
1735 0 31
1736 0 30
1737 0 1
1738 1 0
1739 30 31
1740 2 0
1741 31 0
1742 30 0
1743 0 31
1744 0 0
1745 31 31
1746 30 31
1747 3 0
1748 0 1
1749 0 30
1750 31 31
1751 0 0
1752 30 31
1753 31 0
1754 2 0
1755 3 0
1756 2 0
1757 0 1
1758 1 0
1759 0 31
1760 2 0
1761 31 31
1762 1 0
1763 30 31
1764 2 0
1765 30 0
1766 31 31
1767 0 0
1768 30 31
1769 0 30
1770 31 31
1771 0 1
1772 0 0
1773 0 31
1774 31 0
1775 0 30
1776 3 0
1777 30 31
1778 30 0
1779 31 0
1780 31 31
1781 0 1
1782 2 0
1783 30 0
1784 0 31
1785 31 0
1786 30 31
1787 30 0
1788 0 30
1789 0 31
1790 0 0
1791 0 1
1792 31 0
1793 1 0
1794 0 2
1795 30 0
1796 0 1
1797 31 0
1798 31 31
1799 2 0
1800 0 30
1801 1 0
1802 0 31
1803 2 0
1804 30 31
1805 0 0
1806 31 31
1807 0 30
1808 30 31
1809 31 31
1810 3 0
1811 2 0
1812 0 31
1813 0 30
1814 30 31
1815 31 31
1816 3 0
1817 0 31
1818 2 0
1819 0 30
1820 0 1
1821 30 0
1822 1 0
1823 30 31
1824 31 31
1825 31 0
1826 30 31
1827 31 31
1828 30 0
1829 30 31
1830 31 0
1831 30 0
1832 2 0
1833 31 31
1834 31 0
1835 1 0
1836 30 0
1837 30 31
1838 0 31
1839 2 0
1840 0 0
1841 31 0
1842 30 0
1843 31 31
1844 31 0
1845 30 0
1846 30 31
1847 3 0
1848 0 30
1849 31 0
1850 30 0
1851 31 31
1852 0 31
1853 0 1
1854 31 0
1855 30 31
1856 2 0
1857 31 31
1858 30 0
1859 1 0
1860 0 0
1861 0 1
1862 31 0
1863 0 2
1864 0 1
1865 0 30
1866 0 2
1867 0 1
1868 0 31
1869 0 2
1870 0 1
1871 0 2
1872 0 0
1873 30 31
1874 31 31
1875 30 31
1876 0 30
1877 31 31
1878 0 3
1879 30 0
1880 30 31
1881 0 2
1882 31 0
1883 0 3
1884 0 31
1885 0 1
1886 30 0
1887 31 31
1888 31 0
1889 30 0
1890 0 0
1891 0 30
1892 31 0
1893 30 0
1894 0 2
1895 0 31
1896 0 3
1897 0 1
1898 31 0
1899 0 4
1900 0 30
1901 0 3
1902 0 0
1903 30 31
1904 30 0
1905 0 31
1906 0 30
1907 0 2
1908 31 0
1909 0 1
1910 0 31
1911 31 31
1912 30 0
1913 30 31
1914 31 0
1915 31 31
1916 0 30
1917 0 31
1918 30 31
1919 0 0
1920 0 30
1921 0 3
1922 0 1
1923 0 4
1924 0 3
1925 30 0
1926 31 31
1927 0 0
1928 0 1
1929 31 0
1930 30 31
1931 0 0
1932 30 0
1933 0 1
1934 0 31
1935 0 30
1936 31 0
1937 30 0
1938 0 4
1939 31 31
1940 0 0
1941 0 1
1942 0 31
1943 0 0
1944 31 0
1945 0 1
1946 0 3
1947 30 31
1948 31 31
1949 30 31
1950 30 0
1951 0 0
1952 31 31
1953 31 0
1954 0 2
1955 0 30
1956 30 31
1957 0 31
1958 0 3
1959 0 2
1960 0 3
1961 0 1
1962 0 4
1963 30 0
1964 0 3
1965 0 30
1966 0 31
1967 31 31
1968 31 0
1969 0 0
1970 30 31
1971 0 1
1972 0 0
1973 31 31
1974 0 1
1975 30 0
1976 31 0
1977 30 0
1978 0 4
1979 31 0
1980 0 3
1981 0 0
1982 30 31
1983 31 31
1984 0 2
1985 0 3
1986 0 1
1987 30 31
1988 0 0
1989 0 30
1990 0 1
1991 30 0
1992 0 4
1993 31 0
1994 30 0
1995 0 3
1996 31 31
1997 0 31
1998 0 0
1999 0 30
2000 30 31
2001 31 0
2002 0 1
2003 0 31
2004 0 4
2005 0 3
2006 30 0
2007 31 31
2008 31 0
2009 0 4
2010 0 3
2011 0 0
2012 30 0
2013 31 0
2014 30 31
2015 0 30
2016 0 1
2017 30 0
2018 0 0
2019 31 31
2020 30 31
2021 31 31
2022 0 1
2023 0 4
2024 31 0
2025 30 0
2026 30 31
2027 31 31
2028 31 0
2029 0 0
2030 0 3
2031 30 31
2032 0 2
2033 31 31
2034 1 0
2035 0 0
2036 0 31
2037 1 0
2038 0 30
2039 0 31
2040 0 1
2041 2 0
2042 30 0
2043 31 0
2044 0 30
2045 0 0
2046 0 1
2047 30 31
2048 30 0
2049 0 0
2050 31 0
2051 0 1
2052 0 0
2053 0 31
2054 31 31
2055 0 1
2056 1 0
2057 0 2
2058 0 30
2059 0 31
2060 0 1
2061 2 0
2062 0 30
2063 0 31
2064 0 0
2065 30 0
2066 31 0
2067 0 1
2068 30 0
2069 31 0
2070 30 0
2071 30 31
2072 1 0
2073 31 0
2074 2 0
2075 0 30
2076 1 0
2077 31 31
2078 30 0
2079 0 31
2080 0 30
2081 0 31
2082 31 0
2083 30 0
2084 0 2
2085 0 1
2086 30 31
2087 0 2
2088 0 0
2089 0 3
2090 31 0
2091 31 31
2092 30 0
2093 0 2
2094 1 0
2095 31 0
2096 30 0
2097 31 0
2098 0 0
2099 0 30
2100 0 3
2101 0 2
2102 1 0
2103 0 1
2104 2 0
2105 30 31
2106 0 0
2107 0 1
2108 1 0
2109 0 2
2110 30 0
2111 0 1
2112 31 31
2113 30 31
2114 31 31
2115 0 2
2116 31 0
2117 0 1
2118 0 31
2119 2 0
2120 1 0
2121 2 0
2122 1 0
2123 0 30
2124 0 2
2125 30 31
2126 0 31
2127 31 31
2128 0 1
2129 0 2
2130 0 0
2131 30 31
2132 31 31
2133 0 3
2134 0 2
2135 30 31
2136 0 30
2137 1 0
2138 31 31
2139 0 1
2140 30 0
2141 0 31
2142 30 31
2143 0 30
2144 0 31
2145 31 31
2146 0 2
2147 0 0
2148 30 31
2149 1 0
2150 31 31
2151 0 30
2152 0 1
2153 30 31
2154 31 31
2155 2 0
2156 0 0
2157 31 0
2158 30 31
2159 0 31
2160 3 0
2161 2 0
2162 0 30
2163 30 0
2164 3 0
2165 2 0
2166 31 31
2167 3 0
2168 0 1
2169 30 31
2170 0 31
2171 31 31
2172 0 0
2173 0 30
2174 2 0
2175 30 31
2176 0 1
2177 0 0
2178 0 31
2179 0 30
2180 31 0
2181 0 1
2182 1 0
2183 30 0
2184 31 0
2185 0 2
2186 31 31
2187 0 1
2188 2 0
2189 1 0
2190 0 2
2191 30 31
2192 0 0
2193 31 31
2194 30 31
2195 31 31
2196 30 31
2197 0 31
2198 0 30
2199 31 31
2200 0 3
2201 0 1
2202 30 0
2203 31 0
2204 0 0
2205 30 31
2206 31 31
2207 0 2
2208 0 3
2209 30 31
2210 0 31
2211 0 2
2212 30 0
2213 1 0
2214 31 0
2215 0 30
2216 31 31
2217 30 31
2218 0 1
2219 2 0
2220 30 0
2221 1 0
2222 0 2
2223 0 0
2224 31 0
2225 31 31
2226 0 3
2227 0 31
2228 0 30
2229 30 0
2230 0 1
2231 30 31
2232 0 0
2233 0 2
2234 1 0
2235 0 31
2236 0 30
2237 0 31
2238 0 0
2239 1 0
2240 31 0
2241 31 31
2242 0 0
2243 1 0
2244 0 1
2245 30 0
2246 30 31
2247 0 2
2248 0 1
2249 2 0
2250 0 0
2251 3 0
2252 0 30
2253 0 1
2254 0 0
2255 2 0
2256 3 0
2257 0 1
2258 2 0
2259 1 0
2260 31 0
2261 31 31
2262 30 0
2263 0 2
2264 0 0
2265 31 0
2266 0 3
2267 0 2
2268 0 3
2269 0 31
2270 0 2
2271 30 31
2272 0 30
2273 1 0
2274 0 31
2275 30 0
2276 0 0
2277 31 31
2278 1 0
2279 0 1
2280 2 0
2281 0 30
2282 0 31
2283 0 30
2284 0 31
2285 31 0
2286 30 0
2287 30 31
2288 31 31
2289 0 0
2290 1 0
2291 30 31
2292 31 31
2293 0 30
2294 30 31
2295 31 31
2296 0 31
2297 31 0
2298 2 0
2299 3 0
2300 30 0
2301 31 0
2302 30 31
2303 2 0
2304 0 1
2305 31 31
2306 0 0
2307 30 0
2308 0 1
2309 1 0
2310 31 0
2311 0 0
2312 0 1
2313 30 31
2314 30 0
2315 31 0
2316 0 30
2317 30 0
2318 31 0
2319 30 0
2320 31 31
2321 30 31
2322 31 31
2323 0 2
2324 0 0
2325 0 31
2326 0 30
2327 31 0
2328 0 3
2329 0 1
2330 0 0
2331 30 0
2332 0 2
2333 1 0
2334 0 1
2335 0 31
2336 0 2
2337 31 0
2338 0 1
2339 30 0
2340 30 31
2341 31 0
2342 2 0
2343 30 0
2344 0 30
2345 0 31
2346 0 30
2347 0 0
2348 31 0
2349 3 0
2350 0 31
2351 0 1
2352 0 30
2353 0 0
2354 31 31
2355 2 0
2356 0 1
2357 30 31
2358 31 31
2359 0 31
2360 1 0
2361 0 30
2362 0 2
2363 0 1
2364 2 0
2365 0 0
2366 30 0
2367 0 31
2368 30 31
2369 31 31
2370 1 0
2371 31 0
2372 0 30
2373 0 31
2374 0 30
2375 30 31
2376 0 31
2377 0 30
2378 30 0
2379 0 31
2380 2 0
2381 0 1
2382 0 0
2383 3 0
2384 2 0
2385 31 31
2386 0 30
2387 30 31
2388 31 31
2389 0 31
2390 0 1
2391 31 0
2392 30 0
2393 31 0
2394 30 0
2395 30 31
2396 0 0
2397 31 31
2398 31 0
2399 3 0
2400 0 30
2401 30 0
2402 0 1
2403 0 0
2404 30 31
2405 2 0
2406 0 31
2407 0 30
2408 3 0
2409 31 0
2410 0 1
2411 0 0
2412 2 0
2413 31 31
2414 30 31
2415 3 0
2416 30 0
2417 2 0
2418 0 31
2419 0 30
2420 31 31
2421 3 0
2422 0 31
2423 0 1
2424 0 30
2425 0 0
2426 0 1
2427 2 0
2428 0 31
2429 31 0
2430 30 31
2431 31 31
2432 30 0
2433 31 0
2434 30 31
2435 31 31
2436 30 31
2437 31 31
2438 30 0
2439 0 0
2440 3 0
2441 0 30
2442 31 0
2443 0 1
2444 0 0
2445 0 1
2446 2 0
2447 0 0
2448 0 31
2449 3 0
2450 30 0
2451 31 0
2452 30 0
2453 0 30
2454 0 31
2455 2 0
2456 0 30
2457 0 31
2458 3 0
2459 0 1
2460 0 30
2461 2 0
2462 30 31
2463 31 31
2464 0 31
2465 31 0
2466 0 30
2467 0 0
2468 3 0
2469 30 0
2470 31 0
2471 0 1
2472 0 0
2473 0 31
2474 30 31
2475 2 0
2476 31 31
2477 1 0
2478 0 0
2479 1 0
2480 0 0
2481 0 30
2482 30 31
2483 0 31
2484 0 1
2485 0 0
2486 0 1
2487 0 0
2488 31 31
2489 30 0
2490 0 30
2491 0 31
2492 3 0
2493 0 1
2494 2 0
2495 31 0
2496 0 30
2497 1 0
2498 2 0
2499 0 0
2500 3 0
2501 0 1
2502 0 0
2503 30 31
2504 31 31
2505 30 31
2506 30 0
2507 31 0
2508 31 31
2509 30 31
2510 31 31
2511 0 1
2512 30 0
2513 2 0
2514 30 31
2515 31 31
2516 31 0
2517 0 0
2518 3 0
2519 0 31
2520 30 0
2521 0 1
2522 2 0
2523 1 0
2524 31 0
2525 0 30
2526 0 2
2527 0 31
2528 30 0
2529 0 30
2530 31 0
2531 30 0
2532 30 31
2533 31 31
2534 0 31
2535 0 0
2536 0 3
2537 31 0
2538 0 30
2539 0 2
2540 0 31
2541 30 31
2542 30 0
2543 31 0
2544 0 30
2545 1 0
2546 30 0
2547 31 0
2548 0 0
2549 0 31
2550 0 3
2551 0 1
2552 0 4
2553 31 31
2554 0 0
2555 0 30
2556 0 3
2557 0 2
2558 0 3
2559 0 1
2560 30 31
2561 0 31
2562 0 30
2563 31 31
2564 30 0
2565 30 31
2566 31 0
2567 31 31
2568 30 0
2569 0 31
2570 0 0
2571 0 1
2572 0 4
2573 0 3
2574 0 4
2575 30 31
2576 31 0
2577 0 3
2578 30 0
2579 0 30
2580 0 0
2581 31 0
2582 31 31
2583 30 0
2584 0 1
2585 0 4
2586 30 31
2587 0 31
2588 0 0
2589 0 1
2590 0 3
2591 0 30
2592 31 31
2593 30 31
2594 0 4
2595 31 0
2596 30 0
2597 0 3
2598 0 4
2599 0 3
2600 31 0
2601 0 4
2602 30 0
2603 0 3
2604 0 0
2605 31 0
2606 0 2
2607 0 3
2608 0 1
2609 30 0
2610 31 31
2611 0 31
2612 31 0
2613 0 0
2614 0 2
2615 0 30
2616 30 31
2617 0 3
2618 0 2
2619 0 3
2620 0 2
2621 1 0
2622 0 1
2623 0 2
2624 30 0
2625 31 31
2626 0 1
2627 2 0
2628 0 0
2629 3 0
2630 0 31
2631 0 1
2632 0 30
2633 30 31
2634 2 0
2635 1 0
2636 0 2
2637 0 0
2638 0 31
2639 31 31
2640 31 0
2641 0 3
2642 30 31
2643 31 31
2644 30 0
2645 31 0
2646 0 2
2647 30 0
2648 1 0
2649 30 31
2650 31 31
2651 0 0
2652 1 0
2653 0 1
2654 0 30
2655 30 31
2656 0 31
2657 0 2
2658 31 0
2659 0 1
2660 30 0
2661 2 0
2662 0 0
2663 31 0
2664 0 1
2665 31 31
2666 1 0
2667 30 0
2668 30 31
2669 31 0
2670 31 31
2671 0 2
2672 30 31
2673 30 0
2674 0 1
2675 31 31
2676 2 0
2677 1 0
2678 31 0
2679 2 0
2680 30 0
2681 1 0
2682 31 0
2683 2 0
2684 0 0
2685 30 31
2686 0 1
2687 30 0
2688 1 0
2689 31 0
2690 30 0
2691 31 31
2692 31 0
2693 0 30
2694 0 31
2695 30 31
2696 30 0
2697 31 0
2698 2 0
2699 31 31
2700 0 0
2701 3 0
2702 0 1
2703 30 31
2704 2 0
2705 0 0
2706 30 0
2707 0 1
2708 0 30
2709 31 0
2710 1 0
2711 0 2
2712 0 1
2713 0 2
2714 31 31
2715 30 0
2716 0 0
2717 1 0
2718 0 31
2719 30 31
2720 31 31
2721 31 0
2722 30 0
2723 30 31
2724 0 30
2725 0 1
2726 0 31
2727 31 0
2728 0 0
2729 31 31
2730 30 31
2731 30 0
2732 0 1
2733 0 30
2734 31 0
2735 0 31
2736 31 31
2737 30 31
2738 0 2
2739 31 31
2740 0 30
2741 0 31
2742 0 1
2743 30 31
2744 2 0
2745 0 0
2746 31 31
2747 30 31
2748 3 0
2749 0 1
2750 30 0
2751 2 0
2752 31 31
2753 1 0
2754 2 0
2755 1 0
2756 30 31
2757 0 30
2758 0 31
2759 31 31
2760 30 31
2761 0 2
2762 31 0
2763 0 1
2764 2 0
2765 1 0
2766 2 0
2767 31 31
2768 0 30
2769 30 31
2770 1 0
2771 30 0
2772 0 31
2773 2 0
2774 0 0
2775 31 0
2776 30 0
2777 3 0
2778 2 0
2779 0 1
2780 31 0
2781 30 0
2782 1 0
2783 31 31
2784 0 30
2785 0 31
2786 0 30
2787 31 0
2788 2 0
2789 1 0
2790 30 31
2791 2 0
2792 30 0
2793 1 0
2794 31 31
2795 2 0
2796 0 31
2797 0 0
2798 30 31
2799 3 0
2800 0 1
2801 0 0
2802 2 0
2803 31 31
2804 0 30
2805 3 0
2806 0 1
2807 31 0
2808 0 0
2809 0 31
2810 0 1
2811 0 30
2812 0 0
2813 30 0
2814 0 31
2815 0 30
2816 0 31
2817 31 0
2818 2 0
2819 0 30
2820 30 0
2821 0 1
2822 30 31
2823 0 31
2824 31 0
2825 1 0
2826 2 0
2827 1 0
2828 0 30
2829 31 31
2830 0 2
2831 30 31
2832 30 0
2833 0 1
2834 2 0
2835 31 31
2836 0 0
2837 0 31
2838 0 30
2839 0 1
2840 0 31
2841 30 31
2842 0 30
2843 31 31
2844 30 31
2845 0 0
2846 0 31
2847 0 1
2848 1 0
2849 0 2
2850 0 0
2851 1 0
2852 31 31
2853 30 31
2854 0 1
2855 31 31
2856 2 0
2857 1 0
2858 0 2
2859 31 0
2860 30 0
2861 31 0
2862 0 30
2863 30 31
2864 0 0
2865 1 0
2866 31 31
2867 0 1
2868 30 31
2869 30 0
2870 31 31
2871 0 31
2872 30 31
2873 31 0
2874 2 0
2875 30 0
2876 1 0
2877 0 2
2878 0 30
2879 0 1
2880 2 0
2881 31 0
2882 0 0
2883 31 31
2884 0 31
2885 0 30
2886 3 0
2887 30 0
2888 30 31
2889 0 1
2890 0 31
2891 31 31
2892 31 0
2893 30 0
2894 31 0
2895 30 31
2896 0 0
2897 30 0
2898 0 30
2899 31 0
2900 30 0
2901 0 1
2902 31 0
2903 30 0
2904 2 0
2905 0 31
2906 31 0
2907 1 0
2908 30 0
2909 0 30
2910 31 0
2911 30 0
2912 0 2
2913 0 1
2914 0 0
2915 31 0
2916 31 31
2917 30 31
2918 31 31
2919 30 0
2920 31 0
2921 0 31
2922 0 30
2923 1 0
2924 30 0
2925 2 0
2926 1 0
2927 30 31
2928 0 2
2929 0 31
2930 31 0
2931 0 1
2932 2 0
2933 0 0
2934 30 0
2935 0 1
2936 31 31
2937 31 0
2938 30 0
2939 30 31
2940 0 0
2941 0 1
2942 31 0
2943 30 0
2944 31 31
2945 1 0
2946 30 31
2947 0 2
2948 0 1
2949 31 0
2950 0 30
2951 30 0
2952 0 31
2953 31 0
2954 30 0
2955 0 2
2956 31 31
2957 0 0
2958 1 0
2959 31 0
2960 30 0
2961 0 30
2962 0 1
2963 31 0
2964 30 0
2965 0 31
2966 0 30
2967 2 0
2968 31 0
2969 1 0
2970 0 2
2971 30 0
2972 0 1
2973 2 0
2974 31 0
2975 0 0
2976 30 31
2977 0 1
2978 0 0
2979 3 0
2980 30 0
2981 0 31
2982 31 31
2983 0 1
2984 0 30
2985 31 0
2986 0 31
2987 2 0
2988 1 0
2989 2 0
2990 1 0
2991 30 31
2992 30 0
2993 31 0
2994 30 0
2995 0 2
2996 31 31
2997 0 0
2998 0 3
2999 30 31
3000 0 1
3001 31 31
3002 0 30
3003 31 0
3004 0 4
3005 0 0
3006 0 31
3007 30 31
3008 0 30
3009 0 1
3010 31 31
3011 0 0
3012 0 31
3013 30 0
3014 31 0
3015 0 3
3016 0 30
3017 30 31
3018 0 2
3019 31 31
3020 30 31
3021 1 0
3022 0 1
3023 31 31
3024 30 0
3025 2 0
3026 0 0
3027 31 0
3028 30 0
3029 0 1
3030 0 0
3031 3 0
3032 30 31
3033 31 0
3034 0 31
3035 2 0
3036 0 1
3037 0 0
3038 30 0
3039 0 30
3040 3 0
3041 31 31
3042 0 1
3043 30 31
3044 0 0
3045 0 1
3046 31 31
3047 0 0
3048 0 31
3049 2 0
3050 0 1
3051 0 30
3052 0 31
3053 1 0
3054 2 0
3055 30 31
3056 0 0
3057 31 31
3058 3 0
3059 31 0
3060 0 1
3061 30 31
3062 30 0
3063 2 0
3064 0 30
3065 1 0
3066 31 0
3067 30 0
3068 0 31
3069 31 0
3070 0 0
3071 30 0
# colocadas=3072 ocupadas=5 mayor=3152
