0 8 21
1 25 31
2 31 5
3 30 5
4 13 19
5 31 5
6 3 1
7 26 25
8 9 2
9 25 30
10 4 14
11 22 15
12 30 20
13 18 8
14 29 20
15 6 5
16 27 10
17 3 15
18 25 6
19 30 5
20 10 0
21 9 0
22 24 6
23 15 26
24 27 11
25 18 9
26 25 8
27 23 26
28 16 27
29 27 10
30 5 5
31 14 26
32 4 13
33 3 16
34 4 14
35 31 5
36 17 27
37 27 11
38 23 28
39 10 2
40 30 24
41 6 5
42 22 26
43 3 15
44 22 28
45 16 27
46 30 5
47 15 26
48 18 8
49 25 9
50 10 0
51 25 6
52 5 19
53 9 0
54 3 16
55 4 13
56 24 10
57 5 5
58 27 25
59 3 0
60 7 21
61 24 6
62 13 18
63 6 2
64 23 28
65 13 19
66 27 10
67 22 28
68 23 28
69 6 19
70 26 25
71 24 11
72 10 0
73 5 19
74 30 23
75 25 31
76 6 5
77 30 24
78 24 10
79 25 6
80 9 0
81 23 26
82 22 28
83 30 23
84 25 8
85 3 15
86 5 5
87 18 9
88 25 10
89 31 5
90 22 26
91 14 26
92 22 16
93 13 18
94 23 26
95 17 27
96 13 19
97 30 20
98 29 20
99 8 21
100 16 27
101 24 10
102 6 5
103 6 19
104 18 8
105 25 10
106 3 16
107 3 1
108 5 5
109 7 2
110 7 21
111 6 2
112 30 24
113 15 26
114 17 27
115 27 11
116 8 21
117 5 19
118 4 14
119 4 13
120 24 8
121 7 2
122 13 18
123 22 26
124 4 14
125 4 13
126 30 5
127 6 5
128 16 26
129 31 5
130 22 15
131 15 26
132 25 8
133 22 16
134 22 15
135 13 19
136 5 5
137 3 0
138 23 28
139 30 5
140 10 0
141 16 27
142 30 23
143 24 8
144 6 19
145 25 30
146 27 25
147 25 31
148 22 16
149 23 26
150 9 0
151 7 21
152 24 6
153 22 15
154 27 10
155 3 1
156 8 21
157 22 26
158 30 24
159 10 0
160 25 30
161 14 26
162 23 26
163 25 31
164 6 2
165 30 20
166 30 23
167 22 26
168 13 18
169 4 14
170 25 8
171 24 10
172 6 5
173 25 9
174 27 11
175 5 19
176 6 19
177 9 2
178 22 16
179 13 19
180 7 2
181 29 20
182 17 27
183 24 11
184 22 15
185 30 24
186 22 16
187 23 26
188 13 18
189 10 2
190 5 5
191 25 30
192 5 19
193 15 26
194 9 0
195 30 23
196 30 24
197 30 23
198 10 0
199 16 26
200 22 15
201 22 16
202 9 0
203 22 26
204 26 25
205 10 0
206 30 20
207 3 0
208 25 31
209 30 24
210 29 20
211 15 26
212 31 5
213 7 21
214 3 15
215 30 23
216 6 5
217 25 8
218 8 21
219 16 26
220 9 2
221 27 25
222 7 21
223 8 21
224 18 27
225 25 6
226 26 25
227 19 27
228 25 9
229 27 10
230 25 8
231 10 2
232 25 30
233 5 5
234 27 11
235 25 31
236 24 10
237 25 10
238 3 1
239 24 8
240 30 5
241 18 9
242 4 13
243 6 2
244 4 14
245 4 13
246 7 21
247 25 30
248 4 14
249 25 8
250 9 0
251 30 20
252 3 16
253 3 15
254 6 5
255 10 0
256 31 5
257 9 0
258 22 15
259 27 25
260 18 8
261 7 2
262 24 6
263 18 9
264 24 8
265 25 6
266 15 26
267 9 2
268 6 19
269 25 8
270 26 25
271 23 26
272 4 13
273 24 8
274 25 31
275 13 19
276 30 5
277 10 2
278 3 0
279 25 8
280 20 27
281 3 16
282 25 30
283 25 31
284 8 21
285 24 10
286 3 1
287 3 0
288 22 16
289 7 21
290 13 18
291 27 10
292 27 11
293 5 5
294 25 30
295 3 1
296 29 20
297 3 15
298 4 14
299 30 20
300 25 31
301 25 9
302 8 21
303 13 19
304 16 26
305 6 5
306 25 8
307 22 28
308 27 10
309 24 6
310 4 13
311 13 18
312 22 26
313 23 26
314 5 19
315 5 5
316 30 24
317 23 28
318 27 11
319 6 5
320 25 6
321 22 15
322 22 26
323 9 2
324 22 28
325 6 19
326 22 16
327 23 26
328 3 0
329 5 19
330 25 30
331 13 19
332 27 25
333 27 10
334 10 2
335 25 10
336 13 18
337 3 16
338 5 5
339 4 14
340 3 1
341 26 25
342 31 5
343 18 8
344 18 9
345 27 11
346 18 8
347 25 31
348 24 6
349 25 6
350 23 28
351 9 2
352 6 5
353 15 26
354 24 10
355 30 5
356 25 10
357 6 2
358 3 15
359 20 28
360 30 23
361 30 24
362 29 20
363 3 16
364 10 2
365 3 0
366 27 25
367 13 19
368 13 18
369 22 15
370 30 23
371 9 2
372 5 5
373 24 10
374 6 19
375 25 9
376 18 9
377 25 30
378 26 25
379 3 1
380 3 0
381 31 5
382 27 25
383 10 2
384 25 31
385 6 5
386 26 25
387 22 16
388 24 6
389 25 30
390 30 24
391 4 13
392 4 14
393 27 25
394 24 11
395 25 8
396 25 6
397 9 2
398 22 28
399 24 6
400 10 0
401 10 2
402 9 2
403 30 23
404 9 0
405 22 15
406 22 26
407 7 2
408 26 25
409 25 6
410 5 5
411 30 5
412 20 27
413 22 16
414 23 26
415 22 26
416 3 1
417 31 5
418 3 0
419 10 0
420 16 26
421 5 19
422 13 19
423 10 2
424 22 15
425 4 13
426 13 18
427 6 2
428 30 20
429 22 16
430 4 14
431 13 19
432 25 9
433 29 20
434 3 1
435 6 5
436 7 2
437 25 31
438 30 24
439 18 8
440 30 20
441 6 19
442 3 15
443 6 2
444 24 6
445 27 10
446 13 18
447 30 5
448 20 28
449 5 5
450 6 5
451 3 0
452 18 9
453 25 30
454 9 0
455 4 13
456 23 28
457 27 25
458 18 8
459 7 2
460 5 19
461 6 19
462 9 2
463 27 11
464 10 2
465 20 27
466 25 31
467 23 26
468 6 2
469 27 10
470 7 2
471 3 16
472 3 15
473 22 26
474 6 2
475 5 19
476 24 10
477 3 1
478 29 20
479 25 30
480 25 31
481 30 23
482 7 2
483 6 2
484 22 15
485 25 30
486 23 26
487 22 26
488 10 0
489 6 19
490 22 16
491 3 16
492 4 14
493 23 26
494 18 9
495 3 15
496 20 28
497 5 19
498 15 26
499 13 19
500 3 0
501 22 15
502 27 11
503 7 21
504 7 2
505 18 8
506 22 16
507 16 26
508 22 28
509 22 15
510 3 16
511 3 15
512 8 21
513 20 27
514 22 16
515 24 11
516 31 5
517 23 28
518 30 24
519 7 21
520 3 16
521 4 13
522 9 0
523 22 28
524 3 1
525 24 10
526 6 19
527 25 8
528 8 21
529 5 5
530 4 14
531 22 26
532 25 6
533 20 28
534 23 26
535 6 5
536 9 2
537 13 18
538 30 23
539 18 9
540 30 24
541 18 8
542 3 15
543 30 20
544 30 5
545 10 0
546 26 25
547 9 0
548 25 10
549 5 19
550 31 5
551 25 31
552 13 19
553 20 27
554 24 6
555 3 16
556 30 23
557 27 25
558 4 13
559 6 2
560 24 10
561 13 18
562 10 2
563 6 19
564 15 26
565 20 28
566 25 6
567 18 9
568 16 26
569 27 10
570 3 15
571 26 25
572 25 10
573 7 21
574 24 10
575 5 19
576 25 30
577 27 11
578 23 28
579 3 0
580 5 5
581 30 24
582 29 20
583 25 31
584 25 30
585 18 8
586 24 6
587 3 1
588 22 26
589 22 28
590 27 10
591 30 20
592 25 31
593 8 21
594 27 11
595 3 16
596 20 27
597 9 2
598 27 10
599 25 6
600 13 19
601 3 0
602 30 23
603 7 21
604 8 21
605 20 28
606 23 26
607 7 21
608 24 6
609 3 1
610 29 20
611 27 11
612 6 19
613 5 19
614 23 28
615 18 9
616 20 27
617 6 5
618 5 5
619 25 30
620 25 9
621 10 2
622 13 18
623 3 0
624 6 5
625 15 26
626 30 5
627 22 26
628 23 26
629 3 1
630 25 8
631 25 31
632 20 28
633 16 26
634 18 8
635 13 19
636 31 5
637 30 20
638 9 2
639 7 2
640 18 9
641 15 26
642 10 0
643 25 30
644 10 2
645 27 10
646 8 21
647 13 18
648 6 19
649 5 19
650 7 21
651 25 31
652 30 5
653 25 30
654 13 19
655 22 28
656 9 0
657 25 9
658 20 27
659 6 19
660 6 2
661 22 15
662 9 2
663 18 8
664 22 16
665 31 5
666 22 26
667 8 21
668 10 0
669 18 9
670 10 2
671 4 14
672 5 5
673 9 0
674 3 15
675 27 11
676 29 20
677 16 26
678 30 24
679 25 31
680 25 30
681 3 0
682 23 26
683 23 28
684 22 26
685 25 6
686 6 5
687 22 28
688 30 23
689 15 26
690 10 0
691 3 16
692 23 28
693 30 24
694 3 1
695 20 28
696 23 26
697 25 31
698 3 15
699 22 26
700 18 8
701 27 25
702 3 0
703 5 5
704 30 5
705 5 19
706 16 26
707 18 9
708 6 19
709 7 2
710 23 26
711 9 0
712 27 10
713 5 19
714 25 30
715 25 31
716 25 30
717 7 21
718 9 2
719 20 27
720 30 23
721 22 28
722 6 19
723 6 5
724 26 25
725 24 11
726 8 21
727 4 13
728 5 5
729 31 5
730 23 28
731 25 8
732 3 1
733 3 0
734 27 25
735 25 31
736 6 5
737 5 19
738 18 8
739 3 1
740 22 26
741 30 20
742 26 25
743 25 30
744 27 11
745 27 25
746 6 2
747 30 5
748 18 9
749 7 2
750 4 14
751 3 16
752 24 6
753 6 19
754 4 13
755 31 5
756 26 25
757 23 26
758 22 28
759 22 26
760 10 2
761 27 10
762 25 31
763 27 25
764 27 11
765 23 28
766 25 6
767 24 10
768 18 8
769 7 21
770 22 15
771 3 15
772 5 19
773 22 16
774 4 14
775 30 5
776 3 0
777 3 1
778 23 26
779 22 15
780 5 5
781 6 5
782 20 28
783 22 28
784 18 9
785 27 10
786 3 0
787 22 26
788 25 30
789 8 21
790 3 1
791 23 26
792 18 8
793 25 9
794 24 6
795 5 5
796 15 26
797 7 21
798 22 26
799 29 20
800 3 0
801 6 19
802 30 20
803 10 0
804 25 8
805 22 16
806 30 24
807 5 19
808 25 9
809 4 13
810 3 16
811 27 11
812 6 2
813 20 27
814 9 2
815 10 2
816 30 23
817 3 1
818 23 26
819 3 0
820 6 19
821 18 9
822 7 2
823 9 0
824 29 20
825 24 11
826 20 28
827 25 8
828 5 19
829 25 6
830 18 8
831 3 15
832 6 19
833 9 2
834 10 2
835 13 18
836 25 31
837 8 21
838 4 14
839 25 9
840 20 27
841 22 15
842 25 30
843 25 31
844 3 1
845 4 13
846 30 20
847 7 21
848 10 0
849 30 24
850 26 25
851 5 19
852 9 2
853 4 14
854 6 19
855 3 0
856 30 23
857 8 21
858 29 20
859 3 1
860 6 5
861 4 13
862 5 5
863 5 19
864 9 0
865 7 21
866 13 19
867 23 28
868 10 0
869 10 2
870 22 28
871 6 19
872 30 24
873 16 26
874 9 2
875 30 20
876 27 25
877 26 25
878 24 6
879 25 30
880 6 2
881 25 8
882 18 9
883 22 26
884 18 8
885 20 28
886 3 16
887 3 0
888 10 2
889 3 1
890 8 21
891 20 27
892 9 2
893 13 18
894 6 5
895 5 19
896 25 31
897 18 9
898 5 5
899 3 15
900 27 10
901 25 6
902 3 0
903 31 5
904 6 5
905 25 9
906 29 20
907 24 6
908 30 5
909 3 1
910 22 16
911 23 26
912 5 5
913 27 11
914 13 19
915 27 25
916 13 18
917 3 0
918 23 28
919 9 0
920 6 5
921 22 15
922 24 10
923 26 25
924 7 21
925 31 5
926 4 14
927 30 23
928 30 24
929 3 16
930 3 1
931 22 28
932 7 2
933 30 5
934 27 10
935 4 13
936 8 21
937 25 30
938 27 25
939 27 11
940 3 15
941 4 14
942 6 2
943 30 20
944 22 16
945 23 28
946 7 2
947 4 13
948 31 5
949 6 19
950 22 15
951 5 19
952 25 8
953 22 28
954 7 21
955 4 14
956 3 0
957 3 16
958 23 28
959 25 31
960 6 2
961 25 6
962 25 30
963 6 19
964 4 13
965 30 23
966 25 31
967 30 24
968 15 26
969 20 28
970 10 0
971 22 26
972 20 27
973 7 2
974 16 26
975 5 19
976 6 19
977 22 16
978 3 15
979 6 2
980 22 28
981 29 20
982 27 10
983 5 19
984 10 2
985 27 11
986 13 19
987 23 26
988 4 14
989 22 26
990 25 10
991 7 2
992 24 10
993 26 25
994 9 0
995 30 20
996 6 2
997 25 30
998 7 2
999 10 0
1000 3 16
1001 6 2
1002 13 18
1003 25 10
1004 9 0
1005 3 15
1006 22 15
1007 18 8
1008 13 19
1009 13 18
1010 4 13
1011 27 25
1012 23 28
1013 30 5
1014 23 26
1015 9 2
1016 22 16
1017 18 9
1018 13 19
1019 31 5
1020 3 16
1021 26 25
1022 27 25
1023 24 8
1024 5 5
1025 15 26
1026 26 25
1027 25 31
1028 16 26
1029 27 25
1030 24 10
1031 22 28
1032 3 15
1033 13 18
1034 22 15
1035 3 1
1036 7 2
1037 23 28
1038 25 30
1039 20 28
1040 15 26
1041 29 20
1042 22 16
1043 4 14
1044 13 19
1045 22 15
1046 6 5
1047 8 21
1048 27 10
1049 10 0
1050 18 8
1051 24 6
1052 20 27
1053 16 26
1054 3 0
1055 3 16
1056 30 23
1057 27 11
1058 26 25
1059 27 25
1060 18 9
1061 9 0
1062 3 1
1063 26 25
1064 20 28
1065 20 27
1066 30 20
1067 25 10
1068 25 8
1069 29 20
1070 27 10
1071 22 16
1072 30 5
1073 27 25
1074 4 13
1075 6 19
1076 27 11
1077 15 26
1078 18 8
1079 22 26
1080 10 0
1081 27 10
1082 9 0
1083 23 26
1084 3 15
1085 24 8
1086 16 26
1087 30 24
1088 30 20
1089 27 11
1090 30 23
1091 29 20
1092 5 19
1093 22 15
1094 26 25
1095 6 19
1096 31 5
1097 25 31
1098 4 14
1099 3 16
1100 10 0
1101 13 18
1102 6 2
1103 5 19
1104 7 2
1105 22 16
1106 22 26
1107 4 13
1108 3 15
1109 25 6
1110 13 19
1111 25 8
1112 23 26
1113 22 15
1114 30 24
1115 7 21
1116 6 2
1117 22 28
1118 4 14
1119 24 10
1120 9 0
1121 22 26
1122 13 18
1123 20 28
1124 30 23
1125 15 26
1126 3 16
1127 10 0
1128 20 27
1129 24 6
1130 22 16
1131 23 28
1132 25 6
1133 5 5
1134 30 24
1135 9 0
1136 22 15
1137 27 25
1138 10 0
1139 24 6
1140 25 30
1141 16 26
1142 25 6
1143 27 10
1144 22 28
1145 22 16
1146 30 5
1147 30 20
1148 8 21
1149 25 9
1150 4 13
1151 6 19
1152 25 8
1153 18 9
1154 7 21
1155 30 23
1156 9 0
1157 18 8
1158 25 9
1159 31 5
1160 30 24
1161 8 21
1162 23 28
1163 23 26
1164 6 5
1165 30 23
1166 30 5
1167 7 2
1168 20 28
1169 18 9
1170 20 27
1171 3 15
1172 3 16
1173 22 15
1174 25 8
1175 6 2
1176 26 25
1177 7 2
1178 15 26
1179 4 14
1180 10 0
1181 24 6
1182 9 0
1183 10 2
1184 13 19
1185 7 21
1186 22 28
1187 25 31
1188 25 9
1189 30 24
1190 4 13
1191 3 15
1192 27 25
1193 27 11
1194 4 14
1195 31 5
1196 3 16
1197 13 18
1198 30 23
1199 13 19
1200 25 6
1201 8 21
1202 29 20
1203 30 5
1204 25 8
1205 23 28
1206 26 25
1207 5 5
1208 30 24
1209 18 8
1210 27 25
1211 25 9
1212 13 18
1213 31 5
1214 6 2
1215 22 28
1216 5 19
1217 7 21
1218 30 23
1219 22 16
1220 26 25
1221 4 13
1222 30 5
1223 27 10
1224 25 30
1225 6 5
1226 30 20
1227 22 15
1228 22 16
1229 25 31
1230 31 5
1231 29 20
1232 25 8
1233 7 2
1234 27 11
1235 27 25
1236 25 30
1237 24 6
1238 4 14
1239 26 25
1240 5 5
1241 22 15
1242 23 28
1243 3 0
1244 3 15
1245 3 1
1246 8 21
1247 9 2
1248 6 2
1249 30 24
1250 7 2
1251 3 16
1252 4 13
1253 10 2
1254 3 15
1255 4 14
1256 3 0
1257 3 1
1258 20 28
1259 20 27
1260 25 9
1261 6 2
1262 22 28
1263 10 0
1264 16 26
1265 24 11
1266 13 19
1267 7 21
1268 7 2
1269 4 13
1270 25 8
1271 30 5
1272 4 14
1273 27 25
1274 24 10
1275 3 16
1276 3 0
1277 22 26
1278 25 31
1279 25 9
1280 8 21
1281 20 28
1282 15 26
1283 6 19
1284 24 11
1285 3 15
1286 16 26
1287 3 16
1288 15 26
1289 16 26
1290 6 5
1291 22 16
1292 27 10
1293 9 2
1294 20 27
1295 26 25
1296 24 10
1297 24 11
1298 13 18
1299 30 23
1300 23 26
1301 3 1
1302 24 10
1303 25 8
1304 25 10
1305 4 13
1306 4 14
1307 4 13
1308 31 5
1309 15 26
1310 25 6
1311 27 25
1312 24 8
1313 5 19
1314 5 5
1315 6 19
1316 24 10
1317 25 10
1318 20 28
1319 3 0
1320 20 27
1321 25 30
1322 24 10
1323 3 15
1324 25 8
1325 5 19
1326 26 25
1327 3 16
1328 22 15
1329 23 28
1330 27 25
1331 9 0
1332 25 10
1333 22 26
1334 27 11
1335 24 10
1336 22 28
1337 22 16
1338 3 1
1339 3 0
1340 10 2
1341 16 26
1342 18 9
1343 22 15
1344 25 9
1345 30 5
1346 24 11
1347 24 10
1348 6 19
1349 5 19
1350 22 16
1351 6 5
1352 18 8
1353 20 28
1354 6 19
1355 22 15
1356 9 2
1357 5 19
1358 25 8
1359 6 19
1360 26 25
1361 6 2
1362 27 25
1363 22 16
1364 30 20
1365 23 28
1366 26 25
1367 13 19
1368 10 0
1369 3 1
1370 5 5
1371 29 20
1372 18 9
1373 27 25
1374 9 0
1375 26 25
1376 3 0
1377 10 2
1378 23 26
1379 30 20
1380 30 24
1381 7 21
1382 5 19
1383 24 6
1384 8 21
1385 27 10
1386 6 19
1387 25 31
1388 13 18
1389 25 9
1390 25 8
1391 22 26
1392 4 14
1393 7 21
1394 8 21
1395 27 25
1396 26 25
1397 29 20
1398 25 6
1399 10 0
1400 9 2
1401 4 13
1402 7 2
1403 7 21
1404 31 5
1405 13 19
1406 10 2
1407 25 30
1408 30 23
1409 30 5
1410 3 15
1411 13 18
1412 13 19
1413 20 27
1414 6 2
1415 3 16
1416 30 24
1417 24 6
1418 3 1
1419 23 26
1420 9 2
1421 10 2
1422 6 5
1423 8 21
1424 22 28
1425 25 6
1426 27 11
1427 23 28
1428 13 18
1429 30 23
1430 9 0
1431 30 20
1432 5 5
1433 25 10
1434 4 14
1435 7 2
1436 3 15
1437 6 2
1438 25 31
1439 7 21
1440 9 2
1441 27 10
1442 4 13
1443 3 16
1444 8 21
1445 22 28
1446 23 28
1447 10 0
1448 27 11
1449 29 20
1450 7 21
1451 15 26
1452 31 5
1453 30 5
1454 24 6
1455 30 24
1456 5 19
1457 22 26
1458 6 19
1459 18 8
1460 27 10
1461 3 15
1462 31 5
1463 24 10
1464 30 23
1465 4 14
1466 23 26
1467 22 28
1468 13 19
1469 10 2
1470 30 20
1471 27 11
1472 30 24
1473 30 5
1474 4 13
1475 5 19
1476 3 0
1477 6 5
1478 25 30
1479 25 10
1480 25 31
1481 25 6
1482 24 10
1483 7 2
1484 3 16
1485 20 28
1486 25 10
1487 4 14
1488 22 15
1489 5 5
1490 24 6
1491 6 5
1492 27 25
1493 31 5
1494 16 26
1495 30 23
1496 30 5
1497 23 28
1498 15 26
1499 16 26
1500 22 26
1501 8 21
1502 6 2
1503 31 5
1504 6 19
1505 7 21
1506 5 19
1507 25 6
1508 26 25
1509 24 10
1510 29 20
1511 20 27
1512 9 2
1513 4 13
1514 23 26
1515 5 5
1516 27 25
1517 30 24
1518 3 15
1519 4 14
1520 13 18
1521 7 2
1522 6 2
1523 6 19
1524 15 26
1525 25 9
1526 8 21
1527 13 19
1528 3 16
1529 10 2
1530 25 30
1531 16 26
1532 30 23
1533 7 2
1534 27 10
1535 30 5
1536 27 11
1537 25 8
1538 24 6
1539 18 9
1540 27 10
1541 22 28
1542 7 21
1543 9 0
1544 6 2
1545 30 24
1546 22 16
1547 10 0
1548 8 21
1549 3 1
1550 31 5
1551 30 5
1552 25 31
1553 13 18
1554 9 2
1555 6 5
1556 25 6
1557 25 10
1558 30 20
1559 9 0
1560 18 8
1561 15 26
1562 13 19
1563 22 15
1564 10 0
1565 31 5
1566 24 8
1567 23 28
1568 3 0
1569 27 11
1570 18 9
1571 7 21
1572 8 21
1573 16 26
1574 26 25
1575 18 8
1576 13 18
1577 30 5
1578 25 30
1579 24 6
1580 22 16
1581 5 19
1582 25 31
1583 6 19
1584 25 6
1585 24 10
1586 24 6
1587 15 26
1588 30 23
1589 10 2
1590 29 20
1591 4 13
1592 25 6
1593 3 1
1594 24 6
1595 3 15
1596 3 0
1597 27 10
1598 9 0
1599 25 10
1600 16 26
1601 22 28
1602 30 24
1603 7 2
1604 23 28
1605 30 23
1606 31 5
1607 22 15
1608 18 9
1609 3 16
1610 22 16
1611 10 0
1612 15 26
1613 5 19
1614 9 2
1615 4 14
1616 5 5
1617 25 30
1618 7 21
1619 25 8
1620 25 31
1621 13 19
1622 24 8
1623 27 25
1624 22 15
1625 10 2
1626 25 8
1627 24 10
1628 3 1
1629 9 2
1630 25 6
1631 20 28
1632 3 15
1633 22 16
1634 30 24
1635 9 0
1636 3 16
1637 10 2
1638 25 10
1639 26 25
1640 24 10
1641 6 19
1642 13 18
1643 10 0
1644 13 19
1645 27 25
1646 16 26
1647 22 28
1648 15 26
1649 30 20
1650 18 8
1651 6 2
1652 30 23
1653 25 10
1654 22 26
1655 6 5
1656 13 18
1657 13 19
1658 26 25
1659 24 10
1660 5 19
1661 30 5
1662 6 19
1663 9 0
1664 30 24
1665 8 21
1666 4 13
1667 3 15
1668 25 30
1669 3 0
1670 5 19
1671 23 28
1672 6 19
1673 3 1
1674 3 16
1675 25 10
1676 30 23
1677 24 6
1678 4 14
1679 7 21
1680 3 15
1681 3 16
1682 22 15
1683 10 0
1684 3 0
1685 27 11
1686 3 15
1687 9 2
1688 8 21
1689 27 10
1690 3 1
1691 25 31
1692 13 18
1693 16 26
1694 15 26
1695 29 20
1696 13 19
1697 3 16
1698 24 8
1699 30 24
1700 31 5
1701 7 2
1702 16 26
1703 7 21
1704 6 2
1705 30 5
1706 13 18
1707 5 5
1708 6 5
1709 9 0
1710 8 21
1711 3 15
1712 31 5
1713 5 5
1714 27 11
1715 24 10
1716 3 0
1717 3 1
1718 3 0
1719 25 8
1720 30 23
1721 27 10
1722 7 2
1723 23 26
1724 25 10
1725 3 16
1726 22 16
1727 25 30
1728 25 6
1729 7 21
1730 27 11
1731 10 2
1732 20 27
1733 30 5
1734 30 20
1735 25 31
1736 15 26
1737 29 20
1738 22 15
1739 6 5
1740 10 0
1741 20 28
1742 24 8
1743 22 28
1744 18 9
1745 5 5
1746 6 5
1747 4 13
1748 4 14
1749 5 5
1750 6 2
1751 25 30
1752 25 31
1753 25 8
1754 31 5
1755 30 20
1756 22 16
1757 9 0
1758 20 27
1759 29 20
1760 3 15
1761 3 1
1762 24 8
1763 30 24
1764 7 2
1765 22 15
1766 24 10
1767 27 25
1768 25 8
1769 27 10
1770 25 30
1771 25 10
1772 6 2
1773 27 11
1774 3 16
1775 25 31
1776 22 16
1777 30 23
1778 20 28
1779 24 8
1780 25 8
1781 3 15
1782 20 27
1783 26 25
1784 25 30
1785 20 28
1786 16 26
1787 9 2
1788 3 0
1789 3 1
1790 10 0
1791 5 19
1792 10 2
1793 9 0
1794 30 20
1795 25 31
1796 24 8
1797 24 6
1798 30 5
1799 25 8
1800 22 26
1801 8 21
1802 3 0
1803 24 8
1804 23 26
1805 6 19
1806 29 20
1807 25 30
1808 3 16
1809 20 27
1810 23 28
1811 22 26
1812 22 15
1813 18 8
1814 15 26
1815 10 0
1816 5 19
1817 27 10
1818 9 2
1819 4 13
1820 25 8
1821 7 2
1822 22 28
1823 30 24
1824 4 14
1825 7 21
1826 6 19
1827 31 5
1828 23 28
1829 18 9
1830 25 6
1831 16 26
1832 20 28
1833 18 8
1834 27 11
1835 22 28
1836 5 19
1837 30 20
1838 9 0
1839 13 19
1840 24 10
1841 4 13
1842 27 10
1843 30 5
1844 30 23
1845 24 6
1846 6 19
1847 25 9
1848 29 20
1849 30 20
1850 25 31
1851 20 27
1852 3 1
1853 3 15
1854 10 2
1855 5 19
1856 23 26
1857 24 11
1858 30 24
1859 8 21
1860 18 9
1861 18 8
1862 15 26
1863 25 6
1864 9 2
1865 22 16
1866 24 6
1867 22 15
1868 10 2
1869 4 14
1870 6 5
1871 27 11
1872 20 28
1873 4 13
1874 29 20
1875 27 25
1876 25 6
1877 25 8
1878 20 27
1879 7 21
1880 3 16
1881 18 9
1882 4 14
1883 20 28
1884 4 13
1885 20 27
1886 24 6
1887 6 19
1888 8 21
1889 25 9
1890 3 0
1891 5 5
1892 3 15
1893 26 25
1894 25 30
1895 31 5
1896 18 8
1897 25 8
1898 3 1
1899 22 26
1900 30 20
1901 6 5
1902 24 10
1903 25 10
1904 10 0
1905 9 0
1906 23 26
1907 20 28
1908 4 14
1909 6 2
1910 27 10
1911 23 28
1912 7 2
1913 27 25
1914 24 8
1915 4 13
1916 25 8
1917 26 25
1918 3 16
1919 22 16
1920 30 23
1921 29 20
1922 22 26
1923 30 24
1924 5 5
1925 20 27
1926 5 19
1927 4 14
1928 24 10
1929 23 26
1930 16 26
1931 3 15
1932 20 28
1933 22 28
1934 22 26
1935 6 5
1936 25 31
1937 23 28
1938 25 6
1939 22 15
1940 6 19
1941 27 25
1942 10 0
1943 22 28
1944 27 11
1945 27 10
1946 23 26
1947 6 2
1948 15 26
1949 22 16
1950 13 18
1951 20 27
1952 3 0
1953 25 30
1954 30 5
1955 7 21
1956 24 6
1957 30 23
1958 25 31
1959 9 0
1960 27 11
1961 8 21
1962 5 5
1963 3 16
1964 25 9
1965 25 30
1966 9 2
1967 23 28
1968 4 13
1969 30 20
1970 25 31
1971 25 6
1972 29 20
1973 30 20
1974 10 2
1975 25 30
1976 30 24
1977 9 2
1978 10 2
1979 24 6
1980 22 26
1981 3 1
1982 4 14
1983 6 5
1984 22 15
1985 3 0
1986 25 6
1987 26 25
1988 27 10
1989 27 25
1990 22 28
1991 9 2
1992 23 26
1993 7 2
1994 26 25
1995 24 6
1996 24 11
1997 27 11
1998 27 25
1999 30 23
2000 7 21
2001 31 5
2002 30 5
2003 27 10
2004 10 2
2005 13 19
2006 5 19
2007 16 26
2008 8 21
2009 18 9
2010 15 26
2011 7 21
2012 22 16
2013 22 15
2014 25 31
2015 16 26
2016 4 13
2017 31 5
2018 25 30
2019 15 26
2020 22 16
2021 25 31
2022 5 5
2023 6 5
2024 20 28
2025 3 1
2026 30 24
2027 22 15
2028 3 15
2029 6 2
2030 22 26
2031 8 21
2032 23 28
2033 26 25
2034 3 16
2035 9 2
2036 3 15
2037 7 2
2038 29 20
2039 30 20
2040 20 27
2041 5 5
2042 27 11
2043 18 8
2044 6 2
2045 30 5
2046 6 19
2047 3 0
2048 27 10
2049 10 0
2050 27 11
2051 27 25
2052 4 14
2053 6 5
2054 22 16
2055 18 9
2056 25 6
2057 3 16
2058 30 23
2059 5 5
2060 13 18
2061 24 6
2062 16 26
2063 25 30
2064 25 8
2065 25 6
2066 10 2
2067 15 26
2068 16 26
2069 31 5
2070 25 31
2071 13 19
2072 7 2
2073 5 19
2074 4 13
2075 15 26
2076 20 28
2077 22 15
2078 25 30
2079 26 25
2080 30 24
2081 24 6
2082 3 15
2083 9 0
2084 6 5
2085 5 5
2086 3 16
2087 25 6
2088 6 2
2089 18 8
2090 13 18
2091 10 0
2092 27 25
2093 6 19
2094 22 16
2095 13 19
2096 26 25
2097 3 1
2098 6 5
2099 27 25
2100 9 2
2101 10 2
2102 22 28
2103 3 15
2104 24 6
2105 5 19
2106 23 26
2107 25 31
2108 20 27
2109 9 0
2110 18 9
2111 26 25
2112 3 0
2113 25 30
2114 18 8
2115 3 1
2116 25 6
2117 7 21
2118 27 10
2119 23 28
2120 24 6
2121 27 25
2122 16 26
2123 25 31
2124 26 25
2125 4 14
2126 8 21
2127 7 2
2128 25 30
2129 25 6
2130 13 18
2131 15 26
2132 25 31
2133 29 20
2134 27 11
2135 27 10
2136 27 25
2137 24 6
2138 20 28
2139 3 0
2140 22 26
2141 20 27
2142 9 2
2143 22 28
2144 10 2
2145 23 26
2146 6 2
2147 26 25
2148 22 26
2149 9 2
2150 3 1
2151 5 5
2152 10 0
2153 10 2
2154 22 15
2155 24 10
2156 3 0
2157 4 13
2158 7 2
2159 13 19
2160 25 6
2161 23 26
2162 6 19
2163 30 20
2164 16 26
2165 6 2
2166 6 5
2167 7 21
2168 9 2
2169 4 14
2170 25 30
2171 30 23
2172 24 6
2173 27 25
2174 13 18
2175 5 19
2176 25 9
2177 30 5
2178 13 19
2179 5 5
2180 9 0
2181 26 25
2182 6 19
2183 30 24
2184 30 23
2185 3 16
2186 25 8
2187 27 11
2188 4 13
2189 10 0
2190 5 19
2191 27 10
2192 23 28
2193 25 10
2194 3 1
2195 6 5
2196 7 2
2197 22 28
2198 24 8
2199 4 14
2200 23 28
2201 24 10
2202 6 19
2203 5 19
2204 27 25
2205 8 21
2206 15 26
2207 5 5
2208 18 9
2209 27 11
2210 13 18
2211 31 5
2212 3 0
2213 18 8
2214 16 26
2215 26 25
2216 27 10
2217 25 6
2218 22 16
2219 9 0
2220 25 8
2221 6 2
2222 25 9
2223 3 15
2224 30 5
2225 6 19
2226 29 20
2227 3 1
2228 3 16
2229 5 19
2230 18 9
2231 18 8
2232 7 2
2233 24 11
2234 24 10
2235 7 21
2236 3 15
2237 10 2
2238 3 16
2239 30 24
2240 31 5
2241 13 19
2242 3 15
2243 10 0
2244 13 18
2245 9 0
2246 3 16
2247 18 9
2248 30 5
2249 10 0
2250 15 26
2251 24 6
2252 25 6
2253 27 25
2254 30 23
2255 18 8
2256 24 11
2257 30 24
2258 20 28
2259 6 19
2260 9 2
2261 22 15
2262 24 10
2263 3 0
2264 30 23
2265 22 28
2266 16 26
2267 4 13
2268 23 28
2269 22 26
2270 24 6
2271 15 26
2272 16 26
2273 20 27
2274 22 16
2275 6 2
2276 30 20
2277 26 25
2278 22 15
2279 25 31
2280 25 30
2281 10 2
2282 29 20
2283 25 6
2284 22 28
2285 31 5
2286 3 1
2287 15 26
2288 24 6
2289 9 0
2290 4 14
2291 4 13
2292 30 20
2293 8 21
2294 9 2
2295 23 28
2296 27 25
2297 5 19
2298 7 21
2299 3 0
2300 26 25
2301 13 19
2302 8 21
2303 7 21
2304 27 25
2305 25 31
2306 29 20
2307 10 2
2308 30 24
2309 9 2
2310 10 2
2311 16 26
2312 3 1
2313 25 6
2314 24 11
2315 15 26
2316 25 8
2317 30 20
2318 10 0
2319 30 5
2320 29 20
2321 26 25
2322 30 20
2323 8 21
2324 20 28
2325 9 0
2326 25 9
2327 25 8
2328 22 16
2329 30 23
2330 6 19
2331 13 18
2332 5 19
2333 24 10
2334 27 11
2335 25 9
2336 27 25
2337 22 28
2338 6 5
2339 26 25
2340 24 11
2341 13 19
2342 30 24
2343 22 15
2344 23 28
2345 27 10
2346 27 25
2347 13 18
2348 22 28
2349 20 27
2350 23 28
2351 24 10
2352 29 20
2353 16 26
2354 5 5
2355 13 19
2356 9 2
2357 26 25
2358 25 8
2359 7 2
2360 25 30
2361 25 9
2362 24 11
2363 24 10
2364 6 2
2365 31 5
2366 3 15
2367 20 28
2368 30 23
2369 7 21
2370 10 0
2371 30 5
2372 4 14
2373 6 19
2374 25 8
2375 10 2
2376 13 18
2377 22 28
2378 9 0
2379 3 16
2380 5 19
2381 25 9
2382 30 20
2383 3 15
2384 7 2
2385 6 19
2386 29 20
2387 5 19
2388 10 0
2389 22 16
2390 23 26
2391 27 11
2392 27 25
2393 6 19
2394 6 5
2395 6 2
2396 15 26
2397 5 5
2398 16 26
2399 31 5
2400 6 5
2401 4 13
2402 9 2
2403 27 10
2404 13 19
2405 18 9
2406 9 0
2407 30 24
2408 22 15
2409 15 26
2410 24 11
2411 10 2
2412 4 14
2413 13 18
2414 3 0
2415 20 27
2416 30 23
2417 20 28
2418 13 19
2419 27 11
2420 18 8
2421 3 1
2422 10 0
2423 30 5
2424 16 26
2425 31 5
2426 23 28
2427 4 13
2428 13 18
2429 3 0
2430 27 10
2431 20 27
2432 24 6
2433 27 11
2434 3 16
2435 30 24
2436 9 2
2437 7 2
2438 25 6
2439 5 19
2440 18 9
2441 15 26
2442 8 21
2443 10 2
2444 27 10
2445 27 11
2446 13 19
2447 13 18
2448 4 14
2449 25 31
2450 16 26
2451 24 10
2452 22 26
2453 24 11
2454 3 15
2455 3 16
2456 9 0
2457 25 8
2458 9 2
2459 27 10
2460 5 5
2461 3 1
2462 7 21
2463 30 23
2464 24 10
2465 10 0
2466 26 25
2467 25 30
2468 15 26
2469 23 26
2470 16 26
2471 10 2
2472 6 19
2473 6 5
2474 22 26
2475 3 15
2476 27 11
2477 6 2
2478 18 8
2479 15 26
2480 16 26
2481 7 2
2482 15 26
2483 18 9
2484 25 31
2485 25 9
2486 3 16
2487 5 19
2488 9 2
2489 8 21
2490 3 0
2491 22 16
2492 25 8
2493 30 20
2494 29 20
2495 18 8
2496 27 10
2497 25 10
2498 27 25
2499 3 1
2500 23 26
2501 3 0
2502 30 5
2503 22 28
2504 27 11
2505 6 19
2506 13 19
2507 7 21
2508 31 5
2509 27 10
2510 22 26
2511 24 10
2512 3 15
2513 30 24
2514 27 11
2515 23 28
2516 30 23
2517 22 28
2518 4 13
2519 5 5
2520 13 18
2521 25 9
2522 22 15
2523 13 19
2524 5 19
2525 30 5
2526 3 16
2527 3 1
2528 3 15
2529 31 5
2530 6 5
2531 30 20
2532 16 26
2533 18 9
2534 13 18
2535 10 2
2536 24 11
2537 30 24
2538 3 16
2539 3 0
2540 26 25
2541 6 19
2542 5 5
2543 30 5
2544 31 5
2545 6 5
2546 3 1
2547 25 30
2548 24 10
2549 8 21
2550 24 11
2551 23 28
2552 5 5
2553 15 26
2554 22 16
2555 27 25
2556 6 5
2557 5 5
2558 30 23
2559 29 20
2560 30 24
2561 5 19
2562 6 2
2563 27 10
2564 6 5
2565 5 5
2566 13 19
2567 27 11
2568 22 28
2569 27 10
2570 22 15
2571 23 26
2572 6 5
2573 7 21
2574 24 6
2575 13 18
2576 5 5
2577 24 10
2578 30 20
2579 9 2
2580 6 5
2581 8 21
2582 7 2
2583 16 26
2584 25 6
2585 26 25
2586 29 20
2587 25 31
2588 9 0
2589 18 8
2590 30 5
2591 30 23
2592 15 26
2593 18 9
2594 25 8
2595 10 0
2596 22 26
2597 13 19
2598 18 8
2599 25 30
2600 30 24
2601 9 0
2602 16 26
2603 7 21
2604 8 21
2605 6 19
2606 15 26
2607 23 26
2608 25 10
2609 18 9
2610 30 20
2611 31 5
2612 16 26
2613 30 5
2614 24 8
2615 31 5
2616 13 18
2617 20 28
2618 18 8
2619 7 21
2620 10 2
2621 9 2
2622 30 5
2623 6 2
2624 22 26
2625 30 23
2626 13 19
2627 22 16
2628 24 10
2629 25 10
2630 23 28
2631 13 18
2632 8 21
2633 24 6
2634 25 6
2635 13 19
2636 23 26
2637 20 27
2638 13 18
2639 13 19
2640 15 26
2641 10 0
2642 5 5
2643 27 25
2644 16 26
2645 6 5
2646 29 20
2647 20 28
2648 10 2
2649 31 5
2650 24 6
2651 9 0
2652 7 2
2653 10 0
2654 13 18
2655 7 21
2656 3 0
2657 30 24
2658 5 19
2659 4 14
2660 15 26
2661 20 27
2662 22 28
2663 22 26
2664 16 26
2665 6 2
2666 30 5
2667 7 2
2668 22 15
2669 20 28
2670 4 13
2671 3 15
2672 25 8
2673 6 2
2674 25 31
2675 22 16
2676 20 27
2677 26 25
2678 27 11
2679 4 14
2680 27 25
2681 30 23
2682 9 0
2683 4 13
2684 24 10
2685 30 20
2686 15 26
2687 8 21
2688 27 10
2689 25 10
2690 20 28
2691 3 16
2692 3 1
2693 9 2
2694 27 11
2695 23 26
2696 27 10
2697 29 20
2698 26 25
2699 16 26
2700 22 15
2701 30 20
2702 6 19
2703 13 19
2704 20 27
2705 24 8
2706 20 28
2707 3 15
2708 30 24
2709 31 5
2710 30 23
2711 23 28
2712 24 10
2713 27 25
2714 5 5
2715 30 5
2716 30 24
2717 7 21
2718 18 9
2719 13 18
2720 31 5
2721 8 21
2722 10 2
2723 27 11
2724 30 23
2725 18 8
2726 6 5
2727 20 27
2728 22 28
2729 27 10
2730 30 5
2731 23 28
2732 26 25
2733 7 21
2734 9 2
2735 25 30
2736 27 11
2737 27 25
2738 15 26
2739 31 5
2740 30 5
2741 25 10
2742 18 9
2743 8 21
2744 22 16
2745 5 5
2746 4 14
2747 25 8
2748 18 8
2749 16 26
2750 10 0
2751 18 9
2752 22 28
2753 25 31
2754 20 28
2755 24 10
2756 27 10
2757 31 5
2758 7 21
2759 8 21
2760 20 27
2761 22 26
2762 22 15
2763 30 5
2764 25 10
2765 7 21
2766 8 21
2767 13 19
2768 22 16
2769 31 5
2770 7 2
2771 30 24
2772 29 20
2773 3 0
2774 9 0
2775 27 11
2776 24 10
2777 6 5
2778 23 26
2779 6 2
2780 13 18
2781 26 25
2782 30 20
2783 22 15
2784 3 1
2785 15 26
2786 25 30
2787 7 21
2788 7 2
2789 3 0
2790 22 16
2791 25 10
2792 8 21
2793 7 21
2794 30 5
2795 16 26
2796 10 0
2797 27 25
2798 26 25
2799 25 31
2800 24 10
2801 23 28
2802 27 10
2803 9 0
2804 6 2
2805 22 26
2806 5 19
2807 22 15
2808 13 19
2809 25 30
2810 31 5
2811 22 16
2812 6 19
2813 30 5
2814 20 28
2815 18 8
2816 10 2
2817 27 11
2818 20 27
2819 3 1
2820 27 10
2821 13 18
2822 29 20
2823 5 5
2824 23 26
2825 18 9
2826 22 26
2827 18 8
2828 27 11
2829 30 23
2830 18 9
2831 15 26
2832 25 10
2833 27 25
2834 26 25
2835 24 10
2836 3 0
2837 22 15
2838 18 8
2839 25 31
2840 23 26
2841 20 28
2842 30 20
2843 22 16
2844 25 9
2845 24 11
2846 27 10
2847 4 13
2848 22 26
2849 7 2
2850 8 21
2851 3 16
2852 18 9
2853 22 15
2854 16 26
2855 4 14
2856 5 19
2857 25 6
2858 4 13
2859 20 27
2860 29 20
2861 31 5
2862 24 10
2863 30 5
2864 3 15
2865 27 11
2866 9 2
2867 25 30
2868 24 6
2869 22 16
2870 3 16
2871 27 10
2872 7 21
2873 24 11
2874 22 28
2875 23 26
2876 10 2
2877 3 1
2878 23 28
2879 6 5
2880 24 10
2881 3 0
2882 30 20
2883 31 5
2884 25 6
2885 22 26
2886 22 28
2887 9 2
2888 10 2
2889 23 26
2890 8 21
2891 20 28
2892 25 8
2893 24 6
2894 9 2
2895 25 9
2896 6 2
2897 18 8
2898 6 19
2899 24 11
2900 10 0
2901 15 26
2902 7 21
2903 13 19
2904 16 26
2905 25 31
2906 3 1
2907 20 27
2908 24 10
2909 5 5
2910 23 28
2911 9 0
2912 5 19
2913 24 11
2914 15 26
2915 8 21
2916 22 15
2917 29 20
2918 13 18
2919 13 19
2920 7 2
2921 24 10
2922 10 0
2923 25 6
2924 20 28
2925 27 25
2926 13 18
2927 30 20
2928 25 8
2929 25 10
2930 6 2
2931 26 25
2932 22 28
2933 4 14
2934 6 19
2935 7 2
2936 22 26
2937 30 5
2938 3 15
2939 23 26
2940 7 21
2941 18 9
2942 25 30
2943 29 20
2944 23 28
2945 24 8
2946 22 16
2947 6 2
2948 30 20
2949 9 0
2950 20 27
2951 31 5
2952 22 15
2953 13 19
2954 22 28
2955 23 28
2956 22 28
2957 24 10
2958 25 10
2959 27 25
2960 10 0
2961 22 26
2962 30 24
2963 3 16
2964 30 23
2965 4 13
2966 9 0
2967 16 26
2968 23 26
2969 10 2
2970 13 18
2971 8 21
2972 30 24
2973 30 23
2974 7 21
2975 15 26
2976 26 25
2977 20 28
2978 3 0
2979 22 26
2980 24 10
2981 6 5
2982 13 19
2983 8 21
2984 22 16
2985 27 25
2986 5 5
2987 25 31
2988 23 26
2989 13 18
2990 30 5
2991 4 14
2992 7 2
2993 7 21
2994 31 5
2995 24 6
2996 25 30
2997 26 25
2998 16 26
2999 22 15
3000 22 16
3001 13 19
3002 27 11
3003 27 10
3004 3 15
3005 30 24
3006 29 20
3007 8 21
3008 23 28
3009 3 1
3010 20 27
3011 25 6
3012 10 0
3013 30 5
3014 3 0
3015 25 31
3016 30 20
3017 24 6
3018 9 2
3019 29 20
3020 20 28
3021 3 1
3022 25 8
3023 22 26
3024 23 26
3025 3 0
3026 31 5
3027 4 13
3028 9 0
3029 3 1
3030 22 28
3031 10 0
3032 7 21
3033 6 5
3034 27 25
3035 9 0
3036 4 14
3037 4 13
3038 25 9
3039 25 6
3040 27 11
3041 3 16
3042 5 19
3043 23 28
3044 10 0
3045 24 6
3046 30 23
3047 25 10
3048 22 28
3049 30 24
3050 3 15
3051 3 0
3052 30 23
3053 24 10
3054 25 30
3055 3 16
3056 27 10
3057 23 28
3058 22 15
3059 3 15
3060 8 21
3061 10 2
3062 9 0
3063 22 28
3064 4 14
3065 25 10
3066 23 28
3067 9 2
3068 3 1
3069 22 28
3070 5 5
3071 4 13
# colocadas=3072 ocupadas=25 mayor=698
