0 15 10
1 25 27
2 1 31
3 16 12
4 25 19
5 20 27
6 5 1
7 7 26
8 27 12
9 4 24
10 17 12
11 5 4
12 4 25
13 17 9
14 8 7
15 6 27
16 11 1
17 6 4
18 7 21
19 21 6
20 9 7
21 8 7
22 2 31
23 5 0
24 17 2
25 20 26
26 28 12
27 1 31
28 24 4
29 21 20
30 11 0
31 16 12
32 9 7
33 27 12
34 4 24
35 20 27
36 7 25
37 26 5
38 7 22
39 26 19
40 16 2
41 0 18
42 25 4
43 6 28
44 8 7
45 0 17
46 27 5
47 28 12
48 7 21
49 9 27
50 16 10
51 17 12
52 30 11
53 17 2
54 21 7
55 11 1
56 15 10
57 24 4
58 16 10
59 27 12
60 11 0
61 26 27
62 25 27
63 15 10
64 28 12
65 21 6
66 7 26
67 9 7
68 17 8
69 11 1
70 16 10
71 27 12
72 0 18
73 26 5
74 0 17
75 6 27
76 16 12
77 25 19
78 26 4
79 26 27
80 26 8
81 4 25
82 8 7
83 26 5
84 7 22
85 7 21
86 17 12
87 22 20
88 25 4
89 21 7
90 16 12
91 21 6
92 2 31
93 4 24
94 9 7
95 11 0
96 24 4
97 25 27
98 26 27
99 26 19
100 17 12
101 16 12
102 16 2
103 21 7
104 17 9
105 1 31
106 8 7
107 11 1
108 26 7
109 2 31
110 26 8
111 5 4
112 30 10
113 4 25
114 6 28
115 9 26
116 7 27
117 5 1
118 6 4
119 5 0
120 20 26
121 26 7
122 28 12
123 9 7
124 25 19
125 0 18
126 0 17
127 30 11
128 26 8
129 0 18
130 17 2
131 4 24
132 5 1
133 4 25
134 20 27
135 5 4
136 6 4
137 0 17
138 11 0
139 9 27
140 20 26
141 17 8
142 21 6
143 17 9
144 17 12
145 26 7
146 26 19
147 21 20
148 9 26
149 5 4
150 16 2
151 7 26
152 0 18
153 4 24
154 27 12
155 26 4
156 26 5
157 26 4
158 17 8
159 1 31
160 25 19
161 6 27
162 24 5
163 20 27
164 25 27
165 2 31
166 21 7
167 26 27
168 30 10
169 21 6
170 17 9
171 24 4
172 4 25
173 8 7
174 26 8
175 6 28
176 26 7
177 9 7
178 24 5
179 16 12
180 1 31
181 24 4
182 17 8
183 17 2
184 4 24
185 7 27
186 26 19
187 7 26
188 17 9
189 15 10
190 17 12
191 16 12
192 24 5
193 28 12
194 7 22
195 16 2
196 6 27
197 17 8
198 22 20
199 7 21
200 8 7
201 21 20
202 26 8
203 17 9
204 7 25
205 9 27
206 17 8
207 17 2
208 17 12
209 26 5
210 6 4
211 26 4
212 9 7
213 4 25
214 16 2
215 27 12
216 26 5
217 30 11
218 17 2
219 30 10
220 4 24
221 8 7
222 5 4
223 25 19
224 2 31
225 16 12
226 16 10
227 26 4
228 4 25
229 21 7
230 0 17
231 4 24
232 28 12
233 6 28
234 20 26
235 9 26
236 26 5
237 26 4
238 24 4
239 25 27
240 7 22
241 7 21
242 22 20
243 9 7
244 8 7
245 17 9
246 21 6
247 21 20
248 0 18
249 11 1
250 6 27
251 9 7
252 15 10
253 26 7
254 27 12
255 7 22
256 26 27
257 4 25
258 1 31
259 4 24
260 4 25
261 24 5
262 22 20
263 17 12
264 2 31
265 11 0
266 9 27
267 1 31
268 21 7
269 11 1
270 6 28
271 17 8
272 16 12
273 20 27
274 7 26
275 16 2
276 6 27
277 28 12
278 17 9
279 2 31
280 27 12
281 26 5
282 1 31
283 17 8
284 6 4
285 28 12
286 27 12
287 7 25
288 5 4
289 7 21
290 26 19
291 6 28
292 26 4
293 28 12
294 9 26
295 26 8
296 9 27
297 17 12
298 5 0
299 16 12
300 7 22
301 11 0
302 7 26
303 7 21
304 21 20
305 21 6
306 25 27
307 4 24
308 21 7
309 8 7
310 7 22
311 11 1
312 17 9
313 26 5
314 6 27
315 20 26
316 6 28
317 17 8
318 2 31
319 17 9
320 4 25
321 26 7
322 20 27
323 26 8
324 1 31
325 17 8
326 4 24
327 17 12
328 30 11
329 11 0
330 6 4
331 5 1
332 7 21
333 16 10
334 11 1
335 26 4
336 6 27
337 21 6
338 6 28
339 15 10
340 6 27
341 9 7
342 30 10
343 11 0
344 27 12
345 5 4
346 6 28
347 11 1
348 4 25
349 16 10
350 22 20
351 7 22
352 24 4
353 8 7
354 9 7
355 21 7
356 2 31
357 9 26
358 7 21
359 21 6
360 21 7
361 7 22
362 26 7
363 26 8
364 16 12
365 8 7
366 17 12
367 5 0
368 24 5
369 30 11
370 6 4
371 17 2
372 9 27
373 17 9
374 21 20
375 22 20
376 7 27
377 24 4
378 6 29
379 7 26
380 21 6
381 15 10
382 26 7
383 21 20
384 1 31
385 30 10
386 22 20
387 9 26
388 7 21
389 9 7
390 5 1
391 30 11
392 4 24
393 30 10
394 21 20
395 5 4
396 5 0
397 16 12
398 7 27
399 20 26
400 7 26
401 5 1
402 24 5
403 4 25
404 28 12
405 26 5
406 25 19
407 20 27
408 4 24
409 16 2
410 20 26
411 0 17
412 2 31
413 26 19
414 11 0
415 30 11
416 9 27
417 0 18
418 6 4
419 9 26
420 16 10
421 5 29
422 7 27
423 4 25
424 5 0
425 24 4
426 0 17
427 9 27
428 1 31
429 7 26
430 22 20
431 17 12
432 26 4
433 11 1
434 20 27
435 11 0
436 25 19
437 20 26
438 8 7
439 11 1
440 5 30
441 16 12
442 21 7
443 5 1
444 4 24
445 17 8
446 17 9
447 9 26
448 11 0
449 5 29
450 26 27
451 30 10
452 15 10
453 24 5
454 17 8
455 9 7
456 26 8
457 8 7
458 9 7
459 20 27
460 24 4
461 7 27
462 17 12
463 5 4
464 16 10
465 21 20
466 9 27
467 11 1
468 15 10
469 22 20
470 17 2
471 21 20
472 5 30
473 30 11
474 5 0
475 16 10
476 8 7
477 26 5
478 5 29
479 16 2
480 30 10
481 26 19
482 26 7
483 27 12
484 26 4
485 9 7
486 6 4
487 7 22
488 22 20
489 28 12
490 24 5
491 30 11
492 24 4
493 8 7
494 5 1
495 11 0
496 2 31
497 5 4
498 30 10
499 0 18
500 15 10
501 20 26
502 17 9
503 27 12
504 25 19
505 11 1
506 5 30
507 26 8
508 24 5
509 25 27
510 16 12
511 16 10
512 9 7
513 17 8
514 21 6
515 5 0
516 4 25
517 15 10
518 8 7
519 5 1
520 1 31
521 26 19
522 28 12
523 6 4
524 24 4
525 21 7
526 20 27
527 4 24
528 4 25
529 5 0
530 17 12
531 27 12
532 17 9
533 5 1
534 5 4
535 26 5
536 30 11
537 11 0
538 25 4
539 28 12
540 25 19
541 30 10
542 5 29
543 2 31
544 0 17
545 5 0
546 9 7
547 7 26
548 26 7
549 26 19
550 25 19
551 4 24
552 7 27
553 4 25
554 5 30
555 1 31
556 11 1
557 5 1
558 27 5
559 5 0
560 7 21
561 0 18
562 30 11
563 30 10
564 17 8
565 9 26
566 26 8
567 6 4
568 7 22
569 7 26
570 2 31
571 26 27
572 26 19
573 17 9
574 4 24
575 25 19
576 27 12
577 0 17
578 21 6
579 5 4
580 17 8
581 21 20
582 26 5
583 11 0
584 1 31
585 0 18
586 20 26
587 4 25
588 25 27
589 9 27
590 11 1
591 28 12
592 11 0
593 22 20
594 9 26
595 11 1
596 16 12
597 8 7
598 6 4
599 17 2
600 7 27
601 21 20
602 30 11
603 7 26
604 27 5
605 7 27
606 9 27
607 5 4
608 4 24
609 7 26
610 17 12
611 26 19
612 6 4
613 26 7
614 16 10
615 26 5
616 26 8
617 4 25
618 21 7
619 22 20
620 16 12
621 27 5
622 26 27
623 24 4
624 0 17
625 5 29
626 9 26
627 5 1
628 2 31
629 4 24
630 15 10
631 4 25
632 21 6
633 25 19
634 21 20
635 25 4
636 9 27
637 11 0
638 7 21
639 17 12
640 27 12
641 9 7
642 28 12
643 5 0
644 0 18
645 16 2
646 17 2
647 7 22
648 7 27
649 5 30
650 21 7
651 5 1
652 26 5
653 0 17
654 22 20
655 7 26
656 5 4
657 21 6
658 24 4
659 0 18
660 21 7
661 11 1
662 7 21
663 1 31
664 9 26
665 21 20
666 7 22
667 26 4
668 27 12
669 8 7
670 30 10
671 21 6
672 21 7
673 16 2
674 22 20
675 26 19
676 24 5
677 25 27
678 20 27
679 9 27
680 5 29
681 21 6
682 11 0
683 30 11
684 30 10
685 4 24
686 7 21
687 16 10
688 26 7
689 6 4
690 7 27
691 28 12
692 11 1
693 5 0
694 15 10
695 2 31
696 7 26
697 17 9
698 26 8
699 17 2
700 4 25
701 26 7
702 5 4
703 16 10
704 5 1
705 9 26
706 7 22
707 1 31
708 16 12
709 20 26
710 9 7
711 0 17
712 26 5
713 17 8
714 17 9
715 21 20
716 0 18
717 8 7
718 20 27
719 5 30
720 20 26
721 17 12
722 20 27
723 7 27
724 9 7
725 26 4
726 22 20
727 2 31
728 27 12
729 7 26
730 9 27
731 21 7
732 9 26
733 17 8
734 26 27
735 4 24
736 16 2
737 25 27
738 30 11
739 11 0
740 15 10
741 5 29
742 17 9
743 17 2
744 11 1
745 7 27
746 11 0
747 20 26
748 8 7
749 5 30
750 25 19
751 1 31
752 21 20
753 9 7
754 16 10
755 9 27
756 7 21
757 7 26
758 4 25
759 2 31
760 15 10
761 28 12
762 7 27
763 16 12
764 17 12
765 7 26
766 6 4
767 22 20
768 1 31
769 24 4
770 21 6
771 24 5
772 26 27
773 16 2
774 5 0
775 5 29
776 5 4
777 27 12
778 30 10
779 26 5
780 30 11
781 26 8
782 25 27
783 6 4
784 17 2
785 5 4
786 6 4
787 16 12
788 5 4
789 28 12
790 26 7
791 30 10
792 5 1
793 11 1
794 2 31
795 5 30
796 20 27
797 26 8
798 20 26
799 16 10
800 30 11
801 30 10
802 26 19
803 1 31
804 20 27
805 21 20
806 0 17
807 24 4
808 22 20
809 21 20
810 20 26
811 26 7
812 26 4
813 9 26
814 17 8
815 6 4
816 11 0
817 22 20
818 0 18
819 16 2
820 30 11
821 17 2
822 26 27
823 8 7
824 25 19
825 0 17
826 26 19
827 21 20
828 5 29
829 22 20
830 25 19
831 25 27
832 26 27
833 26 5
834 21 7
835 9 27
836 27 12
837 21 20
838 5 0
839 26 8
840 7 22
841 5 1
842 11 1
843 26 4
844 5 4
845 6 4
846 9 26
847 15 10
848 9 7
849 9 27
850 25 27
851 5 4
852 17 9
853 5 0
854 22 20
855 6 4
856 2 31
857 9 26
858 26 27
859 8 7
860 17 12
861 16 2
862 17 2
863 9 27
864 1 31
865 5 4
866 21 20
867 4 24
868 22 20
869 11 0
870 30 10
871 11 1
872 16 2
873 2 31
874 25 27
875 16 12
876 26 7
877 26 19
878 7 21
879 11 0
880 9 26
881 4 25
882 26 5
883 21 20
884 25 4
885 4 24
886 5 1
887 7 27
888 5 30
889 5 29
890 30 11
891 17 8
892 26 8
893 0 18
894 7 26
895 11 1
896 24 4
897 26 7
898 17 12
899 25 4
900 17 9
901 20 27
902 30 10
903 24 4
904 16 10
905 15 10
906 5 30
907 1 31
908 28 12
909 25 4
910 5 29
911 26 8
912 0 17
913 6 4
914 17 2
915 16 10
916 9 27
917 9 7
918 4 25
919 15 10
920 5 0
921 25 19
922 9 26
923 26 7
924 4 24
925 30 11
926 5 30
927 0 18
928 24 4
929 26 8
930 2 31
931 7 22
932 26 19
933 22 20
934 7 21
935 26 27
936 21 6
937 25 4
938 16 10
939 25 19
940 9 27
941 15 10
942 16 2
943 17 8
944 24 4
945 26 19
946 25 27
947 1 31
948 8 7
949 26 7
950 16 12
951 26 4
952 4 25
953 7 22
954 5 4
955 7 27
956 5 1
957 5 0
958 20 26
959 5 1
960 17 12
961 6 4
962 25 19
963 9 26
964 26 27
965 27 12
966 7 21
967 26 8
968 30 10
969 2 31
970 16 12
971 26 5
972 5 29
973 17 12
974 20 27
975 9 7
976 4 24
977 17 9
978 17 8
979 8 7
980 26 7
981 17 9
982 17 2
983 7 26
984 17 8
985 26 19
986 26 4
987 5 30
988 5 29
989 21 20
990 7 27
991 25 19
992 5 4
993 30 11
994 24 5
995 0 17
996 30 10
997 16 2
998 17 9
999 30 11
1000 9 7
1001 26 19
1002 17 8
1003 6 4
1004 1 31
1005 5 4
1006 6 4
1007 2 31
1008 16 12
1009 17 2
1010 17 9
1011 5 4
1012 26 8
1013 5 0
1014 17 8
1015 21 7
1016 9 27
1017 16 10
1018 5 1
1019 25 27
1020 4 25
1021 24 4
1022 22 20
1023 17 9
1024 24 5
1025 25 19
1026 5 0
1027 11 0
1028 21 20
1029 9 26
1030 17 8
1031 17 12
1032 16 12
1033 7 22
1034 20 26
1035 15 10
1036 26 7
1037 1 31
1038 0 18
1039 11 1
1040 16 2
1041 26 8
1042 17 12
1043 4 24
1044 8 7
1045 9 27
1046 26 7
1047 9 7
1048 17 2
1049 4 25
1050 7 21
1051 21 6
1052 4 24
1053 5 1
1054 17 9
1055 11 0
1056 8 7
1057 0 17
1058 21 7
1059 28 12
1060 30 10
1061 2 31
1062 24 4
1063 20 27
1064 20 26
1065 7 22
1066 9 26
1067 30 11
1068 16 2
1069 20 27
1070 22 20
1071 6 4
1072 24 5
1073 5 4
1074 9 27
1075 26 27
1076 21 20
1077 1 31
1078 2 31
1079 5 0
1080 21 6
1081 30 10
1082 20 26
1083 6 4
1084 7 26
1085 1 31
1086 30 11
1087 4 25
1088 7 21
1089 25 27
1090 16 10
1091 16 12
1092 26 8
1093 9 26
1094 9 27
1095 20 27
1096 26 5
1097 26 27
1098 5 30
1099 27 12
1100 9 26
1101 24 4
1102 28 12
1103 2 31
1104 17 2
1105 17 12
1106 20 26
1107 5 4
1108 5 29
1109 7 22
1110 11 1
1111 11 0
1112 16 2
1113 25 4
1114 0 18
1115 30 10
1116 30 11
1117 5 1
1118 30 10
1119 21 7
1120 7 21
1121 20 27
1122 21 6
1123 24 4
1124 26 19
1125 15 10
1126 26 4
1127 17 2
1128 25 27
1129 4 24
1130 24 5
1131 24 4
1132 11 1
1133 17 8
1134 30 11
1135 25 19
1136 20 26
1137 4 25
1138 5 0
1139 9 7
1140 9 27
1141 22 20
1142 26 7
1143 16 10
1144 26 27
1145 5 30
1146 1 31
1147 17 9
1148 16 2
1149 6 4
1150 5 1
1151 2 31
1152 0 17
1153 26 8
1154 1 31
1155 9 26
1156 26 7
1157 15 10
1158 7 22
1159 8 7
1160 21 7
1161 16 10
1162 24 5
1163 11 0
1164 5 29
1165 7 27
1166 24 4
1167 15 10
1168 9 7
1169 0 18
1170 8 7
1171 2 31
1172 25 27
1173 5 4
1174 26 19
1175 17 2
1176 26 8
1177 17 8
1178 25 19
1179 26 7
1180 4 24
1181 26 19
1182 5 30
1183 21 6
1184 26 5
1185 7 21
1186 26 4
1187 16 2
1188 21 7
1189 20 27
1190 0 17
1191 26 8
1192 5 0
1193 7 22
1194 0 18
1195 9 27
1196 27 12
1197 21 20
1198 26 27
1199 25 19
1200 25 27
1201 20 26
1202 6 4
1203 20 27
1204 24 5
1205 17 9
1206 26 27
1207 26 5
1208 1 31
1209 17 2
1210 17 8
1211 24 4
1212 2 31
1213 7 21
1214 0 17
1215 9 26
1216 25 27
1217 9 7
1218 5 29
1219 30 10
1220 22 20
1221 28 12
1222 16 2
1223 8 7
1224 21 6
1225 25 4
1226 20 26
1227 16 12
1228 17 12
1229 30 11
1230 5 1
1231 17 9
1232 7 26
1233 9 7
1234 5 0
1235 16 12
1236 27 5
1237 0 18
1238 0 17
1239 26 27
1240 21 7
1241 30 10
1242 5 1
1243 17 12
1244 17 8
1245 21 20
1246 7 27
1247 21 6
1248 5 4
1249 4 25
1250 6 4
1251 7 26
1252 7 27
1253 22 20
1254 21 20
1255 24 4
1256 20 27
1257 9 27
1258 4 24
1259 0 18
1260 7 26
1261 21 7
1262 16 10
1263 16 12
1264 26 19
1265 15 10
1266 8 7
1267 17 9
1268 9 7
1269 27 12
1270 11 1
1271 5 4
1272 28 12
1273 6 4
1274 11 0
1275 26 7
1276 5 4
1277 4 25
1278 1 31
1279 7 22
1280 25 4
1281 17 12
1282 24 4
1283 5 30
1284 0 17
1285 16 12
1286 8 7
1287 5 0
1288 0 18
1289 25 27
1290 0 17
1291 27 12
1292 26 5
1293 17 2
1294 30 11
1295 0 18
1296 30 10
1297 20 26
1298 0 17
1299 25 19
1300 7 27
1301 16 2
1302 7 26
1303 17 2
1304 20 27
1305 22 20
1306 7 21
1307 4 24
1308 0 18
1309 7 22
1310 17 8
1311 6 4
1312 9 7
1313 11 1
1314 7 27
1315 21 20
1316 4 25
1317 26 8
1318 5 29
1319 17 9
1320 2 31
1321 7 21
1322 17 8
1323 22 20
1324 16 10
1325 26 7
1326 5 30
1327 0 17
1328 7 26
1329 7 22
1330 28 12
1331 25 4
1332 24 4
1333 11 0
1334 16 2
1335 21 20
1336 26 4
1337 17 2
1338 9 26
1339 26 5
1340 5 29
1341 26 8
1342 5 1
1343 5 0
1344 17 12
1345 9 27
1346 7 27
1347 26 27
1348 30 11
1349 5 4
1350 25 27
1351 26 19
1352 30 10
1353 25 4
1354 5 1
1355 27 5
1356 16 12
1357 7 26
1358 6 4
1359 5 30
1360 21 6
1361 17 9
1362 22 20
1363 27 12
1364 7 27
1365 0 18
1366 5 0
1367 5 1
1368 9 26
1369 8 7
1370 5 29
1371 26 5
1372 9 7
1373 24 4
1374 25 19
1375 28 12
1376 26 7
1377 30 11
1378 4 24
1379 4 25
1380 26 8
1381 5 4
1382 20 26
1383 7 26
1384 8 7
1385 9 27
1386 4 24
1387 9 26
1388 7 27
1389 5 30
1390 7 21
1391 27 12
1392 5 0
1393 21 20
1394 30 10
1395 16 2
1396 9 27
1397 1 31
1398 4 25
1399 26 7
1400 17 8
1401 7 26
1402 7 27
1403 26 4
1404 9 26
1405 20 27
1406 22 20
1407 30 11
1408 26 19
1409 26 27
1410 6 4
1411 7 26
1412 9 7
1413 28 12
1414 27 12
1415 25 27
1416 30 10
1417 5 1
1418 11 1
1419 15 10
1420 24 5
1421 11 0
1422 5 0
1423 5 1
1424 2 31
1425 17 2
1426 17 12
1427 17 9
1428 11 1
1429 26 8
1430 5 0
1431 26 7
1432 26 8
1433 26 5
1434 21 20
1435 21 7
1436 22 20
1437 28 12
1438 5 29
1439 11 0
1440 0 17
1441 5 4
1442 26 4
1443 20 26
1444 30 11
1445 21 20
1446 7 27
1447 26 27
1448 9 27
1449 4 24
1450 7 22
1451 25 27
1452 17 8
1453 21 6
1454 8 7
1455 5 30
1456 16 2
1457 27 12
1458 9 7
1459 17 9
1460 1 31
1461 24 4
1462 4 25
1463 11 1
1464 16 12
1465 9 26
1466 22 20
1467 21 20
1468 26 27
1469 24 5
1470 22 20
1471 17 2
1472 5 1
1473 0 18
1474 30 10
1475 30 11
1476 17 12
1477 16 10
1478 9 27
1479 25 19
1480 7 21
1481 16 12
1482 28 12
1483 26 7
1484 0 17
1485 21 7
1486 20 27
1487 25 27
1488 21 6
1489 16 2
1490 5 0
1491 20 26
1492 5 29
1493 30 10
1494 7 22
1495 26 19
1496 4 24
1497 5 1
1498 24 4
1499 7 21
1500 21 20
1501 26 5
1502 27 12
1503 17 2
1504 17 12
1505 9 26
1506 7 22
1507 5 30
1508 28 12
1509 4 25
1510 26 27
1511 5 0
1512 21 7
1513 8 7
1514 16 2
1515 9 7
1516 4 24
1517 30 11
1518 7 26
1519 27 12
1520 20 27
1521 2 31
1522 5 29
1523 7 21
1524 28 12
1525 1 31
1526 0 18
1527 27 12
1528 7 27
1529 25 19
1530 17 2
1531 4 25
1532 4 24
1533 16 2
1534 22 20
1535 26 19
1536 7 22
1537 20 26
1538 6 4
1539 30 10
1540 7 21
1541 16 12
1542 17 8
1543 8 7
1544 15 10
1545 25 4
1546 28 12
1547 17 9
1548 7 26
1549 5 4
1550 11 0
1551 26 8
1552 2 31
1553 24 4
1554 17 2
1555 25 4
1556 5 30
1557 25 19
1558 21 6
1559 7 27
1560 20 27
1561 21 20
1562 27 12
1563 26 19
1564 30 11
1565 25 19
1566 22 20
1567 27 5
1568 1 31
1569 17 8
1570 11 1
1571 30 10
1572 21 20
1573 11 0
1574 16 2
1575 17 12
1576 5 1
1577 9 27
1578 7 26
1579 25 27
1580 2 31
1581 17 2
1582 5 0
1583 1 31
1584 4 25
1585 26 5
1586 26 27
1587 5 29
1588 0 17
1589 24 4
1590 16 2
1591 9 7
1592 20 26
1593 16 12
1594 4 24
1595 7 22
1596 5 1
1597 2 31
1598 4 25
1599 7 21
1600 17 9
1601 26 4
1602 21 7
1603 0 18
1604 4 24
1605 5 0
1606 9 26
1607 24 5
1608 8 7
1609 20 27
1610 26 5
1611 24 4
1612 30 11
1613 21 6
1614 11 1
1615 16 10
1616 26 4
1617 7 27
1618 11 0
1619 7 26
1620 26 19
1621 9 7
1622 7 22
1623 4 25
1624 9 27
1625 4 24
1626 7 21
1627 26 5
1628 8 7
1629 26 7
1630 7 22
1631 7 21
1632 1 31
1633 26 8
1634 7 22
1635 0 17
1636 5 30
1637 7 27
1638 4 25
1639 22 20
1640 9 7
1641 28 12
1642 20 26
1643 7 26
1644 9 26
1645 5 29
1646 7 27
1647 21 20
1648 17 12
1649 25 27
1650 2 31
1651 25 19
1652 22 20
1653 11 1
1654 7 26
1655 27 12
1656 26 19
1657 25 4
1658 26 27
1659 21 7
1660 5 1
1661 9 27
1662 0 18
1663 26 7
1664 17 8
1665 6 4
1666 0 17
1667 15 10
1668 0 18
1669 5 30
1670 7 21
1671 27 5
1672 9 26
1673 16 12
1674 24 4
1675 8 7
1676 7 22
1677 17 9
1678 0 17
1679 5 4
1680 25 27
1681 30 10
1682 0 18
1683 17 8
1684 21 20
1685 26 8
1686 28 12
1687 11 0
1688 26 7
1689 22 20
1690 25 19
1691 21 20
1692 16 10
1693 0 17
1694 1 31
1695 9 7
1696 22 20
1697 15 10
1698 30 11
1699 9 27
1700 17 12
1701 21 20
1702 16 10
1703 26 27
1704 16 12
1705 7 21
1706 5 0
1707 17 2
1708 26 8
1709 26 5
1710 26 4
1711 17 9
1712 24 5
1713 11 1
1714 27 12
1715 7 27
1716 0 18
1717 24 4
1718 6 4
1719 26 7
1720 26 5
1721 5 29
1722 5 4
1723 7 26
1724 25 27
1725 16 2
1726 17 12
1727 16 12
1728 5 1
1729 11 0
1730 7 27
1731 26 19
1732 9 26
1733 15 10
1734 20 27
1735 26 8
1736 17 12
1737 20 26
1738 6 4
1739 25 19
1740 8 7
1741 22 20
1742 21 20
1743 9 27
1744 26 4
1745 17 2
1746 30 10
1747 26 19
1748 11 1
1749 26 7
1750 24 5
1751 21 6
1752 2 31
1753 26 8
1754 4 24
1755 21 7
1756 9 26
1757 24 4
1758 5 30
1759 21 6
1760 7 22
1761 28 12
1762 26 27
1763 7 26
1764 30 11
1765 16 12
1766 7 21
1767 26 5
1768 0 17
1769 27 12
1770 25 27
1771 16 2
1772 28 12
1773 26 4
1774 25 19
1775 26 27
1776 9 27
1777 17 12
1778 9 26
1779 9 7
1780 21 7
1781 27 12
1782 5 29
1783 20 27
1784 7 22
1785 21 6
1786 7 21
1787 17 2
1788 7 27
1789 26 19
1790 8 7
1791 20 26
1792 5 0
1793 24 5
1794 5 30
1795 0 18
1796 5 1
1797 4 25
1798 26 7
1799 25 27
1800 16 10
1801 22 20
1802 4 24
1803 21 7
1804 9 27
1805 16 2
1806 5 4
1807 9 26
1808 26 5
1809 9 7
1810 8 7
1811 5 29
1812 5 0
1813 9 7
1814 17 8
1815 9 27
1816 20 27
1817 26 27
1818 5 30
1819 11 0
1820 5 1
1821 6 4
1822 11 1
1823 20 26
1824 28 12
1825 4 25
1826 7 26
1827 0 17
1828 21 6
1829 1 31
1830 5 0
1831 5 4
1832 4 24
1833 6 4
1834 2 31
1835 26 8
1836 26 7
1837 5 4
1838 0 18
1839 7 22
1840 16 12
1841 27 12
1842 1 31
1843 21 7
1844 6 4
1845 24 4
1846 5 1
1847 25 4
1848 26 8
1849 11 0
1850 5 0
1851 4 25
1852 11 1
1853 26 7
1854 30 10
1855 27 5
1856 7 27
1857 7 26
1858 26 5
1859 25 27
1860 17 2
1861 17 9
1862 24 4
1863 9 26
1864 5 1
1865 26 4
1866 9 27
1867 5 29
1868 7 21
1869 4 24
1870 17 8
1871 26 5
1872 16 2
1873 20 27
1874 2 31
1875 5 4
1876 30 11
1877 6 4
1878 9 26
1879 21 20
1880 22 20
1881 17 9
1882 20 26
1883 11 0
1884 15 10
1885 17 8
1886 21 6
1887 26 8
1888 17 2
1889 17 12
1890 20 27
1891 4 25
1892 7 27
1893 25 4
1894 4 24
1895 30 10
1896 21 7
1897 17 9
1898 0 17
1899 21 6
1900 28 12
1901 5 30
1902 26 7
1903 24 4
1904 8 7
1905 21 20
1906 26 27
1907 16 12
1908 11 1
1909 11 0
1910 22 20
1911 26 8
1912 17 8
1913 25 27
1914 26 7
1915 21 7
1916 11 1
1917 5 4
1918 9 7
1919 7 22
1920 8 7
1921 0 18
1922 26 4
1923 5 0
1924 20 26
1925 26 8
1926 27 12
1927 24 5
1928 26 5
1929 16 10
1930 20 27
1931 21 20
1932 25 19
1933 17 12
1934 15 10
1935 9 7
1936 16 10
1937 16 2
1938 0 17
1939 4 25
1940 5 29
1941 0 18
1942 5 1
1943 26 4
1944 5 30
1945 24 4
1946 11 0
1947 5 0
1948 0 17
1949 0 18
1950 26 19
1951 11 1
1952 21 6
1953 20 26
1954 24 5
1955 22 20
1956 7 21
1957 8 7
1958 17 2
1959 4 24
1960 17 9
1961 4 25
1962 26 27
1963 11 0
1964 26 5
1965 1 31
1966 9 27
1967 7 26
1968 7 22
1969 9 26
1970 26 4
1971 17 8
1972 15 10
1973 4 24
1974 0 17
1975 11 1
1976 5 1
1977 24 4
1978 17 9
1979 7 27
1980 16 10
1981 30 11
1982 2 31
1983 5 0
1984 1 31
1985 2 31
1986 21 7
1987 9 7
1988 4 25
1989 28 12
1990 5 29
1991 27 12
1992 21 6
1993 24 5
1994 20 27
1995 21 7
1996 24 4
1997 20 26
1998 25 19
1999 17 8
2000 15 10
2001 26 19
2002 28 12
2003 25 27
2004 26 5
2005 25 19
2006 5 30
2007 1 31
2008 21 20
2009 22 20
2010 25 4
2011 21 20
2012 7 21
2013 9 27
2014 16 12
2015 4 24
2016 7 26
2017 17 12
2018 20 27
2019 26 7
2020 20 26
2021 17 9
2022 7 27
2023 26 27
2024 0 18
2025 27 5
2026 7 26
2027 16 10
2028 9 26
2029 15 10
2030 16 2
2031 30 10
2032 17 8
2033 20 27
2034 0 17
2035 7 22
2036 17 9
2037 4 25
2038 11 0
2039 22 20
2040 16 10
2041 24 4
2042 7 27
2043 17 8
2044 4 24
2045 16 12
2046 26 19
2047 4 25
2048 9 27
2049 17 2
2050 21 20
2051 6 4
2052 11 1
2053 25 27
2054 4 24
2055 15 10
2056 25 4
2057 26 8
2058 22 20
2059 26 5
2060 27 5
2061 5 1
2062 17 12
2063 5 29
2064 4 25
2065 25 19
2066 11 0
2067 7 21
2068 30 11
2069 26 19
2070 30 10
2071 26 5
2072 7 26
2073 16 12
2074 5 4
2075 4 24
2076 5 0
2077 20 26
2078 21 20
2079 25 19
2080 5 30
2081 9 26
2082 16 10
2083 27 5
2084 26 7
2085 22 20
2086 2 31
2087 0 18
2088 15 10
2089 4 25
2090 20 27
2091 16 10
2092 24 4
2093 5 1
2094 4 24
2095 25 4
2096 20 26
2097 26 27
2098 27 12
2099 7 22
2100 6 4
2101 8 7
2102 11 1
2103 30 11
2104 0 17
2105 16 2
2106 24 4
2107 7 21
2108 15 10
2109 5 29
2110 1 31
2111 7 27
2112 2 31
2113 7 22
2114 25 4
2115 0 18
2116 0 17
2117 5 4
2118 9 27
2119 1 31
2120 11 0
2121 7 26
2122 26 8
2123 25 27
2124 9 26
2125 4 25
2126 0 18
2127 24 4
2128 26 19
2129 21 20
2130 17 2
2131 21 6
2132 16 10
2133 2 31
2134 25 19
2135 9 27
2136 4 24
2137 21 7
2138 5 30
2139 16 2
2140 21 6
2141 7 21
2142 15 10
2143 0 17
2144 7 27
2145 30 10
2146 5 0
2147 0 18
2148 25 4
2149 21 7
2150 17 12
2151 5 1
2152 6 4
2153 26 7
2154 20 27
2155 9 26
2156 30 11
2157 9 27
2158 24 4
2159 17 9
2160 16 10
2161 26 5
2162 4 25
2163 30 10
2164 25 4
2165 0 17
2166 17 8
2167 26 27
2168 15 10
2169 24 4
2170 28 12
2171 20 26
2172 5 4
2173 0 18
2174 26 8
2175 17 2
2176 6 4
2177 25 27
2178 5 4
2179 30 11
2180 27 12
2181 1 31
2182 7 22
2183 7 21
2184 17 9
2185 0 17
2186 28 12
2187 5 29
2188 20 27
2189 4 24
2190 7 26
2191 7 27
2192 20 26
2193 21 6
2194 5 30
2195 7 22
2196 7 26
2197 30 10
2198 9 26
2199 30 11
2200 11 1
2201 16 2
2202 30 10
2203 4 25
2204 30 11
2205 21 7
2206 4 24
2207 26 4
2208 27 12
2209 24 5
2210 28 12
2211 24 4
2212 22 20
2213 11 0
2214 0 18
2215 26 7
2216 4 25
2217 6 4
2218 7 27
2219 26 27
2220 26 5
2221 2 31
2222 9 27
2223 0 17
2224 16 12
2225 7 21
2226 5 4
2227 5 29
2228 26 4
2229 21 20
2230 0 18
2231 9 26
2232 6 4
2233 11 1
2234 26 5
2235 5 0
2236 26 8
2237 25 4
2238 7 26
2239 27 12
2240 7 27
2241 17 12
2242 0 17
2243 21 6
2244 11 0
2245 17 2
2246 5 30
2247 27 5
2248 26 19
2249 11 1
2250 20 27
2251 16 2
2252 24 4
2253 0 18
2254 25 4
2255 16 10
2256 24 4
2257 26 7
2258 7 22
2259 5 1
2260 7 26
2261 9 27
2262 25 27
2263 21 7
2264 11 0
2265 30 10
2266 7 27
2267 21 6
2268 20 26
2269 26 5
2270 4 24
2271 7 26
2272 26 4
2273 0 17
2274 21 7
2275 21 6
2276 0 18
2277 11 1
2278 26 8
2279 16 12
2280 5 4
2281 24 5
2282 0 17
2283 30 11
2284 11 0
2285 9 7
2286 17 8
2287 25 19
2288 26 7
2289 7 27
2290 17 9
2291 28 12
2292 8 7
2293 17 2
2294 26 8
2295 7 26
2296 17 12
2297 26 27
2298 26 7
2299 17 8
2300 26 5
2301 6 4
2302 25 27
2303 11 1
2304 5 0
2305 5 29
2306 5 1
2307 17 9
2308 27 12
2309 26 19
2310 20 27
2311 7 27
2312 15 10
2313 5 30
2314 26 4
2315 28 12
2316 7 26
2317 16 12
2318 26 8
2319 9 26
2320 1 31
2321 5 0
2322 16 10
2323 7 21
2324 5 4
2325 5 1
2326 22 20
2327 9 7
2328 17 12
2329 6 4
2330 27 12
2331 16 2
2332 21 7
2333 21 6
2334 17 2
2335 17 8
2336 21 7
2337 8 7
2338 16 12
2339 9 7
2340 17 9
2341 20 26
2342 16 2
2343 17 2
2344 0 18
2345 9 27
2346 30 10
2347 11 0
2348 28 12
2349 8 7
2350 25 19
2351 21 20
2352 9 26
2353 30 11
2354 24 4
2355 7 27
2356 7 26
2357 7 27
2358 26 7
2359 26 19
2360 9 7
2361 5 29
2362 21 6
2363 7 22
2364 26 5
2365 26 27
2366 27 12
2367 22 20
2368 30 10
2369 7 26
2370 16 2
2371 4 25
2372 21 20
2373 5 30
2374 21 7
2375 15 10
2376 22 20
2377 17 2
2378 17 12
2379 16 10
2380 15 10
2381 26 4
2382 21 20
2383 0 17
2384 16 12
2385 17 8
2386 7 27
2387 25 19
2388 30 11
2389 16 2
2390 16 10
2391 5 0
2392 17 12
2393 2 31
2394 17 9
2395 21 6
2396 24 5
2397 11 1
2398 1 31
2399 11 0
2400 26 8
2401 11 1
2402 5 29
2403 26 5
2404 5 1
2405 26 4
2406 17 2
2407 26 7
2408 26 8
2409 5 0
2410 21 7
2411 15 10
2412 22 20
2413 16 12
2414 25 27
2415 11 0
2416 16 10
2417 21 6
2418 28 12
2419 26 27
2420 16 2
2421 7 26
2422 8 7
2423 24 4
2424 15 10
2425 30 10
2426 17 8
2427 5 4
2428 0 18
2429 0 17
2430 17 12
2431 5 1
2432 21 7
2433 27 12
2434 9 27
2435 17 9
2436 9 7
2437 6 4
2438 11 1
2439 8 7
2440 7 21
2441 11 0
2442 5 0
2443 9 26
2444 17 2
2445 4 24
2446 5 1
2447 16 12
2448 5 0
2449 7 22
2450 16 2
2451 0 18
2452 21 6
2453 17 8
2454 24 5
2455 25 27
2456 2 31
2457 5 1
2458 5 30
2459 17 12
2460 24 4
2461 1 31
2462 28 12
2463 21 7
2464 30 11
2465 7 21
2466 17 9
2467 16 12
2468 27 12
2469 26 7
2470 7 27
2471 5 0
2472 9 27
2473 17 2
2474 17 12
2475 7 26
2476 5 4
2477 30 10
2478 16 10
2479 24 5
2480 26 5
2481 2 31
2482 21 6
2483 26 19
2484 26 27
2485 17 8
2486 17 9
2487 26 4
2488 20 27
2489 4 25
2490 17 8
2491 21 20
2492 15 10
2493 6 4
2494 7 22
2495 17 9
2496 16 2
2497 4 24
2498 16 10
2499 24 4
2500 21 7
2501 9 26
2502 9 7
2503 16 12
2504 25 19
2505 4 25
2506 1 31
2507 7 21
2508 15 10
2509 5 29
2510 11 1
2511 24 5
2512 30 11
2513 9 27
2514 20 26
2515 26 19
2516 22 20
2517 21 20
2518 25 19
2519 5 30
2520 21 6
2521 24 4
2522 5 4
2523 26 19
2524 17 12
2525 25 19
2526 8 7
2527 2 31
2528 11 0
2529 25 27
2530 26 5
2531 0 17
2532 5 1
2533 16 10
2534 9 26
2535 26 19
2536 22 20
2537 30 10
2538 25 19
2539 9 7
2540 0 18
2541 20 27
2542 21 7
2543 26 4
2544 28 12
2545 26 27
2546 5 29
2547 8 7
2548 30 11
2549 26 5
2550 5 30
2551 17 8
2552 26 8
2553 20 26
2554 26 4
2555 30 10
2556 15 10
2557 20 27
2558 0 17
2559 24 5
2560 9 27
2561 26 5
2562 0 18
2563 24 4
2564 9 26
2565 25 27
2566 0 17
2567 25 4
2568 26 27
2569 16 12
2570 5 0
2571 27 5
2572 24 4
2573 26 5
2574 5 29
2575 9 27
2576 4 24
2577 4 25
2578 30 11
2579 25 4
2580 7 27
2581 20 26
2582 7 26
2583 7 27
2584 26 19
2585 24 4
2586 17 12
2587 4 24
2588 30 10
2589 6 4
2590 16 10
2591 0 18
2592 7 26
2593 25 19
2594 21 6
2595 21 20
2596 11 1
2597 21 7
2598 21 6
2599 15 10
2600 9 7
2601 8 7
2602 22 20
2603 9 7
2604 26 4
2605 4 25
2606 8 7
2607 27 12
2608 9 26
2609 21 7
2610 28 12
2611 4 24
2612 0 17
2613 9 27
2614 26 19
2615 4 25
2616 17 2
2617 26 7
2618 25 27
2619 27 12
2620 7 27
2621 5 30
2622 16 10
2623 16 12
2624 7 26
2625 17 12
2626 11 0
2627 7 27
2628 21 20
2629 1 31
2630 26 5
2631 15 10
2632 22 20
2633 7 26
2634 9 26
2635 0 18
2636 28 12
2637 11 1
2638 9 27
2639 0 17
2640 16 10
2641 5 1
2642 25 19
2643 5 29
2644 17 9
2645 26 27
2646 7 22
2647 0 18
2648 2 31
2649 5 0
2650 7 21
2651 26 19
2652 0 17
2653 17 8
2654 9 7
2655 5 4
2656 1 31
2657 26 4
2658 16 2
2659 21 20
2660 0 18
2661 26 5
2662 6 4
2663 25 19
2664 5 1
2665 21 6
2666 26 8
2667 9 26
2668 26 7
2669 8 7
2670 17 2
2671 5 4
2672 16 12
2673 5 30
2674 5 0
2675 25 27
2676 7 27
2677 15 10
2678 5 29
2679 26 8
2680 9 27
2681 26 7
2682 7 26
2683 0 17
2684 11 0
2685 7 22
2686 30 11
2687 25 4
2688 17 9
2689 4 24
2690 2 31
2691 0 18
2692 27 12
2693 9 7
2694 5 1
2695 20 27
2696 7 21
2697 1 31
2698 24 4
2699 22 20
2700 26 27
2701 30 10
2702 20 26
2703 16 10
2704 28 12
2705 26 4
2706 26 19
2707 15 10
2708 26 8
2709 0 17
2710 17 12
2711 16 12
2712 21 7
2713 4 25
2714 0 18
2715 17 8
2716 20 27
2717 21 20
2718 22 20
2719 26 7
2720 21 6
2721 7 22
2722 25 27
2723 26 5
2724 6 4
2725 16 10
2726 25 19
2727 5 0
2728 26 27
2729 16 2
2730 0 17
2731 2 31
2732 0 18
2733 21 7
2734 21 20
2735 26 19
2736 8 7
2737 17 2
2738 26 8
2739 17 12
2740 16 12
2741 26 4
2742 5 30
2743 20 26
2744 7 21
2745 26 7
2746 22 20
2747 17 12
2748 26 8
2749 16 12
2750 16 2
2751 7 27
2752 26 7
2753 9 7
2754 25 19
2755 24 5
2756 4 24
2757 4 25
2758 17 9
2759 26 5
2760 27 12
2761 4 24
2762 30 11
2763 25 27
2764 15 10
2765 7 26
2766 0 17
2767 8 7
2768 5 1
2769 26 27
2770 0 18
2771 1 31
2772 25 27
2773 24 4
2774 26 4
2775 21 20
2776 26 19
2777 9 26
2778 9 7
2779 7 22
2780 2 31
2781 30 10
2782 0 17
2783 26 8
2784 5 0
2785 5 4
2786 1 31
2787 16 10
2788 25 19
2789 24 5
2790 26 19
2791 2 31
2792 22 20
2793 8 7
2794 17 12
2795 28 12
2796 25 19
2797 21 6
2798 24 4
2799 21 20
2800 21 7
2801 21 6
2802 15 10
2803 21 7
2804 21 6
2805 22 20
2806 26 5
2807 17 8
2808 25 4
2809 6 4
2810 1 31
2811 26 7
2812 0 18
2813 4 25
2814 17 2
2815 0 17
2816 5 4
2817 0 18
2818 26 8
2819 7 27
2820 16 2
2821 0 17
2822 17 9
2823 16 10
2824 9 7
2825 11 1
2826 30 11
2827 26 7
2828 21 7
2829 4 24
2830 24 4
2831 17 8
2832 15 10
2833 21 20
2834 7 26
2835 22 20
2836 17 9
2837 27 12
2838 26 4
2839 7 21
2840 9 27
2841 7 22
2842 28 12
2843 0 18
2844 17 2
2845 24 5
2846 30 10
2847 16 12
2848 17 12
2849 4 25
2850 26 8
2851 9 26
2852 26 19
2853 16 12
2854 5 29
2855 2 31
2856 21 6
2857 24 4
2858 26 7
2859 27 12
2860 9 27
2861 30 11
2862 20 27
2863 20 26
2864 25 19
2865 17 8
2866 17 9
2867 28 12
2868 26 8
2869 5 30
2870 30 10
2871 17 8
2872 20 27
2873 5 29
2874 17 9
2875 21 20
2876 6 4
2877 8 7
2878 26 5
2879 16 2
2880 16 10
2881 7 21
2882 17 12
2883 7 27
2884 7 22
2885 27 12
2886 4 24
2887 17 8
2888 5 4
2889 21 7
2890 5 30
2891 26 27
2892 5 29
2893 5 30
2894 28 12
2895 21 6
2896 26 7
2897 22 20
2898 17 2
2899 15 10
2900 21 20
2901 17 9
2902 9 26
2903 5 29
2904 26 8
2905 26 7
2906 30 11
2907 30 10
2908 26 4
2909 7 26
2910 7 21
2911 17 8
2912 25 27
2913 26 27
2914 26 8
2915 17 9
2916 27 12
2917 25 27
2918 26 5
2919 16 12
2920 7 27
2921 21 7
2922 9 7
2923 30 11
2924 16 10
2925 15 10
2926 16 10
2927 5 1
2928 28 12
2929 9 27
2930 16 2
2931 1 31
2932 5 30
2933 20 26
2934 30 10
2935 11 0
2936 0 17
2937 2 31
2938 5 29
2939 6 4
2940 26 7
2941 21 6
2942 0 18
2943 8 7
2944 9 26
2945 26 8
2946 15 10
2947 27 12
2948 26 19
2949 7 22
2950 0 17
2951 25 19
2952 5 30
2953 17 2
2954 1 31
2955 16 2
2956 9 7
2957 9 27
2958 5 0
2959 20 27
2960 17 2
2961 16 10
2962 5 4
2963 7 26
2964 20 26
2965 2 31
2966 9 26
2967 7 27
2968 15 10
2969 26 27
2970 25 27
2971 28 12
2972 30 11
2973 27 12
2974 7 21
2975 16 10
2976 20 27
2977 20 26
2978 17 12
2979 5 29
2980 30 10
2981 15 10
2982 16 2
2983 26 19
2984 30 11
2985 16 12
2986 25 19
2987 8 7
2988 26 27
2989 0 18
2990 17 2
2991 4 25
2992 28 12
2993 5 30
2994 25 27
2995 7 26
2996 16 10
2997 5 1
2998 25 4
2999 6 4
3000 27 12
3001 22 20
3002 26 27
3003 9 7
3004 5 0
3005 27 5
3006 4 24
3007 0 17
3008 7 27
3009 30 10
3010 17 12
3011 20 27
3012 1 31
3013 26 5
3014 9 27
3015 2 31
3016 21 20
3017 9 26
3018 25 27
3019 24 4
3020 26 19
3021 0 18
3022 16 2
3023 15 10
3024 16 10
3025 5 4
3026 5 29
3027 5 1
3028 5 30
3029 26 7
3030 15 10
3031 5 29
3032 26 4
3033 25 4
3034 17 2
3035 24 4
3036 17 8
3037 9 27
3038 7 22
3039 25 4
3040 24 4
3041 25 19
3042 16 10
3043 8 7
3044 5 0
3045 15 10
3046 17 9
3047 26 19
3048 1 31
3049 11 1
3050 9 26
3051 4 25
3052 17 8
3053 4 24
3054 16 10
3055 15 10
3056 0 17
3057 21 7
3058 16 10
3059 2 31
3060 16 12
3061 26 27
3062 7 26
3063 4 25
3064 9 7
3065 17 12
3066 4 24
3067 4 25
3068 7 21
3069 7 22
3070 21 6
3071 25 19
# colocadas=3072 ocupadas=25 mayor=728
