0 0 0
1 0 1
2 0 2
3 0 3
4 0 4
5 1 0
6 0 5
7 0 6
8 0 7
9 0 8
10 1 1
11 1 2
12 31 31
13 0 9
14 0 10
15 0 11
16 0 12
17 1 3
18 1 2
19 0 13
20 0 14
21 1 14
22 0 14
23 0 15
24 0 31
25 0 16
26 0 17
27 0 18
28 0 19
29 0 20
30 0 21
31 0 22
32 0 30
33 0 23
34 30 31
35 31 31
36 1 6
37 0 6
38 2 2
39 1 5
40 1 2
41 1 4
42 0 24
43 1 11
44 0 29
45 2 4
46 0 11
47 1 17
48 1 4
49 0 30
50 2 3
51 2 1
52 2 0
53 0 25
54 1 13
55 1 21
56 3 3
57 1 19
58 2 3
59 0 17
60 0 21
61 1 1
62 0 1
63 0 13
64 1 7
65 0 19
66 0 26
67 1 12
68 0 27
69 1 21
70 0 21
71 0 28
72 1 20
73 0 7
74 2 5
75 1 10
76 1 8
77 1 18
78 1 15
79 1 16
80 1 22
81 1 17
82 2 12
83 1 31
84 3 2
85 2 4
86 1 9
87 0 6
88 1 4
89 1 12
90 2 2
91 1 8
92 1 23
93 1 24
94 1 30
95 2 21
96 2 19
97 1 21
98 2 20
99 1 19
100 2 6
101 2 7
102 1 25
103 1 26
104 1 27
105 1 18
106 1 13
107 0 18
108 0 25
109 0 27
110 2 22
111 1 22
112 1 14
113 2 24
114 1 24
115 1 29
116 1 28
117 2 23
118 2 8
119 2 9
120 2 10
121 2 18
122 2 25
123 2 13
124 2 14
125 2 11
126 3 5
127 2 26
128 3 18
129 2 5
130 2 12
131 2 17
132 1 17
133 29 31
134 2 18
135 30 31
136 2 16
137 3 5
138 2 27
139 2 28
140 2 31
141 2 30
142 3 0
143 3 30
144 3 6
145 2 30
146 2 5
147 3 31
148 2 29
149 3 16
150 3 12
151 1 5
152 2 12
153 3 24
154 1 6
155 1 29
156 2 6
157 1 7
158 4 30
159 2 16
160 0 7
161 2 24
162 2 15
163 2 11
164 2 10
165 3 1
166 3 30
167 4 31
168 3 26
169 2 26
170 3 25
171 3 3
172 3 11
173 3 10
174 3 9
175 3 23
176 3 17
177 3 13
178 3 14
179 3 7
180 2 13
181 3 4
182 3 18
183 3 15
184 28 31
185 29 31
186 3 19
187 3 20
188 4 29
189 3 29
190 4 30
191 3 6
192 3 3
193 3 4
194 3 7
195 4 15
196 3 22
197 4 18
198 3 8
199 3 15
200 4 10
201 3 10
202 3 21
203 3 18
204 3 27
205 4 0
206 4 25
207 3 25
208 3 28
209 4 1
210 4 9
211 4 8
212 4 7
213 27 31
214 4 14
215 28 31
216 4 2
217 4 3
218 4 4
219 4 5
220 4 11
221 4 12
222 4 16
223 3 16
224 4 1
225 4 6
226 3 6
227 3 1
228 26 31
229 4 13
230 4 17
231 27 31
232 4 18
233 4 22
234 31 30
235 3 22
236 31 31
237 5 8
238 4 19
239 4 20
240 4 15
241 3 15
242 4 21
243 4 23
244 4 8
245 5 29
246 4 7
247 4 29
248 4 28
249 4 26
250 4 27
251 5 23
252 4 23
253 5 0
254 5 18
255 5 15
256 5 20
257 4 24
258 3 24
259 4 15
260 26 31
261 4 20
262 27 31
263 4 19
264 5 19
265 5 1
266 5 2
267 5 3
268 5 7
269 5 26
270 4 26
271 4 18
272 5 30
273 3 18
274 4 30
275 5 4
276 5 22
277 4 4
278 5 28
279 4 22
280 5 21
281 6 8
282 6 3
283 5 3
284 5 16
285 28 30
286 6 21
287 4 16
288 5 9
289 4 9
290 5 8
291 5 21
292 28 31
293 5 17
294 5 18
295 5 27
296 5 29
297 5 5
298 5 10
299 5 6
300 4 6
301 5 5
302 5 11
303 5 12
304 5 14
305 6 0
306 5 31
307 4 31
308 6 1
309 6 2
310 5 13
311 6 26
312 6 28
313 5 28
314 5 12
315 5 26
316 6 22
317 6 4
318 6 5
319 5 25
320 6 7
321 6 9
322 6 10
323 6 20
324 5 22
325 6 27
326 4 25
327 6 6
328 4 22
329 5 24
330 6 16
331 4 24
332 6 13
333 5 16
334 6 11
335 7 8
336 6 8
337 5 6
338 5 13
339 6 15
340 5 12
341 6 23
342 5 7
343 7 11
344 5 23
345 30 30
346 6 12
347 6 11
348 25 31
349 7 15
350 30 31
351 6 14
352 26 31
353 5 12
354 29 30
355 4 12
356 4 13
357 6 18
358 6 13
359 7 0
360 6 0
361 6 15
362 5 13
363 5 15
364 6 1
365 5 18
366 6 30
367 6 19
368 6 31
369 6 24
370 6 17
371 6 16
372 6 25
373 6 28
374 6 14
375 5 14
376 5 30
377 7 31
378 7 12
379 6 12
380 7 1
381 6 31
382 7 9
383 27 30
384 7 3
385 6 9
386 4 30
387 4 29
388 6 27
389 6 3
390 6 2
391 7 0
392 7 2
393 7 24
394 27 31
395 6 24
396 7 19
397 6 29
398 6 19
399 7 10
400 6 10
401 5 29
402 7 4
403 7 7
404 27 30
405 28 30
406 28 31
407 7 6
408 7 13
409 7 16
410 6 16
411 7 14
412 7 5
413 6 5
414 7 17
415 6 7
416 5 7
417 7 23
418 7 30
419 7 18
420 6 18
421 7 22
422 6 22
423 8 13
424 7 20
425 26 30
426 7 13
427 7 25
428 7 19
429 7 21
430 26 31
431 27 31
432 8 0
433 8 11
434 8 1
435 7 26
436 6 25
437 6 26
438 5 26
439 7 11
440 8 14
441 7 29
442 7 27
443 6 29
444 8 2
445 7 28
446 5 29
447 8 25
448 8 17
449 8 22
450 6 28
451 7 2
452 8 15
453 7 15
454 7 22
455 29 29
456 7 25
457 29 30
458 8 3
459 8 6
460 7 6
461 8 4
462 8 5
463 7 17
464 6 17
465 8 7
466 8 8
467 8 11
468 8 16
469 8 9
470 8 18
471 8 10
472 7 11
473 7 12
474 8 12
475 8 21
476 8 20
477 28 29
478 8 15
479 9 18
480 8 14
481 8 18
482 8 9
483 8 23
484 7 9
485 8 19
486 7 8
487 8 20
488 8 31
489 28 30
490 27 30
491 8 24
492 8 26
493 8 27
494 8 28
495 9 11
496 8 11
497 7 24
498 6 24
499 8 29
500 8 30
501 31 29
502 31 30
503 9 23
504 8 23
505 9 0
506 9 1
507 9 9
508 9 26
509 8 9
510 9 5
511 9 16
512 9 3
513 8 5
514 8 26
515 9 28
516 8 3
517 8 16
518 9 4
519 9 12
520 8 12
521 8 11
522 9 10
523 9 3
524 9 2
525 9 6
526 8 2
527 9 13
528 24 31
529 9 27
530 8 1
531 25 31
532 8 28
533 9 28
534 7 28
535 9 27
536 9 14
537 10 0
538 26 30
539 9 22
540 9 0
541 9 24
542 9 15
543 8 13
544 8 14
545 9 25
546 27 30
547 9 8
548 9 7
549 8 12
550 8 11
551 8 24
552 9 23
553 9 17
554 8 15
555 9 15
556 9 16
557 9 19
558 9 21
559 9 20
560 9 19
561 9 29
562 9 30
563 9 31
564 9 30
565 10 1
566 10 2
567 10 3
568 10 4
569 10 5
570 10 6
571 10 7
572 10 8
573 10 30
574 10 13
575 9 13
576 10 10
577 9 30
578 9 10
579 11 3
580 10 31
581 10 3
582 10 27
583 9 27
584 10 15
585 9 29
586 30 29
587 23 31
588 9 15
589 9 30
590 10 9
591 10 14
592 10 11
593 24 31
594 11 1
595 9 11
596 31 29
597 29 29
598 29 30
599 10 11
600 10 23
601 24 30
602 24 31
603 11 5
604 10 12
605 10 5
606 12 1
607 30 30
608 29 30
609 9 23
610 31 28
611 10 1
612 11 2
613 11 1
614 11 0
615 28 28
616 25 30
617 22 31
618 23 31
619 28 29
620 31 29
621 10 26
622 10 16
623 10 17
624 10 18
625 10 19
626 12 0
627 10 25
628 9 25
629 21 31
630 22 31
631 10 20
632 10 21
633 10 22
634 10 23
635 10 30
636 10 24
637 10 29
638 11 4
639 10 4
640 11 14
641 11 3
642 11 10
643 10 28
644 10 14
645 11 5
646 11 6
647 11 7
648 11 8
649 11 9
650 10 10
651 11 25
652 10 27
653 9 10
654 10 26
655 11 11
656 11 12
657 23 30
658 26 29
659 9 28
660 9 29
661 23 31
662 26 30
663 10 25
664 12 1
665 24 29
666 11 13
667 12 0
668 12 10
669 11 10
670 9 25
671 9 24
672 24 30
673 25 29
674 11 15
675 11 24
676 11 30
677 10 30
678 11 31
679 27 29
680 11 16
681 11 17
682 11 18
683 11 23
684 11 22
685 11 20
686 10 20
687 11 21
688 11 26
689 11 23
690 11 29
691 12 11
692 11 19
693 11 28
694 22 30
695 10 28
696 11 18
697 23 30
698 11 27
699 12 5
700 22 31
701 11 5
702 12 12
703 11 12
704 11 26
705 12 2
706 12 3
707 12 9
708 31 28
709 30 28
710 31 29
711 12 4
712 13 0
713 12 0
714 23 29
715 24 28
716 23 30
717 24 29
718 12 31
719 11 31
720 30 27
721 30 29
722 30 28
723 12 8
724 31 27
725 29 28
726 12 15
727 11 8
728 11 15
729 11 14
730 12 7
731 12 17
732 13 2
733 11 17
734 12 2
735 12 20
736 12 6
737 11 6
738 12 22
739 11 20
740 21 30
741 12 16
742 23 28
743 11 22
744 12 21
745 12 18
746 11 18
747 12 30
748 31 26
749 31 27
750 12 31
751 23 29
752 28 28
753 28 29
754 12 13
755 13 1
756 12 14
757 12 19
758 21 31
759 22 31
760 12 18
761 12 23
762 12 29
763 11 29
764 29 29
765 13 8
766 12 8
767 25 28
768 22 30
769 22 31
770 30 29
771 24 28
772 13 2
773 13 5
774 12 5
775 12 24
776 12 25
777 12 28
778 13 4
779 29 27
780 13 6
781 12 27
782 12 2
783 13 25
784 13 2
785 13 3
786 14 3
787 29 28
788 12 25
789 13 10
790 11 27
791 13 7
792 12 10
793 29 29
794 22 29
795 23 29
796 13 30
797 12 27
798 11 27
799 13 18
800 13 6
801 13 3
802 12 18
803 12 30
804 13 4
805 27 28
806 13 7
807 24 27
808 28 28
809 13 15
810 30 26
811 12 26
812 13 9
813 12 15
814 12 27
815 13 12
816 13 21
817 24 28
818 12 12
819 12 21
820 30 27
821 14 5
822 13 5
823 31 25
824 13 31
825 14 7
826 12 31
827 27 28
828 13 24
829 28 28
830 13 7
831 31 26
832 13 11
833 14 4
834 14 6
835 14 1
836 12 24
837 25 28
838 14 0
839 13 26
840 24 28
841 12 26
842 11 26
843 28 27
844 14 12
845 13 12
846 13 1
847 13 13
848 30 25
849 12 1
850 12 13
851 15 3
852 13 27
853 12 27
854 12 23
855 14 3
856 13 14
857 27 28
858 14 11
859 13 25
860 29 27
861 13 1
862 13 2
863 27 29
864 14 14
865 14 12
866 13 1
867 20 31
868 27 28
869 13 20
870 13 22
871 21 31
872 12 22
873 11 22
874 13 11
875 13 12
876 28 28
877 13 19
878 13 14
879 12 14
880 13 23
881 13 21
882 14 2
883 25 27
884 26 28
885 25 28
886 26 29
887 14 8
888 13 8
889 14 13
890 31 25
891 13 16
892 13 17
893 15 7
894 13 29
895 14 7
896 12 29
897 14 17
898 13 17
899 14 9
900 13 28
901 14 11
902 14 22
903 14 16
904 13 22
905 14 18
906 14 24
907 21 29
908 14 10
909 14 15
910 14 16
911 13 27
912 15 6
913 15 12
914 13 24
915 13 26
916 14 12
917 14 23
918 14 21
919 14 19
920 13 10
921 12 10
922 14 25
923 14 20
924 19 31
925 31 24
926 20 31
927 14 31
928 26 27
929 15 17
930 22 29
931 22 30
932 26 28
933 14 17
934 27 27
935 31 25
936 14 30
937 15 15
938 14 18
939 13 18
940 15 1
941 14 26
942 14 1
943 22 28
944 14 15
945 13 19
946 31 26
947 21 28
948 13 26
949 14 27
950 13 18
951 31 25
952 18 31
953 15 0
954 15 11
955 14 29
956 13 29
957 13 27
958 29 26
959 12 27
960 13 27
961 13 25
962 12 25
963 15 25
964 14 25
965 14 28
966 23 28
967 24 28
968 15 22
969 21 29
970 14 22
971 15 2
972 15 16
973 14 16
974 30 26
975 15 3
976 19 31
977 15 5
978 22 29
979 15 7
980 15 27
981 22 28
982 14 2
983 15 29
984 13 2
985 14 1
986 15 4
987 15 15
988 15 24
989 14 24
990 14 29
991 14 27
992 14 4
993 15 23
994 26 26
995 26 27
996 30 24
997 15 16
998 22 27
999 15 26
1000 29 25
1001 30 25
1002 23 27
1003 15 10
1004 22 29
1005 15 9
1006 15 8
1007 21 29
1008 22 29
1009 22 28
1010 16 5
1011 15 5
1012 15 28
1013 15 27
1014 29 26
1015 31 24
1016 15 10
1017 15 19
1018 16 27
1019 14 19
1020 15 21
1021 24 26
1022 15 27
1023 24 27
1024 15 18
1025 15 20
1026 25 26
1027 15 11
1028 15 12
1029 15 13
1030 28 26
1031 29 26
1032 15 14
1033 27 26
1034 15 31
1035 15 30
1036 14 21
1037 14 20
1038 16 6
1039 15 6
1040 16 0
1041 15 29
1042 16 14
1043 15 22
1044 29 24
1045 16 1
1046 15 1
1047 15 14
1048 17 0
1049 16 0
1050 15 21
1051 15 28
1052 29 25
1053 25 25
1054 16 2
1055 16 4
1056 16 3
1057 16 7
1058 31 23
1059 15 3
1060 31 24
1061 20 28
1062 23 26
1063 16 6
1064 21 28
1065 16 21
1066 16 25
1067 16 23
1068 16 16
1069 15 21
1070 16 12
1071 15 12
1072 24 26
1073 16 9
1074 16 10
1075 15 16
1076 15 23
1077 25 26
1078 20 29
1079 15 10
1080 16 28
1081 15 28
1082 21 27
1083 15 9
1084 15 8
1085 21 29
1086 15 25
1087 21 28
1088 16 22
1089 15 26
1090 16 30
1091 15 30
1092 16 8
1093 16 11
1094 17 1
1095 16 10
1096 16 1
1097 16 13
1098 20 30
1099 20 31
1100 16 26
1101 23 26
1102 16 15
1103 16 29
1104 22 27
1105 22 28
1106 16 31
1107 20 29
1108 22 29
1109 23 29
1110 24 26
1111 16 17
1112 18 0
1113 16 18
1114 17 7
1115 16 24
1116 30 23
1117 16 7
1118 30 24
1119 30 23
1120 16 25
1121 16 21
1122 17 28
1123 15 21
1124 16 28
1125 15 18
1126 15 19
1127 18 1
1128 31 23
1129 18 31
1130 19 31
1131 19 30
1132 24 25
1133 19 31
1134 24 26
1135 17 6
1136 17 31
1137 17 0
1138 16 0
1139 18 0
1140 17 2
1141 17 12
1142 17 1
1143 16 31
1144 16 12
1145 16 13
1146 16 19
1147 16 20
1148 17 5
1149 19 29
1150 17 27
1151 20 29
1152 17 3
1153 17 8
1154 16 30
1155 16 27
1156 16 26
1157 21 29
1158 17 22
1159 16 22
1160 18 28
1161 21 30
1162 26 25
1163 24 24
1164 26 26
1165 24 25
1166 22 26
1167 23 26
1168 29 23
1169 17 4
1170 17 3
1171 17 30
1172 16 3
1173 19 28
1174 18 6
1175 17 6
1176 19 29
1177 16 30
1178 29 24
1179 16 29
1180 18 30
1181 18 31
1182 15 29
1183 17 28
1184 17 29
1185 27 25
1186 17 13
1187 18 5
1188 17 5
1189 17 21
1190 16 21
1191 18 29
1192 25 24
1193 27 26
1194 18 28
1195 17 14
1196 17 15
1197 16 15
1198 31 22
1199 17 11
1200 17 16
1201 17 10
1202 17 9
1203 16 9
1204 26 24
1205 16 10
1206 31 23
1207 17 17
1208 25 25
1209 18 2
1210 18 1
1211 21 26
1212 22 26
1213 18 22
1214 18 7
1215 18 14
1216 17 7
1217 17 14
1218 26 25
1219 25 26
1220 24 26
1221 26 26
1222 18 3
1223 17 22
1224 18 4
1225 17 20
1226 17 19
1227 18 13
1228 18 12
1229 18 11
1230 18 10
1231 18 2
1232 18 1
1233 18 9
1234 17 26
1235 17 23
1236 17 18
1237 18 27
1238 18 8
1239 18 7
1240 30 22
1241 19 11
1242 17 27
1243 17 7
1244 28 25
1245 18 28
1246 23 25
1247 30 23
1248 18 11
1249 24 25
1250 28 26
1251 17 17
1252 17 24
1253 27 25
1254 17 26
1255 18 20
1256 17 20
1257 18 15
1258 17 19
1259 19 8
1260 17 25
1261 18 8
1262 18 14
1263 17 24
1264 19 6
1265 19 14
1266 18 6
1267 28 24
1268 28 23
1269 18 14
1270 17 23
1271 18 21
1272 19 7
1273 18 16
1274 29 23
1275 19 12
1276 28 25
1277 18 17
1278 20 27
1279 28 26
1280 20 26
1281 20 28
1282 27 24
1283 21 26
1284 19 27
1285 19 13
1286 27 23
1287 19 10
1288 19 9
1289 18 10
1290 18 13
1291 27 26
1292 18 18
1293 18 19
1294 18 27
1295 19 8
1296 26 26
1297 25 26
1298 26 24
1299 19 5
1300 18 25
1301 19 19
1302 17 18
1303 18 19
1304 17 17
1305 18 26
1306 17 26
1307 19 26
1308 19 9
1309 17 25
1310 19 2
1311 19 21
1312 19 0
1313 28 23
1314 22 25
1315 18 0
1316 23 25
1317 16 25
1318 18 2
1319 18 21
1320 24 25
1321 16 26
1322 19 8
1323 17 26
1324 19 1
1325 29 23
1326 21 25
1327 19 4
1328 18 26
1329 18 25
1330 17 25
1331 21 26
1332 20 26
1333 18 23
1334 17 23
1335 18 24
1336 19 18
1337 19 3
1338 18 3
1339 18 18
1340 19 15
1341 19 16
1342 19 17
1343 25 23
1344 26 23
1345 25 24
1346 22 24
1347 22 25
1348 20 11
1349 19 22
1350 31 22
1351 23 24
1352 19 19
1353 19 20
1354 20 10
1355 19 25
1356 20 25
1357 19 24
1358 19 11
1359 20 15
1360 31 23
1361 18 20
1362 18 11
1363 19 15
1364 18 21
1365 19 10
1366 19 21
1367 20 9
1368 19 23
1369 19 9
1370 21 24
1371 21 25
1372 20 10
1373 20 24
1374 20 6
1375 19 6
1376 30 23
1377 20 5
1378 20 7
1379 20 8
1380 30 22
1381 18 9
1382 17 9
1383 22 23
1384 20 0
1385 17 10
1386 20 1
1387 22 24
1388 20 2
1389 20 3
1390 20 4
1391 20 14
1392 21 9
1393 19 0
1394 21 11
1395 18 0
1396 20 11
1397 30 23
1398 20 9
1399 20 12
1400 19 12
1401 21 2
1402 20 8
1403 20 18
1404 20 23
1405 19 23
1406 20 13
1407 19 18
1408 19 19
1409 31 21
1410 31 22
1411 20 2
1412 21 10
1413 21 23
1414 21 22
1415 21 23
1416 20 22
1417 20 21
1418 20 16
1419 20 19
1420 19 21
1421 20 17
1422 21 0
1423 21 1
1424 21 0
1425 21 2
1426 21 3
1427 19 20
1428 18 20
1429 29 22
1430 20 20
1431 30 21
1432 20 16
1433 19 16
1434 30 22
1435 29 23
1436 20 21
1437 21 4
1438 21 8
1439 24 23
1440 24 24
1441 23 23
1442 21 7
1443 21 6
1444 21 5
1445 20 5
1446 21 12
1447 31 20
1448 31 21
1449 21 13
1450 21 14
1451 21 15
1452 21 16
1453 22 0
1454 22 1
1455 22 2
1456 23 0
1457 21 21
1458 21 22
1459 21 20
1460 21 19
1461 21 18
1462 22 13
1463 21 17
1464 22 3
1465 20 17
1466 22 4
1467 22 5
1468 21 3
1469 21 13
1470 22 4
1471 23 1
1472 23 0
1473 22 12
1474 22 6
1475 22 7
1476 26 22
1477 26 23
1478 22 8
1479 22 9
1480 22 10
1481 22 11
1482 22 14
1483 22 15
1484 25 22
1485 22 16
1486 22 17
1487 30 20
1488 31 20
1489 24 1
1490 23 1
1491 24 0
1492 23 2
1493 22 18
1494 22 19
1495 22 20
1496 22 21
1497 22 22
1498 23 22
1499 23 21
1500 23 4
1501 24 22
1502 22 4
1503 22 2
1504 23 3
1505 21 4
1506 23 10
1507 24 2
1508 23 5
1509 23 13
1510 23 9
1511 23 8
1512 31 19
1513 31 20
1514 21 2
1515 22 10
1516 22 13
1517 21 10
1518 23 2
1519 22 3
1520 25 0
1521 24 0
1522 23 6
1523 23 19
1524 22 19
1525 23 7
1526 23 11
1527 22 2
1528 22 3
1529 24 3
1530 23 12
1531 23 13
1532 23 14
1533 23 15
1534 22 4
1535 23 4
1536 24 21
1537 23 16
1538 23 18
1539 24 4
1540 24 10
1541 23 10
1542 23 17
1543 23 20
1544 24 5
1545 23 21
1546 24 9
1547 23 22
1548 24 6
1549 24 8
1550 24 11
1551 24 12
1552 24 13
1553 25 1
1554 24 14
1555 25 2
1556 24 15
1557 25 3
1558 30 19
1559 25 6
1560 24 16
1561 23 16
1562 24 6
1563 25 1
1564 24 3
1565 26 1
1566 25 1
1567 26 0
1568 24 7
1569 31 19
1570 24 17
1571 23 7
1572 25 4
1573 24 18
1574 25 14
1575 27 22
1576 22 7
1577 24 17
1578 25 5
1579 28 22
1580 24 14
1581 24 13
1582 24 19
1583 26 2
1584 25 7
1585 26 3
1586 25 15
1587 25 16
1588 25 21
1589 25 22
1590 25 13
1591 24 20
1592 23 20
1593 26 22
1594 25 8
1595 27 22
1596 25 12
1597 25 11
1598 25 7
1599 25 8
1600 25 9
1601 26 4
1602 25 10
1603 26 3
1604 24 13
1605 25 19
1606 25 20
1607 23 13
1608 25 17
1609 26 21
1610 27 0
1611 26 0
1612 26 20
1613 26 19
1614 24 19
1615 25 18
1616 26 18
1617 26 6
1618 26 7
1619 26 5
1620 25 5
1621 25 6
1622 26 8
1623 26 9
1624 24 18
1625 26 10
1626 27 21
1627 26 17
1628 24 17
1629 25 8
1630 27 22
1631 26 9
1632 27 2
1633 26 2
1634 27 9
1635 26 18
1636 26 9
1637 27 1
1638 26 11
1639 26 12
1640 26 16
1641 27 3
1642 27 4
1643 27 5
1644 27 8
1645 27 7
1646 27 10
1647 26 13
1648 26 12
1649 26 15
1650 25 15
1651 27 11
1652 26 14
1653 27 12
1654 26 5
1655 26 6
1656 27 6
1657 27 13
1658 27 14
1659 27 21
1660 27 20
1661 28 21
1662 29 21
1663 27 15
1664 27 16
1665 27 17
1666 29 20
1667 29 21
1668 27 18
1669 26 18
1670 28 9
1671 28 0
1672 27 9
1673 27 8
1674 28 13
1675 27 0
1676 28 8
1677 31 18
1678 27 13
1679 31 19
1680 27 19
1681 28 20
1682 28 1
1683 28 2
1684 28 7
1685 28 9
1686 28 3
1687 27 3
1688 28 10
1689 28 6
1690 28 11
1691 27 11
1692 28 7
1693 29 19
1694 29 20
1695 28 9
1696 28 12
1697 28 4
1698 28 5
1699 28 14
1700 28 15
1701 29 0
1702 29 7
1703 28 19
1704 27 19
1705 28 7
1706 28 16
1707 28 17
1708 29 10
1709 28 10
1710 28 18
1711 30 18
1712 29 13
1713 28 13
1714 29 3
1715 28 3
1716 29 18
1717 29 19
1718 31 18
1719 29 2
1720 29 1
1721 29 6
1722 29 4
1723 29 5
1724 29 8
1725 29 17
1726 28 17
1727 29 9
1728 29 12
1729 29 14
1730 29 15
1731 29 11
1732 28 11
1733 29 16
1734 30 17
1735 31 17
1736 30 9
1737 30 8
1738 30 4
1739 29 4
1740 29 9
1741 30 5
1742 30 0
1743 28 9
1744 29 0
1745 27 9
1746 30 3
1747 30 11
1748 29 1
1749 31 16
1750 30 10
1751 31 0
1752 30 1
1753 31 17
1754 30 2
1755 31 1
1756 29 11
1757 31 10
1758 28 11
1759 30 10
1760 31 2
1761 31 3
1762 31 11
1763 31 9
1764 31 8
1765 30 6
1766 30 7
1767 30 12
1768 31 7
1769 30 16
1770 31 16
1771 30 15
1772 31 4
1773 31 12
1774 30 12
1775 31 15
1776 31 16
1777 31 6
1778 30 6
1779 30 13
1780 31 14
1781 31 3
1782 31 4
1783 31 5
1784 31 13
1785 30 14
1786 31 14
1787 31 13
# colocadas=1788 ocupadas=1024 mayor=95
