0 0 0
1 0 1
2 0 31
3 31 0
4 31 31
5 30 31
6 0 3
7 31 31
8 30 31
9 31 31
10 0 0
11 30 0
12 31 0
13 0 2
14 0 30
15 0 31
16 0 30
17 0 31
18 0 30
19 30 31
20 30 0
21 31 31
22 0 3
23 30 31
24 31 31
25 31 0
26 0 31
27 0 2
28 0 30
29 30 0
30 30 31
31 31 0
32 0 3
33 31 31
34 0 2
35 0 31
36 0 30
37 0 3
38 30 0
39 30 31
40 31 31
41 31 0
42 0 2
43 30 0
44 31 0
45 0 31
46 1 0
47 30 0
48 0 0
49 0 30
50 0 31
51 1 0
52 0 0
53 31 0
54 0 30
55 1 0
56 0 0
57 1 0
58 0 0
59 30 0
60 0 31
61 30 31
62 0 3
63 0 30
64 0 1
65 31 0
66 30 0
67 0 4
68 31 0
69 31 31
70 30 0
71 30 31
72 0 3
73 0 0
74 0 1
75 0 4
76 31 31
77 0 3
78 31 0
79 30 0
80 31 0
81 0 0
82 0 31
83 30 0
84 0 30
85 0 31
86 0 2
87 30 31
88 0 30
89 0 3
90 31 0
91 31 31
92 30 31
93 30 0
94 31 0
95 0 1
96 0 0
97 0 2
98 1 0
99 0 0
100 1 0
101 0 0
102 0 31
103 0 30
104 31 31
105 0 3
106 30 31
107 0 31
108 0 2
109 31 31
110 30 31
111 0 3
112 31 31
113 0 1
114 30 0
115 30 31
116 31 31
117 31 0
118 30 0
119 0 4
120 0 0
121 0 30
122 0 3
123 0 2
124 0 3
125 30 31
126 0 1
127 0 0
128 31 0
129 0 31
130 0 30
131 31 31
132 0 2
133 0 31
134 0 3
135 30 0
136 0 1
137 30 31
138 0 4
139 0 0
140 31 31
141 0 1
142 31 0
143 0 3
144 30 0
145 0 4
146 0 3
147 0 4
148 0 3
149 0 30
150 30 31
151 31 31
152 0 0
153 0 1
154 0 31
155 0 30
156 0 0
157 0 1
158 31 0
159 0 31
160 0 4
161 30 31
162 0 0
163 31 31
164 0 1
165 30 31
166 31 31
167 0 30
168 0 3
169 0 4
170 30 31
171 0 3
172 0 0
173 0 31
174 31 31
175 0 2
176 0 3
177 0 2
178 30 0
179 31 0
180 0 30
181 30 31
182 0 3
183 0 1
184 0 4
185 0 3
186 0 0
187 0 2
188 31 31
189 0 31
190 0 3
191 0 30
192 30 31
193 0 2
194 1 0
195 0 1
196 31 31
197 0 2
198 0 0
199 1 0
200 30 31
201 31 31
202 30 0
203 31 0
204 0 1
205 2 0
206 0 31
207 30 0
208 1 0
209 0 2
210 0 1
211 0 30
212 31 0
213 0 2
214 30 0
215 30 31
216 31 31
217 0 31
218 0 1
219 0 2
220 31 0
221 30 0
222 31 0
223 30 0
224 30 31
225 31 31
226 0 1
227 0 30
228 2 0
229 1 0
230 0 2
231 0 31
232 31 0
233 0 0
234 0 3
235 0 30
236 30 0
237 31 0
238 30 0
239 0 2
240 31 0
241 0 31
242 0 30
243 30 0
244 1 0
245 0 1
246 31 0
247 30 0
248 0 31
249 31 0
250 0 2
251 30 0
252 30 31
253 31 31
254 0 1
255 30 31
256 31 0
257 0 2
258 0 30
259 30 0
260 0 1
261 0 31
262 0 2
263 0 0
264 31 0
265 30 0
266 0 3
267 31 31
268 0 30
269 30 31
270 0 2
271 31 0
272 0 31
273 1 0
274 0 30
275 30 0
276 0 1
277 31 0
278 30 0
279 0 31
280 31 31
281 31 0
282 30 31
283 0 30
284 2 0
285 0 0
286 0 31
287 31 31
288 30 0
289 0 30
290 0 1
291 0 0
292 30 31
293 31 31
294 30 31
295 0 1
296 0 31
297 0 0
298 0 1
299 1 0
300 31 31
301 2 0
302 0 30
303 0 0
304 0 1
305 31 0
306 30 0
307 0 31
308 0 30
309 1 0
310 0 2
311 0 1
312 2 0
313 0 31
314 1 0
315 30 31
316 2 0
317 0 30
318 1 0
319 31 0
320 0 31
321 30 0
322 2 0
323 31 31
324 0 30
325 0 0
326 3 0
327 0 1
328 30 31
329 31 31
330 0 31
331 2 0
332 0 30
333 0 0
334 31 0
335 0 1
336 0 0
337 0 1
338 30 0
339 30 31
340 0 0
341 31 0
342 0 1
343 0 31
344 0 30
345 1 0
346 31 31
347 0 31
348 0 30
349 30 31
350 0 31
351 30 0
352 31 31
353 0 30
354 30 31
355 2 0
356 1 0
357 31 31
358 2 0
359 31 0
360 0 31
361 30 0
362 30 31
363 0 0
364 3 0
365 31 0
366 30 0
367 0 30
368 31 0
369 31 31
370 30 31
371 0 31
372 0 30
373 0 1
374 30 0
375 0 0
376 31 31
377 30 31
378 0 1
379 0 0
380 31 0
381 0 31
382 31 31
383 0 30
384 30 0
385 30 31
386 2 0
387 3 0
388 31 0
389 30 0
390 31 0
391 0 1
392 0 0
393 2 0
394 31 31
395 0 31
396 0 30
397 3 0
398 30 0
399 0 1
400 0 31
401 30 31
402 0 30
403 31 31
404 30 31
405 31 31
406 0 31
407 30 31
408 31 0
409 0 30
410 0 0
411 0 1
412 0 0
413 0 1
414 0 31
415 0 30
416 31 31
417 2 0
418 1 0
419 0 2
420 0 1
421 30 31
422 2 0
423 31 31
424 30 31
425 31 31
426 0 0
427 30 0
428 3 0
429 2 0
430 0 31
431 31 0
432 30 31
433 31 31
434 30 0
435 30 31
436 3 0
437 0 1
438 2 0
439 31 31
440 0 0
441 30 31
442 31 0
443 31 31
444 3 0
445 30 0
446 0 1
447 30 31
448 2 0
449 31 0
450 1 0
451 31 31
452 2 0
453 30 31
454 0 0
455 0 30
456 0 31
457 3 0
458 0 30
459 2 0
460 0 31
461 0 1
462 30 0
463 31 31
464 0 30
465 30 31
466 1 0
467 0 2
468 31 31
469 30 31
470 0 0
471 31 31
472 0 3
473 0 31
474 0 2
475 0 3
476 0 1
477 30 31
478 0 4
479 0 30
480 31 31
481 31 0
482 0 0
483 0 31
484 0 3
485 0 2
486 0 3
487 0 2
488 30 0
489 31 0
490 0 3
491 0 2
492 1 0
493 0 1
494 30 0
495 0 2
496 31 0
497 30 31
498 0 30
499 31 31
500 0 1
501 30 0
502 2 0
503 0 31
504 1 0
505 30 31
506 31 31
507 0 2
508 0 1
509 30 31
510 31 31
511 0 30
512 0 31
513 0 2
514 0 1
515 0 2
516 31 0
517 30 0
518 31 0
519 0 1
520 0 30
521 2 0
522 1 0
523 30 0
524 0 2
525 31 0
526 30 31
527 0 1
528 0 2
529 31 31
530 30 0
531 31 0
532 0 31
533 0 0
534 0 3
535 30 31
536 0 2
537 0 30
538 0 31
539 30 0
540 31 31
541 0 3
542 0 1
543 0 30
544 0 31
545 31 0
546 0 30
547 30 31
548 0 31
549 0 30
550 30 0
551 31 31
552 0 0
553 0 2
554 0 31
555 30 31
556 0 3
557 0 30
558 0 31
559 31 31
560 0 2
561 0 30
562 0 3
563 0 1
564 0 0
565 0 1
566 0 4
567 0 0
568 0 3
569 0 31
570 0 1
571 0 30
572 30 31
573 31 31
574 31 0
575 30 31
576 0 31
577 0 4
578 0 30
579 0 3
580 0 0
581 0 2
582 0 31
583 31 31
584 30 0
585 0 30
586 0 31
587 31 0
588 30 0
589 31 0
590 30 31
591 30 0
592 0 3
593 31 0
594 0 1
595 30 0
596 0 0
597 0 1
598 0 4
599 31 0
600 30 0
601 0 0
602 0 1
603 0 0
604 31 0
605 30 0
606 0 30
607 0 31
608 31 0
609 0 30
610 0 31
611 0 1
612 0 3
613 31 31
614 0 30
615 0 0
616 0 31
617 0 30
618 0 31
619 30 31
620 0 1
621 31 31
622 0 30
623 30 31
624 0 31
625 0 30
626 0 4
627 0 3
628 30 0
629 0 0
630 0 1
631 0 0
632 31 0
633 31 31
634 30 0
635 0 31
636 0 30
637 0 31
638 0 2
639 1 0
640 0 1
641 2 0
642 0 0
643 3 0
644 0 30
645 2 0
646 0 1
647 0 31
648 31 0
649 30 0
650 30 31
651 31 0
652 0 0
653 0 1
654 0 0
655 0 1
656 31 31
657 30 31
658 31 31
659 30 31
660 31 31
661 30 0
662 30 31
663 1 0
664 31 31
665 30 31
666 0 30
667 31 0
668 0 31
669 0 2
670 31 31
671 30 31
672 0 30
673 30 0
674 0 31
675 0 0
676 0 30
677 31 31
678 0 3
679 0 1
680 30 31
681 0 31
682 0 4
683 0 30
684 31 31
685 30 31
686 31 31
687 0 31
688 30 31
689 31 31
690 0 0
691 0 30
692 31 0
693 0 1
694 30 0
695 0 3
696 0 31
697 31 0
698 30 0
699 31 0
700 30 0
701 0 4
702 0 30
703 0 3
704 0 4
705 0 0
706 0 1
707 0 0
708 30 31
709 0 1
710 31 0
711 31 31
712 0 3
713 30 31
714 0 0
715 0 1
716 0 0
717 31 31
718 0 31
719 30 0
720 0 1
721 30 31
722 31 0
723 0 0
724 0 30
725 0 1
726 0 31
727 31 31
728 30 31
729 31 31
730 0 0
731 30 31
732 0 1
733 0 30
734 31 31
735 0 31
736 30 31
737 0 30
738 30 0
739 0 31
740 31 31
741 0 0
742 0 2
743 0 30
744 0 3
745 0 1
746 0 31
747 31 0
748 30 31
749 0 0
750 0 1
751 31 31
752 30 31
753 30 0
754 31 31
755 0 0
756 0 30
757 30 31
758 0 1
759 0 0
760 0 2
761 0 31
762 0 30
763 31 0
764 0 31
765 0 30
766 30 0
767 31 0
768 0 31
769 31 31
770 0 3
771 0 1
772 0 0
773 0 30
774 0 1
775 30 31
776 0 31
777 0 0
778 0 1
779 0 4
780 0 3
781 31 31
782 0 0
783 0 1
784 0 30
785 30 0
786 30 31
787 0 0
788 31 31
789 0 31
790 0 30
791 0 1
792 0 4
793 0 0
794 0 31
795 0 1
796 31 0
797 0 30
798 0 0
799 30 0
800 0 1
801 30 31
802 31 0
803 0 31
804 0 30
805 0 3
806 0 4
807 30 0
808 0 3
809 0 4
810 0 31
811 0 3
812 0 0
813 0 2
814 1 0
815 31 0
816 0 1
817 0 30
818 2 0
819 30 0
820 0 31
821 0 0
822 0 30
823 3 0
824 2 0
825 31 31
826 0 31
827 31 0
828 0 1
829 30 31
830 1 0
831 30 0
832 2 0
833 31 0
834 0 30
835 0 0
836 0 1
837 1 0
838 30 0
839 31 31
840 0 31
841 2 0
842 0 0
843 0 30
844 0 31
845 30 31
846 31 31
847 30 31
848 3 0
849 2 0
850 0 1
851 31 31
852 1 0
853 0 30
854 31 0
855 0 31
856 0 30
857 2 0
858 0 0
859 30 31
860 3 0
861 2 0
862 0 31
863 31 31
864 3 0
865 30 0
866 0 1
867 0 0
868 31 0
869 2 0
870 30 31
871 0 1
872 0 0
873 31 31
874 0 1
875 30 0
876 1 0
877 30 31
878 0 30
879 2 0
880 31 0
881 30 0
882 1 0
883 31 0
884 0 31
885 30 0
886 31 31
887 30 31
888 31 0
889 31 31
890 0 2
891 0 1
892 0 2
893 30 31
894 0 0
895 0 3
896 31 31
897 0 2
898 0 3
899 0 2
900 30 31
901 31 31
902 0 3
903 30 31
904 0 1
905 30 0
906 31 0
907 0 4
908 0 3
909 0 4
910 30 0
911 0 3
912 0 0
913 0 30
914 0 1
915 0 0
916 0 31
917 31 0
918 30 0
919 31 31
920 0 1
921 0 0
922 0 2
923 0 3
924 0 30
925 0 31
926 0 1
927 0 4
928 0 0
929 0 3
930 30 31
931 0 2
932 31 0
933 0 3
934 0 30
935 30 0
936 0 2
937 1 0
938 31 31
939 31 0
940 0 31
941 0 0
942 1 0
943 0 30
944 30 0
945 0 31
946 0 0
947 30 31
948 31 31
949 31 0
950 0 30
951 0 31
952 30 0
953 0 3
954 0 2
955 31 0
956 0 30
957 0 3
958 0 2
959 0 3
960 0 31
961 30 31
962 30 0
963 0 30
964 31 0
965 0 1
966 30 0
967 31 31
968 30 31
969 31 0
970 0 31
971 0 30
972 31 31
973 30 31
974 0 0
975 0 2
976 31 31
977 1 0
978 30 31
979 0 31
980 0 30
981 0 1
982 0 31
983 31 31
984 2 0
985 0 30
986 0 31
987 0 0
988 30 0
989 3 0
990 2 0
991 31 0
992 3 0
993 0 30
994 0 31
995 30 31
996 0 1
997 2 0
998 31 31
999 30 0
1000 0 30
1001 0 0
1002 31 0
1003 0 1
1004 30 0
1005 30 31
1006 1 0
1007 31 31
1008 31 0
1009 0 31
1010 0 30
1011 0 2
1012 30 0
1013 31 0
1014 0 1
1015 0 2
1016 30 0
1017 30 31
1018 0 31
1019 0 1
1020 2 0
1021 0 0
1022 3 0
1023 0 1
1024 0 0
1025 0 30
1026 31 0
1027 30 0
1028 31 31
1029 30 31
1030 0 1
1031 0 0
1032 31 31
1033 0 31
1034 0 30
1035 2 0
1036 0 1
1037 0 0
1038 0 1
1039 31 0
1040 0 31
1041 1 0
1042 0 2
1043 0 30
1044 30 0
1045 0 0
1046 0 31
1047 0 30
1048 1 0
1049 0 0
1050 31 0
1051 30 31
1052 0 31
1053 1 0
1054 30 0
1055 0 30
1056 0 31
1057 0 1
1058 31 31
1059 0 2
1060 0 1
1061 2 0
1062 30 31
1063 1 0
1064 2 0
1065 31 31
1066 0 0
1067 0 30
1068 31 0
1069 3 0
1070 0 1
1071 30 31
1072 31 31
1073 0 31
1074 0 0
1075 30 0
1076 0 1
1077 31 0
1078 30 31
1079 31 31
1080 30 0
1081 2 0
1082 0 0
1083 31 0
1084 30 0
1085 0 30
1086 31 0
1087 0 31
1088 30 0
1089 3 0
1090 30 31
1091 2 0
1092 31 31
1093 3 0
1094 31 0
1095 30 0
1096 0 1
1097 30 31
1098 0 30
1099 31 0
1100 0 31
1101 30 0
1102 31 0
1103 0 30
1104 2 0
1105 31 31
1106 30 31
1107 0 31
1108 30 0
1109 0 0
1110 3 0
1111 31 31
1112 30 31
1113 31 0
1114 30 0
1115 2 0
1116 0 30
1117 0 1
1118 31 31
1119 0 0
1120 31 0
1121 0 1
1122 30 0
1123 31 0
1124 1 0
1125 0 31
1126 2 0
1127 30 31
1128 31 31
1129 1 0
1130 2 0
1131 0 30
1132 0 31
1133 0 0
1134 0 30
1135 0 31
1136 3 0
1137 30 31
1138 0 30
1139 0 1
1140 30 0
1141 2 0
1142 0 0
1143 0 31
1144 31 0
1145 3 0
1146 31 31
1147 0 1
1148 30 31
1149 30 0
1150 0 30
1151 2 0
1152 31 0
1153 1 0
1154 0 31
1155 2 0
1156 1 0
1157 0 2
1158 0 30
1159 30 0
1160 31 31
1161 31 0
1162 30 31
1163 0 1
1164 2 0
1165 30 0
1166 31 31
1167 30 31
1168 0 31
1169 0 30
1170 31 31
1171 31 0
1172 0 0
1173 30 31
1174 0 1
1175 1 0
1176 31 31
1177 30 0
1178 30 31
1179 31 31
1180 30 31
1181 2 0
1182 31 31
1183 0 31
1184 0 30
1185 30 31
1186 0 0
1187 31 0
1188 30 0
1189 31 31
1190 0 1
1191 0 0
1192 30 31
1193 31 31
1194 3 0
1195 30 31
1196 0 1
1197 0 31
1198 31 0
1199 0 0
1200 30 0
1201 31 0
1202 0 30
1203 30 0
1204 2 0
1205 31 0
1206 30 0
1207 0 1
1208 0 31
1209 31 31
1210 30 31
1211 31 31
1212 0 30
1213 0 0
1214 30 31
1215 3 0
1216 2 0
1217 31 0
1218 30 0
1219 31 31
1220 30 31
1221 3 0
1222 0 31
1223 0 1
1224 0 0
1225 31 31
1226 31 0
1227 30 31
1228 31 31
1229 30 0
1230 0 30
1231 0 1
1232 2 0
1233 30 31
1234 0 0
1235 0 1
1236 0 31
1237 31 0
1238 0 0
1239 0 1
1240 0 30
1241 31 31
1242 30 31
1243 0 0
1244 31 31
1245 30 0
1246 31 0
1247 3 0
1248 30 31
1249 0 1
1250 0 0
1251 2 0
1252 3 0
1253 31 31
1254 30 0
1255 0 31
1256 31 0
1257 0 30
1258 0 1
1259 30 31
1260 30 0
1261 31 0
1262 0 0
1263 0 1
1264 30 0
1265 31 31
1266 0 31
1267 0 0
1268 2 0
1269 0 1
1270 31 0
1271 0 0
1272 0 30
1273 30 31
1274 3 0
1275 31 31
1276 2 0
1277 3 0
1278 0 31
1279 2 0
1280 30 31
1281 3 0
1282 0 1
1283 0 0
1284 0 30
1285 2 0
1286 30 0
1287 31 0
1288 0 1
1289 0 31
1290 0 0
1291 30 0
1292 0 1
1293 0 30
1294 1 0
1295 0 2
1296 0 0
1297 1 0
1298 0 1
1299 0 31
1300 31 0
1301 30 0
1302 31 31
1303 0 30
1304 31 0
1305 2 0
1306 0 0
1307 30 31
1308 0 31
1309 0 30
1310 3 0
1311 0 1
1312 2 0
1313 0 31
1314 31 31
1315 0 0
1316 0 30
1317 30 31
1318 31 31
1319 0 31
1320 0 30
1321 30 0
1322 30 31
1323 0 31
1324 31 0
1325 31 31
1326 0 30
1327 30 0
1328 0 31
1329 30 31
1330 3 0
1331 0 1
1332 2 0
1333 31 0
1334 30 0
1335 31 0
1336 31 31
1337 1 0
1338 0 30
1339 30 31
1340 30 0
1341 31 0
1342 30 0
1343 2 0
1344 31 0
1345 0 31
1346 31 31
1347 1 0
1348 0 30
1349 0 31
1350 0 2
1351 30 31
1352 0 1
1353 2 0
1354 0 0
1355 0 1
1356 31 31
1357 0 0
1358 0 1
1359 30 0
1360 30 31
1361 31 0
1362 0 30
1363 30 0
1364 31 31
1365 31 0
1366 0 0
1367 3 0
1368 0 1
1369 0 31
1370 30 31
1371 0 30
1372 31 31
1373 0 0
1374 30 31
1375 30 0
1376 31 31
1377 0 31
1378 30 31
1379 31 0
1380 30 0
1381 0 30
1382 31 0
1383 30 0
1384 31 31
1385 30 31
1386 31 31
1387 30 31
1388 0 31
1389 31 31
1390 30 31
1391 31 0
1392 31 31
1393 2 0
1394 0 1
1395 1 0
1396 0 30
1397 2 0
1398 0 31
1399 0 0
1400 30 0
1401 0 1
1402 30 31
1403 0 30
1404 31 0
1405 0 31
1406 0 30
1407 30 0
1408 31 31
1409 30 31
1410 0 31
1411 0 0
1412 31 31
1413 31 0
1414 30 31
1415 30 0
1416 31 31
1417 0 1
1418 0 30
1419 0 0
1420 0 31
1421 0 30
1422 0 31
1423 31 0
1424 0 30
1425 30 0
1426 0 1
1427 1 0
1428 0 31
1429 0 2
1430 0 1
1431 2 0
1432 0 30
1433 0 0
1434 0 1
1435 0 31
1436 0 30
1437 1 0
1438 0 31
1439 31 0
1440 0 2
1441 30 0
1442 0 1
1443 0 30
1444 0 2
1445 31 0
1446 0 1
1447 0 2
1448 0 31
1449 30 0
1450 0 1
1451 0 2
1452 0 30
1453 0 31
1454 31 0
1455 0 1
1456 0 2
1457 0 30
1458 0 31
1459 0 0
1460 0 3
1461 30 0
1462 31 0
1463 30 31
1464 31 31
1465 30 0
1466 0 2
1467 0 30
1468 0 3
1469 31 0
1470 0 2
1471 30 31
1472 1 0
1473 30 0
1474 31 0
1475 0 31
1476 0 0
1477 30 0
1478 31 0
1479 31 31
1480 30 31
1481 0 3
1482 0 1
1483 31 31
1484 30 0
1485 0 0
1486 31 0
1487 30 0
1488 0 2
1489 31 0
1490 30 31
1491 0 30
1492 31 31
1493 0 3
1494 0 2
1495 30 0
1496 30 31
1497 31 0
1498 30 0
1499 31 0
1500 0 3
1501 0 2
1502 31 31
1503 1 0
1504 0 1
1505 2 0
1506 30 0
1507 1 0
1508 31 0
1509 30 31
1510 30 0
1511 0 2
1512 0 31
1513 31 0
1514 31 31
1515 30 31
1516 30 0
1517 0 1
1518 31 0
1519 2 0
1520 1 0
1521 31 31
1522 30 0
1523 0 2
1524 0 1
1525 31 0
1526 30 31
1527 0 30
1528 2 0
1529 0 0
1530 0 1
1531 31 31
1532 1 0
1533 30 0
1534 0 31
1535 2 0
1536 1 0
1537 2 0
1538 30 31
1539 1 0
1540 2 0
1541 31 0
1542 30 0
1543 0 0
1544 0 30
1545 3 0
1546 0 31
1547 31 31
1548 0 1
1549 2 0
1550 0 0
1551 3 0
1552 31 0
1553 2 0
1554 0 1
1555 0 30
1556 0 0
1557 0 1
1558 0 31
1559 1 0
1560 2 0
1561 30 31
1562 30 0
1563 0 0
1564 0 30
1565 31 31
1566 0 31
1567 3 0
1568 30 31
1569 2 0
1570 31 0
1571 31 31
1572 3 0
1573 30 31
1574 31 31
1575 0 1
1576 0 30
1577 0 0
1578 2 0
1579 30 31
1580 0 31
1581 3 0
1582 30 0
1583 0 30
1584 2 0
1585 0 31
1586 31 31
1587 0 30
1588 0 31
1589 0 1
1590 0 30
1591 0 31
1592 31 0
1593 30 0
1594 0 0
1595 0 30
1596 3 0
1597 0 1
1598 0 0
1599 2 0
1600 31 0
1601 0 1
1602 30 0
1603 0 0
1604 30 31
1605 3 0
1606 0 31
1607 31 0
1608 0 30
1609 31 31
1610 0 31
1611 30 0
1612 30 31
1613 31 31
1614 31 0
1615 0 30
1616 30 0
1617 2 0
1618 30 31
1619 31 31
1620 30 31
1621 0 1
1622 31 31
1623 30 31
1624 31 0
1625 0 0
1626 0 1
1627 1 0
1628 2 0
1629 1 0
1630 2 0
1631 0 31
1632 30 0
1633 1 0
1634 2 0
1635 0 30
1636 0 0
1637 31 31
1638 30 31
1639 31 31
1640 0 1
1641 30 31
1642 0 0
1643 0 31
1644 31 31
1645 3 0
1646 30 31
1647 0 30
1648 0 1
1649 2 0
1650 0 31
1651 31 31
1652 31 0
1653 0 0
1654 30 0
1655 3 0
1656 2 0
1657 3 0
1658 0 30
1659 31 0
1660 30 0
1661 30 31
1662 0 31
1663 0 1
1664 2 0
1665 0 0
1666 3 0
1667 2 0
1668 0 1
1669 31 31
1670 31 0
1671 30 0
1672 0 30
1673 0 0
1674 0 1
1675 1 0
1676 2 0
1677 0 0
1678 31 0
1679 3 0
1680 30 0
1681 0 1
1682 0 0
1683 0 1
1684 2 0
1685 0 31
1686 31 0
1687 0 30
1688 0 0
1689 0 1
1690 0 31
1691 30 31
1692 30 0
1693 0 0
1694 0 1
1695 0 0
1696 31 0
1697 0 30
1698 3 0
1699 31 31
1700 30 0
1701 2 0
1702 31 0
1703 3 0
1704 0 31
1705 2 0
1706 0 1
1707 0 30
1708 1 0
1709 30 31
1710 2 0
1711 0 0
1712 0 1
1713 0 0
1714 31 31
1715 3 0
1716 0 31
1717 30 0
1718 0 1
1719 31 0
1720 30 0
1721 30 31
1722 31 0
1723 30 0
1724 2 0
1725 31 0
1726 0 30
1727 0 31
1728 0 30
1729 30 0
1730 31 0
1731 0 31
1732 0 30
1733 0 31
1734 30 0
1735 31 31
1736 30 31
1737 31 0
1738 31 31
1739 30 0
1740 0 0
1741 0 1
1742 30 31
1743 1 0
1744 31 0
1745 2 0
1746 31 31
1747 0 30
1748 30 31
1749 30 0
1750 1 0
1751 31 31
1752 2 0
1753 0 0
1754 0 1
1755 31 0
1756 1 0
1757 0 31
1758 0 2
1759 0 30
1760 0 31
1761 0 30
1762 0 1
1763 30 0
1764 31 0
1765 30 31
1766 0 31
1767 0 30
1768 31 31
1769 30 0
1770 31 0
1771 30 31
1772 2 0
1773 30 0
1774 31 31
1775 0 0
1776 3 0
1777 0 31
1778 0 1
1779 0 30
1780 0 31
1781 30 31
1782 31 0
1783 0 30
1784 0 0
1785 0 1
1786 2 0
1787 0 0
1788 30 0
1789 0 31
1790 0 1
1791 1 0
1792 2 0
1793 1 0
1794 2 0
1795 31 0
1796 0 30
1797 31 31
1798 0 31
1799 0 30
1800 30 31
1801 0 0
1802 30 0
1803 31 31
1804 31 0
1805 0 31
1806 3 0
1807 0 30
1808 0 31
1809 30 31
1810 0 1
1811 2 0
1812 31 31
1813 30 0
1814 1 0
1815 0 2
1816 30 31
1817 31 31
1818 0 30
1819 0 31
1820 0 0
1821 31 0
1822 0 30
1823 30 0
1824 0 3
1825 0 2
1826 1 0
1827 0 0
1828 30 31
1829 0 3
1830 0 2
1831 31 31
1832 31 0
1833 0 3
1834 0 1
1835 30 0
1836 30 31
1837 0 0
1838 0 1
1839 0 4
1840 31 31
1841 31 0
1842 30 0
1843 0 3
1844 0 4
1845 0 31
1846 0 0
1847 0 3
1848 30 31
1849 0 2
1850 0 3
1851 31 0
1852 31 31
1853 0 2
1854 0 30
1855 30 31
1856 1 0
1857 0 31
1858 0 0
1859 0 3
1860 0 1
1861 0 30
1862 0 0
1863 0 2
1864 0 3
1865 0 2
1866 30 0
1867 31 31
1868 0 3
1869 30 31
1870 0 31
1871 31 0
1872 0 1
1873 0 0
1874 0 30
1875 30 0
1876 0 1
1877 0 4
1878 0 3
1879 31 31
1880 31 0
1881 30 31
1882 0 31
1883 0 0
1884 0 2
1885 1 0
1886 30 0
1887 0 1
1888 0 30
1889 0 31
1890 2 0
1891 1 0
1892 31 31
1893 31 0
1894 30 0
1895 30 31
1896 2 0
1897 31 0
1898 30 0
1899 1 0
1900 31 31
1901 0 30
1902 0 2
1903 0 0
1904 30 31
1905 31 0
1906 1 0
1907 31 31
1908 0 31
1909 0 0
1910 0 3
1911 30 0
1912 31 0
1913 30 0
1914 0 1
1915 0 30
1916 0 31
1917 0 30
1918 30 31
1919 31 0
1920 0 0
1921 31 31
1922 0 2
1923 30 0
1924 0 3
1925 0 2
1926 0 31
1927 1 0
1928 0 30
1929 30 31
1930 0 31
1931 0 1
1932 0 30
1933 31 31
1934 2 0
1935 31 0
1936 1 0
1937 0 31
1938 30 0
1939 0 30
1940 2 0
1941 0 0
1942 0 31
1943 31 0
1944 0 1
1945 1 0
1946 2 0
1947 30 31
1948 0 30
1949 31 31
1950 0 31
1951 0 30
1952 30 0
1953 30 31
1954 0 0
1955 0 1
1956 0 0
1957 31 0
1958 0 1
1959 1 0
1960 2 0
1961 30 0
1962 1 0
1963 2 0
1964 31 0
1965 1 0
1966 0 2
1967 0 0
1968 30 0
1969 0 31
1970 31 0
1971 0 30
1972 30 0
1973 31 0
1974 0 3
1975 30 0
1976 31 0
1977 31 31
1978 30 31
1979 0 2
1980 1 0
1981 31 31
1982 0 31
1983 30 31
1984 30 0
1985 0 1
1986 0 30
1987 0 2
1988 31 0
1989 0 1
1990 30 0
1991 0 31
1992 0 2
1993 0 1
1994 31 0
1995 30 0
1996 0 2
1997 0 30
1998 0 0
1999 0 31
2000 0 3
2001 0 2
2002 0 30
2003 1 0
2004 0 1
2005 0 31
2006 0 30
2007 31 0
2008 30 0
2009 31 0
2010 2 0
2011 31 31
2012 0 0
2013 3 0
2014 0 1
2015 2 0
2016 0 0
2017 30 0
2018 3 0
2019 2 0
2020 30 31
2021 31 0
2022 0 31
2023 30 0
2024 31 0
2025 0 30
2026 0 31
2027 3 0
2028 0 1
2029 30 0
2030 0 30
2031 31 31
2032 2 0
2033 31 0
2034 0 0
2035 0 1
2036 1 0
2037 30 0
2038 0 2
2039 0 1
2040 0 2
2041 0 1
2042 31 0
2043 30 31
2044 0 31
2045 0 30
2046 31 31
2047 0 2
2048 0 1
2049 30 0
2050 2 0
2051 0 31
2052 0 30
2053 31 0
2054 0 0
2055 3 0
2056 30 0
2057 0 1
2058 0 0
2059 31 0
2060 30 31
2061 30 0
2062 31 31
2063 0 1
2064 30 31
2065 2 0
2066 31 31
2067 30 31
2068 31 0
2069 31 31
2070 30 31
2071 31 31
2072 30 0
2073 1 0
2074 2 0
2075 0 0
2076 0 1
2077 1 0
2078 2 0
2079 0 31
2080 0 0
2081 30 31
2082 0 1
2083 0 0
2084 31 0
2085 31 31
2086 30 31
2087 30 0
2088 0 30
2089 0 1
2090 31 31
2091 0 31
2092 31 0
2093 1 0
2094 0 30
2095 0 31
2096 0 2
2097 0 0
2098 30 0
2099 1 0
2100 0 1
2101 0 2
2102 0 30
2103 30 31
2104 31 31
2105 0 31
2106 0 30
2107 0 31
2108 31 0
2109 0 30
2110 0 0
2111 30 0
2112 31 0
2113 0 3
2114 0 2
2115 0 31
2116 30 0
2117 0 30
2118 31 0
2119 0 3
2120 0 1
2121 0 0
2122 30 0
2123 31 0
2124 0 1
2125 0 31
2126 0 0
2127 30 31
2128 31 31
2129 30 31
2130 0 30
2131 30 0
2132 0 2
2133 1 0
2134 31 0
2135 0 31
2136 31 31
2137 0 1
2138 30 0
2139 31 0
2140 0 2
2141 0 30
2142 0 0
2143 30 31
2144 1 0
2145 0 0
2146 0 3
2147 30 0
2148 31 0
2149 31 31
2150 0 2
2151 30 31
2152 31 31
2153 1 0
2154 0 0
2155 0 3
2156 30 0
2157 0 31
2158 0 2
2159 0 30
2160 30 31
2161 0 31
2162 0 30
2163 0 31
2164 1 0
2165 0 30
2166 31 31
2167 0 1
2168 0 2
2169 0 1
2170 2 0
2171 31 0
2172 1 0
2173 0 2
2174 0 1
2175 30 0
2176 31 0
2177 2 0
2178 0 31
2179 1 0
2180 0 30
2181 30 0
2182 2 0
2183 0 0
2184 30 31
2185 3 0
2186 0 31
2187 0 1
2188 2 0
2189 31 0
2190 30 0
2191 31 0
2192 0 0
2193 0 30
2194 30 0
2195 0 31
2196 0 1
2197 31 31
2198 1 0
2199 0 30
2200 30 31
2201 31 0
2202 0 31
2203 0 2
2204 0 30
2205 0 0
2206 31 31
2207 1 0
2208 30 31
2209 0 1
2210 30 0
2211 0 31
2212 0 2
2213 0 1
2214 2 0
2215 1 0
2216 0 30
2217 0 2
2218 31 31
2219 31 0
2220 30 0
2221 31 0
2222 30 31
2223 0 31
2224 0 0
2225 31 31
2226 0 3
2227 30 0
2228 31 0
2229 0 1
2230 30 0
2231 31 0
2232 0 0
2233 30 0
2234 0 30
2235 31 0
2236 0 1
2237 0 31
2238 30 0
2239 0 30
2240 30 31
2241 31 31
2242 0 0
2243 0 2
2244 0 3
2245 0 2
2246 30 31
2247 0 3
2248 0 2
2249 0 31
2250 0 3
2251 31 0
2252 30 0
2253 0 2
2254 0 3
2255 0 1
2256 0 4
2257 31 31
2258 0 0
2259 30 31
2260 31 0
2261 31 31
2262 0 3
2263 0 30
2264 30 0
2265 0 1
2266 30 31
2267 0 31
2268 31 0
2269 0 30
2270 31 31
2271 30 31
2272 31 31
2273 30 31
2274 31 31
2275 0 31
2276 0 4
2277 0 3
2278 30 0
2279 30 31
2280 31 31
2281 0 30
2282 0 31
2283 0 0
2284 0 2
2285 31 0
2286 0 3
2287 0 1
2288 0 30
2289 30 31
2290 30 0
2291 31 31
2292 30 31
2293 31 0
2294 31 31
2295 0 31
2296 0 4
2297 30 0
2298 0 0
2299 30 31
2300 31 31
2301 0 3
2302 0 30
2303 31 0
2304 0 1
2305 30 31
2306 0 4
2307 30 0
2308 0 31
2309 31 0
2310 0 30
2311 0 31
2312 0 3
2313 30 0
2314 0 30
2315 0 0
2316 31 0
2317 0 31
2318 30 0
2319 31 31
2320 0 2
2321 0 3
2322 0 1
2323 31 0
2324 0 4
2325 0 30
2326 30 0
2327 0 3
2328 0 4
2329 30 31
2330 0 3
2331 31 31
2332 0 4
2333 0 3
2334 0 4
2335 0 0
2336 0 1
2337 31 0
2338 30 0
2339 0 31
2340 0 30
2341 31 0
2342 30 31
2343 0 31
2344 0 0
2345 31 31
2346 30 31
2347 0 30
2348 31 31
2349 0 3
2350 0 2
2351 30 31
2352 30 0
2353 0 31
2354 0 30
2355 31 0
2356 0 3
2357 30 0
2358 0 31
2359 31 31
2360 0 2
2361 0 3
2362 0 2
2363 31 0
2364 0 30
2365 30 31
2366 1 0
2367 30 0
2368 31 0
2369 0 31
2370 0 1
2371 0 2
2372 0 1
2373 2 0
2374 1 0
2375 0 30
2376 2 0
2377 0 31
2378 1 0
2379 0 2
2380 0 0
2381 1 0
2382 30 0
2383 31 31
2384 30 31
2385 31 31
2386 0 1
2387 2 0
2388 31 0
2389 30 0
2390 0 30
2391 0 0
2392 31 0
2393 30 31
2394 30 0
2395 0 1
2396 31 31
2397 1 0
2398 0 31
2399 0 2
2400 0 0
2401 31 0
2402 0 3
2403 0 1
2404 30 31
2405 0 4
2406 0 30
2407 0 0
2408 0 31
2409 0 1
2410 31 31
2411 30 31
2412 30 0
2413 31 0
2414 0 30
2415 31 31
2416 0 31
2417 0 0
2418 30 31
2419 0 1
2420 0 30
2421 0 0
2422 31 31
2423 30 0
2424 0 31
2425 31 0
2426 0 30
2427 0 3
2428 0 2
2429 0 31
2430 30 0
2431 31 0
2432 30 31
2433 0 3
2434 31 31
2435 30 0
2436 0 30
2437 0 31
2438 0 1
2439 0 4
2440 0 0
2441 31 0
2442 0 3
2443 30 31
2444 0 1
2445 0 0
2446 30 0
2447 31 0
2448 30 0
2449 0 30
2450 0 2
2451 31 0
2452 0 3
2453 31 31
2454 0 1
2455 0 0
2456 0 31
2457 30 0
2458 0 1
2459 0 4
2460 0 0
2461 0 1
2462 30 31
2463 0 3
2464 0 0
2465 31 31
2466 0 2
2467 31 0
2468 0 30
2469 30 31
2470 0 3
2471 31 31
2472 30 0
2473 0 31
2474 0 1
2475 0 4
2476 0 30
2477 0 3
2478 31 0
2479 0 0
2480 30 31
2481 30 0
2482 0 1
2483 31 0
2484 0 4
2485 0 0
2486 31 31
2487 30 31
2488 0 1
2489 0 3
2490 0 0
2491 30 0
2492 0 31
2493 0 2
2494 0 30
2495 1 0
2496 0 0
2497 31 31
2498 31 0
2499 30 31
2500 0 3
2501 0 1
2502 30 0
2503 0 31
2504 0 0
2505 31 31
2506 0 1
2507 30 31
2508 0 30
2509 31 31
2510 31 0
2511 0 31
2512 0 0
2513 0 1
2514 30 31
2515 0 4
2516 0 0
2517 0 30
2518 0 1
2519 31 31
2520 30 31
2521 0 31
2522 30 0
2523 0 3
2524 31 31
2525 31 0
2526 30 31
2527 0 30
2528 31 31
2529 30 0
2530 0 31
2531 30 31
2532 31 0
2533 31 31
2534 0 4
2535 0 3
2536 0 4
2537 0 30
2538 30 0
2539 31 0
2540 0 31
2541 0 3
2542 0 4
2543 30 0
2544 0 0
2545 31 0
2546 0 1
2547 0 0
2548 30 0
2549 0 3
2550 0 1
2551 30 31
2552 0 30
2553 0 4
2554 31 0
2555 0 0
2556 0 31
2557 0 3
2558 0 1
2559 0 4
2560 30 0
2561 0 3
2562 0 0
2563 0 1
2564 0 0
2565 0 30
2566 0 1
2567 0 4
2568 0 31
2569 0 0
2570 31 0
2571 30 0
2572 0 3
2573 0 1
2574 0 30
2575 31 31
2576 31 0
2577 30 31
2578 0 31
2579 0 30
2580 31 31
2581 0 31
2582 0 0
2583 0 2
2584 30 31
2585 31 31
2586 30 31
2587 0 3
2588 0 2
2589 30 0
2590 1 0
2591 31 31
2592 0 30
2593 31 0
2594 30 31
2595 0 1
2596 30 0
2597 0 31
2598 31 31
2599 0 2
2600 30 31
2601 0 0
2602 31 0
2603 30 0
2604 0 30
2605 1 0
2606 31 0
2607 30 0
2608 0 31
2609 0 0
2610 0 30
2611 0 31
2612 0 30
2613 31 0
2614 0 3
2615 0 1
2616 0 0
2617 0 2
2618 0 3
2619 0 1
2620 0 4
2621 0 31
2622 31 31
2623 0 0
2624 0 1
2625 0 0
2626 0 3
2627 30 31
2628 30 0
2629 0 2
2630 1 0
2631 0 0
2632 1 0
2633 0 1
2634 31 0
2635 2 0
2636 0 0
2637 30 0
2638 0 1
2639 31 0
2640 0 0
2641 3 0
2642 2 0
2643 3 0
2644 0 1
2645 30 0
2646 0 30
2647 2 0
2648 31 31
2649 1 0
2650 31 0
2651 0 2
2652 0 0
2653 0 3
2654 0 31
2655 30 31
2656 0 1
2657 0 30
2658 30 0
2659 31 31
2660 0 31
2661 0 0
2662 0 1
2663 31 0
2664 30 31
2665 30 0
2666 31 0
2667 31 31
2668 30 31
2669 31 31
2670 30 0
2671 30 31
2672 0 30
2673 0 4
2674 31 31
2675 31 0
2676 0 0
2677 0 31
2678 30 31
2679 0 30
2680 0 31
2681 0 1
2682 0 3
2683 31 31
2684 0 30
2685 0 4
2686 30 0
2687 31 0
2688 0 0
2689 30 31
2690 31 31
2691 30 0
2692 30 31
2693 31 31
2694 0 1
2695 0 31
2696 0 3
2697 0 30
2698 30 31
2699 0 0
2700 31 0
2701 31 31
2702 0 31
2703 30 0
2704 0 30
2705 0 1
2706 0 0
2707 0 2
2708 30 31
2709 31 31
2710 31 0
2711 1 0
2712 0 0
2713 30 31
2714 31 31
2715 0 3
2716 0 2
2717 30 0
2718 1 0
2719 31 0
2720 30 31
2721 0 31
2722 0 1
2723 0 30
2724 0 31
2725 31 31
2726 0 30
2727 2 0
2728 0 0
2729 30 0
2730 3 0
2731 2 0
2732 0 31
2733 0 1
2734 0 0
2735 0 1
2736 1 0
2737 31 0
2738 0 2
2739 30 0
2740 0 30
2741 31 0
2742 0 1
2743 0 31
2744 30 0
2745 0 2
2746 30 31
2747 0 0
2748 31 31
2749 0 3
2750 0 1
2751 0 4
2752 30 31
2753 0 30
2754 0 31
2755 0 30
2756 0 3
2757 0 4
2758 0 3
2759 0 0
2760 0 1
2761 31 0
2762 0 31
2763 0 0
2764 0 30
2765 30 0
2766 0 1
2767 0 4
2768 0 3
2769 31 31
2770 31 0
2771 0 4
2772 0 3
2773 30 0
2774 31 0
2775 0 31
2776 30 31
2777 30 0
2778 0 4
2779 31 0
2780 31 31
2781 0 0
2782 30 31
2783 0 3
2784 30 0
2785 31 31
2786 0 1
2787 0 30
2788 31 0
2789 0 31
2790 0 4
2791 30 31
2792 0 3
2793 0 0
2794 31 31
2795 0 30
2796 0 2
2797 1 0
2798 30 31
2799 31 31
2800 30 0
2801 30 31
2802 31 0
2803 0 1
2804 31 31
2805 30 31
2806 2 0
2807 31 31
2808 0 0
2809 0 31
2810 30 0
2811 0 30
2812 31 0
2813 0 31
2814 0 1
2815 0 30
2816 0 31
2817 30 31
2818 30 0
2819 0 0
2820 31 31
2821 0 30
2822 31 0
2823 30 0
2824 30 31
2825 3 0
2826 31 0
2827 30 0
2828 31 0
2829 31 31
2830 2 0
2831 30 0
2832 0 31
2833 30 31
2834 31 31
2835 30 31
2836 0 30
2837 3 0
2838 2 0
2839 31 31
2840 30 31
2841 0 1
2842 31 31
2843 0 0
2844 0 31
2845 0 1
2846 31 0
2847 0 0
2848 30 31
2849 31 31
2850 0 30
2851 0 31
2852 3 0
2853 2 0
2854 0 1
2855 1 0
2856 30 0
2857 30 31
2858 0 30
2859 2 0
2860 0 0
2861 0 1
2862 0 0
2863 31 31
2864 0 1
2865 0 31
2866 30 31
2867 1 0
2868 0 2
2869 0 30
2870 0 0
2871 0 3
2872 0 2
2873 31 0
2874 1 0
2875 31 31
2876 0 31
2877 0 30
2878 30 31
2879 0 0
2880 0 3
2881 30 0
2882 0 2
2883 0 3
2884 0 2
2885 0 3
2886 0 31
2887 31 31
2888 31 0
2889 30 31
2890 0 2
2891 0 3
2892 0 30
2893 0 1
2894 0 0
2895 30 0
2896 0 31
2897 0 1
2898 31 0
2899 0 30
2900 30 0
2901 0 0
2902 0 1
2903 0 31
2904 0 30
2905 31 31
2906 31 0
2907 0 0
2908 30 31
2909 30 0
2910 0 2
2911 31 31
2912 0 31
2913 1 0
2914 0 1
2915 0 30
2916 31 0
2917 0 2
2918 30 0
2919 30 31
2920 31 0
2921 31 31
2922 0 1
2923 0 31
2924 2 0
2925 30 31
2926 0 0
2927 31 31
2928 3 0
2929 30 0
2930 0 30
2931 0 1
2932 30 31
2933 31 0
2934 30 0
2935 31 31
2936 0 31
2937 31 0
2938 0 30
2939 2 0
2940 30 0
2941 31 0
2942 0 31
2943 30 0
2944 1 0
2945 0 2
2946 0 0
2947 31 0
2948 0 3
2949 0 30
2950 30 31
2951 0 1
2952 0 4
2953 0 3
2954 0 0
2955 0 1
2956 0 0
2957 0 31
2958 0 2
2959 0 30
2960 0 3
2961 0 31
2962 0 1
2963 30 0
2964 0 30
2965 31 0
2966 0 0
2967 0 2
2968 31 31
2969 1 0
2970 30 31
2971 0 31
2972 0 1
2973 2 0
2974 0 0
2975 31 31
2976 0 30
2977 30 31
2978 31 31
2979 30 0
2980 0 1
2981 31 0
2982 0 31
2983 30 0
2984 0 30
2985 0 31
2986 1 0
2987 2 0
2988 31 0
2989 1 0
2990 0 30
2991 2 0
2992 0 0
2993 30 31
2994 0 31
2995 0 30
2996 0 1
2997 31 31
2998 0 31
2999 1 0
3000 30 0
3001 2 0
3002 0 0
3003 0 30
3004 0 1
3005 31 0
3006 0 31
3007 0 30
3008 0 0
3009 0 1
3010 1 0
3011 2 0
3012 0 0
3013 30 0
3014 0 1
3015 1 0
3016 0 31
3017 0 2
3018 0 1
3019 0 30
3020 0 2
3021 30 31
3022 31 0
3023 31 31
3024 0 1
3025 30 0
3026 0 2
3027 30 31
3028 0 31
3029 31 0
3030 0 0
3031 0 30
3032 0 31
3033 1 0
3034 0 0
3035 30 0
3036 1 0
3037 0 0
3038 31 31
3039 1 0
3040 0 30
3041 31 0
3042 0 1
3043 0 2
3044 30 31
3045 30 0
3046 0 31
3047 0 0
3048 31 0
3049 1 0
3050 0 0
3051 0 3
3052 31 31
3053 30 31
3054 0 2
3055 1 0
3056 30 0
3057 31 0
3058 0 0
3059 31 31
3060 0 3
3061 30 0
3062 0 1
3063 31 0
3064 0 4
3065 0 3
3066 0 0
3067 0 2
3068 0 30
3069 0 1
3070 30 0
3071 31 0
# colocadas=3072 ocupadas=5 mayor=3363
