0 5 2
1 20 1
2 2 16
3 19 3
4 2 17
5 2 16
6 22 11
7 17 24
8 7 10
9 1 16
10 2 16
11 27 8
12 6 21
13 7 30
14 6 5
15 25 28
16 7 11
17 31 19
18 14 8
19 30 25
20 6 14
21 5 27
22 18 16
23 5 28
24 5 27
25 7 5
26 27 29
27 25 0
28 25 4
29 14 0
30 17 13
31 2 7
32 17 10
33 24 12
34 6 10
35 29 25
36 3 16
37 2 16
38 7 10
39 4 16
40 30 25
41 8 10
42 7 10
43 18 6
44 28 31
45 11 3
46 3 17
47 30 15
48 22 12
49 22 11
50 27 3
51 22 4
52 23 9
53 28 3
54 27 3
55 21 22
56 7 9
57 2 8
58 7 10
59 31 15
60 2 7
61 26 4
62 23 10
63 30 19
64 4 15
65 6 11
66 7 11
67 6 12
68 2 9
69 24 0
70 31 19
71 22 22
72 25 0
73 25 4
74 8 5
75 2 17
76 7 31
77 31 20
78 7 5
79 7 30
80 19 2
81 6 11
82 19 3
83 30 15
84 31 19
85 14 7
86 6 12
87 23 9
88 14 8
89 21 22
90 29 24
91 4 2
92 30 16
93 5 2
94 23 10
95 30 15
96 23 9
97 17 4
98 6 31
99 15 8
100 30 18
101 10 3
102 14 8
103 11 3
104 17 9
105 17 10
106 3 5
107 12 14
108 23 0
109 6 22
110 25 5
111 5 15
112 19 6
113 15 7
114 28 2
115 8 9
116 21 4
117 3 6
118 6 21
119 28 25
120 28 3
121 25 4
122 3 16
123 2 8
124 8 11
125 10 2
126 2 16
127 18 6
128 22 4
129 3 5
130 4 26
131 6 0
132 3 19
133 6 11
134 18 25
135 15 8
136 27 2
137 22 23
138 2 9
139 14 8
140 27 3
141 27 23
142 23 4
143 13 0
144 2 19
145 18 9
146 22 4
147 18 2
148 14 0
149 3 19
150 3 7
151 7 22
152 14 1
153 14 0
154 24 0
155 2 15
156 14 2
157 27 4
158 29 25
159 2 16
160 25 0
161 24 28
162 25 28
163 26 5
164 12 15
165 8 10
166 16 24
167 17 24
168 20 0
169 21 4
170 16 4
171 1 15
172 2 8
173 31 16
174 2 7
175 14 1
176 18 1
177 30 19
178 22 0
179 3 8
180 4 19
181 12 0
182 17 6
183 17 23
184 17 24
185 20 1
186 7 31
187 7 10
188 24 5
189 7 30
190 31 15
191 7 29
192 16 7
193 23 11
194 0 16
195 3 2
196 1 14
197 31 25
198 18 26
199 19 2
200 2 8
201 20 2
202 8 5
203 24 13
204 17 14
205 30 25
206 27 31
207 15 7
208 23 10
209 5 0
210 21 12
211 20 12
212 16 6
213 26 28
214 30 17
215 3 9
216 15 8
217 14 8
218 20 1
219 23 0
220 31 16
221 4 2
222 6 0
223 22 0
224 19 3
225 9 9
226 9 8
227 17 16
228 5 0
229 24 12
230 23 8
231 6 28
232 26 4
233 7 30
234 10 3
235 18 6
236 26 29
237 7 5
238 14 7
239 5 28
240 31 19
241 27 3
242 22 4
243 16 5
244 3 2
245 27 4
246 23 0
247 24 13
248 25 5
249 21 2
250 6 5
251 25 28
252 25 4
253 4 2
254 5 27
255 3 2
256 27 29
257 5 28
258 1 7
259 14 8
260 1 15
261 29 17
262 31 25
263 11 2
264 7 11
265 27 3
266 7 10
267 20 4
268 31 15
269 6 22
270 26 0
271 6 21
272 5 14
273 5 10
274 11 3
275 26 29
276 30 25
277 16 7
278 18 16
279 24 12
280 8 4
281 26 3
282 19 5
283 23 9
284 8 5
285 16 6
286 7 6
287 1 16
288 25 0
289 7 5
290 17 9
291 18 2
292 4 2
293 12 3
294 5 2
295 30 15
296 6 2
297 17 10
298 3 10
299 22 22
300 5 2
301 23 10
302 26 4
303 6 10
304 27 24
305 30 17
306 25 5
307 6 28
308 28 4
309 30 18
310 24 13
311 27 23
312 26 28
313 5 10
314 27 24
315 30 24
316 30 17
317 19 2
318 15 5
319 29 18
320 15 4
321 7 7
322 6 0
323 12 14
324 6 14
325 6 10
326 3 19
327 21 4
328 8 31
329 20 2
330 28 2
331 11 3
332 17 13
333 4 15
334 16 5
335 6 7
336 21 2
337 8 29
338 23 9
339 27 0
340 16 6
341 22 4
342 16 5
343 28 3
344 17 9
345 30 25
346 18 25
347 5 28
348 31 24
349 20 2
350 2 7
351 22 12
352 2 16
353 31 20
354 13 0
355 21 1
356 17 4
357 28 25
358 5 31
359 5 21
360 21 4
361 24 12
362 28 0
363 23 10
364 27 2
365 22 4
366 5 14
367 0 15
368 11 0
369 6 21
370 6 12
371 24 4
372 25 4
373 23 9
374 3 9
375 6 6
376 8 9
377 8 10
378 9 9
379 29 25
380 5 21
381 7 31
382 3 10
383 15 24
384 6 21
385 2 19
386 22 11
387 5 15
388 6 28
389 3 17
390 23 8
391 30 18
392 31 19
393 7 10
394 27 3
395 5 3
396 3 1
397 1 14
398 2 17
399 29 24
400 17 16
401 1 15
402 3 19
403 1 7
404 20 1
405 15 7
406 7 29
407 18 10
408 6 11
409 4 20
410 29 17
411 2 7
412 10 3
413 24 0
414 31 25
415 23 9
416 19 3
417 31 20
418 22 12
419 27 4
420 16 24
421 31 15
422 26 4
423 2 8
424 21 1
425 30 16
426 25 4
427 31 24
428 30 17
429 29 25
430 24 5
431 30 15
432 19 2
433 17 2
434 19 12
435 30 18
436 22 0
437 28 8
438 28 29
439 20 1
440 2 19
441 6 5
442 27 0
443 10 8
444 5 2
445 23 4
446 31 19
447 11 3
448 14 7
449 23 23
450 8 10
451 8 29
452 6 31
453 27 29
454 25 28
455 2 7
456 30 25
457 16 4
458 2 1
459 11 8
460 17 14
461 29 25
462 2 16
463 29 23
464 0 16
465 22 11
466 12 0
467 23 5
468 0 7
469 2 14
470 15 7
471 18 16
472 14 7
473 23 10
474 26 28
475 19 3
476 17 10
477 30 19
478 25 28
479 29 29
480 19 6
481 30 17
482 30 25
483 21 4
484 6 12
485 2 8
486 15 24
487 26 4
488 20 12
489 16 24
490 3 16
491 5 28
492 21 1
493 31 15
494 6 23
495 17 4
496 5 27
497 3 19
498 6 6
499 5 30
500 29 25
501 23 0
502 15 25
503 28 4
504 1 14
505 19 5
506 29 18
507 20 1
508 19 6
509 8 22
510 4 15
511 3 14
512 5 0
513 19 10
514 6 22
515 21 2
516 5 31
517 6 0
518 7 31
519 23 9
520 27 2
521 26 29
522 12 8
523 31 19
524 30 18
525 24 27
526 21 22
527 1 15
528 7 10
529 9 8
530 1 16
531 23 4
532 27 23
533 5 0
534 7 22
535 4 25
536 18 2
537 11 8
538 31 21
539 14 0
540 5 21
541 27 24
542 19 12
543 28 0
544 3 1
545 20 10
546 2 7
547 2 16
548 17 16
549 22 22
550 4 21
551 22 0
552 2 8
553 20 2
554 27 3
555 30 19
556 5 28
557 0 15
558 20 12
559 19 10
560 2 19
561 30 21
562 17 9
563 3 9
564 8 22
565 23 0
566 7 22
567 19 5
568 27 29
569 19 12
570 28 2
571 23 8
572 20 10
573 8 9
574 16 4
575 3 6
576 6 28
577 28 3
578 27 0
579 3 10
580 20 1
581 3 5
582 31 25
583 21 0
584 5 3
585 23 9
586 7 7
587 6 30
588 0 16
589 25 4
590 15 24
591 20 2
592 5 2
593 6 14
594 14 1
595 5 28
596 10 3
597 24 23
598 6 3
599 27 3
600 22 0
601 28 3
602 3 17
603 22 5
604 24 13
605 30 25
606 18 1
607 1 17
608 6 21
609 27 4
610 30 17
611 6 10
612 14 0
613 2 1
614 3 19
615 12 8
616 19 6
617 6 5
618 17 10
619 7 30
620 14 1
621 31 19
622 21 22
623 4 2
624 7 31
625 16 5
626 11 0
627 30 19
628 6 22
629 30 18
630 19 10
631 20 0
632 7 30
633 21 0
634 27 23
635 15 25
636 6 31
637 26 4
638 9 11
639 7 10
640 23 10
641 1 14
642 5 30
643 16 4
644 15 5
645 22 4
646 12 0
647 23 9
648 11 0
649 25 5
650 24 4
651 6 0
652 6 11
653 11 3
654 23 5
655 14 0
656 28 2
657 31 25
658 24 28
659 26 28
660 15 4
661 31 23
662 6 10
663 12 0
664 12 15
665 13 0
666 22 12
667 5 15
668 12 14
669 24 12
670 18 6
671 2 17
672 29 17
673 13 3
674 29 24
675 7 29
676 1 17
677 30 17
678 20 0
679 30 15
680 18 2
681 8 22
682 0 8
683 9 12
684 17 24
685 24 24
686 25 0
687 29 19
688 5 27
689 10 8
690 5 28
691 20 12
692 12 3
693 8 29
694 30 25
695 11 8
696 6 12
697 22 11
698 25 28
699 5 31
700 17 13
701 7 31
702 29 25
703 6 31
704 24 23
705 6 27
706 6 21
707 7 22
708 23 4
709 21 1
710 7 29
711 12 0
712 5 31
713 6 7
714 23 8
715 19 2
716 0 15
717 29 24
718 5 27
719 2 17
720 15 24
721 17 2
722 6 22
723 20 1
724 20 4
725 29 18
726 20 10
727 25 4
728 1 15
729 12 15
730 7 22
731 18 16
732 10 12
733 24 5
734 10 13
735 13 1
736 16 24
737 18 26
738 17 9
739 17 14
740 13 0
741 17 10
742 31 24
743 17 9
744 21 2
745 16 4
746 3 6
747 30 18
748 2 14
749 5 14
750 20 2
751 18 25
752 27 8
753 3 5
754 2 7
755 17 13
756 10 8
757 27 24
758 28 31
759 6 22
760 24 0
761 22 22
762 3 16
763 29 18
764 3 9
765 22 12
766 6 28
767 30 18
768 13 1
769 5 21
770 19 3
771 3 1
772 11 8
773 29 25
774 3 17
775 20 1
776 13 0
777 7 30
778 6 21
779 6 11
780 18 2
781 4 21
782 24 13
783 5 28
784 2 17
785 19 2
786 6 14
787 17 24
788 18 2
789 23 9
790 25 0
791 11 0
792 28 0
793 17 14
794 29 17
795 23 0
796 29 24
797 22 11
798 20 2
799 0 7
800 30 19
801 31 26
802 2 8
803 17 13
804 23 11
805 15 4
806 6 12
807 18 1
808 12 9
809 6 30
810 4 14
811 4 15
812 0 8
813 24 12
814 12 14
815 17 14
816 7 10
817 28 3
818 4 26
819 7 5
820 6 31
821 16 24
822 6 29
823 5 21
824 24 13
825 16 5
826 29 25
827 14 1
828 24 27
829 6 6
830 18 2
831 5 14
832 23 5
833 19 12
834 23 10
835 2 16
836 24 12
837 2 19
838 6 7
839 13 3
840 20 12
841 12 3
842 6 2
843 10 3
844 19 10
845 27 4
846 19 2
847 28 8
848 11 3
849 31 27
850 6 28
851 8 31
852 6 27
853 6 11
854 23 4
855 4 21
856 20 1
857 23 11
858 5 2
859 25 5
860 29 23
861 31 15
862 14 0
863 3 19
864 7 7
865 30 17
866 4 27
867 23 10
868 22 12
869 6 22
870 19 6
871 29 17
872 13 9
873 27 2
874 7 22
875 5 27
876 22 11
877 24 13
878 14 8
879 17 1
880 16 4
881 23 5
882 24 28
883 5 31
884 27 0
885 6 31
886 13 10
887 7 11
888 6 7
889 6 10
890 31 25
891 19 3
892 17 16
893 24 12
894 17 0
895 6 14
896 19 12
897 7 10
898 24 13
899 10 12
900 19 2
901 2 19
902 27 3
903 8 23
904 12 8
905 5 14
906 26 4
907 12 0
908 7 7
909 16 0
910 23 9
911 2 1
912 20 2
913 27 8
914 24 0
915 18 16
916 10 2
917 6 11
918 19 5
919 21 3
920 21 4
921 29 24
922 3 10
923 7 11
924 18 26
925 8 22
926 5 15
927 10 13
928 8 10
929 15 5
930 2 17
931 23 10
932 20 1
933 8 23
934 29 23
935 15 4
936 10 3
937 4 16
938 28 4
939 5 31
940 30 22
941 30 21
942 0 7
943 26 0
944 27 4
945 13 1
946 6 5
947 21 22
948 28 0
949 29 28
950 20 0
951 17 0
952 26 28
953 31 28
954 3 1
955 25 28
956 15 5
957 3 27
958 18 4
959 1 14
960 20 5
961 10 12
962 7 5
963 17 4
964 6 7
965 6 3
966 8 22
967 2 7
968 13 0
969 28 4
970 3 14
971 6 22
972 17 16
973 5 0
974 25 0
975 25 4
976 6 5
977 14 7
978 18 25
979 17 13
980 24 24
981 2 1
982 30 17
983 18 16
984 22 12
985 15 8
986 24 0
987 29 20
988 4 14
989 7 31
990 11 8
991 29 18
992 29 24
993 28 8
994 27 31
995 17 10
996 7 30
997 1 16
998 27 4
999 29 21
1000 22 11
1001 7 22
1002 2 14
1003 25 0
1004 30 25
1005 30 22
1006 15 4
1007 3 26
1008 29 29
1009 31 27
1010 23 12
1011 19 6
1012 20 1
1013 8 22
1014 24 28
1015 17 6
1016 4 15
1017 16 0
1018 1 15
1019 14 8
1020 30 21
1021 11 2
1022 26 5
1023 11 3
1024 23 4
1025 6 21
1026 5 21
1027 30 15
1028 6 31
1029 31 15
1030 7 12
1031 6 10
1032 6 2
1033 20 4
1034 17 9
1035 3 1
1036 26 4
1037 17 14
1038 15 8
1039 6 22
1040 13 9
1041 5 28
1042 17 0
1043 31 28
1044 17 24
1045 26 0
1046 5 14
1047 17 13
1048 16 5
1049 7 10
1050 22 22
1051 7 7
1052 24 12
1053 28 31
1054 29 25
1055 3 2
1056 14 8
1057 2 16
1058 21 3
1059 10 2
1060 15 7
1061 29 23
1062 14 1
1063 29 28
1064 1 16
1065 10 13
1066 30 15
1067 18 6
1068 27 0
1069 29 29
1070 27 31
1071 28 4
1072 10 3
1073 5 27
1074 20 10
1075 7 23
1076 3 9
1077 1 14
1078 23 13
1079 7 31
1080 6 11
1081 27 4
1082 11 0
1083 4 25
1084 26 29
1085 30 18
1086 12 0
1087 18 26
1088 18 1
1089 11 2
1090 12 8
1091 21 4
1092 31 15
1093 24 23
1094 29 20
1095 24 13
1096 6 10
1097 6 0
1098 4 26
1099 8 5
1100 4 2
1101 5 31
1102 24 12
1103 6 7
1104 23 5
1105 19 10
1106 18 25
1107 21 2
1108 14 2
1109 27 2
1110 0 15
1111 14 0
1112 5 0
1113 28 31
1114 24 13
1115 16 24
1116 17 10
1117 6 28
1118 20 0
1119 23 9
1120 7 24
1121 7 7
1122 3 27
1123 16 0
1124 27 29
1125 31 19
1126 6 12
1127 23 10
1128 2 1
1129 23 13
1130 11 3
1131 2 8
1132 27 31
1133 19 6
1134 26 29
1135 25 5
1136 14 7
1137 25 28
1138 7 22
1139 17 16
1140 20 4
1141 23 9
1142 3 2
1143 16 4
1144 0 8
1145 13 0
1146 6 0
1147 29 28
1148 7 13
1149 18 6
1150 28 0
1151 6 14
1152 23 4
1153 30 25
1154 6 3
1155 21 4
1156 23 5
1157 3 10
1158 19 5
1159 18 26
1160 7 25
1161 20 4
1162 23 10
1163 27 0
1164 5 14
1165 19 6
1166 17 0
1167 17 14
1168 21 22
1169 1 15
1170 3 1
1171 23 4
1172 27 3
1173 12 0
1174 20 1
1175 18 2
1176 1 14
1177 13 0
1178 3 19
1179 17 13
1180 1 15
1181 5 15
1182 25 0
1183 25 4
1184 27 8
1185 9 31
1186 6 2
1187 20 2
1188 17 14
1189 13 10
1190 17 23
1191 26 0
1192 26 28
1193 17 9
1194 28 18
1195 22 22
1196 10 2
1197 30 17
1198 28 2
1199 5 14
1200 30 19
1201 19 3
1202 8 22
1203 7 10
1204 30 18
1205 6 7
1206 28 3
1207 28 8
1208 0 16
1209 5 0
1210 5 28
1211 2 16
1212 27 8
1213 6 31
1214 6 21
1215 28 0
1216 17 24
1217 15 5
1218 31 19
1219 12 15
1220 2 19
1221 15 8
1222 30 19
1223 31 24
1224 29 21
1225 7 22
1226 27 23
1227 8 13
1228 17 10
1229 29 29
1230 13 9
1231 7 24
1232 2 17
1233 2 16
1234 7 30
1235 16 24
1236 4 2
1237 3 2
1238 7 25
1239 5 27
1240 6 11
1241 4 2
1242 6 0
1243 0 15
1244 18 25
1245 27 2
1246 17 13
1247 21 22
1248 20 1
1249 20 0
1250 18 1
1251 28 31
1252 7 11
1253 2 1
1254 7 5
1255 18 4
1256 27 24
1257 15 4
1258 25 0
1259 23 0
1260 31 27
1261 10 3
1262 8 14
1263 5 16
1264 27 29
1265 17 24
1266 19 2
1267 23 9
1268 7 10
1269 10 12
1270 12 14
1271 20 1
1272 31 19
1273 17 14
1274 27 3
1275 26 29
1276 8 31
1277 0 7
1278 3 2
1279 23 5
1280 3 19
1281 27 31
1282 2 19
1283 22 12
1284 30 22
1285 14 0
1286 30 21
1287 29 28
1288 24 13
1289 31 25
1290 6 3
1291 8 5
1292 30 17
1293 30 18
1294 17 6
1295 27 29
1296 22 11
1297 7 31
1298 29 24
1299 20 10
1300 7 5
1301 28 8
1302 8 5
1303 10 13
1304 25 28
1305 7 11
1306 28 31
1307 24 12
1308 3 26
1309 11 3
1310 6 2
1311 20 2
1312 31 24
1313 6 22
1314 3 9
1315 10 3
1316 3 6
1317 29 25
1318 27 18
1319 21 0
1320 28 3
1321 1 16
1322 31 28
1323 6 11
1324 5 0
1325 31 25
1326 1 14
1327 18 2
1328 13 0
1329 1 15
1330 18 6
1331 24 13
1332 12 15
1333 29 22
1334 12 3
1335 10 12
1336 6 10
1337 21 2
1338 19 3
1339 16 0
1340 24 0
1341 14 1
1342 2 7
1343 20 12
1344 7 21
1345 14 0
1346 6 12
1347 13 10
1348 14 8
1349 16 6
1350 27 0
1351 31 24
1352 22 22
1353 24 24
1354 19 12
1355 19 2
1356 16 24
1357 7 24
1358 21 4
1359 16 5
1360 13 9
1361 3 1
1362 22 12
1363 5 28
1364 12 14
1365 6 0
1366 0 16
1367 8 13
1368 13 0
1369 8 14
1370 31 25
1371 24 12
1372 24 5
1373 7 10
1374 8 13
1375 27 8
1376 15 5
1377 24 28
1378 17 13
1379 30 25
1380 6 27
1381 8 14
1382 5 31
1383 7 5
1384 26 29
1385 12 15
1386 6 6
1387 3 14
1388 27 3
1389 25 5
1390 7 22
1391 13 10
1392 30 22
1393 6 11
1394 6 21
1395 24 13
1396 17 9
1397 31 27
1398 4 2
1399 17 0
1400 21 22
1401 5 15
1402 3 2
1403 28 0
1404 26 4
1405 7 20
1406 31 25
1407 15 8
1408 17 4
1409 15 0
1410 10 13
1411 16 0
1412 20 5
1413 29 23
1414 7 11
1415 3 27
1416 6 22
1417 8 22
1418 18 16
1419 27 29
1420 6 21
1421 6 22
1422 11 3
1423 20 12
1424 28 3
1425 26 29
1426 31 28
1427 4 2
1428 30 21
1429 12 3
1430 27 23
1431 6 3
1432 17 16
1433 23 10
1434 2 8
1435 20 0
1436 31 23
1437 1 14
1438 8 13
1439 7 25
1440 22 11
1441 6 14
1442 17 24
1443 27 29
1444 14 8
1445 17 10
1446 18 1
1447 17 0
1448 31 27
1449 23 4
1450 5 14
1451 25 4
1452 26 29
1453 25 28
1454 6 21
1455 22 22
1456 5 27
1457 5 28
1458 14 0
1459 2 7
1460 15 4
1461 2 8
1462 23 13
1463 17 14
1464 30 25
1465 21 22
1466 16 6
1467 24 13
1468 31 28
1469 5 15
1470 2 7
1471 14 2
1472 26 0
1473 20 4
1474 8 14
1475 6 10
1476 2 16
1477 6 5
1478 13 9
1479 7 24
1480 15 7
1481 7 25
1482 23 12
1483 16 0
1484 6 2
1485 25 0
1486 3 5
1487 14 7
1488 3 26
1489 29 24
1490 23 9
1491 15 0
1492 7 19
1493 26 28
1494 29 25
1495 18 26
1496 31 24
1497 6 31
1498 22 12
1499 2 1
1500 30 15
1501 24 12
1502 6 15
1503 4 25
1504 22 11
1505 19 10
1506 18 25
1507 25 28
1508 29 24
1509 5 30
1510 18 2
1511 5 27
1512 24 0
1513 23 10
1514 16 5
1515 27 31
1516 3 1
1517 16 0
1518 6 14
1519 0 15
1520 20 2
1521 17 13
1522 5 3
1523 1 16
1524 17 9
1525 5 0
1526 22 4
1527 3 19
1528 26 4
1529 20 1
1530 14 8
1531 13 0
1532 11 3
1533 14 7
1534 21 2
1535 15 8
1536 30 19
1537 18 16
1538 23 9
1539 7 10
1540 18 4
1541 20 10
1542 14 1
1543 17 22
1544 29 25
1545 13 10
1546 1 15
1547 5 2
1548 10 12
1549 29 23
1550 27 0
1551 2 16
1552 25 12
1553 27 19
1554 3 10
1555 0 16
1556 22 12
1557 30 17
1558 13 9
1559 20 0
1560 16 24
1561 22 11
1562 31 19
1563 6 11
1564 15 0
1565 21 4
1566 29 24
1567 31 23
1568 12 14
1569 7 22
1570 22 0
1571 20 1
1572 18 1
1573 24 23
1574 5 3
1575 7 5
1576 5 2
1577 8 13
1578 7 7
1579 12 3
1580 27 24
1581 19 3
1582 17 10
1583 6 28
1584 23 0
1585 16 0
1586 7 31
1587 25 0
1588 22 5
1589 17 16
1590 4 26
1591 6 7
1592 7 11
1593 23 10
1594 19 6
1595 27 23
1596 6 0
1597 24 28
1598 14 2
1599 14 1
1600 5 28
1601 17 4
1602 12 15
1603 22 4
1604 7 20
1605 17 14
1606 8 14
1607 28 8
1608 25 28
1609 29 29
1610 5 14
1611 19 2
1612 17 24
1613 6 27
1614 29 28
1615 30 25
1616 7 30
1617 8 13
1618 0 15
1619 11 3
1620 4 2
1621 24 12
1622 18 6
1623 2 14
1624 31 24
1625 27 29
1626 5 0
1627 29 23
1628 3 27
1629 7 7
1630 31 27
1631 30 19
1632 17 0
1633 31 15
1634 14 8
1635 10 3
1636 0 16
1637 16 0
1638 19 10
1639 19 3
1640 5 2
1641 7 24
1642 1 14
1643 19 12
1644 30 22
1645 17 0
1646 18 26
1647 21 4
1648 14 0
1649 16 0
1650 26 28
1651 8 14
1652 20 10
1653 6 5
1654 3 9
1655 13 10
1656 27 24
1657 5 27
1658 16 4
1659 7 19
1660 5 31
1661 17 3
1662 29 24
1663 31 19
1664 7 31
1665 1 15
1666 7 12
1667 14 7
1668 16 6
1669 5 3
1670 24 0
1671 11 8
1672 7 30
1673 26 29
1674 30 21
1675 25 4
1676 24 5
1677 22 4
1678 5 28
1679 26 4
1680 29 29
1681 2 8
1682 23 13
1683 17 4
1684 16 24
1685 17 13
1686 20 12
1687 20 0
1688 8 22
1689 6 7
1690 30 18
1691 6 10
1692 6 14
1693 24 13
1694 29 23
1695 23 9
1696 6 12
1697 18 16
1698 5 27
1699 14 8
1700 6 28
1701 27 3
1702 6 11
1703 24 24
1704 31 25
1705 3 6
1706 4 25
1707 2 1
1708 12 8
1709 24 12
1710 11 3
1711 2 17
1712 23 4
1713 7 10
1714 22 12
1715 31 23
1716 0 15
1717 25 5
1718 30 25
1719 28 2
1720 6 10
1721 24 13
1722 24 23
1723 3 5
1724 23 12
1725 2 16
1726 5 28
1727 19 2
1728 1 13
1729 1 14
1730 22 4
1731 25 28
1732 12 0
1733 6 15
1734 6 14
1735 20 2
1736 23 10
1737 19 10
1738 29 25
1739 5 14
1740 7 7
1741 8 5
1742 3 10
1743 1 15
1744 28 4
1745 14 2
1746 3 9
1747 5 2
1748 22 0
1749 27 18
1750 30 17
1751 7 10
1752 16 5
1753 6 22
1754 12 14
1755 10 2
1756 3 2
1757 2 17
1758 22 11
1759 15 7
1760 28 0
1761 23 4
1762 1 14
1763 0 13
1764 6 10
1765 27 29
1766 30 22
1767 28 31
1768 27 0
1769 6 28
1770 31 28
1771 18 5
1772 1 15
1773 7 20
1774 0 16
1775 17 16
1776 3 1
1777 15 4
1778 22 22
1779 18 2
1780 8 13
1781 7 10
1782 14 1
1783 17 24
1784 16 4
1785 2 7
1786 0 8
1787 30 21
1788 28 3
1789 7 5
1790 20 1
1791 26 29
1792 19 5
1793 2 19
1794 23 0
1795 27 19
1796 0 7
1797 18 1
1798 2 1
1799 24 12
1800 20 10
1801 30 19
1802 14 7
1803 15 4
1804 16 4
1805 27 18
1806 22 4
1807 10 3
1808 18 2
1809 0 15
1810 30 18
1811 6 7
1812 22 12
1813 18 4
1814 21 22
1815 25 4
1816 27 8
1817 22 11
1818 1 14
1819 28 8
1820 19 10
1821 22 22
1822 27 8
1823 2 16
1824 2 17
1825 11 8
1826 26 4
1827 18 22
1828 7 11
1829 7 29
1830 6 6
1831 26 30
1832 27 23
1833 20 0
1834 7 7
1835 10 13
1836 22 5
1837 31 27
1838 7 31
1839 16 24
1840 6 5
1841 6 14
1842 21 22
1843 29 24
1844 13 9
1845 4 2
1846 30 15
1847 18 1
1848 5 28
1849 6 11
1850 5 14
1851 6 10
1852 18 2
1853 27 24
1854 6 7
1855 23 9
1856 7 7
1857 2 8
1858 28 2
1859 1 13
1860 25 4
1861 19 3
1862 3 19
1863 6 31
1864 14 2
1865 2 19
1866 30 25
1867 19 6
1868 22 22
1869 27 4
1870 17 0
1871 29 28
1872 10 12
1873 3 19
1874 23 13
1875 31 24
1876 15 5
1877 28 3
1878 25 0
1879 12 15
1880 18 6
1881 18 1
1882 6 0
1883 24 28
1884 6 14
1885 26 4
1886 11 2
1887 11 3
1888 6 3
1889 15 7
1890 19 6
1891 24 0
1892 13 10
1893 17 24
1894 14 7
1895 4 15
1896 24 13
1897 19 12
1898 25 0
1899 29 25
1900 19 5
1901 13 0
1902 17 14
1903 6 11
1904 3 26
1905 19 2
1906 30 25
1907 6 21
1908 1 16
1909 26 0
1910 18 25
1911 27 23
1912 31 22
1913 17 4
1914 3 10
1915 28 8
1916 16 4
1917 6 2
1918 4 26
1919 27 24
1920 22 4
1921 23 10
1922 18 2
1923 6 22
1924 7 30
1925 2 16
1926 23 5
1927 17 13
1928 23 4
1929 24 12
1930 18 26
1931 7 12
1932 5 15
1933 6 6
1934 29 29
1935 22 0
1936 12 0
1937 7 22
1938 20 1
1939 1 15
1940 5 27
1941 6 5
1942 21 4
1943 4 15
1944 0 16
1945 6 21
1946 6 7
1947 18 1
1948 17 9
1949 0 13
1950 14 1
1951 5 31
1952 27 19
1953 7 5
1954 1 13
1955 12 14
1956 19 3
1957 15 4
1958 20 2
1959 0 13
1960 12 15
1961 22 12
1962 8 14
1963 6 5
1964 24 24
1965 27 4
1966 2 19
1967 5 3
1968 15 5
1969 23 9
1970 12 8
1971 17 22
1972 20 1
1973 16 24
1974 20 12
1975 13 9
1976 13 0
1977 25 28
1978 5 14
1979 27 8
1980 12 14
1981 29 25
1982 7 5
1983 29 28
1984 7 7
1985 7 11
1986 22 11
1987 15 7
1988 24 28
1989 17 10
1990 1 17
1991 4 25
1992 12 3
1993 3 1
1994 26 5
1995 5 2
1996 4 26
1997 2 17
1998 31 25
1999 6 14
2000 31 28
2001 18 22
2002 18 2
2003 23 0
2004 7 19
2005 22 12
2006 7 12
2007 1 13
2008 5 28
2009 1 14
2010 26 29
2011 25 0
2012 18 1
2013 27 23
2014 19 6
2015 25 30
2016 27 24
2017 6 27
2018 31 15
2019 5 15
2020 17 22
2021 31 24
2022 30 17
2023 25 28
2024 23 10
2025 3 2
2026 7 31
2027 6 3
2028 3 9
2029 7 11
2030 20 2
2031 29 29
2032 20 10
2033 27 18
2034 2 7
2035 7 10
2036 7 11
2037 18 16
2038 20 1
2039 22 11
2040 22 4
2041 5 0
2042 26 4
2043 11 3
2044 6 10
2045 4 14
2046 14 7
2047 1 16
2048 7 25
2049 20 0
2050 5 27
2051 2 16
2052 30 18
2053 20 1
2054 17 4
2055 12 0
2056 30 15
2057 1 15
2058 13 0
2059 4 2
2060 7 10
2061 7 20
2062 0 13
2063 30 17
2064 27 2
2065 6 5
2066 7 30
2067 3 10
2068 19 5
2069 1 13
2070 23 5
2071 3 26
2072 6 2
2073 3 9
2074 3 10
2075 11 8
2076 16 7
2077 12 8
2078 6 28
2079 18 25
2080 21 4
2081 5 2
2082 30 18
2083 14 0
2084 27 3
2085 30 22
2086 21 0
2087 24 13
2088 16 6
2089 8 13
2090 8 22
2091 6 0
2092 3 19
2093 8 29
2094 6 7
2095 17 9
2096 7 22
2097 20 0
2098 24 5
2099 10 13
2100 15 4
2101 6 2
2102 14 1
2103 13 10
2104 11 0
2105 2 8
2106 17 24
2107 14 0
2108 27 31
2109 30 17
2110 6 22
2111 16 4
2112 22 4
2113 2 1
2114 27 4
2115 31 27
2116 3 1
2117 7 29
2118 28 31
2119 24 28
2120 3 17
2121 24 23
2122 8 22
2123 7 22
2124 10 3
2125 20 4
2126 31 25
2127 6 21
2128 15 4
2129 22 0
2130 18 22
2131 29 28
2132 28 8
2133 24 0
2134 21 4
2135 2 1
2136 27 29
2137 5 2
2138 19 10
2139 25 0
2140 20 1
2141 19 6
2142 0 13
2143 0 15
2144 17 14
2145 11 3
2146 13 0
2147 16 4
2148 23 0
2149 17 6
2150 7 19
2151 31 15
2152 14 0
2153 1 13
2154 13 3
2155 26 4
2156 8 5
2157 5 28
2158 4 1
2159 7 20
2160 3 1
2161 23 13
2162 17 13
2163 16 0
2164 27 23
2165 7 7
2166 31 21
2167 25 5
2168 4 2
2169 26 29
2170 14 8
2171 4 26
2172 8 22
2173 5 0
2174 24 13
2175 14 7
2176 30 15
2177 3 2
2178 17 0
2179 14 2
2180 18 2
2181 15 5
2182 13 9
2183 17 22
2184 21 22
2185 4 2
2186 15 4
2187 4 15
2188 10 3
2189 1 14
2190 12 15
2191 2 19
2192 12 0
2193 17 16
2194 24 0
2195 30 18
2196 12 14
2197 18 6
2198 31 15
2199 18 22
2200 6 31
2201 2 17
2202 5 14
2203 2 7
2204 20 0
2205 6 27
2206 25 0
2207 3 9
2208 18 16
2209 22 12
2210 22 0
2211 25 4
2212 7 31
2213 12 3
2214 27 29
2215 19 5
2216 16 24
2217 8 14
2218 30 21
2219 24 0
2220 17 16
2221 1 15
2222 24 30
2223 3 27
2224 19 6
2225 10 12
2226 30 15
2227 25 0
2228 17 24
2229 25 28
2230 24 24
2231 27 8
2232 3 6
2233 15 5
2234 27 24
2235 30 17
2236 28 2
2237 27 31
2238 4 1
2239 7 24
2240 22 22
2241 13 0
2242 26 29
2243 0 13
2244 18 6
2245 23 30
2246 5 27
2247 21 0
2248 11 0
2249 27 29
2250 6 11
2251 6 22
2252 31 19
2253 3 17
2254 7 5
2255 23 0
2256 23 4
2257 17 10
2258 17 4
2259 0 16
2260 14 8
2261 15 4
2262 28 31
2263 31 21
2264 16 4
2265 24 30
2266 24 23
2267 7 11
2268 27 4
2269 18 16
2270 30 18
2271 27 31
2272 17 9
2273 28 8
2274 12 0
2275 13 10
2276 11 3
2277 28 0
2278 3 5
2279 22 11
2280 4 2
2281 27 8
2282 6 7
2283 23 12
2284 20 10
2285 24 28
2286 7 30
2287 26 4
2288 6 10
2289 28 8
2290 2 17
2291 29 29
2292 2 1
2293 16 24
2294 19 10
2295 31 28
2296 17 14
2297 27 0
2298 8 29
2299 6 15
2300 17 10
2301 7 31
2302 12 15
2303 27 23
2304 5 28
2305 7 30
2306 21 22
2307 30 17
2308 14 1
2309 28 31
2310 14 0
2311 30 25
2312 29 28
2313 6 14
2314 10 2
2315 17 22
2316 22 0
2317 11 8
2318 6 2
2319 22 22
2320 4 25
2321 5 15
2322 31 25
2323 0 15
2324 30 24
2325 18 26
2326 0 16
2327 27 8
2328 16 0
2329 3 6
2330 3 1
2331 0 8
2332 21 22
2333 6 0
2334 5 27
2335 4 26
2336 20 0
2337 21 0
2338 28 8
2339 26 0
2340 10 13
2341 2 8
2342 12 8
2343 17 16
2344 3 5
2345 2 0
2346 10 12
2347 6 28
2348 24 12
2349 19 2
2350 6 12
2351 30 25
2352 15 4
2353 15 5
2354 19 6
2355 2 7
2356 2 1
2357 22 4
2358 23 5
2359 30 19
2360 29 25
2361 7 10
2362 19 5
2363 28 3
2364 23 0
2365 22 22
2366 30 21
2367 29 22
2368 18 25
2369 5 0
2370 7 19
2371 17 24
2372 19 12
2373 27 3
2374 27 8
2375 7 31
2376 20 0
2377 13 9
2378 27 24
2379 18 16
2380 0 7
2381 10 3
2382 11 2
2383 15 4
2384 16 4
2385 28 8
2386 7 29
2387 6 10
2388 13 0
2389 24 24
2390 3 16
2391 27 2
2392 27 23
2393 16 24
2394 7 22
2395 5 14
2396 25 5
2397 6 0
2398 5 31
2399 8 13
2400 23 13
2401 27 19
2402 28 2
2403 11 3
2404 6 11
2405 8 5
2406 30 22
2407 31 27
2408 25 0
2409 4 25
2410 2 16
2411 24 23
2412 1 14
2413 8 14
2414 15 4
2415 23 4
2416 28 4
2417 7 5
2418 24 13
2419 28 3
2420 16 5
2421 26 29
2422 7 10
2423 5 0
2424 24 24
2425 30 25
2426 20 12
2427 22 0
2428 24 5
2429 3 2
2430 14 0
2431 19 6
2432 3 26
2433 18 1
2434 31 28
2435 31 15
2436 12 3
2437 17 9
2438 6 21
2439 30 15
2440 31 19
2441 6 14
2442 5 14
2443 21 4
2444 27 24
2445 16 4
2446 5 2
2447 6 31
2448 3 10
2449 18 5
2450 4 26
2451 3 19
2452 21 22
2453 20 10
2454 0 8
2455 17 13
2456 18 2
2457 3 1
2458 6 6
2459 18 22
2460 27 29
2461 19 3
2462 18 6
2463 3 6
2464 27 23
2465 5 15
2466 26 0
2467 11 3
2468 5 31
2469 13 10
2470 19 12
2471 23 1
2472 3 27
2473 14 7
2474 3 17
2475 17 24
2476 30 18
2477 19 6
2478 6 15
2479 23 12
2480 17 22
2481 8 22
2482 17 4
2483 7 20
2484 29 25
2485 8 13
2486 29 29
2487 8 14
2488 14 8
2489 2 8
2490 6 5
2491 30 25
2492 18 6
2493 3 26
2494 17 10
2495 11 8
2496 27 3
2497 2 19
2498 17 16
2499 27 8
2500 19 5
2501 28 8
2502 16 4
2503 16 5
2504 13 0
2505 12 0
2506 31 21
2507 7 22
2508 18 16
2509 25 0
2510 14 7
2511 18 1
2512 22 4
2513 16 4
2514 2 7
2515 20 1
2516 4 25
2517 18 26
2518 23 30
2519 6 22
2520 4 26
2521 17 0
2522 1 15
2523 7 19
2524 25 5
2525 19 2
2526 12 3
2527 26 0
2528 23 0
2529 25 4
2530 2 8
2531 7 30
2532 3 9
2533 7 7
2534 19 6
2535 27 18
2536 16 0
2537 26 29
2538 1 13
2539 30 21
2540 5 28
2541 24 1
2542 6 14
2543 7 20
2544 24 30
2545 5 14
2546 25 5
2547 2 17
2548 27 4
2549 17 14
2550 0 7
2551 29 28
2552 28 0
2553 20 0
2554 4 15
2555 18 4
2556 23 5
2557 27 8
2558 6 14
2559 6 28
2560 12 14
2561 3 17
2562 29 29
2563 3 2
2564 13 0
2565 31 25
2566 25 28
2567 3 10
2568 25 0
2569 7 25
2570 17 16
2571 18 16
2572 6 10
2573 31 15
2574 6 7
2575 23 30
2576 13 9
2577 15 5
2578 5 28
2579 15 4
2580 30 15
2581 27 31
2582 8 22
2583 17 0
2584 14 8
2585 26 0
2586 1 14
2587 17 4
2588 6 31
2589 24 12
2590 22 22
2591 8 10
2592 3 19
2593 27 24
2594 31 22
2595 2 17
2596 3 25
2597 28 3
2598 24 2
2599 23 9
2600 6 2
2601 26 4
2602 17 6
2603 16 0
2604 21 4
2605 7 10
2606 20 12
2607 24 30
2608 19 12
2609 16 5
2610 6 10
2611 5 2
2612 27 0
2613 22 4
2614 8 5
2615 17 9
2616 3 1
2617 27 4
2618 14 0
2619 30 25
2620 22 12
2621 7 7
2622 26 4
2623 17 0
2624 18 25
2625 27 23
2626 27 24
2627 8 13
2628 2 16
2629 3 9
2630 10 13
2631 23 30
2632 11 0
2633 5 15
2634 8 14
2635 11 3
2636 6 7
2637 25 4
2638 24 28
2639 7 22
2640 27 2
2641 12 3
2642 28 8
2643 2 19
2644 12 0
2645 2 7
2646 27 19
2647 0 8
2648 29 28
2649 2 2
2650 23 10
2651 25 2
2652 16 7
2653 2 17
2654 14 1
2655 6 27
2656 7 10
2657 31 15
2658 24 23
2659 30 15
2660 14 7
2661 23 4
2662 17 13
2663 5 14
2664 7 31
2665 17 16
2666 22 11
2667 7 5
2668 28 0
2669 31 27
2670 10 12
2671 30 22
2672 29 25
2673 4 16
2674 11 3
2675 6 14
2676 2 16
2677 27 0
2678 27 23
2679 29 29
2680 30 25
2681 2 8
2682 7 19
2683 2 17
2684 6 2
2685 6 31
2686 31 21
2687 18 22
2688 18 26
2689 17 10
2690 7 24
2691 3 5
2692 29 24
2693 7 25
2694 6 5
2695 2 1
2696 7 31
2697 18 6
2698 24 24
2699 27 8
2700 2 25
2701 28 25
2702 26 4
2703 16 4
2704 7 30
2705 14 8
2706 8 9
2707 6 21
2708 7 31
2709 12 15
2710 18 25
2711 12 8
2712 5 27
2713 16 24
2714 31 28
2715 3 19
2716 30 21
2717 11 8
2718 3 17
2719 19 6
2720 27 18
2721 19 3
2722 2 7
2723 12 14
2724 12 15
2725 27 4
2726 27 29
2727 28 0
2728 17 22
2729 21 4
2730 2 17
2731 0 7
2732 22 12
2733 17 9
2734 26 29
2735 30 22
2736 8 13
2737 18 4
2738 18 2
2739 7 5
2740 6 22
2741 28 8
2742 28 31
2743 29 25
2744 6 11
2745 14 0
2746 25 0
2747 19 2
2748 29 28
2749 0 8
2750 14 1
2751 0 13
2752 28 2
2753 20 1
2754 27 29
2755 27 31
2756 29 29
2757 8 10
2758 1 13
2759 13 10
2760 18 26
2761 30 21
2762 8 14
2763 27 0
2764 24 13
2765 7 20
2766 17 4
2767 4 15
2768 27 24
2769 2 19
2770 17 24
2771 5 30
2772 16 24
2773 31 15
2774 8 4
2775 18 25
2776 27 2
2777 2 16
2778 23 9
2779 24 5
2780 1 15
2781 16 0
2782 1 14
2783 22 4
2784 28 31
2785 5 28
2786 24 0
2787 18 4
2788 12 8
2789 0 15
2790 27 3
2791 6 0
2792 3 10
2793 0 13
2794 6 5
2795 17 4
2796 5 31
2797 12 3
2798 5 14
2799 25 28
2800 12 14
2801 14 0
2802 6 31
2803 18 26
2804 26 2
2805 4 25
2806 2 17
2807 20 0
2808 3 16
2809 14 7
2810 16 6
2811 23 4
2812 14 2
2813 7 30
2814 15 5
2815 27 31
2816 19 10
2817 24 12
2818 13 0
2819 25 12
2820 7 7
2821 18 25
2822 1 15
2823 26 4
2824 2 0
2825 17 24
2826 6 21
2827 5 0
2828 28 0
2829 24 28
2830 6 14
2831 11 3
2832 25 4
2833 11 8
2834 31 21
2835 22 11
2836 7 19
2837 8 5
2838 30 19
2839 14 1
2840 1 13
2841 6 22
2842 12 8
2843 24 12
2844 15 4
2845 22 4
2846 13 9
2847 31 25
2848 23 4
2849 10 3
2850 14 2
2851 27 19
2852 23 10
2853 7 5
2854 7 11
2855 17 0
2856 16 5
2857 23 9
2858 5 27
2859 30 21
2860 28 31
2861 23 10
2862 18 6
2863 5 14
2864 30 25
2865 2 1
2866 18 26
2867 8 22
2868 17 7
2869 11 3
2870 3 19
2871 10 3
2872 18 22
2873 2 14
2874 22 12
2875 17 22
2876 16 24
2877 8 13
2878 6 7
2879 11 8
2880 14 8
2881 31 19
2882 3 2
2883 18 22
2884 6 10
2885 20 10
2886 25 28
2887 7 10
2888 6 6
2889 5 31
2890 23 9
2891 24 2
2892 16 4
2893 5 2
2894 4 2
2895 2 19
2896 14 1
2897 16 0
2898 22 4
2899 11 3
2900 3 19
2901 15 5
2902 2 24
2903 31 21
2904 6 0
2905 0 13
2906 2 16
2907 5 3
2908 6 11
2909 27 0
2910 27 23
2911 27 2
2912 6 28
2913 29 25
2914 2 25
2915 13 10
2916 5 0
2917 23 13
2918 14 7
2919 27 31
2920 26 29
2921 6 5
2922 2 19
2923 25 0
2924 17 24
2925 30 19
2926 1 13
2927 16 24
2928 5 28
2929 7 11
2930 30 15
2931 24 13
2932 6 21
2933 5 16
2934 13 2
2935 17 22
2936 24 12
2937 22 0
2938 17 6
2939 5 15
2940 27 18
2941 28 2
2942 30 24
2943 7 20
2944 25 5
2945 5 30
2946 18 25
2947 3 1
2948 12 3
2949 0 13
2950 2 8
2951 20 4
2952 11 3
2953 19 3
2954 21 22
2955 25 2
2956 30 25
2957 16 7
2958 28 0
2959 26 4
2960 27 29
2961 5 2
2962 12 15
2963 6 10
2964 15 4
2965 28 3
2966 4 15
2967 24 30
2968 7 5
2969 26 0
2970 27 24
2971 25 4
2972 27 0
2973 12 8
2974 11 8
2975 15 5
2976 12 8
2977 28 2
2978 8 14
2979 17 14
2980 6 14
2981 24 23
2982 6 27
2983 7 31
2984 19 2
2985 27 2
2986 31 25
2987 27 23
2988 20 1
2989 27 4
2990 5 27
2991 7 19
2992 2 17
2993 5 14
2994 6 3
2995 23 30
2996 3 2
2997 4 26
2998 27 19
2999 22 11
3000 18 1
3001 19 10
3002 5 31
3003 7 10
3004 10 13
3005 30 21
3006 26 4
3007 23 0
3008 14 0
3009 3 9
3010 17 13
3011 1 14
3012 25 0
3013 27 18
3014 13 3
3015 3 6
3016 3 5
3017 28 31
3018 20 0
3019 4 2
3020 21 4
3021 2 16
3022 31 27
3023 7 7
3024 7 22
3025 3 6
3026 22 0
3027 5 15
3028 30 17
3029 24 13
3030 19 3
3031 23 2
3032 6 30
3033 4 25
3034 6 0
3035 2 1
3036 13 0
3037 0 15
3038 2 24
3039 20 5
3040 6 28
3041 23 0
3042 12 3
3043 5 28
3044 27 8
3045 6 22
3046 18 26
3047 8 13
3048 2 25
3049 3 1
3050 6 2
3051 19 6
3052 24 2
3053 11 8
3054 3 10
3055 23 10
3056 30 25
3057 17 24
3058 14 0
3059 31 22
3060 5 16
3061 24 1
3062 1 15
3063 6 11
3064 17 14
3065 0 16
3066 25 4
3067 31 24
3068 31 19
3069 17 0
3070 16 6
3071 25 12
# colocadas=3072 ocupadas=100 mayor=222
