0 0 0
1 0 31
2 31 0
3 30 0
4 0 1
5 31 0
6 30 0
7 31 31
8 31 0
9 0 0
10 0 30
11 0 2
12 30 31
13 30 0
14 31 0
15 31 31
16 30 0
17 30 31
18 0 31
19 1 0
20 0 30
21 31 0
22 0 1
23 0 31
24 0 30
25 30 0
26 2 0
27 0 31
28 31 31
29 30 31
30 31 0
31 30 0
32 1 0
33 31 31
34 0 2
35 30 31
36 0 0
37 31 0
38 30 0
39 31 0
40 0 30
41 1 0
42 31 31
43 0 1
44 30 31
45 2 0
46 31 31
47 30 31
48 30 0
49 31 31
50 31 0
51 1 0
52 30 31
53 30 0
54 31 0
55 31 31
56 2 0
57 30 0
58 0 31
59 0 30
60 30 31
61 31 31
62 31 0
63 1 0
64 30 31
65 0 2
66 0 31
67 0 1
68 0 2
69 0 1
70 2 0
71 0 0
72 0 30
73 0 1
74 1 0
75 31 31
76 0 31
77 30 0
78 31 0
79 0 2
80 0 30
81 0 31
82 0 0
83 0 3
84 30 31
85 31 31
86 0 2
87 0 3
88 0 1
89 0 0
90 30 31
91 31 31
92 30 31
93 0 1
94 0 4
95 31 31
96 30 0
97 0 30
98 0 0
99 0 31
100 0 3
101 0 30
102 31 0
103 0 1
104 30 31
105 31 31
106 30 31
107 0 0
108 0 2
109 1 0
110 0 1
111 31 31
112 30 31
113 30 0
114 31 0
115 31 31
116 0 2
117 30 31
118 0 31
119 0 0
120 0 30
121 0 31
122 1 0
123 0 1
124 31 31
125 30 31
126 31 31
127 0 2
128 0 1
129 2 0
130 30 31
131 0 30
132 31 31
133 0 31
134 0 30
135 0 0
136 3 0
137 2 0
138 0 1
139 0 0
140 0 1
141 1 0
142 0 31
143 30 31
144 0 2
145 0 0
146 0 30
147 0 31
148 0 3
149 0 30
150 0 2
151 0 3
152 0 2
153 0 3
154 0 1
155 31 31
156 0 0
157 30 0
158 0 1
159 0 4
160 31 0
161 0 31
162 0 30
163 0 31
164 0 0
165 0 3
166 0 2
167 30 31
168 30 0
169 0 30
170 0 3
171 0 31
172 0 2
173 1 0
174 31 0
175 0 30
176 31 31
177 0 31
178 0 0
179 0 3
180 0 2
181 0 3
182 0 1
183 0 30
184 0 31
185 0 30
186 0 0
187 0 2
188 30 31
189 1 0
190 0 1
191 30 0
192 0 31
193 0 2
194 0 1
195 0 30
196 31 0
197 2 0
198 31 31
199 0 0
200 3 0
201 2 0
202 0 31
203 0 1
204 30 31
205 1 0
206 2 0
207 0 0
208 31 31
209 3 0
210 0 30
211 30 31
212 0 1
213 0 31
214 30 0
215 31 31
216 30 31
217 31 31
218 0 0
219 0 30
220 0 31
221 0 1
222 30 31
223 0 0
224 31 31
225 30 31
226 2 0
227 0 30
228 31 31
229 3 0
230 2 0
231 0 1
232 30 31
233 31 31
234 1 0
235 0 31
236 31 0
237 30 0
238 30 31
239 2 0
240 0 0
241 0 30
242 31 31
243 0 31
244 0 30
245 0 31
246 31 0
247 0 1
248 30 31
249 1 0
250 0 30
251 2 0
252 30 0
253 0 31
254 31 31
255 30 31
256 31 31
257 0 30
258 0 31
259 1 0
260 31 0
261 30 0
262 31 0
263 0 30
264 2 0
265 1 0
266 30 0
267 31 0
268 0 31
269 2 0
270 30 31
271 1 0
272 30 0
273 0 2
274 0 30
275 0 0
276 1 0
277 0 0
278 0 31
279 31 0
280 31 31
281 30 0
282 0 3
283 30 31
284 0 1
285 0 4
286 0 3
287 31 31
288 0 0
289 30 31
290 31 31
291 31 0
292 0 30
293 0 31
294 0 2
295 30 0
296 0 30
297 31 0
298 30 31
299 0 3
300 30 0
301 31 31
302 0 31
303 0 1
304 30 31
305 31 0
306 0 0
307 31 31
308 0 1
309 30 31
310 30 0
311 31 0
312 31 31
313 30 0
314 0 30
315 31 0
316 30 0
317 0 0
318 30 31
319 0 31
320 31 0
321 0 30
322 30 0
323 31 0
324 30 0
325 0 2
326 31 31
327 30 31
328 0 3
329 0 2
330 0 3
331 31 31
332 0 2
333 0 31
334 1 0
335 0 0
336 0 30
337 0 3
338 30 31
339 31 0
340 31 31
341 0 1
342 30 31
343 0 31
344 30 0
345 31 0
346 30 0
347 31 31
348 0 0
349 30 31
350 0 2
351 0 30
352 1 0
353 0 0
354 1 0
355 31 31
356 30 31
357 31 0
358 0 0
359 1 0
360 0 31
361 30 0
362 0 1
363 0 30
364 0 2
365 31 0
366 30 0
367 0 0
368 0 3
369 0 1
370 31 0
371 31 31
372 0 31
373 0 4
374 0 3
375 30 0
376 31 0
377 30 0
378 0 0
379 0 30
380 30 31
381 0 1
382 0 31
383 31 0
384 0 0
385 0 2
386 0 3
387 0 30
388 31 31
389 0 1
390 0 0
391 0 2
392 30 0
393 30 31
394 31 31
395 0 31
396 0 3
397 0 30
398 0 2
399 0 3
400 0 1
401 0 31
402 31 0
403 0 0
404 30 0
405 0 30
406 31 0
407 0 31
408 0 30
409 0 1
410 30 31
411 0 31
412 31 31
413 30 31
414 0 30
415 30 0
416 0 0
417 31 0
418 0 31
419 0 30
420 0 2
421 0 3
422 30 0
423 0 2
424 31 31
425 30 31
426 0 3
427 0 2
428 31 31
429 31 0
430 30 0
431 0 3
432 0 31
433 0 30
434 0 2
435 0 3
436 0 2
437 0 31
438 0 30
439 0 3
440 0 2
441 1 0
442 30 31
443 0 31
444 31 31
445 30 31
446 0 1
447 31 0
448 31 31
449 30 31
450 0 30
451 2 0
452 30 0
453 0 31
454 31 0
455 1 0
456 0 2
457 31 31
458 30 0
459 0 30
460 0 31
461 30 31
462 0 1
463 0 2
464 0 30
465 0 31
466 31 0
467 30 0
468 0 30
469 0 1
470 2 0
471 31 31
472 30 31
473 1 0
474 0 31
475 31 0
476 30 0
477 31 31
478 2 0
479 1 0
480 2 0
481 0 0
482 31 0
483 0 1
484 0 30
485 1 0
486 0 2
487 0 1
488 2 0
489 30 31
490 0 0
491 30 0
492 3 0
493 31 31
494 2 0
495 31 0
496 30 31
497 30 0
498 0 31
499 3 0
500 31 31
501 30 31
502 0 1
503 31 31
504 30 31
505 0 0
506 31 0
507 2 0
508 0 1
509 0 0
510 31 31
511 30 31
512 0 30
513 30 0
514 31 31
515 30 31
516 31 0
517 3 0
518 30 0
519 31 31
520 0 31
521 31 0
522 0 30
523 30 0
524 0 1
525 0 0
526 31 0
527 30 0
528 0 31
529 0 30
530 31 0
531 30 0
532 2 0
533 3 0
534 2 0
535 0 31
536 30 31
537 31 0
538 31 31
539 30 0
540 31 0
541 30 0
542 31 0
543 30 0
544 0 1
545 1 0
546 2 0
547 0 0
548 3 0
549 0 1
550 2 0
551 0 0
552 30 31
553 31 31
554 30 31
555 0 30
556 0 1
557 31 0
558 0 31
559 1 0
560 0 2
561 0 1
562 0 2
563 0 30
564 30 0
565 0 1
566 0 2
567 31 0
568 0 0
569 0 31
570 31 31
571 30 0
572 1 0
573 31 0
574 0 1
575 0 30
576 30 31
577 0 31
578 2 0
579 0 30
580 1 0
581 2 0
582 0 31
583 30 0
584 31 31
585 30 31
586 1 0
587 0 30
588 31 0
589 0 31
590 2 0
591 0 30
592 1 0
593 2 0
594 31 31
595 30 31
596 0 0
597 0 31
598 3 0
599 0 30
600 30 0
601 0 1
602 2 0
603 1 0
604 31 31
605 30 31
606 0 2
607 31 31
608 30 31
609 31 0
610 0 1
611 0 31
612 0 2
613 0 30
614 0 31
615 30 0
616 0 1
617 0 30
618 0 2
619 0 0
620 0 31
621 0 3
622 0 30
623 0 1
624 31 31
625 0 31
626 0 4
627 31 0
628 0 0
629 0 30
630 0 3
631 0 31
632 0 30
633 30 31
634 30 0
635 31 31
636 31 0
637 30 31
638 0 31
639 0 30
640 0 1
641 31 31
642 0 4
643 0 0
644 30 0
645 30 31
646 0 31
647 0 30
648 0 31
649 0 1
650 0 3
651 0 4
652 0 30
653 31 31
654 30 31
655 31 31
656 31 0
657 0 0
658 30 31
659 0 1
660 0 31
661 0 30
662 0 0
663 30 0
664 0 3
665 0 31
666 31 31
667 30 31
668 0 1
669 31 31
670 31 0
671 30 0
672 0 30
673 31 0
674 30 31
675 0 4
676 30 0
677 0 3
678 0 4
679 31 31
680 0 31
681 0 30
682 31 0
683 30 31
684 0 3
685 0 31
686 0 4
687 0 30
688 0 31
689 0 3
690 30 0
691 0 30
692 0 31
693 0 0
694 0 1
695 0 30
696 31 31
697 30 31
698 0 31
699 31 31
700 31 0
701 30 0
702 31 0
703 0 4
704 0 30
705 0 0
706 30 0
707 31 0
708 30 0
709 31 0
710 0 3
711 0 31
712 0 1
713 30 0
714 0 4
715 0 3
716 31 0
717 30 31
718 0 0
719 31 31
720 0 30
721 30 0
722 0 1
723 31 0
724 30 31
725 30 0
726 0 0
727 0 1
728 31 31
729 0 0
730 31 0
731 30 31
732 30 0
733 0 2
734 1 0
735 31 31
736 0 1
737 31 0
738 0 2
739 30 0
740 30 31
741 31 0
742 31 31
743 0 1
744 0 31
745 0 30
746 2 0
747 30 31
748 31 31
749 30 31
750 31 31
751 30 0
752 1 0
753 0 31
754 2 0
755 30 31
756 1 0
757 0 30
758 2 0
759 0 31
760 0 30
761 0 31
762 0 0
763 3 0
764 2 0
765 0 1
766 31 31
767 30 31
768 1 0
769 31 31
770 31 0
771 0 2
772 0 0
773 0 3
774 30 0
775 0 1
776 30 31
777 0 4
778 31 0
779 0 30
780 30 0
781 0 0
782 0 31
783 0 30
784 31 31
785 0 3
786 0 31
787 31 0
788 0 30
789 30 31
790 30 0
791 31 31
792 0 2
793 1 0
794 0 1
795 31 0
796 2 0
797 30 31
798 0 0
799 30 0
800 3 0
801 0 1
802 2 0
803 31 0
804 31 31
805 0 31
806 1 0
807 30 31
808 30 0
809 31 0
810 0 30
811 0 2
812 0 0
813 0 3
814 0 2
815 1 0
816 31 31
817 0 0
818 0 3
819 30 0
820 0 1
821 30 31
822 0 0
823 31 0
824 0 31
825 0 1
826 31 31
827 0 30
828 30 0
829 30 31
830 0 0
831 31 0
832 31 31
833 0 2
834 0 3
835 30 31
836 30 0
837 0 31
838 0 2
839 31 0
840 30 0
841 31 31
842 1 0
843 0 30
844 30 31
845 31 0
846 31 31
847 30 31
848 0 1
849 0 2
850 0 31
851 0 30
852 0 1
853 31 31
854 30 0
855 30 31
856 0 31
857 31 31
858 2 0
859 0 30
860 1 0
861 30 31
862 31 0
863 31 31
864 0 31
865 0 30
866 0 2
867 0 0
868 30 0
869 0 31
870 0 3
871 0 30
872 0 2
873 0 31
874 0 30
875 1 0
876 0 31
877 0 1
878 0 30
879 30 31
880 31 31
881 0 31
882 30 31
883 0 2
884 0 30
885 0 1
886 31 0
887 31 31
888 30 31
889 30 0
890 2 0
891 0 0
892 31 31
893 0 1
894 31 0
895 0 0
896 30 0
897 30 31
898 3 0
899 0 1
900 0 0
901 0 31
902 0 1
903 2 0
904 31 31
905 0 0
906 3 0
907 31 0
908 2 0
909 30 31
910 0 30
911 0 1
912 31 31
913 1 0
914 30 31
915 31 31
916 0 31
917 30 0
918 0 2
919 30 31
920 0 30
921 31 0
922 31 31
923 30 31
924 31 31
925 30 31
926 31 31
927 0 0
928 30 31
929 31 31
930 30 31
931 0 31
932 0 30
933 31 31
934 30 0
935 0 31
936 30 31
937 1 0
938 0 30
939 31 0
940 0 1
941 0 31
942 0 30
943 0 2
944 30 0
945 0 31
946 0 30
947 0 0
948 0 31
949 0 3
950 0 30
951 31 31
952 0 1
953 0 0
954 30 31
955 0 31
956 31 0
957 31 31
958 0 2
959 30 0
960 30 31
961 31 31
962 1 0
963 31 0
964 0 0
965 0 30
966 0 3
967 30 0
968 0 1
969 0 4
970 31 0
971 0 31
972 30 0
973 30 31
974 31 31
975 30 31
976 31 0
977 0 30
978 30 0
979 31 31
980 30 31
981 31 0
982 0 0
983 0 3
984 31 31
985 0 1
986 0 31
987 0 4
988 0 3
989 30 0
990 0 4
991 0 3
992 30 31
993 0 30
994 31 31
995 30 31
996 31 0
997 0 31
998 31 31
999 30 31
1000 0 0
1001 0 1
1002 0 4
1003 31 31
1004 0 3
1005 0 30
1006 0 4
1007 30 31
1008 31 31
1009 0 0
1010 0 1
1011 0 31
1012 0 3
1013 0 0
1014 30 0
1015 0 1
1016 0 30
1017 0 4
1018 31 0
1019 0 0
1020 0 3
1021 0 1
1022 0 4
1023 0 0
1024 0 31
1025 30 0
1026 0 3
1027 0 1
1028 0 30
1029 31 0
1030 30 0
1031 31 0
1032 30 0
1033 0 0
1034 0 1
1035 31 0
1036 30 31
1037 0 31
1038 30 0
1039 0 30
1040 0 31
1041 31 0
1042 0 4
1043 0 0
1044 0 1
1045 31 31
1046 30 31
1047 0 0
1048 0 1
1049 0 0
1050 31 31
1051 0 1
1052 0 30
1053 0 31
1054 0 30
1055 30 0
1056 30 31
1057 31 0
1058 0 0
1059 0 3
1060 30 0
1061 0 2
1062 1 0
1063 0 31
1064 0 30
1065 0 31
1066 0 1
1067 31 0
1068 0 30
1069 0 2
1070 0 31
1071 31 31
1072 0 0
1073 0 3
1074 0 30
1075 0 1
1076 0 0
1077 0 31
1078 0 30
1079 0 1
1080 0 4
1081 30 31
1082 31 31
1083 30 31
1084 30 0
1085 31 31
1086 31 0
1087 30 31
1088 0 0
1089 0 3
1090 0 1
1091 0 0
1092 0 1
1093 0 0
1094 0 31
1095 0 2
1096 0 3
1097 0 1
1098 30 0
1099 31 31
1100 0 0
1101 0 1
1102 31 0
1103 0 4
1104 0 30
1105 30 31
1106 0 0
1107 0 3
1108 0 31
1109 31 31
1110 30 31
1111 30 0
1112 31 0
1113 0 30
1114 0 31
1115 0 1
1116 0 0
1117 0 30
1118 0 31
1119 30 0
1120 0 30
1121 0 31
1122 0 2
1123 31 0
1124 0 30
1125 31 31
1126 30 31
1127 31 31
1128 1 0
1129 0 0
1130 0 3
1131 0 31
1132 30 31
1133 30 0
1134 0 1
1135 0 0
1136 0 1
1137 0 4
1138 31 31
1139 31 0
1140 0 30
1141 0 0
1142 30 0
1143 31 0
1144 30 31
1145 0 1
1146 0 3
1147 0 31
1148 0 0
1149 0 30
1150 30 0
1151 0 1
1152 0 0
1153 0 2
1154 31 31
1155 1 0
1156 31 0
1157 30 31
1158 31 31
1159 30 0
1160 30 31
1161 31 0
1162 0 1
1163 0 31
1164 2 0
1165 1 0
1166 31 31
1167 0 30
1168 30 31
1169 30 0
1170 31 31
1171 0 31
1172 30 31
1173 0 30
1174 0 31
1175 0 2
1176 0 1
1177 31 0
1178 2 0
1179 30 0
1180 31 0
1181 1 0
1182 0 2
1183 0 1
1184 30 0
1185 31 0
1186 2 0
1187 30 0
1188 31 31
1189 30 31
1190 31 31
1191 31 0
1192 0 30
1193 1 0
1194 2 0
1195 30 31
1196 0 0
1197 3 0
1198 0 31
1199 0 30
1200 30 0
1201 31 0
1202 30 0
1203 0 31
1204 0 1
1205 31 0
1206 30 0
1207 31 31
1208 0 30
1209 0 31
1210 30 31
1211 2 0
1212 31 0
1213 0 0
1214 30 0
1215 31 0
1216 0 30
1217 0 31
1218 30 0
1219 31 0
1220 30 0
1221 0 30
1222 0 31
1223 3 0
1224 31 0
1225 30 0
1226 31 0
1227 31 31
1228 30 31
1229 0 30
1230 31 31
1231 30 31
1232 31 31
1233 0 31
1234 30 0
1235 2 0
1236 3 0
1237 2 0
1238 0 1
1239 30 31
1240 0 30
1241 0 0
1242 0 31
1243 31 31
1244 3 0
1245 2 0
1246 31 0
1247 3 0
1248 30 0
1249 30 31
1250 2 0
1251 31 31
1252 31 0
1253 0 30
1254 30 0
1255 0 31
1256 31 0
1257 0 1
1258 1 0
1259 2 0
1260 30 0
1261 30 31
1262 0 30
1263 1 0
1264 2 0
1265 1 0
1266 0 2
1267 31 31
1268 0 0
1269 1 0
1270 30 31
1271 31 31
1272 0 1
1273 2 0
1274 1 0
1275 30 31
1276 0 2
1277 0 0
1278 31 0
1279 1 0
1280 0 0
1281 0 31
1282 30 0
1283 0 3
1284 31 0
1285 0 1
1286 0 4
1287 0 3
1288 31 31
1289 0 4
1290 0 3
1291 0 30
1292 30 0
1293 31 0
1294 0 0
1295 0 31
1296 30 0
1297 31 0
1298 30 31
1299 0 1
1300 0 0
1301 0 1
1302 0 0
1303 30 0
1304 31 31
1305 0 2
1306 30 31
1307 0 3
1308 0 30
1309 0 1
1310 0 31
1311 0 30
1312 31 31
1313 0 0
1314 0 31
1315 0 30
1316 0 1
1317 31 0
1318 0 4
1319 0 0
1320 0 31
1321 30 0
1322 31 0
1323 30 31
1324 0 3
1325 31 31
1326 0 2
1327 30 31
1328 31 31
1329 30 0
1330 30 31
1331 31 0
1332 30 0
1333 0 3
1334 31 31
1335 0 2
1336 0 30
1337 1 0
1338 30 31
1339 0 1
1340 31 0
1341 0 2
1342 30 0
1343 31 31
1344 30 31
1345 31 0
1346 31 31
1347 0 31
1348 30 0
1349 0 30
1350 31 0
1351 30 31
1352 0 31
1353 0 0
1354 30 0
1355 31 31
1356 0 30
1357 31 0
1358 30 31
1359 30 0
1360 0 31
1361 0 3
1362 31 0
1363 0 30
1364 0 31
1365 0 30
1366 0 2
1367 1 0
1368 0 1
1369 30 0
1370 31 31
1371 2 0
1372 30 31
1373 0 31
1374 31 0
1375 0 0
1376 31 31
1377 30 31
1378 0 1
1379 0 30
1380 0 0
1381 31 31
1382 30 31
1383 3 0
1384 0 1
1385 0 0
1386 31 31
1387 0 31
1388 2 0
1389 3 0
1390 2 0
1391 30 31
1392 31 31
1393 0 30
1394 0 31
1395 0 1
1396 0 0
1397 30 0
1398 31 0
1399 30 0
1400 3 0
1401 0 1
1402 31 0
1403 0 30
1404 2 0
1405 1 0
1406 0 2
1407 0 1
1408 0 31
1409 2 0
1410 1 0
1411 30 0
1412 31 0
1413 30 0
1414 0 30
1415 2 0
1416 31 0
1417 30 0
1418 30 31
1419 1 0
1420 31 0
1421 0 31
1422 2 0
1423 0 30
1424 1 0
1425 30 0
1426 2 0
1427 0 31
1428 31 0
1429 30 0
1430 31 0
1431 30 0
1432 0 0
1433 31 0
1434 0 1
1435 31 31
1436 30 0
1437 0 30
1438 0 0
1439 3 0
1440 30 31
1441 0 1
1442 0 0
1443 31 0
1444 0 1
1445 2 0
1446 30 0
1447 0 0
1448 31 31
1449 30 31
1450 31 0
1451 31 31
1452 30 0
1453 31 0
1454 3 0
1455 30 0
1456 0 31
1457 0 30
1458 0 1
1459 0 0
1460 0 31
1461 0 1
1462 31 0
1463 0 30
1464 0 31
1465 2 0
1466 30 31
1467 1 0
1468 0 30
1469 31 31
1470 0 31
1471 30 0
1472 2 0
1473 1 0
1474 0 2
1475 31 0
1476 0 0
1477 30 31
1478 0 30
1479 1 0
1480 0 1
1481 2 0
1482 0 0
1483 3 0
1484 31 31
1485 0 31
1486 0 1
1487 2 0
1488 30 31
1489 31 31
1490 0 0
1491 30 0
1492 30 31
1493 3 0
1494 2 0
1495 3 0
1496 31 31
1497 0 30
1498 0 31
1499 0 30
1500 0 1
1501 31 0
1502 2 0
1503 0 31
1504 0 30
1505 1 0
1506 2 0
1507 1 0
1508 30 31
1509 30 0
1510 31 31
1511 31 0
1512 30 31
1513 2 0
1514 0 0
1515 3 0
1516 31 31
1517 30 31
1518 0 31
1519 30 0
1520 31 31
1521 0 30
1522 30 31
1523 31 0
1524 31 31
1525 30 0
1526 0 1
1527 31 0
1528 2 0
1529 30 31
1530 31 31
1531 0 31
1532 1 0
1533 30 0
1534 31 0
1535 30 31
1536 0 2
1537 31 31
1538 30 31
1539 31 31
1540 30 31
1541 0 0
1542 0 30
1543 0 31
1544 0 3
1545 0 1
1546 31 31
1547 0 0
1548 0 2
1549 30 0
1550 0 3
1551 0 30
1552 0 1
1553 0 4
1554 31 0
1555 0 0
1556 0 3
1557 0 1
1558 0 0
1559 30 31
1560 30 0
1561 0 31
1562 31 31
1563 31 0
1564 30 0
1565 31 0
1566 30 0
1567 0 1
1568 0 4
1569 31 0
1570 0 3
1571 0 4
1572 30 0
1573 30 31
1574 0 30
1575 0 31
1576 31 31
1577 0 0
1578 31 0
1579 30 0
1580 31 0
1581 0 3
1582 0 30
1583 0 31
1584 0 2
1585 0 30
1586 1 0
1587 0 31
1588 0 0
1589 0 30
1590 30 0
1591 0 3
1592 30 31
1593 0 2
1594 0 3
1595 0 2
1596 0 31
1597 31 31
1598 30 31
1599 0 3
1600 0 30
1601 0 1
1602 0 4
1603 31 0
1604 0 0
1605 0 1
1606 0 0
1607 30 0
1608 0 1
1609 0 3
1610 31 31
1611 0 0
1612 31 0
1613 0 31
1614 30 0
1615 0 2
1616 31 0
1617 30 31
1618 0 30
1619 0 31
1620 0 3
1621 30 0
1622 31 0
1623 31 31
1624 30 31
1625 31 31
1626 0 30
1627 30 0
1628 0 31
1629 31 0
1630 30 0
1631 0 1
1632 30 31
1633 31 31
1634 0 30
1635 0 4
1636 31 0
1637 0 31
1638 30 0
1639 0 0
1640 0 3
1641 0 1
1642 31 0
1643 0 0
1644 0 2
1645 30 31
1646 0 3
1647 0 30
1648 31 31
1649 0 1
1650 30 31
1651 0 4
1652 0 31
1653 30 0
1654 0 3
1655 31 0
1656 0 30
1657 30 0
1658 31 31
1659 0 0
1660 0 2
1661 0 31
1662 0 3
1663 30 31
1664 0 1
1665 31 31
1666 31 0
1667 0 30
1668 0 0
1669 0 31
1670 0 1
1671 30 0
1672 0 30
1673 30 31
1674 0 4
1675 0 0
1676 0 1
1677 31 0
1678 31 31
1679 30 0
1680 31 0
1681 0 3
1682 0 0
1683 30 0
1684 0 2
1685 0 3
1686 0 1
1687 0 0
1688 31 0
1689 30 31
1690 0 31
1691 30 0
1692 31 0
1693 0 1
1694 0 30
1695 31 31
1696 30 0
1697 0 31
1698 0 4
1699 0 30
1700 30 31
1701 31 0
1702 31 31
1703 0 3
1704 30 0
1705 30 31
1706 0 4
1707 31 31
1708 0 31
1709 31 0
1710 0 0
1711 30 31
1712 0 1
1713 0 30
1714 0 3
1715 31 31
1716 0 0
1717 0 1
1718 30 0
1719 0 0
1720 0 2
1721 0 31
1722 31 0
1723 0 30
1724 0 31
1725 0 30
1726 0 31
1727 0 3
1728 30 0
1729 31 0
1730 0 1
1731 0 0
1732 0 2
1733 0 3
1734 0 2
1735 30 0
1736 0 30
1737 0 3
1738 30 31
1739 0 1
1740 31 31
1741 0 0
1742 30 31
1743 31 31
1744 0 31
1745 0 2
1746 0 3
1747 0 2
1748 0 3
1749 0 2
1750 30 31
1751 31 31
1752 31 0
1753 0 3
1754 0 30
1755 30 31
1756 0 2
1757 30 0
1758 31 0
1759 0 31
1760 0 30
1761 1 0
1762 31 31
1763 30 31
1764 31 31
1765 0 0
1766 0 31
1767 30 0
1768 31 0
1769 0 3
1770 0 2
1771 0 30
1772 0 31
1773 1 0
1774 0 0
1775 0 30
1776 0 3
1777 30 31
1778 30 0
1779 0 2
1780 0 31
1781 1 0
1782 31 0
1783 0 0
1784 30 0
1785 1 0
1786 0 0
1787 0 30
1788 0 31
1789 31 31
1790 0 3
1791 0 30
1792 30 31
1793 0 2
1794 0 3
1795 0 1
1796 0 0
1797 31 0
1798 0 31
1799 0 2
1800 30 0
1801 31 31
1802 31 0
1803 30 31
1804 30 0
1805 0 30
1806 31 0
1807 31 31
1808 0 31
1809 0 3
1810 30 31
1811 0 2
1812 31 31
1813 30 31
1814 0 30
1815 30 0
1816 0 3
1817 0 1
1818 31 0
1819 30 0
1820 31 0
1821 30 0
1822 0 31
1823 0 4
1824 0 30
1825 0 31
1826 0 30
1827 0 0
1828 0 31
1829 0 30
1830 0 31
1831 0 30
1832 31 31
1833 31 0
1834 0 31
1835 0 30
1836 0 31
1837 0 30
1838 30 0
1839 0 1
1840 0 3
1841 30 31
1842 0 31
1843 31 31
1844 0 4
1845 0 3
1846 0 0
1847 0 30
1848 30 31
1849 31 31
1850 0 1
1851 0 4
1852 0 31
1853 31 0
1854 0 0
1855 30 31
1856 30 0
1857 0 1
1858 0 3
1859 31 0
1860 0 4
1861 0 30
1862 0 3
1863 0 31
1864 31 31
1865 30 31
1866 31 31
1867 0 4
1868 30 0
1869 0 0
1870 31 0
1871 30 0
1872 0 1
1873 0 3
1874 0 4
1875 0 3
1876 30 31
1877 31 0
1878 0 30
1879 0 31
1880 30 0
1881 0 30
1882 0 0
1883 0 2
1884 31 31
1885 30 31
1886 0 31
1887 31 0
1888 0 3
1889 0 1
1890 0 4
1891 31 31
1892 30 31
1893 0 0
1894 0 3
1895 31 31
1896 30 31
1897 0 2
1898 30 0
1899 1 0
1900 0 1
1901 31 31
1902 0 30
1903 2 0
1904 30 31
1905 31 0
1906 0 31
1907 1 0
1908 0 30
1909 31 31
1910 2 0
1911 0 0
1912 3 0
1913 2 0
1914 3 0
1915 0 1
1916 30 0
1917 0 31
1918 0 30
1919 0 0
1920 2 0
1921 31 0
1922 0 31
1923 0 30
1924 0 31
1925 0 30
1926 30 31
1927 31 31
1928 3 0
1929 0 1
1930 0 31
1931 30 0
1932 31 0
1933 0 0
1934 0 30
1935 30 31
1936 30 0
1937 31 0
1938 31 31
1939 2 0
1940 30 0
1941 0 1
1942 1 0
1943 0 31
1944 31 0
1945 30 0
1946 31 0
1947 0 2
1948 30 0
1949 0 0
1950 1 0
1951 0 30
1952 30 31
1953 0 0
1954 31 0
1955 0 3
1956 0 1
1957 0 0
1958 0 31
1959 0 2
1960 0 30
1961 1 0
1962 0 31
1963 0 0
1964 1 0
1965 0 30
1966 0 1
1967 2 0
1968 1 0
1969 31 31
1970 2 0
1971 30 0
1972 1 0
1973 2 0
1974 1 0
1975 30 31
1976 0 2
1977 0 1
1978 31 31
1979 2 0
1980 31 0
1981 30 31
1982 1 0
1983 31 31
1984 30 0
1985 0 31
1986 31 0
1987 30 0
1988 30 31
1989 0 2
1990 0 30
1991 0 0
1992 31 31
1993 0 31
1994 31 0
1995 30 31
1996 31 31
1997 30 31
1998 1 0
1999 0 30
2000 0 1
2001 30 0
2002 2 0
2003 31 0
2004 30 0
2005 0 0
2006 0 31
2007 31 0
2008 30 0
2009 31 0
2010 0 1
2011 31 31
2012 30 0
2013 0 0
2014 31 0
2015 0 30
2016 30 0
2017 30 31
2018 31 0
2019 31 31
2020 30 31
2021 3 0
2022 0 1
2023 30 0
2024 31 0
2025 2 0
2026 31 31
2027 0 0
2028 0 1
2029 30 0
2030 0 31
2031 0 0
2032 31 0
2033 30 0
2034 3 0
2035 2 0
2036 0 30
2037 31 0
2038 3 0
2039 0 31
2040 30 31
2041 0 1
2042 0 0
2043 2 0
2044 31 31
2045 30 0
2046 30 31
2047 3 0
2048 0 30
2049 2 0
2050 31 0
2051 30 0
2052 0 1
2053 1 0
2054 0 31
2055 0 2
2056 31 0
2057 0 0
2058 1 0
2059 0 30
2060 0 1
2061 0 2
2062 31 31
2063 0 31
2064 0 30
2065 0 31
2066 0 0
2067 1 0
2068 0 30
2069 30 0
2070 31 0
2071 0 31
2072 0 0
2073 30 31
2074 31 31
2075 0 3
2076 0 1
2077 0 0
2078 0 2
2079 30 31
2080 1 0
2081 30 0
2082 31 31
2083 0 0
2084 1 0
2085 0 0
2086 30 31
2087 0 30
2088 0 3
2089 0 2
2090 31 0
2091 30 0
2092 1 0
2093 31 0
2094 30 0
2095 0 31
2096 0 0
2097 0 3
2098 0 1
2099 31 0
2100 0 4
2101 31 31
2102 0 3
2103 0 0
2104 30 31
2105 0 1
2106 0 0
2107 0 1
2108 0 30
2109 0 4
2110 31 31
2111 0 0
2112 30 31
2113 30 0
2114 31 0
2115 0 1
2116 31 31
2117 0 31
2118 30 0
2119 31 0
2120 0 0
2121 0 3
2122 0 30
2123 0 31
2124 30 0
2125 30 31
2126 0 1
2127 0 30
2128 31 0
2129 0 4
2130 0 31
2131 0 0
2132 30 0
2133 0 1
2134 31 31
2135 0 0
2136 0 3
2137 0 30
2138 0 1
2139 31 0
2140 30 0
2141 0 4
2142 31 0
2143 30 31
2144 30 0
2145 31 31
2146 0 0
2147 0 1
2148 31 0
2149 30 31
2150 31 31
2151 0 0
2152 0 1
2153 0 3
2154 0 0
2155 30 31
2156 30 0
2157 31 0
2158 0 1
2159 0 0
2160 31 31
2161 0 1
2162 0 4
2163 0 0
2164 0 31
2165 0 30
2166 0 1
2167 0 31
2168 0 30
2169 30 31
2170 30 0
2171 0 31
2172 0 30
2173 0 31
2174 31 0
2175 0 3
2176 0 4
2177 0 3
2178 0 4
2179 0 0
2180 0 3
2181 0 30
2182 0 31
2183 30 0
2184 31 31
2185 0 1
2186 31 0
2187 0 4
2188 0 30
2189 0 0
2190 30 0
2191 30 31
2192 31 0
2193 0 1
2194 30 0
2195 0 31
2196 31 0
2197 0 30
2198 31 31
2199 0 0
2200 30 0
2201 31 0
2202 0 1
2203 30 0
2204 30 31
2205 0 3
2206 0 0
2207 31 31
2208 30 31
2209 31 0
2210 0 31
2211 0 1
2212 30 0
2213 31 31
2214 31 0
2215 0 0
2216 0 1
2217 30 31
2218 0 30
2219 0 31
2220 30 0
2221 0 4
2222 31 0
2223 31 31
2224 30 31
2225 0 0
2226 0 1
2227 0 0
2228 0 3
2229 30 0
2230 0 1
2231 0 4
2232 31 0
2233 0 0
2234 31 31
2235 0 30
2236 0 31
2237 0 3
2238 0 30
2239 30 0
2240 0 2
2241 0 3
2242 30 31
2243 31 0
2244 0 2
2245 0 31
2246 0 3
2247 30 0
2248 0 30
2249 31 31
2250 0 31
2251 0 1
2252 30 31
2253 31 31
2254 0 4
2255 0 0
2256 0 30
2257 31 0
2258 0 31
2259 0 30
2260 30 31
2261 30 0
2262 31 0
2263 31 31
2264 30 0
2265 0 3
2266 31 0
2267 30 0
2268 0 31
2269 31 0
2270 30 31
2271 0 1
2272 0 0
2273 30 0
2274 31 0
2275 0 2
2276 30 0
2277 31 31
2278 0 3
2279 31 0
2280 0 30
2281 0 2
2282 0 31
2283 30 31
2284 0 3
2285 31 31
2286 0 1
2287 0 30
2288 0 0
2289 30 31
2290 30 0
2291 31 31
2292 31 0
2293 30 31
2294 30 0
2295 0 1
2296 0 0
2297 0 1
2298 0 0
2299 0 1
2300 0 0
2301 31 0
2302 31 31
2303 30 0
2304 30 31
2305 31 0
2306 0 31
2307 0 1
2308 30 0
2309 0 30
2310 31 0
2311 0 0
2312 30 0
2313 0 31
2314 0 1
2315 31 31
2316 0 30
2317 30 31
2318 31 31
2319 0 4
2320 0 3
2321 0 4
2322 0 0
2323 0 31
2324 0 1
2325 0 30
2326 0 31
2327 0 0
2328 0 3
2329 0 2
2330 31 0
2331 30 31
2332 0 3
2333 0 1
2334 31 31
2335 0 0
2336 0 1
2337 30 31
2338 0 30
2339 0 31
2340 30 0
2341 0 4
2342 0 0
2343 31 31
2344 0 3
2345 0 30
2346 0 1
2347 30 31
2348 31 0
2349 0 4
2350 0 31
2351 0 0
2352 0 1
2353 31 31
2354 0 3
2355 0 0
2356 0 1
2357 0 4
2358 0 30
2359 30 0
2360 30 31
2361 0 31
2362 0 30
2363 0 3
2364 31 31
2365 0 0
2366 31 0
2367 0 2
2368 30 0
2369 0 31
2370 31 0
2371 1 0
2372 30 0
2373 0 0
2374 30 31
2375 1 0
2376 0 0
2377 31 0
2378 0 3
2379 0 2
2380 0 3
2381 0 1
2382 0 30
2383 30 0
2384 31 0
2385 0 31
2386 0 0
2387 0 1
2388 0 4
2389 0 0
2390 0 3
2391 0 1
2392 30 0
2393 0 30
2394 0 31
2395 0 4
2396 31 31
2397 0 30
2398 0 3
2399 0 31
2400 30 31
2401 31 0
2402 0 4
2403 31 31
2404 0 3
2405 0 0
2406 0 1
2407 0 0
2408 30 0
2409 0 2
2410 30 31
2411 31 31
2412 0 30
2413 0 31
2414 0 3
2415 31 0
2416 0 30
2417 30 31
2418 0 31
2419 30 0
2420 31 0
2421 31 31
2422 30 31
2423 0 1
2424 0 4
2425 0 30
2426 0 31
2427 0 3
2428 30 0
2429 31 31
2430 30 31
2431 0 4
2432 0 0
2433 31 31
2434 31 0
2435 0 3
2436 0 30
2437 0 1
2438 30 0
2439 31 0
2440 30 0
2441 0 4
2442 0 3
2443 31 0
2444 0 4
2445 30 0
2446 0 3
2447 30 31
2448 0 31
2449 0 30
2450 0 4
2451 31 31
2452 0 0
2453 0 3
2454 0 31
2455 30 31
2456 0 2
2457 31 0
2458 0 3
2459 0 30
2460 30 0
2461 31 31
2462 0 31
2463 30 31
2464 31 31
2465 0 2
2466 1 0
2467 31 0
2468 0 0
2469 1 0
2470 0 1
2471 0 30
2472 0 31
2473 0 30
2474 30 0
2475 31 0
2476 0 31
2477 30 31
2478 2 0
2479 30 0
2480 0 30
2481 31 31
2482 30 31
2483 0 31
2484 31 0
2485 30 0
2486 31 0
2487 30 0
2488 1 0
2489 0 2
2490 31 31
2491 0 0
2492 31 0
2493 0 30
2494 30 31
2495 30 0
2496 0 3
2497 31 0
2498 30 0
2499 31 0
2500 30 0
2501 0 1
2502 0 0
2503 31 0
2504 0 2
2505 1 0
2506 31 31
2507 30 31
2508 30 0
2509 0 1
2510 31 0
2511 0 31
2512 0 30
2513 30 0
2514 2 0
2515 31 31
2516 31 0
2517 1 0
2518 30 0
2519 31 0
2520 0 31
2521 0 30
2522 0 31
2523 30 31
2524 31 31
2525 0 2
2526 0 30
2527 30 0
2528 0 31
2529 0 30
2530 0 0
2531 0 3
2532 31 0
2533 0 31
2534 30 0
2535 0 1
2536 0 0
2537 31 0
2538 0 30
2539 0 1
2540 30 31
2541 31 31
2542 0 31
2543 30 0
2544 0 30
2545 31 0
2546 0 0
2547 0 2
2548 0 3
2549 30 31
2550 0 31
2551 0 1
2552 0 30
2553 30 0
2554 0 31
2555 31 31
2556 31 0
2557 30 31
2558 31 31
2559 30 0
2560 0 0
2561 0 2
2562 30 31
2563 1 0
2564 31 31
2565 0 1
2566 0 30
2567 30 31
2568 0 31
2569 31 0
2570 30 0
2571 0 30
2572 31 0
2573 31 31
2574 30 31
2575 30 0
2576 31 0
2577 0 31
2578 2 0
2579 0 0
2580 3 0
2581 0 1
2582 0 30
2583 2 0
2584 30 0
2585 31 0
2586 31 31
2587 0 0
2588 0 1
2589 1 0
2590 30 31
2591 30 0
2592 2 0
2593 31 31
2594 30 31
2595 31 31
2596 1 0
2597 2 0
2598 1 0
2599 30 31
2600 0 31
2601 31 0
2602 0 2
2603 0 0
2604 0 30
2605 31 31
2606 0 3
2607 0 1
2608 0 31
2609 30 31
2610 31 31
2611 0 30
2612 0 4
2613 0 31
2614 30 0
2615 31 0
2616 30 0
2617 31 0
2618 0 3
2619 30 0
2620 0 0
2621 0 2
2622 0 3
2623 31 0
2624 0 1
2625 30 0
2626 0 0
2627 31 0
2628 0 1
2629 0 4
2630 30 0
2631 30 31
2632 31 31
2633 0 0
2634 0 30
2635 0 1
2636 0 0
2637 0 31
2638 0 30
2639 31 0
2640 0 1
2641 30 0
2642 0 31
2643 0 0
2644 30 31
2645 31 0
2646 0 30
2647 0 1
2648 0 31
2649 0 3
2650 0 0
2651 0 1
2652 0 4
2653 30 0
2654 0 0
2655 0 3
2656 31 31
2657 0 1
2658 0 4
2659 0 0
2660 31 0
2661 0 3
2662 30 31
2663 0 30
2664 31 31
2665 30 31
2666 0 2
2667 0 3
2668 30 0
2669 31 31
2670 0 2
2671 1 0
2672 31 0
2673 0 1
2674 0 2
2675 30 31
2676 0 1
2677 2 0
2678 0 0
2679 0 31
2680 0 1
2681 30 0
2682 0 30
2683 1 0
2684 0 31
2685 0 30
2686 0 31
2687 31 0
2688 30 0
2689 31 31
2690 2 0
2691 0 0
2692 0 1
2693 30 31
2694 0 0
2695 31 31
2696 3 0
2697 0 30
2698 0 1
2699 31 0
2700 30 0
2701 2 0
2702 31 0
2703 30 0
2704 30 31
2705 0 31
2706 31 31
2707 30 31
2708 31 0
2709 0 0
2710 30 0
2711 31 0
2712 31 31
2713 3 0
2714 0 30
2715 30 31
2716 30 0
2717 0 31
2718 2 0
2719 0 30
2720 0 31
2721 0 1
2722 1 0
2723 31 0
2724 2 0
2725 0 30
2726 0 31
2727 0 30
2728 0 31
2729 1 0
2730 30 0
2731 31 0
2732 31 31
2733 0 2
2734 0 1
2735 2 0
2736 0 30
2737 30 0
2738 0 0
2739 3 0
2740 31 0
2741 30 0
2742 0 31
2743 0 1
2744 30 31
2745 0 0
2746 31 31
2747 2 0
2748 30 31
2749 0 1
2750 0 0
2751 31 0
2752 30 0
2753 31 31
2754 3 0
2755 31 0
2756 0 30
2757 2 0
2758 3 0
2759 30 0
2760 2 0
2761 30 31
2762 31 31
2763 3 0
2764 2 0
2765 0 1
2766 0 31
2767 0 30
2768 31 0
2769 0 31
2770 0 0
2771 30 0
2772 0 30
2773 0 1
2774 30 31
2775 31 0
2776 0 0
2777 30 0
2778 0 31
2779 31 31
2780 31 0
2781 0 30
2782 0 31
2783 30 31
2784 3 0
2785 0 1
2786 0 30
2787 2 0
2788 30 0
2789 0 31
2790 1 0
2791 31 31
2792 0 30
2793 30 31
2794 0 31
2795 0 30
2796 0 2
2797 0 1
2798 0 31
2799 2 0
2800 31 31
2801 1 0
2802 0 2
2803 31 0
2804 0 30
2805 30 31
2806 0 1
2807 2 0
2808 30 0
2809 31 31
2810 30 31
2811 0 0
2812 0 1
2813 1 0
2814 0 2
2815 0 1
2816 2 0
2817 31 0
2818 0 0
2819 30 0
2820 31 0
2821 30 0
2822 0 1
2823 31 31
2824 30 31
2825 31 31
2826 30 31
2827 0 0
2828 31 31
2829 3 0
2830 31 0
2831 2 0
2832 30 0
2833 0 1
2834 0 31
2835 1 0
2836 31 0
2837 30 0
2838 0 2
2839 0 30
2840 30 31
2841 0 1
2842 0 2
2843 0 0
2844 31 0
2845 30 0
2846 0 31
2847 0 3
2848 31 0
2849 31 31
2850 0 1
2851 0 4
2852 0 30
2853 0 3
2854 30 31
2855 0 0
2856 0 31
2857 30 0
2858 31 31
2859 30 31
2860 31 0
2861 0 2
2862 31 31
2863 1 0
2864 30 0
2865 0 1
2866 0 2
2867 0 30
2868 0 0
2869 1 0
2870 0 1
2871 2 0
2872 0 31
2873 30 31
2874 0 30
2875 0 31
2876 0 0
2877 3 0
2878 31 0
2879 2 0
2880 0 30
2881 3 0
2882 2 0
2883 30 0
2884 31 0
2885 0 1
2886 31 31
2887 1 0
2888 0 2
2889 0 0
2890 30 0
2891 1 0
2892 0 0
2893 1 0
2894 0 1
2895 2 0
2896 0 31
2897 31 0
2898 30 31
2899 1 0
2900 0 30
2901 30 0
2902 2 0
2903 31 0
2904 1 0
2905 31 31
2906 0 31
2907 2 0
2908 30 31
2909 30 0
2910 31 31
2911 31 0
2912 30 31
2913 31 31
2914 0 0
2915 0 1
2916 1 0
2917 2 0
2918 30 31
2919 31 31
2920 30 31
2921 0 30
2922 30 0
2923 31 31
2924 0 31
2925 31 0
2926 1 0
2927 0 2
2928 0 1
2929 30 0
2930 31 0
2931 0 2
2932 0 30
2933 30 0
2934 0 0
2935 0 31
2936 1 0
2937 0 30
2938 0 31
2939 31 0
2940 0 30
2941 0 31
2942 30 0
2943 0 30
2944 30 31
2945 0 1
2946 2 0
2947 1 0
2948 31 0
2949 0 31
2950 30 0
2951 2 0
2952 0 0
2953 31 0
2954 30 0
2955 31 31
2956 31 0
2957 0 1
2958 30 0
2959 31 0
2960 30 31
2961 30 0
2962 31 31
2963 1 0
2964 0 30
2965 30 31
2966 2 0
2967 31 0
2968 1 0
2969 0 31
2970 30 0
2971 2 0
2972 31 0
2973 31 31
2974 0 0
2975 3 0
2976 0 30
2977 0 1
2978 0 0
2979 0 31
2980 2 0
2981 3 0
2982 0 30
2983 2 0
2984 30 0
2985 30 31
2986 0 1
2987 31 31
2988 0 31
2989 31 0
2990 30 0
2991 1 0
2992 2 0
2993 0 30
2994 0 0
2995 31 0
2996 0 31
2997 30 31
2998 31 31
2999 30 31
3000 3 0
3001 0 1
3002 0 30
3003 31 31
3004 0 31
3005 0 0
3006 30 0
3007 0 1
3008 31 0
3009 0 30
3010 30 0
3011 30 31
3012 0 0
3013 31 0
3014 0 31
3015 0 30
3016 0 1
3017 0 31
3018 2 0
3019 0 30
3020 1 0
3021 0 2
3022 30 0
3023 31 0
3024 0 0
3025 1 0
3026 0 0
3027 0 31
3028 0 3
3029 0 1
3030 0 30
3031 0 31
3032 0 4
3033 0 0
3034 0 30
3035 31 31
3036 0 31
3037 0 30
3038 0 31
3039 30 31
3040 0 1
3041 0 30
3042 0 3
3043 30 0
3044 0 31
3045 0 0
3046 0 30
3047 0 31
3048 0 1
3049 31 0
3050 0 0
3051 30 0
3052 31 31
3053 30 31
3054 0 2
3055 0 3
3056 0 1
3057 31 0
3058 0 4
3059 31 31
3060 30 0
3061 0 0
3062 0 3
3063 0 30
3064 30 31
3065 0 31
3066 31 31
3067 30 31
3068 31 31
3069 0 1
3070 0 0
3071 0 30
# colocadas=3072 ocupadas=5 mayor=3274
