0 0 0
1 0 47
2 0 46
3 1 47
4 0 45
5 0 46
6 0 44
7 47 0
8 0 43
9 1 46
10 2 47
11 0 1
12 0 0
13 0 2
14 0 3
15 0 42
16 0 41
17 0 40
18 0 44
19 0 39
20 0 38
21 1 47
22 0 45
23 0 47
24 46 0
25 0 4
26 0 46
27 0 3
28 0 37
29 1 43
30 47 0
31 0 5
32 1 40
33 0 38
34 0 43
35 0 39
36 2 46
37 0 40
38 0 6
39 2 47
40 0 7
41 0 6
42 1 47
43 0 41
44 0 47
45 0 46
46 1 44
47 0 38
48 0 44
49 1 0
50 0 0
51 0 40
52 0 45
53 0 43
54 1 3
55 1 43
56 0 3
57 1 5
58 0 7
59 0 37
60 0 8
61 0 38
62 0 46
63 1 39
64 2 46
65 1 41
66 1 38
67 2 41
68 1 6
69 2 3
70 0 41
71 1 42
72 1 43
73 0 9
74 0 5
75 2 42
76 1 2
77 0 40
78 0 4
79 0 8
80 2 47
81 1 41
82 0 43
83 0 42
84 0 5
85 2 43
86 1 40
87 0 45
88 47 1
89 1 39
90 0 2
91 0 1
92 0 43
93 2 46
94 0 46
95 1 5
96 0 10
97 0 7
98 0 2
99 47 0
100 1 37
101 0 45
102 1 1
103 1 4
104 0 37
105 2 45
106 2 42
107 47 1
108 2 4
109 1 2
110 0 9
111 1 45
112 1 38
113 47 0
114 1 44
115 2 47
116 0 41
117 1 42
118 2 3
119 0 40
120 1 43
121 1 47
122 1 37
123 1 3
124 0 6
125 0 46
126 1 44
127 0 39
128 45 0
129 46 0
130 0 40
131 0 45
132 0 42
133 1 38
134 1 4
135 1 1
136 2 4
137 1 43
138 1 2
139 0 36
140 2 46
141 0 7
142 44 0
143 0 43
144 0 41
145 0 37
146 1 40
147 1 46
148 0 44
149 0 4
150 1 42
151 2 1
152 1 0
153 1 3
154 0 0
155 1 0
156 0 0
157 2 45
158 1 39
159 1 1
160 1 45
161 0 42
162 1 6
163 0 39
164 47 0
165 0 6
166 43 0
167 2 3
168 3 47
169 2 40
170 1 7
171 1 0
172 0 8
173 0 38
174 1 41
175 1 44
176 2 46
177 0 47
178 2 4
179 0 9
180 0 0
181 1 43
182 0 39
183 2 3
184 2 4
185 1 40
186 0 7
187 0 36
188 0 8
189 1 2
190 0 37
191 0 2
192 46 0
193 1 46
194 2 45
195 0 1
196 0 0
197 1 8
198 1 5
199 0 41
200 2 3
201 2 40
202 1 4
203 0 38
204 47 0
205 1 7
206 0 6
207 1 0
208 1 47
209 0 44
210 0 43
211 1 43
212 46 0
213 1 6
214 0 40
215 0 9
216 0 35
217 0 41
218 0 8
219 2 5
220 0 36
221 0 5
222 0 43
223 2 6
224 1 5
225 0 4
226 1 4
227 1 46
228 0 44
229 0 37
230 0 10
231 0 4
232 0 7
233 0 3
234 1 3
235 0 38
236 0 46
237 1 4
238 0 42
239 42 0
240 1 40
241 1 45
242 41 0
243 47 0
244 0 4
245 2 45
246 2 5
247 0 39
248 0 9
249 1 39
250 1 2
251 0 37
252 0 10
253 1 1
254 40 0
255 0 5
256 0 45
257 0 4
258 0 43
259 0 36
260 0 1
261 0 41
262 0 6
263 0 46
264 0 35
265 0 0
266 0 9
267 1 40
268 0 3
269 1 5
270 1 45
271 39 0
272 0 36
273 1 42
274 0 47
275 1 6
276 1 47
277 2 0
278 2 47
279 0 40
280 1 3
281 0 6
282 0 38
283 1 47
284 1 4
285 2 1
286 2 4
287 2 0
288 1 0
289 1 4
290 2 45
291 0 42
292 2 44
293 0 47
294 1 43
295 0 2
296 1 42
297 2 45
298 0 10
299 1 38
300 0 41
301 1 47
302 0 46
303 1 43
304 0 7
305 0 34
306 0 37
307 0 3
308 0 45
309 0 33
310 0 40
311 0 8
312 0 38
313 2 43
314 0 7
315 0 47
316 0 32
317 0 4
318 46 0
319 0 41
320 47 0
321 1 4
322 1 3
323 46 0
324 0 39
325 1 43
326 0 42
327 38 0
328 0 8
329 1 39
330 2 5
331 0 1
332 47 0
333 2 46
334 2 1
335 0 4
336 1 40
337 1 2
338 1 47
339 1 45
340 2 2
341 37 0
342 2 1
343 0 0
344 2 45
345 0 47
346 1 4
347 0 4
348 1 5
349 1 39
350 0 38
351 2 0
352 1 46
353 2 39
354 0 2
355 0 7
356 1 6
357 0 41
358 0 45
359 36 0
360 35 0
361 1 41
362 1 45
363 1 47
364 1 5
365 34 0
366 0 40
367 1 46
368 1 42
369 33 0
370 1 39
371 0 9
372 0 47
373 0 10
374 0 9
375 0 44
376 1 7
377 0 8
378 2 7
379 0 1
380 32 0
381 1 7
382 0 7
383 31 0
384 30 0
385 0 41
386 1 0
387 2 46
388 2 47
389 0 39
390 0 8
391 0 42
392 2 38
393 0 7
394 2 5
395 1 40
396 1 5
397 2 44
398 0 46
399 0 5
400 1 46
401 0 45
402 0 41
403 0 42
404 1 8
405 0 38
406 0 43
407 0 31
408 0 39
409 1 1
410 0 30
411 0 3
412 0 2
413 2 45
414 2 6
415 1 47
416 1 5
417 1 38
418 2 0
419 0 44
420 29 0
421 0 1
422 0 46
423 0 2
424 0 8
425 1 0
426 0 45
427 2 7
428 1 41
429 0 47
430 0 41
431 0 3
432 1 4
433 2 41
434 1 43
435 2 42
436 2 4
437 0 1
438 0 46
439 0 9
440 2 43
441 1 1
442 1 44
443 1 47
444 1 39
445 0 8
446 1 46
447 0 2
448 0 37
449 0 38
450 0 7
451 0 44
452 0 8
453 1 7
454 1 41
455 1 2
456 0 46
457 1 6
458 0 2
459 2 47
460 46 0
461 0 45
462 0 40
463 0 3
464 2 1
465 2 2
466 0 43
467 1 7
468 0 39
469 0 1
470 0 38
471 1 45
472 0 29
473 0 45
474 0 0
475 1 5
476 3 46
477 0 7
478 1 0
479 0 6
480 0 39
481 0 0
482 1 45
483 1 37
484 0 40
485 0 2
486 28 0
487 2 46
488 1 43
489 1 4
490 0 41
491 27 0
492 0 7
493 1 2
494 1 3
495 2 6
496 26 0
497 2 42
498 0 43
499 0 42
500 2 39
501 1 4
502 25 0
503 0 44
504 0 45
505 0 39
506 2 41
507 0 37
508 0 40
509 2 3
510 4 46
511 0 2
512 0 1
513 0 28
514 1 3
515 0 8
516 0 43
517 0 42
518 1 47
519 1 8
520 1 4
521 2 5
522 0 47
523 1 6
524 1 0
525 2 40
526 0 39
527 0 44
528 1 44
529 0 7
530 0 40
531 1 9
532 0 6
533 0 0
534 2 4
535 0 36
536 3 46
537 0 46
538 0 35
539 0 1
540 24 0
541 0 7
542 2 44
543 0 43
544 0 6
545 0 27
546 2 2
547 0 37
548 0 45
549 1 40
550 0 5
551 1 3
552 1 2
553 0 36
554 0 2
555 0 6
556 0 47
557 3 4
558 1 44
559 0 26
560 2 41
561 0 35
562 3 45
563 0 9
564 3 3
565 1 4
566 2 3
567 0 40
568 2 6
569 0 44
570 1 3
571 0 8
572 0 25
573 0 9
574 2 2
575 47 0
576 1 47
577 0 1
578 1 43
579 0 10
580 0 36
581 46 0
582 0 46
583 0 47
584 2 40
585 0 45
586 1 4
587 0 8
588 2 3
589 1 6
590 23 0
591 0 9
592 3 46
593 1 40
594 1 45
595 22 0
596 2 2
597 1 41
598 0 43
599 0 2
600 1 2
601 1 3
602 1 42
603 21 0
604 2 39
605 0 44
606 3 47
607 0 41
608 1 2
609 1 43
610 0 24
611 0 40
612 0 1
613 0 2
614 2 42
615 0 3
616 1 39
617 0 4
618 4 47
619 0 46
620 1 44
621 0 6
622 47 0
623 3 47
624 0 45
625 2 4
626 0 39
627 0 40
628 1 1
629 2 41
630 0 23
631 0 46
632 0 47
633 0 46
634 0 8
635 20 0
636 0 7
637 2 43
638 1 6
639 0 38
640 0 45
641 2 42
642 1 42
643 1 4
644 45 0
645 0 9
646 1 38
647 0 8
648 0 38
649 0 39
650 2 47
651 0 42
652 46 0
653 2 3
654 19 0
655 2 44
656 1 2
657 1 45
658 2 40
659 0 40
660 1 3
661 1 5
662 0 44
663 2 2
664 44 0
665 2 1
666 1 4
667 4 47
668 43 0
669 0 39
670 1 39
671 47 0
672 0 22
673 1 44
674 0 39
675 0 43
676 0 42
677 0 21
678 0 45
679 3 1
680 2 39
681 2 4
682 1 42
683 1 4
684 1 3
685 1 37
686 2 43
687 1 1
688 18 0
689 1 7
690 17 0
691 0 37
692 2 44
693 1 43
694 1 38
695 0 7
696 0 43
697 2 5
698 1 0
699 1 7
700 42 0
701 0 46
702 1 5
703 0 7
704 0 42
705 0 47
706 16 0
707 2 3
708 15 0
709 0 35
710 1 42
711 0 36
712 1 41
713 0 41
714 0 9
715 0 5
716 2 6
717 0 38
718 0 4
719 1 43
720 14 0
721 1 39
722 2 2
723 0 8
724 0 34
725 2 39
726 0 20
727 0 39
728 2 5
729 41 0
730 1 2
731 1 44
732 2 4
733 0 7
734 1 4
735 3 0
736 1 1
737 0 6
738 3 47
739 40 0
740 4 0
741 4 47
742 1 3
743 3 47
744 0 35
745 2 4
746 39 0
747 2 38
748 1 42
749 0 40
750 1 8
751 0 5
752 0 3
753 38 0
754 3 0
755 37 0
756 2 8
757 1 8
758 0 6
759 13 0
760 2 44
761 0 43
762 1 43
763 2 37
764 0 10
765 2 3
766 12 0
767 2 38
768 2 0
769 0 37
770 1 47
771 0 38
772 0 8
773 0 37
774 46 0
775 0 7
776 2 43
777 1 41
778 11 0
779 47 0
780 2 39
781 1 4
782 0 38
783 10 0
784 1 38
785 1 39
786 0 39
787 1 2
788 4 47
789 0 9
790 2 44
791 0 45
792 2 43
793 36 0
794 0 19
795 1 1
796 0 2
797 2 4
798 0 8
799 0 41
800 1 6
801 1 45
802 2 1
803 35 0
804 1 46
805 2 3
806 1 43
807 3 47
808 0 3
809 0 7
810 1 44
811 4 47
812 0 40
813 2 0
814 34 0
815 33 0
816 0 46
817 1 2
818 0 34
819 0 4
820 0 41
821 2 2
822 0 6
823 1 2
824 3 0
825 32 0
826 4 0
827 3 1
828 2 39
829 0 42
830 2 40
831 1 1
832 9 0
833 0 35
834 1 45
835 0 41
836 5 0
837 1 40
838 0 5
839 2 45
840 0 45
841 2 46
842 0 44
843 2 1
844 0 18
845 2 44
846 1 5
847 0 36
848 1 46
849 1 45
850 0 5
851 0 46
852 0 4
853 0 17
854 8 0
855 0 2
856 0 5
857 2 45
858 4 0
859 0 6
860 0 37
861 2 0
862 1 0
863 0 40
864 1 6
865 0 16
866 0 4
867 0 8
868 2 4
869 1 2
870 0 43
871 0 15
872 0 3
873 1 43
874 2 2
875 7 0
876 2 3
877 3 0
878 0 14
879 3 47
880 31 0
881 6 0
882 1 40
883 1 42
884 2 43
885 0 42
886 0 4
887 0 36
888 0 47
889 0 13
890 0 3
891 1 5
892 2 44
893 2 0
894 4 47
895 1 2
896 0 35
897 0 12
898 2 1
899 1 3
900 1 47
901 1 41
902 1 42
903 3 3
904 2 0
905 1 43
906 0 40
907 0 45
908 0 47
909 3 47
910 0 7
911 0 3
912 3 0
913 0 2
914 2 3
915 1 44
916 1 1
917 1 45
918 0 44
919 0 33
920 0 34
921 0 36
922 0 8
923 0 11
924 1 47
925 3 2
926 4 47
927 0 3
928 0 7
929 2 2
930 46 0
931 0 8
932 0 45
933 3 2
934 1 3
935 2 2
936 2 44
937 2 42
938 2 41
939 1 0
940 0 33
941 0 34
942 1 37
943 0 0
944 2 40
945 0 1
946 0 47
947 0 43
948 2 39
949 0 7
950 0 44
951 3 47
952 0 39
953 2 43
954 0 37
955 1 42
956 3 2
957 0 45
958 0 0
959 3 1
960 0 33
961 2 0
962 0 46
963 0 6
964 0 47
965 0 34
966 2 2
967 0 44
968 1 44
969 1 39
970 1 40
971 5 0
972 2 44
973 0 44
974 2 3
975 1 7
976 0 7
977 1 38
978 0 46
979 30 0
980 2 38
981 1 4
982 1 41
983 2 45
984 3 2
985 0 10
986 3 3
987 2 2
988 2 43
989 1 42
990 4 0
991 0 9
992 0 36
993 0 35
994 1 6
995 4 47
996 1 7
997 0 42
998 2 40
999 1 2
1000 4 2
1001 3 2
1002 1 40
1003 2 42
1004 0 37
1005 0 32
1006 29 0
1007 0 7
1008 1 47
1009 2 44
1010 2 43
1011 47 0
1012 0 47
1013 3 3
1014 0 41
1015 0 36
1016 1 41
1017 3 47
1018 3 2
1019 0 10
1020 0 33
1021 2 44
1022 0 40
1023 3 43
1024 6 0
1025 5 0
1026 1 3
1027 2 43
1028 1 8
1029 2 44
1030 1 43
1031 1 44
1032 1 34
1033 0 32
1034 4 47
1035 0 34
1036 1 46
1037 28 0
1038 0 9
1039 6 0
1040 1 4
1041 5 0
1042 3 47
1043 3 44
1044 2 3
1045 2 41
1046 0 39
1047 27 0
1048 3 3
1049 0 4
1050 46 0
1051 2 5
1052 3 43
1053 1 5
1054 2 2
1055 2 47
1056 0 10
1057 1 38
1058 0 31
1059 3 44
1060 0 38
1061 0 35
1062 2 42
1063 1 47
1064 0 37
1065 2 1
1066 2 44
1067 0 43
1068 2 41
1069 1 6
1070 1 46
1071 2 40
1072 2 43
1073 1 5
1074 0 11
1075 3 4
1076 0 9
1077 2 41
1078 1 36
1079 0 8
1080 1 43
1081 2 40
1082 0 34
1083 0 30
1084 2 0
1085 1 41
1086 0 33
1087 2 4
1088 2 41
1089 2 1
1090 3 0
1091 0 29
1092 3 1
1093 0 36
1094 0 38
1095 3 43
1096 0 5
1097 1 1
1098 0 28
1099 2 5
1100 1 47
1101 1 0
1102 4 43
1103 2 4
1104 4 0
1105 0 10
1106 2 5
1107 0 27
1108 3 42
1109 3 41
1110 3 3
1111 2 43
1112 1 1
1113 2 46
1114 1 35
1115 4 1
1116 2 47
1117 4 0
1118 1 45
1119 1 9
1120 3 4
1121 3 5
1122 0 45
1123 1 47
1124 1 0
1125 1 46
1126 0 32
1127 0 9
1128 0 34
1129 1 34
1130 2 1
1131 2 42
1132 1 7
1133 47 0
1134 0 0
1135 0 39
1136 0 35
1137 0 38
1138 2 4
1139 3 43
1140 0 26
1141 0 4
1142 2 47
1143 3 3
1144 0 36
1145 0 33
1146 1 0
1147 1 47
1148 46 0
1149 2 3
1150 3 40
1151 1 1
1152 5 0
1153 2 2
1154 2 43
1155 0 25
1156 4 0
1157 0 5
1158 1 43
1159 2 5
1160 3 2
1161 0 24
1162 0 4
1163 2 40
1164 3 47
1165 0 43
1166 2 47
1167 26 0
1168 47 0
1169 1 40
1170 1 2
1171 5 0
1172 0 2
1173 1 43
1174 0 5
1175 1 41
1176 0 40
1177 2 0
1178 0 41
1179 25 0
1180 0 39
1181 3 47
1182 3 42
1183 1 6
1184 0 35
1185 1 3
1186 0 34
1187 1 5
1188 24 0
1189 1 7
1190 1 4
1191 3 41
1192 0 1
1193 4 47
1194 0 11
1195 46 0
1196 2 43
1197 0 40
1198 2 4
1199 0 37
1200 2 47
1201 2 6
1202 2 3
1203 0 10
1204 0 41
1205 2 7
1206 2 4
1207 1 35
1208 3 3
1209 0 7
1210 0 5
1211 47 0
1212 0 35
1213 0 8
1214 1 35
1215 1 39
1216 6 0
1217 23 0
1218 1 47
1219 22 0
1220 0 40
1221 0 11
1222 1 46
1223 0 7
1224 0 38
1225 5 0
1226 3 1
1227 46 0
1228 3 47
1229 2 6
1230 1 47
1231 2 3
1232 47 0
1233 0 35
1234 1 1
1235 4 0
1236 2 47
1237 2 46
1238 3 3
1239 3 0
1240 0 10
1241 2 45
1242 1 0
1243 3 2
1244 2 8
1245 2 41
1246 21 0
1247 46 0
1248 1 4
1249 2 47
1250 0 39
1251 1 45
1252 0 12
1253 1 1
1254 0 47
1255 1 3
1256 1 5
1257 20 0
1258 1 41
1259 2 5
1260 3 43
1261 2 1
1262 47 0
1263 2 46
1264 1 2
1265 5 0
1266 2 9
1267 0 3
1268 0 11
1269 0 6
1270 19 0
1271 2 0
1272 1 44
1273 18 0
1274 3 5
1275 0 5
1276 0 4
1277 0 41
1278 1 46
1279 4 0
1280 0 40
1281 1 6
1282 1 40
1283 3 3
1284 0 23
1285 2 41
1286 0 39
1287 2 6
1288 3 42
1289 0 6
1290 0 33
1291 1 9
1292 0 40
1293 1 40
1294 0 34
1295 0 5
1296 2 3
1297 0 7
1298 1 34
1299 0 12
1300 1 8
1301 1 35
1302 1 9
1303 0 6
1304 0 40
1305 0 9
1306 2 5
1307 3 43
1308 0 46
1309 2 42
1310 0 32
1311 0 22
1312 1 6
1313 1 34
1314 1 3
1315 3 42
1316 17 0
1317 1 33
1318 0 11
1319 0 3
1320 3 4
1321 0 36
1322 3 41
1323 0 33
1324 0 45
1325 0 6
1326 1 38
1327 1 40
1328 2 43
1329 0 38
1330 0 42
1331 3 40
1332 16 0
1333 0 21
1334 2 42
1335 0 5
1336 0 10
1337 0 20
1338 1 8
1339 1 45
1340 2 4
1341 2 41
1342 3 1
1343 0 32
1344 5 0
1345 3 0
1346 0 31
1347 1 46
1348 0 11
1349 0 33
1350 1 38
1351 0 4
1352 46 0
1353 0 40
1354 0 43
1355 2 8
1356 4 0
1357 3 3
1358 0 10
1359 0 34
1360 1 47
1361 1 32
1362 3 4
1363 1 4
1364 15 0
1365 0 9
1366 3 5
1367 0 41
1368 0 44
1369 0 42
1370 0 35
1371 3 41
1372 0 38
1373 0 12
1374 0 41
1375 0 32
1376 14 0
1377 1 39
1378 13 0
1379 2 1
1380 5 0
1381 47 0
1382 0 42
1383 1 8
1384 0 5
1385 12 0
1386 0 43
1387 1 41
1388 3 4
1389 0 39
1390 2 4
1391 0 4
1392 0 38
1393 0 3
1394 0 33
1395 0 34
1396 1 46
1397 2 41
1398 0 46
1399 1 46
1400 0 42
1401 0 46
1402 1 46
1403 1 37
1404 1 43
1405 6 0
1406 0 35
1407 0 13
1408 1 5
1409 1 42
1410 2 2
1411 0 46
1412 0 19
1413 0 18
1414 0 11
1415 0 8
1416 0 34
1417 3 4
1418 2 40
1419 0 5
1420 0 33
1421 0 34
1422 3 1
1423 0 30
1424 3 3
1425 1 2
1426 1 40
1427 1 46
1428 0 39
1429 3 2
1430 2 4
1431 0 29
1432 2 40
1433 0 10
1434 3 1
1435 3 0
1436 0 6
1437 0 37
1438 0 41
1439 3 4
1440 3 5
1441 0 38
1442 5 0
1443 0 5
1444 0 12
1445 0 46
1446 0 39
1447 1 46
1448 1 40
1449 6 0
1450 0 46
1451 2 6
1452 0 6
1453 1 38
1454 0 33
1455 46 0
1456 2 5
1457 4 0
1458 0 28
1459 3 0
1460 11 0
1461 2 42
1462 2 2
1463 10 0
1464 0 32
1465 0 42
1466 0 34
1467 1 39
1468 2 39
1469 0 38
1470 2 0
1471 2 41
1472 2 40
1473 0 17
1474 47 0
1475 0 11
1476 0 37
1477 1 9
1478 0 5
1479 3 6
1480 0 41
1481 3 5
1482 0 33
1483 1 42
1484 0 34
1485 2 3
1486 9 0
1487 0 12
1488 1 5
1489 0 16
1490 0 11
1491 3 0
1492 5 0
1493 1 39
1494 0 15
1495 1 10
1496 1 3
1497 0 5
1498 3 6
1499 0 31
1500 1 41
1501 1 2
1502 1 40
1503 0 14
1504 3 5
1505 1 12
1506 2 10
1507 0 40
1508 0 13
1509 1 9
1510 0 39
1511 6 0
1512 2 4
1513 0 4
1514 0 33
1515 1 6
1516 0 32
1517 1 42
1518 1 46
1519 3 4
1520 0 14
1521 8 0
1522 0 27
1523 0 36
1524 2 46
1525 0 9
1526 0 3
1527 0 40
1528 1 7
1529 5 0
1530 1 13
1531 0 26
1532 2 0
1533 0 37
1534 0 15
1535 0 13
1536 1 44
1537 1 39
1538 0 10
1539 0 11
1540 1 6
1541 0 12
1542 2 39
1543 1 4
1544 0 31
1545 0 7
1546 0 39
1547 0 25
1548 2 6
1549 0 14
1550 0 38
1551 46 0
1552 0 32
1553 0 13
1554 0 10
1555 3 3
1556 2 3
1557 0 39
1558 0 6
1559 4 0
1560 5 0
1561 2 2
1562 1 45
1563 0 12
1564 2 1
1565 0 13
1566 0 14
1567 2 3
1568 7 0
1569 1 3
1570 0 7
1571 2 4
1572 0 40
1573 0 36
1574 0 24
1575 0 46
1576 2 45
1577 47 0
1578 2 9
1579 1 41
1580 2 5
1581 2 8
1582 2 44
1583 2 4
1584 0 6
1585 1 44
1586 2 0
1587 1 4
1588 1 3
1589 1 38
1590 0 13
1591 0 47
1592 0 11
1593 1 11
1594 1 42
1595 2 5
1596 1 0
1597 0 39
1598 0 3
1599 0 4
1600 2 4
1601 3 2
1602 8 0
1603 0 14
1604 6 0
1605 9 0
1606 46 0
1607 0 30
1608 0 40
1609 0 7
1610 2 44
1611 2 7
1612 5 0
1613 6 0
1614 1 7
1615 0 2
1616 0 46
1617 47 0
1618 3 1
1619 1 37
1620 1 44
1621 0 31
1622 46 0
1623 0 3
1624 2 5
1625 1 5
1626 0 8
1627 0 13
1628 0 5
1629 2 6
1630 1 38
1631 0 7
1632 1 43
1633 2 0
1634 0 42
1635 1 39
1636 0 35
1637 2 43
1638 0 11
1639 2 5
1640 0 45
1641 4 1
1642 0 37
1643 0 23
1644 0 41
1645 2 44
1646 2 6
1647 0 14
1648 1 40
1649 1 44
1650 0 40
1651 47 0
1652 0 10
1653 0 44
1654 0 11
1655 0 4
1656 2 5
1657 2 4
1658 8 0
1659 5 0
1660 0 9
1661 5 1
1662 0 13
1663 0 6
1664 1 46
1665 5 2
1666 0 22
1667 0 36
1668 1 2
1669 0 21
1670 0 12
1671 3 4
1672 0 46
1673 2 2
1674 0 2
1675 0 5
1676 0 1
1677 6 0
1678 3 3
1679 1 46
1680 0 6
1681 2 1
1682 1 38
1683 4 2
1684 6 1
1685 7 0
1686 1 45
1687 3 2
1688 1 12
1689 1 6
1690 0 38
1691 1 10
1692 0 39
1693 0 2
1694 0 14
1695 0 12
1696 0 45
1697 1 39
1698 3 0
1699 0 10
1700 5 1
1701 1 37
1702 1 45
1703 0 37
1704 0 32
1705 6 0
1706 0 13
1707 0 29
1708 3 1
1709 0 31
1710 2 0
1711 1 41
1712 5 0
1713 0 11
1714 4 1
1715 0 5
1716 0 43
1717 0 40
1718 2 1
1719 2 40
1720 0 10
1721 0 30
1722 0 36
1723 7 0
1724 2 39
1725 2 41
1726 6 0
1727 1 5
1728 1 36
1729 4 0
1730 5 0
1731 0 37
1732 0 45
1733 0 39
1734 1 45
1735 0 14
1736 0 13
1737 0 11
1738 1 1
1739 1 44
1740 1 6
1741 1 7
1742 2 3
1743 3 0
1744 1 5
1745 3 40
1746 1 3
1747 0 20
1748 1 4
1749 0 12
1750 0 38
1751 0 11
1752 0 31
1753 1 2
1754 8 0
1755 1 39
1756 1 45
1757 2 40
1758 4 0
1759 0 37
1760 0 36
1761 6 0
1762 3 0
1763 0 35
1764 0 12
1765 0 4
1766 0 40
1767 0 7
1768 0 34
1769 5 0
1770 0 39
1771 0 5
1772 4 0
1773 6 0
1774 0 36
1775 1 39
1776 0 30
1777 9 0
1778 2 39
1779 1 38
1780 2 38
1781 1 13
1782 3 39
1783 5 0
1784 8 0
1785 1 41
1786 0 35
1787 0 39
1788 2 39
1789 1 6
1790 3 0
1791 0 40
1792 2 1
1793 0 38
1794 0 4
1795 0 13
1796 0 36
1797 0 39
1798 1 1
1799 1 38
1800 0 12
1801 0 8
1802 0 35
1803 7 0
1804 0 32
1805 0 11
1806 0 13
1807 0 41
1808 0 38
1809 0 42
1810 0 39
1811 0 6
1812 4 1
1813 4 0
1814 46 0
1815 0 7
1816 0 31
1817 4 1
1818 1 39
1819 1 2
1820 0 12
1821 47 0
1822 0 30
1823 2 39
1824 2 38
1825 4 0
1826 1 7
1827 1 11
1828 0 19
1829 0 43
1830 0 44
1831 1 40
1832 3 0
1833 4 0
1834 0 7
1835 0 6
1836 1 13
1837 1 37
1838 0 5
1839 6 0
1840 1 1
1841 1 44
1842 1 38
1843 0 15
1844 0 4
1845 1 45
1846 1 0
1847 0 38
1848 5 0
1849 0 11
1850 1 44
1851 0 10
1852 0 37
1853 4 0
1854 0 8
1855 1 4
1856 0 7
1857 2 0
1858 0 39
1859 0 33
1860 1 41
1861 0 8
1862 0 36
1863 0 43
1864 0 40
1865 0 37
1866 1 3
1867 46 0
1868 47 0
1869 1 8
1870 0 44
1871 1 9
1872 0 7
1873 0 36
1874 0 31
1875 0 32
1876 8 0
1877 0 39
1878 0 5
1879 7 0
1880 0 38
1881 0 37
1882 1 43
1883 0 36
1884 1 44
1885 1 45
1886 0 37
1887 1 37
1888 0 31
1889 0 43
1890 1 0
1891 0 11
1892 1 46
1893 5 0
1894 0 42
1895 0 32
1896 0 37
1897 0 44
1898 0 40
1899 1 2
1900 0 0
1901 0 43
1902 6 0
1903 1 10
1904 2 46
1905 1 8
1906 0 29
1907 0 28
1908 5 1
1909 0 39
1910 1 47
1911 3 0
1912 0 8
1913 0 30
1914 0 13
1915 0 27
1916 0 31
1917 0 44
1918 0 16
1919 3 1
1920 0 15
1921 0 12
1922 1 36
1923 1 3
1924 3 46
1925 46 0
1926 4 0
1927 6 1
1928 3 0
1929 0 36
1930 2 47
1931 0 18
1932 0 33
1933 1 0
1934 1 46
1935 3 45
1936 0 45
1937 0 10
1938 0 14
1939 0 40
1940 4 1
1941 1 47
1942 0 13
1943 0 32
1944 0 34
1945 0 26
1946 2 47
1947 1 35
1948 0 44
1949 0 33
1950 0 39
1951 0 43
1952 1 11
1953 1 47
1954 0 32
1955 6 0
1956 0 47
1957 7 0
1958 0 14
1959 1 32
1960 6 0
1961 5 2
1962 0 37
1963 1 47
1964 0 33
1965 1 10
1966 0 35
1967 0 32
1968 5 0
1969 0 11
1970 4 2
1971 0 10
1972 0 13
1973 3 1
1974 0 17
1975 2 45
1976 0 16
1977 1 35
1978 1 44
1979 0 25
1980 4 0
1981 0 12
1982 0 47
1983 1 10
1984 1 7
1985 0 15
1986 5 1
1987 0 34
1988 1 34
1989 0 44
1990 4 1
1991 0 13
1992 0 35
1993 0 24
1994 1 47
1995 0 33
1996 2 44
1997 5 1
1998 1 2
1999 1 1
2000 0 36
2001 0 6
2002 1 35
2003 1 44
2004 3 0
2005 5 0
2006 0 14
2007 0 32
2008 4 1
2009 0 2
2010 1 8
2011 0 5
2012 0 35
2013 5 1
2014 0 8
2015 0 1
2016 4 1
2017 3 1
2018 3 0
2019 0 31
2020 0 6
2021 1 1
2022 1 35
2023 0 35
2024 1 5
2025 0 7
2026 0 3
2027 0 15
2028 0 5
2029 0 4
2030 0 14
2031 2 47
2032 1 12
2033 1 13
2034 0 40
2035 0 12
2036 1 4
2037 1 36
2038 4 2
2039 6 0
2040 0 13
2041 1 9
2042 0 9
2043 0 41
2044 1 12
2045 2 0
2046 1 11
2047 47 0
2048 5 0
2049 4 1
2050 5 1
2051 1 37
2052 0 36
2053 1 13
2054 1 33
2055 0 14
2056 0 40
2057 0 38
2058 0 41
2059 0 33
2060 0 13
2061 4 1
2062 0 32
2063 0 37
2064 0 31
2065 1 46
2066 1 43
2067 0 12
2068 1 8
2069 0 32
2070 0 11
2071 1 44
2072 1 45
2073 0 10
2074 0 4
2075 5 2
2076 0 35
2077 5 3
2078 5 1
2079 1 47
2080 1 12
2081 0 45
2082 0 36
2083 0 39
2084 0 40
2085 3 1
2086 5 2
2087 1 2
2088 0 34
2089 46 0
2090 0 5
2091 1 1
2092 0 35
2093 2 46
2094 0 47
2095 1 0
2096 0 6
2097 0 12
2098 0 11
2099 0 8
2100 4 1
2101 0 13
2102 0 39
2103 1 43
2104 0 46
2105 0 40
2106 6 1
2107 0 41
2108 1 47
2109 0 36
2110 0 23
2111 4 2
2112 6 2
2113 0 22
2114 0 5
2115 1 35
2116 0 21
2117 1 8
2118 1 46
2119 0 37
2120 5 1
2121 0 35
2122 0 6
2123 0 5
2124 0 40
2125 1 12
2126 0 20
2127 0 19
2128 4 3
2129 1 42
2130 0 6
2131 1 47
2132 0 18
2133 0 10
2134 2 12
2135 0 17
2136 2 1
2137 0 12
2138 1 12
2139 0 5
2140 2 11
2141 0 9
2142 0 31
2143 0 36
2144 4 2
2145 0 41
2146 2 0
2147 0 34
2148 1 43
2149 47 0
2150 6 1
2151 0 40
2152 0 41
2153 0 30
2154 1 36
2155 1 5
2156 1 6
2157 5 3
2158 0 35
2159 6 0
2160 1 4
2161 1 3
2162 4 1
2163 0 45
2164 5 2
2165 2 6
2166 1 42
2167 2 42
2168 0 6
2169 3 1
2170 1 13
2171 1 11
2172 2 5
2173 0 8
2174 1 35
2175 0 13
2176 2 1
2177 0 5
2178 0 44
2179 1 39
2180 0 38
2181 4 0
2182 1 42
2183 1 5
2184 46 0
2185 0 34
2186 5 0
2187 0 29
2188 2 0
2189 1 2
2190 4 0
2191 0 39
2192 1 12
2193 0 35
2194 1 6
2195 0 38
2196 3 0
2197 0 37
2198 0 40
2199 1 7
2200 1 46
2201 4 1
2202 0 45
2203 0 39
2204 5 3
2205 5 0
2206 0 7
2207 0 12
2208 1 35
2209 4 2
2210 1 43
2211 2 41
2212 1 42
2213 0 35
2214 2 1
2215 1 9
2216 4 0
2217 47 0
2218 2 40
2219 0 11
2220 1 35
2221 1 38
2222 1 40
2223 1 41
2224 46 0
2225 0 9
2226 0 40
2227 0 2
2228 4 1
2229 0 39
2230 0 41
2231 0 16
2232 4 0
2233 5 0
2234 5 4
2235 0 38
2236 0 28
2237 2 47
2238 0 35
2239 3 2
2240 47 0
2241 0 39
2242 3 1
2243 0 27
2244 1 37
2245 0 40
2246 4 4
2247 3 4
2248 2 12
2249 2 1
2250 0 14
2251 0 17
2252 0 10
2253 2 2
2254 1 6
2255 1 42
2256 4 0
2257 0 6
2258 3 2
2259 0 37
2260 0 15
2261 1 2
2262 1 47
2263 1 40
2264 2 2
2265 1 39
2266 0 36
2267 0 13
2268 0 12
2269 1 36
2270 0 37
2271 0 11
2272 0 5
2273 0 16
2274 1 12
2275 0 42
2276 2 36
2277 0 26
2278 6 0
2279 3 1
2280 0 44
2281 0 17
2282 0 6
2283 1 2
2284 0 14
2285 0 38
2286 1 42
2287 0 10
2288 0 15
2289 1 3
2290 0 37
2291 0 11
2292 0 18
2293 3 0
2294 0 14
2295 1 36
2296 5 0
2297 0 25
2298 1 8
2299 1 40
2300 0 45
2301 0 42
2302 4 0
2303 2 4
2304 2 5
2305 1 42
2306 46 0
2307 47 0
2308 1 37
2309 0 10
2310 0 40
2311 0 17
2312 2 47
2313 0 44
2314 0 39
2315 0 8
2316 1 43
2317 1 5
2318 1 13
2319 45 0
2320 0 11
2321 1 39
2322 0 34
2323 0 40
2324 1 4
2325 0 7
2326 0 41
2327 0 16
2328 0 6
2329 4 1
2330 0 33
2331 0 35
2332 0 36
2333 1 47
2334 4 0
2335 1 11
2336 0 5
2337 1 5
2338 0 15
2339 0 37
2340 1 9
2341 3 0
2342 0 5
2343 1 35
2344 4 2
2345 0 16
2346 0 9
2347 1 5
2348 0 34
2349 1 7
2350 0 45
2351 1 12
2352 3 2
2353 3 3
2354 1 9
2355 0 40
2356 0 17
2357 1 11
2358 4 1
2359 3 47
2360 0 11
2361 0 15
2362 0 9
2363 1 37
2364 1 44
2365 0 37
2366 0 39
2367 2 0
2368 2 7
2369 0 42
2370 4 0
2371 4 1
2372 0 46
2373 0 7
2374 0 16
2375 1 43
2376 1 11
2377 1 44
2378 0 5
2379 1 36
2380 1 41
2381 2 36
2382 4 0
2383 0 33
2384 0 32
2385 1 3
2386 2 47
2387 1 15
2388 5 0
2389 0 34
2390 3 0
2391 0 24
2392 1 5
2393 3 1
2394 0 11
2395 1 6
2396 0 5
2397 0 43
2398 0 42
2399 46 0
2400 2 35
2401 0 15
2402 0 23
2403 6 0
2404 0 45
2405 1 7
2406 0 8
2407 1 35
2408 1 36
2409 1 10
2410 4 0
2411 0 41
2412 2 36
2413 0 36
2414 0 31
2415 4 1
2416 1 36
2417 2 7
2418 0 30
2419 0 6
2420 2 3
2421 0 7
2422 1 15
2423 1 7
2424 0 33
2425 1 11
2426 0 46
2427 1 4
2428 0 12
2429 0 29
2430 5 0
2431 45 0
2432 0 4
2433 0 37
2434 0 35
2435 5 1
2436 1 40
2437 2 6
2438 0 3
2439 1 41
2440 0 9
2441 2 5
2442 0 40
2443 1 10
2444 1 3
2445 5 0
2446 0 45
2447 0 43
2448 0 13
2449 0 8
2450 1 9
2451 0 38
2452 44 0
2453 0 15
2454 0 34
2455 2 4
2456 0 39
2457 0 28
2458 0 42
2459 0 10
2460 3 0
2461 2 6
2462 0 37
2463 3 4
2464 2 3
2465 0 22
2466 1 35
2467 1 40
2468 0 7
2469 1 4
2470 0 46
2471 0 4
2472 1 4
2473 0 14
2474 43 0
2475 3 1
2476 1 39
2477 0 38
2478 2 4
2479 0 36
2480 0 11
2481 0 12
2482 6 0
2483 3 2
2484 1 10
2485 0 39
2486 0 10
2487 0 38
2488 0 15
2489 5 0
2490 1 47
2491 0 27
2492 0 9
2493 1 5
2494 0 43
2495 2 2
2496 0 11
2497 46 0
2498 0 35
2499 0 4
2500 0 37
2501 1 4
2502 3 3
2503 2 3
2504 0 45
2505 0 44
2506 0 39
2507 0 12
2508 0 36
2509 0 35
2510 0 14
2511 47 0
2512 1 9
2513 0 26
2514 4 0
2515 1 10
2516 1 9
2517 0 46
2518 0 38
2519 0 4
2520 1 45
2521 1 4
2522 0 3
2523 3 1
2524 0 39
2525 0 45
2526 5 0
2527 1 35
2528 3 2
2529 0 2
2530 0 40
2531 0 47
2532 0 35
2533 0 46
2534 42 0
2535 0 15
2536 1 3
2537 0 8
2538 0 21
2539 2 0
2540 4 2
2541 0 45
2542 0 1
2543 2 1
2544 0 2
2545 0 1
2546 0 14
2547 0 38
2548 0 11
2549 2 4
2550 0 33
2551 0 10
2552 0 20
2553 1 8
2554 0 19
2555 7 0
2556 3 1
2557 0 17
2558 1 43
2559 3 2
2560 1 4
2561 41 0
2562 0 9
2563 0 25
2564 4 0
2565 0 24
2566 1 38
2567 0 34
2568 1 34
2569 6 0
2570 0 35
2571 0 36
2572 0 43
2573 3 0
2574 1 46
2575 1 39
2576 0 46
2577 2 4
2578 2 2
2579 3 4
2580 1 40
2581 0 10
2582 0 13
2583 1 42
2584 0 16
2585 1 33
2586 1 34
2587 5 0
2588 1 4
2589 0 23
2590 0 37
2591 1 16
2592 0 38
2593 3 2
2594 0 39
2595 4 0
2596 1 7
2597 1 33
2598 0 45
2599 0 35
2600 0 44
2601 0 11
2602 2 1
2603 2 0
2604 1 8
2605 0 43
2606 0 44
2607 0 40
2608 0 43
2609 2 2
2610 0 44
2611 0 43
2612 0 20
2613 1 7
2614 0 46
2615 1 0
2616 0 16
2617 0 12
2618 1 32
2619 1 8
2620 4 1
2621 1 6
2622 0 2
2623 1 41
2624 1 7
2625 3 3
2626 2 3
2627 40 0
2628 4 2
2629 0 15
2630 0 9
2631 0 1
2632 0 44
2633 0 2
2634 39 0
2635 2 0
2636 1 46
2637 0 1
2638 0 39
2639 0 14
2640 0 19
2641 3 0
2642 0 17
2643 0 38
2644 0 43
2645 2 0
2646 1 17
2647 0 32
2648 0 11
2649 1 2
2650 0 16
2651 0 46
2652 0 31
2653 4 3
2654 0 2
2655 3 2
2656 0 13
2657 3 0
2658 0 32
2659 4 0
2660 1 16
2661 2 2
2662 3 5
2663 0 3
2664 1 3
2665 1 36
2666 3 3
2667 1 47
2668 0 18
2669 0 36
2670 3 1
2671 2 1
2672 0 8
2673 0 19
2674 3 0
2675 1 42
2676 3 4
2677 0 18
2678 2 4
2679 0 10
2680 0 22
2681 3 1
2682 3 2
2683 38 0
2684 0 12
2685 0 45
2686 0 39
2687 0 13
2688 0 46
2689 2 0
2690 3 3
2691 2 5
2692 1 4
2693 2 3
2694 0 47
2695 2 2
2696 1 0
2697 37 0
2698 0 40
2699 0 4
2700 1 8
2701 1 9
2702 0 11
2703 1 2
2704 1 1
2705 1 15
2706 0 15
2707 1 17
2708 0 41
2709 1 5
2710 1 6
2711 1 4
2712 2 4
2713 3 3
2714 1 36
2715 46 0
2716 1 0
2717 3 4
2718 0 36
2719 0 37
2720 1 15
2721 1 7
2722 1 41
2723 1 4
2724 1 5
2725 2 47
2726 0 0
2727 0 17
2728 1 6
2729 1 8
2730 2 4
2731 0 31
2732 2 3
2733 3 0
2734 2 0
2735 1 0
2736 1 37
2737 2 2
2738 0 37
2739 0 8
2740 1 4
2741 2 4
2742 0 10
2743 2 3
2744 0 36
2745 1 33
2746 0 6
2747 0 7
2748 0 11
2749 0 30
2750 0 33
2751 0 18
2752 0 17
2753 2 8
2754 2 0
2755 0 10
2756 0 11
2757 0 15
2758 0 18
2759 0 44
2760 0 45
2761 0 0
2762 36 0
2763 0 17
2764 0 21
2765 4 3
2766 3 2
2767 0 18
2768 2 4
2769 0 38
2770 4 4
2771 1 0
2772 3 4
2773 1 40
2774 0 46
2775 0 45
2776 0 14
2777 2 2
2778 0 17
2779 0 37
2780 0 1
2781 0 4
2782 0 2
2783 3 3
2784 0 10
2785 1 4
2786 0 13
2787 2 1
2788 2 4
2789 0 29
2790 0 11
2791 0 46
2792 0 16
2793 0 17
2794 0 47
2795 1 1
2796 1 44
2797 1 39
2798 0 42
2799 47 0
2800 2 5
2801 2 39
2802 1 4
2803 1 7
2804 1 6
2805 0 44
2806 2 1
2807 2 7
2808 1 38
2809 0 14
2810 0 28
2811 3 2
2812 0 1
2813 1 1
2814 1 5
2815 0 10
2816 0 15
2817 0 36
2818 0 11
2819 0 35
2820 1 45
2821 0 45
2822 0 27
2823 1 39
2824 0 2
2825 4 2
2826 1 3
2827 1 2
2828 0 18
2829 46 0
2830 0 3
2831 0 36
2832 0 39
2833 2 5
2834 1 0
2835 2 2
2836 3 2
2837 0 7
2838 1 47
2839 0 0
2840 0 19
2841 0 17
2842 2 6
2843 0 35
2844 2 5
2845 3 3
2846 2 4
2847 0 20
2848 2 3
2849 1 35
2850 0 32
2851 0 14
2852 0 15
2853 0 46
2854 0 12
2855 4 0
2856 0 1
2857 0 36
2858 3 6
2859 1 1
2860 0 11
2861 1 15
2862 1 39
2863 0 4
2864 0 3
2865 0 2
2866 0 45
2867 0 6
2868 3 0
2869 0 35
2870 0 37
2871 0 34
2872 1 6
2873 0 1
2874 2 1
2875 1 13
2876 2 2
2877 1 40
2878 1 45
2879 3 5
2880 0 15
2881 0 10
2882 0 18
2883 1 7
2884 0 6
2885 0 14
2886 0 38
2887 0 13
2888 0 46
2889 0 47
2890 0 15
2891 0 45
2892 2 0
2893 0 5
2894 0 17
2895 0 37
2896 2 40
2897 0 4
2898 2 3
2899 2 39
2900 47 0
2901 1 5
2902 2 6
2903 0 38
2904 0 46
2905 0 18
2906 1 0
2907 4 1
2908 0 5
2909 1 18
2910 4 5
2911 0 18
2912 3 3
2913 1 6
2914 2 6
2915 0 44
2916 1 3
2917 1 2
2918 1 14
2919 0 47
2920 2 0
2921 0 45
2922 46 0
2923 0 0
2924 2 3
2925 0 11
2926 0 19
2927 2 2
2928 3 5
2929 0 14
2930 1 39
2931 0 35
2932 0 2
2933 0 39
2934 0 31
2935 1 6
2936 0 34
2937 2 5
2938 0 10
2939 1 19
2940 1 15
2941 0 30
2942 0 1
2943 2 1
2944 0 15
2945 1 4
2946 1 45
2947 0 2
2948 3 0
2949 1 18
2950 3 1
2951 2 7
2952 1 38
2953 0 45
2954 1 41
2955 0 6
2956 0 19
2957 0 26
2958 0 18
2959 0 38
2960 0 9
2961 0 3
2962 1 6
2963 0 12
2964 1 7
2965 0 29
2966 1 18
2967 0 39
2968 1 45
2969 0 28
2970 2 6
2971 0 16
2972 0 18
2973 2 5
2974 2 6
2975 1 6
2976 2 5
2977 1 18
2978 35 0
2979 1 5
2980 1 42
2981 0 27
2982 2 2
2983 1 8
2984 0 8
2985 0 10
2986 0 20
2987 3 5
2988 1 7
2989 0 38
2990 3 2
2991 2 2
2992 0 7
2993 4 0
2994 0 11
2995 0 39
2996 0 18
2997 1 44
2998 1 14
2999 0 19
3000 0 38
3001 0 14
3002 0 45
3003 0 13
3004 2 1
3005 2 0
3006 0 4
3007 3 4
3008 0 42
3009 0 17
3010 0 5
3011 0 29
3012 0 28
3013 0 12
3014 0 29
3015 1 5
3016 2 5
3017 0 46
3018 2 7
3019 3 0
3020 2 3
3021 1 40
3022 0 35
3023 1 46
3024 0 5
3025 2 6
3026 3 3
3027 1 39
3028 0 37
3029 0 21
3030 1 47
3031 1 43
3032 2 5
3033 1 44
3034 0 44
3035 0 20
3036 0 43
3037 0 28
3038 1 7
3039 1 6
3040 3 4
3041 0 13
3042 0 38
3043 1 3
3044 0 39
3045 0 45
3046 0 47
3047 1 41
3048 0 6
3049 0 21
3050 0 42
3051 34 0
3052 1 5
3053 2 4
3054 0 16
3055 0 15
3056 0 17
3057 2 3
3058 3 2
3059 1 38
3060 1 37
3061 1 45
3062 0 30
3063 0 43
3064 1 6
3065 0 27
3066 0 14
3067 0 20
3068 1 10
3069 0 42
3070 0 26
3071 0 34
3072 0 18
3073 0 35
3074 0 17
3075 0 29
3076 2 5
3077 0 21
3078 2 6
3079 1 12
3080 0 22
3081 2 7
3082 0 36
3083 1 13
3084 1 46
3085 1 5
3086 47 0
3087 1 6
3088 1 7
3089 0 21
3090 0 28
3091 0 10
3092 1 4
3093 1 3
3094 0 3
3095 1 2
3096 0 6
3097 0 37
3098 0 2
3099 0 27
3100 0 36
3101 0 20
3102 0 7
3103 1 40
3104 0 28
3105 0 37
3106 1 14
3107 0 46
3108 0 36
3109 2 4
3110 2 2
3111 0 8
3112 2 45
3113 2 1
3114 2 8
3115 1 8
3116 0 5
3117 1 45
3118 3 1
3119 0 12
3120 1 41
3121 0 45
3122 0 6
3123 1 4
3124 0 22
3125 0 25
3126 1 40
3127 0 11
3128 0 27
3129 2 9
3130 0 33
3131 0 26
3132 2 2
3133 0 21
3134 2 4
3135 0 37
3136 3 0
3137 0 10
3138 0 18
3139 1 44
3140 1 6
3141 0 1
3142 3 4
3143 0 46
3144 0 23
3145 1 1
3146 1 45
3147 3 2
3148 0 6
3149 1 36
3150 0 36
3151 2 8
3152 0 8
3153 2 1
3154 4 0
3155 1 4
3156 2 4
3157 0 0
3158 1 39
3159 2 2
3160 0 5
3161 0 9
3162 0 6
3163 1 17
3164 2 3
3165 0 4
3166 1 6
3167 0 6
3168 1 37
3169 1 40
3170 0 3
3171 0 20
3172 2 4
3173 3 0
3174 0 4
3175 0 19
3176 0 20
3177 1 38
3178 0 17
3179 1 6
3180 1 39
3181 2 9
3182 0 27
3183 0 16
3184 0 17
3185 0 10
3186 0 15
3187 1 1
3188 0 24
3189 0 13
3190 0 19
3191 0 14
3192 1 0
3193 0 37
3194 1 41
3195 2 6
3196 0 6
3197 1 9
3198 0 12
3199 0 3
3200 1 40
3201 1 6
3202 1 44
3203 1 2
3204 0 38
3205 1 13
3206 2 6
3207 46 0
3208 1 14
3209 0 9
3210 0 10
3211 3 3
3212 0 20
3213 0 16
3214 0 21
3215 0 19
3216 0 11
3217 1 45
3218 0 47
3219 0 5
3220 2 3
3221 3 1
3222 0 32
3223 1 3
3224 0 12
3225 2 0
3226 1 13
3227 47 0
3228 1 12
3229 0 41
3230 0 13
3231 0 46
3232 0 22
3233 1 44
3234 1 13
3235 0 11
3236 1 6
3237 1 12
3238 3 4
3239 0 15
3240 0 35
3241 0 9
3242 2 1
3243 3 1
3244 0 10
3245 0 18
3246 3 3
3247 1 13
3248 0 20
3249 0 8
3250 2 9
3251 0 14
3252 0 23
3253 2 6
3254 0 26
3255 1 45
3256 46 0
3257 1 1
3258 2 1
3259 0 17
3260 1 0
3261 1 11
3262 0 18
3263 0 15
3264 0 11
3265 1 24
3266 3 0
3267 0 36
3268 0 31
3269 47 0
3270 1 43
3271 2 2
3272 1 2
3273 2 2
3274 1 2
3275 0 25
3276 2 5
3277 1 39
3278 1 44
3279 1 42
3280 1 5
3281 1 6
3282 3 2
3283 1 41
3284 2 2
3285 0 22
3286 0 21
3287 0 0
3288 0 1
3289 46 0
3290 0 2
3291 0 44
3292 2 8
3293 0 3
3294 0 47
3295 0 13
3296 0 12
3297 0 46
3298 33 0
3299 3 1
3300 1 8
3301 47 0
3302 3 4
3303 0 26
3304 0 2
3305 0 25
3306 0 24
3307 0 13
3308 2 3
3309 1 2
3310 0 12
3311 1 9
3312 0 22
3313 2 43
3314 0 21
3315 0 47
3316 0 22
3317 0 46
3318 0 43
3319 0 14
3320 0 17
3321 1 12
3322 1 3
3323 0 42
3324 2 1
3325 1 13
3326 0 30
3327 0 9
3328 2 5
3329 0 41
3330 1 40
3331 2 6
3332 0 45
3333 3 5
3334 1 5
3335 1 7
3336 0 15
3337 0 18
3338 3 4
3339 1 37
3340 1 38
3341 0 29
3342 2 0
3343 46 0
3344 3 0
3345 0 14
3346 2 5
3347 3 3
3348 0 37
3349 0 7
3350 0 38
3351 0 26
3352 0 3
3353 1 1
3354 0 25
3355 3 2
3356 0 17
3357 2 6
3358 0 26
3359 3 3
3360 0 28
3361 0 18
3362 0 25
3363 0 26
3364 1 47
3365 0 1
3366 0 27
3367 1 12
3368 2 5
3369 2 42
3370 1 13
3371 2 3
3372 0 28
3373 0 16
3374 0 2
3375 0 4
3376 2 0
3377 0 23
3378 0 17
3379 2 13
3380 2 8
3381 0 36
3382 1 11
3383 0 8
3384 0 27
3385 0 40
3386 1 13
3387 2 1
3388 2 7
3389 0 39
3390 0 11
3391 0 44
3392 0 5
3393 1 2
3394 2 41
3395 47 0
3396 1 5
3397 0 2
3398 2 40
3399 2 5
3400 0 16
3401 0 26
3402 0 10
3403 3 3
3404 1 43
3405 3 2
3406 3 4
3407 46 0
3408 2 39
3409 2 8
3410 0 47
3411 0 17
3412 0 40
3413 1 2
3414 1 42
3415 0 19
3416 0 42
3417 0 9
3418 1 8
3419 0 13
3420 0 16
3421 0 21
3422 0 20
3423 1 4
3424 32 0
3425 0 11
3426 0 17
3427 1 40
3428 0 12
3429 1 39
3430 0 4
3431 1 3
3432 1 14
3433 2 47
3434 0 27
3435 0 45
3436 0 11
3437 2 0
3438 0 22
3439 0 44
3440 0 14
3441 0 46
3442 0 15
3443 1 9
3444 2 2
3445 1 44
3446 1 47
3447 2 8
3448 2 4
3449 47 0
3450 0 44
3451 1 5
3452 31 0
3453 0 39
3454 2 3
3455 0 47
3456 0 9
3457 0 21
3458 2 4
3459 1 11
3460 0 43
3461 0 22
3462 2 38
3463 1 14
3464 2 3
3465 0 42
3466 0 26
3467 0 11
3468 0 18
3469 2 9
3470 1 41
3471 0 29
3472 1 40
3473 46 0
3474 1 8
3475 1 9
3476 2 4
3477 1 36
3478 0 43
3479 0 44
3480 0 25
3481 0 19
3482 0 16
3483 3 4
3484 1 12
3485 0 12
3486 0 24
3487 0 11
3488 0 38
3489 0 23
3490 30 0
3491 1 4
3492 0 12
3493 1 43
3494 0 22
3495 1 42
3496 0 21
3497 3 3
3498 3 5
3499 0 18
3500 1 7
3501 0 23
3502 1 11
3503 0 14
3504 2 5
3505 1 6
3506 0 17
3507 1 35
3508 4 0
3509 0 20
3510 0 37
3511 0 15
3512 0 38
3513 0 11
3514 2 3
3515 29 0
3516 0 24
3517 1 41
3518 0 19
3519 0 39
3520 0 18
3521 0 16
3522 0 12
3523 47 0
3524 0 6
3525 0 35
3526 2 1
3527 2 0
3528 0 43
3529 2 6
3530 1 37
3531 2 1
3532 3 3
3533 3 0
3534 3 2
3535 0 34
3536 1 38
3537 2 0
3538 0 38
3539 0 37
3540 1 6
3541 1 18
3542 1 5
3543 0 6
3544 1 44
3545 0 44
3546 0 33
3547 3 1
3548 2 9
3549 0 21
3550 0 32
3551 0 14
3552 0 7
3553 0 43
3554 2 47
3555 0 39
3556 0 44
3557 0 13
3558 0 40
3559 0 18
3560 1 10
3561 3 2
3562 0 23
3563 0 12
3564 2 10
3565 1 9
3566 0 13
3567 0 28
3568 1 39
3569 0 27
3570 0 36
3571 0 39
3572 0 19
3573 0 43
3574 0 9
3575 2 37
3576 0 31
3577 1 11
3578 1 40
3579 0 20
3580 1 6
3581 2 11
3582 0 8
3583 0 12
3584 1 47
3585 3 3
3586 1 45
3587 0 13
3588 0 15
3589 1 8
3590 0 37
3591 2 36
3592 0 9
3593 1 21
3594 28 0
3595 1 43
3596 0 21
3597 1 9
3598 0 11
3599 0 36
3600 1 7
3601 2 3
3602 0 26
3603 0 12
3604 1 15
3605 1 39
3606 0 25
3607 0 7
3608 0 11
3609 1 20
3610 0 22
3611 27 0
3612 1 7
3613 0 44
3614 0 47
3615 0 24
3616 1 8
3617 2 39
3618 2 35
3619 2 38
3620 1 41
3621 0 12
3622 0 10
3623 1 19
3624 0 13
3625 0 43
3626 0 19
3627 0 37
3628 1 6
3629 0 39
3630 0 18
3631 1 9
3632 2 4
3633 1 42
3634 1 43
3635 0 15
3636 2 1
3637 1 47
3638 1 23
3639 2 7
3640 2 47
3641 2 8
3642 1 46
3643 1 15
3644 0 30
3645 1 45
3646 0 14
3647 2 2
3648 2 9
3649 0 38
3650 3 47
3651 0 35
3652 0 43
3653 0 45
3654 0 46
3655 1 41
3656 2 8
3657 2 47
3658 2 7
3659 1 42
3660 0 15
3661 1 47
3662 1 11
3663 0 13
3664 1 8
3665 0 23
3666 46 0
3667 1 10
3668 0 19
3669 1 5
3670 1 7
3671 4 0
3672 2 37
3673 0 47
3674 0 12
3675 2 7
3676 1 7
3677 1 22
3678 47 0
3679 0 42
3680 0 40
3681 0 29
3682 0 11
3683 1 14
3684 1 15
3685 2 7
3686 3 0
3687 0 12
3688 2 10
3689 0 13
3690 2 5
3691 0 43
3692 1 7
3693 1 4
3694 0 44
3695 2 6
3696 0 34
3697 1 40
3698 1 14
3699 0 10
3700 1 3
3701 0 45
3702 0 18
3703 0 12
3704 2 1
3705 2 47
3706 0 16
3707 1 23
3708 0 44
3709 0 39
3710 0 14
3711 1 10
3712 2 7
3713 1 44
3714 0 13
3715 1 22
3716 4 0
3717 0 14
3718 2 2
3719 2 1
3720 1 47
3721 0 24
3722 0 42
3723 1 21
3724 0 40
3725 1 7
3726 0 39
3727 0 25
3728 1 20
3729 0 11
3730 1 4
3731 2 36
3732 0 24
3733 0 45
3734 1 11
3735 1 36
3736 2 8
3737 0 21
3738 3 0
3739 0 17
3740 1 10
3741 0 40
3742 0 10
3743 1 42
3744 1 6
3745 0 23
3746 1 18
3747 0 39
3748 0 33
3749 0 32
3750 1 12
3751 2 20
3752 0 22
3753 0 42
3754 0 36
3755 0 28
3756 0 13
3757 0 20
3758 1 43
3759 2 9
3760 0 14
3761 0 46
3762 1 39
3763 0 9
3764 2 2
3765 0 18
3766 1 35
3767 1 9
3768 1 3
3769 2 42
3770 1 22
3771 0 35
3772 2 6
3773 1 13
3774 1 40
3775 0 10
3776 0 40
3777 0 15
3778 1 11
3779 0 21
3780 4 0
3781 0 27
3782 0 11
3783 1 46
3784 0 19
3785 0 20
3786 1 12
3787 0 12
3788 1 4
3789 0 43
3790 46 0
3791 1 14
3792 0 14
3793 0 13
3794 2 1
3795 0 44
3796 0 39
3797 0 45
3798 2 5
3799 0 43
3800 0 31
3801 0 24
3802 1 45
3803 1 10
3804 1 15
3805 0 42
3806 1 13
3807 1 42
3808 0 41
3809 2 10
3810 0 40
3811 0 4
3812 1 44
3813 3 0
3814 0 15
3815 1 1
3816 1 12
3817 2 11
3818 0 26
3819 1 10
3820 0 25
3821 1 20
3822 0 10
3823 2 4
3824 0 13
3825 1 14
3826 0 46
3827 0 14
3828 0 22
3829 0 11
3830 2 6
3831 0 5
3832 2 10
3833 2 3
3834 0 37
3835 1 9
3836 5 0
3837 2 9
3838 4 0
3839 1 21
3840 0 47
3841 1 6
3842 0 12
3843 1 7
3844 0 21
3845 1 3
3846 1 43
3847 0 44
3848 1 13
3849 2 11
3850 3 4
3851 3 3
3852 2 7
3853 26 0
3854 0 38
3855 2 3
3856 2 2
3857 1 5
3858 2 6
3859 1 4
3860 1 22
3861 0 22
3862 25 0
3863 1 11
3864 0 11
3865 1 9
3866 0 9
3867 3 6
3868 2 3
3869 2 0
3870 2 9
3871 2 5
3872 0 45
3873 0 4
3874 0 23
3875 1 0
3876 0 5
3877 0 39
3878 1 5
3879 1 14
3880 1 23
3881 0 46
3882 1 13
3883 0 10
3884 0 24
3885 0 25
3886 0 9
3887 0 34
3888 5 0
3889 1 9
3890 0 23
3891 0 38
3892 0 33
3893 1 22
3894 24 0
3895 0 12
3896 1 14
3897 1 13
3898 23 0
3899 2 4
3900 1 21
3901 0 11
3902 0 22
3903 4 0
3904 0 6
3905 0 24
3906 3 4
3907 22 0
3908 0 37
3909 1 14
3910 47 0
3911 1 44
3912 1 13
3913 0 47
3914 0 36
3915 0 23
3916 0 46
3917 1 41
3918 2 1
3919 2 0
3920 0 34
3921 0 19
3922 21 0
3923 0 39
3924 0 30
3925 3 5
3926 1 45
3927 0 10
3928 0 7
3929 3 0
3930 3 1
3931 20 0
3932 0 21
3933 0 13
3934 0 20
3935 0 9
3936 1 1
3937 0 24
3938 0 35
3939 0 1
3940 0 0
3941 2 1
3942 19 0
3943 0 8
3944 2 2
3945 0 5
3946 0 22
3947 1 19
3948 2 12
3949 2 1
3950 0 14
3951 0 15
3952 1 8
3953 0 1
3954 0 16
3955 0 38
3956 2 13
3957 0 2
3958 0 23
3959 0 11
3960 2 21
3961 0 47
3962 1 44
3963 0 9
3964 3 6
3965 0 14
3966 3 3
3967 0 13
3968 2 0
3969 1 22
3970 0 21
3971 0 46
3972 0 8
3973 0 22
3974 0 10
3975 0 14
3976 3 4
3977 0 37
3978 1 2
3979 0 6
3980 1 12
3981 1 22
3982 0 2
3983 1 21
3984 18 0
3985 2 2
3986 0 20
3987 2 8
3988 3 2
3989 0 5
3990 17 0
3991 0 6
3992 0 3
3993 3 3
3994 0 17
3995 1 13
3996 0 19
3997 0 2
3998 1 7
3999 1 11
4000 0 22
4001 1 2
4002 0 11
4003 0 18
4004 0 45
4005 16 0
4006 15 0
4007 2 7
4008 0 44
4009 1 22
4010 0 5
4011 0 7
4012 0 13
4013 0 8
4014 0 22
4015 2 2
4016 0 19
4017 14 0
4018 13 0
4019 0 4
4020 0 38
4021 3 4
4022 0 12
4023 2 3
4024 0 37
4025 1 13
4026 0 13
4027 1 22
4028 0 34
4029 12 0
4030 11 0
4031 0 22
4032 2 1
4033 2 0
4034 2 2
4035 2 1
4036 1 22
4037 3 5
4038 1 43
4039 0 45
4040 2 5
4041 2 6
4042 10 0
4043 1 6
4044 1 23
4045 1 22
4046 0 38
4047 0 20
4048 1 10
4049 3 0
4050 1 4
4051 2 6
4052 0 22
4053 9 0
4054 1 44
4055 2 44
4056 1 6
4057 0 37
4058 0 21
4059 1 45
4060 1 5
4061 3 3
4062 0 16
4063 0 24
4064 1 8
4065 0 29
4066 2 0
4067 0 22
4068 0 8
4069 0 4
4070 0 7
4071 0 38
4072 0 6
4073 3 4
4074 0 45
4075 0 3
4076 1 15
4077 0 10
4078 0 17
4079 8 0
4080 0 39
4081 1 44
4082 1 13
4083 0 35
4084 2 11
4085 3 5
4086 0 13
4087 1 20
4088 0 9
4089 1 4
4090 2 12
4091 1 5
4092 2 5
4093 0 25
4094 0 44
4095 0 40
4096 1 40
4097 0 21
4098 0 36
4099 0 35
4100 1 13
4101 1 14
4102 0 41
4103 0 13
4104 0 45
4105 0 40
4106 0 7
4107 0 15
4108 0 22
4109 2 14
4110 1 7
4111 0 5
4112 0 42
4113 0 4
4114 0 16
4115 1 12
4116 0 12
4117 4 4
4118 0 34
4119 0 10
4120 0 11
4121 0 8
4122 1 14
4123 3 5
4124 2 2
4125 0 15
4126 0 38
4127 0 37
4128 3 6
4129 0 24
4130 0 21
4131 0 20
4132 0 43
4133 0 42
4134 3 4
4135 0 7
4136 3 7
4137 0 18
4138 1 42
4139 1 43
4140 0 38
4141 0 33
4142 0 39
4143 3 3
4144 2 12
4145 1 12
4146 0 35
4147 0 10
4148 1 4
4149 0 17
4150 0 46
4151 2 7
4152 0 23
4153 0 13
4154 0 8
4155 0 34
4156 0 37
4157 1 20
4158 0 20
4159 0 18
4160 2 3
4161 0 40
4162 1 10
4163 0 9
4164 0 36
4165 0 45
4166 0 16
4167 1 3
4168 0 12
4169 0 13
4170 0 46
4171 0 14
4172 0 7
4173 2 8
4174 1 7
4175 3 0
4176 0 3
4177 1 42
4178 1 19
4179 1 3
4180 2 7
4181 1 41
4182 0 8
4183 0 13
4184 0 19
4185 0 10
4186 0 7
4187 0 15
4188 0 9
4189 2 0
4190 0 6
4191 2 8
4192 1 13
4193 0 33
4194 1 40
4195 0 24
4196 1 8
4197 0 34
4198 1 20
4199 1 5
4200 0 3
4201 1 12
4202 7 0
4203 0 22
4204 1 46
4205 0 21
4206 0 37
4207 1 13
4208 0 45
4209 1 41
4210 0 13
4211 0 41
4212 1 4
4213 0 36
4214 0 14
4215 1 15
4216 0 10
4217 0 46
4218 3 3
4219 0 44
4220 1 36
4221 0 33
4222 1 21
4223 0 13
4224 0 11
4225 3 2
4226 2 3
4227 1 14
4228 1 13
4229 0 43
4230 0 4
4231 0 36
4232 3 1
4233 2 8
4234 1 9
4235 0 40
4236 0 5
4237 1 43
4238 1 20
4239 0 35
4240 3 0
4241 0 13
4242 2 2
4243 0 44
4244 0 4
4245 2 14
4246 0 41
4247 0 22
4248 0 9
4249 0 18
4250 1 16
4251 0 45
4252 1 14
4253 0 12
4254 6 0
4255 0 34
4256 3 1
4257 0 42
4258 0 19
4259 0 41
4260 2 11
4261 0 23
4262 2 3
4263 2 13
4264 0 10
4265 5 0
4266 1 6
4267 4 0
4268 1 17
4269 0 8
4270 0 3
4271 1 42
4272 1 8
4273 2 1
4274 0 21
4275 0 14
4276 0 36
4277 0 20
4278 0 7
4279 0 21
4280 2 12
4281 0 17
4282 1 44
4283 2 9
4284 0 44
4285 1 43
4286 3 3
4287 0 2
4288 1 3
4289 3 2
4290 0 13
4291 0 43
4292 0 6
4293 1 21
4294 0 18
4295 0 37
4296 0 24
4297 1 20
4298 2 5
4299 2 2
4300 2 10
4301 0 14
4302 0 42
4303 0 1
4304 1 2
4305 1 1
4306 0 8
4307 1 8
4308 0 40
4309 0 36
4310 0 41
4311 0 16
4312 0 5
4313 3 3
4314 1 3
4315 0 6
4316 2 44
4317 0 15
4318 0 1
4319 1 13
4320 1 5
4321 0 23
4322 0 20
4323 3 2
4324 3 1
4325 1 9
4326 0 0
4327 0 22
4328 0 19
4329 1 46
4330 0 3
4331 3 12
4332 0 46
4333 2 12
4334 3 0
4335 0 33
4336 2 13
4337 1 13
4338 0 5
4339 0 1
4340 0 45
4341 3 4
4342 2 9
4343 2 13
4344 1 8
4345 0 8
4346 0 23
4347 2 10
4348 0 16
4349 0 40
4350 0 4
4351 0 32
4352 1 1
4353 1 0
4354 0 41
4355 2 4
4356 0 46
4357 1 44
4358 0 22
4359 0 11
4360 0 0
4361 1 4
4362 3 1
4363 2 3
4364 0 3
4365 1 18
4366 1 19
4367 1 13
4368 1 18
4369 0 20
4370 0 45
4371 2 6
4372 0 15
4373 0 6
4374 0 31
4375 0 35
4376 0 7
4377 0 38
4378 0 23
4379 1 5
4380 0 34
4381 0 13
4382 0 17
4383 0 46
4384 0 30
4385 1 19
4386 0 8
4387 0 47
4388 2 43
4389 0 2
4390 0 40
4391 1 0
4392 1 6
4393 1 11
4394 0 46
4395 2 2
4396 1 4
4397 0 19
4398 1 7
4399 0 39
4400 1 45
4401 2 9
4402 1 46
4403 1 10
4404 1 13
4405 0 0
4406 0 18
4407 1 8
4408 0 19
4409 1 12
4410 1 5
4411 0 14
4412 2 8
4413 0 3
4414 0 4
4415 0 3
4416 0 20
4417 1 6
4418 1 44
4419 1 17
4420 2 12
4421 2 5
4422 0 13
4423 2 13
4424 0 9
4425 0 4
4426 0 44
4427 0 21
4428 0 40
4429 0 43
4430 0 3
4431 0 22
4432 2 1
4433 2 7
4434 1 3
4435 0 21
4436 2 12
4437 0 6
4438 3 1
4439 0 10
4440 3 7
4441 0 3
4442 0 22
4443 0 33
4444 0 2
4445 2 7
4446 1 4
4447 1 7
4448 0 3
4449 2 8
4450 0 41
4451 0 19
4452 2 14
4453 1 0
4454 1 9
4455 0 44
4456 1 47
4457 1 16
4458 2 15
4459 0 24
4460 1 43
4461 0 28
4462 0 29
4463 2 11
4464 0 9
4465 2 9
4466 0 4
4467 1 46
4468 1 47
4469 0 18
4470 0 3
4471 0 11
4472 1 5
4473 1 9
4474 0 43
4475 0 32
4476 1 15
4477 0 47
4478 0 39
4479 0 21
4480 0 5
4481 0 40
4482 0 31
4483 0 4
4484 0 27
4485 0 2
4486 0 42
4487 0 39
4488 0 3
4489 0 6
4490 1 17
4491 1 12
4492 0 23
4493 4 1
4494 2 0
4495 2 5
4496 0 24
4497 0 1
4498 0 37
4499 0 23
4500 0 7
4501 0 28
4502 0 12
4503 0 24
4504 1 0
4505 0 17
4506 1 11
4507 0 36
4508 0 20
4509 0 43
4510 1 12
4511 1 10
4512 0 15
4513 0 40
4514 0 14
4515 0 35
4516 0 16
4517 0 4
4518 0 10
4519 0 15
4520 0 44
4521 0 17
4522 0 23
4523 0 27
4524 0 45
4525 2 10
4526 1 43
4527 2 9
4528 0 39
4529 0 28
4530 0 12
4531 2 11
4532 1 4
4533 1 22
4534 0 11
4535 1 5
4536 0 19
4537 1 4
4538 1 5
4539 0 14
4540 1 4
4541 0 12
4542 0 34
4543 1 3
4544 2 8
4545 0 40
4546 1 16
4547 0 9
4548 0 8
4549 3 8
4550 0 22
4551 2 10
4552 0 39
4553 2 11
4554 0 20
4555 0 40
4556 3 1
4557 0 16
4558 0 30
4559 1 8
4560 0 7
4561 2 0
4562 0 6
4563 0 10
4564 1 12
4565 2 12
4566 1 23
4567 0 9
4568 1 6
4569 0 12
4570 0 29
4571 0 10
4572 1 42
4573 0 46
4574 0 19
4575 0 20
4576 0 21
4577 1 7
4578 1 12
4579 1 5
4580 0 15
4581 2 8
4582 2 7
4583 0 28
4584 0 29
4585 0 16
4586 1 6
4587 1 18
4588 1 10
4589 0 23
4590 0 28
4591 3 7
4592 0 18
4593 1 0
4594 0 29
4595 0 6
4596 0 15
4597 1 7
4598 3 6
4599 0 39
4600 2 12
4601 0 26
4602 2 7
4603 2 6
4604 1 4
4605 2 1
4606 1 17
4607 0 13
4608 0 7
4609 1 3
4610 2 2
4611 2 10
4612 2 8
4613 2 9
4614 0 6
4615 1 1
4616 0 17
4617 1 41
4618 0 16
4619 1 4
4620 1 8
4621 1 3
4622 1 43
4623 0 7
4624 0 43
4625 0 3
4626 2 11
4627 1 22
4628 1 7
4629 1 43
4630 2 7
4631 0 22
4632 0 25
4633 0 40
4634 0 15
4635 0 23
4636 2 6
4637 2 1
4638 0 39
4639 1 9
4640 2 9
4641 0 38
4642 2 8
4643 0 22
4644 1 42
4645 0 6
4646 1 6
4647 0 40
4648 0 43
4649 0 14
4650 0 39
4651 0 16
4652 1 11
4653 3 7
4654 0 38
4655 1 9
4656 1 23
4657 1 41
4658 1 45
4659 1 10
4660 0 17
4661 0 39
4662 1 5
4663 1 12
4664 0 9
4665 3 8
4666 0 44
4667 2 5
4668 0 45
4669 0 16
4670 2 7
4671 0 5
4672 0 41
4673 0 40
4674 1 7
4675 0 6
4676 0 39
4677 4 6
4678 2 13
4679 0 43
4680 1 15
4681 1 3
4682 0 17
4683 0 33
4684 0 15
4685 0 31
4686 0 7
4687 1 40
4688 0 38
4689 1 41
4690 0 30
4691 0 5
4692 0 24
4693 3 11
4694 0 23
4695 0 6
4696 0 16
4697 0 42
4698 2 0
4699 0 4
4700 0 26
4701 1 46
4702 0 28
4703 0 25
4704 0 46
4705 0 27
4706 0 12
4707 0 26
4708 1 4
4709 0 8
4710 0 9
4711 0 29
4712 1 17
4713 1 42
4714 1 41
4715 2 11
4716 2 7
4717 0 41
4718 0 8
4719 0 3
4720 1 0
4721 1 47
4722 2 10
4723 0 27
4724 2 6
4725 2 7
4726 0 4
4727 0 22
4728 0 47
4729 2 6
4730 2 8
4731 0 9
4732 3 6
4733 1 47
4734 0 17
4735 0 18
4736 0 47
4737 0 21
4738 0 28
4739 0 11
4740 0 23
4741 0 15
4742 0 8
4743 2 5
4744 0 37
4745 1 1
4746 1 9
4747 3 5
4748 2 11
4749 1 44
4750 1 10
4751 3 7
4752 1 11
4753 0 7
4754 3 6
4755 0 17
4756 1 8
4757 0 14
4758 0 32
4759 1 40
4760 1 9
4761 0 45
4762 0 22
4763 2 11
4764 4 6
4765 1 39
4766 0 39
4767 0 29
4768 1 8
4769 0 12
4770 1 15
4771 2 7
4772 1 43
4773 0 38
4774 0 23
4775 1 23
4776 0 43
4777 0 44
4778 1 17
4779 2 1
4780 3 6
4781 0 26
4782 0 13
4783 0 20
4784 1 0
4785 0 0
4786 0 17
4787 2 0
4788 3 5
4789 0 12
4790 2 6
4791 0 45
4792 0 42
4793 0 1
4794 0 31
4795 1 6
4796 0 30
4797 0 13
4798 1 14
4799 3 6
4800 0 36
4801 0 37
4802 0 14
4803 0 44
4804 0 46
4805 0 27
4806 0 38
4807 0 23
4808 0 26
4809 1 7
4810 0 13
4811 0 18
4812 0 45
4813 0 46
4814 1 42
4815 0 19
4816 0 37
4817 1 18
4818 1 19
4819 1 24
4820 0 32
4821 0 6
4822 0 28
4823 2 1
4824 1 6
4825 0 40
4826 0 17
4827 2 14
4828 1 25
4829 0 7
4830 2 12
4831 2 0
4832 1 43
4833 0 8
4834 1 30
4835 0 31
4836 2 11
4837 0 30
4838 0 29
4839 2 6
4840 2 10
4841 1 47
4842 0 25
4843 0 39
4844 1 13
4845 2 7
4846 0 20
4847 0 38
4848 0 43
4849 0 31
4850 1 12
4851 1 4
4852 1 14
4853 1 11
4854 1 29
4855 1 18
4856 0 30
4857 1 24
4858 0 47
4859 1 26
4860 1 17
4861 1 25
4862 0 21
4863 1 16
4864 0 45
4865 3 0
4866 0 2
4867 0 22
4868 0 16
4869 0 44
4870 0 37
4871 1 3
4872 0 23
4873 2 11
4874 3 7
4875 3 6
4876 1 15
4877 2 6
4878 0 1
4879 1 9
4880 3 7
4881 1 4
4882 0 14
4883 0 38
4884 1 14
4885 1 6
4886 0 22
4887 0 15
4888 0 16
4889 0 26
4890 1 15
4891 0 9
4892 1 1
4893 1 9
4894 0 37
4895 0 4
4896 0 38
4897 2 1
4898 0 45
4899 1 28
4900 0 31
4901 0 37
4902 0 28
4903 0 17
4904 0 38
4905 0 42
4906 2 6
4907 1 10
4908 0 9
4909 3 6
4910 2 47
4911 1 16
4912 1 11
4913 0 27
4914 2 10
4915 0 8
4916 1 12
4917 0 28
4918 0 44
4919 0 45
4920 0 41
4921 1 15
4922 0 18
4923 0 13
4924 0 17
4925 0 16
4926 0 42
4927 1 6
4928 0 20
4929 2 4
4930 2 8
4931 1 4
4932 1 13
4933 0 9
4934 2 6
4935 0 30
4936 0 3
4937 0 27
4938 1 24
4939 0 14
4940 1 27
4941 1 16
4942 1 15
4943 0 2
4944 1 10
4945 0 36
4946 1 16
4947 0 13
4948 0 43
4949 1 9
4950 0 37
4951 0 29
4952 0 26
4953 0 23
4954 0 38
4955 2 12
4956 1 6
4957 0 17
4958 0 24
4959 0 1
4960 2 6
4961 0 4
4962 0 2
4963 0 35
4964 1 12
4965 1 11
4966 1 13
4967 2 5
4968 1 15
4969 1 8
4970 1 4
4971 1 7
4972 1 45
4973 2 11
4974 0 46
4975 0 45
4976 0 19
4977 0 44
4978 0 43
4979 1 12
4980 0 31
4981 0 39
4982 0 44
4983 1 25
4984 2 15
4985 0 25
4986 1 5
4987 0 36
4988 2 6
4989 0 47
4990 1 10
4991 2 13
4992 0 26
4993 2 5
4994 0 22
4995 0 30
4996 3 5
4997 0 38
4998 0 34
4999 0 12
5000 2 5
5001 0 27
5002 1 5
5003 2 7
5004 2 14
5005 1 6
5006 0 33
5007 0 39
5008 0 18
5009 0 40
5010 1 14
5011 0 23
5012 0 46
5013 0 37
5014 0 6
5015 1 11
5016 2 6
5017 0 26
5018 0 14
5019 0 15
5020 0 25
5021 3 4
5022 1 6
5023 0 28
5024 0 32
5025 1 15
5026 1 8
5027 0 21
5028 0 31
5029 0 32
5030 2 8
5031 0 19
5032 0 14
5033 0 18
5034 0 27
5035 1 24
5036 0 17
5037 0 26
5038 1 4
5039 1 47
5040 0 41
5041 0 13
5042 1 10
5043 0 31
5044 0 20
5045 0 32
5046 1 45
5047 1 8
5048 1 12
5049 0 27
5050 1 23
5051 1 22
5052 1 38
5053 0 47
5054 0 19
5055 1 5
5056 1 4
5057 0 24
5058 0 45
5059 0 14
5060 1 13
5061 0 38
5062 0 26
5063 0 25
5064 1 21
5065 2 10
5066 1 2
5067 1 20
5068 0 46
5069 0 40
5070 3 3
5071 1 3
5072 2 5
5073 0 24
5074 2 8
5075 1 19
5076 2 9
5077 1 7
5078 0 23
5079 0 18
5080 0 31
5081 1 11
5082 0 7
5083 2 3
5084 0 22
5085 0 13
5086 0 24
5087 0 23
5088 0 17
5089 1 4
5090 0 2
5091 2 8
5092 0 4
5093 0 29
5094 3 5
5095 1 3
5096 0 16
5097 0 18
5098 0 36
5099 1 20
5100 0 37
5101 1 22
5102 0 19
5103 0 41
5104 0 22
5105 1 13
5106 0 13
5107 0 15
5108 0 27
5109 0 3
5110 0 43
5111 1 13
5112 2 11
5113 0 30
5114 0 8
5115 0 45
5116 0 42
5117 0 43
5118 1 8
5119 1 3
5120 1 2
5121 1 21
5122 0 13
5123 0 14
5124 1 38
5125 0 46
5126 1 14
5127 3 4
5128 0 18
5129 46 0
5130 1 22
5131 0 42
5132 1 40
5133 0 2
5134 47 0
5135 0 22
5136 1 4
5137 2 10
5138 0 45
5139 0 46
5140 2 21
5141 0 23
5142 1 37
5143 1 5
5144 0 19
5145 2 20
5146 0 38
5147 1 2
5148 0 40
5149 0 45
5150 0 13
5151 0 20
5152 1 20
5153 1 19
5154 0 43
5155 0 22
5156 0 44
5157 0 31
5158 0 30
5159 3 10
5160 0 2
5161 0 17
5162 1 6
5163 0 21
5164 0 16
5165 0 6
5166 1 3
5167 2 4
5168 0 24
5169 0 9
5170 3 4
5171 0 26
5172 0 42
5173 0 7
5174 0 25
5175 1 13
5176 0 22
5177 1 9
5178 0 27
5179 2 11
5180 2 2
5181 0 3
5182 0 15
5183 0 4
5184 0 45
5185 1 14
5186 0 14
5187 0 18
5188 1 2
5189 1 38
5190 0 6
5191 0 5
5192 0 21
5193 0 44
5194 0 39
5195 1 14
5196 0 4
5197 0 23
5198 46 0
5199 2 5
5200 3 2
5201 0 14
5202 0 38
5203 0 20
5204 0 24
5205 1 6
5206 0 26
5207 1 1
5208 1 11
5209 1 43
5210 0 32
5211 0 17
5212 1 22
5213 0 1
5214 1 38
5215 0 13
5216 2 6
5217 0 31
5218 2 5
5219 0 27
5220 3 1
5221 0 21
5222 0 16
5223 1 5
5224 0 17
5225 3 9
5226 0 16
5227 0 0
5228 0 1
5229 1 1
5230 0 45
5231 0 43
5232 0 5
5233 47 0
5234 2 1
5235 0 32
5236 1 16
5237 0 26
5238 0 14
5239 0 40
5240 0 16
5241 0 28
5242 0 17
5243 0 44
5244 0 39
5245 0 6
5246 0 18
5247 1 4
5248 1 13
5249 1 5
5250 0 23
5251 0 29
5252 0 30
5253 0 19
5254 1 1
5255 1 21
5256 0 20
5257 1 37
5258 0 5
5259 0 33
5260 1 2
5261 2 5
5262 0 21
5263 0 46
5264 0 22
5265 1 12
5266 1 0
5267 2 12
5268 2 0
5269 0 2
5270 2 9
5271 2 1
5272 1 4
5273 1 8
5274 0 19
5275 3 3
5276 2 2
5277 1 23
5278 0 27
5279 1 24
5280 0 13
5281 0 6
5282 1 17
5283 1 5
5284 0 17
5285 0 28
5286 0 8
5287 0 20
5288 0 23
5289 0 32
5290 1 17
5291 0 29
5292 2 3
5293 0 21
5294 2 13
5295 1 8
5296 0 31
5297 0 32
5298 0 17
5299 2 1
5300 0 47
5301 1 3
5302 1 6
5303 1 25
5304 0 41
5305 3 9
5306 1 12
5307 0 30
5308 0 8
5309 1 38
5310 0 1
5311 2 9
5312 0 24
5313 0 12
5314 0 11
5315 1 1
5316 1 16
5317 0 31
5318 3 3
5319 0 10
5320 0 45
5321 0 27
5322 2 10
5323 1 45
5324 0 28
5325 1 5
5326 0 11
5327 1 24
5328 0 16
5329 0 15
5330 1 8
5331 3 4
5332 1 14
5333 1 11
5334 0 40
5335 1 25
5336 46 0
5337 0 27
5338 0 29
5339 1 24
5340 0 45
5341 1 25
5342 1 29
5343 0 18
5344 1 18
5345 1 24
5346 1 30
5347 1 4
5348 2 4
5349 47 0
5350 0 44
5351 0 30
5352 0 16
5353 0 11
5354 1 23
5355 1 11
5356 2 9
5357 1 16
5358 2 5
5359 2 3
5360 2 10
5361 0 8
5362 0 20
5363 1 8
5364 1 5
5365 2 6
5366 0 11
5367 1 13
5368 1 25
5369 1 22
5370 0 14
5371 2 13
5372 0 26
5373 0 29
5374 0 16
5375 1 3
5376 1 37
5377 0 25
5378 1 0
5379 2 4
5380 0 24
5381 0 0
5382 1 39
5383 1 15
5384 0 25
5385 0 27
5386 0 24
5387 2 9
5388 2 14
5389 0 25
5390 0 3
5391 0 15
5392 0 8
5393 0 7
5394 0 30
5395 1 0
5396 0 0
5397 0 19
5398 1 0
5399 1 9
5400 0 28
5401 1 11
5402 0 22
5403 1 26
5404 1 6
5405 0 2
5406 0 21
5407 0 27
5408 0 28
5409 0 26
5410 0 4
5411 0 5
5412 2 5
5413 3 10
5414 1 36
5415 0 11
5416 1 5
5417 0 0
5418 1 0
5419 3 9
5420 2 13
5421 1 16
5422 2 0
5423 0 16
5424 2 18
5425 2 5
5426 1 13
5427 0 20
5428 0 13
5429 2 17
5430 0 15
5431 0 27
5432 0 25
5433 0 45
5434 0 3
5435 0 4
5436 0 39
5437 0 14
5438 1 25
5439 46 0
5440 0 42
5441 2 6
5442 0 38
5443 1 26
5444 0 31
5445 0 19
5446 1 27
5447 0 13
5448 0 36
5449 4 0
5450 1 4
5451 1 1
5452 0 46
5453 5 0
5454 0 2
5455 1 17
5456 0 30
5457 0 28
5458 0 14
5459 47 0
5460 0 27
5461 0 47
5462 0 5
5463 0 17
5464 0 3
5465 2 1
5466 1 15
5467 2 14
5468 0 39
5469 0 41
5470 0 20
5471 0 21
5472 0 15
5473 0 43
5474 2 16
5475 0 16
5476 3 3
5477 0 42
5478 0 38
5479 1 7
5480 3 6
5481 0 2
5482 1 5
5483 2 15
5484 0 31
5485 0 17
5486 1 42
5487 0 44
5488 0 20
5489 0 41
5490 0 13
5491 0 3
5492 0 24
5493 0 42
5494 1 15
5495 1 42
5496 0 25
5497 0 21
5498 1 38
5499 2 6
5500 0 40
5501 1 3
5502 0 14
5503 1 14
5504 1 11
5505 1 4
5506 3 8
5507 2 8
5508 0 20
5509 0 42
5510 2 3
5511 0 4
5512 1 27
5513 0 37
5514 1 8
5515 1 0
5516 1 3
5517 3 3
5518 1 6
5519 0 5
5520 0 30
5521 2 8
5522 1 8
5523 2 0
5524 2 4
5525 0 39
5526 0 38
5527 0 21
5528 1 43
5529 1 0
5530 1 4
5531 0 4
5532 0 6
5533 0 43
5534 1 28
5535 0 27
5536 1 1
5537 1 39
5538 0 42
5539 0 39
5540 0 36
5541 0 3
5542 1 2
5543 0 7
5544 0 26
5545 0 4
5546 0 6
5547 1 39
5548 2 8
5549 0 7
5550 4 0
5551 1 8
5552 2 8
5553 0 28
5554 0 3
5555 2 0
5556 3 8
5557 0 11
5558 0 41
5559 2 7
5560 1 44
5561 1 28
5562 1 8
5563 0 28
5564 0 27
5565 1 9
5566 0 2
5567 1 43
5568 3 9
5569 0 6
5570 0 9
5571 2 13
5572 3 0
5573 2 6
5574 0 13
5575 1 28
5576 0 1
5577 0 26
5578 0 37
5579 0 42
5580 1 13
5581 0 20
5582 0 0
5583 0 5
5584 1 29
5585 2 9
5586 2 5
5587 0 21
5588 0 41
5589 0 45
5590 0 4
5591 0 1
5592 0 27
5593 0 5
5594 0 44
5595 1 9
5596 0 2
5597 0 1
5598 2 12
5599 0 28
5600 1 15
5601 0 0
5602 2 15
5603 2 6
5604 0 27
5605 1 5
5606 0 18
5607 3 8
5608 0 19
5609 0 36
5610 1 0
5611 0 45
5612 1 40
5613 0 1
5614 0 4
5615 2 8
5616 3 6
5617 0 0
5618 0 3
5619 1 30
5620 2 6
5621 1 14
5622 2 9
5623 0 20
5624 0 5
5625 1 42
5626 0 44
5627 0 6
5628 0 14
5629 1 29
5630 0 5
5631 2 0
5632 0 21
5633 0 1
5634 3 5
5635 3 6
5636 1 39
5637 3 5
5638 2 16
5639 0 43
5640 1 15
5641 1 40
5642 0 35
5643 2 42
5644 0 2
5645 0 34
5646 0 40
5647 0 44
5648 1 6
5649 1 42
5650 0 1
5651 2 5
5652 1 12
5653 0 15
5654 3 0
5655 2 7
5656 0 37
5657 0 6
5658 0 0
5659 0 28
5660 1 16
5661 0 20
5662 0 5
5663 1 41
5664 1 7
5665 1 45
5666 0 41
5667 1 11
5668 0 27
5669 2 14
5670 2 10
5671 1 15
5672 1 12
5673 2 0
5674 0 4
5675 0 43
5676 0 45
5677 0 21
5678 0 3
5679 0 33
5680 1 45
5681 0 20
5682 1 5
5683 0 40
5684 0 39
5685 0 26
5686 0 4
5687 0 3
5688 0 44
5689 0 38
5690 1 6
5691 3 0
5692 3 4
5693 2 7
5694 0 41
5695 1 28
5696 0 39
5697 0 15
5698 0 21
5699 1 41
5700 1 14
5701 1 5
5702 0 31
5703 0 18
5704 0 30
5705 1 6
5706 0 31
5707 0 4
5708 0 43
5709 1 13
5710 0 44
5711 1 42
5712 0 20
5713 0 40
5714 1 18
5715 1 29
5716 0 24
5717 1 15
5718 1 5
5719 0 32
5720 1 14
5721 0 19
5722 0 45
5723 0 23
5724 1 41
5725 1 28
5726 2 9
5727 1 17
5728 0 27
5729 0 20
5730 2 0
5731 0 41
5732 1 4
5733 0 30
5734 2 10
5735 1 3
5736 1 44
5737 2 11
5738 2 6
5739 0 33
5740 0 19
5741 1 0
5742 1 6
5743 0 34
5744 2 9
5745 46 0
5746 2 8
5747 2 6
5748 1 42
5749 1 9
5750 1 16
5751 0 21
5752 2 4
5753 0 20
5754 2 9
5755 47 0
5756 3 6
5757 3 0
5758 1 29
5759 1 30
5760 2 5
5761 1 31
5762 0 26
5763 0 22
5764 0 38
5765 0 18
5766 1 5
5767 1 30
5768 1 40
5769 4 0
5770 2 3
5771 0 27
5772 0 44
5773 3 11
5774 1 6
5775 0 28
5776 0 33
5777 0 46
5778 1 31
5779 0 17
5780 1 28
5781 0 40
5782 0 16
5783 1 19
5784 0 25
5785 0 42
5786 0 43
5787 1 20
5788 0 28
5789 0 42
5790 0 21
5791 2 11
5792 0 24
5793 0 22
5794 1 10
5795 0 23
5796 0 43
5797 1 45
5798 3 7
5799 1 40
5800 0 37
5801 0 19
5802 2 10
5803 0 29
5804 0 34
5805 0 30
5806 0 10
5807 0 38
5808 1 13
5809 2 11
5810 0 11
5811 1 1
5812 2 10
5813 1 16
5814 1 4
5815 1 5
5816 0 33
5817 1 44
5818 3 10
5819 0 32
5820 0 5
5821 0 45
5822 1 15
5823 2 10
5824 0 4
5825 0 10
5826 2 6
5827 0 33
5828 0 42
5829 3 6
5830 0 3
5831 0 9
5832 2 7
5833 0 31
5834 0 30
5835 1 14
5836 0 2
5837 0 3
5838 46 0
5839 1 0
5840 0 2
5841 0 32
5842 1 5
5843 0 39
5844 0 33
5845 0 27
5846 0 43
5847 2 15
5848 0 29
5849 1 21
5850 1 18
5851 0 28
5852 0 40
5853 0 0
5854 3 5
5855 0 20
5856 1 15
5857 2 11
5858 1 7
5859 2 12
5860 0 1
5861 1 6
5862 0 32
5863 0 26
5864 0 31
5865 1 22
5866 3 3
5867 2 5
5868 0 22
5869 0 3
5870 0 21
5871 3 4
5872 2 10
5873 0 20
5874 0 14
5875 0 32
5876 2 13
5877 0 27
5878 2 6
5879 47 0
5880 46 0
5881 2 15
5882 2 11
5883 2 7
5884 0 44
5885 47 0
5886 0 26
5887 0 2
5888 1 12
5889 0 12
5890 0 1
5891 0 43
5892 4 5
5893 0 0
5894 0 21
5895 0 27
5896 1 41
5897 1 9
5898 1 15
5899 3 12
5900 3 5
5901 1 2
5902 0 6
5903 1 40
5904 0 18
5905 0 17
5906 0 19
5907 0 18
5908 1 3
5909 1 14
5910 1 13
5911 0 41
5912 0 44
5913 1 14
5914 1 4
5915 0 30
5916 0 29
5917 0 42
5918 1 27
5919 0 28
5920 0 1
5921 2 40
5922 2 4
5923 0 41
5924 4 4
5925 1 5
5926 0 22
5927 2 12
5928 0 38
5929 0 11
5930 0 26
5931 2 6
5932 1 43
5933 1 4
5934 0 4
5935 0 40
5936 3 4
5937 2 39
5938 1 13
5939 1 39
5940 1 1
5941 0 36
5942 1 17
5943 0 37
5944 0 31
5945 1 18
5946 1 6
5947 0 27
5948 0 5
5949 0 6
5950 0 30
5951 0 23
5952 3 13
5953 0 10
5954 0 28
5955 0 39
5956 0 22
5957 1 22
5958 0 19
5959 0 31
5960 0 4
5961 2 2
5962 0 41
5963 3 6
5964 0 11
5965 2 7
5966 0 27
5967 2 4
5968 2 3
5969 1 0
5970 0 43
5971 0 18
5972 1 14
5973 0 38
5974 1 15
5975 0 7
5976 3 12
5977 1 26
5978 1 1
5979 1 4
5980 0 4
5981 0 39
5982 1 10
5983 2 8
5984 1 9
5985 2 7
5986 1 17
5987 1 4
5988 0 25
5989 2 6
5990 0 17
5991 0 6
5992 0 24
5993 3 4
5994 0 35
5995 0 26
5996 0 10
5997 1 13
5998 0 29
5999 0 5
6000 1 10
6001 0 30
6002 1 43
6003 0 7
6004 0 16
6005 0 36
6006 3 13
6007 0 38
6008 0 42
6009 1 7
6010 1 11
6011 0 4
6012 3 3
6013 0 1
6014 0 39
6015 0 17
6016 46 0
6017 0 40
6018 0 25
6019 0 18
6020 0 26
6021 1 14
6022 0 2
6023 1 42
6024 3 14
6025 0 20
6026 1 4
6027 0 39
6028 47 0
6029 2 14
6030 0 11
6031 0 21
6032 1 41
6033 0 43
6034 0 37
6035 1 6
6036 0 17
6037 0 4
6038 2 3
6039 1 14
6040 0 6
6041 1 4
6042 0 20
6043 0 46
6044 2 9
6045 2 8
6046 0 9
6047 2 10
6048 0 27
6049 0 26
6050 0 41
6051 0 21
6052 0 4
6053 0 34
6054 0 7
6055 0 28
6056 0 40
6057 0 10
6058 0 47
6059 0 12
6060 1 12
6061 0 18
6062 1 13
6063 3 13
6064 0 6
6065 0 23
6066 2 4
6067 0 24
6068 0 22
6069 0 41
6070 0 31
6071 2 3
6072 0 8
6073 0 11
6074 0 25
6075 0 3
6076 0 7
6077 1 38
6078 0 9
6079 0 19
6080 1 25
6081 0 25
6082 1 3
6083 1 7
6084 0 17
6085 0 24
6086 1 9
6087 2 1
6088 2 3
6089 2 7
6090 2 8
6091 0 20
6092 0 19
6093 2 4
6094 0 13
6095 1 39
6096 0 16
6097 3 0
6098 0 20
6099 0 12
6100 0 21
6101 0 14
6102 2 0
6103 2 3
6104 1 40
6105 0 22
6106 1 1
6107 1 6
6108 1 3
6109 1 21
6110 0 38
6111 1 14
6112 0 40
6113 0 27
6114 0 26
6115 1 10
6116 0 19
6117 1 9
6118 1 10
6119 0 1
6120 3 1
6121 1 9
6122 0 21
6123 0 36
6124 0 27
6125 2 4
6126 3 2
6127 0 18
6128 2 3
6129 1 7
6130 1 4
6131 1 15
6132 1 10
6133 1 6
6134 0 9
6135 0 4
6136 0 19
6137 0 8
6138 0 39
6139 0 33
6140 0 18
6141 0 2
6142 2 13
6143 0 17
6144 1 30
6145 0 35
6146 1 3
6147 0 1
6148 0 16
6149 2 5
6150 1 7
6151 1 16
6152 3 5
6153 2 11
6154 1 4
6155 0 16
6156 0 40
6157 3 0
6158 1 5
6159 0 17
6160 2 2
6161 1 20
6162 0 37
6163 0 46
6164 1 3
6165 0 9
6166 0 42
6167 0 7
6168 1 33
6169 0 23
6170 0 18
6171 0 39
6172 2 4
6173 0 8
6174 0 24
6175 2 3
6176 0 3
6177 0 0
6178 3 4
6179 3 3
6180 0 36
6181 0 20
6182 0 38
6183 3 4
6184 0 41
6185 0 40
6186 0 2
6187 1 19
6188 2 5
6189 0 39
6190 3 3
6191 0 25
6192 2 12
6193 1 9
6194 1 2
6195 0 47
6196 1 11
6197 0 32
6198 1 8
6199 0 30
6200 0 35
6201 2 3
6202 2 0
6203 0 11
6204 1 3
6205 0 19
6206 1 11
6207 1 0
6208 0 5
6209 1 2
6210 2 2
6211 3 12
6212 3 5
6213 0 33
6214 0 26
6215 2 1
6216 2 13
6217 1 4
6218 0 2
6219 2 2
6220 2 4
6221 1 9
6222 1 4
6223 0 11
6224 0 20
6225 2 6
6226 3 4
6227 0 31
6228 0 9
6229 4 12
6230 1 39
6231 0 6
6232 0 41
6233 46 0
6234 0 19
6235 1 2
6236 0 39
6237 1 14
6238 1 1
6239 1 13
6240 1 2
6241 1 1
6242 0 40
6243 2 2
6244 0 18
6245 2 1
6246 2 4
6247 1 9
6248 1 18
6249 0 21
6250 0 30
6251 1 4
6252 2 4
6253 0 20
6254 0 41
6255 1 0
6256 2 2
6257 0 3
6258 0 40
6259 1 24
6260 0 31
6261 0 30
6262 0 0
6263 1 8
6264 3 3
6265 1 15
6266 0 17
6267 0 2
6268 1 14
6269 1 39
6270 0 3
6271 1 40
6272 47 0
6273 1 4
6274 1 2
6275 3 4
6276 1 12
6277 1 41
6278 0 41
6279 3 12
6280 2 2
6281 1 3
6282 0 24
6283 2 10
6284 2 9
6285 1 32
6286 2 12
6287 0 7
6288 1 7
6289 0 4
6290 2 13
6291 1 0
6292 0 38
6293 1 4
6294 0 5
6295 2 3
6296 0 42
6297 2 7
6298 1 5
6299 1 9
6300 1 20
6301 0 12
6302 1 15
6303 2 2
6304 0 16
6305 0 7
6306 0 32
6307 0 39
6308 0 38
6309 46 0
6310 1 2
6311 1 40
6312 0 20
6313 0 6
6314 47 0
6315 0 0
6316 0 8
6317 0 27
6318 2 4
6319 1 14
6320 1 24
6321 0 41
6322 0 39
6323 2 1
6324 0 34
6325 1 3
6326 0 31
6327 0 17
6328 1 25
6329 1 24
6330 2 5
6331 0 30
6332 0 38
6333 1 21
6334 1 1
6335 1 23
6336 1 12
6337 0 21
6338 0 37
6339 2 4
6340 2 3
6341 1 16
6342 0 24
6343 0 3
6344 2 6
6345 3 3
6346 1 11
6347 0 38
6348 0 39
6349 1 32
6350 2 16
6351 0 16
6352 0 32
6353 1 8
6354 0 33
6355 1 12
6356 0 26
6357 1 20
6358 0 42
6359 0 4
6360 2 3
6361 0 22
6362 2 4
6363 46 0
6364 2 7
6365 0 23
6366 0 41
6367 0 29
6368 2 5
6369 0 3
6370 1 13
6371 0 25
6372 2 6
6373 0 5
6374 0 12
6375 1 38
6376 1 5
6377 0 42
6378 0 20
6379 2 5
6380 0 2
6381 3 2
6382 0 38
6383 2 21
6384 2 10
6385 0 3
6386 0 40
6387 1 22
6388 0 19
6389 2 4
6390 0 32
6391 2 20
6392 0 22
6393 0 36
6394 2 5
6395 0 20
6396 1 4
6397 0 11
6398 0 6
6399 1 5
6400 0 19
6401 1 3
6402 0 43
6403 0 46
6404 0 47
6405 0 46
6406 0 39
6407 3 6
6408 0 7
6409 0 12
6410 1 39
6411 0 42
6412 1 0
6413 2 3
6414 0 13
6415 0 21
6416 2 4
6417 1 7
6418 0 4
6419 1 10
6420 0 3
6421 47 0
6422 1 23
6423 0 20
6424 1 11
6425 2 5
6426 0 31
6427 2 3
6428 0 12
6429 0 13
6430 1 1
6431 1 2
6432 3 20
6433 2 7
6434 2 8
6435 0 32
6436 0 31
6437 2 9
6438 3 5
6439 1 5
6440 1 10
6441 0 35
6442 1 22
6443 0 4
6444 0 18
6445 0 37
6446 0 21
6447 2 13
6448 2 20
6449 2 4
6450 1 20
6451 0 41
6452 0 2
6453 0 19
6454 0 17
6455 0 14
6456 0 1
6457 1 13
6458 2 6
6459 0 18
6460 46 0
6461 1 21
6462 3 4
6463 1 33
6464 2 3
6465 0 33
6466 0 36
6467 0 26
6468 2 5
6469 1 38
6470 3 1
6471 0 30
6472 1 22
6473 0 2
6474 0 25
6475 1 21
6476 1 23
6477 1 11
6478 0 19
6479 1 12
6480 0 31
6481 1 6
6482 1 16
6483 1 13
6484 2 2
6485 0 16
6486 1 5
6487 2 38
6488 1 16
6489 0 3
6490 2 10
6491 1 36
6492 2 20
6493 0 23
6494 0 13
6495 0 16
6496 0 40
6497 0 47
6498 2 3
6499 0 35
6500 0 34
6501 0 30
6502 0 36
6503 2 11
6504 0 20
6505 0 31
6506 1 7
6507 2 4
6508 2 0
6509 1 19
6510 2 1
6511 1 33
6512 1 3
6513 2 19
6514 2 5
6515 0 30
6516 1 10
6517 0 3
6518 1 6
6519 1 5
6520 0 14
6521 47 0
6522 0 10
6523 0 13
6524 1 23
6525 3 11
6526 0 35
6527 0 23
6528 0 41
6529 2 11
6530 2 2
6531 3 2
6532 1 13
6533 0 19
6534 2 6
6535 1 17
6536 1 2
6537 2 10
6538 0 2
6539 0 1
6540 1 0
6541 1 37
6542 0 40
6543 1 24
6544 0 36
6545 0 0
6546 1 12
6547 1 10
6548 2 3
6549 1 16
6550 3 6
6551 1 23
6552 0 37
6553 1 19
6554 1 14
6555 0 38
6556 2 21
6557 0 1
6558 0 17
6559 0 10
6560 3 3
6561 1 21
6562 3 10
6563 3 4
6564 0 14
6565 2 0
6566 2 2
6567 1 3
6568 0 26
6569 2 10
6570 0 13
6571 0 12
6572 0 24
6573 0 23
6574 4 3
6575 3 3
6576 0 11
6577 2 1
6578 3 5
6579 0 31
6580 0 18
6581 1 20
6582 0 30
6583 3 9
6584 3 2
6585 0 31
6586 3 8
6587 0 33
6588 0 30
6589 0 32
6590 0 41
6591 1 1
6592 0 25
6593 0 35
6594 2 11
6595 2 5
6596 2 2
6597 1 13
6598 1 10
6599 0 17
6600 1 15
6601 0 40
6602 1 4
6603 0 41
6604 1 3
6605 2 6
6606 0 18
6607 0 33
6608 3 7
6609 0 40
6610 1 11
6611 0 1
6612 2 7
6613 46 0
6614 3 3
6615 1 2
6616 1 4
6617 47 0
6618 46 0
6619 1 5
6620 0 27
6621 2 15
6622 0 26
6623 1 14
6624 0 34
6625 0 19
6626 0 24
6627 1 15
6628 2 2
6629 3 1
6630 1 13
6631 1 21
6632 1 7
6633 1 10
6634 1 11
6635 0 20
6636 1 30
6637 2 1
6638 1 9
6639 0 30
6640 0 11
6641 0 28
6642 0 31
6643 0 23
6644 1 1
6645 0 9
6646 1 2
6647 0 27
6648 0 24
6649 1 20
6650 2 5
6651 0 8
6652 0 12
6653 0 35
6654 2 4
6655 2 14
6656 47 0
6657 0 19
6658 0 18
6659 0 23
6660 0 11
6661 1 28
6662 1 16
6663 0 28
6664 2 20
6665 1 4
6666 0 20
6667 1 6
6668 1 20
6669 1 14
6670 1 21
6671 0 17
6672 2 2
6673 0 4
6674 0 12
6675 0 29
6676 0 9
6677 0 18
6678 0 26
6679 0 11
6680 0 27
6681 0 41
6682 1 15
6683 1 20
6684 1 1
6685 0 37
6686 1 9
6687 1 7
6688 3 2
6689 0 12
6690 2 9
6691 0 13
6692 0 30
6693 2 3
6694 0 25
6695 1 9
6696 1 0
6697 0 34
6698 1 10
6699 1 30
6700 0 26
6701 1 3
6702 2 7
6703 1 6
6704 1 14
6705 0 21
6706 3 7
6707 0 42
6708 0 22
6709 0 21
6710 1 13
6711 0 3
6712 0 41
6713 0 38
6714 1 4
6715 0 4
6716 1 38
6717 0 35
6718 2 7
6719 0 30
6720 2 21
6721 0 40
6722 0 20
6723 0 22
6724 1 21
6725 0 28
6726 1 22
6727 1 30
6728 0 39
6729 0 32
6730 0 10
6731 0 23
6732 1 7
6733 1 20
6734 1 21
6735 0 36
6736 0 7
6737 0 5
6738 0 6
6739 1 12
6740 0 27
6741 2 1
6742 0 9
6743 1 22
6744 0 4
6745 1 1
6746 0 24
6747 0 33
6748 0 22
6749 3 3
6750 0 30
6751 1 15
6752 1 19
6753 1 37
6754 2 3
6755 3 0
6756 0 31
6757 1 36
6758 1 11
6759 1 4
6760 0 19
6761 0 30
6762 0 26
6763 2 1
6764 0 38
6765 1 22
6766 0 4
6767 0 7
6768 0 23
6769 0 20
6770 2 0
6771 0 27
6772 0 14
6773 0 6
6774 0 32
6775 1 4
6776 0 4
6777 1 4
6778 1 1
6779 1 2
6780 1 9
6781 1 30
6782 2 13
6783 0 7
6784 0 25
6785 0 24
6786 0 37
6787 2 2
6788 0 9
6789 0 23
6790 1 14
6791 0 21
6792 0 8
6793 0 7
6794 1 15
6795 0 36
6796 2 1
6797 0 8
6798 0 4
6799 0 30
6800 1 1
6801 46 0
6802 0 31
6803 2 4
6804 0 7
6805 0 20
6806 47 0
6807 2 9
6808 4 0
6809 0 13
6810 0 26
6811 0 32
6812 3 0
6813 1 21
6814 0 22
6815 1 20
6816 0 37
6817 2 12
6818 4 0
6819 0 14
6820 2 1
6821 3 4
6822 0 27
6823 0 26
6824 1 1
6825 2 6
6826 0 13
6827 0 20
6828 1 12
6829 0 31
6830 3 0
6831 0 41
6832 2 3
6833 0 23
6834 2 4
6835 0 36
6836 0 14
6837 0 28
6838 0 5
6839 0 27
6840 2 0
6841 0 22
6842 0 8
6843 0 29
6844 1 0
6845 1 5
6846 1 18
6847 0 4
6848 2 0
6849 1 14
6850 0 7
6851 0 14
6852 0 30
6853 0 18
6854 1 38
6855 1 10
6856 1 20
6857 1 9
6858 1 7
6859 46 0
6860 0 29
6861 1 4
6862 0 23
6863 0 38
6864 2 14
6865 0 24
6866 0 13
6867 3 13
6868 0 25
6869 1 3
6870 0 15
6871 1 18
6872 1 0
6873 1 31
6874 3 12
6875 0 7
6876 2 3
6877 0 10
6878 0 24
6879 3 13
6880 2 5
6881 0 28
6882 0 12
6883 1 14
6884 1 3
6885 2 13
6886 1 5
6887 1 12
6888 0 20
6889 1 30
6890 1 16
6891 0 40
6892 2 8
6893 1 22
6894 0 9
6895 1 20
6896 2 9
6897 1 29
6898 2 0
6899 0 18
6900 1 8
6901 1 15
6902 2 1
6903 0 10
6904 0 3
6905 0 16
6906 0 5
6907 0 8
6908 0 2
6909 0 22
6910 0 7
6911 1 5
# colocadas=6912 ocupadas=56 mayor=1612
