0 0 0
1 0 1
2 0 47
3 0 46
4 0 47
5 47 0
6 0 46
7 0 0
8 0 47
9 46 0
10 0 1
11 0 0
12 47 0
13 47 47
14 0 46
15 0 2
16 0 3
17 0 47
18 46 0
19 0 46
20 0 1
21 46 47
22 0 0
23 0 1
24 47 0
25 46 0
26 47 0
27 0 47
28 0 46
29 0 4
30 0 3
31 0 4
32 0 47
33 0 0
34 0 3
35 47 47
36 46 0
37 0 2
38 47 0
39 46 47
40 46 0
41 47 47
42 0 46
43 47 0
44 0 47
45 0 46
46 46 47
47 47 47
48 46 47
49 47 47
50 46 0
51 0 47
52 1 0
53 0 1
54 0 2
55 47 0
56 46 0
57 47 0
58 46 47
59 0 1
60 2 0
61 46 0
62 0 46
63 0 47
64 47 47
65 0 46
66 46 47
67 0 47
68 47 47
69 47 0
70 0 0
71 46 0
72 0 46
73 46 47
74 0 1
75 0 0
76 3 0
77 2 0
78 0 1
79 0 0
80 47 47
81 0 47
82 0 1
83 1 0
84 2 0
85 1 0
86 46 47
87 0 46
88 0 2
89 47 0
90 47 47
91 0 0
92 0 1
93 46 47
94 0 47
95 0 2
96 0 3
97 47 47
98 0 46
99 46 0
100 0 47
101 47 0
102 46 0
103 47 0
104 46 47
105 0 1
106 47 47
107 0 46
108 46 0
109 0 0
110 47 0
111 0 2
112 0 3
113 46 47
114 47 47
115 46 47
116 0 47
117 46 0
118 47 47
119 46 47
120 0 46
121 0 1
122 0 47
123 47 0
124 0 46
125 0 4
126 0 3
127 46 0
128 0 4
129 0 0
130 0 47
131 0 1
132 0 3
133 47 47
134 0 46
135 46 47
136 0 0
137 0 47
138 0 46
139 47 47
140 0 2
141 46 47
142 47 47
143 46 47
144 47 0
145 47 47
146 0 47
147 0 3
148 0 2
149 0 3
150 46 0
151 0 2
152 0 1
153 47 0
154 0 0
155 46 47
156 47 47
157 46 47
158 46 0
159 47 0
160 0 46
161 47 47
162 46 0
163 47 0
164 46 0
165 1 0
166 0 47
167 0 46
168 47 0
169 46 0
170 46 47
171 0 1
172 0 2
173 47 0
174 0 47
175 47 47
176 0 46
177 46 47
178 46 0
179 0 0
180 47 47
181 46 47
182 47 0
183 47 47
184 46 47
185 47 47
186 0 3
187 46 47
188 0 47
189 0 46
190 47 47
191 46 47
192 47 47
193 0 2
194 46 47
195 1 0
196 46 0
197 0 1
198 0 47
199 0 2
200 47 0
201 46 0
202 0 0
203 0 1
204 0 46
205 47 0
206 46 0
207 0 0
208 47 0
209 0 47
210 0 46
211 1 0
212 0 0
213 0 47
214 0 3
215 0 46
216 46 0
217 0 1
218 47 47
219 47 0
220 0 0
221 0 47
222 0 1
223 46 0
224 47 0
225 0 46
226 46 0
227 46 47
228 47 47
229 46 47
230 0 0
231 47 47
232 0 2
233 1 0
234 0 0
235 0 47
236 0 3
237 46 47
238 0 1
239 47 47
240 46 47
241 0 4
242 47 47
243 47 0
244 46 47
245 0 3
246 46 0
247 47 0
248 0 0
249 46 0
250 0 46
251 47 47
252 46 47
253 47 47
254 0 47
255 46 47
256 0 2
257 47 0
258 0 3
259 0 2
260 0 46
261 46 0
262 0 3
263 0 2
264 1 0
265 0 1
266 47 47
267 0 47
268 0 2
269 0 46
270 0 0
271 47 0
272 1 0
273 46 47
274 0 47
275 0 46
276 0 1
277 0 2
278 46 0
279 0 0
280 47 0
281 0 3
282 0 47
283 0 2
284 46 0
285 47 47
286 47 0
287 0 1
288 0 46
289 46 47
290 0 0
291 0 47
292 46 0
293 0 46
294 47 0
295 0 47
296 1 0
297 0 0
298 0 3
299 47 47
300 46 0
301 0 2
302 0 46
303 47 0
304 0 3
305 46 47
306 47 47
307 0 1
308 0 0
309 46 0
310 0 1
311 0 0
312 0 47
313 46 47
314 0 1
315 47 0
316 0 46
317 47 47
318 0 47
319 0 46
320 46 0
321 46 47
322 0 4
323 0 3
324 47 47
325 46 47
326 0 0
327 0 1
328 0 0
329 0 2
330 47 47
331 46 47
332 1 0
333 47 0
334 47 47
335 46 0
336 47 0
337 46 47
338 46 0
339 47 0
340 46 0
341 0 1
342 0 2
343 0 47
344 0 46
345 0 0
346 1 0
347 0 1
348 47 0
349 0 0
350 1 0
351 0 0
352 0 47
353 47 47
354 46 47
355 46 0
356 1 0
357 47 47
358 47 0
359 46 0
360 46 47
361 47 0
362 46 0
363 47 47
364 2 0
365 47 0
366 1 0
367 0 0
368 0 1
369 0 46
370 0 0
371 46 0
372 47 0
373 0 47
374 46 47
375 0 1
376 47 47
377 46 0
378 0 46
379 46 47
380 47 47
381 2 0
382 46 47
383 47 47
384 0 47
385 1 0
386 0 2
387 0 1
388 47 0
389 0 46
390 46 47
391 2 0
392 47 47
393 46 0
394 0 0
395 47 0
396 46 0
397 0 1
398 0 0
399 47 0
400 46 0
401 0 1
402 1 0
403 0 47
404 47 0
405 2 0
406 46 47
407 47 47
408 0 0
409 0 46
410 0 47
411 46 0
412 0 1
413 46 47
414 1 0
415 47 47
416 0 46
417 46 47
418 47 47
419 2 0
420 1 0
421 0 47
422 46 47
423 0 2
424 0 0
425 0 46
426 0 47
427 0 46
428 47 0
429 0 47
430 47 47
431 0 46
432 46 47
433 0 1
434 47 47
435 46 0
436 0 47
437 47 0
438 46 0
439 46 47
440 0 46
441 47 0
442 47 47
443 46 47
444 0 2
445 0 3
446 0 1
447 47 47
448 0 4
449 46 47
450 0 0
451 0 3
452 0 2
453 46 0
454 47 47
455 1 0
456 0 0
457 1 0
458 0 47
459 0 1
460 0 46
461 47 0
462 46 0
463 0 2
464 0 0
465 46 47
466 0 3
467 0 47
468 47 0
469 0 1
470 0 4
471 46 0
472 0 3
473 0 0
474 0 1
475 47 0
476 46 0
477 47 47
478 0 0
479 0 2
480 0 3
481 47 0
482 46 0
483 0 46
484 0 1
485 0 4
486 46 47
487 0 3
488 0 4
489 0 47
490 47 47
491 0 46
492 0 47
493 0 0
494 46 47
495 47 0
496 0 3
497 47 47
498 0 1
499 46 47
500 46 0
501 47 47
502 46 47
503 0 4
504 0 0
505 47 0
506 0 3
507 47 47
508 46 47
509 0 46
510 0 1
511 0 47
512 0 46
513 0 4
514 0 0
515 47 47
516 46 47
517 46 0
518 0 47
519 47 0
520 0 46
521 0 3
522 47 47
523 0 47
524 46 0
525 47 0
526 0 2
527 46 0
528 0 46
529 0 47
530 1 0
531 46 47
532 47 0
533 46 0
534 47 47
535 0 46
536 46 47
537 0 0
538 0 3
539 47 0
540 0 2
541 0 47
542 46 0
543 0 3
544 0 1
545 47 0
546 47 47
547 0 0
548 0 2
549 0 46
550 0 47
551 46 47
552 46 0
553 47 0
554 46 0
555 1 0
556 0 46
557 47 47
558 0 1
559 47 0
560 46 0
561 0 2
562 0 47
563 46 47
564 0 0
565 1 0
566 0 0
567 47 0
568 47 47
569 46 0
570 1 0
571 0 1
572 2 0
573 46 47
574 1 0
575 2 0
576 47 47
577 47 0
578 46 47
579 47 47
580 46 47
581 0 0
582 46 0
583 0 46
584 3 0
585 0 1
586 47 0
587 47 47
588 0 47
589 46 47
590 46 0
591 0 0
592 47 0
593 46 0
594 0 46
595 47 0
596 0 47
597 46 0
598 0 46
599 2 0
600 3 0
601 0 1
602 2 0
603 0 47
604 47 0
605 47 47
606 1 0
607 46 0
608 0 46
609 46 47
610 0 47
611 0 2
612 0 46
613 0 1
614 0 47
615 0 2
616 0 46
617 0 1
618 0 2
619 0 0
620 0 47
621 0 1
622 0 0
623 47 0
624 46 0
625 47 0
626 0 46
627 0 47
628 0 46
629 0 47
630 47 47
631 46 0
632 0 46
633 46 47
634 47 0
635 1 0
636 0 1
637 2 0
638 0 47
639 47 47
640 46 0
641 0 0
642 0 1
643 0 46
644 47 0
645 0 0
646 0 47
647 3 0
648 2 0
649 0 1
650 0 46
651 1 0
652 2 0
653 46 0
654 1 0
655 46 47
656 0 2
657 47 0
658 0 0
659 0 3
660 0 47
661 0 1
662 0 0
663 0 2
664 1 0
665 0 0
666 46 0
667 0 3
668 47 47
669 0 1
670 0 2
671 47 0
672 0 46
673 0 47
674 46 0
675 46 47
676 47 47
677 0 3
678 46 47
679 47 0
680 47 47
681 46 0
682 0 4
683 47 0
684 46 47
685 47 47
686 0 46
687 0 47
688 0 0
689 46 0
690 47 0
691 0 3
692 0 46
693 0 1
694 0 4
695 0 47
696 0 3
697 0 4
698 0 46
699 0 0
700 46 47
701 0 3
702 46 0
703 0 1
704 47 0
705 0 47
706 0 0
707 0 1
708 0 4
709 0 0
710 47 47
711 46 0
712 47 0
713 0 1
714 0 3
715 0 4
716 0 3
717 0 0
718 0 2
719 1 0
720 0 0
721 1 0
722 0 1
723 2 0
724 46 0
725 47 0
726 0 0
727 0 1
728 46 47
729 46 0
730 47 47
731 0 0
732 47 0
733 3 0
734 0 46
735 0 1
736 0 47
737 2 0
738 46 0
739 1 0
740 46 47
741 0 46
742 0 2
743 0 47
744 47 0
745 46 0
746 0 46
747 0 0
748 0 47
749 0 46
750 0 47
751 47 0
752 47 47
753 0 46
754 46 0
755 0 3
756 0 1
757 0 0
758 46 47
759 0 47
760 0 2
761 0 1
762 47 0
763 0 0
764 0 46
765 47 47
766 0 47
767 1 0
768 0 46
769 46 47
770 0 47
771 47 47
772 0 46
773 0 1
774 0 2
775 46 0
776 0 1
777 0 2
778 0 0
779 47 0
780 46 0
781 0 3
782 0 1
783 0 47
784 0 0
785 0 1
786 0 4
787 46 47
788 0 0
789 0 1
790 0 3
791 0 4
792 0 0
793 47 0
794 0 46
795 0 3
796 46 0
797 0 47
798 47 0
799 0 2
800 0 3
801 0 1
802 47 47
803 46 0
804 0 0
805 0 46
806 0 2
807 46 47
808 0 47
809 1 0
810 0 0
811 47 47
812 47 0
813 1 0
814 0 46
815 0 47
816 0 1
817 46 47
818 2 0
819 47 47
820 0 46
821 46 0
822 0 47
823 0 0
824 46 47
825 0 1
826 1 0
827 47 47
828 0 46
829 0 2
830 46 47
831 47 0
832 0 47
833 0 1
834 46 0
835 2 0
836 0 0
837 3 0
838 47 0
839 47 47
840 0 1
841 0 46
842 0 0
843 46 47
844 47 47
845 2 0
846 46 0
847 0 1
848 1 0
849 0 47
850 0 2
851 0 0
852 0 46
853 46 47
854 0 47
855 47 0
856 0 1
857 0 46
858 0 0
859 0 47
860 47 47
861 46 0
862 47 0
863 46 0
864 46 47
865 47 0
866 47 47
867 46 0
868 46 47
869 0 3
870 47 0
871 0 2
872 0 1
873 0 46
874 46 0
875 47 47
876 0 0
877 0 1
878 0 47
879 0 0
880 46 47
881 0 46
882 47 47
883 46 47
884 47 0
885 46 0
886 0 47
887 47 0
888 0 3
889 0 2
890 46 0
891 47 0
892 1 0
893 47 47
894 46 0
895 47 0
896 0 1
897 2 0
898 0 46
899 1 0
900 2 0
901 46 47
902 0 47
903 0 0
904 46 0
905 47 0
906 47 47
907 46 0
908 47 0
909 0 46
910 1 0
911 2 0
912 46 0
913 0 47
914 47 0
915 46 0
916 0 46
917 47 0
918 46 0
919 46 47
920 3 0
921 2 0
922 3 0
923 0 47
924 47 47
925 0 46
926 0 1
927 2 0
928 47 0
929 1 0
930 46 0
931 0 2
932 0 47
933 0 1
934 46 47
935 0 2
936 47 0
937 47 47
938 0 0
939 1 0
940 0 0
941 0 3
942 46 47
943 0 46
944 0 1
945 0 0
946 46 0
947 0 47
948 0 1
949 0 4
950 0 3
951 0 0
952 0 1
953 0 0
954 0 46
955 47 0
956 0 2
957 0 47
958 0 1
959 0 46
960 46 0
961 0 2
962 47 47
963 47 0
964 0 3
965 0 2
966 0 47
967 46 47
968 0 3
969 0 46
970 0 1
971 47 47
972 0 2
973 46 47
974 0 3
975 0 2
976 46 0
977 47 0
978 46 0
979 47 47
980 0 3
981 0 4
982 0 47
983 47 0
984 46 0
985 0 3
986 0 46
987 47 0
988 0 47
989 46 47
990 47 47
991 0 0
992 0 46
993 0 1
994 0 4
995 46 47
996 0 47
997 0 0
998 47 47
999 46 0
1000 46 47
1001 47 0
1002 46 0
1003 47 0
1004 0 46
1005 47 47
1006 46 47
1007 47 47
1008 46 47
1009 47 47
1010 46 47
1011 47 47
1012 0 47
1013 0 3
1014 0 46
1015 0 2
1016 1 0
1017 46 47
1018 0 47
1019 0 0
1020 46 0
1021 0 46
1022 47 0
1023 0 47
1024 0 3
1025 0 1
1026 0 46
1027 46 0
1028 0 0
1029 0 47
1030 0 2
1031 0 1
1032 0 2
1033 47 47
1034 47 0
1035 0 46
1036 46 0
1037 47 0
1038 46 47
1039 47 47
1040 46 0
1041 47 0
1042 0 47
1043 0 46
1044 0 47
1045 46 0
1046 0 3
1047 46 47
1048 47 0
1049 0 1
1050 0 4
1051 0 46
1052 47 47
1053 0 0
1054 46 0
1055 0 3
1056 0 1
1057 46 47
1058 0 4
1059 0 3
1060 0 47
1061 0 4
1062 0 0
1063 0 46
1064 0 3
1065 47 0
1066 0 1
1067 0 0
1068 47 47
1069 0 47
1070 0 2
1071 1 0
1072 46 0
1073 0 1
1074 2 0
1075 0 46
1076 47 0
1077 0 47
1078 46 47
1079 1 0
1080 2 0
1081 0 46
1082 0 0
1083 0 47
1084 3 0
1085 46 0
1086 47 47
1087 47 0
1088 0 46
1089 0 1
1090 0 0
1091 46 47
1092 2 0
1093 46 0
1094 47 0
1095 3 0
1096 46 0
1097 0 1
1098 2 0
1099 0 0
1100 47 47
1101 0 47
1102 0 46
1103 47 0
1104 0 1
1105 0 47
1106 1 0
1107 46 47
1108 2 0
1109 0 0
1110 3 0
1111 0 46
1112 2 0
1113 0 1
1114 0 47
1115 47 47
1116 46 0
1117 1 0
1118 0 2
1119 0 1
1120 0 46
1121 2 0
1122 0 47
1123 0 0
1124 0 46
1125 1 0
1126 47 0
1127 2 0
1128 3 0
1129 0 47
1130 46 0
1131 46 47
1132 0 46
1133 0 47
1134 47 47
1135 0 46
1136 0 1
1137 2 0
1138 1 0
1139 2 0
1140 47 0
1141 0 47
1142 1 0
1143 46 47
1144 0 2
1145 0 46
1146 47 47
1147 46 0
1148 46 47
1149 0 1
1150 0 2
1151 0 47
1152 47 47
1153 0 0
1154 0 3
1155 46 47
1156 0 46
1157 0 1
1158 0 4
1159 0 0
1160 47 0
1161 47 47
1162 0 1
1163 0 47
1164 46 47
1165 0 3
1166 0 46
1167 0 0
1168 0 47
1169 47 47
1170 0 2
1171 46 0
1172 1 0
1173 46 47
1174 47 47
1175 0 1
1176 2 0
1177 1 0
1178 0 2
1179 47 0
1180 0 0
1181 1 0
1182 46 0
1183 47 0
1184 0 0
1185 0 3
1186 0 1
1187 0 46
1188 46 0
1189 0 0
1190 0 1
1191 0 47
1192 0 0
1193 47 0
1194 0 2
1195 46 0
1196 0 46
1197 1 0
1198 47 0
1199 0 0
1200 0 3
1201 0 1
1202 46 0
1203 0 47
1204 46 47
1205 0 46
1206 0 0
1207 47 47
1208 46 47
1209 0 1
1210 0 47
1211 47 0
1212 0 2
1213 47 47
1214 0 46
1215 46 47
1216 0 3
1217 47 47
1218 0 4
1219 46 47
1220 0 47
1221 47 47
1222 46 0
1223 0 3
1224 0 0
1225 0 2
1226 46 47
1227 0 46
1228 0 47
1229 1 0
1230 0 1
1231 0 46
1232 47 0
1233 47 47
1234 0 2
1235 0 47
1236 0 46
1237 0 0
1238 1 0
1239 0 47
1240 46 0
1241 0 0
1242 0 46
1243 1 0
1244 0 47
1245 0 1
1246 0 46
1247 47 0
1248 0 47
1249 46 0
1250 47 0
1251 46 47
1252 47 47
1253 46 0
1254 0 2
1255 0 1
1256 2 0
1257 0 46
1258 1 0
1259 0 47
1260 47 0
1261 46 0
1262 46 47
1263 0 2
1264 0 0
1265 47 47
1266 47 0
1267 0 46
1268 0 47
1269 46 0
1270 1 0
1271 47 0
1272 46 0
1273 0 0
1274 1 0
1275 46 47
1276 0 1
1277 0 0
1278 47 47
1279 47 0
1280 46 47
1281 46 0
1282 0 1
1283 47 47
1284 0 2
1285 46 47
1286 47 0
1287 46 0
1288 0 1
1289 0 46
1290 47 0
1291 2 0
1292 0 47
1293 47 47
1294 46 47
1295 47 47
1296 0 0
1297 46 0
1298 46 47
1299 3 0
1300 0 1
1301 47 0
1302 46 0
1303 0 0
1304 0 1
1305 0 46
1306 47 47
1307 47 0
1308 0 0
1309 0 1
1310 46 47
1311 46 0
1312 0 0
1313 0 47
1314 0 46
1315 47 0
1316 2 0
1317 47 47
1318 0 1
1319 1 0
1320 2 0
1321 46 47
1322 1 0
1323 0 2
1324 47 47
1325 46 0
1326 0 0
1327 0 3
1328 0 2
1329 0 3
1330 0 47
1331 0 2
1332 0 46
1333 0 3
1334 0 2
1335 1 0
1336 0 1
1337 0 2
1338 47 0
1339 0 47
1340 0 0
1341 1 0
1342 0 1
1343 0 46
1344 46 47
1345 0 2
1346 0 1
1347 0 47
1348 2 0
1349 0 0
1350 0 1
1351 0 46
1352 0 0
1353 46 0
1354 47 0
1355 0 47
1356 0 1
1357 1 0
1358 47 47
1359 46 0
1360 0 2
1361 0 0
1362 47 0
1363 46 47
1364 46 0
1365 0 46
1366 0 47
1367 0 46
1368 1 0
1369 0 1
1370 47 47
1371 2 0
1372 47 0
1373 0 47
1374 0 0
1375 3 0
1376 46 47
1377 47 47
1378 2 0
1379 0 46
1380 46 0
1381 47 0
1382 0 47
1383 3 0
1384 0 1
1385 0 0
1386 0 1
1387 2 0
1388 0 46
1389 0 47
1390 0 46
1391 46 0
1392 0 0
1393 1 0
1394 0 0
1395 1 0
1396 0 47
1397 0 0
1398 0 46
1399 46 47
1400 0 1
1401 0 47
1402 0 0
1403 0 1
1404 47 0
1405 0 46
1406 0 0
1407 0 1
1408 0 0
1409 0 1
1410 1 0
1411 2 0
1412 0 0
1413 47 47
1414 0 47
1415 0 46
1416 0 1
1417 0 47
1418 0 0
1419 46 0
1420 0 46
1421 0 47
1422 3 0
1423 2 0
1424 0 1
1425 1 0
1426 0 46
1427 47 0
1428 0 2
1429 0 0
1430 0 47
1431 0 46
1432 46 47
1433 0 47
1434 46 0
1435 1 0
1436 0 1
1437 2 0
1438 0 46
1439 0 47
1440 47 0
1441 0 0
1442 0 46
1443 0 47
1444 0 1
1445 0 46
1446 1 0
1447 0 2
1448 0 1
1449 2 0
1450 0 47
1451 46 0
1452 47 47
1453 46 47
1454 47 0
1455 0 46
1456 46 0
1457 0 0
1458 0 1
1459 0 0
1460 47 47
1461 46 47
1462 0 1
1463 47 0
1464 46 0
1465 47 47
1466 1 0
1467 0 47
1468 0 2
1469 0 0
1470 47 0
1471 1 0
1472 0 0
1473 0 46
1474 1 0
1475 0 1
1476 0 0
1477 0 47
1478 46 47
1479 46 0
1480 0 1
1481 47 47
1482 46 47
1483 47 47
1484 47 0
1485 46 0
1486 47 0
1487 46 47
1488 46 0
1489 0 0
1490 0 46
1491 47 47
1492 0 47
1493 0 46
1494 0 1
1495 46 47
1496 0 0
1497 0 47
1498 47 0
1499 0 46
1500 46 0
1501 47 0
1502 47 47
1503 0 1
1504 0 2
1505 0 47
1506 0 1
1507 0 2
1508 0 46
1509 46 47
1510 0 47
1511 0 46
1512 0 1
1513 0 47
1514 0 0
1515 1 0
1516 2 0
1517 47 47
1518 0 46
1519 46 0
1520 0 47
1521 0 46
1522 1 0
1523 0 47
1524 47 0
1525 0 2
1526 0 46
1527 46 47
1528 46 0
1529 0 0
1530 47 0
1531 47 47
1532 0 3
1533 46 47
1534 0 2
1535 1 0
1536 46 0
1537 0 1
1538 0 47
1539 0 2
1540 47 0
1541 0 46
1542 0 0
1543 0 3
1544 46 0
1545 0 47
1546 47 47
1547 47 0
1548 0 46
1549 46 47
1550 0 2
1551 0 3
1552 0 1
1553 46 0
1554 0 47
1555 0 46
1556 47 0
1557 47 47
1558 0 0
1559 0 2
1560 0 47
1561 0 3
1562 0 2
1563 1 0
1564 0 1
1565 0 46
1566 46 47
1567 0 47
1568 46 0
1569 2 0
1570 47 47
1571 0 0
1572 0 46
1573 0 47
1574 0 46
1575 46 47
1576 0 1
1577 1 0
1578 47 47
1579 0 2
1580 46 47
1581 47 47
1582 0 0
1583 0 47
1584 47 0
1585 46 47
1586 46 0
1587 47 47
1588 47 0
1589 1 0
1590 46 0
1591 47 0
1592 0 46
1593 46 0
1594 46 47
1595 47 0
1596 0 47
1597 0 0
1598 0 3
1599 0 1
1600 0 4
1601 46 0
1602 0 46
1603 47 47
1604 0 0
1605 0 47
1606 0 46
1607 0 47
1608 47 0
1609 0 1
1610 0 46
1611 46 0
1612 0 3
1613 46 47
1614 47 0
1615 0 4
1616 0 47
1617 0 3
1618 0 0
1619 47 47
1620 46 47
1621 0 46
1622 47 47
1623 0 1
1624 0 47
1625 0 4
1626 0 0
1627 0 3
1628 46 0
1629 46 47
1630 0 1
1631 0 46
1632 0 4
1633 0 47
1634 47 0
1635 47 47
1636 46 47
1637 47 47
1638 46 0
1639 0 0
1640 0 1
1641 0 3
1642 46 47
1643 0 0
1644 0 1
1645 47 47
1646 0 4
1647 47 0
1648 0 46
1649 0 0
1650 46 0
1651 0 1
1652 0 47
1653 0 46
1654 0 47
1655 0 0
1656 46 47
1657 0 46
1658 47 0
1659 0 1
1660 0 0
1661 0 47
1662 47 47
1663 0 1
1664 0 3
1665 0 4
1666 0 0
1667 0 3
1668 0 2
1669 0 3
1670 0 46
1671 46 0
1672 0 2
1673 47 0
1674 1 0
1675 0 0
1676 46 47
1677 47 47
1678 46 0
1679 46 47
1680 1 0
1681 0 0
1682 47 47
1683 0 3
1684 46 47
1685 0 1
1686 0 4
1687 0 3
1688 47 0
1689 0 47
1690 0 0
1691 0 2
1692 1 0
1693 0 1
1694 46 0
1695 47 0
1696 0 2
1697 47 47
1698 46 0
1699 47 0
1700 46 47
1701 0 46
1702 0 47
1703 47 47
1704 0 1
1705 2 0
1706 1 0
1707 2 0
1708 0 0
1709 46 47
1710 3 0
1711 0 1
1712 0 46
1713 47 47
1714 46 0
1715 0 47
1716 0 0
1717 2 0
1718 47 0
1719 0 46
1720 46 0
1721 46 47
1722 47 47
1723 1 0
1724 46 47
1725 47 0
1726 2 0
1727 3 0
1728 0 47
1729 46 0
1730 47 47
1731 0 46
1732 46 47
1733 2 0
1734 47 47
1735 0 47
1736 0 46
1737 0 1
1738 1 0
1739 46 47
1740 2 0
1741 47 0
1742 46 0
1743 0 47
1744 0 0
1745 47 47
1746 46 47
1747 3 0
1748 0 1
1749 0 46
1750 47 47
1751 0 0
1752 46 47
1753 47 0
1754 2 0
1755 3 0
1756 2 0
1757 0 1
1758 1 0
1759 0 47
1760 2 0
1761 47 47
1762 1 0
1763 46 47
1764 2 0
1765 46 0
1766 47 47
1767 0 0
1768 46 47
1769 0 46
1770 47 47
1771 0 1
1772 0 0
1773 0 47
1774 47 0
1775 0 46
1776 3 0
1777 46 47
1778 46 0
1779 47 0
1780 47 47
1781 0 1
1782 2 0
1783 46 0
1784 0 47
1785 47 0
1786 46 47
1787 46 0
1788 0 46
1789 0 47
1790 0 0
1791 0 1
1792 47 0
1793 1 0
1794 0 2
1795 46 0
1796 0 1
1797 47 0
1798 47 47
1799 2 0
1800 0 46
1801 1 0
1802 0 47
1803 2 0
1804 46 47
1805 0 0
1806 47 47
1807 0 46
1808 46 47
1809 47 47
1810 3 0
1811 2 0
1812 0 47
1813 0 46
1814 46 47
1815 47 47
1816 3 0
1817 0 47
1818 2 0
1819 0 46
1820 0 1
1821 46 0
1822 1 0
1823 46 47
1824 47 47
1825 47 0
1826 46 47
1827 47 47
1828 46 0
1829 46 47
1830 47 0
1831 46 0
1832 2 0
1833 47 47
1834 47 0
1835 1 0
1836 46 0
1837 46 47
1838 0 47
1839 2 0
1840 0 0
1841 47 0
1842 46 0
1843 47 47
1844 47 0
1845 46 0
1846 46 47
1847 3 0
1848 0 46
1849 47 0
1850 46 0
1851 47 47
1852 0 47
1853 0 1
1854 47 0
1855 46 47
1856 2 0
1857 47 47
1858 46 0
1859 1 0
1860 0 0
1861 0 1
1862 47 0
1863 0 2
1864 0 1
1865 0 46
1866 0 2
1867 0 1
1868 0 47
1869 0 2
1870 0 1
1871 0 2
1872 0 0
1873 46 47
1874 47 47
1875 46 47
1876 0 46
1877 47 47
1878 0 3
1879 46 0
1880 46 47
1881 0 2
1882 47 0
1883 0 3
1884 0 47
1885 0 1
1886 46 0
1887 47 47
1888 47 0
1889 46 0
1890 0 0
1891 0 46
1892 47 0
1893 46 0
1894 0 2
1895 0 47
1896 0 3
1897 0 1
1898 47 0
1899 0 4
1900 0 46
1901 0 3
1902 0 0
1903 46 47
1904 46 0
1905 0 47
1906 0 46
1907 0 2
1908 47 0
1909 0 1
1910 0 47
1911 47 47
1912 46 0
1913 46 47
1914 47 0
1915 47 47
1916 0 46
1917 0 47
1918 46 47
1919 0 0
1920 0 46
1921 0 3
1922 0 1
1923 0 4
1924 0 3
1925 46 0
1926 47 47
1927 0 0
1928 0 1
1929 47 0
1930 46 47
1931 0 0
1932 46 0
1933 0 1
1934 0 47
1935 0 46
1936 47 0
1937 46 0
1938 0 4
1939 47 47
1940 0 0
1941 0 1
1942 0 47
1943 0 0
1944 47 0
1945 0 1
1946 0 3
1947 46 47
1948 47 47
1949 46 47
1950 46 0
1951 0 0
1952 47 47
1953 47 0
1954 0 2
1955 0 46
1956 46 47
1957 0 47
1958 0 3
1959 0 2
1960 0 3
1961 0 1
1962 0 4
1963 46 0
1964 0 3
1965 0 46
1966 0 47
1967 47 47
1968 47 0
1969 0 0
1970 46 47
1971 0 1
1972 0 0
1973 47 47
1974 0 1
1975 46 0
1976 47 0
1977 46 0
1978 0 4
1979 47 0
1980 0 3
1981 0 0
1982 46 47
1983 47 47
1984 0 2
1985 0 3
1986 0 1
1987 46 47
1988 0 0
1989 0 46
1990 0 1
1991 46 0
1992 0 4
1993 47 0
1994 46 0
1995 0 3
1996 47 47
1997 0 47
1998 0 0
1999 0 46
2000 46 47
2001 47 0
2002 0 1
2003 0 47
2004 0 4
2005 0 3
2006 46 0
2007 47 47
2008 47 0
2009 0 4
2010 0 3
2011 0 0
2012 46 0
2013 47 0
2014 46 47
2015 0 46
2016 0 1
2017 46 0
2018 0 0
2019 47 47
2020 46 47
2021 47 47
2022 0 1
2023 0 4
2024 47 0
2025 46 0
2026 46 47
2027 47 47
2028 47 0
2029 0 0
2030 0 3
2031 46 47
2032 0 2
2033 47 47
2034 1 0
2035 0 0
2036 0 47
2037 1 0
2038 0 46
2039 0 47
2040 0 1
2041 2 0
2042 46 0
2043 47 0
2044 0 46
2045 0 0
2046 0 1
2047 46 47
2048 46 0
2049 0 0
2050 47 0
2051 0 1
2052 0 0
2053 0 47
2054 47 47
2055 0 1
2056 1 0
2057 0 2
2058 0 46
2059 0 47
2060 0 1
2061 2 0
2062 0 46
2063 0 47
2064 0 0
2065 46 0
2066 47 0
2067 0 1
2068 46 0
2069 47 0
2070 46 0
2071 46 47
2072 1 0
2073 47 0
2074 2 0
2075 0 46
2076 1 0
2077 47 47
2078 46 0
2079 0 47
2080 0 46
2081 0 47
2082 47 0
2083 46 0
2084 0 2
2085 0 1
2086 46 47
2087 0 2
2088 0 0
2089 0 3
2090 47 0
2091 47 47
2092 46 0
2093 0 2
2094 1 0
2095 47 0
2096 46 0
2097 47 0
2098 0 0
2099 0 46
2100 0 3
2101 0 2
2102 1 0
2103 0 1
2104 2 0
2105 46 47
2106 0 0
2107 0 1
2108 1 0
2109 0 2
2110 46 0
2111 0 1
2112 47 47
2113 46 47
2114 47 47
2115 0 2
2116 47 0
2117 0 1
2118 0 47
2119 2 0
2120 1 0
2121 2 0
2122 1 0
2123 0 46
2124 0 2
2125 46 47
2126 0 47
2127 47 47
2128 0 1
2129 0 2
2130 0 0
2131 46 47
2132 47 47
2133 0 3
2134 0 2
2135 46 47
2136 0 46
2137 1 0
2138 47 47
2139 0 1
2140 46 0
2141 0 47
2142 46 47
2143 0 46
2144 0 47
2145 47 47
2146 0 2
2147 0 0
2148 46 47
2149 1 0
2150 47 47
2151 0 46
2152 0 1
2153 46 47
2154 47 47
2155 2 0
2156 0 0
2157 47 0
2158 46 47
2159 0 47
2160 3 0
2161 2 0
2162 0 46
2163 46 0
2164 3 0
2165 2 0
2166 47 47
2167 3 0
2168 0 1
2169 46 47
2170 0 47
2171 47 47
2172 0 0
2173 0 46
2174 2 0
2175 46 47
2176 0 1
2177 0 0
2178 0 47
2179 0 46
2180 47 0
2181 0 1
2182 1 0
2183 46 0
2184 47 0
2185 0 2
2186 47 47
2187 0 1
2188 2 0
2189 1 0
2190 0 2
2191 46 47
2192 0 0
2193 47 47
2194 46 47
2195 47 47
2196 46 47
2197 0 47
2198 0 46
2199 47 47
2200 0 3
2201 0 1
2202 46 0
2203 47 0
2204 0 0
2205 46 47
2206 47 47
2207 0 2
2208 0 3
2209 46 47
2210 0 47
2211 0 2
2212 46 0
2213 1 0
2214 47 0
2215 0 46
2216 47 47
2217 46 47
2218 0 1
2219 2 0
2220 46 0
2221 1 0
2222 0 2
2223 0 0
2224 47 0
2225 47 47
2226 0 3
2227 0 47
2228 0 46
2229 46 0
2230 0 1
2231 46 47
2232 0 0
2233 0 2
2234 1 0
2235 0 47
2236 0 46
2237 0 47
2238 0 0
2239 1 0
2240 47 0
2241 47 47
2242 0 0
2243 1 0
2244 0 1
2245 46 0
2246 46 47
2247 0 2
2248 0 1
2249 2 0
2250 0 0
2251 3 0
2252 0 46
2253 0 1
2254 0 0
2255 2 0
2256 3 0
2257 0 1
2258 2 0
2259 1 0
2260 47 0
2261 47 47
2262 46 0
2263 0 2
2264 0 0
2265 47 0
2266 0 3
2267 0 2
2268 0 3
2269 0 47
2270 0 2
2271 46 47
2272 0 46
2273 1 0
2274 0 47
2275 46 0
2276 0 0
2277 47 47
2278 1 0
2279 0 1
2280 2 0
2281 0 46
2282 0 47
2283 0 46
2284 0 47
2285 47 0
2286 46 0
2287 46 47
2288 47 47
2289 0 0
2290 1 0
2291 46 47
2292 47 47
2293 0 46
2294 46 47
2295 47 47
2296 0 47
2297 47 0
2298 2 0
2299 3 0
2300 46 0
2301 47 0
2302 46 47
2303 2 0
2304 0 1
2305 47 47
2306 0 0
2307 46 0
2308 0 1
2309 1 0
2310 47 0
2311 0 0
2312 0 1
2313 46 47
2314 46 0
2315 47 0
2316 0 46
2317 46 0
2318 47 0
2319 46 0
2320 47 47
2321 46 47
2322 47 47
2323 0 2
2324 0 0
2325 0 47
2326 0 46
2327 47 0
2328 0 3
2329 0 1
2330 0 0
2331 46 0
2332 0 2
2333 1 0
2334 0 1
2335 0 47
2336 0 2
2337 47 0
2338 0 1
2339 46 0
2340 46 47
2341 47 0
2342 2 0
2343 46 0
2344 0 46
2345 0 47
2346 0 46
2347 0 0
2348 47 0
2349 3 0
2350 0 47
2351 0 1
2352 0 46
2353 0 0
2354 47 47
2355 2 0
2356 0 1
2357 46 47
2358 47 47
2359 0 47
2360 1 0
2361 0 46
2362 0 2
2363 0 1
2364 2 0
2365 0 0
2366 46 0
2367 0 47
2368 46 47
2369 47 47
2370 1 0
2371 47 0
2372 0 46
2373 0 47
2374 0 46
2375 46 47
2376 0 47
2377 0 46
2378 46 0
2379 0 47
2380 2 0
2381 0 1
2382 0 0
2383 3 0
2384 2 0
2385 47 47
2386 0 46
2387 46 47
2388 47 47
2389 0 47
2390 0 1
2391 47 0
2392 46 0
2393 47 0
2394 46 0
2395 46 47
2396 0 0
2397 47 47
2398 47 0
2399 3 0
2400 0 46
2401 46 0
2402 0 1
2403 0 0
2404 46 47
2405 2 0
2406 0 47
2407 0 46
2408 3 0
2409 47 0
2410 0 1
2411 0 0
2412 2 0
2413 47 47
2414 46 47
2415 3 0
2416 46 0
2417 2 0
2418 0 47
2419 0 46
2420 47 47
2421 3 0
2422 0 47
2423 0 1
2424 0 46
2425 0 0
2426 0 1
2427 2 0
2428 0 47
2429 47 0
2430 46 47
2431 47 47
2432 46 0
2433 47 0
2434 46 47
2435 47 47
2436 46 47
2437 47 47
2438 46 0
2439 0 0
2440 3 0
2441 0 46
2442 47 0
2443 0 1
2444 0 0
2445 0 1
2446 2 0
2447 0 0
2448 0 47
2449 3 0
2450 46 0
2451 47 0
2452 46 0
2453 0 46
2454 0 47
2455 2 0
2456 0 46
2457 0 47
2458 3 0
2459 0 1
2460 0 46
2461 2 0
2462 46 47
2463 47 47
2464 0 47
2465 47 0
2466 0 46
2467 0 0
2468 3 0
2469 46 0
2470 47 0
2471 0 1
2472 0 0
2473 0 47
2474 46 47
2475 2 0
2476 47 47
2477 1 0
2478 0 0
2479 1 0
2480 0 0
2481 0 46
2482 46 47
2483 0 47
2484 0 1
2485 0 0
2486 0 1
2487 0 0
2488 47 47
2489 46 0
2490 0 46
2491 0 47
2492 3 0
2493 0 1
2494 2 0
2495 47 0
2496 0 46
2497 1 0
2498 2 0
2499 0 0
2500 3 0
2501 0 1
2502 0 0
2503 46 47
2504 47 47
2505 46 47
2506 46 0
2507 47 0
2508 47 47
2509 46 47
2510 47 47
2511 0 1
2512 46 0
2513 2 0
2514 46 47
2515 47 47
2516 47 0
2517 0 0
2518 3 0
2519 0 47
2520 46 0
2521 0 1
2522 2 0
2523 1 0
2524 47 0
2525 0 46
2526 0 2
2527 0 47
2528 46 0
2529 0 46
2530 47 0
2531 46 0
2532 46 47
2533 47 47
2534 0 47
2535 0 0
2536 0 3
2537 47 0
2538 0 46
2539 0 2
2540 0 47
2541 46 47
2542 46 0
2543 47 0
2544 0 46
2545 1 0
2546 46 0
2547 47 0
2548 0 0
2549 0 47
2550 0 3
2551 0 1
2552 0 4
2553 47 47
2554 0 0
2555 0 46
2556 0 3
2557 0 2
2558 0 3
2559 0 1
2560 46 47
2561 0 47
2562 0 46
2563 47 47
2564 46 0
2565 46 47
2566 47 0
2567 47 47
2568 46 0
2569 0 47
2570 0 0
2571 0 1
2572 0 4
2573 0 3
2574 0 4
2575 46 47
2576 47 0
2577 0 3
2578 46 0
2579 0 46
2580 0 0
2581 47 0
2582 47 47
2583 46 0
2584 0 1
2585 0 4
2586 46 47
2587 0 47
2588 0 0
2589 0 1
2590 0 3
2591 0 46
2592 47 47
2593 46 47
2594 0 4
2595 47 0
2596 46 0
2597 0 3
2598 0 4
2599 0 3
2600 47 0
2601 0 4
2602 46 0
2603 0 3
2604 0 0
2605 47 0
2606 0 2
2607 0 3
2608 0 1
2609 46 0
2610 47 47
2611 0 47
2612 47 0
2613 0 0
2614 0 2
2615 0 46
2616 46 47
2617 0 3
2618 0 2
2619 0 3
2620 0 2
2621 1 0
2622 0 1
2623 0 2
2624 46 0
2625 47 47
2626 0 1
2627 2 0
2628 0 0
2629 3 0
2630 0 47
2631 0 1
2632 0 46
2633 46 47
2634 2 0
2635 1 0
2636 0 2
2637 0 0
2638 0 47
2639 47 47
2640 47 0
2641 0 3
2642 46 47
2643 47 47
2644 46 0
2645 47 0
2646 0 2
2647 46 0
2648 1 0
2649 46 47
2650 47 47
2651 0 0
2652 1 0
2653 0 1
2654 0 46
2655 46 47
2656 0 47
2657 0 2
2658 47 0
2659 0 1
2660 46 0
2661 2 0
2662 0 0
2663 47 0
2664 0 1
2665 47 47
2666 1 0
2667 46 0
2668 46 47
2669 47 0
2670 47 47
2671 0 2
2672 46 47
2673 46 0
2674 0 1
2675 47 47
2676 2 0
2677 1 0
2678 47 0
2679 2 0
2680 46 0
2681 1 0
2682 47 0
2683 2 0
2684 0 0
2685 46 47
2686 0 1
2687 46 0
2688 1 0
2689 47 0
2690 46 0
2691 47 47
2692 47 0
2693 0 46
2694 0 47
2695 46 47
2696 46 0
2697 47 0
2698 2 0
2699 47 47
2700 0 0
2701 3 0
2702 0 1
2703 46 47
2704 2 0
2705 0 0
2706 46 0
2707 0 1
2708 0 46
2709 47 0
2710 1 0
2711 0 2
2712 0 1
2713 0 2
2714 47 47
2715 46 0
2716 0 0
2717 1 0
2718 0 47
2719 46 47
2720 47 47
2721 47 0
2722 46 0
2723 46 47
2724 0 46
2725 0 1
2726 0 47
2727 47 0
2728 0 0
2729 47 47
2730 46 47
2731 46 0
2732 0 1
2733 0 46
2734 47 0
2735 0 47
2736 47 47
2737 46 47
2738 0 2
2739 47 47
2740 0 46
2741 0 47
2742 0 1
2743 46 47
2744 2 0
2745 0 0
2746 47 47
2747 46 47
2748 3 0
2749 0 1
2750 46 0
2751 2 0
2752 47 47
2753 1 0
2754 2 0
2755 1 0
2756 46 47
2757 0 46
2758 0 47
2759 47 47
2760 46 47
2761 0 2
2762 47 0
2763 0 1
2764 2 0
2765 1 0
2766 2 0
2767 47 47
2768 0 46
2769 46 47
2770 1 0
2771 46 0
2772 0 47
2773 2 0
2774 0 0
2775 47 0
2776 46 0
2777 3 0
2778 2 0
2779 0 1
2780 47 0
2781 46 0
2782 1 0
2783 47 47
2784 0 46
2785 0 47
2786 0 46
2787 47 0
2788 2 0
2789 1 0
2790 46 47
2791 2 0
2792 46 0
2793 1 0
2794 47 47
2795 2 0
2796 0 47
2797 0 0
2798 46 47
2799 3 0
2800 0 1
2801 0 0
2802 2 0
2803 47 47
2804 0 46
2805 3 0
2806 0 1
2807 47 0
2808 0 0
2809 0 47
2810 0 1
2811 0 46
2812 0 0
2813 46 0
2814 0 47
2815 0 46
2816 0 47
2817 47 0
2818 2 0
2819 0 46
2820 46 0
2821 0 1
2822 46 47
2823 0 47
2824 47 0
2825 1 0
2826 2 0
2827 1 0
2828 0 46
2829 47 47
2830 0 2
2831 46 47
2832 46 0
2833 0 1
2834 2 0
2835 47 47
2836 0 0
2837 0 47
2838 0 46
2839 0 1
2840 0 47
2841 46 47
2842 0 46
2843 47 47
2844 46 47
2845 0 0
2846 0 47
2847 0 1
2848 1 0
2849 0 2
2850 0 0
2851 1 0
2852 47 47
2853 46 47
2854 0 1
2855 47 47
2856 2 0
2857 1 0
2858 0 2
2859 47 0
2860 46 0
2861 47 0
2862 0 46
2863 46 47
2864 0 0
2865 1 0
2866 47 47
2867 0 1
2868 46 47
2869 46 0
2870 47 47
2871 0 47
2872 46 47
2873 47 0
2874 2 0
2875 46 0
2876 1 0
2877 0 2
2878 0 46
2879 0 1
2880 2 0
2881 47 0
2882 0 0
2883 47 47
2884 0 47
2885 0 46
2886 3 0
2887 46 0
2888 46 47
2889 0 1
2890 0 47
2891 47 47
2892 47 0
2893 46 0
2894 47 0
2895 46 47
2896 0 0
2897 46 0
2898 0 46
2899 47 0
2900 46 0
2901 0 1
2902 47 0
2903 46 0
2904 2 0
2905 0 47
2906 47 0
2907 1 0
2908 46 0
2909 0 46
2910 47 0
2911 46 0
2912 0 2
2913 0 1
2914 0 0
2915 47 0
2916 47 47
2917 46 47
2918 47 47
2919 46 0
2920 47 0
2921 0 47
2922 0 46
2923 1 0
2924 46 0
2925 2 0
2926 1 0
2927 46 47
2928 0 2
2929 0 47
2930 47 0
2931 0 1
2932 2 0
2933 0 0
2934 46 0
2935 0 1
2936 47 47
2937 47 0
2938 46 0
2939 46 47
2940 0 0
2941 0 1
2942 47 0
2943 46 0
2944 47 47
2945 1 0
2946 46 47
2947 0 2
2948 0 1
2949 47 0
2950 0 46
2951 46 0
2952 0 47
2953 47 0
2954 46 0
2955 0 2
2956 47 47
2957 0 0
2958 1 0
2959 47 0
2960 46 0
2961 0 46
2962 0 1
2963 47 0
2964 46 0
2965 0 47
2966 0 46
2967 2 0
2968 47 0
2969 1 0
2970 0 2
2971 46 0
2972 0 1
2973 2 0
2974 47 0
2975 0 0
2976 46 47
2977 0 1
2978 0 0
2979 3 0
2980 46 0
2981 0 47
2982 47 47
2983 0 1
2984 0 46
2985 47 0
2986 0 47
2987 2 0
2988 1 0
2989 2 0
2990 1 0
2991 46 47
2992 46 0
2993 47 0
2994 46 0
2995 0 2
2996 47 47
2997 0 0
2998 0 3
2999 46 47
3000 0 1
3001 47 47
3002 0 46
3003 47 0
3004 0 4
3005 0 0
3006 0 47
3007 46 47
3008 0 46
3009 0 1
3010 47 47
3011 0 0
3012 0 47
3013 46 0
3014 47 0
3015 0 3
3016 0 46
3017 46 47
3018 0 2
3019 47 47
3020 46 47
3021 1 0
3022 0 1
3023 47 47
3024 46 0
3025 2 0
3026 0 0
3027 47 0
3028 46 0
3029 0 1
3030 0 0
3031 3 0
3032 46 47
3033 47 0
3034 0 47
3035 2 0
3036 0 1
3037 0 0
3038 46 0
3039 0 46
3040 3 0
3041 47 47
3042 0 1
3043 46 47
3044 0 0
3045 0 1
3046 47 47
3047 0 0
3048 0 47
3049 2 0
3050 0 1
3051 0 46
3052 0 47
3053 1 0
3054 2 0
3055 46 47
3056 0 0
3057 47 47
3058 3 0
3059 47 0
3060 0 1
3061 46 47
3062 46 0
3063 2 0
3064 0 46
3065 1 0
3066 47 0
3067 46 0
3068 0 47
3069 47 0
3070 0 2
3071 46 0
3072 0 46
3073 47 0
3074 0 0
3075 47 47
3076 0 3
3077 0 47
3078 0 2
3079 0 3
3080 0 46
3081 0 1
3082 0 0
3083 0 2
3084 46 47
3085 46 0
3086 47 0
3087 1 0
3088 46 0
3089 0 0
3090 47 47
3091 47 0
3092 0 3
3093 0 1
3094 0 0
3095 0 47
3096 0 1
3097 46 0
3098 0 4
3099 46 47
3100 0 46
3101 0 3
3102 47 47
3103 47 0
3104 46 0
3105 46 47
3106 0 47
3107 0 4
3108 0 0
3109 0 1
3110 0 46
3111 0 0
3112 0 1
3113 47 47
3114 47 0
3115 0 3
3116 46 47
3117 47 47
3118 0 47
3119 0 4
3120 0 3
3121 46 0
3122 0 46
3123 47 0
3124 46 47
3125 46 0
3126 0 0
3127 0 47
3128 0 2
3129 1 0
3130 0 46
3131 0 47
3132 0 1
3133 2 0
3134 0 0
3135 3 0
3136 47 47
3137 0 46
3138 0 1
3139 0 0
3140 47 0
3141 2 0
3142 46 0
3143 0 1
3144 0 0
3145 0 1
3146 46 47
3147 1 0
3148 47 0
3149 0 47
3150 47 47
3151 46 0
3152 0 46
3153 46 47
3154 0 2
3155 0 47
3156 0 46
3157 47 47
3158 0 47
3159 0 0
3160 46 47
3161 1 0
3162 0 1
3163 47 47
3164 0 0
3165 47 0
3166 0 46
3167 0 1
3168 0 47
3169 0 2
3170 46 47
3171 46 0
3172 0 1
3173 47 47
3174 0 46
3175 46 47
3176 2 0
3177 47 0
3178 0 0
3179 46 0
3180 0 1
3181 47 0
3182 0 47
3183 1 0
3184 0 46
3185 46 0
3186 47 47
3187 0 47
3188 2 0
3189 0 46
3190 0 0
3191 0 47
3192 0 46
3193 3 0
3194 0 47
3195 47 0
3196 46 0
3197 2 0
3198 47 0
3199 0 1
3200 46 47
3201 47 47
3202 0 46
3203 46 47
3204 46 0
3205 47 47
3206 0 0
3207 3 0
3208 0 1
3209 0 47
3210 2 0
3211 46 47
3212 1 0
3213 47 0
3214 46 0
3215 0 46
3216 47 0
3217 46 0
3218 0 47
3219 0 2
3220 0 1
3221 0 46
3222 47 0
3223 47 47
3224 0 47
3225 2 0
3226 0 46
3227 0 0
3228 0 47
3229 46 0
3230 0 1
3231 0 46
3232 1 0
3233 0 2
3234 46 47
3235 47 0
3236 0 47
3237 47 47
3238 46 0
3239 46 47
3240 0 0
3241 47 47
3242 47 0
3243 1 0
3244 0 46
3245 0 47
3246 46 0
3247 0 46
3248 47 0
3249 0 47
3250 0 0
3251 1 0
3252 0 1
3253 0 46
3254 2 0
3255 0 0
3256 46 0
3257 47 0
3258 46 0
3259 46 47
3260 47 0
3261 46 0
3262 0 47
3263 3 0
3264 0 1
3265 0 46
3266 47 47
3267 0 0
3268 47 0
3269 46 0
3270 0 1
3271 0 0
3272 2 0
3273 47 0
3274 3 0
3275 46 0
3276 0 1
3277 0 47
3278 0 46
3279 0 0
3280 46 47
3281 0 47
3282 2 0
3283 47 47
3284 46 47
3285 3 0
3286 47 0
3287 2 0
3288 3 0
3289 46 0
3290 2 0
3291 47 47
3292 0 46
3293 46 47
3294 0 1
3295 47 47
3296 46 47
3297 1 0
3298 0 2
3299 0 1
3300 0 2
3301 0 1
3302 47 0
3303 46 0
3304 2 0
3305 47 0
3306 47 47
3307 46 47
3308 0 0
3309 0 47
3310 0 1
3311 46 0
3312 47 0
3313 47 47
3314 1 0
3315 0 2
3316 46 47
3317 0 0
3318 0 1
3319 0 0
3320 47 47
3321 46 47
3322 0 46
3323 46 0
3324 47 47
3325 47 0
3326 46 47
3327 47 47
3328 1 0
3329 0 0
3330 0 47
3331 0 46
3332 46 47
3333 46 0
3334 0 1
3335 0 2
3336 47 47
3337 0 1
3338 47 0
3339 46 47
3340 0 47
3341 0 46
3342 0 2
3343 0 3
3344 0 2
3345 46 0
3346 47 0
3347 47 47
3348 1 0
3349 0 0
3350 0 3
3351 0 1
3352 46 47
3353 0 47
3354 47 47
3355 0 4
3356 0 46
3357 0 47
3358 0 46
3359 0 0
3360 46 0
3361 0 3
3362 0 2
3363 46 47
3364 47 0
3365 0 3
3366 46 0
3367 47 0
3368 47 47
3369 0 47
3370 0 2
3371 46 0
3372 1 0
3373 46 47
3374 47 47
3375 0 1
3376 46 47
3377 47 0
3378 46 0
3379 47 0
3380 0 2
3381 0 0
3382 47 47
3383 0 3
3384 46 0
3385 0 2
3386 46 47
3387 47 47
3388 0 46
3389 0 3
3390 0 1
3391 46 47
3392 0 47
3393 47 0
3394 47 47
3395 0 46
3396 0 47
3397 0 46
3398 46 47
3399 47 47
3400 0 47
3401 0 46
3402 46 0
3403 47 0
3404 0 47
3405 0 46
3406 46 47
3407 47 47
3408 0 4
3409 0 3
3410 46 47
3411 0 47
3412 0 0
3413 0 2
3414 46 0
3415 0 46
3416 47 0
3417 0 3
3418 0 2
3419 1 0
3420 0 47
3421 46 0
3422 0 46
3423 47 0
3424 47 47
3425 0 1
3426 0 2
3427 46 0
3428 46 47
3429 0 0
3430 0 3
3431 0 47
3432 0 1
3433 47 0
3434 0 4
3435 0 46
3436 0 47
3437 0 3
3438 46 0
3439 0 0
3440 47 47
3441 0 46
3442 47 0
3443 0 47
3444 0 1
3445 46 0
3446 47 0
3447 0 0
3448 0 1
3449 0 46
3450 0 0
3451 46 0
3452 0 1
3453 47 0
3454 46 47
3455 0 0
3456 46 0
3457 0 47
3458 0 1
3459 47 0
3460 46 0
3461 0 0
3462 47 0
3463 0 46
3464 47 47
3465 46 0
3466 0 47
3467 0 2
3468 0 46
3469 0 3
3470 46 47
3471 0 2
3472 47 47
3473 47 0
3474 46 47
3475 1 0
3476 46 0
3477 0 0
3478 47 0
3479 0 47
3480 46 0
3481 0 3
3482 0 46
3483 0 47
3484 0 2
3485 1 0
3486 0 46
3487 47 47
3488 0 47
3489 0 46
3490 0 0
3491 47 0
3492 46 0
3493 1 0
3494 47 0
3495 0 1
3496 0 2
3497 46 0
3498 0 47
3499 46 47
3500 47 47
3501 0 1
3502 0 2
3503 0 0
3504 47 0
3505 46 0
3506 1 0
3507 0 1
3508 0 46
3509 0 47
3510 0 2
3511 0 46
3512 47 0
3513 0 47
3514 0 46
3515 0 1
3516 46 0
3517 2 0
3518 0 47
3519 0 0
3520 0 46
3521 46 47
3522 3 0
3523 47 47
3524 0 1
3525 2 0
3526 0 47
3527 0 46
3528 0 0
3529 47 0
3530 0 1
3531 0 0
3532 0 47
3533 0 46
3534 46 47
3535 0 47
3536 3 0
3537 46 0
3538 47 47
3539 0 1
3540 47 0
3541 46 0
3542 47 0
3543 0 0
3544 0 1
3545 46 0
3546 0 46
3547 2 0
3548 0 0
3549 46 47
3550 0 1
3551 1 0
3552 47 0
3553 2 0
3554 0 47
3555 1 0
3556 2 0
3557 1 0
3558 0 2
3559 0 0
3560 0 3
3561 0 46
3562 47 47
3563 46 0
3564 0 2
3565 47 0
3566 1 0
3567 0 0
3568 46 47
3569 0 47
3570 46 0
3571 0 46
3572 0 3
3573 0 47
3574 47 0
3575 0 46
3576 0 47
3577 0 1
3578 0 2
3579 46 0
3580 47 47
3581 46 47
3582 47 47
3583 0 3
3584 0 46
3585 46 47
3586 47 0
3587 47 47
3588 46 47
3589 0 2
3590 47 47
3591 46 0
3592 47 0
3593 46 0
3594 0 47
3595 47 0
3596 46 47
3597 0 46
3598 0 3
3599 46 0
3600 47 0
3601 46 0
3602 47 0
3603 0 2
3604 0 3
3605 46 0
3606 47 47
3607 47 0
3608 0 47
3609 0 46
3610 0 47
3611 0 4
3612 46 47
3613 46 0
3614 47 0
3615 47 47
3616 0 0
3617 46 0
3618 47 0
3619 0 3
3620 0 46
3621 46 47
3622 0 1
3623 0 2
3624 0 3
3625 0 47
3626 0 46
3627 46 0
3628 0 4
3629 47 0
3630 46 0
3631 47 0
3632 46 0
3633 0 47
3634 47 47
3635 0 3
3636 0 0
3637 46 47
3638 0 46
3639 47 0
3640 47 47
3641 0 1
3642 46 47
3643 46 0
3644 0 47
3645 0 4
3646 0 0
3647 47 0
3648 0 3
3649 0 46
3650 47 47
3651 46 0
3652 0 2
3653 0 3
3654 47 0
3655 0 1
3656 46 47
3657 0 4
3658 47 47
3659 0 0
3660 0 1
3661 0 0
3662 46 47
3663 46 0
3664 0 3
3665 0 2
3666 47 47
3667 1 0
3668 46 47
3669 47 47
3670 46 47
3671 0 1
3672 0 47
3673 47 47
3674 0 46
3675 0 47
3676 0 2
3677 0 46
3678 46 47
3679 47 47
3680 0 0
3681 0 47
3682 0 1
3683 47 0
3684 0 46
3685 46 47
3686 0 2
3687 0 47
3688 0 46
3689 0 47
3690 0 3
3691 0 2
3692 46 0
3693 47 47
3694 1 0
3695 0 1
3696 0 2
3697 0 1
3698 46 47
3699 0 46
3700 2 0
3701 0 0
3702 3 0
3703 47 47
3704 47 0
3705 0 1
3706 46 0
3707 47 0
3708 46 47
3709 0 0
3710 2 0
3711 0 47
3712 3 0
3713 2 0
3714 47 47
3715 0 1
3716 1 0
3717 0 46
3718 46 0
3719 47 0
3720 46 47
3721 0 47
3722 0 2
3723 0 1
3724 46 0
3725 0 2
3726 47 47
3727 0 46
3728 0 0
3729 47 0
3730 1 0
3731 0 1
3732 0 2
3733 46 47
3734 0 47
3735 0 46
3736 0 0
3737 47 47
3738 46 0
3739 46 47
3740 1 0
3741 47 0
3742 0 1
3743 47 47
3744 0 2
3745 46 47
3746 46 0
3747 0 47
3748 47 47
3749 47 0
3750 0 1
3751 0 46
3752 2 0
3753 1 0
3754 2 0
3755 0 0
3756 0 1
3757 46 47
3758 0 47
3759 47 47
3760 46 47
3761 0 46
3762 0 0
3763 47 47
3764 0 1
3765 0 0
3766 3 0
3767 46 0
3768 2 0
3769 46 47
3770 47 47
3771 0 1
3772 1 0
3773 46 47
3774 47 0
3775 0 2
3776 0 1
3777 0 2
3778 46 0
3779 0 47
3780 47 0
3781 0 0
3782 0 46
3783 1 0
3784 0 47
3785 47 47
3786 0 0
3787 0 46
3788 1 0
3789 0 1
3790 0 2
3791 0 0
3792 0 3
3793 46 0
3794 0 1
3795 46 47
3796 47 0
3797 46 0
3798 0 4
3799 47 47
3800 0 3
3801 0 4
3802 0 3
3803 0 47
3804 0 0
3805 46 47
3806 47 47
3807 47 0
3808 46 0
3809 0 1
3810 0 2
3811 0 3
3812 47 0
3813 0 4
3814 0 3
3815 0 4
3816 46 0
3817 0 46
3818 0 47
3819 47 0
3820 0 3
3821 0 4
3822 46 47
3823 0 0
3824 0 1
3825 0 46
3826 46 0
3827 0 47
3828 0 46
3829 0 0
3830 0 47
3831 0 1
3832 0 46
3833 47 0
3834 46 0
3835 47 47
3836 0 3
3837 0 0
3838 47 0
3839 0 47
3840 0 46
3841 46 0
3842 0 47
3843 0 2
3844 1 0
3845 0 46
3846 0 1
3847 2 0
3848 0 47
3849 0 0
3850 46 47
3851 3 0
3852 0 46
3853 0 47
3854 2 0
3855 0 46
3856 47 0
3857 0 1
3858 47 47
3859 46 47
3860 0 47
3861 46 0
3862 47 47
3863 46 47
3864 47 0
3865 1 0
3866 0 46
3867 46 0
3868 0 2
3869 47 0
3870 47 47
3871 46 47
3872 0 0
3873 0 3
3874 0 1
3875 46 0
3876 0 0
3877 47 0
3878 0 2
3879 0 47
3880 0 3
3881 46 0
3882 47 0
3883 0 46
3884 0 47
3885 46 0
3886 0 2
3887 0 46
3888 47 47
3889 1 0
3890 47 0
3891 0 1
3892 46 0
3893 0 47
3894 0 2
3895 46 47
3896 47 47
3897 0 0
3898 0 46
3899 46 47
3900 1 0
3901 47 0
3902 0 47
3903 47 47
3904 0 0
3905 0 3
3906 0 46
3907 0 2
3908 0 47
3909 0 3
3910 0 1
3911 0 0
3912 0 1
3913 0 46
3914 0 0
3915 46 0
3916 0 2
3917 1 0
3918 46 47
3919 0 47
3920 47 0
3921 0 1
3922 0 2
3923 46 0
3924 0 1
3925 47 47
3926 0 46
3927 0 2
3928 0 0
3929 46 47
3930 47 0
3931 1 0
3932 47 47
3933 46 47
3934 0 47
3935 46 0
3936 0 46
3937 0 1
3938 0 2
3939 47 47
3940 0 0
3941 0 47
3942 0 46
3943 0 1
3944 0 47
3945 46 47
3946 0 2
3947 0 46
3948 47 0
3949 46 0
3950 47 47
3951 0 3
3952 47 0
3953 0 2
3954 46 0
3955 47 0
3956 1 0
3957 46 47
3958 0 1
3959 47 47
3960 0 0
3961 46 47
3962 46 0
3963 47 47
3964 0 47
3965 46 47
3966 47 0
3967 1 0
3968 0 46
3969 0 47
3970 2 0
3971 0 46
3972 1 0
3973 0 47
3974 2 0
3975 47 47
3976 46 47
3977 46 0
3978 47 0
3979 47 47
3980 0 0
3981 3 0
3982 2 0
3983 46 47
3984 3 0
3985 46 0
3986 0 46
3987 0 47
3988 2 0
3989 0 46
3990 3 0
3991 0 1
3992 47 47
3993 0 0
3994 47 0
3995 0 1
3996 46 0
3997 2 0
3998 46 47
3999 0 0
4000 0 47
4001 47 47
4002 3 0
4003 46 47
4004 47 0
4005 0 46
4006 0 1
4007 46 0
4008 47 47
4009 0 0
4010 2 0
4011 46 47
4012 47 0
4013 0 1
4014 0 0
4015 0 47
4016 47 47
4017 3 0
4018 0 46
4019 0 47
4020 46 47
4021 47 47
4022 0 1
4023 0 0
4024 46 47
4025 0 46
4026 47 47
4027 0 1
4028 46 0
4029 46 47
4030 0 0
4031 47 47
4032 0 47
4033 2 0
4034 0 46
4035 3 0
4036 46 47
4037 2 0
4038 3 0
4039 0 1
4040 47 47
4041 2 0
4042 0 0
4043 3 0
4044 47 0
4045 46 47
4046 2 0
4047 0 47
4048 0 46
4049 0 1
4050 0 47
4051 0 46
4052 1 0
4053 2 0
4054 0 0
4055 3 0
4056 0 47
4057 2 0
4058 47 47
4059 3 0
4060 46 0
4061 46 47
4062 47 47
4063 0 46
4064 0 1
4065 2 0
4066 0 0
4067 0 47
4068 47 0
4069 46 47
4070 3 0
4071 47 47
4072 0 46
4073 0 47
4074 0 46
4075 0 1
4076 2 0
4077 46 0
4078 0 47
4079 1 0
4080 0 2
4081 46 47
4082 0 46
4083 0 47
4084 0 1
4085 2 0
4086 1 0
4087 0 2
4088 0 46
4089 47 0
4090 0 0
4091 0 3
4092 0 1
4093 0 0
4094 0 2
4095 1 0
4096 47 47
4097 46 47
4098 0 0
4099 0 3
4100 0 47
4101 0 1
4102 46 0
4103 0 4
4104 0 46
4105 0 3
4106 0 4
4107 47 0
4108 46 0
4109 47 0
4110 0 0
4111 0 3
4112 46 0
4113 0 47
4114 47 0
4115 0 2
4116 47 47
4117 46 47
4118 46 0
4119 47 47
4120 46 47
4121 0 3
4122 0 1
4123 47 0
4124 0 0
4125 0 1
4126 46 0
4127 0 2
4128 0 3
4129 47 0
4130 0 46
4131 0 4
4132 0 3
4133 0 4
4134 0 3
4135 0 4
4136 46 0
4137 47 47
4138 47 0
4139 0 0
4140 46 47
4141 46 0
4142 0 3
4143 0 1
4144 0 0
4145 47 47
4146 47 0
4147 0 2
4148 1 0
4149 0 47
4150 46 0
4151 0 46
4152 0 47
4153 0 0
4154 46 47
4155 47 0
4156 47 47
4157 0 3
4158 0 2
4159 0 3
4160 46 47
4161 46 0
4162 47 0
4163 0 46
4164 47 47
4165 46 0
4166 0 1
4167 47 0
4168 0 0
4169 0 1
4170 0 0
4171 0 2
4172 46 0
4173 0 47
4174 46 47
4175 0 3
4176 0 1
4177 47 0
4178 0 2
4179 0 3
4180 46 0
4181 0 4
4182 47 47
4183 0 46
4184 47 0
4185 46 0
4186 0 3
4187 0 4
4188 0 47
4189 47 0
4190 46 47
4191 0 0
4192 46 0
4193 47 0
4194 46 0
4195 0 46
4196 0 47
4197 47 0
4198 0 1
4199 0 3
4200 0 2
4201 0 3
4202 0 2
4203 47 47
4204 46 0
4205 0 3
4206 0 46
4207 46 47
4208 0 47
4209 47 47
4210 0 4
4211 46 47
4212 0 3
4213 47 47
4214 0 46
4215 0 47
4216 47 0
4217 46 0
4218 0 0
4219 0 2
4220 0 3
4221 46 47
4222 47 47
4223 0 2
4224 0 3
4225 0 1
4226 0 46
4227 0 4
4228 47 0
4229 0 0
4230 0 1
4231 0 0
4232 0 47
4233 0 3
4234 0 46
4235 0 47
4236 46 47
4237 46 0
4238 0 2
4239 1 0
4240 0 0
4241 47 47
4242 0 46
4243 47 0
4244 0 3
4245 0 47
4246 46 0
4247 46 47
4248 0 1
4249 0 46
4250 0 0
4251 47 0
4252 0 47
4253 0 2
4254 1 0
4255 0 0
4256 47 47
4257 0 3
4258 0 46
4259 46 0
4260 0 47
4261 0 1
4262 47 0
4263 46 0
4264 0 0
4265 47 0
4266 46 0
4267 0 1
4268 0 46
4269 47 0
4270 46 0
4271 0 0
4272 0 47
4273 0 46
4274 0 1
4275 46 47
4276 0 0
4277 47 47
4278 47 0
4279 46 47
4280 0 47
4281 0 46
4282 46 0
4283 0 1
4284 47 47
4285 0 0
4286 0 1
4287 0 47
4288 0 0
4289 0 1
4290 0 4
4291 0 46
4292 46 47
4293 0 47
4294 47 47
4295 0 0
4296 0 1
4297 0 0
4298 0 46
4299 0 1
4300 47 0
4301 0 3
4302 0 47
4303 46 0
4304 0 46
4305 0 4
4306 0 3
4307 46 47
4308 47 47
4309 0 4
4310 0 3
4311 46 47
4312 47 47
4313 0 0
4314 0 1
4315 0 47
4316 0 0
4317 0 46
4318 47 0
4319 0 2
4320 0 3
4321 46 47
4322 0 47
4323 0 46
4324 0 1
4325 0 47
4326 46 0
4327 47 0
4328 47 47
4329 0 46
4330 0 4
4331 0 3
4332 46 0
4333 46 47
4334 47 47
4335 46 47
4336 47 0
4337 0 0
4338 0 47
4339 47 47
4340 0 1
4341 0 46
4342 46 47
4343 47 47
4344 0 0
4345 0 2
4346 46 0
4347 1 0
4348 0 0
4349 47 0
4350 1 0
4351 0 47
4352 46 0
4353 46 47
4354 0 1
4355 0 46
4356 0 47
4357 0 0
4358 47 0
4359 0 46
4360 46 0
4361 47 0
4362 0 47
4363 46 0
4364 0 46
4365 1 0
4366 2 0
4367 1 0
4368 47 0
4369 2 0
4370 47 47
4371 0 0
4372 3 0
4373 0 1
4374 0 0
4375 2 0
4376 46 47
4377 46 0
4378 0 1
4379 47 0
4380 0 0
4381 0 47
4382 3 0
4383 2 0
4384 3 0
4385 0 1
4386 2 0
4387 46 0
4388 0 46
4389 0 0
4390 3 0
4391 47 0
4392 0 47
4393 2 0
4394 0 46
4395 0 47
4396 0 1
4397 0 46
4398 1 0
4399 47 47
4400 46 0
4401 0 2
4402 46 47
4403 0 0
4404 0 3
4405 0 2
4406 1 0
4407 0 1
4408 47 47
4409 46 47
4410 0 47
4411 47 47
4412 0 46
4413 0 47
4414 2 0
4415 46 47
4416 0 0
4417 0 1
4418 1 0
4419 47 47
4420 47 0
4421 46 0
4422 47 0
4423 0 46
4424 46 47
4425 46 0
4426 0 0
4427 0 1
4428 0 0
4429 47 0
4430 0 1
4431 46 0
4432 47 47
4433 0 47
4434 0 0
4435 47 0
4436 0 46
4437 0 1
4438 0 0
4439 46 0
4440 0 1
4441 0 0
4442 46 47
4443 47 0
4444 0 1
4445 46 0
4446 47 47
4447 46 47
4448 47 47
4449 46 47
4450 47 47
4451 46 47
4452 2 0
4453 47 0
4454 0 0
4455 46 0
4456 47 47
4457 0 47
4458 3 0
4459 47 0
4460 2 0
4461 3 0
4462 46 0
4463 0 46
4464 0 47
4465 0 46
4466 47 0
4467 46 47
4468 0 1
4469 47 47
4470 0 47
4471 46 0
4472 0 46
4473 46 47
4474 0 0
4475 47 0
4476 0 47
4477 0 1
4478 46 0
4479 0 46
4480 2 0
4481 47 0
4482 46 0
4483 1 0
4484 2 0
4485 1 0
4486 47 0
4487 0 2
4488 46 0
4489 0 1
4490 0 47
4491 2 0
4492 47 47
4493 0 0
4494 46 47
4495 0 46
4496 47 47
4497 0 1
4498 0 0
4499 0 1
4500 0 0
4501 0 47
4502 0 1
4503 0 46
4504 46 47
4505 47 0
4506 1 0
4507 46 0
4508 0 2
4509 0 47
4510 0 46
4511 0 47
4512 0 1
4513 2 0
4514 1 0
4515 0 46
4516 47 47
4517 0 47
4518 47 0
4519 2 0
4520 0 0
4521 46 0
4522 0 46
4523 46 47
4524 0 47
4525 0 1
4526 0 0
4527 47 0
4528 3 0
4529 0 1
4530 0 46
4531 0 0
4532 2 0
4533 47 47
4534 0 1
4535 1 0
4536 46 0
4537 47 0
4538 0 2
4539 0 0
4540 0 47
4541 0 3
4542 0 2
4543 1 0
4544 46 47
4545 46 0
4546 47 47
4547 46 47
4548 0 1
4549 47 0
4550 46 0
4551 0 2
4552 0 1
4553 47 47
4554 47 0
4555 2 0
4556 1 0
4557 2 0
4558 0 0
4559 0 1
4560 46 0
4561 1 0
4562 2 0
4563 0 46
4564 0 0
4565 0 1
4566 0 47
4567 1 0
4568 2 0
4569 1 0
4570 0 2
4571 0 0
4572 46 47
4573 47 0
4574 0 1
4575 47 47
4576 0 46
4577 0 0
4578 1 0
4579 46 0
4580 47 0
4581 0 47
4582 0 46
4583 0 47
4584 46 47
4585 0 1
4586 46 0
4587 47 47
4588 0 46
4589 0 47
4590 2 0
4591 0 0
4592 47 0
4593 0 1
4594 0 46
4595 46 0
4596 0 0
4597 0 1
4598 1 0
4599 46 47
4600 47 47
4601 0 47
4602 47 0
4603 0 46
4604 46 0
4605 46 47
4606 0 47
4607 0 2
4608 0 0
4609 0 46
4610 1 0
4611 47 47
4612 0 47
4613 0 1
4614 0 2
4615 0 46
4616 47 0
4617 0 47
4618 0 46
4619 0 0
4620 1 0
4621 46 47
4622 0 0
4623 0 47
4624 0 3
4625 0 46
4626 0 47
4627 0 2
4628 47 47
4629 1 0
4630 0 1
4631 0 46
4632 0 47
4633 2 0
4634 1 0
4635 2 0
4636 0 0
4637 0 1
4638 0 46
4639 46 0
4640 46 47
4641 0 47
4642 0 0
4643 3 0
4644 0 46
4645 0 1
4646 47 0
4647 46 0
4648 47 0
4649 47 47
4650 46 47
4651 2 0
4652 0 0
4653 0 1
4654 47 47
4655 46 0
4656 0 0
4657 3 0
4658 0 1
4659 47 0
4660 0 0
4661 0 47
4662 0 46
4663 46 47
4664 0 1
4665 0 0
4666 0 1
4667 47 47
4668 0 47
4669 0 46
4670 46 0
4671 47 0
4672 46 0
4673 47 0
4674 46 0
4675 0 0
4676 46 47
4677 0 1
4678 2 0
4679 1 0
4680 0 2
4681 0 0
4682 0 47
4683 47 0
4684 47 47
4685 0 3
4686 0 1
4687 46 47
4688 0 4
4689 0 46
4690 0 0
4691 46 0
4692 47 47
4693 0 47
4694 47 0
4695 0 1
4696 0 46
4697 0 0
4698 46 47
4699 46 0
4700 47 0
4701 46 0
4702 0 47
4703 0 46
4704 47 47
4705 0 47
4706 0 1
4707 46 47
4708 47 47
4709 0 3
4710 0 4
4711 0 0
4712 46 47
4713 0 46
4714 0 47
4715 0 1
4716 47 0
4717 0 3
4718 46 0
4719 0 46
4720 0 0
4721 47 0
4722 0 47
4723 47 47
4724 0 1
4725 0 46
4726 0 47
4727 46 47
4728 0 4
4729 47 47
4730 46 0
4731 0 3
4732 47 0
4733 0 46
4734 46 47
4735 0 47
4736 0 4
4737 0 46
4738 0 0
4739 0 47
4740 47 47
4741 0 3
4742 0 2
4743 0 46
4744 46 47
4745 0 3
4746 0 47
4747 46 0
4748 0 46
4749 0 2
4750 1 0
4751 0 47
4752 47 47
4753 47 0
4754 0 0
4755 46 0
4756 47 0
4757 1 0
4758 0 1
4759 2 0
4760 0 46
4761 46 0
4762 46 47
4763 47 0
4764 46 0
4765 0 47
4766 47 0
4767 0 0
4768 3 0
4769 47 47
4770 46 0
4771 0 46
4772 0 1
4773 2 0
4774 0 47
4775 1 0
4776 46 47
4777 47 47
4778 47 0
4779 46 47
4780 0 46
4781 0 47
4782 0 2
4783 0 1
4784 0 2
4785 46 0
4786 0 0
4787 47 0
4788 47 47
4789 46 47
4790 1 0
4791 47 47
4792 46 0
4793 0 1
4794 0 2
4795 46 47
4796 47 47
4797 0 46
4798 47 0
4799 0 0
4800 0 3
4801 0 2
4802 46 0
4803 46 47
4804 0 3
4805 0 1
4806 0 47
4807 47 47
4808 46 47
4809 0 4
4810 0 0
4811 47 47
4812 0 3
4813 0 1
4814 0 46
4815 0 4
4816 0 3
4817 47 0
4818 46 0
4819 0 47
4820 0 46
4821 0 4
4822 0 3
4823 47 0
4824 0 47
4825 0 0
4826 0 2
4827 0 46
4828 0 47
4829 1 0
4830 46 47
4831 0 46
4832 47 47
4833 0 0
4834 0 3
4835 46 0
4836 0 1
4837 47 0
4838 0 47
4839 0 2
4840 0 3
4841 0 46
4842 46 47
4843 0 2
4844 47 47
4845 0 47
4846 46 0
4847 47 0
4848 46 47
4849 46 0
4850 0 3
4851 47 47
4852 47 0
4853 0 4
4854 0 46
4855 0 0
4856 46 47
4857 0 1
4858 0 3
4859 0 47
4860 0 4
4861 46 0
4862 0 3
4863 0 46
4864 0 47
4865 0 0
4866 0 1
4867 0 0
4868 0 1
4869 0 0
4870 47 47
4871 46 47
4872 0 1
4873 47 0
4874 0 4
4875 0 46
4876 0 0
4877 0 47
4878 0 3
4879 0 1
4880 0 4
4881 0 3
4882 0 0
4883 47 47
4884 0 2
4885 46 47
4886 1 0
4887 47 47
4888 0 46
4889 0 47
4890 0 1
4891 46 47
4892 0 0
4893 46 0
4894 47 47
4895 1 0
4896 0 0
4897 47 0
4898 1 0
4899 0 46
4900 2 0
4901 1 0
4902 46 47
4903 46 0
4904 47 47
4905 47 0
4906 0 47
4907 2 0
4908 1 0
4909 0 2
4910 46 0
4911 47 0
4912 0 1
4913 0 2
4914 0 46
4915 0 0
4916 0 3
4917 0 1
4918 0 47
4919 0 4
4920 0 0
4921 0 46
4922 46 47
4923 46 0
4924 0 1
4925 0 47
4926 47 0
4927 0 46
4928 0 47
4929 47 47
4930 0 0
4931 0 1
4932 0 46
4933 46 47
4934 0 47
4935 0 3
4936 46 0
4937 0 0
4938 47 47
4939 0 2
4940 0 46
4941 47 0
4942 46 47
4943 46 0
4944 47 0
4945 0 47
4946 0 46
4947 0 3
4948 0 1
4949 0 47
4950 0 0
4951 0 2
4952 0 46
4953 46 0
4954 47 0
4955 0 3
4956 0 1
4957 46 0
4958 0 0
4959 0 2
4960 47 0
4961 0 47
4962 0 46
4963 0 3
4964 46 0
4965 0 2
4966 47 47
4967 46 47
4968 47 47
4969 47 0
4970 46 0
4971 47 0
4972 0 3
4973 0 1
4974 46 47
4975 0 4
4976 0 47
4977 47 47
4978 46 0
4979 0 46
4980 46 47
4981 0 47
4982 0 46
4983 47 0
4984 0 0
4985 0 1
4986 0 3
4987 0 4
4988 0 0
4989 47 47
4990 0 1
4991 0 0
4992 0 47
4993 46 0
4994 0 3
4995 0 2
4996 1 0
4997 0 46
4998 46 47
4999 47 0
5000 0 1
5001 46 0
5002 0 47
5003 0 2
5004 0 46
5005 0 0
5006 0 47
5007 0 46
5008 47 0
5009 46 0
5010 47 0
5011 47 47
5012 46 0
5013 46 47
5014 47 47
5015 46 47
5016 0 47
5017 0 46
5018 1 0
5019 47 0
5020 46 0
5021 0 0
5022 0 47
5023 0 46
5024 47 47
5025 47 0
5026 46 0
5027 47 0
5028 0 3
5029 46 0
5030 0 47
5031 0 2
5032 47 0
5033 46 0
5034 0 3
5035 47 0
5036 46 47
5037 0 2
5038 1 0
5039 0 46
5040 46 0
5041 0 47
5042 0 1
5043 2 0
5044 47 47
5045 46 47
5046 1 0
5047 0 46
5048 2 0
5049 0 0
5050 47 0
5051 0 1
5052 0 0
5053 0 1
5054 46 0
5055 1 0
5056 0 47
5057 47 47
5058 47 0
5059 46 0
5060 2 0
5061 0 0
5062 0 46
5063 46 47
5064 0 1
5065 47 47
5066 0 0
5067 0 1
5068 46 47
5069 47 47
5070 46 47
5071 1 0
5072 0 47
5073 47 0
5074 47 47
5075 0 0
5076 46 0
5077 0 46
5078 46 47
5079 1 0
5080 0 47
5081 2 0
5082 1 0
5083 0 46
5084 47 47
5085 46 47
5086 2 0
5087 47 0
5088 46 0
5089 0 0
5090 47 0
5091 0 47
5092 3 0
5093 0 46
5094 0 47
5095 46 0
5096 0 1
5097 47 47
5098 46 47
5099 47 0
5100 46 0
5101 47 47
5102 0 0
5103 46 47
5104 0 1
5105 0 0
5106 0 1
5107 47 47
5108 47 0
5109 46 0
5110 0 46
5111 46 47
5112 47 47
5113 46 47
5114 47 47
5115 0 0
5116 47 0
5117 0 1
5118 46 0
5119 46 47
5120 47 47
5121 0 47
5122 2 0
5123 1 0
5124 0 2
5125 46 47
5126 47 47
5127 0 0
5128 0 46
5129 0 47
5130 47 0
5131 0 3
5132 0 46
5133 0 1
5134 0 0
5135 0 47
5136 46 47
5137 47 47
5138 0 1
5139 0 0
5140 0 1
5141 0 4
5142 46 0
5143 0 46
5144 0 47
5145 0 0
5146 0 46
5147 47 0
5148 46 47
5149 47 47
5150 46 0
5151 0 47
5152 0 46
5153 46 47
5154 0 3
5155 0 1
5156 0 0
5157 0 2
5158 47 0
5159 46 0
5160 47 0
5161 0 47
5162 0 3
5163 0 46
5164 0 1
5165 0 4
5166 0 47
5167 0 0
5168 47 47
5169 46 47
5170 0 3
5171 47 47
5172 46 0
5173 46 47
5174 0 2
5175 47 47
5176 0 1
5177 46 47
5178 0 0
5179 47 47
5180 47 0
5181 0 1
5182 0 0
5183 46 47
5184 47 47
5185 0 46
5186 46 0
5187 46 47
5188 1 0
5189 0 0
5190 47 0
5191 47 47
5192 0 47
5193 0 1
5194 46 47
5195 0 46
5196 0 47
5197 46 0
5198 0 2
5199 0 3
5200 0 46
5201 0 2
5202 0 3
5203 0 47
5204 47 0
5205 0 46
5206 0 2
5207 0 47
5208 1 0
5209 0 0
5210 0 3
5211 0 1
5212 0 0
5213 0 1
5214 47 47
5215 46 47
5216 46 0
5217 0 0
5218 0 2
5219 0 3
5220 47 0
5221 0 46
5222 47 47
5223 0 47
5224 0 2
5225 1 0
5226 46 47
5227 46 0
5228 0 0
5229 0 46
5230 1 0
5231 0 0
5232 47 0
5233 1 0
5234 0 1
5235 2 0
5236 1 0
5237 0 47
5238 2 0
5239 0 46
5240 46 0
5241 1 0
5242 0 2
5243 47 47
5244 0 1
5245 47 0
5246 2 0
5247 0 0
5248 3 0
5249 2 0
5250 0 1
5251 0 0
5252 3 0
5253 46 0
5254 0 1
5255 47 0
5256 46 0
5257 46 47
5258 47 47
5259 0 0
5260 47 0
5261 0 47
5262 46 47
5263 2 0
5264 3 0
5265 2 0
5266 0 1
5267 1 0
5268 0 46
5269 0 2
5270 0 47
5271 0 0
5272 0 3
5273 46 0
5274 0 2
5275 0 46
5276 0 47
5277 1 0
5278 47 0
5279 0 1
5280 0 46
5281 46 0
5282 0 2
5283 0 47
5284 0 1
5285 47 0
5286 0 0
5287 46 0
5288 47 47
5289 47 0
5290 46 47
5291 47 47
5292 46 47
5293 1 0
5294 2 0
5295 47 47
5296 0 46
5297 46 47
5298 1 0
5299 0 47
5300 0 2
5301 0 46
5302 0 1
5303 0 47
5304 46 0
5305 47 0
5306 46 0
5307 2 0
5308 0 46
5309 0 0
5310 47 47
5311 46 47
5312 47 47
5313 46 47
5314 3 0
5315 2 0
5316 0 1
5317 0 0
5318 0 47
5319 47 47
5320 3 0
5321 46 47
5322 47 0
5323 0 1
5324 47 47
5325 0 0
5326 0 1
5327 0 46
5328 0 47
5329 0 0
5330 0 46
5331 0 1
5332 2 0
5333 46 47
5334 1 0
5335 2 0
5336 47 47
5337 1 0
5338 0 2
5339 46 47
5340 46 0
5341 0 0
5342 47 47
5343 0 47
5344 0 3
5345 46 47
5346 0 2
5347 0 3
5348 0 1
5349 0 46
5350 0 0
5351 0 2
5352 0 3
5353 47 47
5354 47 0
5355 46 0
5356 46 47
5357 47 47
5358 0 1
5359 0 0
5360 0 2
5361 0 3
5362 0 2
5363 47 0
5364 46 0
5365 1 0
5366 47 0
5367 0 47
5368 0 1
5369 2 0
5370 0 0
5371 46 0
5372 3 0
5373 2 0
5374 3 0
5375 47 0
5376 0 1
5377 0 46
5378 0 47
5379 46 47
5380 47 47
5381 46 0
5382 0 46
5383 46 47
5384 2 0
5385 47 47
5386 47 0
5387 1 0
5388 46 47
5389 46 0
5390 0 2
5391 47 0
5392 0 47
5393 46 0
5394 47 47
5395 0 0
5396 0 3
5397 47 0
5398 46 0
5399 0 2
5400 1 0
5401 0 0
5402 46 47
5403 0 3
5404 47 0
5405 47 47
5406 0 46
5407 46 0
5408 0 1
5409 47 0
5410 0 4
5411 0 47
5412 0 0
5413 0 46
5414 46 47
5415 47 47
5416 46 0
5417 0 3
5418 0 1
5419 0 0
5420 0 47
5421 46 47
5422 47 47
5423 0 1
5424 0 0
5425 47 0
5426 0 2
5427 46 0
5428 46 47
5429 0 1
5430 47 0
5431 0 46
5432 46 0
5433 0 2
5434 47 47
5435 0 3
5436 0 47
5437 46 47
5438 47 0
5439 47 47
5440 46 0
5441 0 1
5442 0 4
5443 0 46
5444 0 47
5445 0 0
5446 0 3
5447 0 46
5448 0 1
5449 0 47
5450 46 47
5451 0 46
5452 47 47
5453 47 0
5454 46 0
5455 47 0
5456 46 0
5457 46 47
5458 0 0
5459 47 47
5460 0 2
5461 0 3
5462 0 2
5463 46 47
5464 0 3
5465 0 2
5466 1 0
5467 0 1
5468 0 47
5469 47 0
5470 0 46
5471 2 0
5472 0 0
5473 46 0
5474 0 47
5475 3 0
5476 47 47
5477 0 1
5478 2 0
5479 1 0
5480 0 0
5481 1 0
5482 0 0
5483 1 0
5484 47 0
5485 46 0
5486 46 47
5487 47 0
5488 47 47
5489 46 47
5490 0 46
5491 2 0
5492 46 0
5493 1 0
5494 47 47
5495 2 0
5496 0 0
5497 0 47
5498 0 1
5499 0 0
5500 47 0
5501 3 0
5502 0 46
5503 0 47
5504 0 1
5505 46 47
5506 46 0
5507 47 0
5508 2 0
5509 46 0
5510 47 0
5511 0 0
5512 46 0
5513 47 0
5514 1 0
5515 46 0
5516 0 46
5517 0 0
5518 47 0
5519 0 47
5520 0 1
5521 0 46
5522 0 0
5523 0 1
5524 0 0
5525 47 47
5526 0 1
5527 0 0
5528 0 1
5529 1 0
5530 2 0
5531 46 0
5532 0 0
5533 0 1
5534 1 0
5535 0 0
5536 1 0
5537 2 0
5538 0 47
5539 46 47
5540 47 0
5541 1 0
5542 2 0
5543 46 0
5544 47 47
5545 47 0
5546 46 0
5547 0 0
5548 0 46
5549 47 0
5550 46 0
5551 3 0
5552 46 47
5553 0 1
5554 0 47
5555 47 47
5556 46 47
5557 47 0
5558 46 0
5559 0 0
5560 0 1
5561 2 0
5562 0 0
5563 0 1
5564 47 47
5565 1 0
5566 46 47
5567 0 46
5568 0 2
5569 0 1
5570 0 47
5571 0 46
5572 2 0
5573 47 47
5574 46 47
5575 0 47
5576 0 0
5577 3 0
5578 2 0
5579 47 47
5580 0 46
5581 0 47
5582 1 0
5583 47 0
5584 0 46
5585 0 47
5586 0 0
5587 46 47
5588 1 0
5589 46 0
5590 0 0
5591 0 1
5592 0 0
5593 47 0
5594 47 47
5595 0 1
5596 0 46
5597 46 0
5598 0 47
5599 0 0
5600 3 0
5601 2 0
5602 3 0
5603 47 0
5604 2 0
5605 0 46
5606 0 47
5607 46 47
5608 46 0
5609 47 0
5610 0 1
5611 47 47
5612 46 0
5613 1 0
5614 47 0
5615 0 2
5616 46 0
5617 0 0
5618 0 46
5619 0 3
5620 0 1
5621 0 0
5622 0 2
5623 47 0
5624 46 47
5625 46 0
5626 47 0
5627 47 47
5628 0 47
5629 46 47
5630 47 47
5631 0 3
5632 0 1
5633 46 47
5634 46 0
5635 0 46
5636 0 0
5637 0 2
5638 0 3
5639 47 47
5640 0 2
5641 46 47
5642 0 3
5643 0 1
5644 47 0
5645 46 0
5646 47 0
5647 47 47
5648 0 4
5649 0 0
5650 0 47
5651 0 1
5652 46 47
5653 47 47
5654 0 46
5655 0 0
5656 0 1
5657 46 47
5658 0 47
5659 0 3
5660 0 0
5661 0 46
5662 0 1
5663 0 4
5664 0 0
5665 46 0
5666 47 0
5667 0 47
5668 0 3
5669 0 2
5670 0 3
5671 0 46
5672 0 1
5673 47 47
5674 0 4
5675 0 47
5676 46 0
5677 0 46
5678 0 47
5679 0 0
5680 0 1
5681 0 46
5682 0 0
5683 0 3
5684 0 1
5685 47 0
5686 0 47
5687 0 0
5688 0 46
5689 0 2
5690 46 0
5691 0 47
5692 0 3
5693 46 47
5694 0 2
5695 47 0
5696 1 0
5697 0 46
5698 0 1
5699 46 0
5700 0 47
5701 0 2
5702 0 0
5703 1 0
5704 0 1
5705 47 47
5706 47 0
5707 2 0
5708 0 46
5709 0 0
5710 46 0
5711 1 0
5712 47 0
5713 0 47
5714 0 46
5715 2 0
5716 1 0
5717 46 47
5718 0 47
5719 0 46
5720 2 0
5721 0 47
5722 1 0
5723 2 0
5724 47 47
5725 46 47
5726 0 46
5727 47 47
5728 1 0
5729 46 47
5730 0 47
5731 46 0
5732 47 47
5733 47 0
5734 46 0
5735 46 47
5736 0 46
5737 2 0
5738 47 0
5739 1 0
5740 46 0
5741 47 47
5742 0 47
5743 47 0
5744 0 46
5745 0 47
5746 2 0
5747 0 46
5748 46 47
5749 47 47
5750 0 1
5751 0 47
5752 0 46
5753 0 47
5754 46 47
5755 47 47
5756 1 0
5757 0 46
5758 46 0
5759 46 47
5760 47 0
5761 0 47
5762 0 2
5763 0 46
5764 47 47
5765 0 0
5766 0 47
5767 46 47
5768 0 46
5769 46 0
5770 0 3
5771 0 2
5772 47 47
5773 47 0
5774 46 0
5775 1 0
5776 0 47
5777 0 1
5778 46 47
5779 47 47
5780 0 0
5781 0 46
5782 0 47
5783 0 1
5784 47 0
5785 0 46
5786 0 2
5787 46 0
5788 46 47
5789 0 47
5790 0 46
5791 47 0
5792 0 0
5793 47 47
5794 46 0
5795 0 47
5796 46 47
5797 47 47
5798 47 0
5799 46 0
5800 46 47
5801 47 0
5802 0 3
5803 0 2
5804 0 46
5805 46 0
5806 0 3
5807 0 1
5808 47 47
5809 47 0
5810 46 47
5811 0 47
5812 0 0
5813 47 47
5814 0 46
5815 0 1
5816 0 47
5817 0 0
5818 0 2
5819 46 47
5820 1 0
5821 0 1
5822 0 46
5823 47 47
5824 46 47
5825 46 0
5826 47 47
5827 0 2
5828 47 0
5829 46 47
5830 0 47
5831 0 46
5832 46 0
5833 47 0
5834 46 0
5835 0 0
5836 47 47
5837 0 1
5838 0 47
5839 0 46
5840 46 47
5841 0 2
5842 0 3
5843 47 47
5844 0 2
5845 0 47
5846 46 47
5847 0 46
5848 47 47
5849 0 47
5850 1 0
5851 0 0
5852 0 46
5853 0 3
5854 0 1
5855 46 47
5856 47 47
5857 0 0
5858 0 47
5859 0 2
5860 46 47
5861 0 1
5862 0 46
5863 47 47
5864 47 0
5865 0 2
5866 0 1
5867 46 47
5868 0 47
5869 46 0
5870 47 0
5871 46 0
5872 0 2
5873 0 46
5874 47 0
5875 0 47
5876 46 0
5877 1 0
5878 0 46
5879 0 1
5880 47 47
5881 46 47
5882 47 0
5883 46 0
5884 47 0
5885 46 0
5886 2 0
5887 0 47
5888 47 47
5889 1 0
5890 2 0
5891 0 46
5892 0 47
5893 1 0
5894 0 2
5895 0 46
5896 47 0
5897 46 0
5898 0 1
5899 47 0
5900 2 0
5901 46 47
5902 0 47
5903 46 0
5904 0 0
5905 0 46
5906 3 0
5907 0 1
5908 47 0
5909 46 0
5910 0 47
5911 0 0
5912 0 1
5913 0 46
5914 47 0
5915 2 0
5916 0 47
5917 1 0
5918 0 2
5919 47 47
5920 0 1
5921 0 2
5922 0 1
5923 2 0
5924 1 0
5925 46 0
5926 2 0
5927 46 47
5928 1 0
5929 0 2
5930 47 47
5931 47 0
5932 0 46
5933 0 0
5934 0 3
5935 0 1
5936 46 47
5937 47 47
5938 0 4
5939 46 0
5940 46 47
5941 47 0
5942 0 47
5943 0 3
5944 47 47
5945 0 46
5946 0 0
5947 0 47
5948 0 2
5949 1 0
5950 46 0
5951 47 0
5952 0 0
5953 1 0
5954 46 47
5955 47 47
5956 46 0
5957 0 0
5958 0 3
5959 0 1
5960 0 46
5961 0 47
5962 0 46
5963 47 0
5964 0 0
5965 46 0
5966 47 0
5967 0 2
5968 46 47
5969 0 47
5970 0 1
5971 0 46
5972 0 47
5973 0 0
5974 47 47
5975 0 46
5976 46 47
5977 47 47
5978 46 47
5979 47 47
5980 46 0
5981 0 3
5982 46 47
5983 0 1
5984 0 47
5985 47 47
5986 47 0
5987 0 0
5988 46 0
5989 0 2
5990 47 0
5991 0 1
5992 0 0
5993 46 0
5994 46 47
5995 0 1
5996 0 0
5997 47 0
5998 47 47
5999 46 0
6000 1 0
6001 0 0
6002 47 0
6003 46 47
6004 47 47
6005 1 0
6006 0 0
6007 0 3
6008 46 0
6009 46 47
6010 47 47
6011 0 2
6012 0 3
6013 0 1
6014 0 0
6015 0 1
6016 47 0
6017 46 0
6018 0 0
6019 0 46
6020 0 1
6021 46 47
6022 47 47
6023 47 0
6024 0 4
6025 0 0
6026 0 3
6027 0 1
6028 46 0
6029 0 4
6030 0 3
6031 0 0
6032 0 1
6033 0 47
6034 0 4
6035 46 47
6036 0 0
6037 47 0
6038 0 46
6039 0 1
6040 0 0
6041 47 47
6042 46 47
6043 0 1
6044 46 0
6045 47 47
6046 0 0
6047 0 3
6048 0 2
6049 0 3
6050 0 47
6051 0 46
6052 0 47
6053 0 1
6054 0 46
6055 46 47
6056 47 0
6057 0 0
6058 0 1
6059 47 47
6060 0 47
6061 0 4
6062 46 0
6063 46 47
6064 0 46
6065 0 0
6066 47 0
6067 47 47
6068 0 47
6069 0 1
6070 0 0
6071 0 3
6072 46 0
6073 0 1
6074 0 46
6075 0 0
6076 0 47
6077 0 1
6078 0 4
6079 0 0
6080 47 0
6081 0 3
6082 46 47
6083 0 1
6084 46 0
6085 47 0
6086 0 4
6087 0 46
6088 0 47
6089 0 46
6090 0 3
6091 46 0
6092 0 4
6093 0 0
6094 0 47
6095 0 3
6096 47 0
6097 0 46
6098 0 1
6099 0 2
6100 47 47
6101 0 3
6102 0 47
6103 46 0
6104 0 4
6105 0 3
6106 0 46
6107 0 4
6108 0 3
6109 0 4
6110 0 47
6111 47 0
6112 0 46
6113 46 0
6114 0 0
6115 46 47
6116 0 47
6117 0 1
6118 0 0
6119 0 46
6120 0 47
6121 0 1
6122 0 0
6123 47 0
6124 47 47
6125 0 46
6126 46 0
6127 47 0
6128 0 3
6129 46 47
6130 0 47
6131 0 46
6132 46 0
6133 47 0
6134 0 2
6135 1 0
6136 0 0
6137 0 3
6138 0 2
6139 0 47
6140 46 0
6141 47 47
6142 46 47
6143 47 47
6144 0 3
6145 0 46
6146 0 1
6147 0 4
6148 0 3
6149 0 4
6150 0 3
6151 0 4
6152 46 47
6153 0 0
6154 0 1
6155 0 47
6156 0 3
6157 47 0
6158 46 0
6159 0 0
6160 0 2
6161 47 47
6162 0 1
6163 0 0
6164 47 0
6165 46 47
6166 1 0
6167 46 0
6168 47 47
6169 46 47
6170 0 0
6171 1 0
6172 0 46
6173 0 0
6174 0 3
6175 0 1
6176 0 4
6177 0 3
6178 47 47
6179 0 0
6180 0 47
6181 0 2
6182 1 0
6183 0 1
6184 0 46
6185 47 0
6186 2 0
6187 0 47
6188 1 0
6189 0 46
6190 46 47
6191 47 47
6192 2 0
6193 1 0
6194 0 2
6195 0 1
6196 2 0
6197 1 0
6198 0 2
6199 0 1
6200 0 0
6201 0 47
6202 1 0
6203 46 47
6204 46 0
6205 0 46
6206 47 47
6207 2 0
6208 1 0
6209 46 47
6210 47 47
6211 0 0
6212 47 0
6213 0 47
6214 46 47
6215 0 1
6216 0 46
6217 47 47
6218 46 0
6219 0 2
6220 46 47
6221 0 47
6222 0 46
6223 0 0
6224 47 0
6225 46 0
6226 0 47
6227 0 46
6228 0 3
6229 0 1
6230 0 4
6231 47 0
6232 0 3
6233 46 0
6234 47 47
6235 0 47
6236 46 47
6237 0 0
6238 0 2
6239 1 0
6240 47 47
6241 47 0
6242 46 47
6243 0 1
6244 2 0
6245 0 0
6246 47 47
6247 0 46
6248 46 0
6249 0 47
6250 0 1
6251 0 46
6252 0 47
6253 47 0
6254 1 0
6255 46 0
6256 0 46
6257 0 47
6258 46 47
6259 0 46
6260 2 0
6261 1 0
6262 0 47
6263 47 0
6264 0 2
6265 46 0
6266 0 0
6267 47 47
6268 46 47
6269 1 0
6270 0 1
6271 0 2
6272 0 46
6273 0 0
6274 0 47
6275 47 47
6276 0 46
6277 46 47
6278 47 0
6279 46 0
6280 0 3
6281 0 47
6282 47 47
6283 0 46
6284 46 47
6285 47 0
6286 0 47
6287 0 1
6288 46 0
6289 0 0
6290 47 0
6291 0 2
6292 46 0
6293 0 3
6294 0 1
6295 0 46
6296 47 0
6297 0 4
6298 46 0
6299 47 0
6300 46 0
6301 0 3
6302 0 0
6303 47 0
6304 47 47
6305 46 47
6306 0 47
6307 47 47
6308 0 46
6309 46 47
6310 46 0
6311 0 47
6312 47 47
6313 0 46
6314 0 47
6315 0 2
6316 46 47
6317 0 1
6318 0 46
6319 0 47
6320 0 46
6321 47 0
6322 0 2
6323 0 3
6324 46 0
6325 0 2
6326 47 47
6327 47 0
6328 46 47
6329 46 0
6330 1 0
6331 47 47
6332 0 47
6333 0 1
6334 46 47
6335 2 0
6336 0 46
6337 1 0
6338 47 0
6339 0 2
6340 0 47
6341 0 1
6342 0 46
6343 47 47
6344 0 2
6345 0 0
6346 46 47
6347 1 0
6348 46 0
6349 0 1
6350 2 0
6351 47 47
6352 47 0
6353 46 0
6354 0 47
6355 1 0
6356 2 0
6357 0 0
6358 1 0
6359 0 46
6360 47 0
6361 0 47
6362 0 0
6363 46 0
6364 47 0
6365 46 47
6366 46 0
6367 47 0
6368 0 46
6369 46 0
6370 47 47
6371 0 47
6372 47 0
6373 46 0
6374 3 0
6375 0 46
6376 47 0
6377 0 47
6378 2 0
6379 3 0
6380 46 47
6381 0 1
6382 47 47
6383 0 46
6384 0 47
6385 0 46
6386 46 47
6387 46 0
6388 0 0
6389 2 0
6390 3 0
6391 0 1
6392 47 0
6393 47 47
6394 46 47
6395 46 0
6396 47 47
6397 0 0
6398 47 0
6399 0 1
6400 46 47
6401 0 0
6402 2 0
6403 0 1
6404 46 0
6405 0 0
6406 47 47
6407 47 0
6408 3 0
6409 0 47
6410 46 0
6411 0 46
6412 47 0
6413 0 47
6414 2 0
6415 3 0
6416 0 46
6417 0 1
6418 2 0
6419 0 0
6420 46 0
6421 3 0
6422 0 1
6423 47 0
6424 0 47
6425 46 47
6426 47 47
6427 46 0
6428 2 0
6429 1 0
6430 46 47
6431 0 2
6432 47 0
6433 46 0
6434 47 47
6435 0 0
6436 47 0
6437 0 3
6438 46 47
6439 0 2
6440 1 0
6441 0 46
6442 0 1
6443 2 0
6444 46 0
6445 0 0
6446 47 0
6447 3 0
6448 0 1
6449 46 0
6450 47 0
6451 2 0
6452 47 47
6453 1 0
6454 46 47
6455 0 2
6456 47 47
6457 46 0
6458 46 47
6459 0 0
6460 0 47
6461 0 3
6462 0 46
6463 0 1
6464 0 47
6465 0 0
6466 47 47
6467 47 0
6468 46 47
6469 0 2
6470 1 0
6471 0 0
6472 0 3
6473 0 1
6474 0 4
6475 0 3
6476 0 0
6477 46 0
6478 47 0
6479 47 47
6480 46 0
6481 47 0
6482 0 2
6483 0 3
6484 0 1
6485 0 4
6486 46 47
6487 47 47
6488 46 47
6489 0 0
6490 46 0
6491 0 3
6492 0 1
6493 0 0
6494 0 46
6495 0 1
6496 0 47
6497 0 46
6498 47 0
6499 46 0
6500 0 0
6501 0 47
6502 0 1
6503 0 46
6504 0 4
6505 0 3
6506 47 47
6507 0 0
6508 0 2
6509 1 0
6510 47 0
6511 0 47
6512 0 1
6513 0 2
6514 0 46
6515 0 0
6516 0 3
6517 0 2
6518 46 47
6519 1 0
6520 0 0
6521 0 47
6522 46 0
6523 0 3
6524 47 47
6525 47 0
6526 46 47
6527 0 1
6528 0 4
6529 47 47
6530 0 3
6531 46 0
6532 0 46
6533 47 0
6534 46 0
6535 47 0
6536 0 0
6537 46 0
6538 46 47
6539 47 0
6540 47 47
6541 46 47
6542 0 47
6543 47 47
6544 0 2
6545 0 3
6546 46 47
6547 47 47
6548 0 46
6549 0 47
6550 0 46
6551 46 47
6552 0 2
6553 0 47
6554 1 0
6555 47 47
6556 46 0
6557 46 47
6558 0 0
6559 47 0
6560 0 1
6561 0 46
6562 0 47
6563 0 46
6564 0 2
6565 47 47
6566 0 1
6567 46 47
6568 0 2
6569 46 0
6570 47 47
6571 46 47
6572 47 0
6573 0 3
6574 47 47
6575 0 47
6576 0 46
6577 0 2
6578 1 0
6579 46 0
6580 0 1
6581 0 47
6582 0 46
6583 47 0
6584 0 2
6585 0 47
6586 0 46
6587 0 1
6588 46 47
6589 2 0
6590 0 0
6591 3 0
6592 2 0
6593 0 1
6594 0 0
6595 0 47
6596 0 46
6597 0 1
6598 0 0
6599 3 0
6600 46 0
6601 2 0
6602 47 0
6603 0 47
6604 0 1
6605 0 46
6606 1 0
6607 0 2
6608 0 1
6609 47 47
6610 46 0
6611 46 47
6612 2 0
6613 47 0
6614 0 0
6615 47 47
6616 3 0
6617 0 47
6618 46 47
6619 47 47
6620 2 0
6621 46 47
6622 0 1
6623 0 0
6624 3 0
6625 47 47
6626 46 47
6627 2 0
6628 46 0
6629 0 1
6630 0 46
6631 1 0
6632 47 0
6633 0 2
6634 46 0
6635 0 0
6636 47 47
6637 47 0
6638 1 0
6639 46 47
6640 47 47
6641 46 47
6642 46 0
6643 0 1
6644 47 47
6645 46 47
6646 0 2
6647 47 0
6648 0 47
6649 0 46
6650 0 47
6651 0 0
6652 1 0
6653 0 0
6654 1 0
6655 46 0
6656 0 46
6657 0 0
6658 0 3
6659 47 47
6660 0 47
6661 0 1
6662 0 46
6663 0 47
6664 0 4
6665 47 0
6666 0 3
6667 0 46
6668 0 47
6669 0 4
6670 46 47
6671 0 3
6672 46 0
6673 47 47
6674 0 0
6675 0 2
6676 0 3
6677 46 47
6678 0 1
6679 47 47
6680 0 46
6681 0 4
6682 47 0
6683 46 0
6684 0 0
6685 0 47
6686 0 1
6687 0 0
6688 0 46
6689 46 47
6690 0 47
6691 0 1
6692 47 0
6693 46 0
6694 0 0
6695 0 3
6696 0 2
6697 47 47
6698 0 3
6699 0 46
6700 0 47
6701 47 0
6702 0 1
6703 0 4
6704 46 0
6705 0 46
6706 47 0
6707 46 47
6708 0 0
6709 0 1
6710 0 47
6711 0 0
6712 0 3
6713 0 1
6714 0 46
6715 0 0
6716 47 47
6717 46 47
6718 0 47
6719 0 46
6720 0 1
6721 0 4
6722 46 0
6723 0 3
6724 47 47
6725 0 0
6726 0 2
6727 0 3
6728 0 1
6729 0 4
6730 47 0
6731 0 3
6732 0 0
6733 0 1
6734 0 47
6735 46 0
6736 46 47
6737 0 46
6738 47 0
6739 47 47
6740 46 0
6741 46 47
6742 0 0
6743 0 1
6744 0 47
6745 0 4
6746 47 47
6747 0 0
6748 0 46
6749 0 47
6750 46 47
6751 0 1
6752 0 3
6753 0 4
6754 47 0
6755 0 0
6756 0 3
6757 0 46
6758 0 1
6759 0 0
6760 0 1
6761 46 0
6762 0 4
6763 0 3
6764 0 4
6765 0 47
6766 0 3
6767 0 46
6768 47 0
6769 0 47
6770 0 46
6771 0 4
6772 0 0
6773 0 47
6774 0 1
6775 0 3
6776 0 4
6777 0 46
6778 46 0
6779 0 3
6780 47 0
6781 46 0
6782 0 4
6783 0 0
6784 0 47
6785 0 46
6786 0 1
6787 47 47
6788 0 0
6789 0 1
6790 0 0
6791 46 47
6792 47 0
6793 46 0
6794 47 47
6795 0 47
6796 47 0
6797 0 46
6798 0 47
6799 0 3
6800 46 0
6801 0 2
6802 1 0
6803 0 46
6804 0 47
6805 47 0
6806 0 46
6807 46 47
6808 46 0
6809 0 47
6810 0 0
6811 0 3
6812 47 0
6813 0 1
6814 0 46
6815 46 0
6816 47 47
6817 46 47
6818 47 47
6819 46 47
6820 0 47
6821 0 4
6822 47 47
6823 0 0
6824 0 1
6825 46 47
6826 47 0
6827 0 0
6828 0 46
6829 47 47
6830 0 1
6831 46 0
6832 47 0
6833 46 0
6834 0 47
6835 46 47
6836 0 3
6837 47 0
6838 0 0
6839 0 2
6840 47 47
6841 46 0
6842 46 47
6843 0 46
6844 0 3
6845 0 2
6846 0 47
6847 0 3
6848 47 0
6849 46 0
6850 0 46
6851 0 1
6852 0 2
6853 0 47
6854 0 3
6855 0 46
6856 47 47
6857 47 0
6858 0 4
6859 46 0
6860 46 47
6861 47 47
6862 0 47
6863 46 47
6864 0 0
6865 47 47
6866 0 3
6867 0 1
6868 0 46
6869 46 47
6870 47 0
6871 0 0
6872 0 1
6873 46 0
6874 0 2
6875 0 3
6876 47 0
6877 46 0
6878 47 47
6879 46 47
6880 47 47
6881 0 47
6882 0 46
6883 46 47
6884 47 0
6885 0 0
6886 0 47
6887 0 1
6888 0 46
6889 47 47
6890 0 4
6891 0 0
6892 0 3
6893 0 2
6894 1 0
6895 46 47
6896 0 47
6897 0 1
6898 0 46
6899 46 0
6900 47 0
6901 0 47
6902 47 47
6903 0 2
6904 46 47
6905 0 46
6906 47 47
6907 0 1
6908 0 0
6909 0 47
6910 46 0
6911 46 47
# colocadas=6912 ocupadas=5 mayor=7191
