0 16 24
1 8 0
2 7 20
3 27 18
4 6 20
5 32 17
6 30 19
7 5 45
8 42 40
9 32 16
10 21 0
11 15 2
12 40 24
13 11 34
14 16 40
15 36 7
16 26 4
17 9 17
18 0 4
19 12 28
20 43 47
21 24 7
22 19 37
23 25 7
24 8 47
25 27 1
26 4 14
27 20 21
28 23 36
29 15 30
30 46 11
31 43 3
32 3 7
33 6 31
34 42 39
35 12 27
36 21 1
37 1 27
38 23 9
39 21 0
40 41 22
41 23 8
42 25 11
43 31 29
44 28 39
45 8 19
46 7 20
47 3 16
48 31 19
49 24 1
50 5 15
51 8 21
52 30 9
53 6 15
54 45 28
55 37 39
56 25 12
57 44 3
58 40 8
59 3 17
60 26 28
61 24 36
62 30 8
63 10 17
64 21 1
65 25 4
66 10 11
67 26 4
68 43 3
69 20 20
70 6 26
71 36 39
72 40 3
73 47 41
74 28 1
75 6 20
76 10 34
77 6 27
78 27 1
79 29 29
80 28 18
81 25 4
82 20 45
83 37 12
84 18 46
85 0 5
86 26 4
87 30 9
88 8 30
89 32 38
90 47 25
91 17 24
92 38 12
93 19 47
94 30 8
95 4 44
96 29 36
97 28 23
98 11 34
99 8 29
100 9 17
101 7 19
102 21 37
103 36 14
104 4 7
105 39 39
106 36 30
107 24 43
108 20 21
109 41 24
110 47 42
111 21 0
112 31 28
113 8 30
114 5 15
115 25 11
116 8 22
117 37 30
118 25 13
119 12 28
120 6 15
121 20 8
122 0 27
123 44 3
124 23 9
125 8 19
126 22 8
127 0 1
128 29 32
129 43 21
130 26 31
131 15 7
132 33 42
133 25 4
134 45 13
135 21 38
136 46 28
137 37 39
138 43 3
139 41 38
140 1 9
141 45 15
142 28 32
143 15 29
144 32 42
145 3 7
146 8 21
147 27 18
148 36 27
149 37 4
150 36 30
151 40 24
152 36 28
153 18 26
154 39 3
155 22 7
156 36 27
157 0 9
158 12 27
159 11 42
160 21 16
161 36 6
162 0 33
163 23 36
164 25 43
165 41 8
166 5 46
167 27 5
168 7 0
169 8 22
170 27 23
171 22 8
172 26 27
173 3 16
174 37 30
175 36 28
176 28 18
177 17 46
178 20 20
179 26 28
180 36 4
181 15 30
182 0 2
183 27 6
184 27 5
185 3 19
186 30 29
187 10 10
188 47 41
189 23 47
190 3 17
191 24 47
192 8 29
193 30 9
194 32 17
195 16 24
196 22 7
197 40 22
198 46 13
199 21 45
200 44 3
201 4 19
202 28 1
203 6 30
204 46 10
205 41 22
206 28 40
207 21 37
208 30 8
209 16 7
210 30 19
211 31 19
212 8 30
213 0 32
214 37 12
215 26 27
216 41 37
217 0 4
218 3 33
219 20 21
220 3 16
221 17 24
222 15 7
223 20 20
224 29 15
225 24 11
226 25 11
227 19 38
228 16 7
229 6 31
230 29 35
231 24 7
232 20 9
233 6 36
234 36 15
235 0 1
236 3 14
237 17 40
238 0 5
239 7 47
240 6 26
241 1 9
242 29 32
243 8 29
244 16 24
245 0 9
246 20 21
247 6 30
248 47 42
249 3 19
250 41 34
251 33 44
252 47 41
253 17 24
254 8 47
255 16 24
256 4 14
257 25 7
258 36 30
259 41 38
260 22 8
261 38 12
262 40 22
263 7 19
264 10 11
265 5 15
266 44 46
267 8 21
268 5 44
269 26 13
270 21 17
271 8 38
272 42 47
273 42 40
274 8 19
275 0 33
276 11 23
277 21 38
278 19 37
279 6 31
280 27 1
281 20 8
282 31 27
283 30 9
284 28 1
285 21 37
286 16 40
287 12 42
288 40 3
289 27 1
290 39 38
291 20 45
292 18 47
293 7 19
294 13 10
295 4 44
296 13 9
297 39 39
298 26 28
299 31 38
300 10 20
301 30 8
302 20 9
303 42 39
304 45 14
305 10 17
306 24 36
307 24 7
308 1 9
309 9 17
310 6 30
311 45 15
312 33 43
313 42 40
314 45 14
315 11 24
316 10 17
317 28 15
318 8 30
319 37 12
320 8 29
321 17 40
322 15 7
323 24 43
324 43 47
325 42 39
326 31 42
327 28 32
328 31 29
329 4 19
330 45 28
331 36 14
332 46 11
333 21 1
334 21 38
335 16 40
336 3 19
337 23 47
338 30 9
339 21 16
340 21 37
341 29 32
342 21 38
343 6 15
344 39 38
345 11 23
346 47 13
347 25 7
348 41 22
349 4 19
350 37 30
351 25 1
352 29 29
353 6 27
354 18 25
355 4 33
356 28 23
357 12 28
358 10 34
359 7 38
360 28 32
361 6 31
362 21 17
363 30 8
364 46 28
365 29 32
366 42 47
367 32 16
368 15 29
369 8 38
370 26 4
371 47 42
372 20 8
373 29 36
374 26 27
375 42 34
376 40 8
377 44 47
378 41 8
379 46 25
380 7 38
381 32 29
382 26 28
383 5 45
384 8 38
385 31 43
386 24 1
387 21 0
388 24 7
389 6 21
390 29 35
391 38 12
392 6 26
393 44 46
394 45 28
395 10 21
396 17 24
397 22 7
398 30 29
399 47 25
400 19 38
401 32 17
402 31 42
403 36 30
404 3 33
405 0 4
406 24 47
407 4 7
408 25 4
409 37 4
410 9 17
411 43 3
412 36 15
413 39 3
414 40 22
415 30 9
416 29 15
417 6 27
418 25 1
419 0 9
420 5 46
421 5 44
422 20 9
423 44 3
424 4 33
425 3 17
426 20 8
427 41 22
428 37 12
429 11 24
430 23 36
431 4 44
432 28 15
433 21 45
434 30 19
435 38 12
436 20 20
437 14 2
438 3 14
439 3 33
440 31 43
441 41 34
442 21 16
443 25 12
444 10 20
445 47 41
446 17 45
447 36 14
448 0 5
449 36 39
450 44 47
451 23 47
452 32 30
453 0 32
454 33 42
455 43 3
456 11 23
457 27 23
458 16 24
459 25 11
460 46 10
461 11 24
462 1 27
463 46 25
464 11 42
465 24 1
466 15 30
467 47 42
468 37 30
469 22 8
470 0 4
471 19 37
472 41 37
473 30 8
474 32 42
475 29 15
476 39 39
477 17 46
478 33 42
479 4 14
480 31 26
481 3 16
482 11 23
483 8 22
484 26 4
485 44 3
486 5 45
487 20 9
488 31 19
489 27 6
490 6 20
491 7 47
492 4 33
493 3 44
494 25 13
495 28 23
496 8 47
497 31 42
498 42 34
499 11 34
500 12 27
501 20 21
502 5 44
503 1 9
504 32 16
505 31 27
506 37 12
507 3 19
508 31 26
509 41 24
510 21 1
511 21 8
512 16 7
513 3 7
514 26 13
515 3 33
516 10 34
517 15 7
518 6 37
519 29 36
520 46 28
521 0 33
522 25 12
523 17 45
524 3 17
525 36 7
526 32 38
527 32 17
528 42 40
529 40 8
530 0 27
531 47 41
532 45 13
533 16 7
534 40 24
535 26 32
536 27 18
537 25 11
538 6 26
539 36 27
540 7 38
541 45 14
542 30 19
543 21 17
544 17 24
545 4 7
546 43 3
547 6 21
548 19 38
549 31 38
550 36 4
551 20 20
552 44 3
553 4 19
554 5 15
555 17 46
556 25 7
557 12 42
558 31 19
559 3 7
560 31 43
561 6 27
562 38 39
563 26 27
564 41 24
565 20 21
566 40 24
567 31 27
568 0 32
569 30 19
570 45 28
571 29 35
572 4 7
573 44 46
574 21 37
575 44 21
576 24 7
577 6 15
578 21 16
579 26 28
580 3 19
581 43 21
582 11 24
583 8 0
584 10 21
585 30 9
586 17 40
587 32 31
588 11 42
589 19 9
590 5 45
591 4 33
592 19 47
593 43 47
594 36 28
595 7 47
596 36 15
597 36 38
598 13 10
599 5 15
600 20 20
601 46 28
602 31 29
603 28 32
604 6 30
605 11 23
606 28 18
607 1 27
608 25 13
609 0 9
610 10 17
611 42 39
612 36 27
613 16 24
614 31 42
615 24 11
616 0 2
617 28 1
618 37 39
619 6 36
620 36 28
621 18 46
622 32 38
623 20 47
624 6 37
625 21 38
626 15 29
627 3 16
628 25 12
629 38 12
630 3 7
631 7 0
632 6 36
633 8 0
634 45 13
635 5 44
636 33 31
637 1 9
638 23 8
639 42 40
640 30 8
641 32 16
642 11 34
643 21 37
644 8 30
645 47 42
646 15 30
647 29 36
648 15 29
649 24 36
650 20 9
651 15 7
652 25 4
653 36 14
654 29 32
655 36 27
656 45 28
657 11 24
658 36 6
659 34 42
660 21 38
661 40 22
662 42 39
663 18 26
664 25 43
665 18 25
666 25 1
667 21 0
668 24 43
669 6 31
670 0 1
671 0 27
672 9 17
673 7 20
674 47 25
675 24 47
676 1 27
677 10 17
678 7 0
679 2 44
680 20 45
681 41 24
682 36 30
683 23 9
684 27 5
685 35 38
686 40 3
687 3 17
688 8 47
689 41 8
690 7 47
691 31 19
692 7 19
693 23 47
694 12 28
695 40 8
696 26 4
697 24 1
698 33 42
699 32 31
700 46 11
701 6 37
702 46 25
703 33 31
704 35 37
705 25 7
706 8 38
707 25 13
708 28 32
709 4 19
710 24 47
711 15 30
712 10 34
713 41 34
714 29 35
715 28 15
716 12 42
717 47 25
718 24 7
719 0 27
720 5 45
721 21 45
722 25 12
723 3 33
724 8 21
725 37 12
726 4 7
727 23 36
728 11 42
729 25 43
730 25 13
731 19 37
732 23 8
733 19 9
734 23 9
735 18 26
736 27 6
737 47 12
738 36 39
739 46 10
740 18 25
741 37 39
742 41 22
743 36 39
744 3 19
745 21 37
746 44 21
747 38 12
748 32 17
749 42 47
750 4 33
751 47 11
752 15 2
753 43 21
754 43 3
755 46 9
756 41 8
757 46 13
758 28 39
759 7 38
760 39 3
761 31 38
762 30 29
763 37 12
764 26 27
765 25 1
766 8 47
767 38 12
768 18 26
769 37 4
770 29 15
771 17 24
772 40 8
773 46 25
774 1 27
775 3 33
776 36 28
777 23 47
778 8 38
779 25 4
780 20 45
781 36 4
782 6 30
783 7 47
784 6 20
785 21 45
786 43 47
787 27 5
788 27 18
789 29 36
790 40 3
791 15 29
792 21 17
793 46 10
794 9 17
795 20 21
796 47 25
797 24 1
798 4 33
799 37 30
800 17 46
801 11 23
802 44 3
803 46 9
804 30 9
805 21 38
806 26 4
807 28 18
808 25 11
809 32 31
810 22 8
811 21 1
812 36 30
813 6 31
814 24 43
815 46 10
816 42 40
817 46 28
818 26 31
819 27 1
820 11 34
821 27 6
822 33 31
823 37 4
824 6 30
825 8 29
826 12 27
827 18 25
828 36 7
829 42 34
830 20 45
831 42 47
832 29 32
833 30 19
834 30 8
835 6 21
836 6 31
837 31 43
838 16 40
839 7 20
840 31 19
841 7 19
842 13 9
843 36 15
844 3 7
845 0 9
846 28 15
847 14 2
848 7 20
849 11 24
850 32 31
851 6 36
852 33 31
853 10 10
854 28 32
855 36 4
856 3 33
857 30 9
858 10 20
859 20 9
860 46 25
861 3 44
862 18 26
863 31 42
864 17 40
865 10 17
866 25 7
867 29 35
868 25 1
869 26 13
870 31 26
871 9 17
872 25 12
873 6 15
874 26 14
875 8 47
876 24 1
877 6 30
878 41 38
879 27 18
880 8 30
881 29 32
882 36 6
883 10 34
884 21 16
885 11 34
886 25 11
887 42 39
888 16 40
889 10 11
890 40 22
891 29 15
892 19 38
893 6 31
894 28 18
895 43 47
896 30 19
897 10 10
898 6 30
899 24 9
900 28 15
901 31 43
902 5 15
903 40 24
904 41 8
905 23 8
906 24 36
907 15 30
908 17 40
909 27 18
910 29 36
911 16 24
912 4 33
913 15 2
914 20 20
915 19 37
916 36 14
917 42 40
918 31 27
919 4 19
920 3 19
921 47 25
922 26 28
923 10 11
924 47 12
925 41 24
926 21 0
927 24 10
928 44 45
929 21 37
930 0 27
931 29 35
932 8 0
933 40 24
934 46 25
935 21 38
936 7 19
937 31 29
938 1 9
939 10 34
940 6 26
941 6 27
942 37 30
943 39 3
944 0 9
945 36 27
946 28 1
947 32 38
948 21 17
949 3 14
950 7 0
951 28 18
952 32 42
953 11 23
954 17 24
955 36 7
956 21 37
957 24 7
958 27 23
959 12 42
960 8 22
961 24 9
962 27 1
963 28 23
964 16 40
965 13 10
966 27 14
967 43 3
968 18 25
969 1 9
970 32 16
971 7 38
972 19 38
973 16 7
974 20 21
975 20 8
976 41 34
977 0 5
978 47 11
979 46 9
980 35 36
981 16 24
982 37 12
983 19 37
984 25 1
985 42 38
986 20 20
987 3 16
988 22 8
989 24 47
990 40 8
991 10 17
992 47 25
993 14 2
994 28 40
995 37 39
996 23 47
997 6 20
998 0 9
999 3 17
1000 24 1
1001 26 14
1002 32 17
1003 40 3
1004 12 28
1005 6 26
1006 8 29
1007 25 7
1008 4 14
1009 11 24
1010 30 8
1011 31 26
1012 8 0
1013 27 14
1014 36 6
1015 0 2
1016 30 29
1017 27 18
1018 11 42
1019 41 38
1020 6 27
1021 36 15
1022 23 36
1023 8 19
1024 28 32
1025 8 38
1026 37 4
1027 4 44
1028 11 34
1029 3 44
1030 25 4
1031 42 39
1032 13 9
1033 8 21
1034 36 39
1035 17 24
1036 20 9
1037 46 10
1038 41 37
1039 7 38
1040 25 12
1041 7 47
1042 28 18
1043 11 23
1044 27 5
1045 39 3
1046 44 47
1047 46 9
1048 21 38
1049 45 45
1050 31 38
1051 17 40
1052 30 9
1053 28 39
1054 12 27
1055 19 47
1056 41 38
1057 7 20
1058 4 19
1059 36 14
1060 0 4
1061 46 25
1062 36 28
1063 3 14
1064 6 20
1065 23 9
1066 4 44
1067 31 27
1068 21 16
1069 4 14
1070 28 40
1071 1 9
1072 7 19
1073 32 31
1074 4 7
1075 41 24
1076 26 27
1077 32 16
1078 6 31
1079 24 47
1080 42 40
1081 0 9
1082 15 29
1083 26 32
1084 0 33
1085 38 12
1086 15 30
1087 46 11
1088 21 45
1089 36 15
1090 41 8
1091 8 22
1092 3 44
1093 36 36
1094 3 16
1095 30 8
1096 44 45
1097 15 7
1098 26 31
1099 28 1
1100 18 47
1101 10 34
1102 30 9
1103 16 40
1104 29 32
1105 3 7
1106 47 11
1107 3 19
1108 36 27
1109 6 15
1110 12 42
1111 18 26
1112 16 7
1113 28 39
1114 6 30
1115 5 44
1116 37 39
1117 8 47
1118 7 0
1119 29 36
1120 40 24
1121 17 40
1122 24 7
1123 27 18
1124 0 32
1125 17 45
1126 42 39
1127 29 35
1128 16 24
1129 6 31
1130 36 14
1131 44 3
1132 28 40
1133 31 26
1134 0 33
1135 24 36
1136 0 5
1137 33 42
1138 26 14
1139 19 38
1140 8 21
1141 29 36
1142 18 46
1143 21 37
1144 36 30
1145 15 29
1146 15 7
1147 3 14
1148 26 4
1149 0 1
1150 21 17
1151 43 47
1152 28 32
1153 12 28
1154 13 10
1155 8 22
1156 29 32
1157 26 28
1158 31 27
1159 46 11
1160 41 24
1161 8 21
1162 29 35
1163 21 16
1164 21 1
1165 31 26
1166 28 18
1167 47 9
1168 32 38
1169 32 17
1170 17 24
1171 28 32
1172 5 15
1173 15 30
1174 3 33
1175 20 45
1176 32 16
1177 18 25
1178 31 42
1179 47 10
1180 32 17
1181 21 0
1182 40 3
1183 20 8
1184 15 2
1185 6 37
1186 13 9
1187 4 33
1188 47 9
1189 25 11
1190 27 6
1191 39 3
1192 34 42
1193 36 39
1194 9 17
1195 31 38
1196 8 19
1197 37 12
1198 45 28
1199 44 47
1200 16 45
1201 29 15
1202 27 14
1203 10 10
1204 38 12
1205 16 40
1206 46 28
1207 14 2
1208 11 42
1209 16 7
1210 33 31
1211 1 27
1212 15 2
1213 11 34
1214 36 4
1215 21 17
1216 5 45
1217 8 30
1218 17 45
1219 25 43
1220 31 43
1221 41 37
1222 16 45
1223 41 22
1224 3 17
1225 8 38
1226 45 13
1227 25 4
1228 37 39
1229 4 14
1230 25 12
1231 40 24
1232 0 27
1233 7 20
1234 23 47
1235 5 44
1236 17 46
1237 18 46
1238 41 24
1239 32 31
1240 45 45
1241 17 46
1242 15 7
1243 12 42
1244 46 10
1245 6 15
1246 47 8
1247 32 38
1248 8 0
1249 7 0
1250 21 45
1251 28 39
1252 10 11
1253 16 24
1254 27 1
1255 27 23
1256 46 13
1257 8 29
1258 40 3
1259 20 21
1260 11 24
1261 36 15
1262 26 4
1263 21 1
1264 0 32
1265 5 45
1266 28 15
1267 29 36
1268 10 10
1269 24 9
1270 24 43
1271 3 33
1272 16 44
1273 47 9
1274 45 28
1275 0 33
1276 6 36
1277 37 30
1278 18 46
1279 29 32
1280 31 42
1281 28 40
1282 31 43
1283 25 1
1284 6 26
1285 18 26
1286 3 16
1287 3 14
1288 30 8
1289 40 22
1290 13 10
1291 28 1
1292 37 12
1293 38 12
1294 0 2
1295 0 32
1296 24 1
1297 6 37
1298 47 25
1299 4 7
1300 27 1
1301 14 2
1302 28 1
1303 23 9
1304 36 7
1305 44 45
1306 28 39
1307 30 9
1308 25 7
1309 36 14
1310 13 9
1311 4 19
1312 41 22
1313 37 4
1314 26 27
1315 9 19
1316 44 21
1317 46 25
1318 10 17
1319 8 0
1320 46 28
1321 6 20
1322 11 23
1323 42 40
1324 16 7
1325 40 22
1326 32 16
1327 20 45
1328 18 25
1329 32 17
1330 31 27
1331 30 8
1332 25 43
1333 6 27
1334 36 15
1335 24 9
1336 10 11
1337 3 19
1338 29 15
1339 27 18
1340 20 20
1341 36 28
1342 43 3
1343 31 19
1344 7 38
1345 18 26
1346 42 39
1347 25 11
1348 41 38
1349 0 1
1350 21 16
1351 41 22
1352 31 38
1353 35 36
1354 30 19
1355 28 15
1356 5 44
1357 40 24
1358 47 41
1359 0 2
1360 25 12
1361 17 24
1362 25 1
1363 33 31
1364 24 43
1365 15 7
1366 11 42
1367 25 4
1368 15 29
1369 26 4
1370 12 27
1371 30 9
1372 23 36
1373 10 10
1374 25 4
1375 15 2
1376 8 30
1377 36 6
1378 47 8
1379 12 28
1380 7 47
1381 26 4
1382 10 34
1383 27 1
1384 0 33
1385 25 43
1386 42 34
1387 23 8
1388 45 28
1389 24 36
1390 26 14
1391 25 11
1392 3 17
1393 45 45
1394 36 4
1395 6 30
1396 36 39
1397 11 24
1398 17 46
1399 28 18
1400 32 38
1401 21 0
1402 18 46
1403 21 17
1404 20 9
1405 8 38
1406 12 27
1407 41 37
1408 28 23
1409 18 25
1410 24 10
1411 27 18
1412 8 22
1413 6 26
1414 44 45
1415 24 7
1416 37 4
1417 27 14
1418 19 37
1419 0 32
1420 36 4
1421 37 4
1422 36 14
1423 31 19
1424 46 28
1425 0 33
1426 11 23
1427 17 46
1428 3 16
1429 36 15
1430 45 13
1431 13 10
1432 19 38
1433 29 35
1434 44 3
1435 4 33
1436 40 22
1437 32 16
1438 25 4
1439 41 24
1440 24 1
1441 43 47
1442 5 45
1443 0 32
1444 41 38
1445 37 39
1446 21 45
1447 28 18
1448 11 24
1449 28 32
1450 21 1
1451 20 8
1452 0 33
1453 33 42
1454 36 4
1455 31 38
1456 32 31
1457 33 31
1458 15 30
1459 43 3
1460 8 29
1461 44 3
1462 6 31
1463 47 9
1464 47 25
1465 32 38
1466 0 1
1467 30 8
1468 11 23
1469 31 29
1470 43 3
1471 36 27
1472 39 3
1473 8 21
1474 26 4
1475 10 11
1476 7 20
1477 28 1
1478 25 12
1479 40 24
1480 0 4
1481 41 24
1482 6 30
1483 18 26
1484 10 21
1485 20 21
1486 43 21
1487 41 37
1488 25 7
1489 6 27
1490 29 36
1491 18 25
1492 7 38
1493 32 42
1494 6 26
1495 46 11
1496 41 22
1497 6 36
1498 25 1
1499 16 24
1500 4 44
1501 6 31
1502 44 47
1503 26 32
1504 24 1
1505 3 7
1506 46 10
1507 36 7
1508 6 27
1509 11 34
1510 20 45
1511 8 47
1512 20 20
1513 29 35
1514 0 2
1515 28 40
1516 17 24
1517 18 26
1518 21 0
1519 12 42
1520 4 19
1521 47 8
1522 13 9
1523 6 20
1524 36 39
1525 16 7
1526 47 42
1527 31 44
1528 20 9
1529 3 33
1530 41 38
1531 15 29
1532 36 14
1533 0 5
1534 3 19
1535 41 37
1536 15 44
1537 19 37
1538 29 36
1539 45 45
1540 27 23
1541 4 7
1542 36 28
1543 27 5
1544 46 25
1545 25 11
1546 32 17
1547 13 10
1548 24 9
1549 6 26
1550 21 16
1551 1 27
1552 6 30
1553 9 17
1554 26 28
1555 11 42
1556 25 1
1557 37 12
1558 25 12
1559 4 33
1560 5 46
1561 24 1
1562 14 44
1563 10 10
1564 18 25
1565 8 22
1566 6 27
1567 40 22
1568 24 43
1569 26 14
1570 7 0
1571 3 33
1572 21 45
1573 36 36
1574 13 9
1575 27 1
1576 18 46
1577 25 4
1578 17 40
1579 36 15
1580 46 13
1581 29 15
1582 37 39
1583 32 31
1584 8 0
1585 27 18
1586 24 47
1587 20 21
1588 47 41
1589 19 38
1590 26 31
1591 16 40
1592 44 45
1593 29 35
1594 31 26
1595 45 13
1596 15 7
1597 36 6
1598 36 27
1599 36 28
1600 33 31
1601 21 38
1602 25 43
1603 8 21
1604 8 38
1605 47 9
1606 26 4
1607 14 2
1608 33 42
1609 4 14
1610 21 1
1611 28 15
1612 5 45
1613 7 47
1614 3 14
1615 12 28
1616 23 47
1617 25 4
1618 12 42
1619 8 19
1620 17 46
1621 6 31
1622 31 27
1623 22 8
1624 41 22
1625 0 32
1626 16 7
1627 6 26
1628 24 7
1629 17 40
1630 11 24
1631 15 44
1632 28 18
1633 3 44
1634 0 4
1635 7 19
1636 6 21
1637 27 18
1638 3 7
1639 29 15
1640 13 10
1641 40 24
1642 32 16
1643 30 19
1644 3 17
1645 28 18
1646 46 11
1647 8 22
1648 18 26
1649 27 18
1650 32 42
1651 26 4
1652 4 7
1653 41 34
1654 26 27
1655 25 11
1656 46 13
1657 32 31
1658 8 30
1659 7 38
1660 10 34
1661 21 37
1662 6 27
1663 14 44
1664 24 47
1665 11 42
1666 42 40
1667 0 5
1668 0 1
1669 13 9
1670 20 20
1671 40 8
1672 23 47
1673 0 33
1674 3 16
1675 20 8
1676 23 36
1677 29 32
1678 33 31
1679 20 9
1680 4 14
1681 44 3
1682 30 9
1683 21 38
1684 5 44
1685 47 10
1686 31 19
1687 4 33
1688 27 14
1689 16 40
1690 38 12
1691 10 11
1692 43 47
1693 6 30
1694 6 26
1695 29 36
1696 42 39
1697 19 37
1698 32 31
1699 41 38
1700 8 47
1701 1 9
1702 42 40
1703 35 36
1704 12 27
1705 44 21
1706 26 32
1707 16 24
1708 41 8
1709 6 31
1710 36 14
1711 0 27
1712 28 32
1713 10 10
1714 25 1
1715 40 22
1716 6 20
1717 24 36
1718 47 25
1719 5 15
1720 10 11
1721 6 30
1722 36 36
1723 43 21
1724 30 8
1725 1 27
1726 7 47
1727 28 15
1728 32 17
1729 12 42
1730 29 32
1731 36 7
1732 15 30
1733 44 47
1734 21 0
1735 4 19
1736 29 35
1737 3 7
1738 46 25
1739 21 1
1740 17 40
1741 28 1
1742 26 28
1743 11 42
1744 45 28
1745 36 27
1746 26 27
1747 13 10
1748 7 0
1749 10 17
1750 37 12
1751 10 10
1752 0 2
1753 37 4
1754 24 43
1755 8 19
1756 18 46
1757 0 27
1758 24 1
1759 0 4
1760 21 17
1761 28 32
1762 12 42
1763 32 16
1764 10 11
1765 0 32
1766 3 17
1767 28 39
1768 21 16
1769 8 47
1770 11 23
1771 28 23
1772 11 42
1773 8 38
1774 7 20
1775 19 38
1776 17 24
1777 8 29
1778 31 38
1779 20 45
1780 25 4
1781 45 45
1782 36 28
1783 5 45
1784 8 30
1785 43 3
1786 36 30
1787 3 16
1788 6 15
1789 27 1
1790 3 33
1791 33 42
1792 27 23
1793 30 44
1794 8 0
1795 9 17
1796 37 30
1797 21 45
1798 16 24
1799 30 9
1800 4 7
1801 15 44
1802 0 5
1803 8 29
1804 0 1
1805 10 17
1806 47 42
1807 36 15
1808 20 45
1809 6 20
1810 38 12
1811 16 40
1812 25 1
1813 21 37
1814 32 38
1815 20 8
1816 15 2
1817 24 1
1818 23 8
1819 14 2
1820 3 7
1821 31 38
1822 15 2
1823 1 27
1824 0 27
1825 40 8
1826 20 9
1827 27 6
1828 42 39
1829 24 47
1830 42 34
1831 32 42
1832 45 13
1833 4 33
1834 17 40
1835 24 10
1836 47 41
1837 11 24
1838 6 37
1839 5 44
1840 41 34
1841 21 0
1842 32 38
1843 6 27
1844 25 12
1845 17 46
1846 2 44
1847 21 45
1848 33 31
1849 10 10
1850 21 1
1851 10 11
1852 20 45
1853 46 13
1854 16 40
1855 29 36
1856 17 40
1857 44 3
1858 5 15
1859 32 17
1860 23 36
1861 29 15
1862 29 44
1863 11 34
1864 36 27
1865 30 44
1866 47 25
1867 31 26
1868 31 38
1869 20 8
1870 28 18
1871 3 14
1872 24 9
1873 29 44
1874 6 31
1875 12 28
1876 8 30
1877 6 15
1878 20 21
1879 25 43
1880 31 27
1881 21 45
1882 15 7
1883 36 6
1884 21 0
1885 20 9
1886 7 19
1887 8 19
1888 10 20
1889 0 4
1890 28 23
1891 20 20
1892 25 11
1893 5 45
1894 0 5
1895 30 29
1896 30 8
1897 30 19
1898 40 3
1899 46 25
1900 27 23
1901 15 29
1902 47 9
1903 10 10
1904 25 7
1905 28 15
1906 47 25
1907 36 4
1908 12 42
1909 39 3
1910 46 10
1911 45 13
1912 41 22
1913 0 2
1914 26 28
1915 14 2
1916 0 1
1917 13 9
1918 26 31
1919 46 13
1920 8 21
1921 29 35
1922 20 45
1923 37 4
1924 6 36
1925 1 27
1926 29 32
1927 47 8
1928 28 32
1929 30 9
1930 46 11
1931 42 40
1932 31 29
1933 42 34
1934 4 14
1935 7 0
1936 15 30
1937 26 14
1938 3 19
1939 22 8
1940 32 31
1941 28 1
1942 8 22
1943 30 29
1944 7 20
1945 36 4
1946 16 40
1947 21 45
1948 36 39
1949 32 16
1950 36 28
1951 10 34
1952 9 17
1953 27 1
1954 32 17
1955 24 43
1956 29 15
1957 8 29
1958 4 19
1959 32 16
1960 25 43
1961 25 1
1962 26 4
1963 28 1
1964 35 36
1965 46 28
1966 30 44
1967 10 21
1968 8 30
1969 29 36
1970 41 8
1971 27 5
1972 3 19
1973 5 44
1974 31 19
1975 25 12
1976 15 29
1977 36 7
1978 21 1
1979 15 2
1980 24 43
1981 6 26
1982 27 1
1983 3 14
1984 17 40
1985 42 39
1986 24 1
1987 0 4
1988 36 6
1989 37 39
1990 11 42
1991 26 32
1992 9 19
1993 17 24
1994 20 8
1995 10 20
1996 24 7
1997 12 42
1998 12 27
1999 43 47
2000 11 23
2001 27 6
2002 20 45
2003 8 0
2004 7 38
2005 25 1
2006 42 40
2007 32 17
2008 33 31
2009 23 8
2010 0 33
2011 20 21
2012 21 45
2013 45 13
2014 28 23
2015 33 42
2016 46 13
2017 7 47
2018 3 44
2019 31 29
2020 27 5
2021 12 28
2022 37 12
2023 36 7
2024 29 35
2025 18 46
2026 6 37
2027 13 10
2028 26 27
2029 44 45
2030 4 19
2031 4 14
2032 4 7
2033 10 17
2034 43 3
2035 44 46
2036 44 45
2037 19 37
2038 3 33
2039 24 1
2040 8 21
2041 16 7
2042 45 28
2043 36 14
2044 10 11
2045 21 0
2046 42 38
2047 0 27
2048 41 24
2049 4 33
2050 32 31
2051 1 27
2052 38 12
2053 3 19
2054 0 2
2055 15 30
2056 2 44
2057 22 8
2058 18 25
2059 10 21
2060 44 46
2061 8 38
2062 32 16
2063 37 12
2064 0 9
2065 41 34
2066 6 36
2067 26 28
2068 27 23
2069 32 17
2070 47 42
2071 25 7
2072 13 9
2073 26 27
2074 26 28
2075 40 8
2076 0 5
2077 41 8
2078 8 47
2079 46 10
2080 8 22
2081 13 10
2082 38 12
2083 36 27
2084 5 15
2085 40 22
2086 3 33
2087 6 30
2088 0 4
2089 25 4
2090 27 14
2091 15 7
2092 29 44
2093 23 47
2094 16 40
2095 36 39
2096 26 14
2097 4 19
2098 47 41
2099 23 9
2100 8 29
2101 13 9
2102 36 28
2103 25 11
2104 15 29
2105 44 3
2106 5 45
2107 18 26
2108 28 40
2109 37 12
2110 37 4
2111 8 30
2112 29 32
2113 16 24
2114 46 28
2115 11 24
2116 17 24
2117 24 47
2118 28 39
2119 36 6
2120 11 42
2121 36 36
2122 27 14
2123 26 14
2124 36 15
2125 8 21
2126 46 25
2127 36 4
2128 8 29
2129 7 0
2130 27 6
2131 3 14
2132 14 2
2133 20 20
2134 8 22
2135 16 24
2136 0 32
2137 13 10
2138 3 7
2139 20 21
2140 3 19
2141 28 23
2142 32 16
2143 6 20
2144 47 9
2145 36 14
2146 18 25
2147 0 1
2148 8 0
2149 31 26
2150 7 38
2151 3 44
2152 18 26
2153 32 17
2154 8 19
2155 45 28
2156 28 1
2157 33 31
2158 10 20
2159 8 38
2160 17 24
2161 6 31
2162 47 8
2163 27 18
2164 45 13
2165 17 40
2166 3 17
2167 24 36
2168 17 46
2169 0 33
2170 41 38
2171 26 31
2172 27 14
2173 16 7
2174 30 8
2175 42 38
2176 4 44
2177 18 46
2178 28 18
2179 36 27
2180 20 45
2181 8 30
2182 25 12
2183 27 5
2184 32 38
2185 10 21
2186 8 29
2187 30 29
2188 36 15
2189 22 7
2190 25 43
2191 30 44
2192 15 30
2193 19 38
2194 20 20
2195 38 12
2196 24 43
2197 31 27
2198 3 44
2199 27 6
2200 11 34
2201 12 42
2202 21 1
2203 43 3
2204 4 33
2205 7 47
2206 20 21
2207 26 27
2208 19 37
2209 25 1
2210 7 0
2211 23 36
2212 6 37
2213 7 19
2214 0 32
2215 27 23
2216 5 44
2217 26 4
2218 3 16
2219 20 20
2220 19 38
2221 22 8
2222 32 42
2223 24 7
2224 31 26
2225 24 9
2226 2 44
2227 40 3
2228 5 45
2229 36 7
2230 35 36
2231 15 2
2232 44 21
2233 8 30
2234 46 13
2235 37 12
2236 1 9
2237 28 40
2238 10 20
2239 40 24
2240 31 38
2241 18 25
2242 0 33
2243 32 16
2244 31 27
2245 33 42
2246 32 31
2247 3 33
2248 15 29
2249 0 32
2250 10 10
2251 37 4
2252 14 44
2253 11 42
2254 27 1
2255 8 0
2256 28 32
2257 37 39
2258 21 38
2259 6 21
2260 41 38
2261 0 2
2262 28 39
2263 3 17
2264 0 1
2265 32 42
2266 36 36
2267 44 45
2268 46 28
2269 19 37
2270 38 12
2271 28 40
2272 36 39
2273 14 2
2274 15 30
2275 25 11
2276 7 20
2277 21 17
2278 43 21
2279 24 1
2280 17 46
2281 15 2
2282 16 40
2283 6 30
2284 4 7
2285 36 6
2286 6 36
2287 20 9
2288 10 11
2289 14 2
2290 0 27
2291 4 14
2292 16 24
2293 5 44
2294 3 7
2295 11 23
2296 47 9
2297 21 16
2298 23 47
2299 44 47
2300 37 39
2301 6 37
2302 25 43
2303 45 13
2304 33 31
2305 6 36
2306 32 38
2307 37 12
2308 36 28
2309 28 39
2310 18 26
2311 47 25
2312 3 14
2313 21 0
2314 36 14
2315 27 5
2316 7 0
2317 40 8
2318 13 9
2319 31 38
2320 26 32
2321 43 47
2322 12 27
2323 5 21
2324 46 25
2325 46 11
2326 5 22
2327 15 2
2328 27 18
2329 44 21
2330 10 21
2331 36 30
2332 32 38
2333 15 7
2334 8 47
2335 26 31
2336 4 33
2337 3 33
2338 14 2
2339 39 3
2340 23 9
2341 44 3
2342 41 8
2343 19 38
2344 43 21
2345 17 24
2346 24 9
2347 32 31
2348 6 31
2349 28 15
2350 42 39
2351 6 27
2352 8 29
2353 8 30
2354 28 23
2355 43 3
2356 16 24
2357 8 21
2358 29 32
2359 15 44
2360 6 26
2361 10 10
2362 27 23
2363 6 15
2364 8 0
2365 31 38
2366 3 16
2367 41 22
2368 46 10
2369 16 7
2370 7 38
2371 5 45
2372 30 19
2373 45 28
2374 15 2
2375 6 37
2376 4 19
2377 25 12
2378 46 13
2379 19 37
2380 37 30
2381 6 20
2382 36 15
2383 0 2
2384 0 1
2385 14 2
2386 24 47
2387 10 11
2388 18 25
2389 35 36
2390 12 42
2391 0 9
2392 45 13
2393 5 44
2394 26 14
2395 21 1
2396 47 42
2397 15 7
2398 10 34
2399 25 4
2400 30 9
2401 9 17
2402 1 9
2403 36 14
2404 42 40
2405 28 1
2406 40 22
2407 11 24
2408 40 3
2409 26 32
2410 11 42
2411 36 36
2412 23 8
2413 26 4
2414 0 2
2415 28 32
2416 5 15
2417 27 1
2418 6 30
2419 46 28
2420 8 29
2421 0 33
2422 10 10
2423 16 7
2424 35 36
2425 6 27
2426 31 19
2427 4 33
2428 47 41
2429 10 20
2430 18 26
2431 31 26
2432 25 7
2433 21 45
2434 11 23
2435 3 44
2436 36 15
2437 36 39
2438 36 4
2439 2 44
2440 14 44
2441 21 0
2442 44 47
2443 8 22
2444 46 13
2445 21 37
2446 13 10
2447 11 34
2448 26 28
2449 28 23
2450 26 31
2451 29 44
2452 32 38
2453 4 7
2454 36 30
2455 47 8
2456 20 45
2457 10 21
2458 42 34
2459 27 6
2460 0 32
2461 29 15
2462 31 27
2463 44 21
2464 45 13
2465 31 29
2466 39 3
2467 36 14
2468 10 34
2469 25 11
2470 30 19
2471 7 0
2472 24 7
2473 42 38
2474 1 27
2475 5 45
2476 38 12
2477 31 26
2478 21 1
2479 30 8
2480 27 5
2481 27 14
2482 21 38
2483 8 38
2484 6 26
2485 25 4
2486 4 14
2487 26 4
2488 41 38
2489 44 3
2490 41 34
2491 12 28
2492 27 23
2493 25 7
2494 37 39
2495 40 8
2496 45 28
2497 30 44
2498 19 38
2499 15 2
2500 31 27
2501 14 2
2502 8 30
2503 8 29
2504 15 29
2505 15 30
2506 3 17
2507 26 14
2508 19 37
2509 40 3
2510 42 38
2511 21 45
2512 8 21
2513 0 1
2514 43 3
2515 3 19
2516 26 32
2517 46 11
2518 33 42
2519 37 4
2520 24 7
2521 28 18
2522 22 8
2523 7 38
2524 24 36
2525 28 15
2526 36 15
2527 39 3
2528 3 33
2529 23 36
2530 44 3
2531 23 47
2532 26 27
2533 17 40
2534 31 26
2535 10 17
2536 27 18
2537 0 33
2538 32 17
2539 41 22
2540 33 31
2541 8 0
2542 43 47
2543 8 38
2544 32 42
2545 44 47
2546 47 42
2547 0 27
2548 20 8
2549 47 9
2550 37 30
2551 3 14
2552 21 17
2553 4 19
2554 30 29
2555 21 37
2556 29 32
2557 15 2
2558 21 0
2559 32 31
2560 24 43
2561 1 27
2562 4 14
2563 10 20
2564 18 25
2565 12 27
2566 36 7
2567 26 28
2568 40 3
2569 41 24
2570 19 38
2571 19 37
2572 43 40
2573 3 44
2574 16 40
2575 33 42
2576 25 12
2577 8 30
2578 33 31
2579 8 29
2580 4 44
2581 28 40
2582 27 14
2583 28 18
2584 41 38
2585 39 3
2586 23 8
2587 21 38
2588 6 36
2589 6 31
2590 31 38
2591 10 11
2592 29 44
2593 46 13
2594 3 16
2595 12 42
2596 26 31
2597 6 15
2598 7 0
2599 29 36
2600 13 9
2601 20 9
2602 28 23
2603 27 18
2604 8 22
2605 42 40
2606 31 19
2607 32 42
2608 30 19
2609 0 2
2610 42 39
2611 13 10
2612 21 16
2613 8 21
2614 28 1
2615 36 39
2616 17 24
2617 20 8
2618 36 27
2619 6 27
2620 25 1
2621 17 40
2622 24 36
2623 28 18
2624 46 10
2625 45 13
2626 46 13
2627 25 4
2628 11 42
2629 26 27
2630 24 10
2631 33 42
2632 15 29
2633 43 47
2634 26 4
2635 36 14
2636 16 40
2637 23 36
2638 36 6
2639 26 14
2640 0 9
2641 36 15
2642 14 2
2643 30 44
2644 15 30
2645 43 3
2646 9 17
2647 36 30
2648 3 14
2649 10 21
2650 29 35
2651 8 0
2652 0 5
2653 12 42
2654 36 28
2655 7 47
2656 42 40
2657 3 44
2658 36 36
2659 4 44
2660 42 38
2661 28 32
2662 47 8
2663 21 1
2664 6 37
2665 19 38
2666 24 1
2667 42 34
2668 21 17
2669 11 24
2670 24 9
2671 40 22
2672 6 26
2673 31 29
2674 36 14
2675 21 0
2676 11 42
2677 21 16
2678 45 13
2679 4 14
2680 12 28
2681 44 3
2682 7 38
2683 0 27
2684 13 9
2685 6 36
2686 3 17
2687 27 6
2688 46 11
2689 37 39
2690 40 24
2691 43 21
2692 47 25
2693 41 24
2694 41 34
2695 10 20
2696 24 47
2697 31 27
2698 35 36
2699 15 2
2700 26 32
2701 6 27
2702 20 9
2703 0 1
2704 23 47
2705 41 38
2706 10 10
2707 36 4
2708 24 47
2709 25 43
2710 46 10
2711 41 8
2712 32 31
2713 5 46
2714 11 23
2715 29 44
2716 41 22
2717 40 8
2718 1 27
2719 31 26
2720 10 17
2721 29 15
2722 43 3
2723 24 43
2724 25 43
2725 20 8
2726 0 32
2727 21 17
2728 27 5
2729 8 22
2730 12 42
2731 37 30
2732 25 1
2733 36 39
2734 0 33
2735 40 22
2736 25 4
2737 21 37
2738 20 45
2739 42 34
2740 37 4
2741 14 2
2742 28 39
2743 46 25
2744 44 46
2745 36 27
2746 20 21
2747 28 15
2748 3 14
2749 36 30
2750 36 28
2751 32 16
2752 1 9
2753 3 19
2754 0 32
2755 28 40
2756 4 14
2757 10 11
2758 32 17
2759 25 11
2760 46 11
2761 3 16
2762 26 4
2763 21 16
2764 6 30
2765 8 38
2766 21 38
2767 30 29
2768 46 13
2769 30 44
2770 5 45
2771 11 34
2772 5 46
2773 5 44
2774 27 1
2775 46 10
2776 46 28
2777 11 42
2778 29 36
2779 47 41
2780 22 8
2781 27 18
2782 23 8
2783 29 32
2784 28 39
2785 33 31
2786 20 20
2787 21 37
2788 41 8
2789 5 21
2790 20 9
2791 15 7
2792 26 28
2793 32 16
2794 41 34
2795 21 38
2796 6 37
2797 36 15
2798 21 1
2799 36 7
2800 24 43
2801 18 26
2802 6 36
2803 46 11
2804 45 28
2805 25 7
2806 12 42
2807 4 19
2808 0 27
2809 42 38
2810 0 4
2811 28 32
2812 36 27
2813 23 47
2814 8 30
2815 28 40
2816 3 7
2817 30 9
2818 15 29
2819 30 8
2820 17 40
2821 46 10
2822 5 22
2823 24 36
2824 10 21
2825 4 46
2826 36 4
2827 16 7
2828 21 17
2829 36 6
2830 21 0
2831 7 20
2832 23 36
2833 40 8
2834 3 17
2835 24 1
2836 7 38
2837 28 1
2838 15 44
2839 36 28
2840 32 17
2841 37 4
2842 41 8
2843 30 9
2844 8 29
2845 29 32
2846 25 12
2847 12 27
2848 28 32
2849 6 20
2850 36 27
2851 9 17
2852 29 35
2853 27 1
2854 43 40
2855 28 18
2856 0 2
2857 29 36
2858 32 31
2859 3 16
2860 28 39
2861 29 35
2862 31 27
2863 21 1
2864 47 25
2865 10 20
2866 46 11
2867 27 14
2868 27 23
2869 7 20
2870 29 44
2871 6 20
2872 27 6
2873 22 8
2874 25 1
2875 27 5
2876 5 46
2877 25 4
2878 16 40
2879 40 8
2880 41 38
2881 14 44
2882 16 24
2883 27 6
2884 44 45
2885 4 7
2886 36 7
2887 42 40
2888 42 34
2889 10 34
2890 29 36
2891 7 0
2892 21 37
2893 18 46
2894 17 24
2895 30 44
2896 18 25
2897 27 18
2898 29 32
2899 36 14
2900 29 44
2901 8 30
2902 26 31
2903 3 17
2904 15 7
2905 32 16
2906 11 42
2907 17 46
2908 44 46
2909 21 16
2910 45 13
2911 0 9
2912 8 47
2913 6 26
2914 26 32
2915 25 11
2916 16 7
2917 6 31
2918 42 38
2919 28 40
2920 0 33
2921 28 1
2922 30 44
2923 40 3
2924 4 46
2925 15 44
2926 32 17
2927 5 46
2928 33 31
2929 44 45
2930 4 44
2931 30 8
2932 36 4
2933 44 47
2934 36 28
2935 27 5
2936 30 9
2937 4 33
2938 28 23
2939 31 29
2940 10 17
2941 5 15
2942 46 25
2943 8 38
2944 47 42
2945 11 34
2946 46 10
2947 10 21
2948 36 15
2949 32 16
2950 44 3
2951 8 21
2952 36 14
2953 29 15
2954 32 38
2955 46 28
2956 12 28
2957 0 5
2958 21 17
2959 24 36
2960 0 32
2961 18 46
2962 25 43
2963 43 40
2964 8 29
2965 6 15
2966 30 29
2967 32 42
2968 27 1
2969 39 3
2970 46 13
2971 47 41
2972 21 16
2973 41 8
2974 40 8
2975 8 30
2976 41 8
2977 1 9
2978 26 4
2979 47 9
2980 21 0
2981 36 36
2982 7 47
2983 24 47
2984 28 15
2985 20 8
2986 12 27
2987 45 13
2988 3 19
2989 23 36
2990 8 47
2991 7 38
2992 12 42
2993 21 1
2994 13 10
2995 33 42
2996 16 24
2997 24 7
2998 9 17
2999 24 1
3000 21 45
3001 3 7
3002 10 34
3003 10 10
3004 23 9
3005 41 22
3006 47 42
3007 3 33
3008 15 30
3009 26 27
3010 47 8
3011 22 7
3012 40 3
3013 10 17
3014 36 27
3015 44 21
3016 43 21
3017 28 39
3018 4 19
3019 17 46
3020 28 32
3021 1 27
3022 11 24
3023 17 40
3024 26 14
3025 44 21
3026 4 33
3027 43 47
3028 37 12
3029 6 30
3030 29 15
3031 8 0
3032 6 37
3033 25 7
3034 15 7
3035 10 20
3036 15 29
3037 5 21
3038 26 31
3039 8 22
3040 32 31
3041 20 21
3042 36 15
3043 7 47
3044 15 2
3045 37 4
3046 46 11
3047 25 4
3048 26 32
3049 10 21
3050 13 9
3051 31 26
3052 7 0
3053 40 8
3054 26 28
3055 29 35
3056 47 25
3057 5 45
3058 18 26
3059 3 16
3060 44 47
3061 8 0
3062 22 8
3063 42 40
3064 47 9
3065 5 22
3066 47 41
3067 12 28
3068 14 44
3069 28 18
3070 0 4
3071 30 8
3072 17 24
3073 26 27
3074 14 2
3075 5 15
3076 24 7
3077 0 1
3078 24 43
3079 4 7
3080 0 2
3081 8 29
3082 20 45
3083 3 7
3084 15 44
3085 23 47
3086 21 45
3087 3 19
3088 21 38
3089 0 1
3090 22 7
3091 15 30
3092 33 31
3093 18 46
3094 10 20
3095 32 42
3096 27 14
3097 20 45
3098 46 25
3099 36 28
3100 29 44
3101 40 24
3102 16 40
3103 31 27
3104 22 8
3105 21 45
3106 9 17
3107 15 2
3108 38 12
3109 41 8
3110 8 38
3111 41 34
3112 25 12
3113 29 32
3114 8 30
3115 24 47
3116 26 14
3117 7 0
3118 37 39
3119 20 20
3120 31 26
3121 36 4
3122 26 31
3123 32 31
3124 10 21
3125 37 30
3126 31 38
3127 15 29
3128 22 7
3129 47 10
3130 11 23
3131 39 3
3132 3 44
3133 25 1
3134 40 8
3135 30 44
3136 36 39
3137 20 9
3138 14 2
3139 8 0
3140 4 19
3141 36 27
3142 3 33
3143 28 1
3144 6 31
3145 28 32
3146 25 7
3147 36 14
3148 45 28
3149 43 47
3150 44 46
3151 8 29
3152 23 8
3153 29 32
3154 21 0
3155 44 45
3156 25 11
3157 21 37
3158 26 4
3159 4 44
3160 20 21
3161 3 14
3162 8 21
3163 21 17
3164 24 7
3165 10 20
3166 8 22
3167 8 21
3168 37 12
3169 32 38
3170 12 27
3171 24 1
3172 6 36
3173 40 22
3174 12 28
3175 41 24
3176 40 24
3177 20 45
3178 0 9
3179 3 19
3180 31 27
3181 25 43
3182 40 3
3183 32 17
3184 21 16
3185 20 8
3186 29 36
3187 44 47
3188 5 21
3189 27 6
3190 41 24
3191 27 5
3192 3 17
3193 43 3
3194 16 7
3195 4 19
3196 27 14
3197 43 21
3198 43 40
3199 27 18
3200 0 27
3201 26 32
3202 25 12
3203 44 3
3204 36 6
3205 10 17
3206 8 22
3207 29 44
3208 4 7
3209 20 9
3210 28 40
3211 33 31
3212 25 1
3213 47 42
3214 11 42
3215 47 25
3216 15 30
3217 25 7
3218 28 15
3219 23 47
3220 25 11
3221 7 38
3222 30 9
3223 3 44
3224 31 19
3225 24 36
3226 41 38
3227 38 12
3228 3 7
3229 11 34
3230 27 6
3231 29 15
3232 0 2
3233 25 12
3234 4 7
3235 28 39
3236 26 31
3237 9 17
3238 4 33
3239 47 41
3240 47 42
3241 23 9
3242 5 44
3243 41 22
3244 14 44
3245 31 29
3246 3 33
3247 27 5
3248 40 24
3249 15 7
3250 47 9
3251 26 28
3252 10 21
3253 26 32
3254 36 28
3255 4 14
3256 37 12
3257 28 32
3258 33 42
3259 1 9
3260 12 42
3261 3 7
3262 32 16
3263 26 27
3264 15 29
3265 36 30
3266 21 1
3267 43 47
3268 11 24
3269 30 44
3270 6 37
3271 25 11
3272 24 7
3273 6 36
3274 6 37
3275 36 27
3276 26 31
3277 1 27
3278 42 34
3279 21 0
3280 8 21
3281 21 38
3282 23 8
3283 17 46
3284 32 42
3285 12 27
3286 0 1
3287 36 28
3288 15 2
3289 38 12
3290 37 39
3291 13 10
3292 24 43
3293 28 18
3294 17 40
3295 27 6
3296 26 14
3297 46 10
3298 0 27
3299 23 9
3300 25 43
3301 21 45
3302 41 8
3303 22 8
3304 25 7
3305 6 15
3306 35 36
3307 20 20
3308 18 25
3309 5 45
3310 13 9
3311 40 22
3312 12 28
3313 7 0
3314 6 30
3315 16 40
3316 0 2
3317 14 2
3318 13 10
3319 47 41
3320 0 9
3321 10 17
3322 18 46
3323 41 34
3324 0 33
3325 9 17
3326 11 23
3327 3 14
3328 8 22
3329 37 30
3330 1 27
3331 6 27
3332 15 44
3333 32 31
3334 44 46
3335 17 40
3336 47 42
3337 21 17
3338 33 31
3339 4 44
3340 20 45
3341 30 8
3342 36 39
3343 37 12
3344 17 46
3345 44 45
3346 6 26
3347 46 13
3348 44 47
3349 24 47
3350 15 2
3351 36 27
3352 0 1
3353 16 24
3354 21 8
3355 4 33
3356 1 9
3357 3 19
3358 22 8
3359 3 44
3360 7 20
3361 46 25
3362 39 3
3363 5 15
3364 27 1
3365 6 36
3366 30 9
3367 10 17
3368 8 21
3369 25 12
3370 46 28
3371 43 3
3372 6 20
3373 32 17
3374 5 44
3375 42 34
3376 41 22
3377 36 36
3378 30 29
3379 45 28
3380 8 30
3381 26 28
3382 42 38
3383 28 40
3384 40 3
3385 31 26
3386 20 21
3387 27 23
3388 44 21
3389 25 4
3390 42 40
3391 14 44
3392 29 35
3393 8 47
3394 24 7
3395 29 44
3396 6 27
3397 8 38
3398 8 0
3399 6 26
3400 21 16
3401 39 3
3402 43 40
3403 40 8
3404 41 34
3405 43 47
3406 32 31
3407 38 12
3408 25 7
3409 24 43
3410 17 24
3411 32 16
3412 0 27
3413 27 18
3414 10 34
3415 24 1
3416 11 34
3417 24 9
3418 8 29
3419 44 46
3420 0 9
3421 0 2
3422 12 27
3423 10 34
3424 31 27
3425 7 38
3426 14 2
3427 37 39
3428 29 32
3429 21 45
3430 42 34
3431 2 44
3432 46 28
3433 28 15
3434 6 15
3435 4 14
3436 10 11
3437 28 23
3438 35 36
3439 28 39
3440 27 14
3441 15 2
3442 1 9
3443 0 32
3444 42 47
3445 28 40
3446 46 11
3447 47 10
3448 3 33
3449 37 12
3450 15 30
3451 25 1
3452 31 26
3453 47 25
3454 41 8
3455 46 25
3456 23 9
3457 36 36
3458 4 33
3459 41 38
3460 41 34
3461 0 5
3462 7 0
3463 26 14
3464 3 33
3465 11 34
3466 36 28
3467 10 10
3468 11 42
3469 8 30
3470 28 18
3471 19 37
3472 30 44
3473 20 45
3474 28 1
3475 8 29
3476 4 19
3477 3 44
3478 15 29
3479 42 40
3480 40 3
3481 12 42
3482 14 2
3483 26 32
3484 8 38
3485 42 38
3486 39 3
3487 9 17
3488 23 36
3489 0 4
3490 31 27
3491 21 37
3492 4 7
3493 15 44
3494 36 30
3495 21 1
3496 6 31
3497 40 8
3498 3 19
3499 41 24
3500 27 1
3501 40 3
3502 5 45
3503 0 9
3504 6 27
3505 27 5
3506 15 2
3507 36 15
3508 27 18
3509 6 30
3510 24 36
3511 32 17
3512 14 2
3513 3 7
3514 4 33
3515 1 27
3516 21 8
3517 21 45
3518 24 1
3519 47 25
3520 25 1
3521 32 16
3522 29 36
3523 29 44
3524 27 6
3525 4 44
3526 0 33
3527 0 32
3528 30 19
3529 8 22
3530 3 16
3531 23 8
3532 41 8
3533 28 18
3534 40 8
3535 44 3
3536 8 0
3537 40 22
3538 37 4
3539 29 35
3540 20 20
3541 24 1
3542 20 21
3543 10 34
3544 3 14
3545 31 19
3546 3 44
3547 41 8
3548 8 30
3549 10 20
3550 4 44
3551 27 14
3552 28 1
3553 13 9
3554 16 40
3555 31 26
3556 43 40
3557 26 27
3558 31 38
3559 21 38
3560 7 47
3561 3 33
3562 5 15
3563 29 36
3564 43 21
3565 41 22
3566 26 28
3567 30 8
3568 25 11
3569 11 24
3570 44 47
3571 24 7
3572 25 1
3573 15 30
3574 4 14
3575 33 42
3576 18 26
3577 4 7
3578 38 12
3579 24 1
3580 26 31
3581 25 43
3582 14 44
3583 26 27
3584 36 4
3585 33 31
3586 3 14
3587 29 35
3588 31 29
3589 23 9
3590 29 36
3591 23 36
3592 30 19
3593 0 1
3594 31 27
3595 21 0
3596 5 22
3597 23 8
3598 10 17
3599 44 46
3600 29 15
3601 32 31
3602 30 9
3603 10 11
3604 32 17
3605 25 7
3606 11 23
3607 27 1
3608 10 10
3609 6 31
3610 37 30
3611 0 27
3612 6 26
3613 15 29
3614 15 2
3615 19 38
3616 27 23
3617 6 37
3618 32 42
3619 24 7
3620 36 7
3621 44 47
3622 7 38
3623 0 2
3624 27 5
3625 21 1
3626 11 42
3627 37 4
3628 20 20
3629 26 4
3630 25 1
3631 0 33
3632 33 31
3633 30 44
3634 27 18
3635 30 29
3636 3 17
3637 17 40
3638 39 3
3639 8 21
3640 28 1
3641 6 27
3642 4 14
3643 1 9
3644 36 14
3645 15 44
3646 26 14
3647 24 36
3648 6 26
3649 46 25
3650 27 1
3651 47 41
3652 31 19
3653 14 44
3654 16 24
3655 29 44
3656 6 27
3657 45 11
3658 8 22
3659 16 7
3660 27 6
3661 16 40
3662 8 29
3663 44 46
3664 28 23
3665 11 24
3666 20 45
3667 8 38
3668 12 42
3669 11 42
3670 8 21
3671 21 0
3672 25 12
3673 14 2
3674 9 17
3675 8 22
3676 26 32
3677 6 15
3678 21 45
3679 30 19
3680 32 38
3681 3 44
3682 3 7
3683 31 29
3684 30 29
3685 26 31
3686 28 18
3687 29 35
3688 7 38
3689 47 42
3690 45 13
3691 13 10
3692 26 32
3693 4 44
3694 28 39
3695 40 8
3696 29 36
3697 30 44
3698 0 9
3699 4 7
3700 3 44
3701 28 40
3702 36 4
3703 44 47
3704 3 16
3705 28 1
3706 45 28
3707 40 3
3708 3 14
3709 1 27
3710 1 9
3711 8 38
3712 6 26
3713 27 18
3714 0 9
3715 39 3
3716 28 18
3717 1 9
3718 23 36
3719 41 47
3720 46 11
3721 30 8
3722 15 7
3723 36 27
3724 31 38
3725 46 28
3726 25 4
3727 30 9
3728 36 28
3729 8 30
3730 43 3
3731 7 0
3732 19 37
3733 15 44
3734 7 38
3735 8 0
3736 23 9
3737 5 21
3738 36 39
3739 17 24
3740 10 11
3741 26 4
3742 13 9
3743 42 34
3744 41 8
3745 19 38
3746 10 21
3747 15 2
3748 43 47
3749 26 28
3750 28 32
3751 36 27
3752 0 5
3753 31 19
3754 6 36
3755 18 25
3756 0 9
3757 12 42
3758 21 1
3759 0 32
3760 21 17
3761 28 39
3762 20 45
3763 42 40
3764 41 46
3765 0 1
3766 33 42
3767 23 8
3768 4 44
3769 11 34
3770 0 4
3771 41 47
3772 6 27
3773 8 38
3774 32 38
3775 24 43
3776 37 4
3777 45 28
3778 3 7
3779 21 37
3780 18 46
3781 18 26
3782 44 47
3783 28 15
3784 10 20
3785 0 2
3786 8 47
3787 7 38
3788 41 34
3789 13 10
3790 36 6
3791 31 29
3792 20 21
3793 7 47
3794 14 2
3795 43 40
3796 29 44
3797 19 9
3798 6 26
3799 37 39
3800 43 47
3801 7 20
3802 29 15
3803 25 43
3804 21 16
3805 36 30
3806 29 32
3807 23 47
3808 36 4
3809 44 21
3810 30 44
3811 26 27
3812 15 30
3813 0 33
3814 27 5
3815 40 24
3816 10 17
3817 8 29
3818 36 15
3819 40 22
3820 18 25
3821 20 8
3822 29 35
3823 8 21
3824 8 38
3825 30 29
3826 16 24
3827 27 6
3828 41 24
3829 44 47
3830 46 13
3831 24 1
3832 24 43
3833 36 14
3834 25 7
3835 15 29
3836 27 18
3837 30 19
3838 21 0
3839 37 30
3840 15 2
3841 20 20
3842 29 36
3843 45 11
3844 25 1
3845 36 15
3846 42 40
3847 28 40
3848 31 29
3849 25 43
3850 26 31
3851 26 32
3852 32 31
3853 0 27
3854 7 0
3855 41 46
3856 24 36
3857 42 34
3858 33 31
3859 43 47
3860 0 5
3861 35 36
3862 25 4
3863 8 30
3864 29 35
3865 15 30
3866 19 10
3867 45 13
3868 3 17
3869 47 25
3870 13 9
3871 10 34
3872 46 11
3873 11 42
3874 6 20
3875 46 25
3876 16 7
3877 24 7
3878 27 5
3879 32 16
3880 30 8
3881 37 4
3882 30 29
3883 19 9
3884 36 14
3885 18 26
3886 4 14
3887 3 16
3888 21 1
3889 14 44
3890 36 36
3891 6 37
3892 41 47
3893 30 9
3894 31 38
3895 29 36
3896 31 29
3897 30 29
3898 26 4
3899 41 34
3900 40 24
3901 8 29
3902 5 22
3903 21 0
3904 15 7
3905 36 15
3906 26 31
3907 1 27
3908 8 0
3909 32 17
3910 36 7
3911 31 19
3912 5 46
3913 36 4
3914 25 7
3915 5 44
3916 47 25
3917 0 27
3918 21 38
3919 41 22
3920 41 46
3921 12 28
3922 31 26
3923 21 45
3924 47 41
3925 4 33
3926 13 10
3927 8 30
3928 24 47
3929 36 39
3930 41 24
3931 1 27
3932 5 21
3933 20 21
3934 36 30
3935 24 43
3936 24 7
3937 36 14
3938 41 47
3939 5 15
3940 36 28
3941 27 23
3942 31 27
3943 8 29
3944 28 23
3945 46 28
3946 7 20
3947 40 3
3948 10 10
3949 0 32
3950 31 29
3951 21 17
3952 17 40
3953 28 32
3954 37 4
3955 36 6
3956 9 17
3957 17 46
3958 36 15
3959 44 47
3960 40 24
3961 36 4
3962 15 29
3963 8 30
3964 32 31
3965 45 28
3966 4 19
3967 20 20
3968 18 46
3969 30 8
3970 0 4
3971 27 1
3972 16 7
3973 30 9
3974 29 35
3975 20 21
3976 26 32
3977 36 7
3978 37 39
3979 20 20
3980 7 38
3981 11 23
3982 10 21
3983 21 37
3984 25 4
3985 32 42
3986 12 27
3987 13 9
3988 24 1
3989 46 28
3990 31 26
3991 20 21
3992 0 1
3993 8 22
3994 37 4
3995 10 11
3996 6 15
3997 17 46
3998 16 40
3999 27 23
4000 11 24
4001 3 17
4002 26 28
4003 36 27
4004 3 14
4005 31 27
4006 26 4
4007 13 10
4008 15 44
4009 6 20
4010 12 42
4011 23 47
4012 41 38
4013 11 34
4014 7 20
4015 23 9
4016 12 28
4017 25 4
4018 0 27
4019 29 36
4020 36 6
4021 8 21
4022 4 7
4023 28 23
4024 20 45
4025 4 46
4026 29 32
4027 30 8
4028 3 16
4029 31 26
4030 26 4
4031 11 23
4032 21 1
4033 36 39
4034 27 23
4035 23 8
4036 30 9
4037 33 31
4038 42 39
4039 28 39
4040 46 13
4041 15 30
4042 25 4
4043 30 19
4044 30 8
4045 6 20
4046 36 7
4047 5 22
4048 14 44
4049 28 18
4050 29 35
4051 15 29
4052 7 20
4053 1 27
4054 31 19
4055 42 40
4056 28 15
4057 37 12
4058 30 9
4059 28 40
4060 26 27
4061 26 31
4062 46 25
4063 44 3
4064 10 34
4065 43 47
4066 27 18
4067 6 20
4068 25 43
4069 12 27
4070 20 20
4071 38 12
4072 20 21
4073 8 22
4074 19 10
4075 43 3
4076 21 16
4077 47 42
4078 36 28
4079 32 38
4080 36 6
4081 30 19
4082 8 47
4083 25 7
4084 0 33
4085 45 13
4086 7 47
4087 35 36
4088 29 36
4089 47 41
4090 0 32
4091 11 42
4092 3 33
4093 18 25
4094 4 14
4095 36 4
4096 14 2
4097 11 24
4098 24 7
4099 33 42
4100 8 38
4101 1 9
4102 5 21
4103 42 38
4104 17 40
4105 15 2
4106 8 29
4107 47 25
4108 7 20
4109 32 16
4110 15 7
4111 6 30
4112 37 39
4113 47 42
4114 37 4
4115 40 22
4116 10 17
4117 3 19
4118 23 36
4119 29 35
4120 44 47
4121 8 30
4122 32 17
4123 40 8
4124 21 38
4125 36 4
4126 36 7
4127 37 12
4128 4 33
4129 36 14
4130 30 8
4131 5 22
4132 21 0
4133 42 34
4134 6 27
4135 43 21
4136 41 8
4137 36 27
4138 31 38
4139 31 27
4140 29 44
4141 41 46
4142 17 24
4143 6 26
4144 23 9
4145 10 10
4146 25 11
4147 28 39
4148 21 37
4149 36 28
4150 28 1
4151 3 33
4152 18 26
4153 27 14
4154 24 43
4155 41 47
4156 21 45
4157 0 5
4158 12 28
4159 20 9
4160 26 32
4161 14 2
4162 15 44
4163 25 43
4164 20 45
4165 29 15
4166 16 24
4167 36 15
4168 27 6
4169 8 47
4170 27 1
4171 7 38
4172 16 7
4173 32 31
4174 41 34
4175 28 18
4176 36 14
4177 26 4
4178 5 21
4179 5 45
4180 4 33
4181 31 26
4182 44 21
4183 8 38
4184 39 3
4185 3 14
4186 26 14
4187 15 2
4188 14 44
4189 21 1
4190 16 40
4191 3 33
4192 3 7
4193 32 42
4194 0 27
4195 36 15
4196 4 33
4197 33 42
4198 25 1
4199 41 24
4200 29 36
4201 4 7
4202 32 38
4203 19 37
4204 28 1
4205 11 23
4206 21 45
4207 28 32
4208 19 11
4209 36 36
4210 24 43
4211 46 25
4212 40 24
4213 7 0
4214 43 21
4215 21 17
4216 43 47
4217 45 11
4218 4 19
4219 21 0
4220 6 36
4221 32 42
4222 24 1
4223 46 10
4224 44 47
4225 12 42
4226 5 44
4227 7 47
4228 44 21
4229 27 18
4230 10 20
4231 25 7
4232 41 24
4233 46 13
4234 19 12
4235 47 25
4236 6 31
4237 31 19
4238 11 42
4239 24 7
4240 40 24
4241 27 14
4242 44 3
4243 28 40
4244 26 28
4245 7 38
4246 15 7
4247 6 20
4248 47 10
4249 40 3
4250 21 16
4251 4 14
4252 29 32
4253 26 14
4254 1 27
4255 33 42
4256 23 8
4257 11 34
4258 39 3
4259 17 24
4260 28 23
4261 18 25
4262 8 21
4263 25 43
4264 43 47
4265 31 38
4266 13 9
4267 25 4
4268 30 29
4269 27 14
4270 28 18
4271 5 22
4272 45 28
4273 5 45
4274 12 27
4275 16 24
4276 36 6
4277 6 30
4278 17 40
4279 10 21
4280 41 38
4281 21 17
4282 15 30
4283 45 13
4284 21 1
4285 37 30
4286 8 22
4287 28 32
4288 41 24
4289 3 19
4290 17 24
4291 24 47
4292 10 20
4293 12 42
4294 36 27
4295 38 12
4296 36 14
4297 40 24
4298 23 47
4299 24 36
4300 33 31
4301 14 2
4302 16 24
4303 6 37
4304 41 24
4305 25 12
4306 27 5
4307 20 12
4308 0 27
4309 25 7
4310 1 27
4311 31 29
4312 0 2
4313 4 19
4314 27 18
4315 0 1
4316 42 39
4317 0 9
4318 20 8
4319 46 10
4320 10 34
4321 11 24
4322 25 1
4323 27 23
4324 11 42
4325 15 44
4326 20 9
4327 11 23
4328 21 38
4329 27 1
4330 29 35
4331 10 11
4332 14 44
4333 9 17
4334 12 42
4335 23 36
4336 43 21
4337 47 10
4338 12 28
4339 24 7
4340 15 44
4341 3 19
4342 40 8
4343 46 10
4344 20 20
4345 27 6
4346 30 9
4347 41 8
4348 1 9
4349 31 27
4350 47 41
4351 41 46
4352 37 4
4353 20 8
4354 0 27
4355 6 27
4356 3 14
4357 5 21
4358 19 38
4359 29 36
4360 5 15
4361 16 7
4362 41 22
4363 32 42
4364 8 47
4365 36 30
4366 37 30
4367 4 47
4368 36 30
4369 6 31
4370 14 44
4371 15 29
4372 15 2
4373 28 1
4374 3 17
4375 8 0
4376 27 5
4377 30 44
4378 18 26
4379 42 34
4380 25 11
4381 29 32
4382 40 3
4383 36 4
4384 41 47
4385 40 24
4386 8 29
4387 46 25
4388 13 10
4389 8 38
4390 32 38
4391 20 9
4392 11 34
4393 40 22
4394 44 11
4395 43 3
4396 18 46
4397 6 30
4398 41 34
4399 31 26
4400 35 36
4401 3 33
4402 37 30
4403 0 33
4404 7 47
4405 6 15
4406 12 27
4407 42 34
4408 21 37
4409 3 7
4410 28 18
4411 37 4
4412 46 13
4413 26 27
4414 47 42
4415 29 35
4416 41 24
4417 27 1
4418 27 18
4419 5 22
4420 24 43
4421 6 26
4422 14 2
4423 44 21
4424 4 14
4425 26 28
4426 10 34
4427 7 20
4428 1 27
4429 41 34
4430 26 27
4431 6 20
4432 0 32
4433 4 33
4434 47 41
4435 19 37
4436 10 17
4437 10 21
4438 0 33
4439 44 47
4440 40 8
4441 8 47
4442 30 8
4443 7 0
4444 7 47
4445 3 33
4446 17 46
4447 15 7
4448 8 47
4449 41 8
4450 15 2
4451 0 2
4452 8 30
4453 21 0
4454 20 13
4455 20 12
4456 0 4
4457 36 36
4458 46 11
4459 18 25
4460 16 7
4461 47 42
4462 24 36
4463 4 7
4464 15 44
4465 4 33
4466 7 47
4467 0 5
4468 17 24
4469 5 15
4470 28 32
4471 46 28
4472 26 31
4473 23 9
4474 42 34
4475 25 7
4476 8 29
4477 16 24
4478 0 27
4479 24 1
4480 10 20
4481 31 27
4482 8 0
4483 3 47
4484 26 28
4485 24 7
4486 24 47
4487 26 4
4488 8 47
4489 27 6
4490 5 21
4491 7 47
4492 36 15
4493 0 32
4494 18 46
4495 15 30
4496 44 3
4497 14 2
4498 29 44
4499 5 44
4500 43 21
4501 29 36
4502 7 38
4503 43 3
4504 21 1
4505 32 16
4506 41 37
4507 20 45
4508 12 28
4509 14 44
4510 29 32
4511 29 35
4512 44 21
4513 31 38
4514 46 10
4515 36 7
4516 0 9
4517 36 39
4518 20 13
4519 8 30
4520 21 0
4521 0 4
4522 36 14
4523 47 41
4524 43 11
4525 40 8
4526 13 9
4527 32 31
4528 32 38
4529 33 42
4530 26 14
4531 9 17
4532 8 21
4533 7 20
4534 27 5
4535 6 27
4536 12 27
4537 6 26
4538 8 22
4539 8 29
4540 43 47
4541 8 38
4542 21 45
4543 23 36
4544 45 13
4545 31 38
4546 30 29
4547 20 12
4548 43 21
4549 41 8
4550 5 45
4551 10 17
4552 32 38
4553 10 10
4554 10 21
4555 31 26
4556 41 22
4557 35 36
4558 25 7
4559 11 34
4560 45 28
4561 28 18
4562 28 15
4563 20 13
4564 4 47
4565 28 32
4566 6 20
4567 20 12
4568 26 32
4569 47 25
4570 24 36
4571 26 27
4572 13 10
4573 5 22
4574 10 20
4575 11 42
4576 25 1
4577 6 27
4578 3 47
4579 47 42
4580 0 5
4581 46 13
4582 4 19
4583 32 42
4584 3 16
4585 0 4
4586 28 1
4587 6 15
4588 0 33
4589 19 38
4590 23 36
4591 6 26
4592 10 21
4593 17 46
4594 41 46
4595 20 21
4596 36 36
4597 42 11
4598 8 21
4599 25 4
4600 7 38
4601 47 41
4602 45 13
4603 46 13
4604 24 36
4605 18 26
4606 39 3
4607 8 30
4608 27 14
4609 23 36
4610 18 25
4611 3 7
4612 41 34
4613 10 34
4614 20 20
4615 21 1
4616 40 3
4617 42 40
4618 35 36
4619 3 17
4620 27 1
4621 8 47
4622 28 39
4623 20 21
4624 3 14
4625 29 32
4626 10 11
4627 18 26
4628 16 40
4629 4 14
4630 3 33
4631 11 24
4632 26 28
4633 31 27
4634 0 5
4635 30 9
4636 15 29
4637 0 32
4638 31 26
4639 42 34
4640 41 34
4641 26 4
4642 15 7
4643 24 1
4644 30 19
4645 27 6
4646 29 36
4647 17 24
4648 21 0
4649 44 21
4650 1 27
4651 5 15
4652 28 23
4653 33 31
4654 31 27
4655 20 13
4656 5 44
4657 13 9
4658 28 1
4659 3 14
4660 6 15
4661 15 2
4662 10 20
4663 14 2
4664 46 11
4665 16 7
4666 18 46
4667 13 10
4668 42 10
4669 20 8
4670 27 1
4671 27 5
4672 11 34
4673 15 2
4674 17 40
4675 26 14
4676 31 26
4677 26 31
4678 28 32
4679 15 44
4680 36 30
4681 41 47
4682 20 9
4683 36 6
4684 37 30
4685 24 7
4686 46 28
4687 15 30
4688 31 27
4689 42 34
4690 25 7
4691 17 46
4692 11 23
4693 4 7
4694 40 24
4695 29 35
4696 36 30
4697 20 12
4698 23 8
4699 29 32
4700 26 27
4701 37 30
4702 41 46
4703 26 28
4704 42 11
4705 3 16
4706 27 6
4707 3 17
4708 4 47
4709 46 10
4710 8 29
4711 25 12
4712 36 28
4713 15 7
4714 15 29
4715 10 10
4716 45 13
4717 36 4
4718 46 11
4719 3 16
4720 27 18
4721 37 4
4722 41 38
4723 3 17
4724 32 31
4725 46 13
4726 7 47
4727 41 24
4728 14 2
4729 13 9
4730 41 34
4731 8 30
4732 8 22
4733 46 25
4734 12 28
4735 6 31
4736 16 24
4737 21 38
4738 6 36
4739 45 28
4740 18 25
4741 25 43
4742 27 5
4743 13 10
4744 0 27
4745 28 18
4746 4 14
4747 26 32
4748 27 23
4749 21 1
4750 20 13
4751 33 31
4752 28 23
4753 16 40
4754 8 21
4755 39 3
4756 10 34
4757 24 43
4758 30 44
4759 13 9
4760 23 47
4761 29 15
4762 5 45
4763 9 17
4764 6 27
4765 13 10
4766 15 30
4767 24 7
4768 11 34
4769 47 25
4770 1 9
4771 45 13
4772 27 18
4773 15 29
4774 18 26
4775 18 25
4776 20 12
4777 28 1
4778 36 27
4779 0 33
4780 6 26
4781 41 47
4782 17 24
4783 12 42
4784 20 8
4785 16 24
4786 12 27
4787 23 9
4788 8 22
4789 17 24
4790 40 8
4791 17 40
4792 16 7
4793 6 37
4794 29 44
4795 26 27
4796 7 0
4797 43 21
4798 0 9
4799 26 31
4800 25 4
4801 42 39
4802 8 29
4803 27 1
4804 5 21
4805 33 42
4806 42 40
4807 27 14
4808 44 47
4809 42 10
4810 25 43
4811 0 1
4812 5 22
4813 36 36
4814 37 39
4815 21 37
4816 26 4
4817 20 9
4818 40 3
4819 36 15
4820 20 45
4821 43 47
4822 32 42
4823 40 22
4824 32 31
4825 15 2
4826 5 21
4827 32 17
4828 18 26
4829 46 28
4830 10 11
4831 25 1
4832 28 40
4833 44 21
4834 8 0
4835 37 12
4836 42 38
4837 38 12
4838 41 46
4839 43 40
4840 3 7
4841 14 2
4842 44 47
4843 15 30
4844 3 47
4845 42 40
4846 24 1
4847 25 4
4848 15 7
4849 37 12
4850 23 8
4851 12 28
4852 31 29
4853 41 22
4854 7 0
4855 39 3
4856 30 44
4857 11 24
4858 36 30
4859 44 3
4860 5 15
4861 19 37
4862 11 42
4863 36 28
4864 16 40
4865 31 38
4866 6 36
4867 20 20
4868 20 8
4869 28 15
4870 1 27
4871 6 30
4872 27 6
4873 40 22
4874 6 27
4875 6 26
4876 30 29
4877 4 33
4878 21 0
4879 28 39
4880 6 27
4881 8 47
4882 43 21
4883 0 27
4884 31 29
4885 46 13
4886 45 28
4887 40 3
4888 37 30
4889 18 25
4890 1 9
4891 20 13
4892 27 23
4893 28 40
4894 26 4
4895 33 42
4896 32 38
4897 43 3
4898 28 1
4899 6 37
4900 38 12
4901 31 38
4902 3 16
4903 10 21
4904 20 9
4905 42 34
4906 45 13
4907 41 38
4908 44 21
4909 26 32
4910 15 2
4911 21 16
4912 42 38
4913 24 36
4914 23 9
4915 46 10
4916 7 47
4917 41 47
4918 29 15
4919 28 15
4920 16 7
4921 32 16
4922 12 27
4923 24 43
4924 5 22
4925 35 36
4926 18 46
4927 33 31
4928 21 38
4929 28 32
4930 43 40
4931 3 17
4932 8 30
4933 20 12
4934 41 8
4935 36 7
4936 25 11
4937 18 26
4938 7 20
4939 36 27
4940 25 12
4941 30 29
4942 31 29
4943 36 39
4944 10 17
4945 25 4
4946 0 9
4947 20 8
4948 3 14
4949 15 7
4950 39 3
4951 32 42
4952 18 25
4953 46 28
4954 15 29
4955 29 32
4956 40 8
4957 12 28
4958 11 23
4959 17 46
4960 8 21
4961 33 42
4962 21 37
4963 32 38
4964 25 43
4965 4 7
4966 43 21
4967 26 31
4968 21 17
4969 27 1
4970 0 2
4971 29 15
4972 17 40
4973 9 17
4974 36 36
4975 42 11
4976 40 24
4977 28 39
4978 20 13
4979 46 25
4980 29 44
4981 31 19
4982 4 14
4983 26 28
4984 30 29
4985 44 3
4986 46 13
4987 40 3
4988 6 26
4989 5 21
4990 23 8
4991 24 43
4992 43 3
4993 41 8
4994 27 5
4995 21 45
4996 32 31
4997 30 19
4998 26 4
4999 14 2
5000 6 27
5001 44 3
5002 6 31
5003 16 40
5004 32 17
5005 47 42
5006 31 38
5007 16 24
5008 25 1
5009 10 34
5010 32 16
5011 11 24
5012 0 4
5013 36 28
5014 26 27
5015 0 32
5016 8 22
5017 43 3
5018 21 16
5019 1 9
5020 5 44
5021 3 33
5022 0 1
5023 3 16
5024 31 26
5025 31 29
5026 31 19
5027 27 6
5028 32 38
5029 1 27
5030 30 19
5031 12 42
5032 39 3
5033 10 20
5034 6 36
5035 47 41
5036 36 30
5037 8 0
5038 8 47
5039 15 2
5040 24 47
5041 40 3
5042 28 23
5043 0 27
5044 24 1
5045 25 4
5046 42 10
5047 15 30
5048 4 47
5049 6 37
5050 47 42
5051 43 47
5052 15 29
5053 0 5
5054 0 2
5055 3 47
5056 28 32
5057 36 14
5058 28 15
5059 39 3
5060 44 21
5061 15 30
5062 25 11
5063 18 26
5064 29 36
5065 41 38
5066 25 1
5067 29 35
5068 28 1
5069 16 7
5070 40 8
5071 4 47
5072 3 19
5073 30 8
5074 13 9
5075 29 36
5076 42 40
5077 27 5
5078 30 9
5079 0 4
5080 26 4
5081 7 47
5082 43 21
5083 8 47
5084 11 23
5085 8 29
5086 18 25
5087 18 26
5088 37 30
5089 3 17
5090 41 24
5091 42 39
5092 7 0
5093 20 45
5094 26 32
5095 8 38
5096 5 22
5097 6 30
5098 36 27
5099 26 28
5100 36 28
5101 19 38
5102 12 27
5103 37 39
5104 30 8
5105 8 30
5106 46 11
5107 36 30
5108 25 7
5109 29 32
5110 14 44
5111 44 21
5112 10 17
5113 25 4
5114 15 44
5115 42 11
5116 3 14
5117 28 40
5118 42 40
5119 41 46
5120 24 1
5121 44 47
5122 36 27
5123 6 15
5124 31 19
5125 27 1
5126 21 17
5127 4 19
5128 12 28
5129 36 6
5130 11 24
5131 28 39
5132 11 34
5133 11 42
5134 37 12
5135 5 45
5136 41 47
5137 9 17
5138 17 40
5139 16 40
5140 29 35
5141 18 25
5142 42 39
5143 12 27
5144 25 1
5145 26 27
5146 14 2
5147 24 1
5148 15 7
5149 17 40
5150 8 29
5151 26 14
5152 43 47
5153 44 47
5154 4 14
5155 6 20
5156 28 1
5157 1 27
5158 41 22
5159 41 37
5160 7 38
5161 0 1
5162 47 41
5163 30 9
5164 37 30
5165 43 21
5166 23 36
5167 3 19
5168 18 26
5169 16 7
5170 33 31
5171 8 0
5172 18 46
5173 44 21
5174 7 0
5175 21 16
5176 7 20
5177 15 29
5178 3 16
5179 8 38
5180 40 24
5181 6 36
5182 40 3
5183 36 39
5184 16 40
5185 0 9
5186 32 17
5187 10 21
5188 40 22
5189 17 24
5190 43 47
5191 28 18
5192 27 14
5193 29 15
5194 10 34
5195 1 9
5196 21 1
5197 18 25
5198 30 44
5199 6 26
5200 12 42
5201 46 10
5202 15 2
5203 27 6
5204 36 15
5205 0 2
5206 32 42
5207 17 46
5208 28 32
5209 14 44
5210 0 27
5211 35 36
5212 30 8
5213 14 2
5214 42 40
5215 43 21
5216 26 31
5217 31 27
5218 4 19
5219 24 36
5220 36 14
5221 20 21
5222 0 5
5223 8 21
5224 5 21
5225 41 38
5226 0 4
5227 15 2
5228 18 46
5229 23 9
5230 42 10
5231 3 14
5232 47 42
5233 29 44
5234 23 8
5235 31 26
5236 36 36
5237 3 17
5238 46 11
5239 23 47
5240 0 5
5241 36 7
5242 0 1
5243 28 15
5244 41 34
5245 44 47
5246 25 1
5247 6 27
5248 0 9
5249 26 32
5250 5 44
5251 41 22
5252 23 9
5253 26 28
5254 39 3
5255 27 5
5256 29 36
5257 13 10
5258 29 35
5259 31 27
5260 29 32
5261 6 26
5262 45 28
5263 5 22
5264 44 3
5265 3 47
5266 41 24
5267 28 32
5268 23 8
5269 21 0
5270 10 17
5271 43 3
5272 3 16
5273 20 12
5274 29 36
5275 45 13
5276 44 3
5277 30 9
5278 38 12
5279 6 20
5280 46 10
5281 0 2
5282 12 28
5283 6 27
5284 10 20
5285 30 44
5286 4 14
5287 26 14
5288 43 3
5289 31 26
5290 10 21
5291 23 9
5292 4 33
5293 20 20
5294 4 47
5295 3 14
5296 31 27
5297 26 4
5298 11 42
5299 27 23
5300 14 2
5301 41 46
5302 26 31
5303 11 23
5304 21 1
5305 42 38
5306 16 24
5307 28 23
5308 4 14
5309 13 9
5310 20 9
5311 10 10
5312 5 45
5313 27 6
5314 43 47
5315 40 24
5316 36 30
5317 31 26
5318 3 33
5319 29 35
5320 29 15
5321 29 44
5322 3 7
5323 28 15
5324 37 12
5325 26 32
5326 25 12
5327 19 37
5328 20 8
5329 5 15
5330 28 40
5331 41 8
5332 21 17
5333 8 0
5334 21 0
5335 19 38
5336 30 44
5337 23 36
5338 40 22
5339 7 20
5340 42 11
5341 6 20
5342 0 33
5343 26 27
5344 0 1
5345 30 8
5346 23 8
5347 6 26
5348 32 31
5349 29 44
5350 42 10
5351 31 27
5352 5 21
5353 7 0
5354 19 37
5355 24 7
5356 41 38
5357 5 22
5358 33 31
5359 24 36
5360 9 17
5361 28 39
5362 20 21
5363 28 40
5364 8 22
5365 27 1
5366 25 7
5367 7 47
5368 25 11
5369 30 9
5370 36 28
5371 3 47
5372 33 42
5373 31 38
5374 0 4
5375 6 37
5376 42 39
5377 5 44
5378 47 25
5379 4 33
5380 18 26
5381 36 4
5382 15 7
5383 32 16
5384 18 25
5385 21 45
5386 5 45
5387 13 10
5388 4 47
5389 5 44
5390 21 1
5391 32 17
5392 46 11
5393 27 14
5394 27 23
5395 15 2
5396 14 2
5397 27 5
5398 37 4
5399 42 40
5400 20 45
5401 24 7
5402 7 20
5403 23 36
5404 26 31
5405 37 39
5406 30 8
5407 21 45
5408 38 12
5409 44 3
5410 47 41
5411 44 47
5412 46 13
5413 10 17
5414 42 39
5415 6 36
5416 32 31
5417 36 4
5418 12 42
5419 4 7
5420 3 47
5421 0 5
5422 28 23
5423 30 29
5424 10 20
5425 42 11
5426 8 30
5427 26 14
5428 46 10
5429 6 31
5430 36 27
5431 36 6
5432 25 12
5433 5 21
5434 17 46
5435 43 47
5436 46 25
5437 8 29
5438 41 47
5439 37 12
5440 20 13
5441 3 19
5442 37 4
5443 24 36
5444 0 32
5445 46 28
5446 32 42
5447 46 11
5448 13 9
5449 1 27
5450 8 0
5451 11 42
5452 15 2
5453 32 38
5454 36 39
5455 12 42
5456 27 23
5457 36 7
5458 25 43
5459 30 44
5460 23 36
5461 47 25
5462 40 8
5463 31 29
5464 18 46
5465 23 9
5466 6 15
5467 29 32
5468 46 25
5469 15 44
5470 19 38
5471 11 24
5472 36 28
5473 17 40
5474 10 21
5475 32 16
5476 3 17
5477 3 14
5478 20 9
5479 4 14
5480 26 32
5481 37 39
5482 6 37
5483 6 30
5484 41 22
5485 47 42
5486 14 44
5487 5 22
5488 11 23
5489 27 18
5490 24 43
5491 47 41
5492 7 0
5493 15 44
5494 12 27
5495 28 39
5496 6 36
5497 30 9
5498 16 7
5499 6 27
5500 36 4
5501 28 32
5502 46 10
5503 12 28
5504 25 7
5505 8 47
5506 41 37
5507 9 17
5508 11 24
5509 28 40
5510 41 46
5511 3 33
5512 41 47
5513 30 19
5514 10 17
5515 11 42
5516 29 32
5517 12 42
5518 0 2
5519 4 33
5520 0 33
5521 9 17
5522 41 38
5523 24 1
5524 29 15
5525 20 8
5526 40 3
5527 11 23
5528 28 15
5529 25 1
5530 24 7
5531 26 28
5532 27 6
5533 28 39
5534 38 12
5535 18 26
5536 40 22
5537 24 47
5538 17 46
5539 15 7
5540 13 10
5541 47 42
5542 36 15
5543 27 14
5544 18 25
5545 44 47
5546 27 5
5547 23 47
5548 10 11
5549 27 6
5550 31 26
5551 10 10
5552 41 37
5553 29 44
5554 28 18
5555 21 38
5556 41 38
5557 6 37
5558 27 18
5559 8 21
5560 42 10
5561 20 45
5562 13 9
5563 21 45
5564 36 14
5565 16 7
5566 5 15
5567 29 15
5568 41 37
5569 3 33
5570 30 29
5571 7 47
5572 21 37
5573 26 31
5574 21 16
5575 41 46
5576 14 2
5577 36 15
5578 15 30
5579 36 39
5580 37 4
5581 11 24
5582 15 2
5583 43 47
5584 24 36
5585 11 34
5586 6 26
5587 19 37
5588 47 25
5589 37 30
5590 29 36
5591 6 15
5592 20 45
5593 44 47
5594 35 36
5595 15 7
5596 36 27
5597 46 25
5598 4 47
5599 36 6
5600 6 31
5601 36 4
5602 6 30
5603 4 19
5604 36 7
5605 29 35
5606 20 20
5607 3 7
5608 27 5
5609 15 29
5610 17 24
5611 36 36
5612 10 34
5613 39 3
5614 28 18
5615 10 17
5616 8 22
5617 40 3
5618 1 9
5619 3 16
5620 0 1
5621 8 30
5622 4 7
5623 19 38
5624 33 31
5625 28 1
5626 3 14
5627 41 8
5628 5 15
5629 33 42
5630 26 27
5631 24 1
5632 30 8
5633 28 23
5634 26 32
5635 3 19
5636 11 34
5637 6 27
5638 36 30
5639 20 12
5640 46 11
5641 10 34
5642 13 10
5643 42 11
5644 23 8
5645 42 40
5646 16 24
5647 28 40
5648 40 8
5649 28 15
5650 6 15
5651 8 21
5652 17 24
5653 44 21
5654 21 38
5655 14 44
5656 20 9
5657 29 36
5658 47 25
5659 37 12
5660 37 30
5661 11 23
5662 37 39
5663 24 47
5664 20 13
5665 5 21
5666 37 4
5667 46 25
5668 36 14
5669 0 2
5670 41 38
5671 25 43
5672 28 32
5673 11 42
5674 31 29
5675 20 12
5676 0 4
5677 6 20
5678 32 17
5679 13 9
5680 0 5
5681 19 37
5682 45 13
5683 16 24
5684 36 4
5685 5 45
5686 30 29
5687 32 16
5688 15 44
5689 47 25
5690 4 33
5691 12 42
5692 29 15
5693 6 31
5694 16 7
5695 41 47
5696 14 2
5697 46 10
5698 11 24
5699 42 10
5700 10 20
5701 46 13
5702 41 22
5703 45 28
5704 27 23
5705 45 13
5706 40 22
5707 25 7
5708 4 14
5709 12 27
5710 20 13
5711 42 11
5712 30 9
5713 42 34
5714 11 42
5715 41 46
5716 8 0
5717 5 22
5718 4 19
5719 42 39
5720 0 1
5721 7 20
5722 3 14
5723 7 0
5724 16 40
5725 23 36
5726 3 7
5727 41 24
5728 36 15
5729 30 8
5730 12 42
5731 21 0
5732 3 47
5733 43 21
5734 10 11
5735 43 3
5736 36 30
5737 10 10
5738 41 8
5739 31 19
5740 27 6
5741 40 24
5742 40 8
5743 13 10
5744 15 7
5745 21 45
5746 11 34
5747 3 33
5748 28 15
5749 41 22
5750 21 37
5751 19 38
5752 24 36
5753 19 37
5754 23 47
5755 36 6
5756 41 8
5757 0 27
5758 3 17
5759 8 29
5760 3 19
5761 24 43
5762 36 14
5763 24 7
5764 20 8
5765 43 47
5766 29 32
5767 25 43
5768 10 34
5769 25 4
5770 21 38
5771 30 44
5772 0 4
5773 9 17
5774 28 32
5775 20 45
5776 42 40
5777 46 25
5778 24 43
5779 0 9
5780 38 12
5781 24 47
5782 25 1
5783 46 28
5784 18 26
5785 42 10
5786 42 11
5787 45 28
5788 31 38
5789 17 40
5790 6 36
5791 10 17
5792 36 15
5793 6 37
5794 26 28
5795 44 3
5796 42 10
5797 28 39
5798 0 2
5799 23 47
5800 5 15
5801 6 20
5802 9 17
5803 32 42
5804 30 19
5805 23 9
5806 6 36
5807 17 24
5808 29 32
5809 10 11
5810 25 7
5811 41 24
5812 10 17
5813 37 30
5814 6 37
5815 27 18
5816 31 19
5817 28 40
5818 4 7
5819 42 39
5820 36 39
5821 47 25
5822 0 1
5823 10 10
5824 1 9
5825 31 29
5826 46 13
5827 30 19
5828 29 15
5829 40 8
5830 23 8
5831 23 9
5832 20 12
5833 0 32
5834 3 16
5835 36 28
5836 40 22
5837 23 8
5838 21 45
5839 46 25
5840 0 33
5841 15 30
5842 6 26
5843 37 4
5844 13 9
5845 26 4
5846 0 5
5847 0 2
5848 41 47
5849 26 14
5850 47 41
5851 3 17
5852 16 7
5853 20 9
5854 41 8
5855 7 20
5856 0 1
5857 3 7
5858 8 47
5859 4 7
5860 41 22
5861 47 42
5862 28 23
5863 1 27
5864 0 32
5865 25 11
5866 16 40
5867 33 42
5868 36 14
5869 0 9
5870 6 20
5871 17 40
5872 41 34
5873 7 20
5874 39 3
5875 15 29
5876 7 38
5877 25 4
5878 20 13
5879 37 12
5880 20 45
5881 0 2
5882 15 2
5883 28 39
5884 36 30
5885 38 12
5886 32 38
5887 23 9
5888 20 21
5889 8 0
5890 6 15
5891 35 36
5892 4 33
5893 36 27
5894 36 15
5895 26 4
5896 37 39
5897 26 27
5898 12 28
5899 10 11
5900 27 1
5901 5 44
5902 18 46
5903 24 47
5904 32 17
5905 30 29
5906 6 20
5907 11 23
5908 7 0
5909 0 1
5910 12 27
5911 28 15
5912 14 44
5913 10 21
5914 26 31
5915 0 33
5916 32 42
5917 29 15
5918 29 44
5919 41 46
5920 24 1
5921 11 34
5922 6 27
5923 36 39
5924 32 31
5925 26 28
5926 6 36
5927 47 25
5928 46 25
5929 21 17
5930 31 27
5931 4 14
5932 5 21
5933 26 32
5934 26 31
5935 28 18
5936 3 33
5937 15 7
5938 12 28
5939 23 47
5940 14 2
5941 20 8
5942 44 47
5943 16 24
5944 23 8
5945 47 41
5946 37 39
5947 3 16
5948 6 26
5949 20 20
5950 40 22
5951 8 0
5952 41 37
5953 1 9
5954 23 36
5955 16 7
5956 24 7
5957 20 21
5958 19 38
5959 15 30
5960 6 27
5961 25 1
5962 42 11
5963 12 27
5964 31 29
5965 7 47
5966 41 47
5967 4 33
5968 24 1
5969 36 4
5970 37 30
5971 7 20
5972 10 20
5973 15 7
5974 10 21
5975 27 14
5976 41 38
5977 37 12
5978 25 1
5979 8 22
5980 8 21
5981 16 7
5982 26 27
5983 8 38
5984 47 42
5985 28 40
5986 21 16
5987 6 26
5988 31 26
5989 33 42
5990 11 42
5991 46 28
5992 31 38
5993 28 15
5994 40 3
5995 32 42
5996 41 22
5997 27 5
5998 0 32
5999 29 35
6000 42 34
6001 15 29
6002 0 4
6003 46 11
6004 21 37
6005 47 25
6006 41 37
6007 10 34
6008 16 40
6009 21 1
6010 21 17
6011 6 27
6012 40 24
6013 0 33
6014 17 46
6015 30 9
6016 36 7
6017 36 39
6018 41 46
6019 11 24
6020 36 6
6021 12 28
6022 36 14
6023 36 36
6024 41 38
6025 18 25
6026 4 19
6027 27 18
6028 38 12
6029 12 27
6030 25 12
6031 36 15
6032 35 36
6033 28 39
6034 37 4
6035 27 6
6036 19 37
6037 26 32
6038 33 31
6039 26 14
6040 44 21
6041 6 26
6042 5 45
6043 15 2
6044 28 32
6045 3 14
6046 40 22
6047 11 34
6048 21 45
6049 20 45
6050 17 40
6051 25 7
6052 0 9
6053 36 28
6054 43 21
6055 0 32
6056 28 1
6057 24 7
6058 46 25
6059 1 9
6060 36 4
6061 19 38
6062 7 38
6063 10 10
6064 8 30
6065 0 27
6066 32 31
6067 33 42
6068 25 7
6069 36 30
6070 15 30
6071 33 31
6072 23 9
6073 0 9
6074 3 17
6075 24 7
6076 37 39
6077 41 34
6078 29 36
6079 43 3
6080 24 36
6081 32 42
6082 40 8
6083 27 14
6084 12 42
6085 31 27
6086 47 41
6087 11 42
6088 3 33
6089 4 14
6090 3 14
6091 5 44
6092 5 45
6093 4 33
6094 5 15
6095 15 7
6096 5 22
6097 1 27
6098 18 26
6099 37 4
6100 7 0
6101 20 20
6102 31 26
6103 3 33
6104 29 15
6105 25 11
6106 27 23
6107 26 14
6108 6 27
6109 20 21
6110 36 39
6111 10 20
6112 5 21
6113 30 44
6114 36 7
6115 29 35
6116 19 37
6117 29 36
6118 47 42
6119 5 44
6120 12 42
6121 43 47
6122 45 28
6123 14 2
6124 28 23
6125 32 31
6126 11 42
6127 30 8
6128 8 22
6129 27 14
6130 21 16
6131 12 28
6132 26 28
6133 46 28
6134 0 33
6135 30 29
6136 30 9
6137 27 23
6138 37 30
6139 39 3
6140 24 1
6141 5 45
6142 41 37
6143 36 30
6144 46 10
6145 15 2
6146 26 31
6147 40 3
6148 5 22
6149 41 8
6150 37 39
6151 5 21
6152 16 40
6153 16 7
6154 8 21
6155 37 30
6156 36 36
6157 31 27
6158 47 41
6159 25 1
6160 24 1
6161 5 44
6162 18 46
6163 14 2
6164 25 7
6165 41 22
6166 28 40
6167 36 39
6168 20 9
6169 25 4
6170 6 20
6171 42 34
6172 45 13
6173 15 29
6174 33 42
6175 25 1
6176 36 14
6177 36 4
6178 27 1
6179 28 15
6180 47 25
6181 26 14
6182 15 7
6183 17 40
6184 35 36
6185 36 30
6186 6 26
6187 29 35
6188 23 36
6189 24 47
6190 24 1
6191 37 12
6192 3 7
6193 8 38
6194 6 27
6195 37 4
6196 32 16
6197 31 19
6198 29 32
6199 25 43
6200 36 4
6201 25 12
6202 32 38
6203 31 29
6204 8 22
6205 45 28
6206 21 17
6207 23 8
6208 44 21
6209 6 26
6210 8 21
6211 10 11
6212 16 40
6213 6 15
6214 0 32
6215 26 32
6216 4 47
6217 40 8
6218 5 45
6219 6 27
6220 41 8
6221 28 23
6222 4 33
6223 46 25
6224 27 5
6225 0 2
6226 25 1
6227 46 11
6228 40 22
6229 4 7
6230 23 47
6231 28 18
6232 5 22
6233 29 44
6234 19 38
6235 8 22
6236 24 47
6237 6 30
6238 8 21
6239 28 32
6240 3 19
6241 41 22
6242 5 21
6243 8 0
6244 21 38
6245 24 7
6246 40 8
6247 3 47
6248 30 29
6249 27 14
6250 46 10
6251 3 33
6252 33 31
6253 44 3
6254 0 5
6255 47 25
6256 26 31
6257 18 25
6258 37 30
6259 3 16
6260 43 21
6261 24 43
6262 17 24
6263 7 38
6264 24 1
6265 12 27
6266 36 30
6267 43 3
6268 12 28
6269 28 1
6270 31 29
6271 17 40
6272 30 44
6273 32 31
6274 6 26
6275 42 10
6276 21 16
6277 29 15
6278 15 44
6279 41 38
6280 26 32
6281 33 31
6282 41 47
6283 16 7
6284 10 34
6285 13 10
6286 9 17
6287 21 0
6288 27 18
6289 8 29
6290 10 17
6291 46 25
6292 23 47
6293 41 8
6294 47 42
6295 8 22
6296 4 14
6297 6 31
6298 32 42
6299 11 34
6300 36 15
6301 21 17
6302 6 30
6303 7 0
6304 37 30
6305 13 9
6306 15 30
6307 10 34
6308 24 47
6309 36 6
6310 0 33
6311 42 11
6312 46 28
6313 29 36
6314 38 12
6315 15 2
6316 29 32
6317 23 9
6318 8 21
6319 12 27
6320 24 36
6321 28 39
6322 23 47
6323 26 4
6324 14 2
6325 30 29
6326 46 11
6327 30 8
6328 3 17
6329 33 42
6330 6 27
6331 25 43
6332 21 1
6333 18 26
6334 31 26
6335 23 36
6336 8 47
6337 6 37
6338 37 39
6339 42 10
6340 41 24
6341 5 22
6342 36 7
6343 46 10
6344 12 28
6345 21 37
6346 8 38
6347 24 47
6348 36 36
6349 13 10
6350 5 21
6351 19 37
6352 5 15
6353 14 44
6354 6 15
6355 21 16
6356 27 23
6357 27 6
6358 3 14
6359 46 11
6360 27 1
6361 0 27
6362 4 19
6363 36 6
6364 0 1
6365 32 42
6366 20 12
6367 24 43
6368 33 42
6369 5 44
6370 9 17
6371 28 23
6372 41 46
6373 44 47
6374 37 4
6375 15 7
6376 4 33
6377 4 14
6378 30 9
6379 8 22
6380 36 14
6381 21 38
6382 5 22
6383 36 15
6384 26 27
6385 44 21
6386 28 1
6387 25 4
6388 7 20
6389 8 21
6390 13 9
6391 26 14
6392 25 11
6393 36 39
6394 3 33
6395 19 38
6396 1 9
6397 15 2
6398 42 40
6399 32 31
6400 21 37
6401 16 40
6402 28 40
6403 14 2
6404 36 4
6405 16 24
6406 17 40
6407 24 36
6408 37 39
6409 20 8
6410 23 47
6411 20 13
6412 31 38
6413 26 31
6414 5 15
6415 6 20
6416 26 32
6417 0 2
6418 8 30
6419 7 47
6420 43 21
6421 29 44
6422 31 27
6423 7 20
6424 8 47
6425 33 31
6426 13 10
6427 6 26
6428 39 3
6429 20 20
6430 40 22
6431 36 14
6432 20 21
6433 12 27
6434 10 21
6435 15 29
6436 42 39
6437 43 47
6438 23 36
6439 20 20
6440 7 38
6441 17 46
6442 1 27
6443 46 10
6444 40 24
6445 35 36
6446 30 8
6447 3 7
6448 5 45
6449 8 22
6450 18 25
6451 20 12
6452 6 15
6453 12 42
6454 11 23
6455 10 20
6456 20 9
6457 4 7
6458 32 31
6459 25 1
6460 36 7
6461 0 27
6462 32 42
6463 36 27
6464 6 36
6465 36 28
6466 28 18
6467 41 22
6468 40 8
6469 11 34
6470 24 1
6471 42 40
6472 32 38
6473 36 15
6474 40 22
6475 26 4
6476 41 47
6477 32 17
6478 44 47
6479 10 10
6480 15 30
6481 27 5
6482 36 30
6483 27 14
6484 25 12
6485 37 30
6486 41 8
6487 24 47
6488 5 21
6489 42 11
6490 28 32
6491 36 39
6492 26 14
6493 24 36
6494 6 31
6495 5 22
6496 28 39
6497 17 24
6498 6 27
6499 15 2
6500 14 2
6501 42 39
6502 5 21
6503 7 47
6504 44 3
6505 42 40
6506 20 21
6507 3 16
6508 25 4
6509 26 28
6510 8 0
6511 36 27
6512 28 15
6513 27 14
6514 33 31
6515 42 39
6516 25 11
6517 5 44
6518 26 14
6519 45 28
6520 0 1
6521 30 44
6522 7 0
6523 46 28
6524 41 46
6525 4 47
6526 0 4
6527 29 44
6528 28 40
6529 8 38
6530 6 26
6531 25 1
6532 3 7
6533 26 27
6534 32 31
6535 6 20
6536 27 1
6537 7 38
6538 40 3
6539 37 4
6540 26 4
6541 27 18
6542 20 13
6543 3 17
6544 0 5
6545 15 2
6546 4 7
6547 25 7
6548 8 21
6549 30 9
6550 33 31
6551 41 47
6552 37 39
6553 27 14
6554 6 30
6555 36 39
6556 31 38
6557 41 22
6558 24 1
6559 8 0
6560 11 42
6561 31 26
6562 3 47
6563 3 16
6564 26 14
6565 7 0
6566 42 10
6567 31 29
6568 27 23
6569 29 35
6570 20 8
6571 14 2
6572 37 12
6573 41 46
6574 41 24
6575 12 42
6576 30 29
6577 28 1
6578 40 8
6579 15 29
6580 40 24
6581 1 27
6582 42 40
6583 8 38
6584 41 24
6585 15 30
6586 8 47
6587 39 3
6588 13 9
6589 20 9
6590 3 14
6591 0 32
6592 38 12
6593 0 4
6594 29 36
6595 4 33
6596 26 31
6597 0 2
6598 41 34
6599 25 1
6600 30 8
6601 15 44
6602 31 29
6603 4 14
6604 0 9
6605 32 31
6606 26 28
6607 15 2
6608 29 32
6609 3 14
6610 23 47
6611 40 22
6612 4 47
6613 37 12
6614 33 42
6615 6 27
6616 45 28
6617 30 44
6618 38 12
6619 20 20
6620 23 8
6621 30 9
6622 36 6
6623 12 28
6624 36 30
6625 5 45
6626 23 36
6627 10 21
6628 3 19
6629 42 11
6630 42 38
6631 25 4
6632 28 32
6633 10 34
6634 32 16
6635 43 3
6636 15 29
6637 8 22
6638 0 33
6639 44 21
6640 36 4
6641 41 22
6642 20 8
6643 32 42
6644 31 27
6645 7 47
6646 0 27
6647 37 12
6648 33 42
6649 5 44
6650 3 33
6651 7 38
6652 14 2
6653 37 30
6654 41 8
6655 19 37
6656 38 12
6657 26 27
6658 24 1
6659 6 37
6660 37 4
6661 28 23
6662 6 31
6663 40 22
6664 18 26
6665 43 21
6666 30 8
6667 8 38
6668 32 38
6669 10 17
6670 26 4
6671 11 42
6672 12 42
6673 25 43
6674 15 2
6675 44 21
6676 27 23
6677 21 17
6678 37 12
6679 47 25
6680 41 22
6681 4 14
6682 10 11
6683 20 21
6684 8 21
6685 21 0
6686 11 34
6687 3 47
6688 41 47
6689 5 15
6690 24 47
6691 27 14
6692 30 19
6693 1 9
6694 36 7
6695 16 7
6696 8 0
6697 5 22
6698 7 0
6699 13 10
6700 36 6
6701 18 25
6702 4 47
6703 20 20
6704 9 17
6705 30 9
6706 3 47
6707 14 44
6708 11 24
6709 7 20
6710 27 6
6711 24 43
6712 20 12
6713 29 15
6714 40 8
6715 43 47
6716 15 7
6717 5 21
6718 29 32
6719 15 30
6720 25 4
6721 28 39
6722 46 28
6723 24 7
6724 1 27
6725 28 23
6726 31 26
6727 31 19
6728 16 40
6729 16 24
6730 0 32
6731 3 17
6732 37 39
6733 5 45
6734 31 27
6735 36 36
6736 15 29
6737 26 28
6738 15 30
6739 0 9
6740 29 44
6741 26 32
6742 10 34
6743 8 0
6744 46 13
6745 8 22
6746 32 42
6747 36 4
6748 7 0
6749 21 16
6750 36 28
6751 0 1
6752 29 35
6753 42 34
6754 11 42
6755 17 40
6756 40 3
6757 11 34
6758 25 12
6759 41 8
6760 20 21
6761 15 29
6762 38 12
6763 26 31
6764 36 39
6765 31 26
6766 45 13
6767 15 30
6768 33 42
6769 30 8
6770 8 21
6771 40 22
6772 10 17
6773 42 39
6774 14 2
6775 4 33
6776 46 13
6777 40 8
6778 0 27
6779 1 27
6780 10 34
6781 42 40
6782 30 9
6783 7 38
6784 21 45
6785 41 46
6786 36 30
6787 32 42
6788 23 47
6789 25 11
6790 6 30
6791 19 38
6792 8 38
6793 8 47
6794 6 31
6795 37 30
6796 4 19
6797 4 47
6798 47 41
6799 39 3
6800 6 26
6801 30 44
6802 17 24
6803 40 24
6804 7 38
6805 18 26
6806 37 12
6807 6 30
6808 16 40
6809 10 10
6810 23 9
6811 16 24
6812 42 10
6813 26 4
6814 25 7
6815 36 14
6816 0 5
6817 1 9
6818 17 40
6819 3 7
6820 6 27
6821 41 24
6822 41 22
6823 40 22
6824 25 12
6825 7 47
6826 9 17
6827 44 3
6828 6 36
6829 17 24
6830 27 1
6831 28 40
6832 36 15
6833 8 0
6834 40 24
6835 41 34
6836 10 11
6837 25 43
6838 29 36
6839 8 29
6840 8 22
6841 7 0
6842 28 32
6843 36 27
6844 8 21
6845 3 33
6846 0 9
6847 8 30
6848 26 32
6849 4 7
6850 18 46
6851 43 21
6852 40 3
6853 1 9
6854 28 18
6855 23 8
6856 18 25
6857 20 13
6858 21 1
6859 29 44
6860 6 15
6861 24 43
6862 41 47
6863 42 11
6864 3 7
6865 38 12
6866 5 15
6867 6 20
6868 30 44
6869 5 44
6870 6 31
6871 30 29
6872 8 22
6873 13 9
6874 30 8
6875 29 32
6876 5 45
6877 42 34
6878 37 12
6879 30 9
6880 4 33
6881 6 15
6882 25 11
6883 10 17
6884 43 3
6885 7 20
6886 29 35
6887 8 0
6888 36 14
6889 13 10
6890 36 30
6891 15 44
6892 6 30
6893 25 12
6894 41 34
6895 26 27
6896 12 27
6897 13 9
6898 26 31
6899 21 38
6900 37 39
6901 4 7
6902 24 7
6903 15 2
6904 20 9
6905 0 4
6906 47 42
6907 8 38
6908 20 8
6909 30 8
6910 28 32
6911 33 31
# colocadas=6912 ocupadas=100 mayor=511
