0 0 0
1 0 47
2 47 0
3 47 47
4 0 2
5 0 4
6 0 6
7 0 8
8 0 10
9 0 12
10 0 14
11 0 16
12 0 18
13 0 20
14 0 22
15 0 24
16 0 26
17 1 16
18 0 28
19 0 30
20 0 32
21 0 33
22 0 35
23 0 37
24 0 39
25 0 41
26 0 43
27 0 45
28 2 0
29 2 47
30 4 0
31 4 47
32 6 0
33 6 47
34 0 17
35 8 0
36 1 8
37 8 47
38 1 28
39 10 0
40 10 47
41 12 0
42 12 47
43 1 24
44 6 1
45 13 0
46 8 46
47 1 43
48 14 47
49 15 0
50 0 1
51 0 15
52 16 47
53 17 0
54 0 29
55 5 0
56 0 0
57 3 0
58 1 0
59 0 43
60 4 0
61 0 46
62 0 31
63 18 47
64 0 9
65 19 0
66 20 47
67 21 0
68 22 47
69 5 0
70 23 0
71 24 47
72 25 0
73 8 47
74 12 0
75 26 47
76 27 0
77 28 47
78 29 0
79 30 47
80 31 0
81 32 47
82 21 1
83 8 46
84 1 27
85 14 46
86 27 1
87 1 47
88 33 0
89 0 28
90 46 47
91 20 0
92 46 0
93 34 47
94 1 33
95 4 0
96 3 1
97 35 0
98 0 47
99 28 46
100 47 47
101 3 47
102 18 0
103 36 47
104 22 46
105 1 45
106 0 33
107 0 25
108 37 0
109 1 35
110 31 1
111 2 16
112 38 47
113 34 46
114 39 0
115 40 47
116 41 0
117 42 47
118 43 0
119 0 36
120 1 4
121 37 1
122 0 44
123 21 2
124 10 1
125 44 47
126 11 0
127 15 47
128 37 0
129 12 0
130 47 1
131 33 47
132 47 3
133 0 18
134 0 42
135 47 5
136 1 16
137 11 0
138 13 0
139 16 0
140 47 7
141 47 9
142 0 29
143 47 10
144 46 47
145 47 12
146 9 1
147 47 14
148 40 46
149 1 17
150 47 0
151 1 7
152 44 46
153 34 45
154 0 8
155 0 10
156 1 10
157 8 47
158 47 9
159 2 45
160 47 16
161 27 47
162 32 0
163 0 4
164 34 0
165 47 18
166 47 20
167 1 31
168 16 47
169 21 0
170 22 47
171 13 47
172 0 11
173 0 23
174 0 13
175 47 22
176 36 0
177 20 2
178 2 1
179 47 47
180 1 45
181 12 47
182 45 47
183 0 38
184 0 17
185 2 7
186 46 16
187 20 46
188 47 10
189 0 40
190 4 47
191 47 46
192 13 47
193 0 43
194 47 24
195 1 38
196 38 0
197 46 47
198 47 26
199 47 28
200 0 22
201 2 47
202 36 1
203 45 47
204 40 0
205 40 47
206 21 47
207 11 47
208 4 46
209 9 47
210 47 30
211 1 9
212 0 32
213 0 18
214 0 38
215 23 47
216 8 47
217 38 46
218 19 0
219 0 34
220 33 45
221 6 0
222 1 16
223 9 2
224 47 17
225 47 47
226 1 40
227 25 47
228 0 17
229 35 47
230 26 0
231 0 18
232 0 44
233 37 0
234 9 0
235 37 47
236 25 46
237 1 10
238 2 2
239 35 0
240 46 28
241 46 24
242 3 47
243 19 2
244 0 31
245 47 9
246 35 46
247 47 32
248 11 1
249 47 34
250 1 23
251 18 2
252 0 0
253 1 13
254 0 43
255 47 28
256 34 0
257 32 45
258 45 0
259 0 12
260 0 17
261 2 1
262 47 25
263 0 14
264 0 45
265 0 24
266 15 0
267 2 35
268 0 28
269 47 35
270 26 47
271 44 47
272 4 45
273 1 4
274 0 26
275 18 0
276 38 0
277 0 9
278 47 10
279 47 18
280 5 47
281 1 11
282 1 35
283 0 19
284 1 15
285 24 47
286 6 47
287 41 0
288 46 30
289 2 27
290 47 16
291 47 23
292 28 0
293 1 43
294 30 0
295 36 0
296 36 47
297 46 47
298 0 37
299 47 47
300 14 45
301 3 0
302 40 0
303 13 45
304 46 14
305 47 21
306 1 30
307 0 11
308 20 0
309 17 2
310 12 45
311 47 34
312 47 9
313 9 47
314 47 22
315 0 41
316 38 1
317 45 47
318 45 1
319 22 47
320 32 47
321 31 2
322 0 42
323 47 11
324 47 19
325 46 9
326 31 45
327 47 46
328 38 47
329 12 0
330 1 16
331 43 47
332 11 45
333 0 40
334 0 25
335 1 10
336 1 24
337 0 29
338 47 23
339 1 40
340 47 22
341 16 2
342 15 47
343 0 24
344 0 8
345 46 5
346 47 23
347 4 0
348 0 16
349 0 40
350 47 31
351 10 45
352 2 0
353 7 0
354 0 32
355 34 46
356 47 18
357 30 1
358 9 45
359 47 20
360 21 0
361 47 27
362 37 0
363 36 0
364 0 13
365 0 21
366 3 45
367 0 36
368 31 0
369 47 13
370 1 15
371 17 0
372 41 47
373 47 9
374 45 14
375 47 32
376 0 27
377 32 0
378 47 22
379 20 47
380 46 20
381 24 0
382 31 3
383 47 24
384 2 35
385 16 47
386 47 31
387 35 47
388 2 26
389 15 2
390 47 2
391 37 47
392 30 45
393 47 14
394 47 25
395 42 0
396 1 36
397 27 2
398 39 0
399 0 41
400 0 26
401 0 5
402 19 0
403 33 47
404 23 47
405 29 0
406 8 2
407 1 3
408 0 10
409 17 1
410 47 6
411 10 1
412 45 0
413 0 1
414 11 0
415 15 47
416 36 47
417 13 0
418 45 30
419 30 2
420 1 0
421 37 1
422 1 7
423 0 11
424 0 36
425 2 1
426 27 0
427 40 47
428 0 44
429 1 6
430 47 24
431 2 45
432 24 46
433 0 23
434 8 0
435 47 33
436 28 47
437 0 42
438 1 21
439 0 22
440 0 24
441 26 2
442 0 28
443 0 4
444 29 45
445 47 8
446 0 18
447 39 47
448 10 0
449 37 2
450 31 47
451 1 34
452 1 40
453 13 46
454 46 47
455 0 31
456 37 0
457 0 32
458 14 2
459 1 2
460 13 47
461 20 46
462 1 45
463 2 15
464 17 47
465 2 47
466 35 47
467 0 21
468 0 40
469 44 14
470 1 38
471 43 14
472 47 21
473 0 34
474 0 3
475 23 0
476 0 31
477 30 0
478 0 23
479 0 38
480 15 46
481 0 0
482 31 4
483 2 43
484 1 9
485 0 32
486 1 15
487 8 45
488 47 23
489 24 47
490 3 1
491 47 13
492 18 0
493 6 0
494 42 47
495 0 20
496 0 43
497 41 0
498 1 34
499 44 47
500 16 47
501 7 0
502 47 47
503 2 42
504 47 15
505 3 0
506 26 46
507 30 4
508 19 0
509 0 46
510 1 44
511 1 40
512 13 2
513 46 47
514 21 1
515 41 47
516 28 45
517 0 40
518 12 2
519 0 4
520 0 44
521 47 16
522 25 47
523 42 0
524 14 47
525 34 45
526 8 0
527 0 10
528 0 15
529 42 47
530 0 12
531 5 47
532 47 9
533 41 47
534 1 16
535 2 9
536 15 45
537 4 0
538 2 1
539 2 41
540 27 47
541 47 14
542 0 22
543 0 43
544 26 0
545 0 35
546 6 1
547 0 25
548 1 14
549 46 16
550 28 47
551 27 45
552 20 47
553 33 46
554 0 23
555 44 0
556 47 34
557 47 3
558 23 46
559 47 2
560 47 26
561 12 0
562 37 46
563 37 47
564 47 47
565 34 47
566 36 0
567 44 30
568 1 26
569 38 0
570 47 17
571 0 47
572 45 16
573 46 47
574 1 10
575 0 1
576 24 47
577 13 0
578 0 27
579 43 30
580 47 47
581 3 47
582 2 8
583 11 0
584 45 0
585 13 1
586 7 0
587 0 14
588 0 46
589 39 46
590 0 19
591 0 7
592 0 20
593 2 47
594 35 47
595 0 19
596 0 11
597 0 31
598 45 5
599 12 47
600 19 47
601 1 47
602 1 33
603 39 0
604 8 47
605 38 0
606 34 47
607 44 5
608 27 44
609 18 47
610 0 12
611 7 2
612 42 30
613 1 13
614 22 0
615 29 0
616 47 12
617 0 15
618 45 20
619 42 14
620 0 11
621 1 8
622 34 1
623 14 46
624 25 0
625 26 47
626 35 47
627 0 34
628 1 35
629 0 14
630 15 47
631 26 44
632 34 44
633 29 47
634 47 22
635 31 0
636 14 0
637 12 0
638 2 26
639 0 12
640 0 6
641 5 1
642 25 47
643 40 47
644 10 0
645 0 37
646 17 0
647 7 45
648 1 5
649 47 20
650 0 28
651 0 33
652 0 8
653 13 2
654 47 30
655 17 47
656 43 5
657 44 20
658 3 1
659 13 1
660 20 1
661 47 33
662 47 24
663 0 35
664 34 47
665 2 47
666 46 24
667 23 45
668 24 47
669 0 21
670 47 15
671 20 2
672 43 20
673 11 47
674 47 23
675 6 2
676 32 0
677 32 47
678 47 5
679 29 2
680 36 2
681 19 2
682 1 19
683 1 32
684 2 32
685 25 44
686 47 25
687 0 39
688 29 4
689 41 0
690 0 26
691 4 47
692 1 20
693 41 47
694 14 47
695 44 0
696 39 0
697 47 8
698 28 4
699 1 37
700 0 15
701 1 14
702 42 5
703 21 0
704 0 3
705 15 0
706 47 26
707 47 18
708 0 11
709 6 0
710 11 2
711 9 0
712 22 45
713 21 47
714 47 7
715 1 47
716 43 47
717 0 20
718 47 4
719 47 21
720 7 0
721 47 45
722 2 2
723 1 4
724 5 0
725 28 0
726 47 22
727 0 44
728 0 5
729 16 47
730 39 47
731 18 2
732 14 0
733 20 47
734 34 0
735 24 44
736 16 0
737 31 47
738 1 32
739 11 0
740 13 47
741 0 22
742 47 6
743 0 37
744 47 32
745 38 0
746 12 0
747 46 4
748 5 1
749 27 47
750 0 0
751 0 43
752 41 14
753 0 30
754 2 0
755 15 0
756 2 25
757 39 0
758 0 14
759 1 35
760 0 40
761 0 6
762 0 25
763 25 2
764 47 44
765 1 5
766 41 30
767 2 47
768 0 35
769 18 0
770 0 27
771 19 0
772 34 1
773 0 38
774 0 32
775 35 2
776 42 0
777 1 41
778 15 44
779 27 0
780 36 47
781 27 4
782 34 0
783 41 0
784 10 47
785 0 16
786 1 16
787 47 43
788 42 0
789 23 47
790 26 4
791 37 47
792 47 3
793 1 19
794 0 44
795 47 20
796 45 4
797 25 4
798 1 2
799 0 39
800 36 47
801 14 44
802 29 46
803 45 0
804 1 1
805 40 14
806 24 0
807 18 0
808 39 14
809 47 23
810 6 0
811 24 4
812 7 47
813 33 47
814 19 47
815 41 5
816 47 33
817 1 47
818 44 47
819 47 1
820 47 14
821 0 37
822 30 47
823 5 2
824 0 1
825 23 0
826 44 16
827 38 14
828 34 2
829 37 14
830 28 46
831 1 29
832 0 47
833 0 9
834 33 44
835 14 0
836 0 7
837 2 47
838 0 4
839 23 4
840 6 45
841 0 3
842 5 0
843 26 0
844 40 5
845 39 5
846 32 47
847 1 0
848 4 2
849 31 47
850 33 0
851 0 16
852 18 47
853 0 33
854 47 29
855 1 16
856 47 17
857 28 2
858 0 46
859 10 2
860 0 12
861 9 47
862 10 47
863 27 2
864 47 16
865 38 5
866 1 47
867 0 15
868 36 14
869 47 32
870 1 31
871 2 19
872 1 37
873 44 0
874 0 47
875 1 43
876 1 13
877 43 16
878 2 24
879 11 0
880 27 1
881 1 11
882 6 47
883 2 47
884 3 0
885 23 44
886 42 47
887 0 5
888 26 47
889 25 47
890 46 14
891 46 47
892 47 11
893 24 0
894 0 24
895 1 19
896 19 0
897 47 10
898 2 43
899 31 0
900 19 47
901 1 2
902 1 32
903 15 46
904 0 0
905 22 0
906 33 2
907 0 45
908 22 47
909 14 46
910 24 47
911 22 4
912 24 1
913 37 5
914 9 47
915 1 0
916 38 47
917 0 21
918 33 47
919 21 0
920 47 4
921 28 47
922 39 47
923 35 0
924 0 14
925 47 14
926 1 22
927 12 1
928 3 1
929 47 9
930 0 36
931 45 24
932 6 3
933 47 28
934 2 23
935 1 28
936 42 20
937 15 46
938 0 38
939 42 16
940 13 0
941 2 0
942 8 47
943 47 7
944 14 46
945 41 16
946 1 29
947 0 44
948 9 2
949 21 4
950 47 42
951 21 45
952 0 15
953 44 24
954 36 5
955 0 23
956 47 3
957 0 34
958 7 0
959 0 33
960 47 41
961 41 0
962 0 0
963 38 47
964 30 46
965 4 46
966 5 45
967 1 14
968 1 31
969 0 35
970 47 40
971 5 47
972 25 47
973 25 3
974 7 1
975 8 2
976 0 14
977 18 47
978 47 6
979 8 3
980 20 4
981 47 5
982 7 47
983 0 24
984 47 47
985 27 47
986 0 10
987 24 47
988 32 2
989 47 29
990 0 23
991 0 1
992 40 30
993 1 32
994 3 0
995 45 47
996 47 13
997 47 0
998 47 6
999 35 47
1000 3 2
1001 0 0
1002 47 5
1003 35 5
1004 0 36
1005 34 5
1006 42 0
1007 0 35
1008 1 43
1009 15 0
1010 19 47
1011 41 0
1012 19 4
1013 47 2
1014 0 17
1015 0 26
1016 27 2
1017 22 0
1018 47 3
1019 33 1
1020 33 46
1021 18 0
1022 47 22
1023 47 46
1024 15 46
1025 26 47
1026 41 47
1027 0 19
1028 47 23
1029 32 47
1030 0 16
1031 24 3
1032 47 39
1033 47 25
1034 44 4
1035 0 39
1036 34 0
1037 43 0
1038 24 0
1039 10 0
1040 0 37
1041 18 4
1042 47 38
1043 34 46
1044 3 3
1045 12 0
1046 47 8
1047 0 20
1048 1 37
1049 22 44
1050 5 44
1051 32 44
1052 2 11
1053 40 47
1054 47 47
1055 47 31
1056 8 2
1057 24 1
1058 0 25
1059 1 40
1060 13 44
1061 0 45
1062 17 0
1063 7 0
1064 1 1
1065 4 44
1066 37 47
1067 1 31
1068 46 0
1069 1 2
1070 47 22
1071 39 30
1072 18 0
1073 33 5
1074 26 2
1075 1 28
1076 35 14
1077 44 0
1078 0 36
1079 0 32
1080 31 44
1081 12 44
1082 1 1
1083 42 0
1084 17 47
1085 0 35
1086 34 47
1087 22 43
1088 3 44
1089 0 46
1090 0 38
1091 1 12
1092 35 0
1093 25 2
1094 13 0
1095 7 1
1096 0 9
1097 33 0
1098 1 21
1099 0 40
1100 36 47
1101 17 0
1102 3 46
1103 0 34
1104 15 1
1105 1 44
1106 0 43
1107 1 17
1108 47 19
1109 43 24
1110 6 0
1111 11 0
1112 1 36
1113 15 47
1114 24 0
1115 11 44
1116 47 12
1117 0 2
1118 47 11
1119 0 26
1120 42 24
1121 1 2
1122 30 44
1123 30 0
1124 40 16
1125 21 0
1126 20 45
1127 0 36
1128 30 47
1129 0 13
1130 29 0
1131 28 0
1132 5 0
1133 47 6
1134 2 31
1135 39 16
1136 0 42
1137 21 43
1138 1 32
1139 0 21
1140 14 0
1141 47 21
1142 17 4
1143 1 38
1144 32 0
1145 47 18
1146 47 15
1147 0 15
1148 8 47
1149 0 17
1150 47 2
1151 0 33
1152 12 2
1153 16 4
1154 0 34
1155 37 47
1156 2 14
1157 12 47
1158 3 43
1159 2 3
1160 29 44
1161 20 0
1162 3 1
1163 4 0
1164 24 46
1165 17 46
1166 16 0
1167 0 38
1168 2 4
1169 11 2
1170 8 3
1171 0 33
1172 0 47
1173 1 17
1174 38 16
1175 15 2
1176 47 9
1177 18 47
1178 25 47
1179 15 4
1180 0 12
1181 0 1
1182 31 2
1183 28 44
1184 0 10
1185 47 24
1186 0 9
1187 7 47
1188 17 2
1189 1 3
1190 8 0
1191 34 0
1192 39 47
1193 47 23
1194 9 0
1195 32 46
1196 3 45
1197 3 47
1198 29 47
1199 5 3
1200 0 28
1201 7 0
1202 32 5
1203 0 43
1204 3 2
1205 19 47
1206 28 47
1207 19 45
1208 44 1
1209 0 35
1210 47 46
1211 17 0
1212 0 32
1213 2 43
1214 23 0
1215 32 47
1216 31 0
1217 1 30
1218 23 46
1219 3 31
1220 34 14
1221 0 41
1222 0 34
1223 0 30
1224 41 20
1225 14 47
1226 0 42
1227 1 13
1228 23 3
1229 47 12
1230 1 31
1231 47 47
1232 0 24
1233 0 29
1234 47 1
1235 47 37
1236 18 45
1237 9 1
1238 22 0
1239 30 0
1240 1 26
1241 47 11
1242 47 2
1243 22 3
1244 0 14
1245 47 28
1246 17 47
1247 0 26
1248 38 30
1249 33 46
1250 41 0
1251 0 4
1252 38 0
1253 47 20
1254 47 27
1255 15 47
1256 0 43
1257 31 47
1258 0 11
1259 23 0
1260 37 0
1261 27 44
1262 0 37
1263 47 36
1264 37 16
1265 0 36
1266 7 3
1267 0 15
1268 2 5
1269 21 47
1270 10 0
1271 37 30
1272 22 47
1273 40 0
1274 0 18
1275 47 8
1276 39 0
1277 32 46
1278 0 46
1279 47 22
1280 16 0
1281 0 13
1282 2 2
1283 1 20
1284 8 1
1285 1 13
1286 1 5
1287 1 30
1288 22 0
1289 1 47
1290 10 2
1291 0 40
1292 17 45
1293 14 2
1294 10 44
1295 23 0
1296 2 31
1297 2 3
1298 9 2
1299 0 0
1300 36 0
1301 13 2
1302 0 3
1303 12 2
1304 0 42
1305 47 26
1306 1 23
1307 20 43
1308 22 0
1309 41 24
1310 47 46
1311 36 30
1312 0 22
1313 0 19
1314 16 47
1315 2 47
1316 32 45
1317 2 15
1318 30 2
1319 47 5
1320 0 45
1321 2 23
1322 18 47
1323 47 25
1324 1 0
1325 14 4
1326 1 21
1327 44 47
1328 37 0
1329 40 24
1330 0 6
1331 17 0
1332 28 1
1333 9 0
1334 1 34
1335 33 14
1336 16 45
1337 0 34
1338 13 0
1339 25 0
1340 23 45
1341 33 0
1342 0 1
1343 40 47
1344 0 13
1345 12 0
1346 17 47
1347 0 47
1348 47 10
1349 35 30
1350 27 47
1351 24 47
1352 33 47
1353 14 47
1354 0 30
1355 0 8
1356 0 44
1357 36 0
1358 34 30
1359 22 45
1360 1 26
1361 47 4
1362 46 20
1363 0 39
1364 0 4
1365 23 0
1366 47 1
1367 1 30
1368 24 2
1369 0 30
1370 1 20
1371 4 47
1372 7 2
1373 28 0
1374 36 16
1375 0 7
1376 2 14
1377 2 32
1378 0 10
1379 1 11
1380 1 14
1381 31 5
1382 6 0
1383 16 47
1384 0 21
1385 11 0
1386 31 45
1387 12 0
1388 0 3
1389 29 2
1390 39 24
1391 0 6
1392 1 29
1393 2 46
1394 47 11
1395 45 0
1396 36 47
1397 43 1
1398 1 12
1399 47 7
1400 47 47
1401 0 4
1402 35 0
1403 15 45
1404 23 2
1405 7 0
1406 47 24
1407 34 47
1408 9 47
1409 26 47
1410 38 0
1411 0 3
1412 0 31
1413 3 44
1414 3 45
1415 1 47
1416 9 44
1417 47 0
1418 0 18
1419 2 0
1420 14 46
1421 0 19
1422 1 1
1423 0 1
1424 0 33
1425 11 2
1426 1 44
1427 47 3
1428 10 0
1429 13 4
1430 47 1
1431 2 14
1432 32 0
1433 3 47
1434 1 46
1435 40 20
1436 47 20
1437 21 47
1438 47 17
1439 5 0
1440 22 0
1441 0 17
1442 24 0
1443 43 4
1444 1 32
1445 47 25
1446 0 23
1447 27 47
1448 37 47
1449 1 11
1450 2 42
1451 0 27
1452 46 47
1453 26 44
1454 6 2
1455 28 2
1456 1 34
1457 2 45
1458 0 22
1459 47 4
1460 0 44
1461 14 47
1462 1 12
1463 0 18
1464 1 43
1465 30 47
1466 0 46
1467 0 47
1468 30 1
1469 1 2
1470 47 19
1471 1 35
1472 39 47
1473 22 1
1474 8 44
1475 33 47
1476 0 12
1477 0 37
1478 13 0
1479 35 16
1480 47 21
1481 21 3
1482 0 5
1483 47 6
1484 43 47
1485 1 25
1486 0 41
1487 26 47
1488 25 44
1489 0 35
1490 47 0
1491 42 4
1492 27 2
1493 47 10
1494 38 24
1495 4 3
1496 19 43
1497 47 1
1498 27 0
1499 2 41
1500 46 19
1501 14 45
1502 20 47
1503 11 1
1504 1 42
1505 29 47
1506 47 20
1507 26 2
1508 1 39
1509 1 11
1510 1 46
1511 40 47
1512 24 44
1513 0 21
1514 11 2
1515 0 30
1516 2 11
1517 7 44
1518 16 46
1519 21 47
1520 41 4
1521 47 14
1522 1 19
1523 37 24
1524 2 44
1525 0 32
1526 9 3
1527 20 47
1528 34 0
1529 34 16
1530 6 47
1531 30 45
1532 1 10
1533 10 2
1534 45 19
1535 8 47
1536 2 40
1537 2 4
1538 30 5
1539 6 44
1540 47 19
1541 20 3
1542 47 47
1543 5 2
1544 19 0
1545 26 0
1546 0 6
1547 17 47
1548 0 24
1549 37 0
1550 4 0
1551 1 14
1552 0 43
1553 2 2
1554 44 0
1555 1 2
1556 25 2
1557 33 16
1558 23 44
1559 0 23
1560 2 3
1561 47 24
1562 1 44
1563 4 4
1564 1 31
1565 3 4
1566 44 19
1567 0 9
1568 0 33
1569 47 3
1570 9 0
1571 32 47
1572 43 19
1573 10 0
1574 45 0
1575 0 11
1576 47 0
1577 36 47
1578 35 0
1579 30 0
1580 0 44
1581 5 47
1582 47 1
1583 43 0
1584 18 43
1585 13 45
1586 2 46
1587 1 20
1588 42 47
1589 15 47
1590 6 47
1591 4 2
1592 40 4
1593 0 12
1594 17 43
1595 2 22
1596 1 1
1597 0 32
1598 16 43
1599 2 41
1600 46 47
1601 12 45
1602 39 20
1603 8 2
1604 29 45
1605 47 0
1606 12 0
1607 27 0
1608 0 20
1609 2 2
1610 0 8
1611 14 47
1612 2 31
1613 16 2
1614 9 0
1615 11 47
1616 23 0
1617 0 22
1618 47 30
1619 34 0
1620 9 47
1621 1 4
1622 2 40
1623 28 45
1624 35 47
1625 27 45
1626 2 21
1627 24 0
1628 4 3
1629 47 5
1630 2 22
1631 36 24
1632 42 0
1633 32 1
1634 35 24
1635 9 4
1636 25 1
1637 0 2
1638 0 10
1639 47 23
1640 0 19
1641 19 47
1642 39 4
1643 33 0
1644 34 47
1645 21 45
1646 15 46
1647 47 22
1648 47 35
1649 1 46
1650 0 33
1651 23 47
1652 0 46
1653 5 0
1654 0 21
1655 2 44
1656 32 16
1657 16 0
1658 0 26
1659 22 44
1660 47 1
1661 11 0
1662 22 0
1663 31 1
1664 47 47
1665 1 17
1666 21 0
1667 18 0
1668 8 4
1669 47 16
1670 34 24
1671 1 8
1672 35 47
1673 47 34
1674 15 0
1675 0 4
1676 33 24
1677 46 3
1678 7 2
1679 36 0
1680 29 0
1681 31 47
1682 43 47
1683 0 16
1684 32 14
1685 0 14
1686 20 47
1687 9 1
1688 1 14
1689 31 14
1690 22 47
1691 42 19
1692 12 47
1693 20 0
1694 0 43
1695 1 4
1696 47 21
1697 0 38
1698 47 9
1699 28 47
1700 47 33
1701 0 47
1702 11 47
1703 30 0
1704 19 3
1705 2 41
1706 39 47
1707 44 0
1708 0 14
1709 2 47
1710 23 0
1711 47 3
1712 14 0
1713 9 0
1714 19 47
1715 0 3
1716 21 0
1717 0 2
1718 2 17
1719 31 2
1720 3 47
1721 2 20
1722 33 30
1723 0 4
1724 1 45
1725 45 0
1726 1 43
1727 1 12
1728 0 1
1729 4 0
1730 32 0
1731 21 47
1732 12 0
1733 17 0
1734 2 3
1735 47 6
1736 0 12
1737 6 0
1738 32 30
1739 31 16
1740 1 5
1741 0 46
1742 0 47
1743 34 47
1744 2 47
1745 5 47
1746 1 31
1747 22 47
1748 1 18
1749 47 5
1750 13 47
1751 38 20
1752 0 44
1753 47 6
1754 15 43
1755 15 2
1756 11 0
1757 14 47
1758 47 17
1759 22 43
1760 46 19
1761 1 40
1762 1 46
1763 15 45
1764 5 44
1765 47 32
1766 1 22
1767 11 45
1768 7 4
1769 2 45
1770 25 47
1771 0 36
1772 1 39
1773 10 45
1774 3 5
1775 24 47
1776 27 47
1777 47 33
1778 12 0
1779 1 4
1780 14 2
1781 1 40
1782 20 45
1783 2 2
1784 2 42
1785 13 2
1786 2 41
1787 0 35
1788 33 0
1789 21 47
1790 1 3
1791 38 4
1792 47 0
1793 0 3
1794 19 45
1795 6 2
1796 1 28
1797 14 43
1798 47 5
1799 29 0
1800 1 0
1801 30 14
1802 26 45
1803 12 2
1804 11 0
1805 44 0
1806 35 0
1807 26 47
1808 3 47
1809 0 29
1810 0 30
1811 1 20
1812 46 0
1813 0 29
1814 16 47
1815 33 47
1816 37 4
1817 0 27
1818 47 16
1819 0 18
1820 2 28
1821 36 0
1822 47 29
1823 2 1
1824 1 39
1825 1 11
1826 32 0
1827 6 4
1828 0 25
1829 47 13
1830 0 2
1831 1 17
1832 25 45
1833 2 17
1834 41 0
1835 47 6
1836 47 5
1837 31 30
1838 20 0
1839 32 24
1840 0 13
1841 0 7
1842 0 32
1843 21 43
1844 30 30
1845 13 0
1846 0 1
1847 14 0
1848 12 4
1849 1 18
1850 0 2
1851 24 45
1852 3 0
1853 1 14
1854 47 8
1855 22 0
1856 0 5
1857 1 5
1858 9 45
1859 0 46
1860 6 47
1861 47 2
1862 13 0
1863 34 47
1864 1 28
1865 23 0
1866 33 47
1867 47 15
1868 47 19
1869 13 43
1870 0 15
1871 22 0
1872 9 2
1873 0 40
1874 40 0
1875 29 5
1876 4 44
1877 29 30
1878 27 47
1879 47 22
1880 41 19
1881 46 47
1882 36 4
1883 47 28
1884 0 37
1885 0 16
1886 20 43
1887 11 4
1888 5 47
1889 0 12
1890 35 4
1891 0 9
1892 0 22
1893 13 47
1894 0 10
1895 3 44
1896 11 2
1897 0 15
1898 5 2
1899 0 24
1900 0 6
1901 25 0
1902 30 2
1903 14 0
1904 2 3
1905 40 19
1906 23 47
1907 1 42
1908 0 18
1909 47 27
1910 39 19
1911 10 4
1912 47 1
1913 24 47
1914 29 2
1915 19 43
1916 8 0
1917 28 5
1918 2 4
1919 2 40
1920 2 3
1921 5 1
1922 8 45
1923 47 0
1924 5 0
1925 47 4
1926 1 45
1927 14 47
1928 0 8
1929 1 1
1930 2 0
1931 1 47
1932 22 47
1933 18 3
1934 1 2
1935 0 20
1936 0 38
1937 0 34
1938 5 4
1939 12 43
1940 1 19
1941 4 1
1942 0 1
1943 23 0
1944 25 1
1945 0 4
1946 0 17
1947 38 47
1948 5 5
1949 19 0
1950 8 47
1951 0 18
1952 0 25
1953 2 1
1954 26 0
1955 0 47
1956 31 24
1957 0 30
1958 43 0
1959 0 9
1960 47 2
1961 0 10
1962 1 46
1963 2 0
1964 22 0
1965 47 12
1966 34 47
1967 1 4
1968 2 41
1969 33 47
1970 21 0
1971 47 47
1972 0 37
1973 0 9
1974 5 4
1975 47 26
1976 0 2
1977 0 3
1978 46 2
1979 31 0
1980 0 36
1981 2 44
1982 0 43
1983 46 0
1984 0 33
1985 39 0
1986 18 43
1987 3 3
1988 1 10
1989 0 5
1990 24 1
1991 0 45
1992 0 24
1993 25 0
1994 34 4
1995 0 25
1996 13 47
1997 33 4
1998 21 47
1999 47 2
2000 1 1
2001 2 5
2002 0 44
2003 28 0
2004 7 45
2005 2 6
2006 18 45
2007 0 42
2008 29 14
2009 39 18
2010 14 47
2011 47 21
2012 1 21
2013 34 47
2014 17 3
2015 0 10
2016 1 5
2017 0 13
2018 32 4
2019 28 2
2020 6 0
2021 47 1
2022 14 45
2023 23 47
2024 4 0
2025 6 45
2026 1 4
2027 10 47
2028 10 0
2029 11 47
2030 1 34
2031 2 43
2032 17 47
2033 31 4
2034 4 1
2035 2 40
2036 16 47
2037 1 9
2038 8 1
2039 28 14
2040 0 35
2041 26 0
2042 1 5
2043 46 47
2044 0 11
2045 47 32
2046 21 46
2047 0 10
2048 9 0
2049 6 47
2050 0 46
2051 28 30
2052 7 1
2053 29 0
2054 2 9
2055 10 47
2056 13 47
2057 2 14
2058 38 18
2059 2 47
2060 22 0
2061 1 29
2062 1 41
2063 17 45
2064 11 43
2065 30 16
2066 7 2
2067 2 21
2068 1 43
2069 29 16
2070 30 47
2071 3 47
2072 32 0
2073 0 12
2074 27 5
2075 1 9
2076 45 0
2077 5 0
2078 37 18
2079 28 16
2080 24 0
2081 8 0
2082 16 0
2083 0 7
2084 9 4
2085 47 22
2086 0 41
2087 4 4
2088 1 2
2089 0 9
2090 0 39
2091 11 47
2092 27 0
2093 46 0
2094 23 45
2095 13 0
2096 6 0
2097 0 28
2098 0 43
2099 1 21
2100 35 0
2101 0 19
2102 6 2
2103 1 32
2104 42 47
2105 42 0
2106 0 4
2107 30 24
2108 15 0
2109 2 19
2110 0 40
2111 31 0
2112 0 32
2113 29 24
2114 26 0
2115 18 0
2116 4 5
2117 1 17
2118 33 47
2119 47 11
2120 3 0
2121 1 4
2122 1 14
2123 1 47
2124 22 2
2125 10 43
2126 4 2
2127 12 0
2128 27 16
2129 27 14
2130 8 2
2131 17 43
2132 0 36
2133 38 0
2134 1 0
2135 9 0
2136 0 10
2137 10 2
2138 24 1
2139 8 1
2140 0 24
2141 28 24
2142 10 47
2143 3 5
2144 32 0
2145 47 7
2146 37 47
2147 4 1
2148 0 3
2149 0 25
2150 0 41
2151 36 47
2152 34 0
2153 1 13
2154 30 4
2155 21 2
2156 1 42
2157 26 47
2158 0 4
2159 47 47
2160 1 1
2161 4 47
2162 1 8
2163 29 47
2164 12 47
2165 41 47
2166 15 47
2167 22 47
2168 10 46
2169 25 0
2170 1 38
2171 5 0
2172 1 16
2173 4 5
2174 27 2
2175 7 1
2176 35 0
2177 0 27
2178 1 17
2179 47 6
2180 1 37
2181 37 0
2182 1 20
2183 2 39
2184 14 47
2185 4 2
2186 1 38
2187 2 18
2188 0 38
2189 1 9
2190 13 45
2191 0 21
2192 2 2
2193 0 24
2194 23 1
2195 27 24
2196 0 22
2197 47 7
2198 8 0
2199 2 42
2200 3 1
2201 0 34
2202 28 47
2203 22 45
2204 47 6
2205 0 25
2206 22 44
2207 3 47
2208 1 37
2209 24 0
2210 18 47
2211 11 0
2212 36 18
2213 6 3
2214 40 47
2215 1 14
2216 9 43
2217 1 16
2218 31 0
2219 23 47
2220 0 8
2221 47 10
2222 25 47
2223 3 5
2224 0 13
2225 1 21
2226 26 5
2227 2 17
2228 4 47
2229 26 14
2230 39 47
2231 9 0
2232 25 5
2233 47 25
2234 0 7
2235 45 0
2236 2 14
2237 0 3
2238 12 45
2239 2 37
2240 32 0
2241 47 31
2242 4 5
2243 9 2
2244 5 3
2245 41 0
2246 23 2
2247 5 45
2248 26 16
2249 5 4
2250 29 4
2251 6 46
2252 11 47
2253 38 47
2254 12 47
2255 0 1
2256 25 0
2257 47 3
2258 1 20
2259 1 28
2260 31 0
2261 32 47
2262 0 26
2263 8 2
2264 0 17
2265 1 42
2266 1 5
2267 37 20
2268 1 38
2269 0 8
2270 2 9
2271 11 45
2272 4 45
2273 39 47
2274 16 43
2275 15 43
2276 5 2
2277 47 24
2278 1 14
2279 1 41
2280 27 30
2281 0 4
2282 17 0
2283 2 42
2284 3 0
2285 1 3
2286 46 47
2287 25 16
2288 26 2
2289 0 21
2290 47 47
2291 0 42
2292 0 18
2293 1 34
2294 2 14
2295 1 6
2296 47 30
2297 0 27
2298 47 4
2299 47 0
2300 3 45
2301 26 30
2302 2 47
2303 0 16
2304 0 3
2305 2 18
2306 1 29
2307 0 14
2308 17 47
2309 21 47
2310 2 1
2311 0 22
2312 0 0
2313 2 17
2314 0 7
2315 2 36
2316 1 5
2317 47 29
2318 25 2
2319 20 2
2320 47 9
2321 44 0
2322 0 1
2323 2 40
2324 1 15
2325 0 2
2326 0 47
2327 3 2
2328 0 41
2329 25 30
2330 16 47
2331 0 34
2332 14 43
2333 8 3
2334 40 0
2335 46 47
2336 13 43
2337 0 29
2338 47 28
2339 3 3
2340 47 47
2341 2 2
2342 1 34
2343 6 47
2344 18 0
2345 8 0
2346 2 43
2347 47 25
2348 0 6
2349 3 4
2350 20 47
2351 0 46
2352 31 47
2353 1 31
2354 24 0
2355 2 5
2356 11 44
2357 32 0
2358 25 1
2359 9 47
2360 0 30
2361 16 45
2362 36 20
2363 26 24
2364 0 8
2365 28 0
2366 0 5
2367 35 18
2368 27 47
2369 10 44
2370 7 47
2371 21 44
2372 34 18
2373 47 14
2374 35 20
2375 0 0
2376 25 14
2377 0 34
2378 1 41
2379 0 37
2380 0 36
2381 2 45
2382 24 14
2383 38 47
2384 16 3
2385 14 46
2386 0 21
2387 24 16
2388 1 43
2389 39 0
2390 0 37
2391 0 1
2392 15 3
2393 47 8
2394 46 0
2395 34 20
2396 23 0
2397 47 24
2398 0 39
2399 6 4
2400 2 13
2401 47 25
2402 47 13
2403 21 0
2404 43 0
2405 1 45
2406 6 47
2407 25 0
2408 9 5
2409 1 28
2410 33 20
2411 11 46
2412 33 18
2413 47 27
2414 1 47
2415 0 17
2416 14 0
2417 0 24
2418 15 47
2419 0 26
2420 0 35
2421 0 22
2422 0 3
2423 1 4
2424 10 46
2425 46 6
2426 46 47
2427 24 30
2428 17 0
2429 4 2
2430 0 41
2431 42 0
2432 1 24
2433 0 6
2434 19 2
2435 47 47
2436 0 19
2437 34 0
2438 3 1
2439 0 2
2440 25 24
2441 0 16
2442 0 28
2443 25 46
2444 7 47
2445 1 9
2446 1 1
2447 14 3
2448 1 28
2449 24 24
2450 0 34
2451 39 47
2452 32 20
2453 13 46
2454 22 0
2455 27 0
2456 0 33
2457 41 0
2458 22 2
2459 13 3
2460 11 47
2461 47 7
2462 0 5
2463 12 43
2464 45 6
2465 23 24
2466 46 47
2467 0 12
2468 14 47
2469 24 0
2470 0 21
2471 0 1
2472 18 2
2473 6 1
2474 12 3
2475 31 0
2476 23 30
2477 2 43
2478 9 46
2479 23 0
2480 1 44
2481 0 32
2482 11 43
2483 1 6
2484 2 47
2485 47 47
2486 12 46
2487 5 47
2488 4 0
2489 2 9
2490 46 47
2491 23 14
2492 13 0
2493 2 15
2494 1 40
2495 1 14
2496 6 0
2497 1 10
2498 0 23
2499 10 47
2500 7 3
2501 9 0
2502 0 3
2503 11 3
2504 1 7
2505 20 44
2506 47 6
2507 2 40
2508 0 36
2509 1 17
2510 3 0
2511 11 1
2512 26 47
2513 17 2
2514 1 37
2515 1 6
2516 22 14
2517 32 18
2518 1 7
2519 1 18
2520 31 20
2521 11 47
2522 24 5
2523 2 0
2524 47 28
2525 19 47
2526 3 3
2527 47 7
2528 47 24
2529 26 0
2530 0 44
2531 4 4
2532 0 28
2533 12 0
2534 8 0
2535 23 16
2536 31 18
2537 27 47
2538 1 6
2539 2 3
2540 16 0
2541 5 0
2542 7 2
2543 20 0
2544 2 35
2545 0 25
2546 15 45
2547 0 29
2548 1 43
2549 0 7
2550 21 2
2551 47 47
2552 8 5
2553 1 2
2554 0 45
2555 26 47
2556 13 0
2557 5 1
2558 3 4
2559 0 4
2560 24 46
2561 0 44
2562 38 47
2563 22 0
2564 9 0
2565 1 47
2566 4 4
2567 22 1
2568 22 47
2569 1 41
2570 42 0
2571 0 45
2572 10 47
2573 0 8
2574 1 17
2575 30 47
2576 19 44
2577 0 10
2578 1 44
2579 11 0
2580 30 0
2581 5 0
2582 10 45
2583 0 22
2584 22 16
2585 22 0
2586 47 27
2587 1 10
2588 1 30
2589 22 30
2590 1 0
2591 39 47
2592 0 21
2593 21 16
2594 6 2
2595 21 14
2596 3 1
2597 7 2
2598 2 24
2599 1 23
2600 0 18
2601 0 19
2602 47 21
2603 0 30
2604 19 0
2605 2 8
2606 0 18
2607 13 47
2608 16 2
2609 30 20
2610 0 43
2611 0 10
2612 3 4
2613 15 2
2614 1 7
2615 1 10
2616 1 34
2617 24 1
2618 25 0
2619 14 47
2620 29 0
2621 20 2
2622 0 23
2623 47 26
2624 10 44
2625 47 27
2626 3 0
2627 0 20
2628 30 18
2629 0 33
2630 0 9
2631 0 35
2632 0 47
2633 10 45
2634 14 2
2635 3 2
2636 0 42
2637 47 23
2638 13 2
2639 38 47
2640 8 46
2641 0 0
2642 0 7
2643 14 45
2644 47 0
2645 0 26
2646 1 19
2647 4 4
2648 47 6
2649 35 47
2650 47 18
2651 2 1
2652 37 47
2653 12 47
2654 0 31
2655 33 0
2656 36 0
2657 0 44
2658 6 47
2659 0 46
2660 38 47
2661 18 0
2662 2 16
2663 8 47
2664 0 29
2665 11 42
2666 23 1
2667 24 47
2668 23 2
2669 0 2
2670 1 33
2671 32 0
2672 0 41
2673 13 45
2674 0 1
2675 24 0
2676 2 6
2677 0 22
2678 19 2
2679 47 3
2680 24 46
2681 7 5
2682 9 45
2683 3 4
2684 0 15
2685 47 17
2686 1 43
2687 1 4
2688 12 46
2689 18 44
2690 47 5
2691 15 0
2692 1 42
2693 0 32
2694 34 47
2695 28 4
2696 2 19
2697 35 0
2698 0 4
2699 47 20
2700 0 25
2701 1 31
2702 1 3
2703 7 46
2704 1 5
2705 17 0
2706 9 47
2707 12 0
2708 2 12
2709 37 47
2710 47 26
2711 10 3
2712 29 20
2713 17 44
2714 36 47
2715 46 47
2716 0 37
2717 20 14
2718 19 14
2719 7 6
2720 28 20
2721 22 24
2722 0 24
2723 0 8
2724 23 5
2725 7 45
2726 20 16
2727 33 47
2728 21 47
2729 1 34
2730 4 2
2731 34 0
2732 35 47
2733 2 23
2734 0 47
2735 0 6
2736 0 31
2737 7 0
2738 2 11
2739 0 40
2740 9 3
2741 4 47
2742 47 12
2743 5 1
2744 47 16
2745 22 2
2746 47 19
2747 0 11
2748 47 2
2749 0 12
2750 1 33
2751 3 6
2752 47 3
2753 0 30
2754 0 7
2755 11 47
2756 0 10
2757 16 44
2758 47 47
2759 0 45
2760 1 6
2761 15 44
2762 2 31
2763 0 25
2764 13 0
2765 10 45
2766 36 47
2767 0 31
2768 0 28
2769 25 0
2770 15 1
2771 1 39
2772 24 0
2773 0 5
2774 16 0
2775 18 14
2776 18 47
2777 9 1
2778 0 3
2779 1 19
2780 1 38
2781 0 43
2782 14 1
2783 47 2
2784 0 27
2785 22 5
2786 1 39
2787 0 23
2788 17 47
2789 10 47
2790 16 47
2791 1 38
2792 0 46
2793 0 30
2794 47 25
2795 2 34
2796 8 47
2797 10 42
2798 21 0
2799 17 14
2800 2 22
2801 10 41
2802 1 35
2803 6 2
2804 1 22
2805 16 14
2806 0 9
2807 12 47
2808 20 0
2809 2 15
2810 47 4
2811 6 6
2812 3 2
2813 8 43
2814 1 32
2815 15 1
2816 2 16
2817 35 47
2818 46 2
2819 3 7
2820 6 46
2821 36 47
2822 46 0
2823 0 0
2824 0 29
2825 47 22
2826 0 42
2827 47 2
2828 7 2
2829 1 8
2830 10 0
2831 12 46
2832 12 0
2833 0 47
2834 0 21
2835 15 14
2836 1 13
2837 2 6
2838 0 44
2839 21 24
2840 24 47
2841 20 24
2842 1 41
2843 35 47
2844 6 47
2845 11 47
2846 27 47
2847 47 24
2848 0 39
2849 1 10
2850 5 6
2851 8 1
2852 9 47
2853 8 3
2854 13 44
2855 47 5
2856 6 2
2857 10 47
2858 21 2
2859 1 6
2860 29 47
2861 26 47
2862 1 2
2863 0 2
2864 19 16
2865 1 14
2866 46 47
2867 2 33
2868 2 12
2869 12 44
2870 44 6
2871 1 13
2872 1 2
2873 18 2
2874 12 47
2875 0 46
2876 21 5
2877 0 17
2878 3 47
2879 0 32
2880 6 45
2881 0 19
2882 0 40
2883 0 20
2884 19 24
2885 2 34
2886 7 43
2887 47 47
2888 2 15
2889 9 41
2890 17 2
2891 1 25
2892 1 16
2893 47 11
2894 1 42
2895 1 21
2896 4 6
2897 29 18
2898 5 47
2899 13 0
2900 47 18
2901 12 46
2902 28 47
2903 16 2
2904 20 2
2905 19 2
2906 43 6
2907 26 46
2908 0 10
2909 2 7
2910 2 39
2911 1 14
2912 20 47
2913 23 0
2914 47 1
2915 45 0
2916 1 41
2917 0 25
2918 0 9
2919 0 39
2920 0 21
2921 8 41
2922 0 30
2923 26 47
2924 12 0
2925 0 35
2926 5 45
2927 0 2
2928 1 34
2929 12 2
2930 6 0
2931 47 4
2932 1 17
2933 1 1
2934 42 6
2935 47 21
2936 4 2
2937 35 0
2938 16 3
2939 21 30
2940 3 6
2941 7 2
2942 3 2
2943 1 3
2944 8 0
2945 18 2
2946 0 36
2947 1 40
2948 18 16
2949 3 39
2950 14 1
2951 0 6
2952 11 44
2953 6 47
2954 34 0
2955 5 47
2956 1 4
2957 29 47
2958 32 47
2959 1 37
2960 1 32
2961 4 45
2962 20 5
2963 0 20
2964 1 0
2965 35 0
2966 11 2
2967 28 0
2968 0 22
2969 0 47
2970 19 47
2971 13 47
2972 2 30
2973 14 47
2974 1 19
2975 13 0
2976 2 37
2977 27 4
2978 8 4
2979 11 43
2980 2 29
2981 0 35
2982 38 0
2983 17 16
2984 27 47
2985 0 38
2986 16 16
2987 1 3
2988 22 0
2989 4 2
2990 5 0
2991 1 11
2992 2 34
2993 15 3
2994 18 47
2995 9 45
2996 12 0
2997 0 28
2998 0 4
2999 31 0
3000 13 47
3001 47 19
3002 1 47
3003 1 5
3004 31 47
3005 1 44
3006 0 8
3007 3 2
3008 0 19
3009 41 6
3010 0 37
3011 1 1
3012 0 32
3013 3 46
3014 23 47
3015 47 3
3016 0 45
3017 7 0
3018 0 24
3019 19 0
3020 15 47
3021 2 4
3022 37 0
3023 4 44
3024 3 44
3025 2 16
3026 14 3
3027 0 1
3028 47 10
3029 17 2
3030 13 0
3031 47 9
3032 3 47
3033 0 3
3034 38 0
3035 18 0
3036 44 0
3037 10 2
3038 2 19
3039 19 0
3040 11 47
3041 16 47
3042 0 34
3043 0 5
3044 41 0
3045 3 43
3046 12 45
3047 15 16
3048 47 4
3049 47 22
3050 8 0
3051 14 44
3052 11 45
3053 1 10
3054 12 0
3055 2 43
3056 14 0
3057 7 41
3058 0 35
3059 0 33
3060 0 11
3061 19 47
3062 8 45
3063 6 43
3064 0 4
3065 8 3
3066 5 43
3067 13 44
3068 47 15
3069 2 18
3070 27 20
3071 8 47
3072 28 18
3073 0 46
3074 2 10
3075 0 36
3076 14 16
3077 0 25
3078 0 16
3079 0 27
3080 3 3
3081 0 29
3082 3 5
3083 1 20
3084 2 39
3085 9 2
3086 1 13
3087 7 45
3088 1 27
3089 19 5
3090 0 17
3091 34 0
3092 0 45
3093 0 27
3094 10 47
3095 0 5
3096 11 47
3097 8 4
3098 4 43
3099 10 47
3100 47 25
3101 4 42
3102 10 43
3103 0 41
3104 2 8
3105 3 6
3106 0 7
3107 18 0
3108 22 47
3109 2 5
3110 0 38
3111 8 3
3112 0 32
3113 40 0
3114 0 14
3115 1 21
3116 1 0
3117 12 47
3118 0 2
3119 26 4
3120 6 47
3121 1 1
3122 2 4
3123 3 2
3124 1 4
3125 30 0
3126 1 7
3127 34 47
3128 10 1
3129 0 39
3130 12 44
3131 2 28
3132 1 41
3133 0 38
3134 0 6
3135 0 30
3136 2 3
3137 21 47
3138 0 24
3139 3 12
3140 13 3
3141 9 43
3142 43 0
3143 4 1
3144 42 0
3145 6 0
3146 0 33
3147 14 1
3148 5 0
3149 3 42
3150 1 17
3151 15 47
3152 29 46
3153 29 47
3154 1 43
3155 16 2
3156 12 43
3157 21 0
3158 18 24
3159 12 3
3160 29 46
3161 14 14
3162 2 5
3163 0 40
3164 46 47
3165 1 31
3166 27 0
3167 4 2
3168 10 45
3169 0 32
3170 8 46
3171 11 0
3172 1 2
3173 1 20
3174 0 47
3175 0 2
3176 1 9
3177 4 1
3178 1 39
3179 2 15
3180 47 18
3181 0 44
3182 6 0
3183 40 6
3184 0 37
3185 0 17
3186 2 43
3187 11 43
3188 1 34
3189 0 9
3190 1 10
3191 1 45
3192 1 12
3193 19 0
3194 5 47
3195 13 16
3196 1 5
3197 14 47
3198 2 10
3199 1 10
3200 26 0
3201 0 26
3202 0 27
3203 27 18
3204 33 47
3205 2 9
3206 8 4
3207 2 4
3208 1 17
3209 5 1
3210 8 3
3211 10 0
3212 0 29
3213 0 33
3214 47 17
3215 47 21
3216 11 3
3217 1 8
3218 3 11
3219 25 0
3220 34 47
3221 1 46
3222 10 3
3223 5 0
3224 0 8
3225 39 6
3226 11 42
3227 0 32
3228 1 7
3229 0 26
3230 0 5
3231 0 17
3232 8 4
3233 0 18
3234 1 28
3235 6 45
3236 22 0
3237 14 0
3238 0 38
3239 1 33
3240 0 9
3241 0 21
3242 47 18
3243 10 1
3244 26 20
3245 2 10
3246 1 16
3247 33 47
3248 1 42
3249 4 1
3250 6 41
3251 0 10
3252 8 2
3253 5 45
3254 2 44
3255 24 0
3256 47 14
3257 13 14
3258 38 6
3259 3 3
3260 21 0
3261 9 1
3262 33 0
3263 1 8
3264 1 30
3265 47 47
3266 8 3
3267 1 37
3268 0 22
3269 17 0
3270 1 10
3271 22 0
3272 47 0
3273 25 0
3274 0 4
3275 4 45
3276 0 27
3277 47 20
3278 20 0
3279 2 17
3280 47 17
3281 15 2
3282 3 2
3283 0 37
3284 9 2
3285 7 0
3286 1 7
3287 47 24
3288 8 0
3289 18 47
3290 2 18
3291 47 16
3292 1 3
3293 29 0
3294 9 45
3295 4 2
3296 0 43
3297 2 28
3298 47 17
3299 8 43
3300 47 23
3301 3 3
3302 0 25
3303 43 0
3304 30 47
3305 24 0
3306 0 20
3307 7 0
3308 46 0
3309 1 44
3310 1 41
3311 37 0
3312 8 0
3313 39 0
3314 1 8
3315 2 17
3316 0 31
3317 28 46
3318 2 42
3319 4 1
3320 47 19
3321 28 0
3322 2 39
3323 14 2
3324 42 0
3325 3 9
3326 0 11
3327 2 5
3328 0 34
3329 26 47
3330 47 20
3331 10 42
3332 9 42
3333 2 14
3334 12 14
3335 0 39
3336 41 0
3337 12 46
3338 2 46
3339 47 0
3340 47 19
3341 9 41
3342 39 1
3343 0 32
3344 8 41
3345 8 47
3346 17 24
3347 25 47
3348 11 47
3349 1 15
3350 18 5
3351 6 2
3352 0 23
3353 1 16
3354 1 15
3355 0 42
3356 5 2
3357 47 3
3358 22 1
3359 0 35
3360 0 5
3361 0 34
3362 17 47
3363 1 6
3364 0 40
3365 2 16
3366 2 10
3367 1 0
3368 16 0
3369 2 43
3370 0 15
3371 0 35
3372 1 18
3373 7 43
3374 7 47
3375 19 0
3376 9 1
3377 1 34
3378 20 30
3379 1 46
3380 47 8
3381 6 43
3382 29 47
3383 13 2
3384 2 41
3385 0 4
3386 1 25
3387 4 2
3388 1 10
3389 18 0
3390 0 39
3391 10 0
3392 12 45
3393 16 1
3394 2 47
3395 16 47
3396 0 46
3397 7 3
3398 22 0
3399 8 5
3400 2 38
3401 1 41
3402 1 36
3403 46 0
3404 8 47
3405 30 47
3406 1 31
3407 1 38
3408 0 13
3409 39 0
3410 7 2
3411 3 7
3412 4 1
3413 28 47
3414 12 16
3415 1 47
3416 0 43
3417 21 0
3418 47 22
3419 3 2
3420 1 15
3421 47 21
3422 47 7
3423 42 0
3424 2 36
3425 47 16
3426 23 0
3427 2 42
3428 37 6
3429 9 2
3430 47 0
3431 24 0
3432 20 47
3433 8 40
3434 8 45
3435 32 47
3436 0 19
3437 26 18
3438 2 0
3439 2 4
3440 46 47
3441 9 1
3442 2 7
3443 17 47
3444 0 30
3445 30 46
3446 47 13
3447 1 28
3448 19 47
3449 1 45
3450 0 14
3451 7 47
3452 0 15
3453 2 34
3454 25 18
3455 1 2
3456 3 5
3457 0 20
3458 0 40
3459 11 16
3460 1 3
3461 13 47
3462 0 6
3463 3 3
3464 0 25
3465 17 5
3466 0 41
3467 11 45
3468 0 33
3469 0 22
3470 1 13
3471 3 6
3472 1 44
3473 6 0
3474 0 42
3475 0 1
3476 47 22
3477 47 47
3478 16 0
3479 0 45
3480 1 1
3481 1 12
3482 13 0
3483 2 8
3484 9 3
3485 47 21
3486 8 3
3487 2 41
3488 1 35
3489 0 2
3490 3 2
3491 1 13
3492 5 41
3493 30 47
3494 4 0
3495 1 43
3496 0 26
3497 0 44
3498 36 6
3499 2 43
3500 24 18
3501 1 5
3502 24 47
3503 7 5
3504 23 0
3505 0 7
3506 19 0
3507 0 45
3508 46 0
3509 32 0
3510 9 2
3511 3 3
3512 16 47
3513 0 36
3514 4 41
3515 10 47
3516 1 41
3517 0 1
3518 1 16
3519 7 40
3520 30 46
3521 47 15
3522 3 34
3523 0 32
3524 1 6
3525 31 0
3526 1 15
3527 0 8
3528 7 1
3529 4 1
3530 27 47
3531 15 47
3532 0 37
3533 2 31
3534 0 44
3535 46 47
3536 27 0
3537 11 0
3538 10 45
3539 47 12
3540 3 5
3541 0 39
3542 10 44
3543 0 29
3544 23 47
3545 0 27
3546 2 38
3547 16 47
3548 0 16
3549 2 33
3550 3 45
3551 47 0
3552 14 0
3553 18 47
3554 47 18
3555 0 13
3556 1 40
3557 10 16
3558 0 45
3559 7 2
3560 7 45
3561 0 14
3562 1 2
3563 0 36
3564 5 43
3565 2 10
3566 4 40
3567 0 31
3568 19 47
3569 1 9
3570 17 0
3571 9 47
3572 16 5
3573 35 6
3574 30 47
3575 7 1
3576 2 5
3577 3 47
3578 4 43
3579 3 14
3580 3 12
3581 6 40
3582 0 13
3583 13 0
3584 2 47
3585 1 12
3586 0 3
3587 9 16
3588 0 6
3589 3 36
3590 1 14
3591 0 47
3592 2 16
3593 16 24
3594 11 14
3595 26 47
3596 14 0
3597 10 47
3598 15 24
3599 0 44
3600 5 4
3601 6 2
3602 0 37
3603 1 11
3604 24 0
3605 0 41
3606 10 14
3607 1 4
3608 3 15
3609 0 26
3610 5 0
3611 6 5
3612 0 46
3613 3 0
3614 9 47
3615 0 42
3616 1 43
3617 0 12
3618 0 24
3619 2 45
3620 2 30
3621 23 0
3622 1 45
3623 1 33
3624 24 0
3625 6 0
3626 29 47
3627 2 7
3628 1 12
3629 1 11
3630 2 11
3631 0 28
3632 2 0
3633 14 24
3634 12 2
3635 34 6
3636 23 18
3637 22 18
3638 9 44
3639 0 18
3640 3 6
3641 0 4
3642 22 47
3643 2 17
3644 2 36
3645 1 10
3646 3 13
3647 0 10
3648 1 10
3649 2 3
3650 1 20
3651 12 47
3652 25 47
3653 2 1
3654 0 30
3655 0 20
3656 0 47
3657 47 17
3658 18 47
3659 47 2
3660 0 40
3661 3 3
3662 31 47
3663 47 6
3664 6 45
3665 1 27
3666 2 0
3667 10 47
3668 19 30
3669 3 36
3670 1 22
3671 1 41
3672 21 18
3673 0 10
3674 30 0
3675 19 1
3676 13 47
3677 15 47
3678 0 11
3679 36 0
3680 1 7
3681 3 8
3682 2 15
3683 47 5
3684 24 47
3685 2 34
3686 0 15
3687 1 17
3688 0 10
3689 1 16
3690 0 7
3691 0 8
3692 20 0
3693 0 31
3694 0 36
3695 47 14
3696 5 45
3697 25 20
3698 26 0
3699 18 1
3700 4 0
3701 3 43
3702 8 47
3703 1 17
3704 0 5
3705 35 0
3706 16 0
3707 2 13
3708 2 4
3709 1 30
3710 0 21
3711 7 2
3712 1 16
3713 32 47
3714 47 15
3715 7 1
3716 8 44
3717 8 16
3718 0 35
3719 16 47
3720 4 45
3721 41 0
3722 15 5
3723 28 47
3724 1 3
3725 1 17
3726 1 29
3727 15 47
3728 7 16
3729 27 0
3730 42 0
3731 24 20
3732 0 16
3733 5 2
3734 3 5
3735 2 35
3736 23 20
3737 21 47
3738 0 29
3739 18 0
3740 2 17
3741 0 3
3742 0 38
3743 0 23
3744 47 20
3745 0 15
3746 26 0
3747 2 34
3748 3 15
3749 17 47
3750 3 42
3751 2 9
3752 15 46
3753 29 0
3754 2 35
3755 1 17
3756 0 9
3757 47 14
3758 0 33
3759 47 19
3760 25 4
3761 0 41
3762 0 16
3763 0 34
3764 47 16
3765 16 47
3766 17 47
3767 0 11
3768 11 2
3769 28 0
3770 24 4
3771 1 0
3772 9 1
3773 23 0
3774 0 6
3775 0 2
3776 3 11
3777 46 14
3778 2 41
3779 1 8
3780 1 35
3781 47 4
3782 1 3
3783 7 47
3784 1 34
3785 0 13
3786 15 47
3787 2 40
3788 2 17
3789 6 16
3790 0 7
3791 0 12
3792 31 47
3793 3 2
3794 29 0
3795 27 47
3796 30 47
3797 0 14
3798 2 34
3799 5 16
3800 33 6
3801 21 0
3802 47 47
3803 25 0
3804 2 22
3805 0 8
3806 4 8
3807 1 2
3808 5 0
3809 0 28
3810 6 2
3811 6 39
3812 0 10
3813 47 5
3814 1 13
3815 29 47
3816 20 0
3817 1 3
3818 0 34
3819 21 0
3820 3 45
3821 4 16
3822 23 47
3823 0 25
3824 46 47
3825 46 0
3826 14 5
3827 47 1
3828 2 42
3829 1 26
3830 18 47
3831 1 30
3832 0 43
3833 4 4
3834 8 47
3835 0 39
3836 1 12
3837 2 13
3838 1 29
3839 28 0
3840 4 3
3841 1 42
3842 2 36
3843 2 6
3844 7 3
3845 0 9
3846 23 4
3847 4 5
3848 2 14
3849 2 13
3850 19 0
3851 47 11
3852 3 0
3853 0 12
3854 2 7
3855 0 46
3856 0 44
3857 10 2
3858 34 0
3859 0 37
3860 47 15
3861 1 23
3862 1 7
3863 0 5
3864 4 17
3865 1 11
3866 1 40
3867 0 30
3868 7 0
3869 3 36
3870 2 40
3871 3 44
3872 20 47
3873 2 33
3874 1 40
3875 2 2
3876 0 43
3877 11 47
3878 1 4
3879 2 40
3880 13 0
3881 4 0
3882 2 44
3883 4 47
3884 3 0
3885 32 6
3886 45 14
3887 1 41
3888 47 18
3889 0 24
3890 1 38
3891 47 14
3892 26 47
3893 10 47
3894 6 4
3895 10 0
3896 21 1
3897 0 1
3898 27 0
3899 0 26
3900 3 44
3901 1 36
3902 1 16
3903 8 1
3904 21 47
3905 4 39
3906 47 17
3907 0 36
3908 0 38
3909 20 18
3910 3 39
3911 11 47
3912 17 47
3913 13 5
3914 0 2
3915 0 31
3916 0 10
3917 7 47
3918 28 47
3919 47 4
3920 45 0
3921 0 4
3922 29 47
3923 1 13
3924 1 10
3925 0 30
3926 3 35
3927 1 47
3928 9 2
3929 2 6
3930 1 35
3931 22 20
3932 0 11
3933 44 14
3934 1 39
3935 2 11
3936 0 10
3937 12 5
3938 0 23
3939 4 16
3940 1 12
3941 2 47
3942 6 0
3943 9 14
3944 2 18
3945 1 33
3946 19 18
3947 1 32
3948 2 43
3949 3 8
3950 43 14
3951 0 32
3952 0 17
3953 1 34
3954 0 7
3955 22 4
3956 3 5
3957 13 46
3958 7 0
3959 9 0
3960 0 40
3961 8 3
3962 33 0
3963 1 9
3964 1 26
3965 18 0
3966 1 6
3967 3 45
3968 1 15
3969 4 17
3970 2 0
3971 1 47
3972 1 36
3973 0 12
3974 0 3
3975 0 9
3976 2 29
3977 6 47
3978 2 41
3979 2 7
3980 32 0
3981 24 47
3982 1 22
3983 3 3
3984 2 12
3985 3 17
3986 1 42
3987 0 44
3988 0 15
3989 4 17
3990 3 2
3991 2 37
3992 3 14
3993 0 14
3994 0 8
3995 0 20
3996 0 43
3997 31 0
3998 0 6
3999 20 47
4000 47 47
4001 1 29
4002 1 2
4003 5 2
4004 13 47
4005 4 0
4006 6 0
4007 19 47
4008 21 4
4009 5 3
4010 1 16
4011 1 7
4012 4 3
4013 0 37
4014 5 2
4015 1 4
4016 2 38
4017 23 47
4018 2 14
4019 2 37
4020 1 6
4021 0 2
4022 13 24
4023 4 4
4024 20 4
4025 5 39
4026 22 0
4027 46 47
4028 1 1
4029 2 6
4030 0 15
4031 42 14
4032 3 17
4033 3 38
4034 30 0
4035 10 2
4036 12 24
4037 0 18
4038 5 3
4039 18 18
4040 41 0
4041 9 2
4042 3 16
4043 3 47
4044 22 47
4045 4 39
4046 5 1
4047 1 32
4048 11 0
4049 4 1
4050 17 46
4051 1 10
4052 2 11
4053 17 18
4054 0 38
4055 3 15
4056 23 0
4057 1 37
4058 28 0
4059 13 46
4060 0 33
4061 47 10
4062 2 37
4063 1 6
4064 47 0
4065 3 3
4066 0 1
4067 3 7
4068 18 30
4069 2 34
4070 11 1
4071 47 47
4072 21 47
4073 25 47
4074 2 39
4075 46 47
4076 0 10
4077 0 4
4078 31 0
4079 3 37
4080 8 14
4081 21 20
4082 1 44
4083 3 38
4084 0 47
4085 16 18
4086 41 14
4087 7 0
4088 0 26
4089 2 45
4090 2 4
4091 3 43
4092 5 0
4093 3 2
4094 3 3
4095 3 2
4096 6 0
4097 7 0
4098 0 42
4099 11 5
4100 3 0
4101 38 0
4102 0 22
4103 22 0
4104 17 47
4105 0 21
4106 47 3
4107 0 36
4108 3 37
4109 2 12
4110 7 1
4111 0 14
4112 0 44
4113 3 38
4114 1 42
4115 2 17
4116 2 15
4117 7 14
4118 1 34
4119 3 3
4120 0 42
4121 2 43
4122 27 0
4123 2 35
4124 1 47
4125 1 42
4126 3 14
4127 17 30
4128 1 20
4129 40 14
4130 12 0
4131 15 18
4132 0 31
4133 6 14
4134 10 1
4135 0 7
4136 1 10
4137 1 11
4138 0 20
4139 39 14
4140 0 35
4141 3 37
4142 0 37
4143 0 22
4144 47 16
4145 1 24
4146 7 44
4147 0 15
4148 0 24
4149 6 44
4150 4 5
4151 2 5
4152 4 4
4153 5 2
4154 30 0
4155 24 0
4156 47 2
4157 47 17
4158 14 47
4159 1 7
4160 8 0
4161 0 32
4162 10 0
4163 2 0
4164 0 14
4165 5 14
4166 0 27
4167 1 37
4168 4 0
4169 3 6
4170 1 15
4171 4 6
4172 6 1
4173 21 0
4174 44 0
4175 3 43
4176 5 6
4177 1 8
4178 7 3
4179 3 36
4180 28 47
4181 10 1
4182 16 30
4183 0 28
4184 0 30
4185 24 47
4186 1 45
4187 3 37
4188 1 22
4189 1 44
4190 0 10
4191 1 4
4192 20 0
4193 16 47
4194 4 5
4195 47 16
4196 0 23
4197 5 0
4198 2 44
4199 2 6
4200 43 0
4201 47 9
4202 19 0
4203 0 34
4204 0 9
4205 1 39
4206 2 14
4207 2 39
4208 46 0
4209 26 0
4210 18 1
4211 2 18
4212 0 35
4213 44 0
4214 1 19
4215 3 14
4216 0 42
4217 47 17
4218 40 0
4219 0 6
4220 1 41
4221 27 0
4222 10 5
4223 0 4
4224 2 17
4225 1 21
4226 0 47
4227 21 0
4228 2 10
4229 1 1
4230 47 1
4231 31 6
4232 0 1
4233 1 36
4234 1 1
4235 47 13
4236 3 5
4237 0 21
4238 5 47
4239 3 2
4240 22 47
4241 17 47
4242 0 45
4243 0 20
4244 0 27
4245 17 1
4246 2 13
4247 1 37
4248 1 5
4249 0 8
4250 4 38
4251 1 36
4252 2 9
4253 0 39
4254 2 18
4255 30 6
4256 10 47
4257 3 42
4258 12 46
4259 27 47
4260 1 44
4261 0 34
4262 11 24
4263 2 19
4264 5 4
4265 8 2
4266 6 3
4267 11 0
4268 14 18
4269 7 2
4270 37 0
4271 19 4
4272 2 5
4273 2 7
4274 9 47
4275 20 20
4276 15 0
4277 4 2
4278 1 31
4279 2 10
4280 3 15
4281 0 22
4282 9 1
4283 0 40
4284 0 7
4285 0 13
4286 2 37
4287 0 1
4288 1 2
4289 4 3
4290 47 2
4291 2 44
4292 0 6
4293 3 35
4294 47 12
4295 1 44
4296 3 14
4297 0 3
4298 47 8
4299 2 4
4300 0 38
4301 6 0
4302 3 15
4303 47 16
4304 15 30
4305 0 39
4306 0 5
4307 2 40
4308 25 47
4309 22 0
4310 2 6
4311 2 42
4312 2 44
4313 47 0
4314 0 2
4315 6 1
4316 10 24
4317 2 9
4318 3 42
4319 43 0
4320 1 45
4321 29 0
4322 24 47
4323 2 10
4324 25 47
4325 47 11
4326 0 33
4327 4 0
4328 4 6
4329 46 0
4330 0 40
4331 0 29
4332 1 19
4333 3 4
4334 2 47
4335 0 17
4336 5 5
4337 14 30
4338 1 1
4339 6 0
4340 1 42
4341 13 30
4342 2 2
4343 8 2
4344 2 39
4345 0 32
4346 1 6
4347 2 17
4348 30 0
4349 0 31
4350 3 12
4351 6 4
4352 2 6
4353 1 27
4354 6 2
4355 38 14
4356 3 47
4357 36 0
4358 0 15
4359 47 47
4360 21 47
4361 2 14
4362 4 14
4363 0 4
4364 39 0
4365 1 47
4366 29 6
4367 0 19
4368 1 33
4369 0 3
4370 4 5
4371 5 6
4372 2 43
4373 2 27
4374 1 13
4375 22 47
4376 21 0
4377 0 18
4378 13 47
4379 47 1
4380 3 8
4381 4 13
4382 10 1
4383 9 24
4384 37 14
4385 26 0
4386 3 7
4387 8 47
4388 19 20
4389 3 0
4390 1 27
4391 0 32
4392 0 36
4393 1 10
4394 2 35
4395 46 47
4396 3 5
4397 0 13
4398 2 44
4399 5 0
4400 3 41
4401 3 16
4402 1 38
4403 4 14
4404 16 47
4405 42 0
4406 4 2
4407 0 10
4408 2 19
4409 1 20
4410 1 21
4411 5 3
4412 7 0
4413 1 7
4414 0 17
4415 14 0
4416 45 0
4417 0 7
4418 0 11
4419 0 18
4420 13 18
4421 38 0
4422 1 20
4423 0 9
4424 6 5
4425 7 47
4426 24 47
4427 12 30
4428 3 37
4429 5 1
4430 2 40
4431 3 15
4432 0 14
4433 44 0
4434 0 39
4435 1 37
4436 0 17
4437 0 45
4438 0 8
4439 0 35
4440 0 21
4441 2 29
4442 13 0
4443 1 30
4444 2 28
4445 1 41
4446 0 12
4447 0 28
4448 15 47
4449 47 47
4450 39 0
4451 12 47
4452 47 7
4453 6 4
4454 0 37
4455 36 14
4456 0 41
4457 21 47
4458 47 0
4459 14 0
4460 1 6
4461 5 44
4462 1 12
4463 0 18
4464 1 39
4465 0 9
4466 5 0
4467 1 44
4468 0 10
4469 4 44
4470 2 0
4471 8 3
4472 3 16
4473 3 19
4474 0 39
4475 47 15
4476 0 29
4477 13 0
4478 3 11
4479 2 9
4480 38 0
4481 23 47
4482 14 0
4483 6 1
4484 0 11
4485 0 28
4486 0 1
4487 3 46
4488 28 6
4489 3 8
4490 2 29
4491 9 1
4492 29 0
4493 4 6
4494 6 5
4495 2 11
4496 1 43
4497 4 5
4498 9 2
4499 3 3
4500 35 0
4501 14 47
4502 41 0
4503 26 47
4504 18 20
4505 1 15
4506 43 0
4507 1 41
4508 13 0
4509 5 4
4510 0 29
4511 1 34
4512 47 14
4513 4 0
4514 3 44
4515 7 3
4516 0 2
4517 0 34
4518 4 13
4519 1 2
4520 17 20
4521 6 6
4522 0 8
4523 5 1
4524 0 44
4525 16 20
4526 18 0
4527 12 18
4528 11 18
4529 40 0
4530 2 13
4531 37 0
4532 0 47
4533 3 5
4534 16 1
4535 2 14
4536 0 36
4537 0 13
4538 28 0
4539 2 39
4540 2 47
4541 0 41
4542 4 46
4543 1 5
4544 24 47
4545 0 28
4546 6 5
4547 0 14
4548 2 19
4549 2 37
4550 3 35
4551 3 19
4552 3 15
4553 1 3
4554 0 1
4555 1 16
4556 0 35
4557 42 0
4558 0 6
4559 3 16
4560 0 34
4561 1 8
4562 47 10
4563 1 35
4564 0 19
4565 0 12
4566 1 9
4567 0 3
4568 0 18
4569 4 7
4570 34 0
4571 15 47
4572 33 0
4573 3 11
4574 2 44
4575 4 4
4576 1 40
4577 0 22
4578 43 0
4579 2 10
4580 11 47
4581 47 6
4582 3 15
4583 0 9
4584 2 7
4585 9 5
4586 0 5
4587 14 0
4588 0 11
4589 2 27
4590 5 4
4591 3 38
4592 6 0
4593 42 0
4594 26 1
4595 1 45
4596 8 47
4597 1 15
4598 16 0
4599 39 0
4600 1 27
4601 10 0
4602 27 47
4603 8 5
4604 10 47
4605 2 19
4606 1 16
4607 3 12
4608 1 46
4609 0 15
4610 40 0
4611 0 13
4612 0 10
4613 8 1
4614 1 42
4615 2 28
4616 13 0
4617 1 11
4618 14 47
4619 0 2
4620 2 9
4621 0 19
4622 46 47
4623 0 9
4624 46 0
4625 32 0
4626 23 47
4627 2 2
4628 26 47
4629 0 18
4630 35 14
4631 1 45
4632 0 31
4633 36 0
4634 0 4
4635 1 14
4636 10 18
4637 27 6
4638 3 9
4639 23 0
4640 18 47
4641 1 6
4642 2 29
4643 2 14
4644 0 5
4645 19 0
4646 8 0
4647 0 37
4648 0 38
4649 18 4
4650 2 43
4651 0 8
4652 0 20
4653 34 14
4654 0 6
4655 0 40
4656 0 12
4657 4 6
4658 0 1
4659 1 4
4660 47 47
4661 2 5
4662 3 46
4663 8 4
4664 5 2
4665 0 42
4666 11 47
4667 3 4
4668 39 0
4669 0 33
4670 0 39
4671 46 47
4672 41 0
4673 1 38
4674 2 3
4675 7 47
4676 47 13
4677 0 7
4678 3 0
4679 10 47
4680 3 2
4681 38 0
4682 2 0
4683 3 5
4684 0 10
4685 8 47
4686 2 28
4687 47 12
4688 6 1
4689 24 0
4690 4 4
4691 1 15
4692 1 18
4693 47 0
4694 1 13
4695 0 2
4696 2 2
4697 3 7
4698 1 43
4699 0 3
4700 17 4
4701 15 20
4702 13 47
4703 12 0
4704 0 2
4705 0 19
4706 14 47
4707 47 13
4708 0 25
4709 13 0
4710 0 46
4711 22 0
4712 2 13
4713 47 9
4714 2 16
4715 11 30
4716 1 26
4717 2 36
4718 2 41
4719 5 6
4720 1 32
4721 1 47
4722 2 20
4723 0 41
4724 1 37
4725 40 0
4726 0 14
4727 3 37
4728 7 47
4729 2 47
4730 6 0
4731 21 0
4732 0 11
4733 0 40
4734 6 1
4735 7 0
4736 27 0
4737 23 0
4738 25 47
4739 1 9
4740 18 0
4741 0 16
4742 1 7
4743 2 32
4744 0 3
4745 3 11
4746 20 0
4747 2 42
4748 1 38
4749 2 41
4750 0 38
4751 0 12
4752 5 3
4753 47 5
4754 1 32
4755 1 40
4756 0 17
4757 9 18
4758 26 6
4759 3 14
4760 0 43
4761 35 0
4762 3 0
4763 28 0
4764 2 9
4765 1 27
4766 16 4
4767 1 10
4768 0 40
4769 18 1
4770 1 29
4771 47 12
4772 0 30
4773 1 31
4774 14 20
4775 0 42
4776 2 5
4777 0 6
4778 47 11
4779 4 5
4780 34 0
4781 0 47
4782 8 2
4783 46 0
4784 0 32
4785 15 4
4786 8 47
4787 0 20
4788 10 30
4789 0 33
4790 33 14
4791 0 36
4792 31 0
4793 0 41
4794 0 35
4795 0 24
4796 26 0
4797 0 36
4798 0 5
4799 2 19
4800 4 9
4801 2 8
4802 1 3
4803 8 1
4804 0 32
4805 8 18
4806 2 31
4807 4 47
4808 0 43
4809 32 14
4810 47 8
4811 2 37
4812 0 46
4813 2 36
4814 9 0
4815 4 2
4816 47 10
4817 9 30
4818 1 31
4819 0 27
4820 15 0
4821 13 20
4822 1 4
4823 0 29
4824 2 6
4825 1 3
4826 0 11
4827 22 0
4828 0 7
4829 1 47
4830 2 47
4831 1 37
4832 0 35
4833 12 0
4834 5 7
4835 1 29
4836 0 42
4837 2 0
4838 0 9
4839 1 44
4840 0 8
4841 1 45
4842 6 0
4843 0 47
4844 0 6
4845 1 12
4846 0 12
4847 0 7
4848 1 2
4849 7 18
4850 0 44
4851 0 37
4852 29 0
4853 28 0
4854 3 9
4855 30 0
4856 0 38
4857 23 0
4858 1 22
4859 5 6
4860 2 31
4861 11 47
4862 1 47
4863 4 9
4864 0 33
4865 2 5
4866 22 0
4867 2 47
4868 0 13
4869 2 38
4870 1 39
4871 11 0
4872 8 24
4873 2 39
4874 2 6
4875 33 0
4876 0 29
4877 1 36
4878 1 40
4879 12 0
4880 7 47
4881 1 11
4882 8 2
4883 20 47
4884 0 46
4885 47 11
4886 1 42
4887 2 38
4888 2 29
4889 0 18
4890 5 4
4891 0 6
4892 0 7
4893 3 0
4894 3 34
4895 1 31
4896 2 39
4897 5 7
4898 47 4
4899 0 23
4900 1 21
4901 2 28
4902 3 41
4903 37 0
4904 11 0
4905 8 5
4906 0 19
4907 1 39
4908 0 20
4909 0 11
4910 8 30
4911 2 11
4912 3 45
4913 0 42
4914 0 6
4915 2 4
4916 25 6
4917 12 0
4918 28 1
4919 0 41
4920 0 31
4921 0 40
4922 0 2
4923 18 0
4924 11 0
4925 23 0
4926 28 0
4927 1 34
4928 3 36
4929 31 14
4930 0 7
4931 0 25
4932 0 14
4933 13 47
4934 14 4
4935 21 47
4936 0 47
4937 47 10
4938 0 19
4939 1 18
4940 1 4
4941 0 36
4942 2 41
4943 0 37
4944 5 3
4945 3 2
4946 3 9
4947 26 47
4948 47 7
4949 3 15
4950 0 26
4951 21 0
4952 1 0
4953 1 6
4954 1 8
4955 14 47
4956 1 25
4957 24 0
4958 10 47
4959 1 41
4960 2 46
4961 1 36
4962 13 47
4963 7 0
4964 0 32
4965 6 4
4966 6 18
4967 0 45
4968 0 39
4969 2 6
4970 13 0
4971 5 1
4972 0 20
4973 6 5
4974 3 37
4975 0 13
4976 5 6
4977 4 7
4978 8 4
4979 16 0
4980 2 38
4981 0 19
4982 47 3
4983 6 4
4984 1 5
4985 3 6
4986 12 20
4987 47 6
4988 0 30
4989 7 30
4990 1 40
4991 0 1
4992 17 47
4993 0 41
4994 8 1
4995 3 33
4996 2 14
4997 6 30
4998 3 10
4999 6 47
5000 0 33
5001 0 25
5002 0 20
5003 1 47
5004 2 40
5005 47 5
5006 7 47
5007 3 9
5008 32 0
5009 2 0
5010 25 47
5011 0 16
5012 39 0
5013 6 1
5014 6 0
5015 2 33
5016 2 29
5017 0 28
5018 4 15
5019 0 15
5020 0 17
5021 1 6
5022 20 0
5023 26 1
5024 18 1
5025 36 0
5026 0 43
5027 0 4
5028 14 47
5029 2 34
5030 0 18
5031 0 22
5032 0 27
5033 0 24
5034 3 0
5035 38 0
5036 1 32
5037 30 1
5038 47 47
5039 9 47
5040 26 47
5041 5 18
5042 1 13
5043 2 6
5044 0 26
5045 3 44
5046 6 47
5047 8 0
5048 1 39
5049 0 19
5050 4 1
5051 15 0
5052 3 7
5053 0 23
5054 3 14
5055 2 5
5056 16 0
5057 3 10
5058 5 0
5059 24 6
5060 7 47
5061 46 47
5062 1 16
5063 1 5
5064 6 0
5065 19 0
5066 1 38
5067 27 0
5068 3 4
5069 2 18
5070 5 0
5071 0 47
5072 0 32
5073 0 38
5074 47 9
5075 0 29
5076 7 2
5077 35 0
5078 1 24
5079 4 2
5080 5 30
5081 4 30
5082 1 14
5083 20 47
5084 10 0
5085 3 3
5086 19 47
5087 2 16
5088 1 3
5089 1 16
5090 22 47
5091 0 3
5092 47 0
5093 47 8
5094 7 0
5095 25 1
5096 25 2
5097 12 0
5098 20 47
5099 19 47
5100 30 14
5101 2 3
5102 5 7
5103 2 16
5104 1 17
5105 0 37
5106 0 39
5107 9 1
5108 1 39
5109 3 33
5110 1 13
5111 0 10
5112 3 36
5113 26 0
5114 1 43
5115 0 14
5116 1 47
5117 3 9
5118 0 47
5119 4 0
5120 2 19
5121 3 2
5122 0 42
5123 3 6
5124 24 2
5125 1 12
5126 21 47
5127 3 47
5128 1 9
5129 2 37
5130 2 15
5131 0 12
5132 0 41
5133 10 47
5134 3 35
5135 3 30
5136 1 42
5137 23 6
5138 4 18
5139 2 44
5140 0 17
5141 1 47
5142 3 31
5143 9 0
5144 2 4
5145 1 16
5146 1 12
5147 4 16
5148 0 2
5149 1 7
5150 34 0
5151 1 35
5152 1 28
5153 4 1
5154 4 47
5155 8 1
5156 3 3
5157 17 1
5158 3 36
5159 1 31
5160 3 30
5161 1 3
5162 0 34
5163 18 0
5164 3 18
5165 5 2
5166 2 42
5167 1 38
5168 0 20
5169 6 0
5170 2 7
5171 47 7
5172 13 4
5173 19 0
5174 4 7
5175 35 0
5176 18 0
5177 1 27
5178 11 20
5179 15 0
5180 2 21
5181 1 40
5182 0 6
5183 1 19
5184 47 2
5185 0 5
5186 7 3
5187 2 41
5188 0 16
5189 19 46
5190 4 4
5191 25 47
5192 2 2
5193 3 0
5194 0 1
5195 2 36
5196 12 47
5197 12 4
5198 0 44
5199 10 0
5200 1 42
5201 2 5
5202 1 10
5203 23 2
5204 1 25
5205 2 38
5206 1 16
5207 47 3
5208 0 38
5209 24 47
5210 23 0
5211 0 35
5212 10 20
5213 13 0
5214 2 4
5215 1 22
5216 2 43
5217 7 24
5218 0 6
5219 19 0
5220 0 9
5221 30 0
5222 2 44
5223 0 3
5224 6 2
5225 0 18
5226 11 4
5227 0 25
5228 8 5
5229 3 47
5230 46 0
5231 0 47
5232 5 47
5233 4 8
5234 37 0
5235 20 47
5236 0 33
5237 0 40
5238 1 9
5239 47 8
5240 3 2
5241 8 0
5242 2 28
5243 3 41
5244 1 24
5245 0 28
5246 2 18
5247 0 43
5248 0 10
5249 16 47
5250 22 0
5251 3 10
5252 0 15
5253 16 0
5254 1 46
5255 2 30
5256 2 14
5257 8 3
5258 3 16
5259 2 3
5260 29 0
5261 0 41
5262 6 24
5263 5 24
5264 9 20
5265 2 47
5266 2 42
5267 31 0
5268 2 8
5269 4 24
5270 3 24
5271 25 0
5272 47 47
5273 2 20
5274 1 37
5275 0 13
5276 1 25
5277 22 6
5278 1 39
5279 24 0
5280 0 31
5281 2 5
5282 1 17
5283 0 44
5284 3 3
5285 4 5
5286 1 3
5287 15 0
5288 0 27
5289 0 29
5290 3 2
5291 21 47
5292 1 5
5293 20 47
5294 1 14
5295 18 0
5296 2 24
5297 2 21
5298 17 47
5299 4 0
5300 23 47
5301 3 18
5302 4 7
5303 22 2
5304 38 0
5305 46 47
5306 0 16
5307 5 3
5308 12 0
5309 10 4
5310 5 0
5311 2 5
5312 14 0
5313 1 5
5314 9 4
5315 0 14
5316 2 45
5317 1 10
5318 1 34
5319 2 12
5320 29 14
5321 28 0
5322 3 38
5323 0 5
5324 0 30
5325 2 18
5326 3 18
5327 21 47
5328 7 3
5329 3 35
5330 0 32
5331 1 33
5332 6 5
5333 1 15
5334 34 0
5335 8 20
5336 30 0
5337 16 47
5338 1 13
5339 16 0
5340 1 29
5341 2 19
5342 12 46
5343 0 40
5344 27 0
5345 0 13
5346 8 6
5347 0 37
5348 3 4
5349 2 15
5350 21 6
5351 7 0
5352 2 11
5353 4 3
5354 0 46
5355 2 4
5356 1 9
5357 15 0
5358 3 8
5359 1 5
5360 0 29
5361 3 40
5362 24 47
5363 0 5
5364 2 39
5365 1 10
5366 23 47
5367 1 27
5368 8 4
5369 24 47
5370 0 43
5371 9 4
5372 0 15
5373 20 47
5374 1 16
5375 5 3
5376 25 0
5377 1 34
5378 6 1
5379 1 19
5380 0 34
5381 28 14
5382 0 31
5383 17 47
5384 1 36
5385 47 7
5386 2 14
5387 5 7
5388 6 4
5389 0 12
5390 18 46
5391 8 4
5392 1 33
5393 23 47
5394 3 13
5395 2 20
5396 3 4
5397 20 0
5398 6 5
5399 1 39
5400 47 2
5401 0 28
5402 2 23
5403 13 47
5404 4 2
5405 3 12
5406 3 3
5407 2 35
5408 7 2
5409 0 17
5410 4 4
5411 1 30
5412 14 47
5413 2 15
5414 0 22
5415 18 45
5416 0 14
5417 29 0
5418 2 24
5419 2 31
5420 0 16
5421 27 14
5422 0 24
5423 1 42
5424 0 0
5425 16 47
5426 0 38
5427 4 16
5428 2 8
5429 30 0
5430 1 32
5431 1 21
5432 28 0
5433 2 29
5434 1 22
5435 1 6
5436 24 0
5437 0 44
5438 2 3
5439 2 38
5440 0 10
5441 14 1
5442 33 0
5443 4 7
5444 3 8
5445 37 0
5446 5 7
5447 4 47
5448 3 1
5449 1 46
5450 2 7
5451 31 0
5452 34 0
5453 17 0
5454 0 7
5455 0 1
5456 1 15
5457 19 0
5458 0 0
5459 20 0
5460 47 4
5461 0 25
5462 7 3
5463 3 3
5464 2 40
5465 0 8
5466 3 4
5467 47 0
5468 0 26
5469 2 23
5470 0 18
5471 46 2
5472 1 24
5473 0 25
5474 2 18
5475 2 33
5476 3 35
5477 4 8
5478 0 43
5479 0 39
5480 2 44
5481 17 45
5482 2 15
5483 1 10
5484 3 31
5485 2 28
5486 13 1
5487 5 6
5488 0 7
5489 2 34
5490 0 24
5491 3 2
5492 47 6
5493 14 0
5494 0 46
5495 0 35
5496 4 5
5497 5 7
5498 21 2
5499 0 6
5500 7 20
5501 7 2
5502 20 6
5503 0 47
5504 13 47
5505 0 41
5506 1 33
5507 0 40
5508 1 5
5509 0 37
5510 1 12
5511 2 17
5512 0 33
5513 4 3
5514 0 29
5515 27 0
5516 0 10
5517 6 47
5518 1 11
5519 1 8
5520 1 31
5521 15 0
5522 7 47
5523 6 4
5524 15 47
5525 1 4
5526 6 47
5527 5 1
5528 3 30
5529 4 14
5530 6 0
5531 19 47
5532 26 14
5533 0 26
5534 3 0
5535 1 34
5536 2 11
5537 5 2
5538 1 15
5539 25 14
5540 0 17
5541 47 7
5542 47 47
5543 1 16
5544 5 5
5545 4 4
5546 0 18
5547 0 44
5548 33 0
5549 3 13
5550 2 18
5551 9 47
5552 0 4
5553 0 13
5554 2 5
5555 3 29
5556 0 21
5557 8 47
5558 25 0
5559 0 42
5560 8 3
5561 2 0
5562 9 47
5563 3 3
5564 1 5
5565 16 47
5566 36 0
5567 1 33
5568 0 14
5569 8 0
5570 2 4
5571 14 47
5572 0 17
5573 23 0
5574 4 46
5575 8 47
5576 0 13
5577 2 12
5578 25 1
5579 2 43
5580 0 8
5581 0 41
5582 1 6
5583 2 8
5584 0 25
5585 0 31
5586 17 47
5587 6 20
5588 1 38
5589 3 47
5590 1 43
5591 19 0
5592 13 47
5593 5 1
5594 0 36
5595 35 0
5596 22 0
5597 16 0
5598 5 20
5599 14 0
5600 9 47
5601 0 22
5602 0 5
5603 1 9
5604 2 36
5605 6 7
5606 46 47
5607 8 47
5608 3 16
5609 4 45
5610 2 5
5611 5 47
5612 11 0
5613 46 0
5614 1 28
5615 1 37
5616 1 23
5617 15 0
5618 47 47
5619 0 37
5620 1 36
5621 1 40
5622 1 10
5623 0 16
5624 5 2
5625 0 12
5626 1 42
5627 1 45
5628 46 47
5629 21 0
5630 1 22
5631 3 0
5632 4 2
5633 16 47
5634 3 2
5635 5 7
5636 2 7
5637 0 26
5638 3 34
5639 0 19
5640 3 8
5641 33 1
5642 6 3
5643 14 47
5644 2 23
5645 34 0
5646 0 43
5647 1 8
5648 47 6
5649 30 0
5650 5 1
5651 0 4
5652 8 4
5653 19 6
5654 4 3
5655 2 13
5656 2 24
5657 1 19
5658 20 2
5659 2 29
5660 13 0
5661 1 11
5662 2 35
5663 25 0
5664 2 15
5665 28 0
5666 0 34
5667 2 42
5668 0 42
5669 16 0
5670 0 13
5671 17 47
5672 3 17
5673 3 29
5674 0 12
5675 1 13
5676 35 0
5677 0 38
5678 4 7
5679 24 0
5680 19 2
5681 2 37
5682 24 14
5683 4 5
5684 2 0
5685 0 9
5686 0 11
5687 0 19
5688 47 7
5689 2 29
5690 12 47
5691 17 2
5692 16 47
5693 0 15
5694 2 47
5695 4 47
5696 3 11
5697 2 11
5698 2 33
5699 1 19
5700 0 10
5701 3 35
5702 47 2
5703 0 8
5704 0 41
5705 8 1
5706 1 32
5707 3 4
5708 1 14
5709 27 0
5710 1 18
5711 1 16
5712 2 46
5713 0 28
5714 1 39
5715 1 8
5716 2 12
5717 47 1
5718 0 23
5719 0 33
5720 22 47
5721 2 13
5722 0 44
5723 0 39
5724 0 8
5725 2 3
5726 2 38
5727 0 9
5728 3 45
5729 2 12
5730 11 1
5731 3 44
5732 2 2
5733 47 2
5734 4 20
5735 2 47
5736 2 3
5737 0 34
5738 3 1
5739 0 5
5740 2 13
5741 0 35
5742 5 7
5743 33 0
5744 18 0
5745 2 2
5746 2 22
5747 29 0
5748 2 8
5749 16 45
5750 2 19
5751 11 47
5752 0 43
5753 20 0
5754 0 14
5755 26 0
5756 0 34
5757 0 16
5758 2 32
5759 2 37
5760 0 35
5761 9 0
5762 47 5
5763 2 44
5764 0 30
5765 3 2
5766 32 0
5767 6 2
5768 34 0
5769 1 17
5770 1 30
5771 2 7
5772 2 4
5773 3 1
5774 23 0
5775 11 0
5776 3 0
5777 2 34
5778 21 47
5779 2 28
5780 11 1
5781 1 35
5782 1 22
5783 2 31
5784 0 18
5785 1 20
5786 3 16
5787 4 6
5788 2 17
5789 15 0
5790 31 0
5791 1 15
5792 6 4
5793 1 19
5794 1 33
5795 0 32
5796 7 1
5797 0 1
5798 1 21
5799 7 47
5800 18 47
5801 1 38
5802 0 36
5803 0 33
5804 3 3
5805 0 13
5806 3 44
5807 0 0
5808 0 14
5809 47 47
5810 3 2
5811 0 4
5812 2 15
5813 4 2
5814 20 47
5815 0 37
5816 0 40
5817 3 6
5818 2 33
5819 17 0
5820 1 42
5821 1 11
5822 23 14
5823 6 47
5824 2 34
5825 18 46
5826 1 32
5827 1 5
5828 22 14
5829 0 25
5830 2 46
5831 1 10
5832 4 4
5833 7 47
5834 2 22
5835 1 16
5836 0 5
5837 1 13
5838 18 6
5839 19 0
5840 3 2
5841 4 5
5842 1 39
5843 3 47
5844 0 30
5845 13 47
5846 11 0
5847 14 47
5848 1 29
5849 0 38
5850 7 6
5851 1 5
5852 4 7
5853 16 0
5854 2 10
5855 2 5
5856 1 41
5857 0 41
5858 11 1
5859 0 26
5860 13 2
5861 0 1
5862 0 34
5863 12 0
5864 1 5
5865 4 16
5866 32 0
5867 1 4
5868 1 18
5869 0 21
5870 16 2
5871 1 14
5872 0 45
5873 0 37
5874 4 1
5875 3 12
5876 2 33
5877 3 20
5878 0 11
5879 2 5
5880 1 19
5881 8 3
5882 4 3
5883 2 0
5884 1 36
5885 1 12
5886 1 40
5887 35 0
5888 8 1
5889 25 0
5890 0 32
5891 0 6
5892 2 18
5893 3 0
5894 3 14
5895 0 31
5896 2 34
5897 1 9
5898 1 22
5899 1 47
5900 1 26
5901 5 2
5902 1 13
5903 2 20
5904 3 18
5905 6 2
5906 3 15
5907 5 7
5908 2 0
5909 5 4
5910 7 1
5911 0 12
5912 1 18
5913 0 24
5914 1 15
5915 2 45
5916 22 0
5917 47 0
5918 8 0
5919 1 5
5920 1 25
5921 0 22
5922 10 47
5923 5 0
5924 17 6
5925 3 4
5926 0 39
5927 0 47
5928 1 30
5929 2 41
5930 3 19
5931 3 1
5932 2 4
5933 16 6
5934 3 3
5935 1 35
5936 12 2
5937 2 11
5938 4 2
5939 15 2
5940 2 46
5941 1 21
5942 2 44
5943 1 33
5944 46 0
5945 0 0
5946 2 23
5947 47 1
5948 19 47
5949 0 10
5950 6 47
5951 46 47
5952 1 8
5953 4 3
5954 47 2
5955 0 38
5956 6 0
5957 0 44
5958 0 15
5959 1 47
5960 1 23
5961 0 47
5962 0 17
5963 47 47
5964 2 3
5965 14 2
5966 1 19
5967 6 6
5968 2 15
5969 47 4
5970 5 47
5971 15 45
5972 2 18
5973 3 41
5974 2 41
5975 24 0
5976 17 46
5977 14 0
5978 2 13
5979 0 19
5980 1 17
5981 1 3
5982 0 16
5983 9 0
5984 6 47
5985 17 0
5986 1 18
5987 3 16
5988 0 5
5989 3 2
5990 3 36
5991 1 43
5992 25 0
5993 9 47
5994 0 21
5995 1 39
5996 15 6
5997 6 4
5998 7 3
5999 1 14
6000 2 32
6001 4 12
6002 8 0
6003 14 3
6004 0 4
6005 4 14
6006 0 20
6007 2 3
6008 17 45
6009 0 18
6010 2 19
6011 2 17
6012 4 47
6013 3 18
6014 0 14
6015 0 27
6016 4 16
6017 8 3
6018 2 20
6019 21 0
6020 2 47
6021 31 0
6022 2 21
6023 1 45
6024 0 19
6025 13 47
6026 12 47
6027 28 0
6028 1 9
6029 1 46
6030 0 36
6031 1 17
6032 0 11
6033 1 16
6034 3 34
6035 18 0
6036 1 40
6037 5 2
6038 17 44
6039 18 47
6040 3 9
6041 2 8
6042 47 1
6043 1 15
6044 7 6
6045 2 4
6046 1 37
6047 3 15
6048 5 5
6049 1 20
6050 13 3
6051 11 0
6052 34 0
6053 1 14
6054 3 12
6055 15 47
6056 2 45
6057 14 6
6058 2 25
6059 0 35
6060 0 20
6061 0 8
6062 1 15
6063 16 44
6064 4 17
6065 20 0
6066 1 7
6067 2 38
6068 14 45
6069 0 33
6070 33 0
6071 8 47
6072 4 13
6073 3 11
6074 3 3
6075 5 1
6076 21 0
6077 4 7
6078 47 3
6079 0 32
6080 0 25
6081 2 5
6082 3 4
6083 4 12
6084 0 39
6085 2 34
6086 0 5
6087 0 19
6088 1 6
6089 1 18
6090 17 47
6091 0 9
6092 1 26
6093 13 6
6094 3 13
6095 3 10
6096 2 12
6097 1 11
6098 20 0
6099 0 46
6100 1 47
6101 0 13
6102 0 42
6103 4 11
6104 2 10
6105 0 20
6106 6 46
6107 0 41
6108 0 24
6109 2 4
6110 4 4
6111 0 37
6112 0 14
6113 2 23
6114 6 3
6115 12 6
6116 3 0
6117 3 3
6118 1 22
6119 3 16
6120 1 4
6121 2 3
6122 0 23
6123 0 28
6124 3 5
6125 5 3
6126 21 14
6127 11 2
6128 15 44
6129 12 3
6130 2 42
6131 3 15
6132 0 25
6133 3 34
6134 1 13
6135 2 41
6136 5 6
6137 0 38
6138 1 45
6139 2 6
6140 2 45
6141 2 31
6142 10 1
6143 0 11
6144 20 14
6145 3 19
6146 1 8
6147 0 6
6148 0 5
6149 2 20
6150 3 47
6151 47 6
6152 2 42
6153 0 17
6154 19 14
6155 0 16
6156 1 21
6157 1 10
6158 34 0
6159 3 11
6160 2 36
6161 1 29
6162 2 5
6163 6 47
6164 2 27
6165 46 47
6166 4 47
6167 0 18
6168 47 47
6169 1 0
6170 0 24
6171 16 0
6172 0 6
6173 0 34
6174 1 5
6175 0 31
6176 0 26
6177 2 29
6178 4 13
6179 3 7
6180 1 6
6181 18 47
6182 1 36
6183 1 35
6184 7 3
6185 2 34
6186 1 37
6187 0 42
6188 0 45
6189 18 1
6190 0 32
6191 1 29
6192 18 14
6193 3 5
6194 1 36
6195 4 5
6196 3 5
6197 7 2
6198 0 40
6199 1 16
6200 2 9
6201 7 0
6202 4 5
6203 10 2
6204 2 5
6205 17 14
6206 1 46
6207 2 4
6208 9 0
6209 6 0
6210 9 47
6211 47 4
6212 0 13
6213 2 6
6214 0 44
6215 47 7
6216 47 6
6217 11 47
6218 4 7
6219 2 39
6220 47 7
6221 2 0
6222 1 22
6223 4 1
6224 24 0
6225 1 26
6226 1 15
6227 2 41
6228 0 5
6229 1 0
6230 7 0
6231 1 3
6232 5 0
6233 3 23
6234 0 46
6235 1 5
6236 0 12
6237 16 14
6238 2 3
6239 2 43
6240 2 5
6241 17 0
6242 0 36
6243 2 21
6244 30 0
6245 0 15
6246 19 0
6247 7 47
6248 46 47
6249 1 6
6250 0 31
6251 7 4
6252 1 19
6253 2 20
6254 6 2
6255 3 7
6256 0 39
6257 1 44
6258 1 38
6259 17 47
6260 18 47
6261 0 11
6262 47 3
6263 15 14
6264 2 23
6265 47 0
6266 1 30
6267 47 47
6268 2 8
6269 47 6
6270 47 1
6271 12 47
6272 2 37
6273 7 1
6274 0 0
6275 47 4
6276 15 43
6277 1 14
6278 4 16
6279 14 43
6280 33 0
6281 3 4
6282 2 10
6283 0 45
6284 0 26
6285 1 0
6286 13 43
6287 17 47
6288 12 43
6289 1 21
6290 2 14
6291 0 38
6292 13 0
6293 0 22
6294 2 0
6295 3 18
6296 4 11
6297 3 12
6298 4 7
6299 1 23
6300 0 21
6301 17 1
6302 1 35
6303 1 17
6304 3 2
6305 11 47
6306 1 0
6307 3 7
6308 18 47
6309 12 0
6310 2 0
6311 1 12
6312 1 29
6313 11 6
6314 1 36
6315 3 20
6316 3 0
6317 2 21
6318 0 44
6319 12 47
6320 0 8
6321 4 14
6322 6 4
6323 6 5
6324 0 17
6325 11 43
6326 3 6
6327 1 42
6328 1 32
6329 4 4
6330 7 7
6331 1 5
6332 23 0
6333 0 18
6334 4 2
6335 0 16
6336 0 6
6337 1 25
6338 2 11
6339 47 7
6340 0 10
6341 4 5
6342 4 13
6343 3 43
6344 2 43
6345 45 0
6346 4 4
6347 14 0
6348 0 11
6349 2 4
6350 3 10
6351 7 0
6352 0 35
6353 1 9
6354 11 0
6355 7 1
6356 13 0
6357 2 46
6358 1 39
6359 2 44
6360 0 42
6361 4 0
6362 1 27
6363 2 18
6364 1 13
6365 3 37
6366 0 33
6367 10 6
6368 17 47
6369 0 30
6370 0 32
6371 0 37
6372 1 45
6373 1 10
6374 2 12
6375 11 47
6376 0 38
6377 6 1
6378 4 14
6379 2 5
6380 0 31
6381 12 47
6382 14 14
6383 32 0
6384 0 41
6385 47 0
6386 9 6
6387 2 30
6388 13 45
6389 6 7
6390 14 47
6391 10 47
6392 4 17
6393 0 27
6394 12 0
6395 8 0
6396 0 36
6397 15 47
6398 7 2
6399 22 0
6400 6 4
6401 1 33
6402 2 27
6403 0 32
6404 2 22
6405 2 31
6406 0 29
6407 2 38
6408 0 43
6409 9 47
6410 12 45
6411 6 8
6412 2 26
6413 0 46
6414 0 9
6415 0 35
6416 18 2
6417 1 31
6418 1 14
6419 2 21
6420 2 22
6421 3 47
6422 0 15
6423 2 25
6424 21 0
6425 3 36
6426 16 1
6427 30 1
6428 2 35
6429 14 0
6430 9 2
6431 1 28
6432 0 23
6433 13 14
6434 3 17
6435 0 12
6436 3 3
6437 47 3
6438 1 11
6439 0 37
6440 4 5
6441 17 2
6442 5 8
6443 22 0
6444 6 5
6445 15 0
6446 1 4
6447 1 27
6448 0 30
6449 0 27
6450 5 11
6451 1 29
6452 46 47
6453 2 27
6454 0 36
6455 31 0
6456 3 37
6457 0 45
6458 8 6
6459 14 47
6460 0 11
6461 17 3
6462 2 15
6463 2 6
6464 2 3
6465 10 43
6466 0 47
6467 11 0
6468 3 3
6469 3 36
6470 3 13
6471 2 28
6472 1 16
6473 3 12
6474 0 14
6475 47 47
6476 2 33
6477 6 47
6478 3 13
6479 47 1
6480 1 36
6481 2 37
6482 0 13
6483 0 36
6484 11 3
6485 1 24
6486 2 26
6487 5 47
6488 2 0
6489 0 25
6490 4 4
6491 0 40
6492 47 4
6493 0 8
6494 3 6
6495 0 29
6496 29 1
6497 16 2
6498 1 9
6499 1 26
6500 1 12
6501 2 47
6502 0 10
6503 1 7
6504 21 0
6505 1 5
6506 0 22
6507 6 4
6508 30 0
6509 2 31
6510 2 19
6511 1 41
6512 2 9
6513 3 11
6514 0 39
6515 0 5
6516 15 2
6517 14 2
6518 7 3
6519 16 3
6520 1 30
6521 47 6
6522 3 16
6523 0 21
6524 0 12
6525 7 6
6526 16 47
6527 0 16
6528 4 8
6529 2 18
6530 2 14
6531 2 41
6532 4 13
6533 2 17
6534 5 5
6535 0 4
6536 1 38
6537 10 3
6538 6 2
6539 47 0
6540 3 1
6541 8 3
6542 0 5
6543 29 2
6544 1 4
6545 8 2
6546 13 2
6547 19 1
6548 0 22
6549 0 41
6550 20 0
6551 8 47
6552 0 4
6553 0 24
6554 1 43
6555 6 6
6556 1 34
6557 9 1
6558 3 33
6559 47 7
6560 12 2
6561 27 0
6562 0 28
6563 47 1
6564 1 36
6565 47 0
6566 2 3
6567 0 25
6568 2 21
6569 4 6
6570 12 14
6571 2 45
6572 47 6
6573 6 0
6574 3 19
6575 4 9
6576 9 43
6577 2 32
6578 3 18
6579 2 8
6580 3 4
6581 2 38
6582 3 15
6583 3 6
6584 47 1
6585 4 18
6586 2 27
6587 0 11
6588 6 7
6589 1 10
6590 2 10
6591 14 46
6592 1 5
6593 18 1
6594 1 23
6595 0 21
6596 1 15
6597 1 16
6598 46 47
6599 2 40
6600 2 37
6601 11 45
6602 0 17
6603 29 0
6604 14 0
6605 3 9
6606 14 47
6607 1 39
6608 1 15
6609 1 38
6610 1 47
6611 2 20
6612 10 0
6613 4 5
6614 3 34
6615 1 10
6616 16 0
6617 1 39
6618 5 7
6619 26 0
6620 47 47
6621 0 12
6622 3 2
6623 5 0
6624 1 22
6625 0 43
6626 2 10
6627 2 38
6628 4 7
6629 0 36
6630 28 2
6631 11 0
6632 1 41
6633 3 37
6634 47 7
6635 13 0
6636 1 1
6637 4 8
6638 19 0
6639 1 25
6640 7 47
6641 3 46
6642 2 22
6643 8 47
6644 20 0
6645 5 14
6646 1 38
6647 1 16
6648 4 47
6649 1 37
6650 0 5
6651 0 22
6652 3 12
6653 0 30
6654 44 0
6655 25 0
6656 5 2
6657 15 3
6658 0 19
6659 3 16
6660 2 26
6661 2 11
6662 0 20
6663 5 15
6664 4 4
6665 1 24
6666 7 0
6667 2 47
6668 1 47
6669 3 10
6670 3 0
6671 14 0
6672 0 19
6673 1 36
6674 4 9
6675 47 6
6676 0 41
6677 19 0
6678 2 47
6679 4 17
6680 0 20
6681 20 0
6682 1 39
6683 0 18
6684 46 47
6685 6 2
6686 1 38
6687 0 34
6688 1 0
6689 0 4
6690 1 46
6691 6 5
6692 3 5
6693 1 43
6694 3 22
6695 3 8
6696 4 15
6697 2 4
6698 1 18
6699 1 10
6700 27 2
6701 2 23
6702 8 0
6703 4 5
6704 28 0
6705 14 3
6706 5 9
6707 11 14
6708 5 2
6709 2 2
6710 1 23
6711 0 36
6712 7 3
6713 0 33
6714 1 36
6715 3 36
6716 1 22
6717 0 10
6718 5 47
6719 0 18
6720 1 15
6721 1 18
6722 1 28
6723 11 47
6724 4 2
6725 5 5
6726 27 0
6727 0 43
6728 3 37
6729 2 37
6730 4 1
6731 2 12
6732 0 29
6733 1 27
6734 5 2
6735 3 17
6736 0 28
6737 10 1
6738 2 0
6739 2 1
6740 2 25
6741 0 26
6742 2 3
6743 0 13
6744 47 3
6745 12 0
6746 1 47
6747 27 1
6748 3 36
6749 10 0
6750 5 3
6751 2 47
6752 2 10
6753 10 14
6754 13 47
6755 1 4
6756 8 43
6757 17 0
6758 1 26
6759 4 3
6760 16 0
6761 6 3
6762 0 11
6763 5 8
6764 10 47
6765 3 10
6766 9 3
6767 5 4
6768 7 2
6769 2 7
6770 2 2
6771 43 0
6772 11 2
6773 0 24
6774 7 1
6775 3 33
6776 5 5
6777 0 32
6778 2 5
6779 1 47
6780 4 0
6781 4 8
6782 10 45
6783 42 0
6784 0 17
6785 47 47
6786 1 27
6787 2 41
6788 41 0
6789 18 0
6790 9 14
6791 8 3
6792 0 19
6793 3 13
6794 4 19
6795 14 1
6796 2 38
6797 47 5
6798 0 10
6799 4 13
6800 4 6
6801 3 16
6802 1 13
6803 46 47
6804 2 34
6805 0 39
6806 4 9
6807 1 10
6808 1 25
6809 6 2
6810 0 29
6811 4 4
6812 4 7
6813 0 36
6814 3 14
6815 47 2
6816 2 37
6817 1 12
6818 4 8
6819 15 0
6820 9 47
6821 1 17
6822 8 14
6823 5 4
6824 15 47
6825 0 12
6826 19 0
6827 2 33
6828 13 0
6829 2 25
6830 12 0
6831 2 40
6832 2 3
6833 0 10
6834 1 25
6835 3 0
6836 2 2
6837 2 6
6838 0 38
6839 3 3
6840 4 0
6841 3 35
6842 4 18
6843 1 35
6844 5 5
6845 14 2
6846 9 0
6847 1 20
6848 4 9
6849 7 2
6850 16 47
6851 2 9
6852 11 0
6853 0 18
6854 2 1
6855 2 13
6856 2 3
6857 6 1
6858 10 0
6859 0 15
6860 3 13
6861 8 4
6862 3 18
6863 1 12
6864 13 2
6865 9 45
6866 4 14
6867 9 46
6868 7 1
6869 0 42
6870 0 9
6871 0 22
6872 5 4
6873 0 37
6874 1 39
6875 2 7
6876 0 41
6877 3 17
6878 5 0
6879 0 42
6880 0 25
6881 2 2
6882 0 44
6883 3 6
6884 26 0
6885 0 24
6886 3 4
6887 2 22
6888 1 37
6889 47 3
6890 1 45
6891 0 12
6892 2 13
6893 0 39
6894 0 25
6895 2 10
6896 2 46
6897 0 41
6898 15 47
6899 4 8
6900 47 2
6901 0 7
6902 2 1
6903 5 10
6904 1 18
6905 14 47
6906 1 19
6907 0 27
6908 7 43
6909 1 1
6910 0 4
6911 1 4
# colocadas=6912 ocupadas=109 mayor=453
