0 0 0
1 0 47
2 47 0
3 46 0
4 0 1
5 47 0
6 46 0
7 47 47
8 47 0
9 0 0
10 0 46
11 0 2
12 46 47
13 46 0
14 47 0
15 47 47
16 46 0
17 46 47
18 0 47
19 1 0
20 0 46
21 47 0
22 0 1
23 0 47
24 0 46
25 46 0
26 2 0
27 0 47
28 47 47
29 46 47
30 47 0
31 46 0
32 1 0
33 47 47
34 0 2
35 46 47
36 0 0
37 47 0
38 46 0
39 47 0
40 0 46
41 1 0
42 47 47
43 0 1
44 46 47
45 0 0
46 47 47
47 46 47
48 46 0
49 47 47
50 47 0
51 1 0
52 46 47
53 46 0
54 47 0
55 47 47
56 2 0
57 46 0
58 0 47
59 0 46
60 46 47
61 47 47
62 47 0
63 1 0
64 46 47
65 0 2
66 0 47
67 0 1
68 0 2
69 0 1
70 2 0
71 0 0
72 0 46
73 0 1
74 1 0
75 47 47
76 0 47
77 46 0
78 47 0
79 0 2
80 0 46
81 0 47
82 0 0
83 0 3
84 46 47
85 47 47
86 0 2
87 0 3
88 0 1
89 0 0
90 46 47
91 47 47
92 46 47
93 0 1
94 0 4
95 47 47
96 46 0
97 0 46
98 0 0
99 0 47
100 0 3
101 0 46
102 47 0
103 0 1
104 46 47
105 47 47
106 46 47
107 0 0
108 0 2
109 1 0
110 0 1
111 47 47
112 46 47
113 46 0
114 47 0
115 47 47
116 0 2
117 46 47
118 0 47
119 0 0
120 0 46
121 0 47
122 1 0
123 0 1
124 47 47
125 46 47
126 47 47
127 0 2
128 0 1
129 2 0
130 46 47
131 0 46
132 47 47
133 0 47
134 0 46
135 0 0
136 3 0
137 2 0
138 0 1
139 0 0
140 0 1
141 1 0
142 0 47
143 46 47
144 0 2
145 0 0
146 0 46
147 0 47
148 0 3
149 0 46
150 0 2
151 0 3
152 0 2
153 0 3
154 0 1
155 47 47
156 0 0
157 46 0
158 0 1
159 0 4
160 47 0
161 0 47
162 0 46
163 0 47
164 0 0
165 0 3
166 0 2
167 46 47
168 46 0
169 0 46
170 0 3
171 0 47
172 0 2
173 1 0
174 47 0
175 0 46
176 47 47
177 0 47
178 0 0
179 0 3
180 0 2
181 0 3
182 0 1
183 0 46
184 0 47
185 0 46
186 0 0
187 0 2
188 46 47
189 1 0
190 0 1
191 46 0
192 0 47
193 0 2
194 0 1
195 0 46
196 47 0
197 2 0
198 47 47
199 0 0
200 3 0
201 2 0
202 0 47
203 0 1
204 46 47
205 1 0
206 2 0
207 0 0
208 47 47
209 3 0
210 0 46
211 46 47
212 0 1
213 0 47
214 46 0
215 47 47
216 46 47
217 47 47
218 0 0
219 0 46
220 0 47
221 0 1
222 46 47
223 0 0
224 47 47
225 46 47
226 2 0
227 0 46
228 47 47
229 3 0
230 2 0
231 0 1
232 46 47
233 47 47
234 1 0
235 0 47
236 47 0
237 46 0
238 46 47
239 2 0
240 0 0
241 0 46
242 47 47
243 0 47
244 0 46
245 0 47
246 47 0
247 0 1
248 46 47
249 1 0
250 0 46
251 0 0
252 46 0
253 0 47
254 47 47
255 46 47
256 47 47
257 0 46
258 0 47
259 1 0
260 47 0
261 46 0
262 47 0
263 0 46
264 2 0
265 1 0
266 46 0
267 47 0
268 0 47
269 2 0
270 46 47
271 1 0
272 46 0
273 0 2
274 0 46
275 0 0
276 1 0
277 0 0
278 0 47
279 47 0
280 47 47
281 46 0
282 0 3
283 46 47
284 0 1
285 0 4
286 0 3
287 47 47
288 0 0
289 46 47
290 47 47
291 47 0
292 0 46
293 0 47
294 0 2
295 46 0
296 0 46
297 47 0
298 46 47
299 0 3
300 46 0
301 47 47
302 0 47
303 0 1
304 46 47
305 47 0
306 0 0
307 47 47
308 0 1
309 46 47
310 46 0
311 47 0
312 47 47
313 46 0
314 0 46
315 47 0
316 46 0
317 0 0
318 46 47
319 0 47
320 47 0
321 0 46
322 46 0
323 47 0
324 46 0
325 0 2
326 47 47
327 46 47
328 0 3
329 0 2
330 0 3
331 47 47
332 0 2
333 0 47
334 1 0
335 0 0
336 0 46
337 0 3
338 46 47
339 47 0
340 47 47
341 0 1
342 46 47
343 0 47
344 46 0
345 47 0
346 46 0
347 47 47
348 0 0
349 46 47
350 0 2
351 0 46
352 1 0
353 0 0
354 1 0
355 47 47
356 46 47
357 47 0
358 0 0
359 1 0
360 0 47
361 46 0
362 0 1
363 0 46
364 0 2
365 47 0
366 46 0
367 0 0
368 0 3
369 0 1
370 47 0
371 47 47
372 0 47
373 0 4
374 0 3
375 46 0
376 47 0
377 46 0
378 0 0
379 0 46
380 46 47
381 0 1
382 0 47
383 47 0
384 0 0
385 0 2
386 0 3
387 0 46
388 47 47
389 0 1
390 0 0
391 0 2
392 46 0
393 46 47
394 47 47
395 0 47
396 0 3
397 0 46
398 0 2
399 0 3
400 0 1
401 0 47
402 47 0
403 0 0
404 46 0
405 0 46
406 47 0
407 0 47
408 0 46
409 0 1
410 46 47
411 0 47
412 47 47
413 46 47
414 0 46
415 46 0
416 0 0
417 47 0
418 0 47
419 0 46
420 0 2
421 0 1
422 46 0
423 0 2
424 47 47
425 46 47
426 0 1
427 0 2
428 47 47
429 47 0
430 46 0
431 0 3
432 0 47
433 0 46
434 0 2
435 0 3
436 0 2
437 0 47
438 0 46
439 0 3
440 0 2
441 1 0
442 46 47
443 0 47
444 47 47
445 46 47
446 0 1
447 47 0
448 47 47
449 46 47
450 0 46
451 2 0
452 46 0
453 0 47
454 47 0
455 1 0
456 0 0
457 47 47
458 46 0
459 0 46
460 0 47
461 46 47
462 0 1
463 0 2
464 0 46
465 0 47
466 47 0
467 46 0
468 0 46
469 0 1
470 0 0
471 47 47
472 46 47
473 1 0
474 0 47
475 47 0
476 46 0
477 47 47
478 2 0
479 1 0
480 2 0
481 0 0
482 47 0
483 0 1
484 0 46
485 1 0
486 0 2
487 0 1
488 2 0
489 46 47
490 0 0
491 46 0
492 3 0
493 47 47
494 2 0
495 47 0
496 46 47
497 46 0
498 0 47
499 3 0
500 47 47
501 46 47
502 0 1
503 47 47
504 46 47
505 0 0
506 47 0
507 2 0
508 0 1
509 0 0
510 47 47
511 46 47
512 0 46
513 46 0
514 47 47
515 46 47
516 47 0
517 3 0
518 46 0
519 47 47
520 0 47
521 47 0
522 0 46
523 46 0
524 0 1
525 0 0
526 47 0
527 46 0
528 0 47
529 0 46
530 47 0
531 46 0
532 2 0
533 1 0
534 2 0
535 0 47
536 46 47
537 47 0
538 47 47
539 46 0
540 47 0
541 46 0
542 47 0
543 46 0
544 0 1
545 1 0
546 2 0
547 0 0
548 3 0
549 0 1
550 2 0
551 0 0
552 46 47
553 47 47
554 46 47
555 0 46
556 0 1
557 47 0
558 0 47
559 1 0
560 0 2
561 0 1
562 0 2
563 0 46
564 46 0
565 0 1
566 0 2
567 47 0
568 0 0
569 0 47
570 47 47
571 46 0
572 1 0
573 47 0
574 0 1
575 0 46
576 46 47
577 0 47
578 0 0
579 0 46
580 1 0
581 0 0
582 0 47
583 46 0
584 47 47
585 46 47
586 1 0
587 0 46
588 47 0
589 0 47
590 2 0
591 0 46
592 1 0
593 2 0
594 47 47
595 46 47
596 0 0
597 0 47
598 3 0
599 0 46
600 46 0
601 0 1
602 2 0
603 1 0
604 47 47
605 46 47
606 0 0
607 47 47
608 46 47
609 47 0
610 0 1
611 0 47
612 0 2
613 0 46
614 0 47
615 46 0
616 0 1
617 0 46
618 0 2
619 0 0
620 0 47
621 0 3
622 0 46
623 0 1
624 47 47
625 0 47
626 0 4
627 47 0
628 0 0
629 0 46
630 0 3
631 0 47
632 0 46
633 46 47
634 46 0
635 47 47
636 47 0
637 46 47
638 0 47
639 0 46
640 0 1
641 47 47
642 0 4
643 0 0
644 46 0
645 46 47
646 0 47
647 0 46
648 0 47
649 0 1
650 0 3
651 0 4
652 0 46
653 47 47
654 46 47
655 47 47
656 47 0
657 0 0
658 46 47
659 0 1
660 0 47
661 0 46
662 0 0
663 46 0
664 0 3
665 0 47
666 47 47
667 46 47
668 0 1
669 47 47
670 47 0
671 46 0
672 0 46
673 47 0
674 46 47
675 0 2
676 46 0
677 0 3
678 0 2
679 47 47
680 0 47
681 0 46
682 47 0
683 46 47
684 0 3
685 0 47
686 0 4
687 0 46
688 0 47
689 0 3
690 46 0
691 0 46
692 0 47
693 0 0
694 0 1
695 0 46
696 47 47
697 46 47
698 0 47
699 47 47
700 47 0
701 46 0
702 47 0
703 0 4
704 0 46
705 0 0
706 46 0
707 47 0
708 46 0
709 47 0
710 0 3
711 0 47
712 0 1
713 46 0
714 0 4
715 0 3
716 47 0
717 46 47
718 0 0
719 47 47
720 0 46
721 46 0
722 0 1
723 47 0
724 46 47
725 46 0
726 0 0
727 0 1
728 47 47
729 0 0
730 47 0
731 46 47
732 46 0
733 0 2
734 1 0
735 47 47
736 0 1
737 47 0
738 0 2
739 46 0
740 46 47
741 47 0
742 47 47
743 0 1
744 0 47
745 0 46
746 0 0
747 46 47
748 47 47
749 46 47
750 47 47
751 46 0
752 1 0
753 0 47
754 2 0
755 46 47
756 1 0
757 0 46
758 2 0
759 0 47
760 0 46
761 0 47
762 0 0
763 3 0
764 2 0
765 0 1
766 47 47
767 46 47
768 1 0
769 47 47
770 47 0
771 0 2
772 0 0
773 0 3
774 46 0
775 0 1
776 46 47
777 0 4
778 47 0
779 0 46
780 46 0
781 0 0
782 0 47
783 0 46
784 47 47
785 0 3
786 0 47
787 47 0
788 0 46
789 46 47
790 46 0
791 47 47
792 0 2
793 1 0
794 0 1
795 47 0
796 2 0
797 46 47
798 0 0
799 46 0
800 3 0
801 0 1
802 2 0
803 47 0
804 47 47
805 0 47
806 1 0
807 46 47
808 46 0
809 47 0
810 0 46
811 0 2
812 0 0
813 0 3
814 0 2
815 1 0
816 47 47
817 0 0
818 0 3
819 46 0
820 0 1
821 46 47
822 0 0
823 47 0
824 0 47
825 0 1
826 47 47
827 0 46
828 46 0
829 46 47
830 0 0
831 47 0
832 47 47
833 0 2
834 0 3
835 46 47
836 46 0
837 0 47
838 0 2
839 47 0
840 46 0
841 47 47
842 1 0
843 0 46
844 46 47
845 47 0
846 47 47
847 46 47
848 0 1
849 0 2
850 0 47
851 0 46
852 0 1
853 47 47
854 46 0
855 46 47
856 0 47
857 47 47
858 2 0
859 0 46
860 1 0
861 46 47
862 47 0
863 47 47
864 0 47
865 0 46
866 0 2
867 0 0
868 46 0
869 0 47
870 0 3
871 0 46
872 0 2
873 0 47
874 0 46
875 1 0
876 0 47
877 0 1
878 0 46
879 46 47
880 47 47
881 0 47
882 46 47
883 0 2
884 0 46
885 0 1
886 47 0
887 47 47
888 46 47
889 46 0
890 2 0
891 0 0
892 47 47
893 0 1
894 47 0
895 0 0
896 46 0
897 46 47
898 3 0
899 0 1
900 0 0
901 0 47
902 0 1
903 2 0
904 47 47
905 0 0
906 3 0
907 47 0
908 2 0
909 46 47
910 0 46
911 0 1
912 47 47
913 1 0
914 46 47
915 47 47
916 0 47
917 46 0
918 0 2
919 46 47
920 0 46
921 47 0
922 47 47
923 46 47
924 47 47
925 46 47
926 47 47
927 0 0
928 46 47
929 47 47
930 46 47
931 0 47
932 0 46
933 47 47
934 46 0
935 0 47
936 46 47
937 1 0
938 0 46
939 47 0
940 0 1
941 0 47
942 0 46
943 0 2
944 46 0
945 0 47
946 0 46
947 0 0
948 0 47
949 0 3
950 0 46
951 47 47
952 0 1
953 0 0
954 46 47
955 0 47
956 47 0
957 47 47
958 0 2
959 46 0
960 46 47
961 47 47
962 1 0
963 47 0
964 0 0
965 0 46
966 0 3
967 46 0
968 0 1
969 0 2
970 47 0
971 0 47
972 46 0
973 46 47
974 47 47
975 46 47
976 47 0
977 0 46
978 46 0
979 47 47
980 46 47
981 47 0
982 0 0
983 0 3
984 47 47
985 0 1
986 0 47
987 0 2
988 0 3
989 46 0
990 0 4
991 0 3
992 46 47
993 0 46
994 47 47
995 46 47
996 47 0
997 0 47
998 47 47
999 46 47
1000 0 0
1001 0 1
1002 0 4
1003 47 47
1004 0 3
1005 0 46
1006 0 4
1007 46 47
1008 47 47
1009 0 0
1010 0 1
1011 0 47
1012 0 3
1013 0 0
1014 46 0
1015 0 1
1016 0 46
1017 0 4
1018 47 0
1019 0 0
1020 0 3
1021 0 1
1022 0 4
1023 0 0
1024 0 47
1025 46 0
1026 0 3
1027 0 1
1028 0 46
1029 47 0
1030 46 0
1031 47 0
1032 46 0
1033 0 0
1034 0 1
1035 47 0
1036 46 47
1037 0 47
1038 46 0
1039 0 46
1040 0 47
1041 47 0
1042 0 4
1043 0 0
1044 0 1
1045 47 47
1046 46 47
1047 0 0
1048 0 1
1049 0 0
1050 47 47
1051 0 1
1052 0 46
1053 0 47
1054 0 46
1055 46 0
1056 46 47
1057 47 0
1058 0 0
1059 0 3
1060 46 0
1061 0 2
1062 1 0
1063 0 47
1064 0 46
1065 0 47
1066 0 1
1067 47 0
1068 0 46
1069 0 2
1070 0 47
1071 47 47
1072 0 0
1073 0 3
1074 0 46
1075 0 1
1076 0 0
1077 0 47
1078 0 46
1079 0 1
1080 0 4
1081 46 47
1082 47 47
1083 46 47
1084 46 0
1085 47 47
1086 47 0
1087 46 47
1088 0 0
1089 0 3
1090 0 1
1091 0 0
1092 0 1
1093 0 0
1094 0 47
1095 0 2
1096 0 3
1097 0 1
1098 46 0
1099 47 47
1100 0 0
1101 0 1
1102 47 0
1103 0 4
1104 0 46
1105 46 47
1106 0 0
1107 0 3
1108 0 47
1109 47 47
1110 46 47
1111 46 0
1112 47 0
1113 0 46
1114 0 47
1115 0 1
1116 0 0
1117 0 46
1118 0 47
1119 46 0
1120 0 46
1121 0 47
1122 0 2
1123 47 0
1124 0 46
1125 47 47
1126 46 47
1127 47 47
1128 1 0
1129 0 0
1130 0 3
1131 0 47
1132 46 47
1133 46 0
1134 0 1
1135 0 0
1136 0 1
1137 0 4
1138 47 47
1139 47 0
1140 0 46
1141 0 0
1142 46 0
1143 47 0
1144 46 47
1145 0 1
1146 0 3
1147 0 47
1148 0 0
1149 0 46
1150 46 0
1151 0 1
1152 0 0
1153 0 2
1154 47 47
1155 1 0
1156 47 0
1157 46 47
1158 47 47
1159 46 0
1160 46 47
1161 47 0
1162 0 1
1163 0 47
1164 0 0
1165 1 0
1166 47 47
1167 0 46
1168 46 47
1169 46 0
1170 47 47
1171 0 47
1172 46 47
1173 0 46
1174 0 47
1175 0 2
1176 0 1
1177 47 0
1178 2 0
1179 46 0
1180 47 0
1181 1 0
1182 0 2
1183 0 1
1184 46 0
1185 47 0
1186 2 0
1187 46 0
1188 47 47
1189 46 47
1190 47 47
1191 47 0
1192 0 46
1193 1 0
1194 2 0
1195 46 47
1196 0 0
1197 3 0
1198 0 47
1199 0 46
1200 46 0
1201 47 0
1202 46 0
1203 0 47
1204 0 1
1205 47 0
1206 46 0
1207 47 47
1208 0 46
1209 0 47
1210 46 47
1211 2 0
1212 47 0
1213 0 0
1214 46 0
1215 47 0
1216 0 46
1217 0 47
1218 46 0
1219 47 0
1220 46 0
1221 0 46
1222 0 47
1223 1 0
1224 47 0
1225 46 0
1226 47 0
1227 47 47
1228 46 47
1229 0 46
1230 47 47
1231 46 47
1232 47 47
1233 0 47
1234 46 0
1235 2 0
1236 3 0
1237 2 0
1238 0 1
1239 46 47
1240 0 46
1241 0 0
1242 0 47
1243 47 47
1244 1 0
1245 2 0
1246 47 0
1247 3 0
1248 46 0
1249 46 47
1250 2 0
1251 47 47
1252 47 0
1253 0 46
1254 46 0
1255 0 47
1256 47 0
1257 0 1
1258 1 0
1259 2 0
1260 46 0
1261 46 47
1262 0 46
1263 1 0
1264 2 0
1265 1 0
1266 0 2
1267 47 47
1268 0 0
1269 1 0
1270 46 47
1271 47 47
1272 0 1
1273 2 0
1274 1 0
1275 46 47
1276 0 2
1277 0 0
1278 47 0
1279 1 0
1280 0 0
1281 0 47
1282 46 0
1283 0 3
1284 47 0
1285 0 1
1286 0 4
1287 0 3
1288 47 47
1289 0 4
1290 0 3
1291 0 46
1292 46 0
1293 47 0
1294 0 0
1295 0 47
1296 46 0
1297 47 0
1298 46 47
1299 0 1
1300 0 0
1301 0 1
1302 0 0
1303 46 0
1304 47 47
1305 0 2
1306 46 47
1307 0 3
1308 0 46
1309 0 1
1310 0 47
1311 0 46
1312 47 47
1313 0 0
1314 0 47
1315 0 46
1316 0 1
1317 47 0
1318 0 4
1319 0 0
1320 0 47
1321 46 0
1322 47 0
1323 46 47
1324 0 3
1325 47 47
1326 0 2
1327 46 47
1328 47 47
1329 46 0
1330 46 47
1331 47 0
1332 46 0
1333 0 3
1334 47 47
1335 0 2
1336 0 46
1337 1 0
1338 46 47
1339 0 1
1340 47 0
1341 0 0
1342 46 0
1343 47 47
1344 46 47
1345 47 0
1346 47 47
1347 0 47
1348 46 0
1349 0 46
1350 47 0
1351 46 47
1352 0 47
1353 2 0
1354 46 0
1355 47 47
1356 0 46
1357 47 0
1358 46 47
1359 46 0
1360 0 47
1361 0 1
1362 47 0
1363 0 46
1364 0 47
1365 0 46
1366 0 0
1367 3 0
1368 0 1
1369 46 0
1370 47 47
1371 2 0
1372 46 47
1373 0 47
1374 47 0
1375 0 0
1376 47 47
1377 46 47
1378 0 1
1379 0 46
1380 0 0
1381 47 47
1382 46 47
1383 3 0
1384 0 1
1385 0 0
1386 47 47
1387 0 47
1388 2 0
1389 3 0
1390 2 0
1391 46 47
1392 47 47
1393 0 46
1394 0 47
1395 0 1
1396 0 0
1397 46 0
1398 47 0
1399 46 0
1400 3 0
1401 0 1
1402 47 0
1403 0 46
1404 2 0
1405 1 0
1406 0 2
1407 0 1
1408 0 47
1409 0 0
1410 1 0
1411 46 0
1412 47 0
1413 46 0
1414 0 46
1415 0 0
1416 47 0
1417 46 0
1418 46 47
1419 1 0
1420 47 0
1421 0 47
1422 2 0
1423 0 46
1424 1 0
1425 46 0
1426 2 0
1427 0 47
1428 47 0
1429 46 0
1430 47 0
1431 46 0
1432 0 0
1433 47 0
1434 0 1
1435 47 47
1436 46 0
1437 0 46
1438 0 0
1439 3 0
1440 46 47
1441 0 1
1442 0 0
1443 47 0
1444 0 1
1445 2 0
1446 46 0
1447 0 0
1448 47 47
1449 46 47
1450 47 0
1451 47 47
1452 46 0
1453 47 0
1454 3 0
1455 46 0
1456 0 47
1457 0 46
1458 0 1
1459 0 0
1460 0 47
1461 0 1
1462 47 0
1463 0 46
1464 0 47
1465 2 0
1466 46 47
1467 1 0
1468 0 46
1469 47 47
1470 0 47
1471 46 0
1472 2 0
1473 1 0
1474 0 2
1475 47 0
1476 0 0
1477 46 47
1478 0 46
1479 1 0
1480 0 1
1481 2 0
1482 0 0
1483 3 0
1484 47 47
1485 0 47
1486 0 1
1487 2 0
1488 46 47
1489 47 47
1490 0 0
1491 46 0
1492 46 47
1493 3 0
1494 2 0
1495 3 0
1496 47 47
1497 0 46
1498 0 47
1499 0 46
1500 0 1
1501 47 0
1502 2 0
1503 0 47
1504 0 46
1505 1 0
1506 2 0
1507 1 0
1508 46 47
1509 46 0
1510 47 47
1511 47 0
1512 46 47
1513 2 0
1514 0 0
1515 1 0
1516 47 47
1517 46 47
1518 0 47
1519 46 0
1520 47 47
1521 0 46
1522 46 47
1523 47 0
1524 47 47
1525 46 0
1526 0 1
1527 47 0
1528 2 0
1529 46 47
1530 47 47
1531 0 47
1532 1 0
1533 46 0
1534 47 0
1535 46 47
1536 0 2
1537 47 47
1538 46 47
1539 47 47
1540 46 47
1541 0 0
1542 0 46
1543 0 47
1544 0 3
1545 0 1
1546 47 47
1547 0 0
1548 0 2
1549 46 0
1550 0 3
1551 0 46
1552 0 1
1553 0 4
1554 47 0
1555 0 0
1556 0 3
1557 0 1
1558 0 0
1559 46 47
1560 46 0
1561 0 47
1562 47 47
1563 47 0
1564 46 0
1565 47 0
1566 46 0
1567 0 1
1568 0 4
1569 47 0
1570 0 3
1571 0 4
1572 46 0
1573 46 47
1574 0 46
1575 0 47
1576 47 47
1577 0 0
1578 47 0
1579 46 0
1580 47 0
1581 0 3
1582 0 46
1583 0 47
1584 0 2
1585 0 46
1586 1 0
1587 0 47
1588 0 0
1589 0 46
1590 46 0
1591 0 3
1592 46 47
1593 0 2
1594 0 3
1595 0 2
1596 0 47
1597 47 47
1598 46 47
1599 0 3
1600 0 46
1601 0 1
1602 0 4
1603 47 0
1604 0 0
1605 0 1
1606 0 0
1607 46 0
1608 0 1
1609 0 3
1610 47 47
1611 0 0
1612 47 0
1613 0 47
1614 46 0
1615 0 2
1616 47 0
1617 46 47
1618 0 46
1619 0 47
1620 0 1
1621 46 0
1622 47 0
1623 47 47
1624 46 47
1625 47 47
1626 0 46
1627 46 0
1628 0 47
1629 47 0
1630 46 0
1631 1 0
1632 46 47
1633 47 47
1634 0 46
1635 0 2
1636 47 0
1637 0 47
1638 46 0
1639 0 0
1640 0 3
1641 0 1
1642 47 0
1643 0 0
1644 0 2
1645 46 47
1646 0 3
1647 0 46
1648 47 47
1649 0 1
1650 46 47
1651 0 4
1652 0 47
1653 46 0
1654 0 3
1655 47 0
1656 0 46
1657 46 0
1658 47 47
1659 0 0
1660 0 2
1661 0 47
1662 0 3
1663 46 47
1664 0 1
1665 47 47
1666 47 0
1667 0 46
1668 0 0
1669 0 47
1670 0 1
1671 46 0
1672 0 46
1673 46 47
1674 0 4
1675 0 0
1676 0 1
1677 47 0
1678 47 47
1679 46 0
1680 47 0
1681 0 3
1682 0 0
1683 46 0
1684 0 2
1685 0 3
1686 0 1
1687 0 0
1688 47 0
1689 46 47
1690 0 47
1691 46 0
1692 47 0
1693 0 1
1694 0 46
1695 47 47
1696 46 0
1697 0 47
1698 0 2
1699 0 46
1700 46 47
1701 47 0
1702 47 47
1703 0 3
1704 46 0
1705 46 47
1706 0 4
1707 47 47
1708 0 47
1709 47 0
1710 0 0
1711 46 47
1712 0 1
1713 0 46
1714 0 3
1715 47 47
1716 0 0
1717 0 1
1718 46 0
1719 0 0
1720 0 2
1721 0 47
1722 47 0
1723 0 46
1724 0 47
1725 0 46
1726 0 47
1727 0 3
1728 46 0
1729 47 0
1730 0 1
1731 0 0
1732 0 2
1733 0 3
1734 0 2
1735 46 0
1736 0 46
1737 0 3
1738 46 47
1739 0 1
1740 47 47
1741 0 0
1742 46 47
1743 47 47
1744 0 47
1745 0 2
1746 0 1
1747 0 2
1748 0 1
1749 0 2
1750 46 47
1751 47 47
1752 47 0
1753 0 3
1754 0 46
1755 46 47
1756 0 2
1757 46 0
1758 47 0
1759 0 47
1760 0 46
1761 1 0
1762 47 47
1763 46 47
1764 47 47
1765 0 0
1766 0 47
1767 46 0
1768 47 0
1769 0 3
1770 0 2
1771 0 46
1772 0 47
1773 1 0
1774 0 0
1775 0 46
1776 0 3
1777 46 47
1778 46 0
1779 0 2
1780 0 47
1781 1 0
1782 47 0
1783 0 0
1784 46 0
1785 1 0
1786 0 0
1787 0 46
1788 0 47
1789 47 47
1790 0 3
1791 0 46
1792 46 47
1793 0 2
1794 0 3
1795 0 1
1796 0 0
1797 47 0
1798 0 47
1799 0 2
1800 46 0
1801 47 47
1802 47 0
1803 46 47
1804 46 0
1805 0 46
1806 47 0
1807 47 47
1808 0 47
1809 0 3
1810 46 47
1811 0 2
1812 47 47
1813 46 47
1814 0 46
1815 46 0
1816 0 3
1817 0 1
1818 47 0
1819 46 0
1820 47 0
1821 46 0
1822 0 47
1823 0 4
1824 0 46
1825 0 47
1826 0 46
1827 0 0
1828 0 47
1829 0 46
1830 0 47
1831 0 46
1832 47 47
1833 47 0
1834 0 47
1835 0 46
1836 0 47
1837 0 46
1838 46 0
1839 0 1
1840 0 3
1841 46 47
1842 0 47
1843 47 47
1844 0 4
1845 0 3
1846 0 0
1847 0 46
1848 46 47
1849 47 47
1850 0 1
1851 0 4
1852 0 47
1853 47 0
1854 0 0
1855 46 47
1856 46 0
1857 0 1
1858 0 3
1859 47 0
1860 0 4
1861 0 46
1862 0 3
1863 0 47
1864 47 47
1865 46 47
1866 47 47
1867 0 4
1868 46 0
1869 0 0
1870 47 0
1871 46 0
1872 0 1
1873 0 3
1874 0 4
1875 0 3
1876 46 47
1877 47 0
1878 0 46
1879 0 47
1880 46 0
1881 0 46
1882 0 0
1883 0 2
1884 47 47
1885 46 47
1886 0 47
1887 47 0
1888 0 3
1889 0 1
1890 0 4
1891 47 47
1892 46 47
1893 0 0
1894 0 3
1895 47 47
1896 46 47
1897 0 2
1898 46 0
1899 1 0
1900 0 1
1901 47 47
1902 0 46
1903 2 0
1904 46 47
1905 47 0
1906 0 47
1907 1 0
1908 0 46
1909 47 47
1910 2 0
1911 0 0
1912 3 0
1913 2 0
1914 3 0
1915 0 1
1916 46 0
1917 0 47
1918 0 46
1919 0 0
1920 2 0
1921 47 0
1922 0 47
1923 0 46
1924 0 47
1925 0 46
1926 46 47
1927 47 47
1928 3 0
1929 0 1
1930 0 47
1931 46 0
1932 47 0
1933 0 0
1934 0 46
1935 46 47
1936 46 0
1937 47 0
1938 47 47
1939 2 0
1940 46 0
1941 0 1
1942 1 0
1943 0 47
1944 47 0
1945 46 0
1946 47 0
1947 0 2
1948 46 0
1949 0 0
1950 1 0
1951 0 46
1952 46 47
1953 0 0
1954 47 0
1955 0 3
1956 0 1
1957 0 0
1958 0 47
1959 0 2
1960 0 46
1961 1 0
1962 0 47
1963 0 0
1964 1 0
1965 0 46
1966 0 1
1967 2 0
1968 1 0
1969 47 47
1970 2 0
1971 46 0
1972 1 0
1973 2 0
1974 1 0
1975 46 47
1976 0 2
1977 0 1
1978 47 47
1979 2 0
1980 47 0
1981 46 47
1982 1 0
1983 47 47
1984 46 0
1985 0 47
1986 47 0
1987 46 0
1988 46 47
1989 0 2
1990 0 46
1991 0 0
1992 47 47
1993 0 47
1994 47 0
1995 46 47
1996 47 47
1997 46 47
1998 1 0
1999 0 46
2000 0 1
2001 46 0
2002 2 0
2003 47 0
2004 46 0
2005 0 0
2006 0 47
2007 47 0
2008 46 0
2009 47 0
2010 1 0
2011 47 47
2012 46 0
2013 0 0
2014 47 0
2015 0 46
2016 46 0
2017 46 47
2018 47 0
2019 47 47
2020 46 47
2021 3 0
2022 0 1
2023 46 0
2024 47 0
2025 2 0
2026 47 47
2027 0 0
2028 0 1
2029 46 0
2030 0 47
2031 0 0
2032 47 0
2033 46 0
2034 3 0
2035 2 0
2036 0 46
2037 47 0
2038 3 0
2039 0 47
2040 46 47
2041 0 1
2042 0 0
2043 2 0
2044 47 47
2045 46 0
2046 46 47
2047 3 0
2048 0 46
2049 2 0
2050 47 0
2051 46 0
2052 0 1
2053 1 0
2054 0 47
2055 0 2
2056 47 0
2057 0 0
2058 1 0
2059 0 46
2060 0 1
2061 0 2
2062 47 47
2063 0 47
2064 0 46
2065 0 47
2066 0 0
2067 1 0
2068 0 46
2069 46 0
2070 47 0
2071 0 47
2072 0 0
2073 46 47
2074 47 47
2075 0 3
2076 0 1
2077 0 0
2078 0 2
2079 46 47
2080 1 0
2081 46 0
2082 47 47
2083 0 0
2084 1 0
2085 0 0
2086 46 47
2087 0 46
2088 0 3
2089 0 2
2090 47 0
2091 46 0
2092 1 0
2093 47 0
2094 46 0
2095 0 47
2096 0 0
2097 0 3
2098 0 1
2099 47 0
2100 0 4
2101 47 47
2102 0 3
2103 0 0
2104 46 47
2105 0 1
2106 0 0
2107 0 1
2108 0 46
2109 0 4
2110 47 47
2111 0 0
2112 46 47
2113 46 0
2114 47 0
2115 0 1
2116 47 47
2117 0 47
2118 46 0
2119 47 0
2120 0 0
2121 0 3
2122 0 46
2123 0 47
2124 46 0
2125 46 47
2126 0 1
2127 0 46
2128 47 0
2129 0 4
2130 0 47
2131 0 0
2132 46 0
2133 0 1
2134 47 47
2135 0 0
2136 0 3
2137 0 46
2138 0 1
2139 47 0
2140 46 0
2141 0 4
2142 47 0
2143 46 47
2144 46 0
2145 47 47
2146 0 0
2147 0 1
2148 47 0
2149 46 47
2150 47 47
2151 0 0
2152 0 1
2153 0 3
2154 0 0
2155 46 47
2156 46 0
2157 47 0
2158 0 1
2159 0 0
2160 47 47
2161 0 1
2162 0 4
2163 0 0
2164 0 47
2165 0 46
2166 0 1
2167 0 47
2168 0 46
2169 46 47
2170 46 0
2171 0 47
2172 0 46
2173 0 47
2174 47 0
2175 0 3
2176 0 4
2177 0 3
2178 0 4
2179 0 0
2180 0 3
2181 0 46
2182 0 47
2183 46 0
2184 47 47
2185 0 1
2186 47 0
2187 0 4
2188 0 46
2189 0 0
2190 46 0
2191 46 47
2192 47 0
2193 0 1
2194 46 0
2195 0 47
2196 47 0
2197 0 46
2198 47 47
2199 0 0
2200 46 0
2201 47 0
2202 0 1
2203 46 0
2204 46 47
2205 0 3
2206 0 0
2207 47 47
2208 46 47
2209 47 0
2210 0 47
2211 0 1
2212 46 0
2213 47 47
2214 47 0
2215 0 0
2216 0 1
2217 46 47
2218 0 46
2219 0 47
2220 46 0
2221 0 4
2222 47 0
2223 47 47
2224 46 47
2225 0 0
2226 0 1
2227 0 0
2228 0 3
2229 46 0
2230 0 1
2231 0 4
2232 47 0
2233 0 0
2234 47 47
2235 0 46
2236 0 47
2237 0 3
2238 0 46
2239 46 0
2240 0 2
2241 0 3
2242 46 47
2243 47 0
2244 0 2
2245 0 47
2246 0 3
2247 46 0
2248 0 46
2249 47 47
2250 0 47
2251 0 1
2252 46 47
2253 47 47
2254 0 4
2255 0 0
2256 0 46
2257 47 0
2258 0 47
2259 0 46
2260 46 47
2261 46 0
2262 47 0
2263 47 47
2264 46 0
2265 0 3
2266 47 0
2267 46 0
2268 0 47
2269 47 0
2270 46 47
2271 0 1
2272 0 0
2273 46 0
2274 47 0
2275 0 2
2276 46 0
2277 47 47
2278 0 3
2279 47 0
2280 0 46
2281 0 2
2282 0 47
2283 46 47
2284 0 3
2285 47 47
2286 0 1
2287 0 46
2288 0 0
2289 46 47
2290 46 0
2291 47 47
2292 47 0
2293 46 47
2294 46 0
2295 0 1
2296 0 0
2297 0 1
2298 0 0
2299 0 1
2300 0 0
2301 47 0
2302 47 47
2303 46 0
2304 46 47
2305 47 0
2306 0 47
2307 0 1
2308 46 0
2309 0 46
2310 47 0
2311 0 0
2312 46 0
2313 0 47
2314 0 1
2315 47 47
2316 0 46
2317 46 47
2318 47 47
2319 0 4
2320 0 3
2321 0 4
2322 0 0
2323 0 47
2324 0 1
2325 0 46
2326 0 47
2327 0 0
2328 0 3
2329 0 2
2330 47 0
2331 46 47
2332 0 3
2333 0 1
2334 47 47
2335 0 0
2336 0 1
2337 46 47
2338 0 46
2339 0 47
2340 46 0
2341 0 4
2342 0 0
2343 47 47
2344 0 3
2345 0 46
2346 0 1
2347 46 47
2348 47 0
2349 0 4
2350 0 47
2351 0 0
2352 0 1
2353 47 47
2354 0 3
2355 0 0
2356 0 1
2357 0 4
2358 0 46
2359 46 0
2360 46 47
2361 0 47
2362 0 46
2363 0 3
2364 47 47
2365 0 0
2366 47 0
2367 0 2
2368 46 0
2369 0 47
2370 47 0
2371 1 0
2372 46 0
2373 0 0
2374 46 47
2375 1 0
2376 0 0
2377 47 0
2378 0 3
2379 0 2
2380 0 3
2381 0 1
2382 0 46
2383 46 0
2384 47 0
2385 0 47
2386 0 0
2387 0 1
2388 0 4
2389 0 0
2390 0 3
2391 0 1
2392 46 0
2393 0 46
2394 0 47
2395 0 4
2396 47 47
2397 0 46
2398 0 3
2399 0 47
2400 46 47
2401 47 0
2402 0 4
2403 47 47
2404 0 3
2405 0 0
2406 0 1
2407 0 0
2408 46 0
2409 0 2
2410 46 47
2411 47 47
2412 0 46
2413 0 47
2414 0 3
2415 47 0
2416 0 46
2417 46 47
2418 0 47
2419 46 0
2420 47 0
2421 47 47
2422 46 47
2423 0 1
2424 0 4
2425 0 46
2426 0 47
2427 0 3
2428 46 0
2429 47 47
2430 46 47
2431 0 4
2432 0 0
2433 47 47
2434 47 0
2435 0 3
2436 0 46
2437 0 1
2438 46 0
2439 47 0
2440 46 0
2441 0 2
2442 0 3
2443 47 0
2444 0 4
2445 46 0
2446 0 3
2447 46 47
2448 0 47
2449 0 46
2450 0 4
2451 47 47
2452 0 0
2453 0 3
2454 0 47
2455 46 47
2456 0 2
2457 47 0
2458 0 3
2459 0 46
2460 46 0
2461 47 47
2462 0 47
2463 46 47
2464 47 47
2465 0 2
2466 1 0
2467 47 0
2468 0 0
2469 1 0
2470 0 1
2471 0 46
2472 0 47
2473 0 46
2474 46 0
2475 47 0
2476 0 47
2477 46 47
2478 0 0
2479 46 0
2480 0 46
2481 47 47
2482 46 47
2483 0 47
2484 47 0
2485 46 0
2486 47 0
2487 46 0
2488 1 0
2489 0 2
2490 47 47
2491 0 0
2492 47 0
2493 0 46
2494 46 47
2495 46 0
2496 0 3
2497 47 0
2498 46 0
2499 47 0
2500 46 0
2501 0 1
2502 0 0
2503 47 0
2504 0 2
2505 1 0
2506 47 47
2507 46 47
2508 46 0
2509 0 1
2510 47 0
2511 0 47
2512 0 46
2513 46 0
2514 0 0
2515 47 47
2516 47 0
2517 1 0
2518 46 0
2519 47 0
2520 0 47
2521 0 46
2522 0 47
2523 46 47
2524 47 47
2525 0 2
2526 0 46
2527 46 0
2528 0 47
2529 0 46
2530 0 0
2531 0 3
2532 47 0
2533 0 47
2534 46 0
2535 0 1
2536 0 0
2537 47 0
2538 0 46
2539 0 1
2540 46 47
2541 47 47
2542 0 47
2543 46 0
2544 0 46
2545 47 0
2546 0 0
2547 0 2
2548 0 3
2549 46 47
2550 0 47
2551 0 1
2552 0 46
2553 46 0
2554 0 47
2555 47 47
2556 47 0
2557 46 47
2558 47 47
2559 46 0
2560 0 0
2561 0 2
2562 46 47
2563 1 0
2564 47 47
2565 0 1
2566 0 46
2567 46 47
2568 0 47
2569 47 0
2570 46 0
2571 0 46
2572 47 0
2573 47 47
2574 46 47
2575 46 0
2576 47 0
2577 0 47
2578 2 0
2579 0 0
2580 3 0
2581 0 1
2582 0 46
2583 2 0
2584 46 0
2585 47 0
2586 47 47
2587 0 0
2588 0 1
2589 1 0
2590 46 47
2591 46 0
2592 2 0
2593 47 47
2594 46 47
2595 47 47
2596 1 0
2597 2 0
2598 1 0
2599 46 47
2600 0 47
2601 47 0
2602 0 2
2603 0 0
2604 0 46
2605 47 47
2606 0 3
2607 0 1
2608 0 47
2609 46 47
2610 47 47
2611 0 46
2612 0 4
2613 0 47
2614 46 0
2615 47 0
2616 46 0
2617 47 0
2618 0 3
2619 46 0
2620 0 0
2621 0 2
2622 0 3
2623 47 0
2624 0 1
2625 46 0
2626 0 0
2627 47 0
2628 0 1
2629 0 4
2630 46 0
2631 46 47
2632 47 47
2633 0 0
2634 0 46
2635 0 1
2636 0 0
2637 0 47
2638 0 46
2639 47 0
2640 0 1
2641 46 0
2642 0 47
2643 0 0
2644 46 47
2645 47 0
2646 0 46
2647 0 1
2648 0 47
2649 0 3
2650 0 0
2651 0 1
2652 0 4
2653 46 0
2654 0 0
2655 0 3
2656 47 47
2657 0 1
2658 0 4
2659 0 0
2660 47 0
2661 0 3
2662 46 47
2663 0 46
2664 47 47
2665 46 47
2666 0 2
2667 0 3
2668 46 0
2669 47 47
2670 0 2
2671 1 0
2672 47 0
2673 0 1
2674 0 2
2675 46 47
2676 0 1
2677 2 0
2678 0 0
2679 0 47
2680 0 1
2681 46 0
2682 0 46
2683 1 0
2684 0 47
2685 0 46
2686 0 47
2687 47 0
2688 46 0
2689 47 47
2690 2 0
2691 0 0
2692 0 1
2693 46 47
2694 0 0
2695 47 47
2696 3 0
2697 0 46
2698 0 1
2699 47 0
2700 46 0
2701 2 0
2702 47 0
2703 46 0
2704 46 47
2705 0 47
2706 47 47
2707 46 47
2708 47 0
2709 0 0
2710 46 0
2711 47 0
2712 47 47
2713 3 0
2714 0 46
2715 46 47
2716 46 0
2717 0 47
2718 2 0
2719 0 46
2720 0 47
2721 0 1
2722 1 0
2723 47 0
2724 2 0
2725 0 46
2726 0 47
2727 0 46
2728 0 47
2729 1 0
2730 46 0
2731 47 0
2732 47 47
2733 0 2
2734 0 1
2735 2 0
2736 0 46
2737 46 0
2738 0 0
2739 3 0
2740 47 0
2741 46 0
2742 0 47
2743 0 1
2744 46 47
2745 0 0
2746 47 47
2747 2 0
2748 46 47
2749 0 1
2750 0 0
2751 47 0
2752 46 0
2753 47 47
2754 1 0
2755 47 0
2756 0 46
2757 2 0
2758 3 0
2759 46 0
2760 2 0
2761 46 47
2762 47 47
2763 3 0
2764 2 0
2765 1 0
2766 0 47
2767 0 46
2768 47 0
2769 0 47
2770 0 0
2771 46 0
2772 0 46
2773 1 0
2774 46 47
2775 47 0
2776 0 0
2777 46 0
2778 0 47
2779 47 47
2780 47 0
2781 0 46
2782 0 47
2783 46 47
2784 3 0
2785 0 1
2786 0 46
2787 2 0
2788 46 0
2789 0 47
2790 1 0
2791 47 47
2792 0 46
2793 46 47
2794 0 47
2795 0 46
2796 0 2
2797 0 1
2798 0 47
2799 2 0
2800 47 47
2801 1 0
2802 0 2
2803 47 0
2804 0 46
2805 46 47
2806 0 1
2807 2 0
2808 46 0
2809 47 47
2810 46 47
2811 0 0
2812 0 1
2813 1 0
2814 0 2
2815 0 1
2816 2 0
2817 47 0
2818 0 0
2819 46 0
2820 47 0
2821 46 0
2822 0 1
2823 47 47
2824 46 47
2825 47 47
2826 46 47
2827 0 0
2828 47 47
2829 3 0
2830 47 0
2831 2 0
2832 46 0
2833 0 1
2834 0 47
2835 1 0
2836 47 0
2837 46 0
2838 0 2
2839 0 46
2840 46 47
2841 0 1
2842 0 2
2843 0 0
2844 47 0
2845 46 0
2846 0 47
2847 0 3
2848 47 0
2849 47 47
2850 0 1
2851 0 4
2852 0 46
2853 0 3
2854 46 47
2855 0 0
2856 0 47
2857 46 0
2858 47 47
2859 46 47
2860 47 0
2861 0 2
2862 47 47
2863 1 0
2864 46 0
2865 0 1
2866 0 2
2867 0 46
2868 0 0
2869 1 0
2870 0 1
2871 2 0
2872 0 47
2873 46 47
2874 0 46
2875 0 47
2876 0 0
2877 3 0
2878 47 0
2879 2 0
2880 0 46
2881 3 0
2882 2 0
2883 46 0
2884 47 0
2885 0 1
2886 47 47
2887 1 0
2888 0 2
2889 0 0
2890 46 0
2891 1 0
2892 0 0
2893 1 0
2894 0 1
2895 0 0
2896 0 47
2897 47 0
2898 46 47
2899 1 0
2900 0 46
2901 46 0
2902 0 0
2903 47 0
2904 1 0
2905 47 47
2906 0 47
2907 2 0
2908 46 47
2909 46 0
2910 47 47
2911 47 0
2912 46 47
2913 47 47
2914 0 0
2915 0 1
2916 1 0
2917 2 0
2918 46 47
2919 47 47
2920 46 47
2921 0 46
2922 46 0
2923 47 47
2924 0 47
2925 47 0
2926 1 0
2927 0 2
2928 0 1
2929 46 0
2930 47 0
2931 0 2
2932 0 46
2933 46 0
2934 0 0
2935 0 47
2936 1 0
2937 0 46
2938 0 47
2939 47 0
2940 0 46
2941 0 47
2942 46 0
2943 0 46
2944 46 47
2945 0 1
2946 2 0
2947 1 0
2948 47 0
2949 0 47
2950 46 0
2951 2 0
2952 0 0
2953 47 0
2954 46 0
2955 47 47
2956 47 0
2957 0 1
2958 46 0
2959 47 0
2960 46 47
2961 46 0
2962 47 47
2963 1 0
2964 0 46
2965 46 47
2966 2 0
2967 47 0
2968 1 0
2969 0 47
2970 46 0
2971 2 0
2972 47 0
2973 47 47
2974 0 0
2975 3 0
2976 0 46
2977 0 1
2978 0 0
2979 0 47
2980 2 0
2981 3 0
2982 0 46
2983 2 0
2984 46 0
2985 46 47
2986 0 1
2987 47 47
2988 0 47
2989 47 0
2990 46 0
2991 1 0
2992 2 0
2993 0 46
2994 0 0
2995 47 0
2996 0 47
2997 46 47
2998 47 47
2999 46 47
3000 3 0
3001 0 1
3002 0 46
3003 47 47
3004 0 47
3005 0 0
3006 46 0
3007 0 1
3008 47 0
3009 0 46
3010 46 0
3011 46 47
3012 0 0
3013 47 0
3014 0 47
3015 0 46
3016 0 1
3017 0 47
3018 2 0
3019 0 46
3020 1 0
3021 0 2
3022 46 0
3023 47 0
3024 0 0
3025 1 0
3026 0 0
3027 0 47
3028 0 3
3029 0 1
3030 0 46
3031 0 47
3032 0 4
3033 0 0
3034 0 46
3035 47 47
3036 0 47
3037 0 46
3038 0 47
3039 46 47
3040 0 1
3041 0 46
3042 0 3
3043 46 0
3044 0 47
3045 0 0
3046 0 46
3047 0 47
3048 0 1
3049 47 0
3050 0 0
3051 46 0
3052 47 47
3053 46 47
3054 0 2
3055 0 3
3056 0 1
3057 47 0
3058 0 4
3059 47 47
3060 46 0
3061 0 0
3062 0 3
3063 0 46
3064 46 47
3065 0 47
3066 47 47
3067 46 47
3068 47 47
3069 0 1
3070 0 0
3071 0 46
3072 0 1
3073 46 47
3074 0 47
3075 0 4
3076 47 0
3077 0 0
3078 47 47
3079 46 47
3080 0 3
3081 0 46
3082 0 2
3083 47 47
3084 46 47
3085 1 0
3086 47 47
3087 0 0
3088 1 0
3089 0 0
3090 0 3
3091 46 0
3092 47 0
3093 0 1
3094 46 0
3095 0 0
3096 47 0
3097 0 47
3098 46 47
3099 46 0
3100 0 2
3101 47 0
3102 46 0
3103 47 0
3104 0 3
3105 47 47
3106 0 2
3107 46 47
3108 1 0
3109 46 0
3110 0 46
3111 0 1
3112 47 47
3113 46 47
3114 2 0
3115 1 0
3116 47 0
3117 0 47
3118 0 46
3119 0 47
3120 46 0
3121 0 2
3122 0 1
3123 0 46
3124 0 2
3125 0 0
3126 1 0
3127 0 0
3128 47 0
3129 46 0
3130 1 0
3131 47 47
3132 47 0
3133 46 47
3134 0 1
3135 2 0
3136 0 47
3137 1 0
3138 0 2
3139 47 47
3140 46 0
3141 47 0
3142 46 0
3143 46 47
3144 47 47
3145 0 1
3146 2 0
3147 1 0
3148 2 0
3149 47 0
3150 1 0
3151 46 47
3152 46 0
3153 0 2
3154 47 0
3155 0 1
3156 46 0
3157 2 0
3158 1 0
3159 47 47
3160 0 2
3161 0 1
3162 46 47
3163 2 0
3164 0 0
3165 0 1
3166 47 47
3167 1 0
3168 46 47
3169 0 2
3170 0 1
3171 0 46
3172 0 2
3173 47 47
3174 47 0
3175 46 47
3176 0 47
3177 46 0
3178 0 46
3179 0 0
3180 47 47
3181 46 47
3182 1 0
3183 0 0
3184 0 3
3185 47 47
3186 46 47
3187 47 47
3188 0 1
3189 0 47
3190 0 46
3191 46 47
3192 47 47
3193 46 47
3194 47 47
3195 47 0
3196 46 47
3197 47 47
3198 46 47
3199 0 47
3200 0 4
3201 0 3
3202 0 0
3203 47 47
3204 0 46
3205 46 47
3206 46 0
3207 0 1
3208 47 47
3209 47 0
3210 0 47
3211 0 46
3212 0 47
3213 0 46
3214 0 4
3215 0 0
3216 0 47
3217 46 0
3218 46 47
3219 0 3
3220 0 1
3221 47 47
3222 46 47
3223 0 0
3224 0 2
3225 0 3
3226 0 2
3227 47 47
3228 0 46
3229 1 0
3230 46 47
3231 0 0
3232 0 47
3233 0 46
3234 1 0
3235 0 1
3236 0 2
3237 47 47
3238 46 47
3239 0 0
3240 47 0
3241 46 0
3242 47 47
3243 0 3
3244 46 47
3245 47 47
3246 46 47
3247 47 0
3248 0 2
3249 46 0
3250 47 47
3251 0 47
3252 0 46
3253 1 0
3254 0 0
3255 46 47
3256 0 3
3257 0 47
3258 47 47
3259 0 2
3260 47 0
3261 0 46
3262 0 3
3263 46 47
3264 0 2
3265 46 0
3266 1 0
3267 0 1
3268 47 0
3269 46 0
3270 0 2
3271 47 47
3272 0 1
3273 47 0
3274 0 2
3275 0 0
3276 46 0
3277 0 3
3278 0 2
3279 47 0
3280 1 0
3281 0 0
3282 46 0
3283 0 3
3284 0 2
3285 1 0
3286 0 0
3287 0 1
3288 46 47
3289 0 2
3290 0 47
3291 0 3
3292 0 2
3293 47 47
3294 47 0
3295 46 0
3296 47 0
3297 0 46
3298 0 47
3299 0 46
3300 1 0
3301 0 1
3302 0 0
3303 0 47
3304 46 0
3305 0 1
3306 46 47
3307 47 0
3308 47 47
3309 46 47
3310 46 0
3311 47 0
3312 47 47
3313 46 47
3314 0 46
3315 46 0
3316 2 0
3317 47 0
3318 0 0
3319 0 47
3320 0 46
3321 46 0
3322 3 0
3323 2 0
3324 0 1
3325 0 47
3326 47 47
3327 1 0
3328 2 0
3329 0 0
3330 0 46
3331 46 47
3332 0 47
3333 47 0
3334 46 0
3335 3 0
3336 47 0
3337 0 46
3338 0 47
3339 0 46
3340 0 47
3341 46 0
3342 0 46
3343 0 47
3344 0 1
3345 47 47
3346 0 0
3347 46 47
3348 47 0
3349 0 1
3350 47 47
3351 46 0
3352 2 0
3353 0 0
3354 3 0
3355 2 0
3356 46 47
3357 47 47
3358 47 0
3359 0 46
3360 0 1
3361 0 0
3362 3 0
3363 2 0
3364 0 1
3365 46 47
3366 0 0
3367 0 1
3368 1 0
3369 0 47
3370 0 46
3371 47 47
3372 0 2
3373 0 47
3374 46 0
3375 0 0
3376 0 3
3377 0 46
3378 0 1
3379 0 4
3380 46 47
3381 0 0
3382 47 47
3383 46 47
3384 0 3
3385 0 1
3386 0 4
3387 0 0
3388 0 1
3389 47 47
3390 0 0
3391 0 47
3392 46 47
3393 47 0
3394 0 1
3395 0 46
3396 0 0
3397 47 47
3398 0 3
3399 0 2
3400 0 47
3401 1 0
3402 46 0
3403 46 47
3404 47 47
3405 46 47
3406 0 1
3407 47 0
3408 2 0
3409 0 0
3410 46 0
3411 47 47
3412 3 0
3413 0 1
3414 2 0
3415 46 47
3416 0 0
3417 47 0
3418 3 0
3419 0 46
3420 47 47
3421 46 0
3422 2 0
3423 0 1
3424 46 47
3425 47 0
3426 0 0
3427 0 47
3428 3 0
3429 47 47
3430 46 0
3431 46 47
3432 0 1
3433 0 46
3434 2 0
3435 0 47
3436 47 47
3437 0 0
3438 47 0
3439 46 0
3440 47 0
3441 0 1
3442 46 47
3443 47 47
3444 0 0
3445 0 1
3446 46 0
3447 1 0
3448 46 47
3449 47 47
3450 46 47
3451 0 2
3452 0 0
3453 47 0
3454 47 47
3455 0 3
3456 46 0
3457 0 2
3458 0 46
3459 1 0
3460 46 47
3461 0 0
3462 47 0
3463 1 0
3464 47 47
3465 46 47
3466 47 47
3467 0 1
3468 46 0
3469 0 47
3470 46 47
3471 2 0
3472 47 47
3473 1 0
3474 0 2
3475 46 47
3476 0 0
3477 47 47
3478 47 0
3479 46 0
3480 0 3
3481 0 46
3482 0 47
3483 46 47
3484 0 1
3485 0 0
3486 47 0
3487 46 0
3488 47 47
3489 0 46
3490 47 0
3491 0 47
3492 0 46
3493 46 47
3494 47 47
3495 46 0
3496 0 47
3497 46 47
3498 0 1
3499 0 46
3500 47 0
3501 0 4
3502 47 47
3503 0 3
3504 0 4
3505 0 0
3506 0 1
3507 46 47
3508 0 3
3509 46 0
3510 47 47
3511 46 47
3512 0 4
3513 47 0
3514 0 3
3515 47 47
3516 0 47
3517 0 4
3518 0 46
3519 46 0
3520 47 0
3521 0 0
3522 0 3
3523 0 47
3524 46 47
3525 0 2
3526 1 0
3527 0 0
3528 47 47
3529 1 0
3530 46 47
3531 47 47
3532 46 0
3533 46 47
3534 0 0
3535 47 47
3536 0 3
3537 47 0
3538 0 1
3539 46 0
3540 0 0
3541 47 0
3542 0 2
3543 1 0
3544 0 46
3545 46 0
3546 47 0
3547 46 47
3548 0 0
3549 47 47
3550 0 3
3551 46 0
3552 0 1
3553 0 4
3554 47 0
3555 46 47
3556 47 47
3557 0 0
3558 0 1
3559 0 47
3560 0 3
3561 0 2
3562 0 3
3563 46 0
3564 46 47
3565 0 2
3566 0 46
3567 47 47
3568 47 0
3569 0 47
3570 0 3
3571 0 46
3572 0 4
3573 0 3
3574 46 0
3575 0 4
3576 0 47
3577 46 47
3578 47 47
3579 47 0
3580 46 0
3581 47 0
3582 0 0
3583 46 47
3584 0 1
3585 0 3
3586 0 4
3587 46 0
3588 0 0
3589 47 47
3590 0 1
3591 0 0
3592 0 3
3593 0 1
3594 0 0
3595 47 0
3596 0 46
3597 46 47
3598 46 0
3599 0 2
3600 1 0
3601 0 1
3602 2 0
3603 47 0
3604 47 47
3605 1 0
3606 46 47
3607 46 0
3608 0 47
3609 2 0
3610 47 47
3611 0 0
3612 0 46
3613 0 47
3614 0 1
3615 0 0
3616 0 46
3617 0 1
3618 47 0
3619 0 0
3620 46 47
3621 0 47
3622 3 0
3623 46 0
3624 0 1
3625 47 0
3626 46 0
3627 47 47
3628 47 0
3629 2 0
3630 46 47
3631 47 47
3632 46 0
3633 1 0
3634 0 2
3635 47 0
3636 0 46
3637 0 47
3638 0 46
3639 0 1
3640 46 0
3641 0 47
3642 0 2
3643 0 46
3644 0 0
3645 46 47
3646 47 47
3647 0 3
3648 46 47
3649 0 1
3650 0 0
3651 0 1
3652 0 4
3653 0 47
3654 0 3
3655 47 47
3656 0 4
3657 0 3
3658 0 0
3659 0 2
3660 46 47
3661 0 46
3662 0 47
3663 47 47
3664 0 46
3665 46 47
3666 1 0
3667 0 1
3668 2 0
3669 0 47
3670 47 47
3671 46 47
3672 0 0
3673 0 1
3674 47 0
3675 47 47
3676 46 47
3677 0 46
3678 0 47
3679 47 47
3680 0 46
3681 1 0
3682 0 2
3683 0 0
3684 46 0
3685 0 47
3686 46 47
3687 0 46
3688 47 0
3689 46 0
3690 47 0
3691 47 47
3692 0 47
3693 1 0
3694 0 1
3695 0 46
3696 0 47
3697 2 0
3698 0 0
3699 46 0
3700 46 47
3701 0 46
3702 0 1
3703 1 0
3704 47 0
3705 0 2
3706 0 1
3707 0 2
3708 0 1
3709 2 0
3710 1 0
3711 47 47
3712 2 0
3713 1 0
3714 0 2
3715 0 1
3716 46 0
3717 0 2
3718 0 0
3719 0 47
3720 0 3
3721 0 2
3722 0 1
3723 46 47
3724 47 47
3725 0 0
3726 46 47
3727 47 0
3728 0 46
3729 47 47
3730 0 47
3731 1 0
3732 0 46
3733 0 47
3734 46 47
3735 0 46
3736 0 0
3737 47 47
3738 46 47
3739 47 47
3740 0 3
3741 46 47
3742 0 47
3743 0 46
3744 46 0
3745 47 0
3746 46 0
3747 0 2
3748 1 0
3749 0 0
3750 47 47
3751 46 47
3752 1 0
3753 47 0
3754 0 1
3755 47 47
3756 46 47
3757 0 2
3758 0 47
3759 0 46
3760 46 0
3761 0 0
3762 47 0
3763 0 3
3764 0 1
3765 0 0
3766 47 47
3767 0 2
3768 46 0
3769 0 3
3770 0 47
3771 0 1
3772 0 4
3773 0 0
3774 0 1
3775 0 0
3776 47 0
3777 0 46
3778 0 1
3779 0 3
3780 0 47
3781 0 4
3782 46 0
3783 46 47
3784 0 0
3785 0 46
3786 0 3
3787 0 1
3788 0 47
3789 47 47
3790 47 0
3791 46 47
3792 0 0
3793 0 2
3794 0 46
3795 0 3
3796 0 2
3797 47 47
3798 46 0
3799 46 47
3800 0 47
3801 47 0
3802 0 1
3803 47 47
3804 46 47
3805 0 0
3806 0 46
3807 47 47
3808 46 0
3809 47 0
3810 46 0
3811 0 47
3812 0 46
3813 1 0
3814 0 47
3815 0 1
3816 0 46
3817 2 0
3818 0 0
3819 0 1
3820 1 0
3821 2 0
3822 0 0
3823 46 47
3824 47 47
3825 0 47
3826 3 0
3827 46 47
3828 2 0
3829 47 47
3830 0 1
3831 0 46
3832 0 47
3833 1 0
3834 0 2
3835 0 1
3836 0 2
3837 47 0
3838 46 0
3839 46 47
3840 0 0
3841 47 0
3842 0 3
3843 46 0
3844 0 1
3845 0 0
3846 0 1
3847 0 0
3848 47 0
3849 46 0
3850 0 46
3851 0 1
3852 0 47
3853 0 46
3854 0 47
3855 0 0
3856 0 2
3857 47 0
3858 1 0
3859 47 47
3860 46 0
3861 0 46
3862 47 0
3863 46 0
3864 0 1
3865 0 2
3866 47 0
3867 0 47
3868 46 47
3869 0 1
3870 2 0
3871 0 0
3872 46 0
3873 47 47
3874 0 1
3875 0 0
3876 3 0
3877 0 1
3878 46 47
3879 2 0
3880 0 0
3881 0 1
3882 47 47
3883 46 47
3884 0 0
3885 0 46
3886 3 0
3887 2 0
3888 3 0
3889 0 47
3890 0 1
3891 2 0
3892 47 0
3893 0 46
3894 1 0
3895 47 47
3896 46 0
3897 0 47
3898 46 47
3899 0 2
3900 0 1
3901 0 2
3902 47 47
3903 47 0
3904 46 47
3905 0 46
3906 47 47
3907 46 47
3908 0 0
3909 0 47
3910 47 47
3911 46 47
3912 0 3
3913 0 2
3914 0 46
3915 46 0
3916 0 47
3917 1 0
3918 47 47
3919 46 47
3920 0 0
3921 0 46
3922 0 47
3923 1 0
3924 0 1
3925 47 0
3926 46 0
3927 0 46
3928 0 47
3929 0 2
3930 47 47
3931 47 0
3932 0 1
3933 0 46
3934 0 47
3935 0 2
3936 0 0
3937 1 0
3938 0 46
3939 0 0
3940 0 3
3941 0 47
3942 46 47
3943 0 46
3944 0 2
3945 0 3
3946 0 47
3947 0 46
3948 0 1
3949 46 0
3950 0 0
3951 0 1
3952 0 0
3953 47 47
3954 0 1
3955 46 47
3956 0 0
3957 0 1
3958 0 4
3959 0 0
3960 47 0
3961 0 47
3962 0 1
3963 0 0
3964 47 47
3965 0 1
3966 0 46
3967 0 47
3968 46 47
3969 0 0
3970 0 3
3971 46 0
3972 0 2
3973 0 3
3974 0 2
3975 0 46
3976 47 0
3977 0 3
3978 0 47
3979 47 47
3980 0 1
3981 0 46
3982 0 0
3983 46 47
3984 0 47
3985 47 47
3986 46 0
3987 46 47
3988 0 2
3989 47 0
3990 47 47
3991 0 46
3992 1 0
3993 0 1
3994 0 47
3995 0 0
3996 0 1
3997 46 0
3998 46 47
3999 0 46
4000 0 47
4001 47 0
4002 0 2
4003 0 1
4004 47 47
4005 0 2
4006 0 1
4007 46 47
4008 0 2
4009 0 1
4010 2 0
4011 46 0
4012 0 46
4013 1 0
4014 2 0
4015 47 47
4016 1 0
4017 46 47
4018 0 2
4019 47 0
4020 0 1
4021 47 47
4022 2 0
4023 46 0
4024 1 0
4025 0 2
4026 47 0
4027 0 0
4028 46 0
4029 1 0
4030 0 47
4031 0 46
4032 0 0
4033 46 47
4034 1 0
4035 0 1
4036 0 2
4037 0 47
4038 0 46
4039 0 0
4040 0 1
4041 0 2
4042 47 47
4043 0 1
4044 46 47
4045 0 2
4046 47 47
4047 47 0
4048 0 47
4049 46 0
4050 47 0
4051 0 3
4052 0 46
4053 0 2
4054 46 0
4055 0 3
4056 47 0
4057 46 47
4058 0 2
4059 47 47
4060 46 0
4061 1 0
4062 0 47
4063 0 1
4064 46 47
4065 47 0
4066 46 0
4067 47 0
4068 47 47
4069 46 47
4070 2 0
4071 47 47
4072 0 46
4073 46 0
4074 0 47
4075 0 0
4076 46 47
4077 0 1
4078 0 0
4079 0 1
4080 47 0
4081 46 0
4082 0 46
4083 0 47
4084 1 0
4085 47 47
4086 46 47
4087 0 2
4088 0 46
4089 0 0
4090 1 0
4091 47 47
4092 46 47
4093 47 47
4094 0 0
4095 47 0
4096 46 47
4097 0 3
4098 0 2
4099 0 1
4100 0 47
4101 47 47
4102 46 0
4103 0 46
4104 0 0
4105 0 47
4106 46 47
4107 47 47
4108 47 0
4109 1 0
4110 46 47
4111 46 0
4112 47 0
4113 0 1
4114 0 2
4115 47 47
4116 46 47
4117 46 0
4118 47 0
4119 0 46
4120 46 0
4121 0 1
4122 0 47
4123 47 0
4124 2 0
4125 1 0
4126 0 46
4127 0 2
4128 0 47
4129 0 0
4130 0 46
4131 0 3
4132 0 1
4133 0 0
4134 0 2
4135 47 47
4136 1 0
4137 46 47
4138 46 0
4139 0 47
4140 0 46
4141 0 1
4142 0 2
4143 0 0
4144 0 3
4145 0 1
4146 0 47
4147 0 4
4148 47 47
4149 0 3
4150 0 4
4151 0 0
4152 0 1
4153 0 0
4154 0 46
4155 0 47
4156 47 0
4157 0 3
4158 0 1
4159 46 0
4160 0 46
4161 0 0
4162 47 0
4163 0 2
4164 0 47
4165 0 46
4166 46 0
4167 46 47
4168 47 0
4169 0 3
4170 46 0
4171 0 2
4172 1 0
4173 0 0
4174 1 0
4175 0 47
4176 0 1
4177 47 47
4178 0 0
4179 0 46
4180 0 47
4181 47 0
4182 46 47
4183 0 1
4184 46 0
4185 47 0
4186 0 46
4187 47 47
4188 0 47
4189 46 47
4190 46 0
4191 47 0
4192 2 0
4193 46 0
4194 0 0
4195 0 1
4196 1 0
4197 2 0
4198 0 0
4199 3 0
4200 2 0
4201 0 1
4202 0 46
4203 1 0
4204 47 47
4205 46 47
4206 0 47
4207 2 0
4208 0 0
4209 3 0
4210 0 46
4211 2 0
4212 47 47
4213 0 1
4214 46 47
4215 1 0
4216 47 0
4217 0 2
4218 0 47
4219 0 1
4220 0 46
4221 47 47
4222 2 0
4223 0 0
4224 0 47
4225 46 47
4226 0 1
4227 0 46
4228 1 0
4229 47 47
4230 46 0
4231 47 0
4232 0 0
4233 0 1
4234 0 47
4235 0 2
4236 0 46
4237 0 1
4238 46 47
4239 0 2
4240 0 1
4241 0 2
4242 47 47
4243 0 1
4244 0 47
4245 2 0
4246 46 47
4247 46 0
4248 47 0
4249 0 0
4250 0 46
4251 0 47
4252 0 1
4253 0 46
4254 0 0
4255 0 47
4256 3 0
4257 2 0
4258 46 0
4259 47 47
4260 46 47
4261 0 46
4262 3 0
4263 47 0
4264 0 1
4265 2 0
4266 0 0
4267 46 0
4268 47 47
4269 3 0
4270 46 47
4271 2 0
4272 47 0
4273 46 0
4274 0 1
4275 0 47
4276 1 0
4277 2 0
4278 47 0
4279 1 0
4280 47 47
4281 0 46
4282 2 0
4283 1 0
4284 0 2
4285 0 0
4286 46 47
4287 0 3
4288 0 47
4289 47 47
4290 0 1
4291 0 4
4292 0 0
4293 46 47
4294 46 0
4295 47 0
4296 47 47
4297 0 3
4298 0 1
4299 46 0
4300 47 0
4301 46 47
4302 46 0
4303 0 4
4304 0 0
4305 47 0
4306 46 0
4307 47 0
4308 0 1
4309 46 0
4310 0 46
4311 47 47
4312 0 3
4313 0 4
4314 0 3
4315 46 47
4316 0 0
4317 47 47
4318 47 0
4319 0 1
4320 0 47
4321 0 4
4322 0 0
4323 46 0
4324 46 47
4325 0 3
4326 0 2
4327 1 0
4328 0 46
4329 0 47
4330 47 47
4331 47 0
4332 0 1
4333 46 47
4334 2 0
4335 47 47
4336 0 46
4337 1 0
4338 0 2
4339 0 47
4340 0 0
4341 46 0
4342 0 46
4343 46 47
4344 0 3
4345 0 1
4346 47 47
4347 46 47
4348 47 47
4349 0 47
4350 0 4
4351 0 46
4352 0 0
4353 46 47
4354 47 0
4355 46 0
4356 0 1
4357 47 0
4358 47 47
4359 0 47
4360 0 0
4361 0 46
4362 0 3
4363 0 2
4364 0 3
4365 46 0
4366 0 2
4367 46 47
4368 0 1
4369 47 0
4370 0 0
4371 46 0
4372 47 47
4373 46 47
4374 47 47
4375 47 0
4376 0 1
4377 0 0
4378 0 1
4379 0 0
4380 46 47
4381 47 47
4382 0 1
4383 0 47
4384 46 47
4385 0 0
4386 1 0
4387 0 0
4388 1 0
4389 0 0
4390 47 47
4391 1 0
4392 46 0
4393 0 0
4394 0 3
4395 0 2
4396 47 0
4397 0 3
4398 46 47
4399 0 46
4400 0 1
4401 0 0
4402 0 47
4403 0 46
4404 0 2
4405 1 0
4406 46 0
4407 0 0
4408 47 0
4409 46 0
4410 0 47
4411 47 47
4412 0 46
4413 0 1
4414 47 0
4415 46 0
4416 0 47
4417 46 47
4418 0 46
4419 47 0
4420 46 0
4421 47 0
4422 47 47
4423 0 47
4424 46 47
4425 1 0
4426 47 47
4427 2 0
4428 0 46
4429 46 0
4430 0 0
4431 0 1
4432 0 0
4433 3 0
4434 0 1
4435 46 47
4436 2 0
4437 1 0
4438 47 0
4439 0 47
4440 2 0
4441 0 0
4442 47 47
4443 0 46
4444 46 0
4445 47 0
4446 3 0
4447 46 0
4448 0 47
4449 46 47
4450 2 0
4451 47 47
4452 0 46
4453 0 47
4454 46 47
4455 0 46
4456 0 1
4457 1 0
4458 47 47
4459 2 0
4460 47 0
4461 0 0
4462 0 47
4463 46 47
4464 0 1
4465 47 47
4466 0 46
4467 46 0
4468 46 47
4469 0 47
4470 1 0
4471 47 47
4472 46 47
4473 0 2
4474 47 0
4475 0 46
4476 0 0
4477 46 0
4478 0 3
4479 47 0
4480 0 1
4481 0 47
4482 46 0
4483 47 0
4484 46 0
4485 47 47
4486 0 0
4487 47 0
4488 0 1
4489 46 0
4490 46 47
4491 0 0
4492 0 1
4493 0 46
4494 0 0
4495 0 2
4496 47 47
4497 47 0
4498 0 47
4499 0 3
4500 0 2
4501 1 0
4502 0 0
4503 46 47
4504 0 46
4505 46 0
4506 0 3
4507 0 47
4508 0 46
4509 0 47
4510 47 0
4511 0 2
4512 0 3
4513 46 0
4514 47 0
4515 0 1
4516 0 46
4517 47 47
4518 46 47
4519 46 0
4520 0 4
4521 0 47
4522 47 0
4523 46 0
4524 0 0
4525 0 1
4526 0 3
4527 47 0
4528 0 46
4529 0 4
4530 47 47
4531 0 0
4532 0 1
4533 46 47
4534 47 47
4535 0 47
4536 0 46
4537 46 47
4538 47 47
4539 0 47
4540 46 47
4541 0 0
4542 0 1
4543 0 46
4544 0 3
4545 46 0
4546 0 4
4547 47 0
4548 47 47
4549 46 47
4550 46 0
4551 0 47
4552 0 3
4553 0 0
4554 0 2
4555 0 3
4556 47 0
4557 0 1
4558 46 0
4559 0 46
4560 0 4
4561 0 0
4562 47 0
4563 46 0
4564 47 0
4565 0 47
4566 46 0
4567 47 0
4568 46 0
4569 47 47
4570 47 0
4571 0 1
4572 46 47
4573 47 47
4574 0 3
4575 0 4
4576 0 3
4577 0 4
4578 0 3
4579 46 47
4580 0 0
4581 0 46
4582 0 1
4583 0 0
4584 0 1
4585 46 0
4586 0 4
4587 0 47
4588 0 3
4589 47 0
4590 0 4
4591 0 46
4592 0 47
4593 47 47
4594 0 0
4595 46 0
4596 46 47
4597 0 3
4598 47 0
4599 46 0
4600 0 1
4601 47 0
4602 0 0
4603 0 46
4604 47 47
4605 0 1
4606 0 47
4607 0 4
4608 0 0
4609 46 47
4610 0 3
4611 0 1
4612 0 46
4613 46 0
4614 0 4
4615 0 0
4616 0 3
4617 0 2
4618 0 47
4619 1 0
4620 0 1
4621 0 2
4622 0 1
4623 47 47
4624 47 0
4625 2 0
4626 46 47
4627 47 47
4628 0 46
4629 46 0
4630 1 0
4631 46 47
4632 2 0
4633 0 0
4634 3 0
4635 0 1
4636 0 0
4637 0 1
4638 2 0
4639 0 0
4640 1 0
4641 47 47
4642 2 0
4643 46 47
4644 47 0
4645 3 0
4646 0 47
4647 47 47
4648 46 47
4649 47 47
4650 46 0
4651 0 46
4652 47 0
4653 0 1
4654 0 47
4655 0 0
4656 46 0
4657 2 0
4658 46 47
4659 47 0
4660 1 0
4661 47 47
4662 46 47
4663 46 0
4664 47 47
4665 0 46
4666 46 47
4667 2 0
4668 1 0
4669 0 47
4670 47 47
4671 46 47
4672 0 46
4673 47 47
4674 47 0
4675 0 47
4676 46 47
4677 47 47
4678 46 0
4679 0 46
4680 0 1
4681 46 47
4682 2 0
4683 0 47
4684 47 47
4685 46 47
4686 1 0
4687 2 0
4688 1 0
4689 0 2
4690 0 0
4691 47 0
4692 0 3
4693 0 1
4694 0 0
4695 47 47
4696 0 1
4697 0 4
4698 46 47
4699 0 3
4700 0 0
4701 47 47
4702 0 1
4703 46 0
4704 0 0
4705 47 0
4706 46 0
4707 47 0
4708 0 2
4709 0 46
4710 46 0
4711 0 47
4712 0 46
4713 0 47
4714 0 46
4715 1 0
4716 0 0
4717 0 3
4718 47 0
4719 0 47
4720 46 47
4721 0 1
4722 0 4
4723 0 46
4724 0 3
4725 0 0
4726 0 2
4727 47 47
4728 0 47
4729 0 3
4730 46 47
4731 0 1
4732 46 0
4733 47 47
4734 47 0
4735 46 0
4736 47 0
4737 0 4
4738 0 0
4739 0 1
4740 0 46
4741 46 0
4742 0 0
4743 0 47
4744 0 1
4745 0 46
4746 0 0
4747 0 47
4748 0 46
4749 0 3
4750 0 1
4751 46 47
4752 0 47
4753 47 0
4754 47 47
4755 0 0
4756 0 1
4757 0 46
4758 46 47
4759 0 4
4760 0 0
4761 0 1
4762 47 47
4763 0 0
4764 46 47
4765 0 1
4766 46 0
4767 0 0
4768 47 0
4769 0 1
4770 47 47
4771 0 0
4772 0 1
4773 46 0
4774 47 0
4775 0 47
4776 46 0
4777 47 0
4778 46 47
4779 46 0
4780 0 3
4781 0 0
4782 47 47
4783 0 46
4784 0 47
4785 0 2
4786 47 0
4787 46 0
4788 47 0
4789 46 47
4790 0 3
4791 0 2
4792 0 1
4793 46 0
4794 0 0
4795 1 0
4796 0 46
4797 47 47
4798 47 0
4799 46 47
4800 0 47
4801 0 46
4802 0 0
4803 0 3
4804 0 1
4805 47 47
4806 46 0
4807 46 47
4808 0 0
4809 0 1
4810 47 0
4811 0 0
4812 0 47
4813 47 47
4814 0 46
4815 0 1
4816 46 0
4817 47 0
4818 0 0
4819 0 1
4820 0 4
4821 0 3
4822 0 0
4823 0 1
4824 46 47
4825 0 47
4826 47 47
4827 0 46
4828 46 0
4829 0 2
4830 0 47
4831 47 0
4832 0 3
4833 46 47
4834 0 4
4835 0 3
4836 46 0
4837 47 0
4838 46 0
4839 47 0
4840 0 0
4841 0 1
4842 0 0
4843 46 0
4844 47 0
4845 0 46
4846 0 2
4847 0 47
4848 47 47
4849 46 0
4850 46 47
4851 0 3
4852 0 46
4853 47 47
4854 46 47
4855 0 1
4856 0 0
4857 0 2
4858 1 0
4859 47 47
4860 47 0
4861 46 0
4862 0 0
4863 0 3
4864 46 47
4865 47 0
4866 0 47
4867 0 1
4868 47 47
4869 0 0
4870 0 46
4871 0 47
4872 0 2
4873 46 47
4874 47 47
4875 46 47
4876 47 47
4877 1 0
4878 0 46
4879 0 1
4880 2 0
4881 0 0
4882 0 1
4883 0 0
4884 3 0
4885 2 0
4886 3 0
4887 0 47
4888 46 47
4889 0 46
4890 0 1
4891 2 0
4892 0 0
4893 0 1
4894 1 0
4895 0 0
4896 46 0
4897 47 0
4898 0 1
4899 0 2
4900 0 1
4901 46 0
4902 0 47
4903 47 47
4904 46 47
4905 47 47
4906 2 0
4907 46 47
4908 47 0
4909 0 46
4910 46 0
4911 47 0
4912 1 0
4913 0 2
4914 0 0
4915 0 3
4916 0 47
4917 47 47
4918 46 47
4919 0 1
4920 47 47
4921 0 46
4922 0 47
4923 46 0
4924 0 0
4925 0 46
4926 0 47
4927 0 1
4928 0 4
4929 46 47
4930 47 47
4931 0 46
4932 46 47
4933 0 47
4934 0 0
4935 0 1
4936 0 46
4937 0 47
4938 0 46
4939 0 3
4940 47 47
4941 47 0
4942 0 47
4943 0 0
4944 0 2
4945 0 3
4946 0 1
4947 0 2
4948 0 46
4949 46 0
4950 0 47
4951 47 0
4952 46 47
4953 46 0
4954 0 3
4955 47 47
4956 0 46
4957 0 47
4958 47 0
4959 46 0
4960 47 0
4961 0 0
4962 46 47
4963 46 0
4964 47 47
4965 0 2
4966 46 47
4967 0 3
4968 0 2
4969 0 46
4970 47 0
4971 47 47
4972 1 0
4973 0 47
4974 0 1
4975 0 2
4976 0 0
4977 0 46
4978 0 1
4979 0 47
4980 46 47
4981 47 47
4982 0 46
4983 0 47
4984 46 47
4985 0 2
4986 46 0
4987 47 47
4988 46 47
4989 1 0
4990 47 47
4991 0 46
4992 0 1
4993 0 47
4994 47 0
4995 46 0
4996 46 47
4997 0 46
4998 0 2
4999 47 0
5000 0 47
5001 46 0
5002 47 0
5003 46 0
5004 0 1
5005 47 0
5006 46 0
5007 2 0
5008 0 0
5009 47 0
5010 0 46
5011 0 1
5012 47 47
5013 1 0
5014 46 47
5015 47 47
5016 46 0
5017 2 0
5018 0 47
5019 1 0
5020 0 2
5021 0 0
5022 0 46
5023 46 47
5024 47 47
5025 47 0
5026 0 47
5027 0 3
5028 46 0
5029 0 2
5030 47 0
5031 0 46
5032 0 47
5033 1 0
5034 0 1
5035 46 0
5036 0 46
5037 46 47
5038 0 2
5039 0 0
5040 47 0
5041 1 0
5042 47 47
5043 0 47
5044 0 46
5045 0 0
5046 0 47
5047 1 0
5048 0 1
5049 0 46
5050 0 47
5051 0 46
5052 0 47
5053 0 46
5054 46 0
5055 0 47
5056 2 0
5057 1 0
5058 47 0
5059 0 2
5060 0 1
5061 46 0
5062 2 0
5063 0 0
5064 46 47
5065 0 46
5066 0 47
5067 47 47
5068 0 1
5069 0 46
5070 47 0
5071 0 0
5072 46 47
5073 0 1
5074 1 0
5075 0 2
5076 0 0
5077 46 0
5078 47 0
5079 0 3
5080 47 47
5081 0 1
5082 46 0
5083 0 4
5084 46 47
5085 0 47
5086 0 46
5087 0 0
5088 47 0
5089 46 0
5090 0 3
5091 47 0
5092 47 47
5093 0 47
5094 0 46
5095 0 1
5096 0 2
5097 0 3
5098 46 47
5099 47 47
5100 46 0
5101 0 47
5102 47 0
5103 0 46
5104 46 47
5105 46 0
5106 47 0
5107 0 4
5108 47 47
5109 0 0
5110 46 0
5111 0 3
5112 0 2
5113 0 47
5114 1 0
5115 47 0
5116 46 47
5117 0 1
5118 0 2
5119 0 0
5120 47 47
5121 0 46
5122 46 47
5123 0 3
5124 0 2
5125 47 47
5126 1 0
5127 0 1
5128 0 2
5129 0 47
5130 46 47
5131 0 0
5132 46 0
5133 47 47
5134 47 0
5135 0 3
5136 0 1
5137 0 0
5138 0 46
5139 46 47
5140 0 2
5141 47 47
5142 46 0
5143 46 47
5144 1 0
5145 47 0
5146 0 47
5147 0 1
5148 47 47
5149 46 47
5150 2 0
5151 0 0
5152 0 46
5153 47 47
5154 0 47
5155 46 47
5156 0 1
5157 1 0
5158 46 0
5159 47 47
5160 0 46
5161 2 0
5162 1 0
5163 2 0
5164 0 47
5165 0 0
5166 3 0
5167 46 47
5168 2 0
5169 3 0
5170 47 0
5171 47 47
5172 2 0
5173 46 0
5174 3 0
5175 0 1
5176 2 0
5177 1 0
5178 46 47
5179 47 47
5180 0 2
5181 47 0
5182 0 0
5183 46 0
5184 0 3
5185 0 46
5186 0 1
5187 0 47
5188 47 0
5189 0 2
5190 0 46
5191 46 47
5192 46 0
5193 0 47
5194 47 0
5195 0 3
5196 47 47
5197 0 46
5198 0 47
5199 0 2
5200 0 46
5201 0 47
5202 46 47
5203 0 3
5204 0 2
5205 0 46
5206 47 47
5207 0 47
5208 0 46
5209 0 47
5210 46 0
5211 46 47
5212 0 3
5213 0 4
5214 47 47
5215 0 46
5216 47 0
5217 0 0
5218 46 0
5219 47 0
5220 46 47
5221 47 47
5222 46 0
5223 0 3
5224 0 1
5225 0 4
5226 0 47
5227 0 0
5228 46 47
5229 47 0
5230 0 46
5231 0 1
5232 47 47
5233 0 0
5234 0 47
5235 0 3
5236 0 1
5237 0 4
5238 46 47
5239 0 0
5240 0 1
5241 0 3
5242 0 46
5243 46 0
5244 47 0
5245 46 0
5246 47 47
5247 0 4
5248 47 0
5249 46 0
5250 0 47
5251 46 47
5252 47 0
5253 46 0
5254 0 0
5255 0 1
5256 0 3
5257 0 0
5258 0 1
5259 47 47
5260 0 0
5261 47 0
5262 46 47
5263 0 2
5264 0 46
5265 46 0
5266 1 0
5267 0 47
5268 0 0
5269 0 3
5270 0 46
5271 0 1
5272 47 47
5273 46 47
5274 47 47
5275 0 4
5276 0 47
5277 0 46
5278 0 0
5279 0 1
5280 0 0
5281 47 0
5282 0 47
5283 46 47
5284 46 0
5285 0 46
5286 0 47
5287 0 3
5288 0 46
5289 0 2
5290 0 1
5291 47 0
5292 0 47
5293 0 0
5294 0 46
5295 0 47
5296 46 0
5297 47 0
5298 47 47
5299 1 0
5300 46 47
5301 46 0
5302 0 1
5303 2 0
5304 47 47
5305 0 0
5306 46 47
5307 47 47
5308 47 0
5309 46 0
5310 0 46
5311 3 0
5312 46 47
5313 2 0
5314 3 0
5315 0 1
5316 47 0
5317 0 0
5318 0 47
5319 47 47
5320 2 0
5321 0 1
5322 46 0
5323 47 0
5324 46 47
5325 1 0
5326 2 0
5327 0 46
5328 1 0
5329 0 47
5330 47 47
5331 2 0
5332 1 0
5333 0 46
5334 46 47
5335 0 2
5336 47 47
5337 46 47
5338 0 0
5339 0 47
5340 46 0
5341 47 0
5342 0 46
5343 47 47
5344 0 3
5345 0 47
5346 0 2
5347 46 47
5348 0 46
5349 0 3
5350 46 0
5351 47 47
5352 0 1
5353 0 47
5354 0 4
5355 0 0
5356 0 3
5357 0 1
5358 46 47
5359 0 46
5360 0 47
5361 0 0
5362 47 0
5363 47 47
5364 0 2
5365 46 0
5366 46 47
5367 1 0
5368 0 0
5369 0 46
5370 47 0
5371 0 47
5372 0 3
5373 0 2
5374 0 3
5375 46 0
5376 47 0
5377 0 2
5378 1 0
5379 0 46
5380 0 47
5381 0 46
5382 0 1
5383 46 0
5384 0 47
5385 47 0
5386 46 0
5387 0 46
5388 0 47
5389 0 46
5390 47 47
5391 0 2
5392 0 0
5393 1 0
5394 0 1
5395 0 47
5396 0 46
5397 46 47
5398 0 2
5399 0 1
5400 47 47
5401 0 47
5402 0 46
5403 2 0
5404 1 0
5405 0 47
5406 2 0
5407 1 0
5408 47 0
5409 0 46
5410 2 0
5411 0 47
5412 1 0
5413 0 2
5414 0 1
5415 46 47
5416 0 46
5417 2 0
5418 1 0
5419 0 2
5420 47 47
5421 0 1
5422 46 47
5423 47 47
5424 0 47
5425 0 2
5426 0 46
5427 0 0
5428 0 3
5429 0 1
5430 46 0
5431 0 4
5432 46 47
5433 0 3
5434 0 0
5435 47 47
5436 0 47
5437 0 1
5438 47 0
5439 0 0
5440 46 47
5441 47 47
5442 0 2
5443 1 0
5444 0 46
5445 0 47
5446 0 1
5447 46 47
5448 47 47
5449 0 2
5450 0 0
5451 46 47
5452 0 46
5453 1 0
5454 0 47
5455 0 0
5456 0 46
5457 47 47
5458 46 47
5459 0 47
5460 0 46
5461 0 47
5462 0 3
5463 0 46
5464 46 0
5465 47 0
5466 46 0
5467 0 2
5468 1 0
5469 47 0
5470 0 1
5471 46 0
5472 47 0
5473 0 47
5474 0 0
5475 47 47
5476 0 46
5477 46 0
5478 46 47
5479 0 1
5480 47 47
5481 0 47
5482 47 0
5483 46 0
5484 47 0
5485 2 0
5486 0 0
5487 1 0
5488 46 47
5489 0 46
5490 0 0
5491 1 0
5492 0 0
5493 0 47
5494 47 47
5495 46 47
5496 1 0
5497 0 46
5498 47 47
5499 0 0
5500 46 47
5501 46 0
5502 47 0
5503 47 47
5504 46 0
5505 0 1
5506 46 47
5507 47 47
5508 46 47
5509 1 0
5510 47 47
5511 2 0
5512 1 0
5513 46 47
5514 0 2
5515 0 47
5516 47 0
5517 0 1
5518 0 2
5519 47 47
5520 46 47
5521 0 1
5522 2 0
5523 0 46
5524 1 0
5525 0 2
5526 0 0
5527 1 0
5528 0 0
5529 1 0
5530 46 0
5531 47 0
5532 0 1
5533 0 2
5534 0 47
5535 46 0
5536 0 46
5537 0 47
5538 0 46
5539 0 1
5540 2 0
5541 0 0
5542 0 47
5543 3 0
5544 47 47
5545 0 1
5546 46 47
5547 0 0
5548 0 46
5549 0 47
5550 47 0
5551 0 1
5552 46 0
5553 47 0
5554 47 47
5555 0 0
5556 2 0
5557 0 1
5558 46 0
5559 0 46
5560 1 0
5561 46 47
5562 0 2
5563 0 1
5564 47 0
5565 0 47
5566 0 46
5567 2 0
5568 47 47
5569 46 47
5570 0 0
5571 46 0
5572 0 47
5573 0 46
5574 0 47
5575 47 47
5576 46 47
5577 0 1
5578 47 47
5579 47 0
5580 46 47
5581 0 0
5582 0 1
5583 1 0
5584 0 0
5585 46 0
5586 1 0
5587 2 0
5588 47 0
5589 46 0
5590 47 0
5591 0 46
5592 46 0
5593 0 47
5594 47 47
5595 0 0
5596 3 0
5597 2 0
5598 0 46
5599 3 0
5600 0 47
5601 46 47
5602 0 1
5603 47 0
5604 2 0
5605 46 0
5606 47 47
5607 0 0
5608 47 0
5609 46 47
5610 46 0
5611 47 0
5612 0 1
5613 0 46
5614 0 47
5615 0 46
5616 0 0
5617 0 47
5618 47 47
5619 46 0
5620 47 0
5621 3 0
5622 46 0
5623 2 0
5624 0 46
5625 0 1
5626 47 0
5627 46 0
5628 0 47
5629 46 47
5630 1 0
5631 47 47
5632 46 47
5633 47 0
5634 2 0
5635 1 0
5636 2 0
5637 1 0
5638 0 46
5639 0 2
5640 0 1
5641 47 47
5642 0 0
5643 1 0
5644 46 47
5645 2 0
5646 0 47
5647 1 0
5648 0 46
5649 47 47
5650 46 47
5651 0 47
5652 2 0
5653 0 0
5654 46 0
5655 3 0
5656 0 1
5657 0 46
5658 2 0
5659 0 0
5660 47 0
5661 46 0
5662 0 1
5663 1 0
5664 47 0
5665 47 47
5666 46 0
5667 2 0
5668 0 0
5669 3 0
5670 0 1
5671 0 47
5672 0 0
5673 0 1
5674 2 0
5675 0 46
5676 0 47
5677 1 0
5678 46 47
5679 47 47
5680 2 0
5681 46 47
5682 0 46
5683 47 0
5684 1 0
5685 2 0
5686 46 0
5687 0 47
5688 47 47
5689 0 46
5690 0 0
5691 46 47
5692 3 0
5693 0 47
5694 47 47
5695 0 1
5696 47 0
5697 0 0
5698 46 47
5699 0 1
5700 47 47
5701 0 46
5702 2 0
5703 0 0
5704 46 47
5705 0 1
5706 1 0
5707 0 2
5708 0 0
5709 0 3
5710 46 0
5711 47 0
5712 47 47
5713 0 47
5714 0 1
5715 0 0
5716 0 1
5717 0 46
5718 46 0
5719 0 47
5720 0 46
5721 0 0
5722 0 47
5723 46 47
5724 0 2
5725 1 0
5726 0 46
5727 0 0
5728 1 0
5729 0 0
5730 47 47
5731 0 47
5732 0 3
5733 47 0
5734 46 0
5735 46 47
5736 0 46
5737 47 0
5738 0 47
5739 46 0
5740 47 47
5741 47 0
5742 0 1
5743 46 0
5744 0 0
5745 46 47
5746 0 2
5747 47 47
5748 1 0
5749 47 0
5750 0 46
5751 0 0
5752 0 1
5753 0 47
5754 0 46
5755 0 47
5756 46 0
5757 0 46
5758 0 47
5759 47 0
5760 46 0
5761 0 2
5762 47 0
5763 0 46
5764 0 47
5765 0 46
5766 0 3
5767 0 1
5768 46 47
5769 0 0
5770 0 47
5771 47 47
5772 46 47
5773 0 2
5774 0 46
5775 0 47
5776 47 47
5777 0 3
5778 0 46
5779 0 2
5780 46 47
5781 0 3
5782 0 47
5783 47 47
5784 46 0
5785 0 1
5786 0 4
5787 0 46
5788 46 47
5789 0 47
5790 47 0
5791 47 47
5792 0 0
5793 0 1
5794 0 3
5795 0 4
5796 0 46
5797 0 0
5798 0 1
5799 0 0
5800 0 3
5801 0 47
5802 46 0
5803 0 46
5804 0 2
5805 0 47
5806 47 0
5807 1 0
5808 46 47
5809 46 0
5810 47 0
5811 0 1
5812 0 2
5813 0 1
5814 2 0
5815 0 46
5816 1 0
5817 2 0
5818 46 0
5819 47 47
5820 46 47
5821 47 0
5822 0 47
5823 0 46
5824 0 0
5825 3 0
5826 0 47
5827 47 47
5828 0 46
5829 2 0
5830 0 1
5831 0 0
5832 46 47
5833 47 47
5834 0 1
5835 0 0
5836 0 47
5837 3 0
5838 46 0
5839 2 0
5840 0 1
5841 47 0
5842 1 0
5843 46 47
5844 0 2
5845 47 47
5846 0 46
5847 46 47
5848 0 47
5849 0 1
5850 0 0
5851 1 0
5852 47 47
5853 46 47
5854 47 47
5855 2 0
5856 0 46
5857 1 0
5858 46 0
5859 46 47
5860 2 0
5861 47 47
5862 46 47
5863 0 47
5864 0 0
5865 47 0
5866 46 0
5867 47 47
5868 3 0
5869 0 46
5870 46 47
5871 0 1
5872 47 0
5873 46 0
5874 0 0
5875 47 0
5876 46 0
5877 47 0
5878 0 47
5879 2 0
5880 0 1
5881 0 0
5882 47 47
5883 0 1
5884 0 0
5885 0 46
5886 0 1
5887 0 0
5888 46 47
5889 46 0
5890 3 0
5891 2 0
5892 3 0
5893 0 47
5894 0 1
5895 0 0
5896 2 0
5897 3 0
5898 2 0
5899 0 46
5900 1 0
5901 0 47
5902 0 0
5903 47 0
5904 1 0
5905 0 0
5906 46 0
5907 1 0
5908 0 0
5909 47 0
5910 0 1
5911 0 0
5912 0 1
5913 0 0
5914 0 46
5915 0 47
5916 0 1
5917 0 46
5918 1 0
5919 47 47
5920 0 2
5921 0 47
5922 46 47
5923 46 0
5924 0 1
5925 0 2
5926 0 1
5927 0 0
5928 0 46
5929 47 47
5930 0 47
5931 46 47
5932 47 47
5933 46 47
5934 47 0
5935 47 47
5936 46 0
5937 1 0
5938 0 46
5939 2 0
5940 46 47
5941 47 0
5942 47 47
5943 46 47
5944 46 0
5945 0 47
5946 47 0
5947 0 0
5948 0 1
5949 1 0
5950 46 0
5951 0 2
5952 0 46
5953 0 0
5954 0 47
5955 0 46
5956 47 47
5957 0 3
5958 47 0
5959 0 2
5960 1 0
5961 46 47
5962 46 0
5963 0 47
5964 0 46
5965 0 1
5966 47 47
5967 47 0
5968 2 0
5969 46 0
5970 1 0
5971 47 0
5972 46 0
5973 46 47
5974 47 0
5975 2 0
5976 47 47
5977 1 0
5978 0 2
5979 46 47
5980 0 0
5981 0 3
5982 0 2
5983 46 0
5984 1 0
5985 47 47
5986 47 0
5987 0 1
5988 46 0
5989 46 47
5990 47 0
5991 0 47
5992 47 47
5993 2 0
5994 0 46
5995 0 47
5996 0 46
5997 0 0
5998 0 47
5999 0 1
6000 0 46
6001 46 0
6002 1 0
6003 0 47
6004 0 0
6005 0 46
6006 46 47
6007 47 0
6008 47 47
6009 0 47
6010 46 0
6011 46 47
6012 0 1
6013 47 0
6014 0 46
6015 0 2
6016 0 47
6017 46 0
6018 0 1
6019 2 0
6020 0 0
6021 47 47
6022 0 1
6023 0 0
6024 0 1
6025 46 47
6026 47 0
6027 46 0
6028 47 0
6029 1 0
6030 0 2
6031 47 47
6032 0 0
6033 1 0
6034 46 0
6035 0 0
6036 47 0
6037 46 47
6038 1 0
6039 0 46
6040 0 47
6041 0 0
6042 0 3
6043 0 46
6044 0 2
6045 0 47
6046 46 0
6047 0 3
6048 0 1
6049 0 0
6050 0 1
6051 47 47
6052 0 4
6053 0 0
6054 0 1
6055 46 47
6056 0 46
6057 0 3
6058 0 4
6059 47 0
6060 46 0
6061 47 0
6062 46 0
6063 0 47
6064 0 46
6065 0 0
6066 0 1
6067 47 0
6068 0 3
6069 46 0
6070 47 47
6071 46 47
6072 0 4
6073 0 0
6074 47 47
6075 47 0
6076 46 0
6077 46 47
6078 0 1
6079 0 47
6080 0 0
6081 0 3
6082 0 46
6083 47 47
6084 0 47
6085 0 46
6086 0 2
6087 0 3
6088 47 0
6089 46 47
6090 0 2
6091 1 0
6092 0 0
6093 0 47
6094 0 46
6095 0 3
6096 47 47
6097 0 47
6098 0 1
6099 46 0
6100 47 0
6101 0 46
6102 46 0
6103 0 47
6104 0 0
6105 0 2
6106 47 0
6107 1 0
6108 0 46
6109 46 0
6110 0 47
6111 0 0
6112 1 0
6113 0 1
6114 46 47
6115 47 47
6116 47 0
6117 46 0
6118 46 47
6119 47 47
6120 46 47
6121 0 2
6122 0 46
6123 0 0
6124 47 0
6125 1 0
6126 0 0
6127 47 47
6128 46 0
6129 1 0
6130 0 0
6131 0 3
6132 0 47
6133 47 0
6134 0 46
6135 0 1
6136 46 0
6137 0 0
6138 0 2
6139 1 0
6140 46 47
6141 0 0
6142 47 0
6143 46 0
6144 0 3
6145 0 2
6146 47 0
6147 1 0
6148 0 1
6149 46 0
6150 0 2
6151 47 47
6152 0 0
6153 47 0
6154 0 47
6155 46 0
6156 0 46
6157 46 47
6158 0 47
6159 0 3
6160 47 47
6161 47 0
6162 0 1
6163 0 46
6164 0 47
6165 0 46
6166 46 47
6167 46 0
6168 47 0
6169 46 0
6170 47 0
6171 0 4
6172 0 3
6173 0 0
6174 0 47
6175 0 2
6176 46 0
6177 0 46
6178 47 47
6179 1 0
6180 47 0
6181 46 47
6182 0 0
6183 1 0
6184 46 0
6185 47 47
6186 0 1
6187 0 2
6188 0 1
6189 0 47
6190 47 0
6191 2 0
6192 0 0
6193 46 47
6194 47 47
6195 46 47
6196 0 1
6197 0 0
6198 46 0
6199 3 0
6200 2 0
6201 3 0
6202 2 0
6203 0 46
6204 3 0
6205 47 47
6206 47 0
6207 0 1
6208 2 0
6209 46 47
6210 46 0
6211 0 47
6212 47 0
6213 0 46
6214 1 0
6215 0 47
6216 47 47
6217 0 0
6218 46 0
6219 46 47
6220 47 47
6221 47 0
6222 46 47
6223 0 46
6224 0 47
6225 46 0
6226 0 46
6227 47 0
6228 0 47
6229 47 47
6230 46 47
6231 0 46
6232 47 47
6233 0 47
6234 46 0
6235 0 1
6236 47 0
6237 0 46
6238 0 2
6239 0 0
6240 0 3
6241 46 0
6242 0 47
6243 0 2
6244 0 3
6245 47 0
6246 0 2
6247 0 46
6248 0 3
6249 0 1
6250 0 4
6251 0 3
6252 0 4
6253 46 47
6254 0 0
6255 0 47
6256 47 47
6257 46 47
6258 0 3
6259 47 47
6260 46 0
6261 0 1
6262 0 0
6263 46 47
6264 47 47
6265 0 2
6266 47 0
6267 0 46
6268 0 47
6269 46 47
6270 1 0
6271 47 47
6272 0 0
6273 1 0
6274 46 0
6275 0 0
6276 0 3
6277 46 47
6278 47 47
6279 0 1
6280 47 0
6281 46 47
6282 47 47
6283 0 0
6284 0 1
6285 0 4
6286 0 46
6287 46 47
6288 0 47
6289 47 47
6290 0 3
6291 0 4
6292 46 0
6293 0 0
6294 0 1
6295 0 0
6296 47 0
6297 0 46
6298 46 0
6299 47 0
6300 0 1
6301 46 47
6302 46 0
6303 47 47
6304 0 0
6305 46 47
6306 0 3
6307 0 2
6308 47 0
6309 47 47
6310 46 0
6311 0 3
6312 47 0
6313 46 47
6314 0 1
6315 0 47
6316 0 0
6317 46 0
6318 0 2
6319 47 0
6320 0 3
6321 0 46
6322 0 1
6323 0 4
6324 0 47
6325 47 47
6326 0 46
6327 46 0
6328 46 47
6329 47 47
6330 0 0
6331 0 3
6332 0 47
6333 0 2
6334 1 0
6335 0 0
6336 46 47
6337 1 0
6338 47 47
6339 0 46
6340 0 1
6341 47 0
6342 0 47
6343 46 0
6344 47 0
6345 0 2
6346 0 46
6347 0 47
6348 0 0
6349 0 46
6350 46 0
6351 0 47
6352 47 0
6353 46 47
6354 47 47
6355 46 0
6356 1 0
6357 0 46
6358 0 0
6359 1 0
6360 0 47
6361 0 1
6362 0 46
6363 0 47
6364 0 2
6365 0 1
6366 0 2
6367 0 1
6368 0 46
6369 0 2
6370 0 0
6371 1 0
6372 47 0
6373 0 0
6374 1 0
6375 46 47
6376 0 47
6377 0 1
6378 0 46
6379 0 2
6380 47 47
6381 0 0
6382 1 0
6383 0 0
6384 46 47
6385 0 3
6386 46 0
6387 0 47
6388 47 47
6389 0 46
6390 0 47
6391 0 1
6392 0 4
6393 0 3
6394 0 46
6395 46 47
6396 0 47
6397 0 0
6398 0 2
6399 47 47
6400 46 47
6401 0 46
6402 47 47
6403 0 47
6404 0 3
6405 0 46
6406 47 0
6407 46 0
6408 46 47
6409 47 47
6410 0 47
6411 0 1
6412 0 46
6413 0 0
6414 0 1
6415 0 47
6416 0 0
6417 0 2
6418 0 46
6419 47 0
6420 46 0
6421 46 47
6422 47 0
6423 1 0
6424 46 0
6425 0 1
6426 47 0
6427 0 2
6428 46 0
6429 47 47
6430 0 1
6431 0 2
6432 0 0
6433 0 47
6434 46 47
6435 47 47
6436 0 46
6437 46 47
6438 1 0
6439 0 47
6440 0 0
6441 0 46
6442 1 0
6443 0 0
6444 0 3
6445 47 47
6446 0 2
6447 0 47
6448 1 0
6449 0 46
6450 47 0
6451 0 0
6452 0 3
6453 0 1
6454 46 47
6455 0 4
6456 0 47
6457 0 0
6458 46 0
6459 47 47
6460 47 0
6461 46 0
6462 46 47
6463 47 47
6464 0 46
6465 0 47
6466 46 47
6467 0 1
6468 0 0
6469 0 1
6470 47 47
6471 0 46
6472 0 47
6473 47 0
6474 46 47
6475 47 47
6476 0 0
6477 0 46
6478 0 1
6479 0 0
6480 0 47
6481 0 1
6482 0 3
6483 46 47
6484 0 0
6485 0 1
6486 0 46
6487 47 47
6488 46 0
6489 0 4
6490 0 47
6491 0 3
6492 0 0
6493 0 46
6494 0 47
6495 46 47
6496 47 0
6497 47 47
6498 46 47
6499 0 46
6500 0 2
6501 0 3
6502 0 47
6503 46 0
6504 47 47
6505 0 1
6506 0 46
6507 0 47
6508 0 0
6509 0 2
6510 46 47
6511 1 0
6512 47 47
6513 0 1
6514 2 0
6515 0 0
6516 47 0
6517 46 47
6518 46 0
6519 3 0
6520 47 0
6521 47 47
6522 0 1
6523 46 0
6524 0 0
6525 2 0
6526 0 1
6527 1 0
6528 0 2
6529 47 0
6530 0 0
6531 0 3
6532 0 46
6533 0 2
6534 1 0
6535 0 47
6536 0 46
6537 0 0
6538 0 47
6539 0 46
6540 0 3
6541 0 47
6542 46 0
6543 47 0
6544 0 1
6545 0 46
6546 0 47
6547 46 0
6548 46 47
6549 0 46
6550 0 4
6551 0 3
6552 0 4
6553 0 0
6554 47 47
6555 0 3
6556 0 2
6557 0 47
6558 46 47
6559 47 47
6560 0 1
6561 0 0
6562 47 0
6563 0 46
6564 46 47
6565 1 0
6566 0 0
6567 0 47
6568 1 0
6569 47 47
6570 46 47
6571 0 1
6572 0 46
6573 46 0
6574 47 47
6575 2 0
6576 46 47
6577 47 47
6578 47 0
6579 0 47
6580 0 0
6581 46 0
6582 46 47
6583 0 1
6584 0 46
6585 0 0
6586 0 47
6587 0 1
6588 47 47
6589 46 47
6590 0 0
6591 3 0
6592 2 0
6593 47 0
6594 0 1
6595 47 47
6596 46 47
6597 1 0
6598 2 0
6599 46 0
6600 0 46
6601 47 0
6602 1 0
6603 0 47
6604 46 0
6605 0 2
6606 0 1
6607 0 2
6608 0 0
6609 0 1
6610 0 2
6611 0 46
6612 47 47
6613 46 47
6614 47 0
6615 47 47
6616 0 1
6617 0 2
6618 0 3
6619 46 0
6620 0 47
6621 0 46
6622 46 47
6623 47 47
6624 46 47
6625 0 47
6626 47 0
6627 47 47
6628 0 1
6629 0 4
6630 46 0
6631 0 46
6632 0 3
6633 0 0
6634 0 47
6635 47 0
6636 46 0
6637 0 2
6638 46 47
6639 1 0
6640 0 1
6641 0 46
6642 47 47
6643 46 47
6644 0 47
6645 47 47
6646 0 46
6647 47 0
6648 46 47
6649 0 47
6650 0 46
6651 0 0
6652 0 47
6653 0 46
6654 47 47
6655 0 47
6656 46 0
6657 46 47
6658 47 47
6659 46 47
6660 1 0
6661 47 47
6662 46 47
6663 2 0
6664 47 0
6665 1 0
6666 47 47
6667 0 46
6668 2 0
6669 46 47
6670 1 0
6671 46 0
6672 2 0
6673 0 0
6674 3 0
6675 47 0
6676 47 47
6677 0 1
6678 2 0
6679 0 0
6680 46 47
6681 46 0
6682 0 47
6683 47 0
6684 46 0
6685 47 47
6686 46 47
6687 0 46
6688 0 47
6689 47 0
6690 46 0
6691 0 46
6692 0 1
6693 0 0
6694 3 0
6695 47 47
6696 47 0
6697 0 47
6698 46 0
6699 47 0
6700 46 47
6701 47 47
6702 0 1
6703 46 0
6704 0 0
6705 0 1
6706 0 46
6707 46 47
6708 2 0
6709 0 0
6710 0 47
6711 0 1
6712 47 47
6713 1 0
6714 0 0
6715 47 0
6716 46 47
6717 47 47
6718 0 46
6719 0 47
6720 1 0
6721 46 47
6722 0 46
6723 0 47
6724 0 46
6725 47 47
6726 0 2
6727 0 1
6728 46 0
6729 0 2
6730 47 0
6731 0 47
6732 46 47
6733 46 0
6734 0 1
6735 2 0
6736 47 47
6737 0 46
6738 47 0
6739 0 0
6740 46 0
6741 0 47
6742 0 46
6743 0 47
6744 0 46
6745 3 0
6746 0 47
6747 0 46
6748 0 47
6749 0 1
6750 46 47
6751 47 0
6752 47 47
6753 46 47
6754 47 47
6755 46 47
6756 2 0
6757 1 0
6758 0 2
6759 0 0
6760 1 0
6761 47 47
6762 0 1
6763 0 46
6764 2 0
6765 46 47
6766 0 0
6767 47 47
6768 3 0
6769 2 0
6770 46 0
6771 1 0
6772 0 0
6773 46 47
6774 0 1
6775 47 47
6776 46 47
6777 0 47
6778 47 0
6779 0 46
6780 47 47
6781 0 0
6782 46 0
6783 1 0
6784 46 47
6785 0 47
6786 47 47
6787 0 46
6788 2 0
6789 46 47
6790 47 47
6791 46 47
6792 0 47
6793 0 46
6794 47 47
6795 47 0
6796 1 0
6797 0 47
6798 46 0
6799 46 47
6800 47 47
6801 46 47
6802 47 0
6803 47 47
6804 46 0
6805 46 47
6806 47 0
6807 0 1
6808 47 47
6809 2 0
6810 46 47
6811 0 0
6812 47 47
6813 46 47
6814 47 47
6815 46 47
6816 0 46
6817 47 47
6818 46 0
6819 3 0
6820 0 1
6821 46 47
6822 0 47
6823 2 0
6824 47 47
6825 1 0
6826 2 0
6827 47 0
6828 0 0
6829 46 47
6830 3 0
6831 2 0
6832 3 0
6833 46 0
6834 2 0
6835 47 0
6836 46 0
6837 0 1
6838 1 0
6839 0 2
6840 47 0
6841 46 0
6842 0 0
6843 1 0
6844 0 0
6845 47 47
6846 46 47
6847 0 3
6848 0 46
6849 0 2
6850 47 0
6851 0 47
6852 1 0
6853 0 1
6854 47 47
6855 46 47
6856 0 46
6857 0 47
6858 2 0
6859 0 46
6860 0 0
6861 3 0
6862 2 0
6863 3 0
6864 47 47
6865 46 0
6866 46 47
6867 0 1
6868 0 47
6869 2 0
6870 1 0
6871 47 0
6872 46 0
6873 2 0
6874 1 0
6875 2 0
6876 0 46
6877 1 0
6878 2 0
6879 0 47
6880 47 47
6881 46 47
6882 0 46
6883 0 0
6884 0 47
6885 3 0
6886 47 47
6887 2 0
6888 0 46
6889 0 47
6890 0 46
6891 47 0
6892 0 1
6893 0 47
6894 46 0
6895 1 0
6896 0 46
6897 47 0
6898 46 0
6899 47 0
6900 0 2
6901 46 0
6902 0 0
6903 46 47
6904 0 3
6905 0 1
6906 47 0
6907 0 47
6908 0 0
6909 0 46
6910 0 1
6911 0 0
# colocadas=6912 ocupadas=5 mayor=7278
