0 11 42
1 11 41
2 21 3
3 6 42
4 37 20
5 36 20
6 5 1
7 37 20
8 36 20
9 37 20
10 11 42
11 6 41
12 6 42
13 5 0
14 21 4
15 21 3
16 21 4
17 21 3
18 21 4
19 36 20
20 6 41
21 37 20
22 5 1
23 36 20
24 37 20
25 6 42
26 21 3
27 5 0
28 21 4
29 6 41
30 36 20
31 6 42
32 5 1
33 37 20
34 5 0
35 21 3
36 21 4
37 5 1
38 6 41
39 36 20
40 37 20
41 6 42
42 5 0
43 6 41
44 6 42
45 21 3
46 11 41
47 6 41
48 11 42
49 21 4
50 21 3
51 11 41
52 11 42
53 6 42
54 21 4
55 11 41
56 11 42
57 11 41
58 11 42
59 6 41
60 21 3
61 36 20
62 5 1
63 21 4
64 11 41
65 6 42
66 6 41
67 5 0
68 6 42
69 37 20
70 6 41
71 36 20
72 5 1
73 11 42
74 11 41
75 5 0
76 37 20
77 5 1
78 6 42
79 6 41
80 6 42
81 11 42
82 21 3
83 6 41
84 21 4
85 21 3
86 5 0
87 36 20
88 21 4
89 5 1
90 6 42
91 37 20
92 36 20
93 6 41
94 6 42
95 11 41
96 11 42
97 5 0
98 11 41
99 11 42
100 11 41
101 11 42
102 21 3
103 21 4
104 37 20
105 5 1
106 36 20
107 21 3
108 5 0
109 37 20
110 36 20
111 5 1
112 37 20
113 11 41
114 6 41
115 36 20
116 37 20
117 6 42
118 6 41
119 5 0
120 11 42
121 21 4
122 5 1
123 5 0
124 5 1
125 36 20
126 11 41
127 11 42
128 6 42
129 21 3
130 21 4
131 37 20
132 5 0
133 21 3
134 5 1
135 6 41
136 11 41
137 36 20
138 5 0
139 11 42
140 37 20
141 11 41
142 6 42
143 5 1
144 6 41
145 5 0
146 5 1
147 5 0
148 5 1
149 21 4
150 36 20
151 37 20
152 11 42
153 11 41
154 21 3
155 21 4
156 11 42
157 11 41
158 6 42
159 21 3
160 5 0
161 36 20
162 11 42
163 37 20
164 11 41
165 36 20
166 37 20
167 21 4
168 5 1
169 5 0
170 36 20
171 5 1
172 11 42
173 21 3
174 37 20
175 5 0
176 5 1
177 5 0
178 6 41
179 6 42
180 21 4
181 36 20
182 5 1
183 11 41
184 5 0
185 5 1
186 11 42
187 5 0
188 37 20
189 21 3
190 5 1
191 21 4
192 36 20
193 5 0
194 11 41
195 5 1
196 37 20
197 5 0
198 11 42
199 11 41
200 36 20
201 37 20
202 6 41
203 6 42
204 5 1
205 11 42
206 21 3
207 6 41
208 11 41
209 5 0
210 5 1
211 21 4
212 6 42
213 5 0
214 6 41
215 36 20
216 37 20
217 21 3
218 5 1
219 5 0
220 6 42
221 6 41
222 6 42
223 6 41
224 36 20
225 37 20
226 5 1
227 21 4
228 11 42
229 11 41
230 5 0
231 21 3
232 6 42
233 11 42
234 5 1
235 21 4
236 6 41
237 6 42
238 6 41
239 5 0
240 6 42
241 21 3
242 21 4
243 6 41
244 11 41
245 5 1
246 6 42
247 6 41
248 21 3
249 6 42
250 5 0
251 6 41
252 36 20
253 37 20
254 5 1
255 36 20
256 6 42
257 5 0
258 21 4
259 6 41
260 5 1
261 21 3
262 5 0
263 11 42
264 6 42
265 6 41
266 5 1
267 37 20
268 21 4
269 36 20
270 5 0
271 6 42
272 21 3
273 11 41
274 21 4
275 6 41
276 5 1
277 6 42
278 6 41
279 21 3
280 37 20
281 6 42
282 36 20
283 21 4
284 11 42
285 5 0
286 21 3
287 37 20
288 6 41
289 21 4
290 5 1
291 5 0
292 36 20
293 37 20
294 36 20
295 5 1
296 21 3
297 5 0
298 5 1
299 11 41
300 37 20
301 11 42
302 21 4
303 5 0
304 5 1
305 6 42
306 6 41
307 21 3
308 21 4
309 11 41
310 5 0
311 5 1
312 11 42
313 21 3
314 11 41
315 36 20
316 11 42
317 21 4
318 11 41
319 6 42
320 21 3
321 6 41
322 11 42
323 37 20
324 21 4
325 5 0
326 11 41
327 5 1
328 36 20
329 37 20
330 21 3
331 11 42
332 21 4
333 5 0
334 6 42
335 5 1
336 5 0
337 5 1
338 6 41
339 36 20
340 5 0
341 6 42
342 5 1
343 21 3
344 21 4
345 11 41
346 37 20
347 21 3
348 21 4
349 36 20
350 21 3
351 6 41
352 37 20
353 21 4
354 36 20
355 11 42
356 11 41
357 37 20
358 11 42
359 6 42
360 21 3
361 6 41
362 36 20
363 5 0
364 11 41
365 6 42
366 6 41
367 21 4
368 6 42
369 37 20
370 36 20
371 21 3
372 21 4
373 5 1
374 6 41
375 5 0
376 37 20
377 36 20
378 5 1
379 5 0
380 6 42
381 21 3
382 37 20
383 21 4
384 6 41
385 36 20
386 11 42
387 11 41
388 6 42
389 6 41
390 6 42
391 5 1
392 5 0
393 11 42
394 37 20
395 21 3
396 21 4
397 11 41
398 6 41
399 5 1
400 21 3
401 36 20
402 21 4
403 37 20
404 36 20
405 37 20
406 21 3
407 36 20
408 6 42
409 21 4
410 5 0
411 5 1
412 5 0
413 5 1
414 21 3
415 21 4
416 37 20
417 11 42
418 11 41
419 5 0
420 5 1
421 36 20
422 11 42
423 37 20
424 36 20
425 37 20
426 5 0
427 6 41
428 11 41
429 11 42
430 21 3
431 6 42
432 36 20
433 37 20
434 6 41
435 36 20
436 11 41
437 5 1
438 11 42
439 37 20
440 5 0
441 36 20
442 6 42
443 37 20
444 11 41
445 6 41
446 5 1
447 36 20
448 11 42
449 6 42
450 11 41
451 37 20
452 11 42
453 36 20
454 5 0
455 21 4
456 21 3
457 11 41
458 21 4
459 11 42
460 21 3
461 5 1
462 6 41
463 37 20
464 21 4
465 36 20
466 11 41
467 5 0
468 37 20
469 36 20
470 11 42
471 37 20
472 5 1
473 21 3
474 5 0
475 5 1
476 11 41
477 36 20
478 5 0
479 21 4
480 37 20
481 6 42
482 11 42
483 21 3
484 5 1
485 5 0
486 5 1
487 5 0
488 6 41
489 6 42
490 5 1
491 5 0
492 11 41
493 5 1
494 6 41
495 5 0
496 6 42
497 36 20
498 21 4
499 37 20
500 5 1
501 6 41
502 11 42
503 21 3
504 11 41
505 36 20
506 37 20
507 5 0
508 5 1
509 36 20
510 37 20
511 21 4
512 21 3
513 5 0
514 5 1
515 5 0
516 6 42
517 6 41
518 6 42
519 5 1
520 21 4
521 11 42
522 11 41
523 6 41
524 5 0
525 6 42
526 36 20
527 5 1
528 5 0
529 37 20
530 6 41
531 6 42
532 21 3
533 11 42
534 5 1
535 36 20
536 5 0
537 21 4
538 21 3
539 6 41
540 37 20
541 5 1
542 11 41
543 21 4
544 21 3
545 6 42
546 21 4
547 36 20
548 21 3
549 21 4
550 6 41
551 37 20
552 11 42
553 5 0
554 21 3
555 36 20
556 5 1
557 21 4
558 21 3
559 37 20
560 5 0
561 21 4
562 5 1
563 11 41
564 11 42
565 11 41
566 5 0
567 11 42
568 5 1
569 21 3
570 11 41
571 21 4
572 36 20
573 37 20
574 6 42
575 36 20
576 21 3
577 5 0
578 21 4
579 5 1
580 11 42
581 5 0
582 21 3
583 37 20
584 6 41
585 21 4
586 21 3
587 6 42
588 6 41
589 6 42
590 36 20
591 6 41
592 5 1
593 6 42
594 11 41
595 6 41
596 11 42
597 11 41
598 5 0
599 6 42
600 6 41
601 11 42
602 11 41
603 11 42
604 6 42
605 6 41
606 21 4
607 21 3
608 6 42
609 21 4
610 21 3
611 11 41
612 5 1
613 37 20
614 21 4
615 11 42
616 21 3
617 21 4
618 21 3
619 36 20
620 11 41
621 37 20
622 21 4
623 36 20
624 21 3
625 21 4
626 5 0
627 5 1
628 6 41
629 11 42
630 11 41
631 11 42
632 6 42
633 37 20
634 6 41
635 21 3
636 21 4
637 21 3
638 5 0
639 11 41
640 5 1
641 11 42
642 5 0
643 11 41
644 21 4
645 11 42
646 5 1
647 21 3
648 6 42
649 6 41
650 36 20
651 6 42
652 5 0
653 5 1
654 5 0
655 5 1
656 37 20
657 36 20
658 37 20
659 36 20
660 37 20
661 6 41
662 36 20
663 11 41
664 37 20
665 36 20
666 21 4
667 6 42
668 21 3
669 5 0
670 37 20
671 36 20
672 21 4
673 6 41
674 21 3
675 11 42
676 21 4
677 37 20
678 5 1
679 11 41
680 36 20
681 21 3
682 5 0
683 21 4
684 37 20
685 36 20
686 37 20
687 21 3
688 36 20
689 37 20
690 11 42
691 21 4
692 6 42
693 11 41
694 6 41
695 5 1
696 21 3
697 6 42
698 6 41
699 6 42
700 6 41
701 5 0
702 21 4
703 5 1
704 5 0
705 11 42
706 11 41
707 11 42
708 36 20
709 11 41
710 6 42
711 37 20
712 5 1
713 36 20
714 11 42
715 11 41
716 11 42
717 37 20
718 21 3
719 6 41
720 11 41
721 36 20
722 6 42
723 11 42
724 21 4
725 11 41
726 21 3
727 37 20
728 36 20
729 37 20
730 11 42
731 36 20
732 11 41
733 21 4
734 37 20
735 21 3
736 36 20
737 21 4
738 6 41
739 21 3
740 37 20
741 11 42
742 5 0
743 21 4
744 5 1
745 11 41
746 21 3
747 6 42
748 36 20
749 11 42
750 11 41
751 37 20
752 36 20
753 6 41
754 37 20
755 11 42
756 21 4
757 36 20
758 11 41
759 11 42
760 5 0
761 21 3
762 21 4
763 6 42
764 21 3
765 21 4
766 6 41
767 6 42
768 21 3
769 37 20
770 5 1
771 11 41
772 11 42
773 21 4
774 11 41
775 36 20
776 21 3
777 11 42
778 11 41
779 5 0
780 5 1
781 37 20
782 11 42
783 11 41
784 21 4
785 6 41
786 36 20
787 11 42
788 37 20
789 21 3
790 21 4
791 11 41
792 5 0
793 11 42
794 21 3
795 11 41
796 6 42
797 21 4
798 11 42
799 6 41
800 11 41
801 36 20
802 6 42
803 21 3
804 21 4
805 5 1
806 5 0
807 6 41
808 5 1
809 5 0
810 21 3
811 5 1
812 11 42
813 5 0
814 11 41
815 6 42
816 5 1
817 21 4
818 11 42
819 6 41
820 21 3
821 5 0
822 21 4
823 11 41
824 11 42
825 37 20
826 21 3
827 6 42
828 5 1
829 36 20
830 11 41
831 6 41
832 11 42
833 6 42
834 21 4
835 5 0
836 5 1
837 11 41
838 6 41
839 37 20
840 21 3
841 11 42
842 5 0
843 21 4
844 21 3
845 36 20
846 37 20
847 36 20
848 11 41
849 11 42
850 5 1
851 37 20
852 11 41
853 21 4
854 6 42
855 21 3
856 21 4
857 11 42
858 5 0
859 36 20
860 11 41
861 11 42
862 21 3
863 37 20
864 11 41
865 6 41
866 5 1
867 5 0
868 6 42
869 11 42
870 36 20
871 5 1
872 5 0
873 37 20
874 5 1
875 6 41
876 11 41
877 36 20
878 21 4
879 11 42
880 6 42
881 6 41
882 11 41
883 6 42
884 21 3
885 6 41
886 37 20
887 36 20
888 6 42
889 37 20
890 5 0
891 5 1
892 5 0
893 36 20
894 11 42
895 5 1
896 37 20
897 5 0
898 5 1
899 5 0
900 36 20
901 37 20
902 5 1
903 36 20
904 11 41
905 6 41
906 6 42
907 5 0
908 5 1
909 5 0
910 6 41
911 5 1
912 11 42
913 21 4
914 11 41
915 11 42
916 21 3
917 6 42
918 6 41
919 37 20
920 11 41
921 11 42
922 5 0
923 5 1
924 21 4
925 21 3
926 11 41
927 5 0
928 11 42
929 5 1
930 36 20
931 5 0
932 6 42
933 5 1
934 21 4
935 6 41
936 5 0
937 11 41
938 37 20
939 6 42
940 21 3
941 11 42
942 11 41
943 21 4
944 6 41
945 21 3
946 11 42
947 36 20
948 37 20
949 6 42
950 21 4
951 21 3
952 6 41
953 5 1
954 5 0
955 6 42
956 21 4
957 5 1
958 5 0
959 5 1
960 21 3
961 36 20
962 6 41
963 21 4
964 6 42
965 11 41
966 6 41
967 37 20
968 36 20
969 6 42
970 21 3
971 21 4
972 37 20
973 36 20
974 11 42
975 5 0
976 37 20
977 11 41
978 36 20
979 21 3
980 21 4
981 5 1
982 21 3
983 37 20
984 11 42
985 21 4
986 21 3
987 5 0
988 6 41
989 11 41
990 11 42
991 6 42
992 11 41
993 21 4
994 21 3
995 36 20
996 5 1
997 11 42
998 37 20
999 6 41
1000 21 4
1001 5 0
1002 6 42
1003 5 1
1004 6 41
1005 36 20
1006 11 41
1007 37 20
1008 6 42
1009 21 3
1010 21 4
1011 5 0
1012 6 41
1013 6 42
1014 5 1
1015 5 0
1016 6 41
1017 36 20
1018 21 3
1019 5 1
1020 11 42
1021 5 0
1022 11 41
1023 5 1
1024 5 0
1025 21 4
1026 6 42
1027 6 41
1028 37 20
1029 36 20
1030 5 1
1031 5 0
1032 37 20
1033 21 3
1034 21 4
1035 11 42
1036 5 1
1037 5 0
1038 5 1
1039 6 42
1040 21 3
1041 11 41
1042 5 0
1043 21 4
1044 6 41
1045 11 42
1046 21 3
1047 21 4
1048 11 41
1049 11 42
1050 6 42
1051 36 20
1052 21 3
1053 11 41
1054 6 41
1055 21 4
1056 21 3
1057 5 1
1058 37 20
1059 5 0
1060 5 1
1061 11 42
1062 36 20
1063 11 41
1064 11 42
1065 37 20
1066 5 0
1067 21 4
1068 6 42
1069 11 41
1070 5 1
1071 36 20
1072 37 20
1073 21 3
1074 5 0
1075 6 41
1076 5 1
1077 6 42
1078 36 20
1079 37 20
1080 6 41
1081 11 42
1082 5 0
1083 6 42
1084 6 41
1085 21 4
1086 6 42
1087 21 3
1088 6 41
1089 11 41
1090 36 20
1091 11 42
1092 37 20
1093 11 41
1094 6 42
1095 6 41
1096 5 1
1097 36 20
1098 21 4
1099 6 42
1100 21 3
1101 6 41
1102 6 42
1103 21 4
1104 11 42
1105 37 20
1106 36 20
1107 21 3
1108 6 41
1109 5 0
1110 11 41
1111 37 20
1112 36 20
1113 6 42
1114 6 41
1115 11 42
1116 21 4
1117 5 1
1118 37 20
1119 5 0
1120 6 42
1121 5 1
1122 6 41
1123 6 42
1124 11 41
1125 21 3
1126 11 42
1127 36 20
1128 37 20
1129 11 41
1130 11 42
1131 21 4
1132 21 3
1133 5 0
1134 21 4
1135 21 3
1136 11 41
1137 36 20
1138 21 4
1139 5 1
1140 6 41
1141 11 42
1142 5 0
1143 21 3
1144 6 42
1145 11 41
1146 37 20
1147 5 1
1148 36 20
1149 6 41
1150 21 4
1151 11 42
1152 6 42
1153 11 41
1154 21 3
1155 11 42
1156 11 41
1157 5 0
1158 21 4
1159 6 41
1160 37 20
1161 6 42
1162 36 20
1163 5 1
1164 11 42
1165 6 41
1166 37 20
1167 36 20
1168 21 3
1169 21 4
1170 37 20
1171 6 42
1172 5 0
1173 36 20
1174 5 1
1175 11 41
1176 37 20
1177 6 41
1178 36 20
1179 37 20
1180 36 20
1181 11 42
1182 37 20
1183 21 3
1184 21 4
1185 36 20
1186 5 0
1187 6 42
1188 6 41
1189 37 20
1190 5 1
1191 5 0
1192 36 20
1193 37 20
1194 11 41
1195 36 20
1196 5 1
1197 21 3
1198 6 42
1199 5 0
1200 6 41
1201 6 42
1202 21 4
1203 6 41
1204 11 42
1205 6 42
1206 6 41
1207 5 1
1208 21 3
1209 37 20
1210 36 20
1211 37 20
1212 21 4
1213 5 0
1214 36 20
1215 11 41
1216 11 42
1217 6 42
1218 6 41
1219 37 20
1220 36 20
1221 11 41
1222 21 3
1223 5 1
1224 5 0
1225 37 20
1226 6 42
1227 36 20
1228 37 20
1229 6 41
1230 21 4
1231 5 1
1232 11 42
1233 36 20
1234 5 0
1235 5 1
1236 21 3
1237 6 42
1238 5 0
1239 5 1
1240 21 4
1241 37 20
1242 36 20
1243 5 0
1244 37 20
1245 6 41
1246 6 42
1247 11 41
1248 36 20
1249 5 1
1250 5 0
1251 11 42
1252 11 41
1253 37 20
1254 6 41
1255 21 3
1256 6 42
1257 21 4
1258 5 1
1259 36 20
1260 6 41
1261 6 42
1262 5 0
1263 5 1
1264 6 41
1265 37 20
1266 21 3
1267 5 0
1268 11 42
1269 5 1
1270 6 42
1271 5 0
1272 21 4
1273 36 20
1274 11 41
1275 37 20
1276 11 42
1277 11 41
1278 21 3
1279 11 42
1280 36 20
1281 11 41
1282 5 1
1283 5 0
1284 21 4
1285 11 42
1286 6 41
1287 6 42
1288 5 1
1289 21 3
1290 5 0
1291 6 41
1292 5 1
1293 21 4
1294 11 41
1295 5 0
1296 11 42
1297 11 41
1298 5 1
1299 21 3
1300 6 42
1301 6 41
1302 37 20
1303 21 4
1304 6 42
1305 11 42
1306 5 0
1307 36 20
1308 21 3
1309 21 4
1310 11 41
1311 5 1
1312 11 42
1313 21 3
1314 37 20
1315 5 0
1316 21 4
1317 36 20
1318 37 20
1319 21 3
1320 21 4
1321 6 41
1322 36 20
1323 21 3
1324 6 42
1325 37 20
1326 21 4
1327 6 41
1328 21 3
1329 36 20
1330 11 41
1331 5 1
1332 11 42
1333 6 42
1334 6 41
1335 6 42
1336 37 20
1337 11 41
1338 21 4
1339 36 20
1340 6 41
1341 6 42
1342 6 41
1343 11 42
1344 6 42
1345 21 3
1346 37 20
1347 11 41
1348 21 4
1349 21 3
1350 5 0
1351 36 20
1352 5 1
1353 11 42
1354 5 0
1355 5 1
1356 37 20
1357 5 0
1358 5 1
1359 6 41
1360 36 20
1361 6 42
1362 21 4
1363 6 41
1364 37 20
1365 6 42
1366 5 0
1367 11 41
1368 5 1
1369 21 3
1370 36 20
1371 21 4
1372 37 20
1373 5 0
1374 36 20
1375 6 41
1376 37 20
1377 21 3
1378 36 20
1379 6 42
1380 6 41
1381 21 4
1382 6 42
1383 6 41
1384 37 20
1385 36 20
1386 37 20
1387 36 20
1388 21 3
1389 37 20
1390 36 20
1391 6 42
1392 37 20
1393 11 42
1394 5 1
1395 11 41
1396 21 4
1397 11 42
1398 21 3
1399 5 0
1400 6 41
1401 5 1
1402 36 20
1403 21 4
1404 6 42
1405 21 3
1406 21 4
1407 6 41
1408 37 20
1409 36 20
1410 21 3
1411 5 0
1412 37 20
1413 6 42
1414 36 20
1415 6 41
1416 37 20
1417 5 1
1418 21 4
1419 5 0
1420 21 3
1421 21 4
1422 21 3
1423 6 42
1424 21 4
1425 6 41
1426 5 1
1427 11 41
1428 21 3
1429 5 0
1430 5 1
1431 11 42
1432 21 4
1433 5 0
1434 5 1
1435 21 3
1436 21 4
1437 11 41
1438 21 3
1439 6 42
1440 5 0
1441 6 41
1442 5 1
1443 21 4
1444 5 0
1445 6 42
1446 5 1
1447 5 0
1448 21 3
1449 6 41
1450 5 1
1451 5 0
1452 21 4
1453 21 3
1454 6 42
1455 5 1
1456 5 0
1457 21 4
1458 21 3
1459 11 42
1460 5 1
1461 6 41
1462 6 42
1463 36 20
1464 37 20
1465 6 41
1466 5 0
1467 21 4
1468 5 1
1469 6 42
1470 5 0
1471 36 20
1472 11 41
1473 6 41
1474 6 42
1475 21 3
1476 11 42
1477 6 41
1478 6 42
1479 37 20
1480 36 20
1481 5 1
1482 11 41
1483 37 20
1484 6 41
1485 11 42
1486 6 42
1487 6 41
1488 5 0
1489 6 42
1490 36 20
1491 21 4
1492 37 20
1493 5 1
1494 5 0
1495 6 41
1496 36 20
1497 6 42
1498 6 41
1499 6 42
1500 5 1
1501 5 0
1502 37 20
1503 11 41
1504 5 1
1505 11 42
1506 6 41
1507 11 41
1508 6 42
1509 36 20
1510 6 41
1511 5 0
1512 21 3
1513 6 42
1514 37 20
1515 36 20
1516 6 41
1517 5 1
1518 6 42
1519 11 42
1520 11 41
1521 37 20
1522 6 41
1523 5 0
1524 5 1
1525 6 42
1526 36 20
1527 21 4
1528 11 42
1529 5 0
1530 5 1
1531 37 20
1532 11 41
1533 6 41
1534 21 3
1535 11 42
1536 11 41
1537 11 42
1538 36 20
1539 11 41
1540 11 42
1541 6 42
1542 6 41
1543 5 0
1544 21 4
1545 11 41
1546 21 3
1547 37 20
1548 5 1
1549 11 42
1550 5 0
1551 11 41
1552 6 42
1553 11 42
1554 5 1
1555 21 4
1556 5 0
1557 5 1
1558 21 3
1559 11 41
1560 11 42
1561 36 20
1562 6 41
1563 5 0
1564 21 4
1565 37 20
1566 21 3
1567 11 41
1568 36 20
1569 11 42
1570 6 42
1571 37 20
1572 11 41
1573 36 20
1574 37 20
1575 5 1
1576 21 4
1577 5 0
1578 11 42
1579 36 20
1580 21 3
1581 11 41
1582 6 41
1583 21 4
1584 11 42
1585 21 3
1586 37 20
1587 21 4
1588 21 3
1589 5 1
1590 21 4
1591 21 3
1592 6 42
1593 6 41
1594 5 0
1595 21 4
1596 11 41
1597 5 1
1598 5 0
1599 11 42
1600 6 42
1601 5 1
1602 6 41
1603 5 0
1604 36 20
1605 11 41
1606 21 3
1607 6 42
1608 21 4
1609 37 20
1610 21 3
1611 6 41
1612 36 20
1613 37 20
1614 6 42
1615 21 4
1616 6 41
1617 11 42
1618 36 20
1619 37 20
1620 36 20
1621 5 1
1622 37 20
1623 36 20
1624 6 42
1625 5 0
1626 5 1
1627 11 41
1628 11 42
1629 11 41
1630 11 42
1631 21 3
1632 6 41
1633 11 41
1634 11 42
1635 21 4
1636 5 0
1637 37 20
1638 36 20
1639 37 20
1640 5 1
1641 36 20
1642 5 0
1643 21 3
1644 37 20
1645 11 41
1646 36 20
1647 21 4
1648 5 1
1649 11 42
1650 21 3
1651 37 20
1652 6 42
1653 5 0
1654 6 41
1655 11 41
1656 11 42
1657 11 41
1658 21 4
1659 6 42
1660 6 41
1661 36 20
1662 21 3
1663 5 1
1664 11 42
1665 5 0
1666 11 41
1667 11 42
1668 5 1
1669 37 20
1670 6 42
1671 6 41
1672 21 4
1673 5 0
1674 5 1
1675 11 41
1676 11 42
1677 5 0
1678 6 42
1679 11 41
1680 6 41
1681 5 1
1682 5 0
1683 5 1
1684 11 42
1685 21 3
1686 6 42
1687 21 4
1688 5 0
1689 5 1
1690 21 3
1691 36 20
1692 6 41
1693 5 0
1694 5 1
1695 5 0
1696 6 42
1697 21 4
1698 11 41
1699 37 20
1700 6 41
1701 11 42
1702 6 42
1703 11 41
1704 21 3
1705 11 42
1706 5 1
1707 21 4
1708 11 41
1709 36 20
1710 11 42
1711 5 0
1712 5 1
1713 5 0
1714 37 20
1715 11 41
1716 21 3
1717 6 41
1718 5 1
1719 6 42
1720 6 41
1721 36 20
1722 6 42
1723 6 41
1724 11 42
1725 6 42
1726 21 4
1727 21 3
1728 21 4
1729 6 41
1730 6 42
1731 21 3
1732 21 4
1733 21 3
1734 6 41
1735 37 20
1736 36 20
1737 6 42
1738 37 20
1739 6 41
1740 5 0
1741 5 1
1742 36 20
1743 11 41
1744 6 42
1745 11 42
1746 37 20
1747 21 4
1748 36 20
1749 6 41
1750 11 41
1751 37 20
1752 11 42
1753 5 0
1754 5 1
1755 6 42
1756 11 41
1757 21 3
1758 5 0
1759 21 4
1760 21 3
1761 21 4
1762 5 1
1763 6 41
1764 6 42
1765 36 20
1766 21 3
1767 21 4
1768 37 20
1769 6 41
1770 6 42
1771 36 20
1772 11 42
1773 6 41
1774 37 20
1775 5 0
1776 11 41
1777 21 3
1778 5 1
1779 21 4
1780 21 3
1781 36 20
1782 6 42
1783 21 4
1784 5 0
1785 5 1
1786 11 42
1787 5 0
1788 6 41
1789 21 3
1790 5 1
1791 11 41
1792 11 42
1793 11 41
1794 11 42
1795 6 42
1796 21 4
1797 37 20
1798 21 3
1799 21 4
1800 36 20
1801 5 0
1802 6 41
1803 37 20
1804 6 42
1805 21 3
1806 11 41
1807 21 4
1808 21 3
1809 36 20
1810 5 1
1811 11 42
1812 37 20
1813 6 41
1814 11 41
1815 5 0
1816 36 20
1817 37 20
1818 21 4
1819 21 3
1820 11 42
1821 6 42
1822 21 4
1823 6 41
1824 5 1
1825 5 0
1826 11 41
1827 11 42
1828 36 20
1829 5 1
1830 5 0
1831 37 20
1832 6 42
1833 5 1
1834 11 41
1835 6 41
1836 36 20
1837 11 42
1838 11 41
1839 5 0
1840 37 20
1841 6 42
1842 6 41
1843 5 1
1844 5 0
1845 21 3
1846 11 42
1847 5 1
1848 36 20
1849 5 0
1850 5 1
1851 6 42
1852 37 20
1853 5 0
1854 21 4
1855 36 20
1856 11 41
1857 21 3
1858 11 42
1859 5 1
1860 11 41
1861 21 4
1862 11 42
1863 5 0
1864 5 1
1865 5 0
1866 6 41
1867 37 20
1868 5 1
1869 36 20
1870 21 3
1871 6 42
1872 11 41
1873 11 42
1874 21 4
1875 6 41
1876 11 41
1877 5 0
1878 5 1
1879 37 20
1880 6 42
1881 36 20
1882 21 3
1883 11 42
1884 5 0
1885 11 41
1886 6 41
1887 5 1
1888 21 4
1889 21 3
1890 11 42
1891 11 41
1892 37 20
1893 6 42
1894 6 41
1895 36 20
1896 11 42
1897 6 42
1898 6 41
1899 11 41
1900 37 20
1901 21 4
1902 5 0
1903 11 42
1904 36 20
1905 6 42
1906 11 41
1907 37 20
1908 21 3
1909 11 42
1910 5 1
1911 6 41
1912 6 42
1913 6 41
1914 11 41
1915 21 4
1916 21 3
1917 21 4
1918 36 20
1919 6 42
1920 11 42
1921 37 20
1922 5 0
1923 6 41
1924 5 1
1925 5 0
1926 21 3
1927 11 41
1928 21 4
1929 36 20
1930 21 3
1931 5 1
1932 21 4
1933 37 20
1934 11 42
1935 6 42
1936 11 41
1937 21 3
1938 6 41
1939 21 4
1940 11 42
1941 5 0
1942 21 3
1943 6 42
1944 5 1
1945 11 41
1946 11 42
1947 36 20
1948 21 4
1949 37 20
1950 21 3
1951 21 4
1952 6 41
1953 36 20
1954 5 0
1955 5 1
1956 5 0
1957 6 42
1958 5 1
1959 11 41
1960 11 42
1961 6 41
1962 11 41
1963 11 42
1964 6 42
1965 11 41
1966 5 0
1967 11 42
1968 6 41
1969 21 3
1970 6 42
1971 21 4
1972 6 41
1973 6 42
1974 5 1
1975 6 41
1976 6 42
1977 37 20
1978 36 20
1979 5 0
1980 11 41
1981 37 20
1982 21 3
1983 36 20
1984 6 41
1985 5 1
1986 21 4
1987 5 0
1988 6 42
1989 5 1
1990 6 41
1991 21 3
1992 5 0
1993 5 1
1994 6 42
1995 6 41
1996 5 0
1997 21 4
1998 11 42
1999 21 3
2000 5 1
2001 5 0
2002 21 4
2003 11 41
2004 5 1
2005 21 3
2006 21 4
2007 6 42
2008 6 41
2009 6 42
2010 11 42
2011 37 20
2012 5 0
2013 11 41
2014 5 1
2015 11 42
2016 5 0
2017 6 41
2018 11 41
2019 11 42
2020 36 20
2021 6 42
2022 21 3
2023 6 41
2024 6 42
2025 21 4
2026 21 3
2027 11 41
2028 5 1
2029 6 41
2030 21 4
2031 37 20
2032 11 42
2033 6 42
2034 5 0
2035 5 1
2036 11 41
2037 6 41
2038 5 0
2039 5 1
2040 5 0
2041 5 1
2042 6 42
2043 36 20
2044 21 3
2045 21 4
2046 37 20
2047 5 0
2048 5 1
2049 6 41
2050 11 42
2051 21 3
2052 21 4
2053 6 42
2054 5 0
2055 11 41
2056 6 41
2057 5 1
2058 5 0
2059 6 42
2060 36 20
2061 6 41
2062 37 20
2063 5 1
2064 36 20
2065 11 42
2066 37 20
2067 36 20
2068 6 42
2069 37 20
2070 36 20
2071 37 20
2072 6 41
2073 11 41
2074 11 42
2075 5 0
2076 5 1
2077 11 41
2078 11 42
2079 21 3
2080 5 0
2081 36 20
2082 5 1
2083 5 0
2084 6 42
2085 37 20
2086 36 20
2087 6 41
2088 21 4
2089 5 1
2090 37 20
2091 21 3
2092 6 42
2093 11 41
2094 21 4
2095 21 3
2096 5 0
2097 11 42
2098 6 41
2099 11 41
2100 5 1
2101 5 0
2102 21 4
2103 36 20
2104 37 20
2105 21 3
2106 21 4
2107 21 3
2108 6 42
2109 21 4
2110 11 42
2111 6 41
2112 6 42
2113 5 1
2114 5 0
2115 21 3
2116 6 41
2117 21 4
2118 6 42
2119 5 1
2120 11 41
2121 11 42
2122 6 41
2123 6 42
2124 11 41
2125 21 3
2126 11 42
2127 36 20
2128 37 20
2129 36 20
2130 21 4
2131 6 41
2132 5 0
2133 11 41
2134 6 42
2135 21 3
2136 37 20
2137 5 1
2138 6 41
2139 6 42
2140 5 0
2141 21 4
2142 11 42
2143 36 20
2144 11 41
2145 11 42
2146 5 1
2147 6 41
2148 6 42
2149 37 20
2150 5 0
2151 36 20
2152 37 20
2153 11 41
2154 11 42
2155 5 1
2156 6 41
2157 21 3
2158 5 0
2159 21 4
2160 36 20
2161 21 3
2162 21 4
2163 21 3
2164 11 41
2165 21 4
2166 37 20
2167 5 1
2168 5 0
2169 5 1
2170 11 42
2171 6 42
2172 11 41
2173 5 0
2174 5 1
2175 6 41
2176 6 42
2177 11 42
2178 21 3
2179 11 41
2180 21 4
2181 6 41
2182 11 42
2183 5 0
2184 36 20
2185 11 41
2186 21 3
2187 5 1
2188 11 42
2189 6 42
2190 6 41
2191 6 42
2192 5 0
2193 21 4
2194 6 41
2195 21 3
2196 5 1
2197 37 20
2198 11 41
2199 21 4
2200 36 20
2201 6 42
2202 21 3
2203 5 0
2204 21 4
2205 11 42
2206 37 20
2207 11 41
2208 36 20
2209 5 1
2210 6 41
2211 21 3
2212 5 0
2213 5 1
2214 11 42
2215 11 41
2216 21 4
2217 5 0
2218 37 20
2219 6 42
2220 6 41
2221 6 42
2222 36 20
2223 21 3
2224 11 42
2225 37 20
2226 5 1
2227 6 41
2228 6 42
2229 11 41
2230 6 41
2231 6 42
2232 11 42
2233 6 41
2234 21 4
2235 6 42
2236 11 41
2237 21 3
2238 6 41
2239 21 4
2240 36 20
2241 37 20
2242 11 42
2243 5 0
2244 5 1
2245 5 0
2246 36 20
2247 5 1
2248 5 0
2249 21 3
2250 5 1
2251 6 42
2252 6 41
2253 5 0
2254 5 1
2255 11 41
2256 5 0
2257 37 20
2258 11 42
2259 36 20
2260 6 42
2261 37 20
2262 5 1
2263 21 4
2264 6 41
2265 11 41
2266 36 20
2267 21 3
2268 6 42
2269 21 4
2270 37 20
2271 36 20
2272 37 20
2273 36 20
2274 37 20
2275 21 3
2276 5 0
2277 5 1
2278 6 41
2279 36 20
2280 37 20
2281 21 4
2282 21 3
2283 11 42
2284 5 0
2285 6 42
2286 5 1
2287 11 41
2288 21 4
2289 36 20
2290 6 41
2291 37 20
2292 36 20
2293 6 42
2294 37 20
2295 21 3
2296 5 0
2297 6 41
2298 11 42
2299 36 20
2300 37 20
2301 5 1
2302 21 4
2303 6 42
2304 11 41
2305 36 20
2306 5 0
2307 6 41
2308 21 3
2309 6 42
2310 21 4
2311 21 3
2312 5 1
2313 6 41
2314 21 4
2315 11 42
2316 6 42
2317 21 3
2318 6 41
2319 37 20
2320 5 0
2321 5 1
2322 11 41
2323 6 42
2324 5 0
2325 21 4
2326 6 41
2327 5 1
2328 5 0
2329 36 20
2330 5 1
2331 37 20
2332 5 0
2333 5 1
2334 5 0
2335 11 42
2336 11 41
2337 6 42
2338 6 41
2339 21 3
2340 21 4
2341 6 42
2342 36 20
2343 21 3
2344 11 42
2345 37 20
2346 36 20
2347 21 4
2348 37 20
2349 5 1
2350 5 0
2351 36 20
2352 6 41
2353 21 3
2354 21 4
2355 6 42
2356 5 1
2357 6 41
2358 21 3
2359 37 20
2360 5 0
2361 5 1
2362 5 0
2363 6 42
2364 21 4
2365 36 20
2366 11 41
2367 6 41
2368 6 42
2369 21 3
2370 5 1
2371 5 0
2372 5 1
2373 11 42
2374 11 41
2375 21 4
2376 11 42
2377 21 3
2378 11 41
2379 5 0
2380 11 42
2381 11 41
2382 6 41
2383 37 20
2384 36 20
2385 37 20
2386 5 1
2387 11 42
2388 6 42
2389 6 41
2390 21 4
2391 5 0
2392 6 42
2393 36 20
2394 6 41
2395 5 1
2396 37 20
2397 11 41
2398 21 3
2399 5 0
2400 11 42
2401 6 42
2402 5 1
2403 11 41
2404 36 20
2405 5 0
2406 21 4
2407 11 42
2408 21 3
2409 11 41
2410 37 20
2411 36 20
2412 6 41
2413 6 42
2414 21 4
2415 37 20
2416 21 3
2417 11 42
2418 36 20
2419 11 41
2420 21 4
2421 11 42
2422 37 20
2423 6 41
2424 21 3
2425 6 42
2426 21 4
2427 5 1
2428 5 0
2429 21 3
2430 6 41
2431 6 42
2432 36 20
2433 5 1
2434 37 20
2435 6 41
2436 21 4
2437 21 3
2438 11 41
2439 5 0
2440 11 42
2441 6 42
2442 5 1
2443 36 20
2444 11 41
2445 11 42
2446 6 41
2447 6 42
2448 6 41
2449 21 4
2450 5 0
2451 6 42
2452 5 1
2453 37 20
2454 11 41
2455 11 42
2456 21 3
2457 6 41
2458 11 41
2459 5 0
2460 11 42
2461 11 41
2462 36 20
2463 5 1
2464 11 42
2465 37 20
2466 5 0
2467 6 42
2468 21 4
2469 36 20
2470 5 1
2471 37 20
2472 6 41
2473 21 3
2474 11 41
2475 5 0
2476 21 4
2477 5 1
2478 6 42
2479 11 42
2480 36 20
2481 6 41
2482 11 41
2483 6 42
2484 5 0
2485 11 42
2486 37 20
2487 36 20
2488 11 41
2489 5 1
2490 11 42
2491 6 41
2492 21 3
2493 5 0
2494 21 4
2495 11 41
2496 11 42
2497 37 20
2498 6 42
2499 36 20
2500 5 1
2501 11 41
2502 6 41
2503 21 3
2504 11 42
2505 37 20
2506 11 41
2507 36 20
2508 21 4
2509 37 20
2510 6 42
2511 21 3
2512 11 42
2513 11 41
2514 36 20
2515 5 0
2516 11 42
2517 21 4
2518 11 41
2519 37 20
2520 36 20
2521 21 3
2522 6 41
2523 5 1
2524 37 20
2525 6 42
2526 36 20
2527 21 4
2528 37 20
2529 6 41
2530 21 3
2531 36 20
2532 6 42
2533 37 20
2534 5 0
2535 5 1
2536 5 0
2537 21 4
2538 6 41
2539 6 42
2540 21 3
2541 5 1
2542 5 0
2543 6 41
2544 11 42
2545 6 42
2546 11 41
2547 11 42
2548 6 41
2549 5 1
2550 11 41
2551 36 20
2552 21 4
2553 5 0
2554 6 42
2555 11 42
2556 21 3
2557 5 1
2558 11 41
2559 5 0
2560 6 41
2561 5 1
2562 11 42
2563 11 41
2564 11 42
2565 21 4
2566 11 41
2567 5 0
2568 21 3
2569 11 42
2570 6 42
2571 6 41
2572 5 1
2573 11 41
2574 21 4
2575 37 20
2576 6 42
2577 36 20
2578 21 3
2579 21 4
2580 37 20
2581 21 3
2582 11 42
2583 5 0
2584 36 20
2585 37 20
2586 36 20
2587 5 1
2588 5 0
2589 6 41
2590 11 41
2591 37 20
2592 21 4
2593 6 42
2594 36 20
2595 5 1
2596 6 41
2597 21 3
2598 37 20
2599 5 0
2600 36 20
2601 11 42
2602 6 42
2603 6 41
2604 21 4
2605 11 41
2606 6 42
2607 6 41
2608 21 3
2609 11 42
2610 21 4
2611 21 3
2612 21 4
2613 6 42
2614 5 1
2615 11 41
2616 11 42
2617 5 0
2618 5 1
2619 11 41
2620 5 0
2621 21 3
2622 37 20
2623 11 42
2624 11 41
2625 11 42
2626 5 1
2627 36 20
2628 6 41
2629 5 0
2630 11 41
2631 11 42
2632 11 41
2633 5 1
2634 6 42
2635 11 42
2636 5 0
2637 6 41
2638 5 1
2639 6 42
2640 5 0
2641 11 41
2642 11 42
2643 11 41
2644 5 1
2645 6 41
2646 21 4
2647 11 42
2648 37 20
2649 11 41
2650 6 42
2651 5 0
2652 11 42
2653 5 1
2654 21 3
2655 36 20
2656 11 41
2657 21 4
2658 6 41
2659 37 20
2660 21 3
2661 11 42
2662 11 41
2663 6 42
2664 36 20
2665 6 41
2666 6 42
2667 37 20
2668 36 20
2669 37 20
2670 6 41
2671 36 20
2672 21 4
2673 5 0
2674 37 20
2675 6 42
2676 11 42
2677 21 3
2678 36 20
2679 21 4
2680 21 3
2681 11 41
2682 5 1
2683 37 20
2684 21 4
2685 5 0
2686 6 41
2687 6 42
2688 11 42
2689 36 20
2690 37 20
2691 6 41
2692 36 20
2693 37 20
2694 11 41
2695 21 3
2696 5 1
2697 21 4
2698 36 20
2699 11 42
2700 6 42
2701 37 20
2702 21 3
2703 6 41
2704 21 4
2705 11 41
2706 11 42
2707 5 0
2708 36 20
2709 37 20
2710 6 42
2711 11 41
2712 11 42
2713 36 20
2714 37 20
2715 5 1
2716 5 0
2717 6 41
2718 11 41
2719 6 42
2720 36 20
2721 21 3
2722 5 1
2723 21 4
2724 21 3
2725 37 20
2726 21 4
2727 11 42
2728 5 0
2729 6 41
2730 11 41
2731 11 42
2732 21 3
2733 5 1
2734 5 0
2735 5 1
2736 11 41
2737 6 42
2738 5 0
2739 6 41
2740 21 4
2741 6 42
2742 5 1
2743 21 3
2744 6 41
2745 5 0
2746 36 20
2747 11 42
2748 37 20
2749 5 1
2750 11 41
2751 5 0
2752 36 20
2753 21 4
2754 21 3
2755 21 4
2756 5 1
2757 5 0
2758 5 1
2759 11 42
2760 11 41
2761 6 42
2762 21 3
2763 11 42
2764 21 4
2765 6 41
2766 11 41
2767 5 0
2768 5 1
2769 37 20
2770 6 42
2771 5 0
2772 5 1
2773 6 41
2774 6 42
2775 21 3
2776 36 20
2777 6 41
2778 5 0
2779 6 42
2780 37 20
2781 11 42
2782 36 20
2783 5 1
2784 6 41
2785 37 20
2786 11 41
2787 21 4
2788 6 42
2789 21 3
2790 5 0
2791 36 20
2792 5 1
2793 11 42
2794 37 20
2795 21 4
2796 5 0
2797 11 41
2798 36 20
2799 37 20
2800 6 41
2801 36 20
2802 6 42
2803 5 1
2804 37 20
2805 36 20
2806 11 42
2807 37 20
2808 5 0
2809 21 3
2810 6 41
2811 21 4
2812 6 42
2813 21 3
2814 5 1
2815 21 4
2816 21 3
2817 36 20
2818 6 41
2819 5 0
2820 37 20
2821 21 4
2822 6 42
2823 6 41
2824 36 20
2825 11 41
2826 6 42
2827 6 41
2828 6 42
2829 37 20
2830 11 42
2831 6 41
2832 21 3
2833 36 20
2834 37 20
2835 36 20
2836 21 4
2837 11 41
2838 11 42
2839 37 20
2840 36 20
2841 5 1
2842 37 20
2843 5 0
2844 21 3
2845 5 1
2846 6 42
2847 5 0
2848 36 20
2849 37 20
2850 21 4
2851 21 3
2852 11 41
2853 11 42
2854 5 1
2855 11 41
2856 6 41
2857 36 20
2858 21 4
2859 11 42
2860 5 0
2861 5 1
2862 5 0
2863 37 20
2864 5 1
2865 21 3
2866 36 20
2867 11 41
2868 5 0
2869 21 4
2870 11 42
2871 5 1
2872 5 0
2873 6 42
2874 11 41
2875 37 20
2876 21 3
2877 21 4
2878 36 20
2879 11 42
2880 5 1
2881 6 41
2882 5 0
2883 5 1
2884 5 0
2885 5 1
2886 21 3
2887 37 20
2888 6 42
2889 36 20
2890 5 0
2891 5 1
2892 21 4
2893 11 41
2894 11 42
2895 6 41
2896 21 3
2897 11 41
2898 6 42
2899 21 4
2900 6 41
2901 11 42
2902 11 41
2903 21 3
2904 21 4
2905 37 20
2906 6 42
2907 11 42
2908 36 20
2909 6 41
2910 5 0
2911 37 20
2912 21 3
2913 11 41
2914 5 1
2915 21 4
2916 6 42
2917 5 0
2918 6 41
2919 36 20
2920 6 42
2921 37 20
2922 5 1
2923 21 3
2924 11 42
2925 36 20
2926 5 0
2927 37 20
2928 11 41
2929 6 41
2930 21 4
2931 5 1
2932 36 20
2933 6 42
2934 6 41
2935 37 20
2936 21 3
2937 6 42
2938 21 4
2939 11 42
2940 6 41
2941 6 42
2942 21 3
2943 6 41
2944 11 41
2945 5 0
2946 11 42
2947 6 42
2948 5 1
2949 21 4
2950 36 20
2951 11 41
2952 5 0
2953 5 1
2954 11 42
2955 11 41
2956 11 42
2957 21 3
2958 5 0
2959 21 4
2960 5 1
2961 21 3
2962 11 41
2963 6 41
2964 21 4
2965 6 42
2966 11 42
2967 5 0
2968 37 20
2969 11 41
2970 36 20
2971 21 3
2972 5 1
2973 11 42
2974 5 0
2975 37 20
2976 21 4
2977 36 20
2978 37 20
2979 6 41
2980 5 1
2981 6 42
2982 21 3
2983 6 41
2984 21 4
2985 21 3
2986 11 41
2987 11 42
2988 6 42
2989 11 41
2990 21 4
2991 11 42
2992 5 0
2993 36 20
2994 21 3
2995 21 4
2996 5 1
2997 37 20
2998 21 3
2999 11 41
3000 6 41
3001 11 42
3002 5 0
3003 21 4
3004 5 1
3005 6 42
3006 21 3
3007 21 4
3008 5 0
3009 5 1
3010 11 41
3011 11 42
3012 5 0
3013 6 41
3014 5 1
3015 11 41
3016 21 3
3017 5 0
3018 5 1
3019 21 4
3020 5 0
3021 36 20
3022 6 42
3023 37 20
3024 5 1
3025 6 41
3026 5 0
3027 36 20
3028 21 3
3029 6 42
3030 11 42
3031 21 4
3032 21 3
3033 11 41
3034 11 42
3035 6 41
3036 11 41
3037 11 42
3038 37 20
3039 11 41
3040 21 4
3041 6 42
3042 5 1
3043 5 0
3044 36 20
3045 6 41
3046 21 3
3047 11 42
3048 6 42
3049 11 41
3050 11 42
3051 5 1
3052 37 20
3053 36 20
3054 5 0
3055 11 41
3056 6 41
3057 6 42
3058 11 42
3059 37 20
3060 5 1
3061 6 41
3062 11 41
3063 6 42
3064 5 0
3065 5 1
3066 11 42
3067 5 0
3068 21 4
3069 11 41
3070 6 41
3071 6 42
3072 6 41
3073 36 20
3074 11 42
3075 37 20
3076 5 1
3077 36 20
3078 6 42
3079 21 3
3080 5 0
3081 21 4
3082 11 41
3083 37 20
3084 21 3
3085 36 20
3086 11 42
3087 6 41
3088 37 20
3089 6 42
3090 11 41
3091 11 42
3092 21 4
3093 11 41
3094 21 3
3095 5 1
3096 5 0
3097 36 20
3098 11 42
3099 21 4
3100 6 41
3101 37 20
3102 5 1
3103 6 42
3104 21 3
3105 21 4
3106 21 3
3107 6 41
3108 11 41
3109 11 42
3110 11 41
3111 36 20
3112 5 0
3113 6 42
3114 37 20
3115 21 4
3116 11 42
3117 21 3
3118 36 20
3119 37 20
3120 11 41
3121 11 42
3122 36 20
3123 37 20
3124 21 4
3125 6 41
3126 5 1
3127 36 20
3128 5 0
3129 6 42
3130 11 41
3131 11 42
3132 6 41
3133 6 42
3134 21 3
3135 11 41
3136 5 1
3137 37 20
3138 11 42
3139 5 0
3140 36 20
3141 6 41
3142 5 1
3143 5 0
3144 5 1
3145 37 20
3146 5 0
3147 6 42
3148 11 41
3149 36 20
3150 6 41
3151 37 20
3152 5 1
3153 6 42
3154 5 0
3155 5 1
3156 5 0
3157 11 42
3158 36 20
3159 11 41
3160 5 1
3161 5 0
3162 11 42
3163 37 20
3164 36 20
3165 37 20
3166 6 41
3167 6 42
3168 6 41
3169 5 1
3170 11 41
3171 21 4
3172 6 42
3173 21 3
3174 21 4
3175 11 42
3176 5 0
3177 6 41
3178 36 20
3179 6 42
3180 5 1
3181 5 0
3182 5 1
3183 37 20
3184 5 0
3185 21 3
3186 36 20
3187 6 41
3188 21 4
3189 37 20
3190 21 3
3191 11 41
3192 21 4
3193 6 42
3194 5 1
3195 11 42
3196 6 41
3197 21 3
3198 36 20
3199 6 42
3200 37 20
3201 5 0
3202 6 41
3203 11 41
3204 5 1
3205 6 42
3206 11 42
3207 36 20
3208 6 41
3209 21 4
3210 6 42
3211 37 20
3212 5 0
3213 21 3
3214 36 20
3215 6 41
3216 37 20
3217 5 1
3218 21 4
3219 5 0
3220 21 3
3221 11 41
3222 11 42
3223 21 4
3224 36 20
3225 21 3
3226 21 4
3227 21 3
3228 5 1
3229 5 0
3230 5 1
3231 11 41
3232 5 0
3233 21 4
3234 37 20
3235 5 1
3236 36 20
3237 11 42
3238 11 41
3239 5 0
3240 21 3
3241 6 42
3242 5 1
3243 5 0
3244 5 1
3245 37 20
3246 36 20
3247 37 20
3248 36 20
3249 11 42
3250 6 41
3251 6 42
3252 6 41
3253 11 41
3254 21 4
3255 6 42
3256 5 0
3257 21 3
3258 21 4
3259 21 3
3260 5 1
3261 21 4
3262 21 3
3263 37 20
3264 11 42
3265 5 0
3266 11 41
3267 5 1
3268 36 20
3269 21 4
3270 6 41
3271 11 42
3272 21 3
3273 11 41
3274 6 42
3275 37 20
3276 21 4
3277 21 3
3278 36 20
3279 5 0
3280 37 20
3281 5 1
3282 5 0
3283 5 1
3284 36 20
3285 37 20
3286 6 41
3287 11 42
3288 6 42
3289 6 41
3290 11 41
3291 36 20
3292 6 42
3293 11 42
3294 11 41
3295 5 0
3296 11 42
3297 5 1
3298 5 0
3299 6 41
3300 21 4
3301 37 20
3302 21 3
3303 36 20
3304 21 4
3305 21 3
3306 11 41
3307 21 4
3308 21 3
3309 21 4
3310 6 42
3311 6 41
3312 6 42
3313 37 20
3314 5 1
3315 36 20
3316 21 3
3317 21 4
3318 21 3
3319 11 42
3320 5 0
3321 37 20
3322 6 41
3323 21 4
3324 11 41
3325 11 42
3326 6 42
3327 11 41
3328 21 3
3329 11 42
3330 36 20
3331 21 4
3332 11 41
3333 37 20
3334 6 41
3335 6 42
3336 6 41
3337 6 42
3338 6 41
3339 11 42
3340 21 3
3341 21 4
3342 6 42
3343 11 41
3344 6 41
3345 21 3
3346 36 20
3347 37 20
3348 36 20
3349 6 42
3350 37 20
3351 36 20
3352 6 41
3353 11 42
3354 6 42
3355 21 4
3356 21 3
3357 6 41
3358 6 42
3359 21 4
3360 6 41
3361 37 20
3362 6 42
3363 11 41
3364 5 1
3365 5 0
3366 11 42
3367 5 1
3368 5 0
3369 6 41
3370 11 41
3371 6 42
3372 11 42
3373 5 1
3374 21 3
3375 36 20
3376 21 4
3377 37 20
3378 11 41
3379 21 3
3380 11 42
3381 21 4
3382 6 41
3383 5 0
3384 36 20
3385 37 20
3386 6 42
3387 36 20
3388 11 41
3389 11 42
3390 11 41
3391 21 3
3392 37 20
3393 5 1
3394 11 42
3395 21 4
3396 11 41
3397 6 41
3398 6 42
3399 5 0
3400 6 41
3401 11 42
3402 5 1
3403 36 20
3404 6 42
3405 21 3
3406 21 4
3407 21 3
3408 21 4
3409 11 41
3410 21 3
3411 37 20
3412 21 4
3413 21 3
3414 36 20
3415 37 20
3416 5 0
3417 6 41
3418 36 20
3419 37 20
3420 11 42
3421 6 42
3422 36 20
3423 6 41
3424 5 1
3425 11 41
3426 5 0
3427 6 42
3428 37 20
3429 5 1
3430 5 0
3431 6 41
3432 6 42
3433 21 4
3434 5 1
3435 6 41
3436 36 20
3437 6 42
3438 37 20
3439 5 0
3440 6 41
3441 36 20
3442 11 42
3443 11 41
3444 6 42
3445 11 42
3446 11 41
3447 37 20
3448 21 3
3449 5 1
3450 6 41
3451 36 20
3452 11 42
3453 6 42
3454 11 41
3455 21 4
3456 37 20
3457 5 0
3458 36 20
3459 37 20
3460 21 3
3461 5 1
3462 5 0
3463 11 42
3464 11 41
3465 21 4
3466 36 20
3467 11 42
3468 21 3
3469 5 1
3470 21 4
3471 37 20
3472 6 41
3473 5 0
3474 11 41
3475 36 20
3476 37 20
3477 21 3
3478 11 42
3479 36 20
3480 11 41
3481 37 20
3482 6 42
3483 36 20
3484 37 20
3485 11 42
3486 11 41
3487 21 4
3488 36 20
3489 5 1
3490 11 42
3491 11 41
3492 5 0
3493 11 42
3494 6 41
3495 37 20
3496 5 1
3497 6 42
3498 5 0
3499 36 20
3500 21 3
3501 5 1
3502 21 4
3503 21 3
3504 37 20
3505 5 0
3506 5 1
3507 21 4
3508 21 3
3509 6 41
3510 6 42
3511 21 4
3512 6 41
3513 5 0
3514 6 42
3515 36 20
3516 5 1
3517 5 0
3518 37 20
3519 11 41
3520 6 41
3521 5 1
3522 6 42
3523 36 20
3524 37 20
3525 36 20
3526 6 41
3527 11 42
3528 11 41
3529 37 20
3530 21 3
3531 6 42
3532 11 42
3533 5 0
3534 36 20
3535 11 41
3536 21 4
3537 21 3
3538 37 20
3539 36 20
3540 21 4
3541 11 42
3542 21 3
3543 37 20
3544 5 1
3545 21 4
3546 5 0
3547 36 20
3548 6 41
3549 37 20
3550 11 41
3551 6 42
3552 6 41
3553 11 42
3554 5 1
3555 21 3
3556 36 20
3557 5 0
3558 11 41
3559 11 42
3560 11 41
3561 21 4
3562 21 3
3563 6 42
3564 6 41
3565 5 1
3566 5 0
3567 11 42
3568 21 4
3569 5 1
3570 5 0
3571 21 3
3572 11 41
3573 6 42
3574 21 4
3575 6 41
3576 37 20
3577 5 1
3578 6 42
3579 21 3
3580 21 4
3581 5 0
3582 36 20
3583 37 20
3584 21 3
3585 21 4
3586 21 3
3587 6 41
3588 5 1
3589 6 42
3590 5 0
3591 5 1
3592 36 20
3593 37 20
3594 21 4
3595 5 0
3596 21 3
3597 5 1
3598 6 41
3599 6 42
3600 36 20
3601 37 20
3602 5 0
3603 11 42
3604 11 41
3605 36 20
3606 11 42
3607 21 4
3608 5 1
3609 37 20
3610 11 41
3611 5 0
3612 36 20
3613 37 20
3614 6 41
3615 6 42
3616 11 42
3617 36 20
3618 6 41
3619 21 3
3620 5 1
3621 37 20
3622 5 0
3623 11 41
3624 11 42
3625 5 1
3626 21 4
3627 36 20
3628 37 20
3629 21 3
3630 21 4
3631 21 3
3632 36 20
3633 11 41
3634 21 4
3635 6 42
3636 37 20
3637 36 20
3638 6 41
3639 21 3
3640 11 42
3641 6 42
3642 5 0
3643 5 1
3644 6 41
3645 21 4
3646 37 20
3647 5 0
3648 5 1
3649 21 3
3650 5 0
3651 36 20
3652 5 1
3653 21 4
3654 5 0
3655 37 20
3656 21 3
3657 21 4
3658 11 41
3659 21 3
3660 6 42
3661 11 42
3662 21 4
3663 21 3
3664 6 41
3665 11 41
3666 21 4
3667 5 1
3668 5 0
3669 21 3
3670 11 42
3671 11 41
3672 36 20
3673 6 42
3674 6 41
3675 6 42
3676 6 41
3677 5 1
3678 21 4
3679 6 42
3680 37 20
3681 11 42
3682 36 20
3683 11 41
3684 11 42
3685 5 0
3686 21 3
3687 5 1
3688 6 41
3689 5 0
3690 5 1
3691 6 42
3692 6 41
3693 21 4
3694 21 3
3695 37 20
3696 36 20
3697 5 0
3698 11 41
3699 21 4
3700 37 20
3701 5 1
3702 36 20
3703 37 20
3704 36 20
3705 6 42
3706 6 41
3707 6 42
3708 21 3
3709 21 4
3710 11 42
3711 11 41
3712 21 3
3713 5 0
3714 11 42
3715 37 20
3716 21 4
3717 36 20
3718 37 20
3719 21 3
3720 21 4
3721 5 1
3722 36 20
3723 37 20
3724 5 0
3725 36 20
3726 37 20
3727 21 3
3728 21 4
3729 11 41
3730 6 41
3731 11 42
3732 36 20
3733 21 3
3734 37 20
3735 5 1
3736 11 41
3737 36 20
3738 11 42
3739 21 4
3740 5 0
3741 6 42
3742 21 3
3743 11 41
3744 21 4
3745 6 41
3746 6 42
3747 6 41
3748 11 42
3749 21 3
3750 21 4
3751 21 3
3752 21 4
3753 6 42
3754 6 41
3755 5 1
3756 5 0
3757 5 1
3758 37 20
3759 21 3
3760 36 20
3761 21 4
3762 21 3
3763 21 4
3764 11 41
3765 6 42
3766 21 3
3767 11 42
3768 11 41
3769 6 41
3770 21 4
3771 6 42
3772 37 20
3773 36 20
3774 11 42
3775 37 20
3776 36 20
3777 37 20
3778 36 20
3779 11 41
3780 37 20
3781 21 3
3782 11 42
3783 36 20
3784 37 20
3785 6 41
3786 36 20
3787 21 4
3788 6 42
3789 11 41
3790 11 42
3791 37 20
3792 21 3
3793 5 0
3794 5 1
3795 21 4
3796 11 41
3797 11 42
3798 6 41
3799 21 3
3800 21 4
3801 21 3
3802 6 42
3803 5 0
3804 36 20
3805 6 41
3806 6 42
3807 6 41
3808 6 42
3809 21 4
3810 6 41
3811 6 42
3812 37 20
3813 6 41
3814 21 3
3815 21 4
3816 21 3
3817 11 41
3818 6 42
3819 5 1
3820 6 41
3821 11 42
3822 6 42
3823 5 0
3824 11 41
3825 5 1
3826 21 4
3827 11 42
3828 36 20
3829 6 41
3830 11 41
3831 5 0
3832 11 42
3833 5 1
3834 37 20
3835 36 20
3836 21 3
3837 6 42
3838 37 20
3839 21 4
3840 21 3
3841 11 41
3842 36 20
3843 6 41
3844 21 4
3845 21 3
3846 5 0
3847 11 42
3848 37 20
3849 6 42
3850 11 41
3851 21 4
3852 6 41
3853 21 3
3854 5 1
3855 5 0
3856 6 42
3857 6 41
3858 5 1
3859 36 20
3860 37 20
3861 6 42
3862 6 41
3863 6 42
3864 5 0
3865 11 42
3866 6 41
3867 6 42
3868 5 1
3869 11 41
3870 11 42
3871 5 0
3872 36 20
3873 37 20
3874 5 1
3875 11 41
3876 36 20
3877 5 0
3878 6 41
3879 5 1
3880 6 42
3881 5 0
3882 11 42
3883 5 1
3884 6 41
3885 21 4
3886 37 20
3887 36 20
3888 5 0
3889 21 3
3890 37 20
3891 5 1
3892 11 41
3893 21 4
3894 11 42
3895 36 20
3896 6 42
3897 37 20
3898 5 0
3899 36 20
3900 6 41
3901 11 41
3902 5 1
3903 21 3
3904 11 42
3905 37 20
3906 11 41
3907 5 0
3908 36 20
3909 5 1
3910 37 20
3911 36 20
3912 5 0
3913 5 1
3914 5 0
3915 37 20
3916 11 42
3917 5 1
3918 21 4
3919 11 41
3920 36 20
3921 37 20
3922 21 3
3923 6 42
3924 36 20
3925 37 20
3926 21 4
3927 36 20
3928 21 3
3929 21 4
3930 21 3
3931 6 41
3932 6 42
3933 11 42
3934 5 0
3935 21 4
3936 5 1
3937 11 41
3938 6 41
3939 11 42
3940 6 42
3941 6 41
3942 5 0
3943 6 42
3944 6 41
3945 5 1
3946 11 41
3947 37 20
3948 11 42
3949 6 42
3950 11 41
3951 5 0
3952 11 42
3953 5 1
3954 21 3
3955 11 41
3956 5 0
3957 5 1
3958 5 0
3959 21 4
3960 6 41
3961 36 20
3962 6 42
3963 37 20
3964 6 41
3965 11 42
3966 21 3
3967 5 1
3968 6 42
3969 11 41
3970 36 20
3971 21 4
3972 11 42
3973 6 41
3974 5 0
3975 37 20
3976 21 3
3977 21 4
3978 21 3
3979 36 20
3980 6 42
3981 6 41
3982 5 1
3983 37 20
3984 5 0
3985 6 42
3986 5 1
3987 6 41
3988 36 20
3989 37 20
3990 36 20
3991 21 4
3992 11 41
3993 5 0
3994 6 42
3995 37 20
3996 6 41
3997 6 42
3998 36 20
3999 37 20
4000 6 41
4001 11 42
4002 6 42
4003 6 41
4004 6 42
4005 6 41
4006 21 3
4007 11 41
4008 6 42
4009 36 20
4010 37 20
4011 5 1
4012 11 42
4013 5 0
4014 6 41
4015 6 42
4016 36 20
4017 11 41
4018 21 4
4019 37 20
4020 21 3
4021 5 1
4022 6 41
4023 6 42
4024 5 0
4025 5 1
4026 11 42
4027 6 41
4028 5 0
4029 5 1
4030 21 4
4031 21 3
4032 5 0
4033 5 1
4034 11 41
4035 6 42
4036 36 20
4037 11 42
4038 5 0
4039 21 4
4040 37 20
4041 5 1
4042 6 41
4043 6 42
4044 36 20
4045 11 41
4046 37 20
4047 6 41
4048 6 42
4049 5 0
4050 5 1
4051 6 41
4052 11 42
4053 21 3
4054 36 20
4055 11 41
4056 6 42
4057 11 42
4058 21 4
4059 21 3
4060 11 41
4061 21 4
4062 37 20
4063 5 0
4064 21 3
4065 36 20
4066 11 42
4067 37 20
4068 11 41
4069 11 42
4070 36 20
4071 11 41
4072 21 4
4073 5 1
4074 21 3
4075 37 20
4076 36 20
4077 5 0
4078 37 20
4079 11 42
4080 6 41
4081 21 4
4082 36 20
4083 21 3
4084 5 1
4085 5 0
4086 21 4
4087 21 3
4088 21 4
4089 6 42
4090 37 20
4091 6 41
4092 11 41
4093 36 20
4094 6 42
4095 11 42
4096 11 41
4097 11 42
4098 21 3
4099 11 41
4100 11 42
4101 5 1
4102 11 41
4103 11 42
4104 11 41
4105 5 0
4106 11 42
4107 6 41
4108 11 41
4109 21 4
4110 11 42
4111 11 41
4112 5 1
4113 37 20
4114 11 42
4115 6 42
4116 5 0
4117 21 3
4118 36 20
4119 11 41
4120 21 4
4121 21 3
4122 37 20
4123 21 4
4124 36 20
4125 21 3
4126 37 20
4127 6 41
4128 21 4
4129 6 42
4130 36 20
4131 6 41
4132 6 42
4133 21 3
4134 21 4
4135 11 42
4136 5 1
4137 5 0
4138 37 20
4139 11 41
4140 36 20
4141 5 1
4142 21 3
4143 5 0
4144 5 1
4145 6 41
4146 21 4
4147 5 0
4148 5 1
4149 21 3
4150 5 0
4151 11 42
4152 6 42
4153 37 20
4154 5 1
4155 5 0
4156 11 41
4157 6 41
4158 5 1
4159 21 4
4160 36 20
4161 21 3
4162 5 0
4163 21 4
4164 21 3
4165 21 4
4166 5 1
4167 6 42
4168 5 0
4169 11 42
4170 37 20
4171 6 41
4172 6 42
4173 11 41
4174 11 42
4175 21 3
4176 36 20
4177 5 1
4178 5 0
4179 11 41
4180 11 42
4181 5 1
4182 5 0
4183 21 4
4184 5 1
4185 11 41
4186 21 3
4187 21 4
4188 37 20
4189 36 20
4190 5 0
4191 11 42
4192 5 1
4193 5 0
4194 37 20
4195 5 1
4196 5 0
4197 6 41
4198 6 42
4199 11 41
4200 11 42
4201 21 3
4202 6 41
4203 6 42
4204 5 1
4205 21 4
4206 6 41
4207 11 41
4208 11 42
4209 5 0
4210 11 41
4211 6 42
4212 5 1
4213 36 20
4214 37 20
4215 36 20
4216 6 41
4217 6 42
4218 11 42
4219 21 3
4220 37 20
4221 5 0
4222 36 20
4223 37 20
4224 36 20
4225 37 20
4226 5 1
4227 6 41
4228 21 4
4229 21 3
4230 5 0
4231 11 41
4232 21 4
4233 11 42
4234 6 42
4235 11 41
4236 5 1
4237 21 3
4238 5 0
4239 36 20
4240 6 41
4241 11 42
4242 21 4
4243 11 41
4244 5 1
4245 6 42
4246 6 41
4247 11 42
4248 11 41
4249 11 42
4250 5 0
4251 5 1
4252 5 0
4253 37 20
4254 36 20
4255 11 41
4256 37 20
4257 36 20
4258 37 20
4259 6 42
4260 5 1
4261 6 41
4262 36 20
4263 37 20
4264 21 3
4265 21 4
4266 5 0
4267 36 20
4268 11 42
4269 21 3
4270 6 42
4271 21 4
4272 37 20
4273 6 41
4274 21 3
4275 6 42
4276 11 41
4277 11 42
4278 11 41
4279 36 20
4280 21 4
4281 37 20
4282 36 20
4283 11 42
4284 5 1
4285 21 3
4286 5 0
4287 6 41
4288 21 4
4289 21 3
4290 6 42
4291 5 1
4292 21 4
4293 11 41
4294 5 0
4295 5 1
4296 21 3
4297 21 4
4298 21 3
4299 6 41
4300 5 0
4301 21 4
4302 21 3
4303 6 42
4304 21 4
4305 5 1
4306 11 42
4307 37 20
4308 5 0
4309 11 41
4310 5 1
4311 6 41
4312 6 42
4313 11 42
4314 5 0
4315 6 41
4316 36 20
4317 37 20
4318 5 1
4319 21 3
4320 6 42
4321 5 0
4322 36 20
4323 37 20
4324 21 4
4325 5 1
4326 36 20
4327 11 41
4328 5 0
4329 5 1
4330 11 42
4331 37 20
4332 6 41
4333 6 42
4334 6 41
4335 21 3
4336 5 0
4337 11 41
4338 11 42
4339 36 20
4340 6 42
4341 37 20
4342 21 4
4343 21 3
4344 6 41
4345 36 20
4346 37 20
4347 5 1
4348 21 4
4349 36 20
4350 21 3
4351 21 4
4352 5 0
4353 37 20
4354 5 1
4355 36 20
4356 11 41
4357 6 42
4358 21 3
4359 37 20
4360 36 20
4361 6 41
4362 21 4
4363 37 20
4364 36 20
4365 6 42
4366 11 42
4367 11 41
4368 6 41
4369 11 42
4370 11 41
4371 21 3
4372 21 4
4373 11 42
4374 6 42
4375 5 0
4376 5 1
4377 37 20
4378 11 41
4379 21 3
4380 36 20
4381 5 0
4382 5 1
4383 37 20
4384 36 20
4385 21 4
4386 21 3
4387 37 20
4388 21 4
4389 5 0
4390 5 1
4391 6 41
4392 5 0
4393 21 3
4394 11 42
4395 6 42
4396 36 20
4397 37 20
4398 6 41
4399 36 20
4400 6 42
4401 5 1
4402 11 41
4403 5 0
4404 5 1
4405 11 42
4406 11 41
4407 5 0
4408 37 20
4409 11 42
4410 11 41
4411 5 1
4412 6 41
4413 5 0
4414 11 42
4415 36 20
4416 5 1
4417 11 41
4418 6 42
4419 21 4
4420 21 3
4421 5 0
4422 6 41
4423 6 42
4424 6 41
4425 21 4
4426 21 3
4427 37 20
4428 21 4
4429 5 1
4430 11 42
4431 21 3
4432 11 41
4433 6 42
4434 5 0
4435 21 4
4436 11 42
4437 6 41
4438 5 1
4439 21 3
4440 11 41
4441 11 42
4442 6 42
4443 36 20
4444 6 41
4445 37 20
4446 21 4
4447 36 20
4448 11 41
4449 5 0
4450 11 42
4451 11 41
4452 5 1
4453 11 42
4454 5 0
4455 11 41
4456 5 1
4457 21 3
4458 6 42
4459 21 4
4460 21 3
4461 5 0
4462 5 1
4463 6 41
4464 5 0
4465 37 20
4466 5 1
4467 5 0
4468 6 42
4469 21 4
4470 5 1
4471 21 3
4472 36 20
4473 11 42
4474 21 4
4475 37 20
4476 21 3
4477 11 41
4478 6 41
4479 11 42
4480 11 41
4481 36 20
4482 21 4
4483 37 20
4484 11 42
4485 21 3
4486 36 20
4487 6 42
4488 6 41
4489 21 4
4490 11 41
4491 5 0
4492 6 42
4493 11 42
4494 21 3
4495 37 20
4496 11 41
4497 11 42
4498 36 20
4499 5 1
4500 21 4
4501 21 3
4502 21 4
4503 6 41
4504 37 20
4505 5 0
4506 6 42
4507 36 20
4508 37 20
4509 11 41
4510 6 41
4511 6 42
4512 21 3
4513 5 1
4514 5 0
4515 21 4
4516 6 41
4517 11 42
4518 6 42
4519 11 41
4520 6 41
4521 36 20
4522 37 20
4523 6 42
4524 21 3
4525 21 4
4526 6 41
4527 11 42
4528 5 1
4529 36 20
4530 5 0
4531 11 41
4532 37 20
4533 11 42
4534 11 41
4535 11 42
4536 6 42
4537 21 3
4538 11 41
4539 11 42
4540 5 1
4541 21 4
4542 21 3
4543 5 0
4544 21 4
4545 6 41
4546 6 42
4547 36 20
4548 21 3
4549 21 4
4550 37 20
4551 6 41
4552 36 20
4553 37 20
4554 36 20
4555 37 20
4556 11 41
4557 21 3
4558 21 4
4559 36 20
4560 6 42
4561 6 41
4562 21 3
4563 21 4
4564 11 42
4565 37 20
4566 21 3
4567 11 41
4568 21 4
4569 36 20
4570 11 42
4571 5 1
4572 5 0
4573 11 41
4574 6 42
4575 21 3
4576 6 41
4577 11 42
4578 21 4
4579 6 42
4580 5 1
4581 11 41
4582 11 42
4583 21 3
4584 5 0
4585 5 1
4586 11 41
4587 5 0
4588 6 41
4589 5 1
4590 11 42
4591 5 0
4592 6 42
4593 6 41
4594 21 4
4595 21 3
4596 21 4
4597 6 42
4598 21 3
4599 6 41
4600 21 4
4601 11 41
4602 6 42
4603 11 42
4604 6 41
4605 21 3
4606 37 20
4607 36 20
4608 11 41
4609 11 42
4610 11 41
4611 21 4
4612 5 1
4613 21 3
4614 11 42
4615 5 0
4616 6 42
4617 5 1
4618 6 41
4619 6 42
4620 21 4
4621 11 41
4622 21 3
4623 5 0
4624 37 20
4625 21 4
4626 21 3
4627 36 20
4628 21 4
4629 5 1
4630 11 42
4631 11 41
4632 5 0
4633 11 42
4634 37 20
4635 36 20
4636 11 41
4637 5 1
4638 5 0
4639 21 3
4640 11 42
4641 37 20
4642 11 41
4643 11 42
4644 21 4
4645 21 3
4646 11 41
4647 5 1
4648 21 4
4649 36 20
4650 5 0
4651 37 20
4652 21 3
4653 6 41
4654 6 42
4655 36 20
4656 21 4
4657 11 42
4658 5 1
4659 37 20
4660 6 41
4661 5 0
4662 11 41
4663 11 42
4664 11 41
4665 5 1
4666 21 3
4667 5 0
4668 21 4
4669 36 20
4670 11 42
4671 11 41
4672 21 3
4673 37 20
4674 36 20
4675 37 20
4676 11 42
4677 6 42
4678 21 4
4679 5 1
4680 6 41
4681 21 3
4682 36 20
4683 11 41
4684 6 42
4685 37 20
4686 11 42
4687 6 41
4688 21 4
4689 5 0
4690 36 20
4691 37 20
4692 11 41
4693 36 20
4694 11 42
4695 11 41
4696 37 20
4697 21 3
4698 5 1
4699 5 0
4700 21 4
4701 5 1
4702 21 3
4703 5 0
4704 5 1
4705 11 42
4706 5 0
4707 21 4
4708 21 3
4709 6 42
4710 5 1
4711 5 0
4712 36 20
4713 6 41
4714 37 20
4715 36 20
4716 5 1
4717 5 0
4718 6 42
4719 21 4
4720 21 3
4721 21 4
4722 37 20
4723 5 1
4724 6 41
4725 5 0
4726 6 42
4727 11 41
4728 21 3
4729 21 4
4730 6 41
4731 21 3
4732 6 42
4733 6 41
4734 6 42
4735 11 42
4736 5 1
4737 5 0
4738 5 1
4739 21 4
4740 11 41
4741 36 20
4742 6 41
4743 11 42
4744 37 20
4745 36 20
4746 11 41
4747 37 20
4748 36 20
4749 21 3
4750 5 0
4751 21 4
4752 5 1
4753 6 42
4754 37 20
4755 5 0
4756 36 20
4757 37 20
4758 6 41
4759 21 3
4760 6 42
4761 21 4
4762 11 42
4763 11 41
4764 11 42
4765 5 1
4766 11 41
4767 6 41
4768 11 42
4769 36 20
4770 6 42
4771 5 0
4772 6 41
4773 6 42
4774 6 41
4775 6 42
4776 6 41
4777 5 1
4778 5 0
4779 6 42
4780 6 41
4781 11 41
4782 21 3
4783 37 20
4784 11 42
4785 11 41
4786 36 20
4787 21 4
4788 11 42
4789 6 42
4790 6 41
4791 21 3
4792 21 4
4793 21 3
4794 6 42
4795 5 1
4796 5 0
4797 21 4
4798 5 1
4799 6 41
4800 5 0
4801 6 42
4802 11 41
4803 6 41
4804 5 1
4805 21 3
4806 11 42
4807 6 42
4808 37 20
4809 21 4
4810 21 3
4811 5 0
4812 36 20
4813 21 4
4814 37 20
4815 6 41
4816 6 42
4817 21 3
4818 5 1
4819 11 41
4820 21 4
4821 6 41
4822 11 42
4823 11 41
4824 5 0
4825 36 20
4826 37 20
4827 6 42
4828 5 1
4829 5 0
4830 11 42
4831 5 1
4832 6 41
4833 21 3
4834 6 42
4835 11 41
4836 11 42
4837 21 4
4838 11 41
4839 36 20
4840 5 0
4841 6 41
4842 5 1
4843 11 42
4844 37 20
4845 6 42
4846 11 41
4847 21 3
4848 11 42
4849 11 41
4850 11 42
4851 5 0
4852 11 41
4853 11 42
4854 36 20
4855 6 41
4856 5 1
4857 37 20
4858 6 42
4859 36 20
4860 6 41
4861 6 42
4862 5 0
4863 21 4
4864 6 41
4865 37 20
4866 36 20
4867 6 42
4868 5 1
4869 37 20
4870 36 20
4871 5 0
4872 11 41
4873 21 3
4874 6 41
4875 5 1
4876 37 20
4877 5 0
4878 6 42
4879 36 20
4880 6 41
4881 6 42
4882 6 41
4883 37 20
4884 36 20
4885 11 42
4886 21 4
4887 37 20
4888 21 3
4889 6 42
4890 11 41
4891 5 1
4892 21 4
4893 21 3
4894 36 20
4895 5 0
4896 6 41
4897 6 42
4898 6 41
4899 21 4
4900 37 20
4901 11 42
4902 6 42
4903 6 41
4904 21 3
4905 11 41
4906 5 1
4907 21 4
4908 6 42
4909 6 41
4910 6 42
4911 5 0
4912 21 3
4913 36 20
4914 6 41
4915 11 42
4916 37 20
4917 6 42
4918 6 41
4919 11 41
4920 6 42
4921 6 41
4922 5 1
4923 5 0
4924 21 4
4925 11 42
4926 36 20
4927 6 42
4928 37 20
4929 5 1
4930 36 20
4931 6 41
4932 37 20
4933 21 3
4934 21 4
4935 6 42
4936 21 3
4937 6 41
4938 11 41
4939 21 4
4940 5 0
4941 11 42
4942 5 1
4943 11 41
4944 11 42
4945 6 42
4946 11 41
4947 6 41
4948 21 3
4949 11 42
4950 21 4
4951 21 3
4952 36 20
4953 11 41
4954 21 4
4955 37 20
4956 6 42
4957 21 3
4958 36 20
4959 37 20
4960 6 41
4961 11 42
4962 6 42
4963 6 41
4964 36 20
4965 6 42
4966 5 0
4967 5 1
4968 5 0
4969 5 1
4970 37 20
4971 21 4
4972 6 41
4973 21 3
4974 11 41
4975 36 20
4976 11 42
4977 21 4
4978 21 3
4979 6 42
4980 37 20
4981 6 41
4982 11 41
4983 5 0
4984 11 42
4985 5 1
4986 6 42
4987 36 20
4988 6 41
4989 21 4
4990 5 0
4991 11 41
4992 21 3
4993 5 1
4994 6 42
4995 6 41
4996 5 0
4997 11 42
4998 21 4
4999 37 20
5000 5 1
5001 21 3
5002 11 41
5003 36 20
5004 21 4
5005 6 42
5006 11 42
5007 5 0
5008 5 1
5009 21 3
5010 6 41
5011 5 0
5012 21 4
5013 6 42
5014 21 3
5015 5 1
5016 37 20
5017 36 20
5018 21 4
5019 37 20
5020 5 0
5021 6 41
5022 6 42
5023 36 20
5024 11 41
5025 6 41
5026 5 1
5027 21 3
5028 21 4
5029 11 42
5030 5 0
5031 11 41
5032 11 42
5033 5 1
5034 11 41
5035 11 42
5036 6 42
5037 37 20
5038 11 41
5039 21 3
5040 11 42
5041 6 41
5042 6 42
5043 21 4
5044 11 41
5045 11 42
5046 5 0
5047 21 3
5048 21 4
5049 36 20
5050 11 41
5051 21 3
5052 21 4
5053 11 42
5054 11 41
5055 37 20
5056 11 42
5057 36 20
5058 5 1
5059 21 3
5060 5 0
5061 6 41
5062 5 1
5063 21 4
5064 37 20
5065 21 3
5066 11 41
5067 36 20
5068 5 0
5069 37 20
5070 11 42
5071 5 1
5072 11 41
5073 5 0
5074 36 20
5075 21 4
5076 5 1
5077 11 42
5078 37 20
5079 36 20
5080 5 0
5081 5 1
5082 21 3
5083 37 20
5084 21 4
5085 36 20
5086 6 42
5087 37 20
5088 6 41
5089 36 20
5090 5 0
5091 6 42
5092 37 20
5093 6 41
5094 21 3
5095 36 20
5096 11 41
5097 37 20
5098 21 4
5099 21 3
5100 5 1
5101 5 0
5102 11 42
5103 21 4
5104 11 41
5105 5 1
5106 21 3
5107 36 20
5108 37 20
5109 36 20
5110 11 42
5111 37 20
5112 5 0
5113 21 4
5114 5 1
5115 11 41
5116 36 20
5117 21 3
5118 6 42
5119 21 4
5120 5 0
5121 5 1
5122 6 41
5123 5 0
5124 6 42
5125 6 41
5126 37 20
5127 6 42
5128 11 42
5129 6 41
5130 21 3
5131 21 4
5132 11 41
5133 36 20
5134 11 42
5135 6 42
5136 21 3
5137 11 41
5138 37 20
5139 5 1
5140 6 41
5141 11 42
5142 36 20
5143 21 4
5144 11 41
5145 37 20
5146 11 42
5147 21 3
5148 5 0
5149 36 20
5150 5 1
5151 37 20
5152 36 20
5153 11 41
5154 5 0
5155 37 20
5156 11 42
5157 21 4
5158 6 42
5159 11 41
5160 36 20
5161 21 3
5162 37 20
5163 36 20
5164 5 1
5165 5 0
5166 21 4
5167 21 3
5168 11 42
5169 6 41
5170 6 42
5171 5 1
5172 6 41
5173 11 41
5174 37 20
5175 21 4
5176 11 42
5177 5 0
5178 6 42
5179 36 20
5180 6 41
5181 37 20
5182 5 1
5183 5 0
5184 6 42
5185 6 41
5186 21 3
5187 6 42
5188 5 1
5189 5 0
5190 5 1
5191 5 0
5192 11 41
5193 5 1
5194 36 20
5195 5 0
5196 6 41
5197 37 20
5198 36 20
5199 37 20
5200 36 20
5201 37 20
5202 5 1
5203 36 20
5204 6 42
5205 5 0
5206 37 20
5207 36 20
5208 11 42
5209 21 4
5210 6 41
5211 5 1
5212 11 41
5213 21 3
5214 5 0
5215 37 20
5216 5 1
5217 11 42
5218 36 20
5219 5 0
5220 37 20
5221 11 41
5222 21 4
5223 21 3
5224 5 1
5225 21 4
5226 36 20
5227 11 42
5228 37 20
5229 11 41
5230 11 42
5231 21 3
5232 6 42
5233 21 4
5234 6 41
5235 36 20
5236 5 0
5237 37 20
5238 21 3
5239 5 1
5240 6 42
5241 5 0
5242 11 41
5243 36 20
5244 6 41
5245 5 1
5246 21 4
5247 37 20
5248 5 0
5249 36 20
5250 37 20
5251 6 42
5252 21 3
5253 21 4
5254 6 41
5255 5 1
5256 6 42
5257 11 42
5258 36 20
5259 21 3
5260 11 41
5261 21 4
5262 5 0
5263 21 3
5264 5 1
5265 37 20
5266 36 20
5267 11 42
5268 11 41
5269 5 0
5270 37 20
5271 6 41
5272 6 42
5273 36 20
5274 6 41
5275 5 1
5276 5 0
5277 5 1
5278 5 0
5279 21 4
5280 21 3
5281 6 42
5282 11 42
5283 5 1
5284 5 0
5285 21 4
5286 6 41
5287 37 20
5288 36 20
5289 37 20
5290 11 41
5291 21 3
5292 11 42
5293 11 41
5294 21 4
5295 11 42
5296 11 41
5297 11 42
5298 36 20
5299 21 3
5300 37 20
5301 36 20
5302 11 41
5303 21 4
5304 6 42
5305 21 3
5306 11 42
5307 5 1
5308 11 41
5309 6 41
5310 37 20
5311 21 4
5312 11 42
5313 6 42
5314 5 0
5315 6 41
5316 11 41
5317 11 42
5318 36 20
5319 21 3
5320 6 42
5321 37 20
5322 11 41
5323 6 41
5324 21 4
5325 21 3
5326 36 20
5327 21 4
5328 11 42
5329 6 42
5330 21 3
5331 5 1
5332 21 4
5333 37 20
5334 6 41
5335 5 0
5336 36 20
5337 5 1
5338 6 42
5339 37 20
5340 21 3
5341 5 0
5342 36 20
5343 5 1
5344 21 4
5345 6 41
5346 21 3
5347 21 4
5348 6 42
5349 5 0
5350 5 1
5351 6 41
5352 37 20
5353 36 20
5354 11 41
5355 5 0
5356 21 3
5357 21 4
5358 11 42
5359 6 42
5360 37 20
5361 21 3
5362 36 20
5363 11 41
5364 21 4
5365 5 1
5366 6 41
5367 37 20
5368 36 20
5369 11 42
5370 11 41
5371 37 20
5372 5 0
5373 11 42
5374 36 20
5375 37 20
5376 21 3
5377 36 20
5378 21 4
5379 37 20
5380 11 41
5381 11 42
5382 6 42
5383 21 3
5384 36 20
5385 6 41
5386 37 20
5387 6 42
5388 36 20
5389 6 41
5390 21 4
5391 37 20
5392 21 3
5393 21 4
5394 36 20
5395 5 1
5396 6 42
5397 6 41
5398 6 42
5399 37 20
5400 11 41
5401 5 0
5402 5 1
5403 6 41
5404 6 42
5405 36 20
5406 21 3
5407 5 0
5408 37 20
5409 11 42
5410 6 41
5411 11 41
5412 6 42
5413 21 4
5414 11 42
5415 21 3
5416 5 1
5417 21 4
5418 36 20
5419 11 41
5420 11 42
5421 6 41
5422 6 42
5423 5 0
5424 5 1
5425 11 41
5426 5 0
5427 5 1
5428 11 42
5429 21 3
5430 5 0
5431 11 41
5432 21 4
5433 5 1
5434 6 41
5435 37 20
5436 36 20
5437 5 0
5438 37 20
5439 11 42
5440 21 3
5441 36 20
5442 37 20
5443 11 41
5444 21 4
5445 21 3
5446 11 42
5447 6 42
5448 11 41
5449 6 41
5450 6 42
5451 36 20
5452 37 20
5453 21 4
5454 11 42
5455 21 3
5456 36 20
5457 6 41
5458 37 20
5459 36 20
5460 21 4
5461 11 41
5462 11 42
5463 21 3
5464 6 42
5465 6 41
5466 21 4
5467 21 3
5468 6 42
5469 6 41
5470 11 41
5471 37 20
5472 36 20
5473 5 1
5474 21 4
5475 21 3
5476 11 42
5477 5 0
5478 6 42
5479 5 1
5480 11 41
5481 6 41
5482 37 20
5483 11 42
5484 21 4
5485 5 0
5486 6 42
5487 21 3
5488 21 4
5489 6 41
5490 21 3
5491 36 20
5492 5 1
5493 37 20
5494 36 20
5495 37 20
5496 11 41
5497 11 42
5498 5 0
5499 36 20
5500 11 41
5501 11 42
5502 11 41
5503 21 4
5504 6 42
5505 21 3
5506 37 20
5507 6 41
5508 6 42
5509 11 42
5510 21 4
5511 5 1
5512 36 20
5513 6 41
5514 21 3
5515 6 42
5516 6 41
5517 21 4
5518 11 41
5519 5 0
5520 21 3
5521 21 4
5522 37 20
5523 6 42
5524 5 1
5525 36 20
5526 5 0
5527 6 41
5528 21 3
5529 11 42
5530 5 1
5531 37 20
5532 11 41
5533 5 0
5534 5 1
5535 21 4
5536 11 42
5537 5 0
5538 6 42
5539 6 41
5540 6 42
5541 5 1
5542 11 41
5543 6 41
5544 36 20
5545 21 3
5546 37 20
5547 21 4
5548 6 42
5549 6 41
5550 21 3
5551 11 42
5552 5 0
5553 36 20
5554 37 20
5555 6 42
5556 5 1
5557 5 0
5558 21 4
5559 5 1
5560 36 20
5561 5 0
5562 37 20
5563 6 41
5564 21 3
5565 36 20
5566 37 20
5567 21 4
5568 36 20
5569 21 3
5570 6 42
5571 21 4
5572 6 41
5573 6 42
5574 6 41
5575 11 41
5576 21 3
5577 6 42
5578 11 42
5579 37 20
5580 5 1
5581 21 4
5582 36 20
5583 11 41
5584 6 41
5585 11 42
5586 5 0
5587 11 41
5588 6 42
5589 5 1
5590 11 42
5591 5 0
5592 21 3
5593 11 41
5594 21 4
5595 6 41
5596 6 42
5597 6 41
5598 6 42
5599 11 42
5600 5 1
5601 37 20
5602 36 20
5603 6 41
5604 37 20
5605 36 20
5606 37 20
5607 5 0
5608 5 1
5609 5 0
5610 5 1
5611 11 41
5612 21 3
5613 36 20
5614 5 0
5615 37 20
5616 5 1
5617 5 0
5618 11 42
5619 6 42
5620 11 41
5621 21 4
5622 5 1
5623 21 3
5624 11 42
5625 5 0
5626 6 41
5627 5 1
5628 21 4
5629 36 20
5630 21 3
5631 11 41
5632 21 4
5633 5 0
5634 6 42
5635 6 41
5636 21 3
5637 37 20
5638 36 20
5639 6 42
5640 21 4
5641 21 3
5642 11 42
5643 5 1
5644 37 20
5645 21 4
5646 6 41
5647 21 3
5648 36 20
5649 37 20
5650 6 42
5651 5 0
5652 11 41
5653 5 1
5654 6 41
5655 21 4
5656 6 42
5657 11 42
5658 6 41
5659 5 0
5660 36 20
5661 11 41
5662 21 3
5663 11 42
5664 5 1
5665 6 42
5666 11 41
5667 37 20
5668 5 0
5669 5 1
5670 11 42
5671 11 41
5672 21 4
5673 11 42
5674 6 41
5675 5 0
5676 6 42
5677 36 20
5678 21 3
5679 6 41
5680 6 42
5681 11 41
5682 5 1
5683 5 0
5684 6 41
5685 6 42
5686 21 4
5687 6 41
5688 21 3
5689 5 1
5690 21 4
5691 5 0
5692 37 20
5693 36 20
5694 5 1
5695 21 3
5696 6 42
5697 11 42
5698 5 0
5699 37 20
5700 21 4
5701 5 1
5702 6 41
5703 5 0
5704 21 3
5705 36 20
5706 5 1
5707 11 41
5708 6 42
5709 21 4
5710 21 3
5711 11 42
5712 5 0
5713 37 20
5714 5 1
5715 21 4
5716 36 20
5717 21 3
5718 21 4
5719 21 3
5720 21 4
5721 37 20
5722 6 41
5723 11 41
5724 21 3
5725 11 42
5726 36 20
5727 11 41
5728 5 0
5729 21 4
5730 5 1
5731 21 3
5732 5 0
5733 5 1
5734 37 20
5735 36 20
5736 11 42
5737 5 0
5738 21 4
5739 5 1
5740 21 3
5741 5 0
5742 11 41
5743 37 20
5744 5 1
5745 11 42
5746 11 41
5747 21 4
5748 6 42
5749 36 20
5750 6 41
5751 37 20
5752 5 0
5753 6 42
5754 6 41
5755 5 1
5756 5 0
5757 11 42
5758 36 20
5759 6 42
5760 5 1
5761 11 41
5762 37 20
5763 36 20
5764 21 3
5765 21 4
5766 11 42
5767 37 20
5768 36 20
5769 11 41
5770 5 0
5771 21 3
5772 37 20
5773 6 41
5774 36 20
5775 11 42
5776 6 42
5777 11 41
5778 21 4
5779 6 41
5780 6 42
5781 11 42
5782 21 3
5783 5 1
5784 11 41
5785 5 0
5786 37 20
5787 11 42
5788 21 4
5789 21 3
5790 6 41
5791 11 41
5792 21 4
5793 21 3
5794 11 42
5795 11 41
5796 36 20
5797 6 42
5798 5 1
5799 21 4
5800 5 0
5801 11 42
5802 37 20
5803 36 20
5804 21 3
5805 6 41
5806 21 4
5807 21 3
5808 11 41
5809 6 42
5810 11 42
5811 21 4
5812 11 41
5813 6 41
5814 6 42
5815 5 1
5816 21 3
5817 21 4
5818 37 20
5819 21 3
5820 21 4
5821 11 42
5822 36 20
5823 5 0
5824 6 41
5825 11 41
5826 11 42
5827 5 1
5828 11 41
5829 5 0
5830 11 42
5831 11 41
5832 37 20
5833 11 42
5834 6 42
5835 21 3
5836 36 20
5837 5 1
5838 5 0
5839 21 4
5840 11 41
5841 5 1
5842 37 20
5843 11 42
5844 6 41
5845 6 42
5846 36 20
5847 37 20
5848 11 41
5849 36 20
5850 5 0
5851 11 42
5852 21 3
5853 6 41
5854 5 1
5855 6 42
5856 37 20
5857 21 4
5858 6 41
5859 21 3
5860 6 42
5861 5 0
5862 36 20
5863 6 41
5864 21 4
5865 6 42
5866 21 3
5867 6 41
5868 5 1
5869 37 20
5870 5 0
5871 6 42
5872 6 41
5873 36 20
5874 6 42
5875 37 20
5876 11 41
5877 11 42
5878 36 20
5879 11 41
5880 5 1
5881 6 41
5882 21 4
5883 5 0
5884 6 42
5885 21 3
5886 11 42
5887 21 4
5888 21 3
5889 6 41
5890 11 41
5891 37 20
5892 21 4
5893 36 20
5894 37 20
5895 6 42
5896 5 1
5897 5 0
5898 36 20
5899 37 20
5900 21 3
5901 21 4
5902 21 3
5903 6 41
5904 5 1
5905 5 0
5906 36 20
5907 6 42
5908 11 42
5909 11 41
5910 21 4
5911 21 3
5912 11 42
5913 6 41
5914 37 20
5915 6 42
5916 11 41
5917 11 42
5918 6 41
5919 11 41
5920 21 4
5921 6 42
5922 6 41
5923 11 42
5924 11 41
5925 21 3
5926 6 42
5927 36 20
5928 11 42
5929 6 41
5930 6 42
5931 21 4
5932 6 41
5933 11 41
5934 37 20
5935 11 42
5936 11 41
5937 6 42
5938 5 1
5939 21 3
5940 6 41
5941 36 20
5942 5 0
5943 21 4
5944 5 1
5945 11 42
5946 11 41
5947 6 42
5948 6 41
5949 21 3
5950 6 42
5951 6 41
5952 11 42
5953 5 0
5954 5 1
5955 21 4
5956 21 3
5957 6 42
5958 6 41
5959 21 4
5960 37 20
5961 36 20
5962 6 42
5963 11 41
5964 11 42
5965 5 0
5966 21 3
5967 37 20
5968 36 20
5969 6 41
5970 21 4
5971 21 3
5972 37 20
5973 36 20
5974 37 20
5975 5 1
5976 11 41
5977 11 42
5978 21 4
5979 5 0
5980 5 1
5981 6 42
5982 36 20
5983 21 3
5984 37 20
5985 21 4
5986 11 41
5987 11 42
5988 36 20
5989 37 20
5990 5 0
5991 36 20
5992 21 3
5993 5 1
5994 21 4
5995 5 0
5996 11 41
5997 6 41
5998 6 42
5999 5 1
6000 5 0
6001 11 42
6002 11 41
6003 37 20
6004 6 41
6005 5 1
6006 36 20
6007 6 42
6008 21 3
6009 6 41
6010 5 0
6011 5 1
6012 6 42
6013 6 41
6014 11 42
6015 37 20
6016 21 4
6017 5 0
6018 36 20
6019 37 20
6020 21 3
6021 21 4
6022 5 1
6023 5 0
6024 36 20
6025 11 41
6026 11 42
6027 11 41
6028 37 20
6029 21 3
6030 5 1
6031 11 42
6032 36 20
6033 5 0
6034 11 41
6035 21 4
6036 5 1
6037 37 20
6038 6 42
6039 21 3
6040 36 20
6041 37 20
6042 11 42
6043 11 41
6044 5 0
6045 36 20
6046 11 42
6047 21 4
6048 11 41
6049 5 1
6050 11 42
6051 21 3
6052 6 41
6053 5 0
6054 5 1
6055 37 20
6056 21 4
6057 5 0
6058 5 1
6059 36 20
6060 11 41
6061 5 0
6062 11 42
6063 37 20
6064 6 42
6065 36 20
6066 37 20
6067 36 20
6068 37 20
6069 21 3
6070 5 1
6071 6 41
6072 5 0
6073 5 1
6074 6 42
6075 11 41
6076 36 20
6077 11 42
6078 11 41
6079 5 0
6080 5 1
6081 21 4
6082 21 3
6083 21 4
6084 5 0
6085 5 1
6086 21 3
6087 11 42
6088 37 20
6089 36 20
6090 6 41
6091 37 20
6092 5 0
6093 36 20
6094 37 20
6095 11 41
6096 11 42
6097 6 42
6098 11 41
6099 6 41
6100 5 1
6101 21 4
6102 21 3
6103 5 0
6104 6 42
6105 21 4
6106 5 1
6107 36 20
6108 11 42
6109 6 41
6110 37 20
6111 36 20
6112 11 41
6113 6 42
6114 21 3
6115 11 42
6116 11 41
6117 6 41
6118 37 20
6119 21 4
6120 21 3
6121 11 42
6122 6 42
6123 6 41
6124 36 20
6125 37 20
6126 11 41
6127 5 0
6128 21 4
6129 36 20
6130 37 20
6131 5 1
6132 11 42
6133 36 20
6134 6 42
6135 11 41
6136 21 3
6137 11 42
6138 6 41
6139 6 42
6140 21 4
6141 5 0
6142 5 1
6143 21 3
6144 11 41
6145 21 4
6146 37 20
6147 21 3
6148 5 0
6149 11 42
6150 5 1
6151 21 4
6152 36 20
6153 21 3
6154 5 0
6155 11 41
6156 21 4
6157 5 1
6158 21 3
6159 5 0
6160 11 42
6161 37 20
6162 11 41
6163 36 20
6164 6 41
6165 5 1
6166 11 42
6167 37 20
6168 36 20
6169 21 4
6170 5 0
6171 5 1
6172 37 20
6173 5 0
6174 5 1
6175 6 42
6176 6 41
6177 5 0
6178 21 3
6179 21 4
6180 5 1
6181 6 42
6182 11 41
6183 11 42
6184 5 0
6185 21 3
6186 21 4
6187 11 41
6188 6 41
6189 6 42
6190 11 42
6191 6 41
6192 21 3
6193 5 1
6194 6 42
6195 6 41
6196 5 0
6197 6 42
6198 21 4
6199 5 1
6200 11 41
6201 6 41
6202 36 20
6203 6 42
6204 37 20
6205 11 42
6206 36 20
6207 11 41
6208 5 0
6209 21 3
6210 5 1
6211 21 4
6212 21 3
6213 6 41
6214 11 42
6215 11 41
6216 5 0
6217 5 1
6218 6 42
6219 21 4
6220 5 0
6221 6 41
6222 11 42
6223 11 41
6224 21 3
6225 5 1
6226 21 4
6227 21 3
6228 21 4
6229 37 20
6230 36 20
6231 37 20
6232 5 0
6233 36 20
6234 6 42
6235 5 1
6236 37 20
6237 36 20
6238 5 0
6239 37 20
6240 5 1
6241 5 0
6242 6 41
6243 6 42
6244 36 20
6245 6 41
6246 6 42
6247 5 1
6248 5 0
6249 37 20
6250 5 1
6251 36 20
6252 21 3
6253 6 41
6254 5 0
6255 6 42
6256 5 1
6257 21 4
6258 6 41
6259 5 0
6260 11 42
6261 11 41
6262 5 1
6263 11 42
6264 5 0
6265 11 41
6266 11 42
6267 37 20
6268 6 42
6269 21 3
6270 36 20
6271 5 1
6272 21 4
6273 11 41
6274 11 42
6275 6 41
6276 5 0
6277 6 42
6278 11 41
6279 5 1
6280 5 0
6281 21 3
6282 21 4
6283 6 41
6284 6 42
6285 37 20
6286 5 1
6287 6 41
6288 21 3
6289 11 42
6290 5 0
6291 21 4
6292 21 3
6293 21 4
6294 36 20
6295 5 1
6296 21 3
6297 37 20
6298 6 42
6299 6 41
6300 36 20
6301 6 42
6302 11 41
6303 6 41
6304 5 0
6305 5 1
6306 11 42
6307 21 4
6308 37 20
6309 11 41
6310 21 3
6311 5 0
6312 36 20
6313 37 20
6314 11 42
6315 36 20
6316 5 1
6317 37 20
6318 5 0
6319 21 4
6320 6 42
6321 21 3
6322 21 4
6323 6 41
6324 6 42
6325 5 1
6326 21 3
6327 36 20
6328 21 4
6329 5 0
6330 6 41
6331 37 20
6332 21 3
6333 21 4
6334 36 20
6335 6 42
6336 5 1
6337 6 41
6338 21 3
6339 5 0
6340 6 42
6341 6 41
6342 11 41
6343 21 4
6344 37 20
6345 11 42
6346 21 3
6347 6 42
6348 11 41
6349 11 42
6350 6 41
6351 21 4
6352 5 1
6353 11 41
6354 11 42
6355 36 20
6356 21 3
6357 37 20
6358 5 0
6359 6 42
6360 21 4
6361 5 1
6362 5 0
6363 5 1
6364 21 3
6365 5 0
6366 5 1
6367 6 41
6368 21 4
6369 36 20
6370 11 41
6371 6 42
6372 5 0
6373 6 41
6374 11 42
6375 5 1
6376 5 0
6377 37 20
6378 6 42
6379 5 1
6380 36 20
6381 6 41
6382 21 3
6383 6 42
6384 5 0
6385 6 41
6386 6 42
6387 21 4
6388 21 3
6389 37 20
6390 21 4
6391 5 1
6392 11 41
6393 21 3
6394 21 4
6395 5 0
6396 6 41
6397 5 1
6398 6 42
6399 11 42
6400 11 41
6401 36 20
6402 11 42
6403 37 20
6404 6 41
6405 6 42
6406 36 20
6407 21 3
6408 5 0
6409 37 20
6410 5 1
6411 36 20
6412 37 20
6413 5 0
6414 11 41
6415 36 20
6416 6 41
6417 11 42
6418 5 1
6419 6 42
6420 37 20
6421 36 20
6422 21 4
6423 6 41
6424 5 0
6425 6 42
6426 37 20
6427 5 1
6428 5 0
6429 5 1
6430 6 41
6431 5 0
6432 36 20
6433 37 20
6434 11 41
6435 5 1
6436 11 42
6437 36 20
6438 37 20
6439 5 0
6440 6 42
6441 21 3
6442 11 41
6443 5 1
6444 11 42
6445 5 0
6446 11 41
6447 5 1
6448 6 41
6449 36 20
6450 11 42
6451 11 41
6452 11 42
6453 5 0
6454 6 42
6455 5 1
6456 6 41
6457 6 42
6458 37 20
6459 5 0
6460 6 41
6461 5 1
6462 6 42
6463 21 4
6464 21 3
6465 6 41
6466 36 20
6467 11 41
6468 21 4
6469 21 3
6470 37 20
6471 21 4
6472 36 20
6473 6 42
6474 5 0
6475 21 3
6476 21 4
6477 21 3
6478 6 41
6479 5 1
6480 11 42
6481 6 42
6482 21 4
6483 21 3
6484 37 20
6485 21 4
6486 36 20
6487 11 41
6488 37 20
6489 36 20
6490 21 3
6491 5 0
6492 21 4
6493 5 1
6494 21 3
6495 11 42
6496 21 4
6497 6 41
6498 6 42
6499 5 0
6500 37 20
6501 6 41
6502 21 3
6503 6 42
6504 21 4
6505 21 3
6506 36 20
6507 5 1
6508 21 4
6509 6 41
6510 37 20
6511 36 20
6512 6 42
6513 21 3
6514 5 0
6515 21 4
6516 5 1
6517 37 20
6518 6 41
6519 11 41
6520 11 42
6521 6 42
6522 6 41
6523 5 0
6524 5 1
6525 6 42
6526 5 0
6527 36 20
6528 21 3
6529 5 1
6530 21 4
6531 21 3
6532 6 41
6533 21 4
6534 5 0
6535 37 20
6536 5 1
6537 5 0
6538 36 20
6539 21 3
6540 37 20
6541 36 20
6542 6 42
6543 37 20
6544 5 1
6545 6 41
6546 21 4
6547 36 20
6548 6 42
6549 21 3
6550 21 4
6551 11 41
6552 5 0
6553 6 41
6554 21 3
6555 21 4
6556 37 20
6557 11 42
6558 36 20
6559 5 1
6560 11 41
6561 5 0
6562 6 42
6563 5 1
6564 6 41
6565 11 42
6566 5 0
6567 6 42
6568 21 3
6569 37 20
6570 21 4
6571 6 41
6572 36 20
6573 21 3
6574 21 4
6575 5 1
6576 21 3
6577 6 42
6578 6 41
6579 11 41
6580 6 42
6581 5 0
6582 37 20
6583 21 4
6584 6 41
6585 5 1
6586 5 0
6587 36 20
6588 6 42
6589 5 1
6590 6 41
6591 21 3
6592 37 20
6593 5 0
6594 11 42
6595 6 42
6596 21 4
6597 36 20
6598 5 1
6599 37 20
6600 21 3
6601 21 4
6602 36 20
6603 37 20
6604 5 0
6605 6 41
6606 36 20
6607 11 41
6608 21 3
6609 5 1
6610 11 42
6611 5 0
6612 21 4
6613 6 42
6614 6 41
6615 11 41
6616 37 20
6617 11 42
6618 11 41
6619 11 42
6620 6 42
6621 21 3
6622 21 4
6623 36 20
6624 21 3
6625 37 20
6626 6 41
6627 36 20
6628 5 1
6629 11 41
6630 11 42
6631 5 0
6632 21 4
6633 21 3
6634 5 1
6635 21 4
6636 11 41
6637 37 20
6638 11 42
6639 21 3
6640 11 41
6641 11 42
6642 5 0
6643 21 4
6644 36 20
6645 5 1
6646 21 3
6647 21 4
6648 6 42
6649 11 41
6650 6 41
6651 6 42
6652 6 41
6653 37 20
6654 5 0
6655 5 1
6656 6 42
6657 6 41
6658 21 3
6659 6 42
6660 6 41
6661 6 42
6662 36 20
6663 37 20
6664 5 0
6665 21 4
6666 11 42
6667 6 41
6668 6 42
6669 5 1
6670 21 3
6671 6 41
6672 36 20
6673 21 4
6674 6 42
6675 6 41
6676 6 42
6677 37 20
6678 21 3
6679 6 41
6680 36 20
6681 11 41
6682 37 20
6683 21 4
6684 36 20
6685 37 20
6686 11 42
6687 5 0
6688 5 1
6689 6 42
6690 21 3
6691 21 4
6692 36 20
6693 5 0
6694 37 20
6695 21 3
6696 21 4
6697 11 41
6698 21 3
6699 5 1
6700 6 41
6701 11 42
6702 5 0
6703 21 4
6704 11 41
6705 11 42
6706 6 42
6707 6 41
6708 11 41
6709 36 20
6710 6 42
6711 5 1
6712 37 20
6713 21 3
6714 21 4
6715 11 42
6716 6 41
6717 11 41
6718 6 42
6719 21 3
6720 11 42
6721 11 41
6722 5 0
6723 36 20
6724 21 4
6725 21 3
6726 37 20
6727 11 42
6728 21 4
6729 21 3
6730 6 41
6731 5 1
6732 21 4
6733 5 0
6734 6 42
6735 36 20
6736 6 41
6737 11 41
6738 37 20
6739 21 3
6740 5 1
6741 6 42
6742 21 4
6743 21 3
6744 6 41
6745 5 0
6746 6 42
6747 36 20
6748 21 4
6749 5 1
6750 37 20
6751 36 20
6752 21 3
6753 5 0
6754 37 20
6755 5 1
6756 11 42
6757 5 0
6758 6 41
6759 21 4
6760 11 41
6761 11 42
6762 21 3
6763 36 20
6764 21 4
6765 21 3
6766 5 1
6767 5 0
6768 5 1
6769 21 4
6770 21 3
6771 37 20
6772 6 42
6773 36 20
6774 37 20
6775 21 4
6776 6 41
6777 21 3
6778 5 0
6779 36 20
6780 37 20
6781 11 41
6782 21 4
6783 36 20
6784 21 3
6785 5 1
6786 6 42
6787 6 41
6788 37 20
6789 6 42
6790 6 41
6791 21 4
6792 36 20
6793 11 42
6794 6 42
6795 6 41
6796 6 42
6797 37 20
6798 21 3
6799 36 20
6800 37 20
6801 6 41
6802 6 42
6803 36 20
6804 5 0
6805 6 41
6806 37 20
6807 6 42
6808 11 41
6809 21 4
6810 6 41
6811 11 42
6812 5 1
6813 21 3
6814 36 20
6815 11 41
6816 37 20
6817 36 20
6818 11 42
6819 37 20
6820 11 41
6821 36 20
6822 5 0
6823 11 42
6824 6 42
6825 6 41
6826 11 41
6827 6 42
6828 6 41
6829 21 4
6830 5 1
6831 6 42
6832 6 41
6833 6 42
6834 21 3
6835 37 20
6836 6 41
6837 5 0
6838 6 42
6839 36 20
6840 21 4
6841 21 3
6842 21 4
6843 21 3
6844 11 42
6845 21 4
6846 21 3
6847 37 20
6848 21 4
6849 5 1
6850 21 3
6851 11 41
6852 11 42
6853 11 41
6854 36 20
6855 21 4
6856 37 20
6857 21 3
6858 11 42
6859 36 20
6860 6 41
6861 37 20
6862 36 20
6863 5 0
6864 5 1
6865 37 20
6866 36 20
6867 21 4
6868 11 41
6869 6 42
6870 6 41
6871 11 42
6872 5 0
6873 37 20
6874 36 20
6875 5 1
6876 21 3
6877 21 4
6878 11 41
6879 5 0
6880 5 1
6881 11 42
6882 11 41
6883 6 42
6884 6 41
6885 11 42
6886 37 20
6887 11 41
6888 36 20
6889 21 3
6890 5 0
6891 37 20
6892 21 4
6893 21 3
6894 36 20
6895 37 20
6896 11 42
6897 21 4
6898 36 20
6899 5 1
6900 5 0
6901 6 42
6902 21 3
6903 6 41
6904 11 41
6905 11 42
6906 6 42
6907 11 41
6908 11 42
6909 21 4
6910 5 1
6911 11 41
# colocadas=6912 ocupadas=5 mayor=7115
