0 11 42
1 21 3
2 6 42
3 37 20
4 5 1
5 3 36
6 38 19
7 45 28
8 14 43
9 12 9
10 36 20
11 22 2
12 13 9
13 31 27
14 10 2
15 7 26
16 9 9
17 23 2
18 25 18
19 45 22
20 11 2
21 10 2
22 6 41
23 38 20
24 32 10
25 4 36
26 14 44
27 6 42
28 44 15
29 18 34
30 9 10
31 36 19
32 11 2
33 14 43
34 12 9
35 3 36
36 45 27
37 43 9
38 24 18
39 5 0
40 31 10
41 20 38
42 43 15
43 8 26
44 10 2
45 21 38
46 43 10
47 14 44
48 25 18
49 39 24
50 11 41
51 36 18
52 5 36
53 32 10
54 45 23
55 9 9
56 11 42
57 44 15
58 11 41
59 14 43
60 9 10
61 21 4
62 21 3
63 11 42
64 14 44
65 45 22
66 45 28
67 11 2
68 31 26
69 9 9
70 11 41
71 14 43
72 20 38
73 43 9
74 21 38
75 7 26
76 37 18
77 5 1
78 43 10
79 21 4
80 28 7
81 13 9
82 10 2
83 43 9
84 24 18
85 25 18
86 36 18
87 18 33
88 43 15
89 45 23
90 37 18
91 45 22
92 6 41
93 12 9
94 11 2
95 9 10
96 44 15
97 21 3
98 21 4
99 5 0
100 36 18
101 37 18
102 31 10
103 45 23
104 31 27
105 6 42
106 10 2
107 9 9
108 28 6
109 6 41
110 28 7
111 22 2
112 5 35
113 13 9
114 8 26
115 40 24
116 45 27
117 37 20
118 21 2
119 36 20
120 4 36
121 28 6
122 14 44
123 11 2
124 5 1
125 20 38
126 21 38
127 6 35
128 28 7
129 20 38
130 32 10
131 12 9
132 37 20
133 13 9
134 3 36
135 22 2
136 21 2
137 21 38
138 9 10
139 39 24
140 4 36
141 31 26
142 45 22
143 31 27
144 36 18
145 28 6
146 5 0
147 18 34
148 40 24
149 22 2
150 31 10
151 45 28
152 20 38
153 12 9
154 14 43
155 43 10
156 43 9
157 43 10
158 31 26
159 6 42
160 5 1
161 7 26
162 43 15
163 3 36
164 21 3
165 6 41
166 45 23
167 21 4
168 6 34
169 45 22
170 31 27
171 44 15
172 13 9
173 10 2
174 28 7
175 8 26
176 28 6
177 11 2
178 43 15
179 37 18
180 6 42
181 44 15
182 31 26
183 32 10
184 12 9
185 45 27
186 5 0
187 45 28
188 31 27
189 11 42
190 36 18
191 37 18
192 43 15
193 14 44
194 24 18
195 31 10
196 7 26
197 31 26
198 18 33
199 25 18
200 10 2
201 18 34
202 28 7
203 31 27
204 45 27
205 39 24
206 31 26
207 32 10
208 36 18
209 43 9
210 21 2
211 43 10
212 11 2
213 13 9
214 31 10
215 14 43
216 43 9
217 7 34
218 32 10
219 7 33
220 12 9
221 10 2
222 22 2
223 5 1
224 6 41
225 37 18
226 11 41
227 43 10
228 13 9
229 45 23
230 21 38
231 12 9
232 14 44
233 8 26
234 4 36
235 40 24
236 43 9
237 43 10
238 44 15
239 21 3
240 24 18
241 25 18
242 18 33
243 11 2
244 10 2
245 31 27
246 45 22
247 18 34
248 20 38
249 9 9
250 7 26
251 11 2
252 11 42
253 28 6
254 14 43
255 24 18
256 21 4
257 13 9
258 6 42
259 12 9
260 13 9
261 43 15
262 18 33
263 36 18
264 6 41
265 9 10
266 39 24
267 6 42
268 45 23
269 9 9
270 8 26
271 31 26
272 37 18
273 3 36
274 45 28
275 31 10
276 7 26
277 14 44
278 31 27
279 6 41
280 14 43
281 43 9
282 6 42
283 31 26
284 21 2
285 14 44
286 14 43
287 45 27
288 22 2
289 25 18
290 5 0
291 8 26
292 43 10
293 14 44
294 40 24
295 28 7
296 39 24
297 36 18
298 36 20
299 37 18
300 24 18
301 9 10
302 45 28
303 25 18
304 18 34
305 45 22
306 21 3
307 12 9
308 45 23
309 10 2
310 24 18
311 9 9
312 31 27
313 43 9
314 7 26
315 4 36
316 8 26
317 31 26
318 6 41
319 31 27
320 13 9
321 28 6
322 3 36
323 28 7
324 6 42
325 31 26
326 12 9
327 36 18
328 7 32
329 9 10
330 23 2
331 37 20
332 25 18
333 11 41
334 9 9
335 43 10
336 7 26
337 45 22
338 8 26
339 11 42
340 7 26
341 11 2
342 7 31
343 9 10
344 14 43
345 22 2
346 8 26
347 9 9
348 13 9
349 11 41
350 18 33
351 24 18
352 44 15
353 10 2
354 11 2
355 45 23
356 6 41
357 40 24
358 25 18
359 45 22
360 45 23
361 24 18
362 28 6
363 28 7
364 37 18
365 10 2
366 36 18
367 36 20
368 43 15
369 7 30
370 23 2
371 32 10
372 39 24
373 31 27
374 18 34
375 18 33
376 45 27
377 44 15
378 7 26
379 45 28
380 45 22
381 11 42
382 28 6
383 18 34
384 6 42
385 7 31
386 18 33
387 40 24
388 25 18
389 11 2
390 37 20
391 7 30
392 12 9
393 7 31
394 18 34
395 22 2
396 36 20
397 37 18
398 45 27
399 4 36
400 45 28
401 37 20
402 43 15
403 13 9
404 14 44
405 43 9
406 5 1
407 3 36
408 12 9
409 31 10
410 4 36
411 21 38
412 6 41
413 5 0
414 9 10
415 7 30
416 39 24
417 20 38
418 23 2
419 40 24
420 11 41
421 8 26
422 45 27
423 13 9
424 36 20
425 44 15
426 21 38
427 39 24
428 6 42
429 45 28
430 18 33
431 36 18
432 43 10
433 9 9
434 3 36
435 9 10
436 5 1
437 4 36
438 10 2
439 9 9
440 7 26
441 37 18
442 45 23
443 37 20
444 12 9
445 31 26
446 31 27
447 40 24
448 9 10
449 8 26
450 21 4
451 7 31
452 11 42
453 43 15
454 31 26
455 11 2
456 28 7
457 10 2
458 11 2
459 3 36
460 44 15
461 45 27
462 36 18
463 22 2
464 11 41
465 18 34
466 39 24
467 9 9
468 11 42
469 18 33
470 32 10
471 18 34
472 7 26
473 7 30
474 36 20
475 11 41
476 10 2
477 43 9
478 8 26
479 31 10
480 7 31
481 5 0
482 28 6
483 14 43
484 43 10
485 11 2
486 21 2
487 24 18
488 18 33
489 14 44
490 43 15
491 7 30
492 44 15
493 10 2
494 37 20
495 9 10
496 6 41
497 22 2
498 7 31
499 20 38
500 11 42
501 4 36
502 31 27
503 14 43
504 5 1
505 9 9
506 7 26
507 28 7
508 43 15
509 21 3
510 37 18
511 11 41
512 11 2
513 31 26
514 45 22
515 36 20
516 13 9
517 11 42
518 10 2
519 37 20
520 6 42
521 5 0
522 14 44
523 23 2
524 44 15
525 45 23
526 3 36
527 12 9
528 13 9
529 36 20
530 36 18
531 14 43
532 31 27
533 37 20
534 22 2
535 43 9
536 7 30
537 9 10
538 43 15
539 14 44
540 5 1
541 7 31
542 8 26
543 6 41
544 21 38
545 36 20
546 11 2
547 45 28
548 28 6
549 5 0
550 5 1
551 12 9
552 45 27
553 13 9
554 7 26
555 6 42
556 9 9
557 37 20
558 43 10
559 36 20
560 25 18
561 20 38
562 7 30
563 7 31
564 31 26
565 40 24
566 28 7
567 23 2
568 24 18
569 45 28
570 6 41
571 21 4
572 5 0
573 31 27
574 12 9
575 5 1
576 14 43
577 21 38
578 45 22
579 22 2
580 31 26
581 18 34
582 43 9
583 9 10
584 6 42
585 20 38
586 4 36
587 13 9
588 21 3
589 39 24
590 9 9
591 14 44
592 9 10
593 18 33
594 40 24
595 9 9
596 37 18
597 10 2
598 23 2
599 32 10
600 45 27
601 18 34
602 7 30
603 45 28
604 43 10
605 45 27
606 39 24
607 22 2
608 12 9
609 45 28
610 36 18
611 5 0
612 23 2
613 28 6
614 11 41
615 43 9
616 28 7
617 13 9
618 45 23
619 18 33
620 37 18
621 43 10
622 21 4
623 44 15
624 21 38
625 8 26
626 40 24
627 37 20
628 6 41
629 12 9
630 11 42
631 13 9
632 45 22
633 5 1
634 18 34
635 43 15
636 39 24
637 9 10
638 25 18
639 36 18
640 14 43
641 11 2
642 14 44
643 36 20
644 20 38
645 31 10
646 32 10
647 24 18
648 45 27
649 7 26
650 45 23
651 37 20
652 43 9
653 21 38
654 18 33
655 45 28
656 22 2
657 45 22
658 44 15
659 20 38
660 45 23
661 9 9
662 25 18
663 6 42
664 40 24
665 18 34
666 24 18
667 43 10
668 14 43
669 10 2
670 7 31
671 45 22
672 45 23
673 31 10
674 18 33
675 5 0
676 43 15
677 21 3
678 3 36
679 39 24
680 8 26
681 45 22
682 9 10
683 7 30
684 7 31
685 12 9
686 25 18
687 11 41
688 28 6
689 23 2
690 45 27
691 14 44
692 9 9
693 36 20
694 11 42
695 6 41
696 45 28
697 31 27
698 28 7
699 32 10
700 13 9
701 28 6
702 22 2
703 11 41
704 37 20
705 40 24
706 24 18
707 6 42
708 37 18
709 4 36
710 11 2
711 21 38
712 43 9
713 31 26
714 31 27
715 18 34
716 20 38
717 10 2
718 3 36
719 7 26
720 4 36
721 36 18
722 3 36
723 45 27
724 11 2
725 43 10
726 18 33
727 6 41
728 14 43
729 45 28
730 39 24
731 45 23
732 40 24
733 31 26
734 21 4
735 12 9
736 31 10
737 21 3
738 7 30
739 9 10
740 11 42
741 8 26
742 31 27
743 32 10
744 9 9
745 45 27
746 9 10
747 4 36
748 10 2
749 7 26
750 5 1
751 6 42
752 18 34
753 11 2
754 11 41
755 39 24
756 25 18
757 45 28
758 13 9
759 6 41
760 11 42
761 14 44
762 45 27
763 37 18
764 36 18
765 45 28
766 23 2
767 18 33
768 6 42
769 44 15
770 45 22
771 43 15
772 21 4
773 31 10
774 36 20
775 8 26
776 22 2
777 14 43
778 7 31
779 43 9
780 7 30
781 28 7
782 21 3
783 23 2
784 32 10
785 22 2
786 23 2
787 37 18
788 22 2
789 14 44
790 28 6
791 7 31
792 37 20
793 9 9
794 6 41
795 7 26
796 3 36
797 28 7
798 4 36
799 11 41
800 7 30
801 7 31
802 5 0
803 6 42
804 3 36
805 18 34
806 21 38
807 44 15
808 18 33
809 18 34
810 4 36
811 28 6
812 43 10
813 40 24
814 31 26
815 23 2
816 9 10
817 18 33
818 20 38
819 31 10
820 7 30
821 32 10
822 21 4
823 10 2
824 5 1
825 21 38
826 5 0
827 18 34
828 8 26
829 18 33
830 5 1
831 21 3
832 21 4
833 43 9
834 45 23
835 39 24
836 14 43
837 18 34
838 36 20
839 28 7
840 24 18
841 37 20
842 9 9
843 43 10
844 22 2
845 21 2
846 40 24
847 11 42
848 11 2
849 39 24
850 21 5
851 21 3
852 31 27
853 36 20
854 18 33
855 21 2
856 6 41
857 40 24
858 21 4
859 10 2
860 36 18
861 31 10
862 32 10
863 39 24
864 6 42
865 22 2
866 18 34
867 12 9
868 18 33
869 9 10
870 7 31
871 9 9
872 31 10
873 6 41
874 21 3
875 37 18
876 28 6
877 5 0
878 25 18
879 9 10
880 40 24
881 13 9
882 43 9
883 18 34
884 43 15
885 12 9
886 37 20
887 45 27
888 7 26
889 8 26
890 7 30
891 31 26
892 28 7
893 20 38
894 45 28
895 9 9
896 44 15
897 28 6
898 36 18
899 43 15
900 31 27
901 3 36
902 7 31
903 44 15
904 11 41
905 11 42
906 7 26
907 6 42
908 14 44
909 43 15
910 8 26
911 28 7
912 21 38
913 23 2
914 32 10
915 11 41
916 39 24
917 11 2
918 13 9
919 11 42
920 36 20
921 5 1
922 40 24
923 28 6
924 12 9
925 7 30
926 7 26
927 20 38
928 44 15
929 28 7
930 6 41
931 24 18
932 5 0
933 18 33
934 25 18
935 21 4
936 45 22
937 43 15
938 11 41
939 5 1
940 39 24
941 11 42
942 31 10
943 31 26
944 44 15
945 5 0
946 21 3
947 6 42
948 10 2
949 28 6
950 37 18
951 43 10
952 13 9
953 24 18
954 22 2
955 45 27
956 37 20
957 36 20
958 4 36
959 37 20
960 36 18
961 23 2
962 5 1
963 40 24
964 21 4
965 14 43
966 25 18
967 28 7
968 7 31
969 6 41
970 37 18
971 43 9
972 8 26
973 36 18
974 3 36
975 11 2
976 12 9
977 31 27
978 31 26
979 10 2
980 28 6
981 31 27
982 32 10
983 45 28
984 31 26
985 5 0
986 43 10
987 7 26
988 8 26
989 18 34
990 45 27
991 5 1
992 22 2
993 7 30
994 43 15
995 21 38
996 7 31
997 31 10
998 31 27
999 7 30
1000 11 2
1001 5 0
1002 31 26
1003 21 2
1004 6 42
1005 22 2
1006 21 2
1007 6 41
1008 37 18
1009 32 10
1010 31 27
1011 22 2
1012 28 7
1013 36 20
1014 31 26
1015 45 23
1016 39 24
1017 11 41
1018 37 20
1019 21 3
1020 13 9
1021 44 15
1022 18 33
1023 31 27
1024 43 15
1025 5 1
1026 36 20
1027 9 10
1028 18 34
1029 40 24
1030 31 26
1031 36 18
1032 37 18
1033 24 18
1034 4 36
1035 11 42
1036 28 6
1037 6 42
1038 20 38
1039 9 9
1040 31 10
1041 28 7
1042 36 18
1043 12 9
1044 10 2
1045 39 24
1046 28 6
1047 11 2
1048 32 10
1049 13 9
1050 25 18
1051 45 22
1052 12 9
1053 37 20
1054 31 27
1055 9 10
1056 10 2
1057 21 38
1058 45 23
1059 14 44
1060 7 31
1061 6 41
1062 44 15
1063 3 36
1064 4 36
1065 24 18
1066 40 24
1067 7 30
1068 31 10
1069 3 36
1070 18 33
1071 23 2
1072 43 15
1073 22 2
1074 39 24
1075 21 4
1076 18 34
1077 6 42
1078 6 41
1079 36 20
1080 45 22
1081 7 31
1082 4 36
1083 21 2
1084 45 28
1085 6 42
1086 7 30
1087 13 9
1088 25 18
1089 21 5
1090 11 41
1091 37 18
1092 28 7
1093 40 24
1094 39 24
1095 3 36
1096 43 9
1097 21 4
1098 7 26
1099 14 43
1100 40 24
1101 44 15
1102 14 44
1103 6 41
1104 32 10
1105 36 18
1106 4 36
1107 22 2
1108 8 26
1109 24 18
1110 9 9
1111 9 10
1112 31 10
1113 43 15
1114 20 38
1115 7 31
1116 7 30
1117 37 20
1118 7 31
1119 45 23
1120 25 18
1121 3 36
1122 45 22
1123 44 15
1124 5 0
1125 11 42
1126 43 10
1127 32 10
1128 21 3
1129 12 9
1130 43 15
1131 44 15
1132 9 9
1133 31 26
1134 7 30
1135 5 1
1136 4 36
1137 13 9
1138 36 20
1139 11 2
1140 39 24
1141 18 33
1142 28 6
1143 11 41
1144 21 4
1145 7 26
1146 6 42
1147 31 27
1148 31 10
1149 21 2
1150 37 20
1151 6 41
1152 21 38
1153 28 7
1154 6 42
1155 40 24
1156 28 6
1157 11 42
1158 24 18
1159 10 2
1160 45 23
1161 11 41
1162 43 15
1163 9 10
1164 8 26
1165 45 27
1166 44 15
1167 11 42
1168 11 2
1169 20 38
1170 10 2
1171 6 41
1172 21 5
1173 21 3
1174 5 0
1175 32 10
1176 28 7
1177 31 26
1178 5 1
1179 28 6
1180 12 9
1181 5 0
1182 7 26
1183 45 22
1184 43 9
1185 25 18
1186 43 10
1187 31 10
1188 45 23
1189 3 36
1190 21 38
1191 28 7
1192 36 20
1193 24 18
1194 20 38
1195 39 24
1196 14 43
1197 18 34
1198 22 5
1199 5 1
1200 23 5
1201 4 36
1202 21 4
1203 3 36
1204 43 15
1205 31 27
1206 24 5
1207 43 9
1208 6 42
1209 32 10
1210 31 26
1211 44 15
1212 6 41
1213 25 18
1214 21 38
1215 40 24
1216 24 4
1217 11 2
1218 8 26
1219 7 31
1220 18 33
1221 14 44
1222 31 10
1223 10 2
1224 45 22
1225 43 15
1226 4 36
1227 37 18
1228 36 18
1229 7 30
1230 37 20
1231 31 27
1232 45 28
1233 11 2
1234 36 20
1235 37 18
1236 43 10
1237 20 38
1238 21 38
1239 24 5
1240 45 23
1241 7 31
1242 37 20
1243 36 18
1244 31 26
1245 18 34
1246 45 27
1247 45 22
1248 21 3
1249 13 9
1250 21 4
1251 45 28
1252 45 27
1253 18 33
1254 18 34
1255 44 15
1256 3 36
1257 39 24
1258 12 9
1259 20 38
1260 45 28
1261 45 23
1262 11 41
1263 37 18
1264 5 0
1265 11 42
1266 10 2
1267 31 27
1268 11 2
1269 14 43
1270 9 9
1271 21 3
1272 14 44
1273 21 4
1274 9 10
1275 28 6
1276 21 3
1277 13 9
1278 6 42
1279 24 18
1280 43 15
1281 36 18
1282 44 15
1283 7 26
1284 21 38
1285 37 18
1286 10 2
1287 36 20
1288 20 38
1289 24 4
1290 21 38
1291 14 43
1292 43 9
1293 32 10
1294 7 30
1295 20 38
1296 7 31
1297 4 36
1298 21 38
1299 5 1
1300 45 27
1301 31 10
1302 45 28
1303 32 10
1304 3 36
1305 18 33
1306 25 18
1307 12 9
1308 20 38
1309 24 18
1310 31 26
1311 21 4
1312 11 2
1313 9 9
1314 45 27
1315 18 34
1316 13 9
1317 28 7
1318 8 26
1319 31 27
1320 6 41
1321 25 18
1322 31 26
1323 18 33
1324 11 41
1325 28 6
1326 7 26
1327 21 38
1328 45 28
1329 24 18
1330 14 44
1331 43 15
1332 44 15
1333 9 10
1334 31 10
1335 18 34
1336 43 10
1337 32 10
1338 40 24
1339 43 9
1340 8 26
1341 28 7
1342 37 20
1343 36 20
1344 36 18
1345 39 24
1346 45 27
1347 24 5
1348 7 30
1349 21 3
1350 24 4
1351 5 0
1352 7 31
1353 43 15
1354 37 20
1355 43 10
1356 37 18
1357 45 28
1358 21 4
1359 7 26
1360 45 22
1361 31 27
1362 18 33
1363 14 43
1364 45 27
1365 20 38
1366 36 20
1367 37 20
1368 40 24
1369 10 2
1370 8 26
1371 43 9
1372 11 2
1373 44 15
1374 5 1
1375 14 44
1376 28 6
1377 7 30
1378 12 9
1379 13 9
1380 28 7
1381 21 3
1382 4 36
1383 45 28
1384 10 2
1385 39 24
1386 12 9
1387 40 24
1388 45 27
1389 7 26
1390 25 18
1391 14 43
1392 36 20
1393 18 34
1394 7 31
1395 31 10
1396 39 24
1397 6 42
1398 13 9
1399 28 6
1400 31 26
1401 45 28
1402 45 27
1403 43 10
1404 40 24
1405 3 36
1406 18 33
1407 7 30
1408 5 0
1409 24 5
1410 21 4
1411 45 28
1412 11 2
1413 14 44
1414 14 43
1415 24 4
1416 7 31
1417 37 20
1418 9 9
1419 11 42
1420 43 15
1421 9 10
1422 36 20
1423 37 20
1424 6 41
1425 32 10
1426 36 18
1427 31 27
1428 9 9
1429 28 7
1430 36 20
1431 28 6
1432 28 7
1433 43 9
1434 18 34
1435 45 23
1436 18 33
1437 14 44
1438 8 26
1439 9 10
1440 21 38
1441 21 3
1442 43 10
1443 4 36
1444 7 30
1445 18 34
1446 45 27
1447 24 5
1448 39 24
1449 12 9
1450 24 18
1451 24 4
1452 31 26
1453 45 22
1454 10 2
1455 7 26
1456 31 10
1457 14 43
1458 11 2
1459 31 27
1460 6 42
1461 44 15
1462 13 9
1463 9 9
1464 37 18
1465 40 24
1466 18 33
1467 18 34
1468 24 5
1469 43 15
1470 18 33
1471 32 10
1472 37 20
1473 20 38
1474 7 31
1475 7 30
1476 36 18
1477 11 41
1478 39 24
1479 5 1
1480 25 18
1481 37 18
1482 14 44
1483 28 6
1484 21 38
1485 45 23
1486 3 36
1487 24 4
1488 45 22
1489 31 10
1490 36 20
1491 4 36
1492 8 26
1493 7 31
1494 24 18
1495 5 0
1496 12 9
1497 37 20
1498 44 15
1499 25 18
1500 18 34
1501 43 9
1502 14 43
1503 32 10
1504 36 18
1505 40 24
1506 24 18
1507 7 26
1508 14 44
1509 13 9
1510 24 5
1511 36 20
1512 45 23
1513 10 2
1514 31 10
1515 11 2
1516 12 9
1517 7 30
1518 45 28
1519 14 43
1520 3 36
1521 6 41
1522 8 26
1523 25 18
1524 14 44
1525 6 42
1526 20 38
1527 14 43
1528 45 27
1529 5 1
1530 32 10
1531 13 9
1532 12 9
1533 31 10
1534 18 33
1535 5 0
1536 24 18
1537 4 36
1538 21 4
1539 7 31
1540 25 18
1541 37 18
1542 31 26
1543 10 2
1544 11 42
1545 43 15
1546 14 44
1547 31 27
1548 45 28
1549 21 3
1550 9 10
1551 28 7
1552 6 41
1553 44 15
1554 32 10
1555 43 15
1556 7 26
1557 5 1
1558 45 22
1559 45 27
1560 3 36
1561 18 34
1562 14 43
1563 5 0
1564 7 30
1565 5 1
1566 18 33
1567 43 10
1568 6 42
1569 31 26
1570 9 9
1571 7 31
1572 18 34
1573 9 10
1574 31 10
1575 36 18
1576 37 20
1577 39 24
1578 45 28
1579 24 4
1580 6 41
1581 32 10
1582 36 20
1583 6 42
1584 13 9
1585 43 9
1586 24 5
1587 8 26
1588 21 38
1589 44 15
1590 31 10
1591 11 2
1592 4 36
1593 37 18
1594 12 9
1595 24 18
1596 37 20
1597 6 41
1598 13 9
1599 25 18
1600 31 27
1601 43 10
1602 45 23
1603 20 38
1604 12 9
1605 36 20
1606 40 24
1607 43 15
1608 10 2
1609 3 36
1610 43 9
1611 44 15
1612 7 30
1613 45 22
1614 9 9
1615 11 41
1616 43 10
1617 45 27
1618 9 10
1619 45 28
1620 5 0
1621 11 2
1622 24 18
1623 13 9
1624 39 24
1625 12 9
1626 25 18
1627 43 9
1628 10 2
1629 28 6
1630 24 18
1631 25 18
1632 6 42
1633 28 7
1634 24 18
1635 21 38
1636 7 26
1637 45 27
1638 13 9
1639 18 33
1640 11 2
1641 14 44
1642 4 36
1643 45 28
1644 40 24
1645 8 26
1646 45 27
1647 18 34
1648 36 18
1649 24 4
1650 6 41
1651 5 1
1652 18 33
1653 9 9
1654 45 28
1655 14 43
1656 5 0
1657 43 15
1658 24 5
1659 45 23
1660 37 20
1661 39 24
1662 20 38
1663 28 6
1664 31 26
1665 21 4
1666 21 38
1667 11 42
1668 20 38
1669 7 26
1670 25 18
1671 43 10
1672 40 24
1673 37 18
1674 44 15
1675 10 2
1676 24 18
1677 31 27
1678 21 38
1679 21 3
1680 24 4
1681 7 31
1682 20 38
1683 31 26
1684 18 34
1685 28 7
1686 14 44
1687 9 10
1688 28 6
1689 18 33
1690 5 1
1691 18 34
1692 11 41
1693 21 38
1694 6 42
1695 11 2
1696 18 33
1697 11 42
1698 7 30
1699 39 24
1700 36 18
1701 18 34
1702 11 41
1703 24 5
1704 37 18
1705 25 18
1706 36 20
1707 32 10
1708 28 7
1709 43 9
1710 43 10
1711 31 27
1712 43 15
1713 9 9
1714 14 43
1715 45 27
1716 20 38
1717 44 15
1718 21 4
1719 28 6
1720 43 9
1721 8 26
1722 21 3
1723 45 28
1724 24 4
1725 31 10
1726 36 18
1727 37 18
1728 37 20
1729 9 10
1730 45 27
1731 5 0
1732 40 24
1733 11 42
1734 3 36
1735 28 7
1736 36 18
1737 4 36
1738 21 4
1739 5 1
1740 10 2
1741 18 33
1742 18 34
1743 39 24
1744 43 10
1745 32 10
1746 7 31
1747 5 0
1748 9 9
1749 28 6
1750 43 15
1751 45 22
1752 6 41
1753 28 7
1754 12 9
1755 45 23
1756 40 24
1757 44 15
1758 7 26
1759 45 22
1760 24 18
1761 14 44
1762 24 5
1763 45 28
1764 7 30
1765 37 18
1766 25 18
1767 43 9
1768 21 38
1769 14 43
1770 24 4
1771 31 10
1772 14 44
1773 43 10
1774 5 1
1775 24 5
1776 39 24
1777 36 18
1778 40 24
1779 11 2
1780 45 23
1781 14 43
1782 8 26
1783 3 36
1784 24 18
1785 45 22
1786 25 18
1787 32 10
1788 45 27
1789 5 0
1790 10 2
1791 4 36
1792 36 20
1793 43 15
1794 7 26
1795 20 38
1796 37 20
1797 13 9
1798 28 6
1799 24 4
1800 11 41
1801 18 33
1802 12 9
1803 45 23
1804 39 24
1805 31 10
1806 21 3
1807 40 24
1808 43 9
1809 11 2
1810 10 2
1811 8 26
1812 36 20
1813 11 2
1814 31 26
1815 39 24
1816 3 36
1817 24 5
1818 7 26
1819 9 10
1820 37 20
1821 21 4
1822 9 9
1823 4 36
1824 14 44
1825 13 9
1826 45 28
1827 21 38
1828 45 22
1829 6 42
1830 36 20
1831 21 3
1832 12 9
1833 21 4
1834 6 41
1835 28 7
1836 28 6
1837 21 3
1838 20 38
1839 24 18
1840 37 18
1841 14 43
1842 6 42
1843 45 23
1844 21 4
1845 44 15
1846 37 20
1847 43 15
1848 28 7
1849 9 10
1850 36 20
1851 13 9
1852 9 9
1853 28 6
1854 7 31
1855 43 10
1856 45 27
1857 45 28
1858 43 9
1859 24 4
1860 32 10
1861 31 27
1862 44 15
1863 40 24
1864 37 20
1865 43 10
1866 39 24
1867 8 26
1868 25 18
1869 12 9
1870 31 26
1871 43 9
1872 31 10
1873 3 36
1874 6 41
1875 21 3
1876 7 30
1877 21 4
1878 40 24
1879 18 34
1880 18 33
1881 31 27
1882 4 36
1883 9 10
1884 11 42
1885 31 26
1886 45 22
1887 28 7
1888 32 10
1889 36 18
1890 3 36
1891 13 9
1892 45 27
1893 43 15
1894 12 9
1895 7 31
1896 45 23
1897 31 27
1898 21 38
1899 45 22
1900 14 44
1901 7 26
1902 28 6
1903 44 15
1904 10 2
1905 18 34
1906 24 5
1907 37 18
1908 9 9
1909 9 10
1910 18 33
1911 28 7
1912 31 26
1913 24 4
1914 28 6
1915 45 23
1916 9 9
1917 21 3
1918 11 2
1919 24 18
1920 10 2
1921 20 38
1922 43 10
1923 36 20
1924 4 36
1925 28 7
1926 14 43
1927 43 15
1928 43 9
1929 11 41
1930 3 36
1931 18 34
1932 5 1
1933 36 18
1934 11 42
1935 11 2
1936 11 41
1937 31 10
1938 21 38
1939 13 9
1940 8 26
1941 20 38
1942 37 20
1943 43 10
1944 7 26
1945 44 15
1946 9 10
1947 36 20
1948 21 38
1949 20 38
1950 5 0
1951 9 9
1952 45 22
1953 4 36
1954 43 15
1955 18 33
1956 25 18
1957 10 2
1958 32 10
1959 12 9
1960 31 27
1961 13 9
1962 24 5
1963 9 10
1964 43 9
1965 6 42
1966 39 24
1967 45 28
1968 24 18
1969 40 24
1970 43 10
1971 31 26
1972 11 42
1973 12 9
1974 21 38
1975 9 9
1976 37 20
1977 44 15
1978 31 27
1979 45 27
1980 11 41
1981 7 30
1982 6 41
1983 36 20
1984 6 42
1985 6 41
1986 45 23
1987 11 2
1988 13 9
1989 14 44
1990 8 26
1991 14 43
1992 45 22
1993 43 15
1994 3 36
1995 45 23
1996 44 15
1997 4 36
1998 5 1
1999 31 26
2000 11 42
2001 5 0
2002 14 44
2003 24 4
2004 43 9
2005 5 1
2006 7 26
2007 6 42
2008 18 34
2009 18 33
2010 43 15
2011 18 34
2012 25 18
2013 39 24
2014 37 18
2015 12 9
2016 45 28
2017 36 18
2018 3 36
2019 28 6
2020 4 36
2021 31 27
2022 45 27
2023 24 5
2024 20 38
2025 43 10
2026 45 28
2027 11 41
2028 40 24
2029 11 42
2030 31 10
2031 7 31
2032 31 26
2033 3 36
2034 21 38
2035 24 18
2036 31 27
2037 13 9
2038 9 10
2039 18 33
2040 11 41
2041 44 15
2042 45 27
2043 31 26
2044 12 9
2045 37 18
2046 5 0
2047 13 9
2048 39 24
2049 32 10
2050 18 34
2051 21 4
2052 9 9
2053 24 4
2054 12 9
2055 11 42
2056 43 15
2057 28 7
2058 18 33
2059 43 9
2060 43 10
2061 37 20
2062 36 18
2063 8 26
2064 13 9
2065 5 1
2066 9 10
2067 25 18
2068 7 30
2069 5 0
2070 7 31
2071 43 9
2072 45 28
2073 37 18
2074 21 3
2075 12 9
2076 36 20
2077 4 36
2078 18 34
2079 5 1
2080 7 26
2081 40 24
2082 11 41
2083 43 10
2084 28 6
2085 18 33
2086 6 41
2087 20 38
2088 11 42
2089 13 9
2090 3 36
2091 11 41
2092 44 15
2093 37 20
2094 12 9
2095 43 15
2096 4 36
2097 24 5
2098 14 43
2099 24 18
2100 21 4
2101 10 2
2102 9 9
2103 7 30
2104 21 38
2105 31 10
2106 44 15
2107 25 18
2108 11 42
2109 8 26
2110 6 42
2111 45 27
2112 6 41
2113 24 18
2114 43 15
2115 20 38
2116 21 38
2117 21 3
2118 39 24
2119 6 42
2120 9 10
2121 45 28
2122 28 7
2123 24 4
2124 40 24
2125 13 9
2126 20 38
2127 44 15
2128 5 0
2129 18 34
2130 32 10
2131 45 22
2132 11 41
2133 6 41
2134 5 1
2135 39 24
2136 12 9
2137 45 23
2138 7 26
2139 31 10
2140 45 22
2141 25 18
2142 11 42
2143 21 38
2144 45 27
2145 7 31
2146 36 20
2147 20 38
2148 43 15
2149 45 23
2150 36 18
2151 37 20
2152 21 4
2153 28 6
2154 3 36
2155 40 24
2156 7 30
2157 39 24
2158 44 15
2159 31 27
2160 11 41
2161 43 9
2162 13 9
2163 7 31
2164 43 15
2165 21 38
2166 31 26
2167 24 5
2168 11 42
2169 44 15
2170 14 44
2171 4 36
2172 21 3
2173 20 38
2174 28 7
2175 32 10
2176 21 4
2177 24 4
2178 21 3
2179 7 30
2180 14 43
2181 6 42
2182 24 18
2183 25 18
2184 31 27
2185 21 38
2186 14 44
2187 8 26
2188 3 36
2189 12 9
2190 45 28
2191 45 27
2192 4 36
2193 45 22
2194 7 26
2195 24 18
2196 45 28
2197 7 31
2198 40 24
2199 7 30
2200 9 9
2201 31 10
2202 7 31
2203 13 9
2204 7 30
2205 45 23
2206 12 9
2207 43 10
2208 14 43
2209 43 15
2210 14 44
2211 44 15
2212 18 33
2213 9 10
2214 20 38
2215 28 6
2216 13 9
2217 21 4
2218 45 27
2219 24 5
2220 43 9
2221 6 41
2222 39 24
2223 21 38
2224 37 18
2225 25 18
2226 21 3
2227 8 26
2228 43 10
2229 18 34
2230 20 38
2231 40 24
2232 21 4
2233 9 9
2234 43 9
2235 36 20
2236 28 7
2237 43 15
2238 45 28
2239 14 43
2240 45 27
2241 36 18
2242 21 38
2243 45 22
2244 9 10
2245 32 10
2246 7 26
2247 43 10
2248 5 0
2249 9 9
2250 3 36
2251 31 10
2252 44 15
2253 20 38
2254 43 15
2255 11 41
2256 44 15
2257 28 6
2258 24 18
2259 37 20
2260 45 28
2261 39 24
2262 24 4
2263 45 23
2264 9 10
2265 7 31
2266 45 27
2267 45 22
2268 4 36
2269 43 9
2270 12 9
2271 45 28
2272 43 10
2273 21 38
2274 45 23
2275 45 22
2276 20 38
2277 9 9
2278 28 7
2279 37 18
2280 21 3
2281 43 15
2282 21 38
2283 7 30
2284 9 10
2285 11 2
2286 31 26
2287 5 1
2288 28 6
2289 45 27
2290 31 27
2291 14 44
2292 10 2
2293 32 10
2294 28 7
2295 45 28
2296 36 18
2297 24 5
2298 28 6
2299 31 26
2300 43 9
2301 21 4
2302 24 4
2303 9 9
2304 36 20
2305 8 26
2306 37 20
2307 31 27
2308 14 43
2309 5 0
2310 3 36
2311 45 27
2312 11 42
2313 7 26
2314 43 10
2315 14 44
2316 45 28
2317 37 18
2318 28 7
2319 40 24
2320 6 42
2321 36 20
2322 11 41
2323 25 18
2324 21 3
2325 37 20
2326 18 33
2327 11 2
2328 36 18
2329 21 4
2330 14 43
2331 31 10
2332 45 23
2333 45 22
2334 32 10
2335 31 26
2336 45 23
2337 10 2
2338 37 18
2339 11 2
2340 31 27
2341 4 36
2342 31 10
2343 32 10
2344 20 38
2345 39 24
2346 7 31
2347 9 10
2348 14 44
2349 10 2
2350 5 1
2351 18 34
2352 40 24
2353 7 30
2354 44 15
2355 45 27
2356 45 28
2357 45 27
2358 28 6
2359 5 0
2360 11 2
2361 8 26
2362 45 22
2363 24 18
2364 43 9
2365 24 5
2366 14 43
2367 18 33
2368 7 31
2369 45 28
2370 31 10
2371 13 9
2372 18 34
2373 7 26
2374 45 23
2375 11 42
2376 18 33
2377 32 10
2378 36 18
2379 11 41
2380 11 42
2381 43 10
2382 18 34
2383 21 38
2384 37 18
2385 31 26
2386 45 27
2387 5 1
2388 7 30
2389 31 10
2390 11 41
2391 36 20
2392 36 18
2393 6 41
2394 31 27
2395 45 22
2396 43 15
2397 9 9
2398 6 42
2399 9 10
2400 28 7
2401 9 9
2402 8 26
2403 43 9
2404 37 20
2405 43 10
2406 32 10
2407 28 6
2408 28 7
2409 36 20
2410 45 23
2411 11 42
2412 18 33
2413 37 18
2414 24 4
2415 9 10
2416 11 41
2417 45 22
2418 14 44
2419 24 5
2420 31 10
2421 45 28
2422 10 2
2423 44 15
2424 11 42
2425 7 31
2426 31 26
2427 21 3
2428 20 38
2429 21 38
2430 36 18
2431 37 20
2432 45 23
2433 14 43
2434 39 24
2435 31 27
2436 11 2
2437 21 4
2438 9 9
2439 10 2
2440 25 18
2441 9 10
2442 36 20
2443 40 24
2444 32 10
2445 12 9
2446 37 20
2447 37 18
2448 36 20
2449 24 18
2450 31 10
2451 20 38
2452 45 22
2453 31 26
2454 43 15
2455 24 4
2456 6 41
2457 37 20
2458 7 26
2459 36 18
2460 44 15
2461 6 42
2462 14 44
2463 45 23
2464 7 30
2465 25 18
2466 31 27
2467 37 18
2468 14 43
2469 28 6
2470 45 27
2471 36 20
2472 39 24
2473 32 10
2474 36 18
2475 45 28
2476 21 3
2477 7 31
2478 11 41
2479 43 15
2480 43 9
2481 6 41
2482 45 22
2483 5 0
2484 24 5
2485 31 26
2486 31 27
2487 43 10
2488 3 36
2489 13 9
2490 31 26
2491 18 34
2492 11 42
2493 21 4
2494 24 18
2495 31 27
2496 31 10
2497 12 9
2498 11 41
2499 44 15
2500 45 23
2501 40 24
2502 11 2
2503 37 18
2504 5 1
2505 13 9
2506 6 42
2507 25 18
2508 11 42
2509 8 26
2510 9 9
2511 43 15
2512 7 30
2513 39 24
2514 4 36
2515 5 0
2516 18 33
2517 18 34
2518 5 1
2519 7 26
2520 45 22
2521 44 15
2522 21 3
2523 5 0
2524 36 18
2525 5 1
2526 10 2
2527 6 41
2528 9 10
2529 24 4
2530 43 9
2531 21 38
2532 37 20
2533 11 41
2534 40 24
2535 5 0
2536 18 33
2537 7 31
2538 5 1
2539 11 2
2540 20 38
2541 3 36
2542 45 23
2543 43 10
2544 14 44
2545 24 5
2546 8 26
2547 10 2
2548 7 30
2549 43 9
2550 7 26
2551 31 26
2552 28 7
2553 4 36
2554 43 10
2555 7 31
2556 11 42
2557 3 36
2558 21 38
2559 43 15
2560 39 24
2561 43 9
2562 20 38
2563 44 15
2564 40 24
2565 24 4
2566 21 38
2567 43 15
2568 24 5
2569 37 18
2570 36 20
2571 43 10
2572 44 15
2573 43 9
2574 8 26
2575 39 24
2576 12 9
2577 13 9
2578 7 30
2579 43 15
2580 45 27
2581 4 36
2582 45 28
2583 45 27
2584 5 0
2585 44 15
2586 36 18
2587 12 9
2588 7 31
2589 21 4
2590 11 41
2591 20 38
2592 45 28
2593 5 1
2594 45 22
2595 18 34
2596 9 9
2597 45 23
2598 45 22
2599 11 42
2600 11 2
2601 10 2
2602 18 33
2603 11 2
2604 43 10
2605 13 9
2606 10 2
2607 14 43
2608 40 24
2609 45 23
2610 14 44
2611 12 9
2612 21 38
2613 39 24
2614 5 0
2615 13 9
2616 32 10
2617 28 6
2618 24 4
2619 14 43
2620 45 27
2621 7 26
2622 11 41
2623 37 18
2624 45 28
2625 36 18
2626 9 10
2627 45 27
2628 18 34
2629 6 42
2630 43 9
2631 11 42
2632 18 33
2633 45 28
2634 40 24
2635 20 38
2636 14 44
2637 9 9
2638 39 24
2639 21 38
2640 11 41
2641 37 20
2642 5 1
2643 8 26
2644 31 27
2645 24 5
2646 24 18
2647 20 38
2648 6 41
2649 36 20
2650 25 18
2651 5 0
2652 21 38
2653 31 26
2654 11 2
2655 21 3
2656 6 42
2657 43 10
2658 31 10
2659 18 34
2660 20 38
2661 43 9
2662 21 4
2663 5 1
2664 37 20
2665 45 22
2666 28 7
2667 40 24
2668 28 6
2669 10 2
2670 32 10
2671 21 3
2672 37 18
2673 7 26
2674 36 20
2675 24 4
2676 45 27
2677 11 42
2678 8 26
2679 28 7
2680 39 24
2681 28 6
2682 45 28
2683 21 38
2684 9 10
2685 24 18
2686 7 30
2687 43 15
2688 31 27
2689 12 9
2690 6 41
2691 20 38
2692 14 43
2693 11 2
2694 37 20
2695 3 36
2696 25 18
2697 6 42
2698 44 15
2699 18 33
2700 24 5
2701 7 31
2702 4 36
2703 11 41
2704 14 44
2705 43 10
2706 5 0
2707 11 42
2708 28 7
2709 21 38
2710 36 18
2711 37 18
2712 45 23
2713 13 9
2714 20 38
2715 31 26
2716 3 36
2717 18 34
2718 18 33
2719 28 6
2720 45 22
2721 24 18
2722 24 4
2723 43 9
2724 21 4
2725 11 41
2726 5 1
2727 36 20
2728 24 5
2729 31 10
2730 21 38
2731 6 41
2732 20 38
2733 45 23
2734 18 34
2735 5 0
2736 10 2
2737 32 10
2738 28 7
2739 36 18
2740 37 18
2741 43 10
2742 7 26
2743 4 36
2744 25 18
2745 28 6
2746 18 33
2747 36 18
2748 28 7
2749 37 18
2750 31 10
2751 45 27
2752 28 6
2753 11 2
2754 5 1
2755 43 15
2756 12 9
2757 13 9
2758 31 27
2759 43 9
2760 14 43
2761 12 9
2762 7 30
2763 24 4
2764 11 42
2765 45 28
2766 21 38
2767 10 2
2768 37 20
2769 24 5
2770 20 38
2771 6 42
2772 24 4
2773 44 15
2774 43 10
2775 18 34
2776 5 0
2777 40 24
2778 11 2
2779 24 18
2780 6 41
2781 7 31
2782 21 38
2783 28 7
2784 36 20
2785 21 3
2786 6 42
2787 11 41
2788 5 1
2789 43 15
2790 5 0
2791 6 41
2792 18 33
2793 10 2
2794 36 18
2795 14 44
2796 5 1
2797 45 22
2798 44 15
2799 18 34
2800 45 23
2801 45 22
2802 11 42
2803 45 23
2804 45 22
2805 18 33
2806 43 9
2807 31 26
2808 43 15
2809 21 4
2810 6 42
2811 28 6
2812 20 38
2813 13 9
2814 32 10
2815 21 38
2816 21 3
2817 20 38
2818 28 7
2819 45 27
2820 31 10
2821 21 38
2822 31 27
2823 11 41
2824 11 2
2825 9 9
2826 7 30
2827 28 6
2828 45 23
2829 12 9
2830 44 15
2831 31 26
2832 11 42
2833 18 34
2834 45 28
2835 18 33
2836 31 27
2837 14 43
2838 43 10
2839 25 18
2840 39 24
2841 24 18
2842 14 44
2843 20 38
2844 32 10
2845 43 15
2846 7 31
2847 37 18
2848 36 18
2849 13 9
2850 28 7
2851 40 24
2852 5 0
2853 37 18
2854 8 26
2855 6 41
2856 45 22
2857 44 15
2858 28 6
2859 14 43
2860 39 24
2861 7 30
2862 3 36
2863 4 36
2864 5 1
2865 31 26
2866 31 27
2867 14 44
2868 28 7
2869 7 26
2870 7 31
2871 31 26
2872 3 36
2873 8 26
2874 31 27
2875 18 34
2876 21 4
2877 10 2
2878 43 9
2879 31 10
2880 11 41
2881 25 18
2882 36 18
2883 45 27
2884 24 18
2885 14 43
2886 12 9
2887 31 26
2888 21 3
2889 45 23
2890 7 26
2891 24 5
2892 8 26
2893 7 26
2894 14 44
2895 45 22
2896 28 6
2897 18 33
2898 32 10
2899 11 42
2900 18 34
2901 31 27
2902 40 24
2903 8 26
2904 28 7
2905 28 6
2906 7 30
2907 7 31
2908 43 10
2909 45 28
2910 25 18
2911 31 26
2912 24 4
2913 24 5
2914 28 7
2915 31 27
2916 14 43
2917 24 4
2918 43 9
2919 37 18
2920 45 27
2921 45 23
2922 11 2
2923 7 30
2924 11 41
2925 11 42
2926 11 41
2927 37 20
2928 14 44
2929 39 24
2930 31 10
2931 6 42
2932 7 26
2933 4 36
2934 7 31
2935 9 10
2936 21 38
2937 6 41
2938 8 26
2939 21 4
2940 28 6
2941 45 22
2942 20 38
2943 10 2
2944 40 24
2945 28 7
2946 11 42
2947 14 43
2948 5 0
2949 24 18
2950 21 38
2951 5 1
2952 7 26
2953 32 10
2954 6 42
2955 31 10
2956 11 2
2957 39 24
2958 36 20
2959 3 36
2960 32 10
2961 11 41
2962 21 3
2963 45 28
2964 4 36
2965 6 41
2966 40 24
2967 45 27
2968 11 42
2969 24 5
2970 24 4
2971 14 44
2972 7 30
2973 14 43
2974 25 18
2975 11 41
2976 3 36
2977 4 36
2978 36 18
2979 8 26
2980 7 31
2981 11 42
2982 31 10
2983 5 0
2984 7 30
2985 37 18
2986 5 1
2987 10 2
2988 24 5
2989 20 38
2990 32 10
2991 13 9
2992 14 44
2993 7 26
2994 24 4
2995 45 28
2996 11 41
2997 37 20
2998 43 15
2999 21 4
3000 14 43
3001 18 33
3002 24 5
3003 11 2
3004 36 20
3005 43 10
3006 12 9
3007 21 38
3008 45 27
3009 7 31
3010 36 18
3011 3 36
3012 6 42
3013 43 9
3014 39 24
3015 6 41
3016 18 34
3017 40 24
3018 24 4
3019 44 15
3020 5 0
3021 20 38
3022 31 10
3023 11 42
3024 11 41
3025 21 3
3026 8 26
3027 37 20
3028 7 26
3029 28 6
3030 11 42
3031 8 26
3032 43 10
3033 43 15
3034 32 10
3035 44 15
3036 31 26
3037 39 24
3038 24 18
3039 43 15
3040 44 15
3041 5 1
3042 11 41
3043 10 2
3044 36 20
3045 11 42
3046 31 27
3047 5 0
3048 6 42
3049 9 9
3050 40 24
3051 13 9
3052 31 26
3053 12 9
3054 11 41
3055 11 42
3056 21 38
3057 45 23
3058 11 41
3059 6 41
3060 37 18
3061 24 5
3062 45 28
3063 13 9
3064 11 2
3065 36 18
3066 12 9
3067 13 9
3068 25 18
3069 24 18
3070 45 22
3071 5 1
3072 18 33
3073 18 34
3074 12 9
3075 37 18
3076 5 0
3077 24 4
3078 10 2
3079 37 20
3080 20 38
3081 11 2
3082 28 7
3083 45 23
3084 25 18
3085 39 24
3086 31 27
3087 45 27
3088 36 20
3089 21 4
3090 7 26
3091 6 42
3092 18 33
3093 37 20
3094 43 15
3095 5 1
3096 44 15
3097 36 18
3098 13 9
3099 43 15
3100 37 18
3101 12 9
3102 8 26
3103 7 30
3104 45 28
3105 28 6
3106 13 9
3107 44 15
3108 40 24
3109 21 38
3110 6 41
3111 36 18
3112 6 42
3113 36 20
3114 9 10
3115 45 22
3116 4 36
3117 14 44
3118 37 20
3119 3 36
3120 31 10
3121 4 36
3122 20 38
3123 21 38
3124 10 2
3125 21 3
3126 14 43
3127 20 38
3128 43 15
3129 6 41
3130 12 9
3131 7 31
3132 14 44
3133 6 42
3134 5 0
3135 11 2
3136 10 2
3137 39 24
3138 24 5
3139 28 7
3140 7 26
3141 8 26
3142 31 26
3143 3 36
3144 31 27
3145 32 10
3146 6 41
3147 21 38
3148 31 10
3149 13 9
3150 7 26
3151 5 1
3152 40 24
3153 39 24
3154 11 42
3155 28 6
3156 12 9
3157 24 4
3158 24 18
3159 8 26
3160 40 24
3161 18 34
3162 20 38
3163 7 30
3164 31 26
3165 32 10
3166 45 27
3167 4 36
3168 31 27
3169 6 42
3170 5 0
3171 11 41
3172 36 20
3173 45 23
3174 24 5
3175 44 15
3176 43 9
3177 3 36
3178 25 18
3179 21 4
3180 18 33
3181 18 34
3182 31 10
3183 7 31
3184 6 41
3185 7 26
3186 11 42
3187 13 9
3188 14 43
3189 43 10
3190 12 9
3191 43 9
3192 31 26
3193 43 15
3194 32 10
3195 5 1
3196 21 38
3197 5 0
3198 13 9
3199 12 9
3200 45 28
3201 37 20
3202 36 20
3203 18 33
3204 20 38
3205 45 27
3206 37 18
3207 11 2
3208 8 26
3209 4 36
3210 36 18
3211 44 15
3212 10 2
3213 6 42
3214 18 34
3215 9 9
3216 7 26
3217 14 44
3218 28 7
3219 45 28
3220 21 38
3221 43 10
3222 8 26
3223 31 10
3224 43 9
3225 7 30
3226 13 9
3227 6 41
3228 14 43
3229 37 20
3230 20 38
3231 7 26
3232 37 18
3233 45 27
3234 7 31
3235 45 28
3236 24 4
3237 21 38
3238 6 42
3239 14 44
3240 43 10
3241 11 41
3242 18 33
3243 43 15
3244 45 22
3245 12 9
3246 11 2
3247 20 38
3248 14 43
3249 3 36
3250 45 23
3251 36 18
3252 39 24
3253 45 27
3254 11 42
3255 45 28
3256 24 18
3257 18 34
3258 7 30
3259 21 38
3260 24 5
3261 44 15
3262 6 41
3263 14 44
3264 32 10
3265 31 27
3266 40 24
3267 4 36
3268 11 41
3269 43 9
3270 13 9
3271 24 4
3272 28 6
3273 45 27
3274 20 38
3275 45 28
3276 36 20
3277 9 10
3278 43 15
3279 25 18
3280 18 33
3281 28 7
3282 21 38
3283 6 42
3284 44 15
3285 39 24
3286 14 43
3287 37 18
3288 40 24
3289 24 5
3290 24 18
3291 18 34
3292 37 20
3293 21 3
3294 31 26
3295 3 36
3296 18 33
3297 7 31
3298 18 34
3299 8 26
3300 36 18
3301 20 38
3302 24 4
3303 31 27
3304 36 20
3305 45 27
3306 45 22
3307 39 24
3308 28 6
3309 11 42
3310 14 44
3311 31 10
3312 40 24
3313 37 20
3314 14 43
3315 25 18
3316 6 41
3317 39 24
3318 12 9
3319 4 36
3320 9 9
3321 21 4
3322 24 18
3323 28 7
3324 31 26
3325 45 28
3326 37 18
3327 10 2
3328 11 41
3329 7 30
3330 9 10
3331 13 9
3332 12 9
3333 21 3
3334 18 33
3335 7 31
3336 31 27
3337 14 44
3338 43 10
3339 28 6
3340 9 9
3341 13 9
3342 36 20
3343 6 42
3344 12 9
3345 5 1
3346 25 18
3347 7 30
3348 43 15
3349 11 2
3350 21 4
3351 45 23
3352 11 42
3353 10 2
3354 11 2
3355 18 34
3356 45 22
3357 6 41
3358 24 5
3359 11 41
3360 21 38
3361 11 42
3362 24 4
3363 5 0
3364 7 31
3365 24 18
3366 13 9
3367 3 36
3368 43 9
3369 12 9
3370 10 2
3371 36 18
3372 45 27
3373 7 26
3374 5 1
3375 44 15
3376 43 15
3377 11 41
3378 21 3
3379 43 10
3380 8 26
3381 7 26
3382 37 20
3383 28 7
3384 14 43
3385 20 38
3386 24 5
3387 4 36
3388 13 9
3389 44 15
3390 7 30
3391 11 42
3392 14 44
3393 43 9
3394 43 10
3395 24 4
3396 43 9
3397 40 24
3398 24 5
3399 37 18
3400 25 18
3401 14 43
3402 3 36
3403 28 6
3404 5 0
3405 36 20
3406 32 10
3407 24 18
3408 9 10
3409 37 20
3410 39 24
3411 28 7
3412 4 36
3413 40 24
3414 5 1
3415 24 4
3416 18 33
3417 24 5
3418 36 18
3419 21 38
3420 11 2
3421 37 18
3422 8 26
3423 31 26
3424 3 36
3425 18 34
3426 45 28
3427 12 9
3428 7 31
3429 43 15
3430 28 6
3431 45 27
3432 39 24
3433 13 9
3434 31 27
3435 20 38
3436 45 23
3437 18 33
3438 9 9
3439 10 2
3440 31 26
3441 44 15
3442 28 7
3443 24 4
3444 11 2
3445 36 20
3446 25 18
3447 7 30
3448 40 24
3449 11 41
3450 9 10
3451 5 0
3452 10 2
3453 11 42
3454 18 34
3455 37 20
3456 11 2
3457 45 22
3458 7 31
3459 5 1
3460 36 20
3461 5 0
3462 12 9
3463 21 38
3464 24 5
3465 21 4
3466 14 44
3467 14 43
3468 6 42
3469 11 41
3470 31 27
3471 10 2
3472 11 42
3473 31 10
3474 18 33
3475 43 15
3476 36 18
3477 31 26
3478 43 10
3479 43 9
3480 4 36
3481 31 27
3482 20 38
3483 28 6
3484 7 26
3485 37 18
3486 8 26
3487 13 9
3488 36 18
3489 44 15
3490 21 38
3491 31 26
3492 45 23
3493 37 20
3494 3 36
3495 11 41
3496 36 20
3497 43 10
3498 7 30
3499 11 42
3500 18 34
3501 5 1
3502 7 31
3503 37 18
3504 45 28
3505 12 9
3506 43 15
3507 43 9
3508 28 7
3509 6 41
3510 44 15
3511 20 38
3512 24 4
3513 6 42
3514 45 22
3515 43 15
3516 14 44
3517 4 36
3518 24 18
3519 13 9
3520 37 20
3521 18 33
3522 11 41
3523 6 41
3524 5 0
3525 6 42
3526 11 2
3527 14 43
3528 39 24
3529 3 36
3530 40 24
3531 24 5
3532 6 41
3533 32 10
3534 43 10
3535 31 27
3536 21 3
3537 11 42
3538 14 44
3539 25 18
3540 10 2
3541 7 30
3542 14 43
3543 11 2
3544 7 31
3545 36 20
3546 24 18
3547 24 4
3548 7 26
3549 14 44
3550 45 27
3551 28 6
3552 21 38
3553 39 24
3554 9 9
3555 9 10
3556 14 43
3557 5 1
3558 43 9
3559 40 24
3560 31 26
3561 9 9
3562 44 15
3563 6 42
3564 8 26
3565 12 9
3566 45 23
3567 6 41
3568 39 24
3569 43 10
3570 43 9
3571 43 15
3572 21 4
3573 7 30
3574 37 20
3575 40 24
3576 10 2
3577 43 10
3578 7 26
3579 21 3
3580 28 7
3581 13 9
3582 9 10
3583 20 38
3584 43 9
3585 31 27
3586 36 20
3587 5 0
3588 5 1
3589 4 36
3590 11 2
3591 24 5
3592 25 18
3593 24 18
3594 18 34
3595 39 24
3596 21 38
3597 44 15
3598 25 18
3599 43 10
3600 9 9
3601 45 22
3602 6 42
3603 31 26
3604 45 28
3605 18 33
3606 18 34
3607 20 38
3608 21 4
3609 37 20
3610 31 10
3611 36 18
3612 24 4
3613 9 10
3614 43 15
3615 18 33
3616 11 41
3617 9 9
3618 24 5
3619 45 27
3620 32 10
3621 45 28
3622 45 27
3623 14 44
3624 45 28
3625 31 10
3626 36 20
3627 28 6
3628 31 27
3629 31 26
3630 12 9
3631 10 2
3632 5 0
3633 24 18
3634 28 7
3635 7 31
3636 18 34
3637 18 33
3638 14 43
3639 45 27
3640 11 2
3641 21 38
3642 7 30
3643 25 18
3644 3 36
3645 31 27
3646 28 6
3647 31 26
3648 31 27
3649 20 38
3650 45 23
3651 5 1
3652 40 24
3653 5 0
3654 6 41
3655 45 22
3656 24 4
3657 9 10
3658 39 24
3659 6 42
3660 14 44
3661 21 38
3662 20 38
3663 8 26
3664 31 26
3665 7 31
3666 9 9
3667 44 15
3668 21 3
3669 4 36
3670 11 42
3671 13 9
3672 18 34
3673 37 18
3674 6 41
3675 43 15
3676 5 1
3677 24 5
3678 36 18
3679 32 10
3680 12 9
3681 45 28
3682 21 4
3683 7 26
3684 40 24
3685 11 41
3686 8 26
3687 24 18
3688 37 18
3689 25 18
3690 14 43
3691 14 44
3692 24 4
3693 6 42
3694 6 41
3695 18 33
3696 31 27
3697 45 23
3698 21 3
3699 44 15
3700 3 36
3701 7 26
3702 5 0
3703 24 18
3704 5 1
3705 31 10
3706 43 9
3707 28 7
3708 10 2
3709 32 10
3710 45 22
3711 39 24
3712 25 18
3713 21 38
3714 18 34
3715 40 24
3716 14 43
3717 5 0
3718 36 18
3719 24 5
3720 31 26
3721 31 27
3722 21 4
3723 37 20
3724 36 20
3725 24 18
3726 31 10
3727 24 4
3728 5 1
3729 21 3
3730 31 26
3731 45 23
3732 8 26
3733 45 22
3734 11 2
3735 11 42
3736 45 23
3737 7 30
3738 10 2
3739 43 15
3740 25 18
3741 37 20
3742 7 31
3743 24 5
3744 37 18
3745 7 26
3746 21 4
3747 11 41
3748 21 3
3749 39 24
3750 8 26
3751 43 10
3752 24 4
3753 6 42
3754 11 42
3755 24 18
3756 36 18
3757 18 33
3758 14 44
3759 37 18
3760 4 36
3761 18 34
3762 7 26
3763 36 18
3764 9 10
3765 40 24
3766 39 24
3767 9 9
3768 28 6
3769 6 41
3770 3 36
3771 9 10
3772 44 15
3773 45 27
3774 5 0
3775 4 36
3776 13 9
3777 18 33
3778 12 9
3779 14 43
3780 11 41
3781 8 26
3782 43 15
3783 5 1
3784 37 18
3785 36 20
3786 24 5
3787 13 9
3788 25 18
3789 5 0
3790 12 9
3791 37 20
3792 20 38
3793 21 38
3794 6 42
3795 36 20
3796 20 38
3797 11 2
3798 36 18
3799 5 1
3800 7 30
3801 24 4
3802 31 27
3803 21 4
3804 11 42
3805 14 44
3806 45 28
3807 44 15
3808 32 10
3809 10 2
3810 45 22
3811 13 9
3812 37 18
3813 7 26
3814 28 7
3815 21 38
3816 24 5
3817 43 15
3818 14 43
3819 24 4
3820 31 26
3821 5 0
3822 40 24
3823 37 20
3824 31 27
3825 28 6
3826 21 3
3827 6 41
3828 8 26
3829 7 31
3830 39 24
3831 31 10
3832 43 9
3833 9 9
3834 5 1
3835 14 44
3836 36 20
3837 28 7
3838 32 10
3839 6 42
3840 9 10
3841 11 41
3842 3 36
3843 28 6
3844 7 26
3845 36 18
3846 4 36
3847 11 2
3848 28 7
3849 28 6
3850 44 15
3851 24 18
3852 3 36
3853 37 20
3854 28 7
3855 24 5
3856 43 10
3857 28 6
3858 31 10
3859 6 41
3860 9 9
3861 24 4
3862 12 9
3863 5 0
3864 5 1
3865 9 10
3866 13 9
3867 6 42
3868 40 24
3869 4 36
3870 12 9
3871 31 26
3872 7 30
3873 37 18
3874 13 9
3875 20 38
3876 43 9
3877 43 15
3878 21 38
3879 12 9
3880 20 38
3881 3 36
3882 31 27
3883 32 10
3884 4 36
3885 7 31
3886 18 34
3887 11 42
3888 36 18
3889 36 20
3890 7 30
3891 9 9
3892 37 20
3893 44 15
3894 37 18
3895 11 41
3896 24 5
3897 3 36
3898 6 41
3899 7 31
3900 31 26
3901 11 42
3902 8 26
3903 43 15
3904 7 30
3905 45 23
3906 36 18
3907 6 42
3908 7 31
3909 18 33
3910 45 22
3911 44 15
3912 39 24
3913 21 4
3914 36 20
3915 6 41
3916 31 27
3917 5 0
3918 21 38
3919 7 26
3920 28 7
3921 20 38
3922 21 38
3923 28 6
3924 31 26
3925 6 42
3926 4 36
3927 43 10
3928 28 7
3929 28 6
3930 11 41
3931 45 23
3932 9 10
3933 18 34
3934 14 43
3935 13 9
3936 37 18
3937 21 3
3938 24 4
3939 5 1
3940 37 20
3941 43 9
3942 40 24
3943 18 33
3944 25 18
3945 36 18
3946 18 34
3947 37 18
3948 8 26
3949 45 27
3950 18 33
3951 36 18
3952 45 28
3953 11 42
3954 14 44
3955 3 36
3956 10 2
3957 5 0
3958 39 24
3959 40 24
3960 18 34
3961 7 26
3962 31 10
3963 31 27
3964 7 30
3965 43 15
3966 12 9
3967 31 26
3968 8 26
3969 5 1
3970 9 9
3971 43 10
3972 6 41
3973 36 20
3974 20 38
3975 37 18
3976 32 10
3977 5 0
3978 13 9
3979 28 7
3980 31 10
3981 39 24
3982 11 41
3983 9 10
3984 12 9
3985 5 1
3986 11 42
3987 43 9
3988 11 2
3989 5 0
3990 21 38
3991 24 18
3992 21 4
3993 10 2
3994 14 43
3995 45 22
3996 43 10
3997 32 10
3998 13 9
3999 7 31
4000 31 27
4001 31 10
4002 37 20
4003 45 23
4004 5 1
4005 4 36
4006 40 24
4007 7 30
4008 3 36
4009 45 22
4010 7 26
4011 28 6
4012 9 9
4013 7 31
4014 45 23
4015 11 2
4016 25 18
4017 39 24
4018 21 3
4019 24 18
4020 12 9
4021 36 20
4022 25 18
4023 9 10
4024 4 36
4025 13 9
4026 45 27
4027 31 26
4028 3 36
4029 12 9
4030 10 2
4031 18 33
4032 5 0
4033 45 22
4034 32 10
4035 28 7
4036 24 18
4037 45 28
4038 45 23
4039 18 34
4040 31 27
4041 28 6
4042 5 1
4043 31 10
4044 40 24
4045 13 9
4046 32 10
4047 36 18
4048 11 41
4049 31 10
4050 39 24
4051 31 26
4052 12 9
4053 18 33
4054 7 30
4055 5 0
4056 45 27
4057 25 18
4058 6 42
4059 5 1
4060 14 44
4061 24 18
4062 25 18
4063 13 9
4064 6 41
4065 20 38
4066 4 36
4067 45 28
4068 21 4
4069 11 42
4070 11 41
4071 31 27
4072 40 24
4073 37 20
4074 14 43
4075 31 26
4076 31 27
4077 21 38
4078 32 10
4079 45 22
4080 18 34
4081 45 23
4082 45 27
4083 45 22
4084 43 9
4085 18 33
4086 18 34
4087 39 24
4088 7 31
4089 31 26
4090 11 2
4091 8 26
4092 3 36
4093 20 38
4094 21 38
4095 20 38
4096 40 24
4097 39 24
4098 11 42
4099 21 3
4100 9 9
4101 36 20
4102 24 5
4103 45 28
4104 40 24
4105 24 4
4106 7 26
4107 6 42
4108 45 23
4109 12 9
4110 44 15
4111 10 2
4112 45 27
4113 45 22
4114 11 41
4115 24 18
4116 21 4
4117 18 33
4118 11 42
4119 21 38
4120 11 41
4121 8 26
4122 6 41
4123 4 36
4124 43 10
4125 11 42
4126 5 0
4127 21 3
4128 45 23
4129 18 34
4130 20 38
4131 18 33
4132 6 42
4133 18 34
4134 11 41
4135 28 7
4136 31 27
4137 31 26
4138 24 5
4139 18 33
4140 6 41
4141 45 22
4142 7 30
4143 11 42
4144 37 18
4145 37 20
4146 14 44
4147 11 2
4148 36 20
4149 14 43
4150 9 10
4151 10 2
4152 9 9
4153 45 23
4154 31 10
4155 21 4
4156 7 26
4157 36 18
4158 24 4
4159 13 9
4160 39 24
4161 14 44
4162 11 41
4163 9 10
4164 11 2
4165 18 34
4166 10 2
4167 25 18
4168 3 36
4169 11 2
4170 21 3
4171 10 2
4172 43 15
4173 45 28
4174 28 6
4175 8 26
4176 11 2
4177 14 43
4178 7 26
4179 45 22
4180 21 38
4181 11 42
4182 21 4
4183 10 2
4184 6 42
4185 37 20
4186 31 27
4187 45 23
4188 11 41
4189 45 27
4190 37 18
4191 20 38
4192 45 28
4193 40 24
4194 9 9
4195 36 18
4196 36 20
4197 4 36
4198 45 27
4199 11 2
4200 28 7
4201 24 18
4202 45 28
4203 6 41
4204 37 18
4205 14 44
4206 5 1
4207 14 43
4208 6 42
4209 6 41
4210 44 15
4211 25 18
4212 6 42
4213 28 6
4214 45 22
4215 5 0
4216 11 42
4217 36 18
4218 31 26
4219 28 7
4220 12 9
4221 6 41
4222 21 3
4223 5 1
4224 24 18
4225 11 41
4226 43 9
4227 24 5
4228 43 10
4229 3 36
4230 8 26
4231 7 31
4232 4 36
4233 25 18
4234 3 36
4235 9 10
4236 9 9
4237 24 4
4238 5 0
4239 21 38
4240 39 24
4241 40 24
4242 31 27
4243 24 5
4244 10 2
4245 43 15
4246 28 6
4247 24 18
4248 20 38
4249 37 18
4250 13 9
4251 25 18
4252 43 9
4253 18 33
4254 24 18
4255 7 30
4256 44 15
4257 7 26
4258 5 1
4259 21 38
4260 45 27
4261 6 42
4262 25 18
4263 45 23
4264 36 18
4265 28 7
4266 8 26
4267 20 38
4268 18 34
4269 28 6
4270 37 20
4271 4 36
4272 11 2
4273 12 9
4274 43 15
4275 45 22
4276 43 10
4277 45 23
4278 37 18
4279 43 9
4280 5 0
4281 36 20
4282 11 42
4283 18 33
4284 28 7
4285 10 2
4286 45 22
4287 3 36
4288 37 20
4289 45 23
4290 7 26
4291 45 28
4292 28 6
4293 4 36
4294 9 10
4295 45 27
4296 5 1
4297 5 0
4298 24 18
4299 11 2
4300 7 31
4301 44 15
4302 5 1
4303 36 18
4304 21 4
4305 18 34
4306 21 38
4307 14 44
4308 36 20
4309 24 4
4310 13 9
4311 8 26
4312 45 28
4313 6 41
4314 3 36
4315 43 15
4316 25 18
4317 43 10
4318 7 26
4319 28 7
4320 31 26
4321 32 10
4322 37 20
4323 43 9
4324 36 20
4325 9 9
4326 14 43
4327 4 36
4328 10 2
4329 6 42
4330 18 33
4331 6 41
4332 45 22
4333 9 10
4334 31 10
4335 45 27
4336 37 18
4337 21 3
4338 37 20
4339 39 24
4340 12 9
4341 21 4
4342 20 38
4343 28 6
4344 14 44
4345 14 43
4346 13 9
4347 24 18
4348 32 10
4349 14 44
4350 12 9
4351 8 26
4352 13 9
4353 11 2
4354 44 15
4355 18 34
4356 31 10
4357 36 20
4358 21 3
4359 31 27
4360 40 24
4361 28 7
4362 18 33
4363 5 0
4364 31 26
4365 43 10
4366 7 30
4367 24 5
4368 11 41
4369 43 15
4370 36 18
4371 10 2
4372 45 28
4373 11 2
4374 10 2
4375 39 24
4376 24 4
4377 45 27
4378 24 5
4379 7 26
4380 45 28
4381 18 34
4382 11 42
4383 25 18
4384 18 33
4385 6 42
4386 45 27
4387 44 15
4388 45 23
4389 9 9
4390 11 2
4391 14 43
4392 24 18
4393 31 27
4394 3 36
4395 31 26
4396 37 18
4397 37 20
4398 45 28
4399 4 36
4400 8 26
4401 5 1
4402 7 31
4403 18 34
4404 40 24
4405 28 6
4406 32 10
4407 9 10
4408 45 22
4409 11 41
4410 11 42
4411 45 23
4412 39 24
4413 14 44
4414 45 27
4415 43 9
4416 6 41
4417 28 7
4418 9 9
4419 45 28
4420 18 33
4421 31 27
4422 11 41
4423 36 18
4424 7 26
4425 43 15
4426 36 20
4427 21 4
4428 45 22
4429 3 36
4430 14 43
4431 5 0
4432 21 3
4433 6 42
4434 18 34
4435 7 30
4436 45 27
4437 31 26
4438 37 18
4439 25 18
4440 37 20
4441 31 10
4442 43 10
4443 36 18
4444 32 10
4445 12 9
4446 36 20
4447 6 41
4448 40 24
4449 31 27
4450 31 26
4451 24 4
4452 24 18
4453 8 26
4454 7 31
4455 18 33
4456 13 9
4457 39 24
4458 7 26
4459 43 9
4460 14 44
4461 14 43
4462 10 2
4463 24 5
4464 18 34
4465 37 18
4466 4 36
4467 45 28
4468 9 10
4469 14 44
4470 9 9
4471 28 6
4472 5 1
4473 45 23
4474 18 33
4475 36 18
4476 6 42
4477 43 10
4478 12 9
4479 43 9
4480 31 27
4481 37 20
4482 43 10
4483 44 15
4484 36 20
4485 6 41
4486 3 36
4487 31 10
4488 7 30
4489 45 27
4490 32 10
4491 11 42
4492 31 10
4493 11 2
4494 8 26
4495 13 9
4496 43 9
4497 37 18
4498 11 41
4499 9 10
4500 37 20
4501 40 24
4502 28 7
4503 21 38
4504 45 22
4505 7 26
4506 6 42
4507 12 9
4508 43 10
4509 45 23
4510 6 41
4511 6 42
4512 36 18
4513 4 36
4514 14 43
4515 28 6
4516 3 36
4517 25 18
4518 18 34
4519 20 38
4520 45 22
4521 8 26
4522 37 18
4523 43 15
4524 45 28
4525 45 23
4526 45 27
4527 18 33
4528 18 34
4529 28 7
4530 28 6
4531 31 26
4532 24 4
4533 36 18
4534 44 15
4535 28 7
4536 7 31
4537 21 4
4538 32 10
4539 14 44
4540 43 9
4541 11 42
4542 31 10
4543 21 38
4544 36 20
4545 6 41
4546 7 26
4547 21 3
4548 45 22
4549 45 23
4550 4 36
4551 45 22
4552 5 0
4553 43 15
4554 3 36
4555 8 26
4556 24 18
4557 6 42
4558 14 43
4559 5 1
4560 25 18
4561 37 18
4562 9 9
4563 6 41
4564 24 5
4565 37 20
4566 31 27
4567 5 0
4568 24 4
4569 10 2
4570 36 20
4571 39 24
4572 37 20
4573 13 9
4574 14 44
4575 45 23
4576 12 9
4577 36 20
4578 6 42
4579 43 10
4580 24 5
4581 24 18
4582 5 1
4583 31 26
4584 13 9
4585 21 4
4586 14 43
4587 43 9
4588 9 10
4589 11 2
4590 45 22
4591 12 9
4592 40 24
4593 6 41
4594 6 42
4595 31 27
4596 44 15
4597 7 26
4598 43 15
4599 28 6
4600 10 2
4601 20 38
4602 21 38
4603 21 3
4604 24 4
4605 45 23
4606 8 26
4607 13 9
4608 31 26
4609 21 4
4610 28 7
4611 37 20
4612 31 27
4613 39 24
4614 43 10
4615 32 10
4616 43 9
4617 9 9
4618 40 24
4619 4 36
4620 43 10
4621 24 5
4622 31 26
4623 31 27
4624 7 26
4625 36 20
4626 37 20
4627 20 38
4628 21 38
4629 24 4
4630 18 33
4631 31 26
4632 14 44
4633 31 27
4634 14 43
4635 28 6
4636 18 34
4637 7 30
4638 45 28
4639 21 3
4640 7 31
4641 20 38
4642 31 10
4643 28 7
4644 14 44
4645 45 27
4646 39 24
4647 7 30
4648 18 33
4649 3 36
4650 14 43
4651 36 18
4652 11 41
4653 18 34
4654 28 6
4655 11 42
4656 36 20
4657 11 2
4658 4 36
4659 10 2
4660 31 26
4661 37 18
4662 32 10
4663 21 4
4664 44 15
4665 43 9
4666 24 5
4667 9 10
4668 28 7
4669 25 18
4670 11 41
4671 31 27
4672 6 41
4673 18 33
4674 21 38
4675 43 15
4676 36 18
4677 28 6
4678 9 9
4679 24 4
4680 31 10
4681 28 7
4682 9 10
4683 37 18
4684 31 26
4685 44 15
4686 32 10
4687 36 18
4688 40 24
4689 21 3
4690 45 22
4691 8 26
4692 24 5
4693 7 26
4694 11 2
4695 5 0
4696 20 38
4697 12 9
4698 14 44
4699 5 1
4700 3 36
4701 45 23
4702 39 24
4703 43 10
4704 5 0
4705 11 42
4706 40 24
4707 37 18
4708 7 31
4709 43 9
4710 24 4
4711 24 5
4712 28 6
4713 9 9
4714 24 18
4715 21 4
4716 10 2
4717 45 22
4718 8 26
4719 11 2
4720 11 41
4721 43 10
4722 45 23
4723 43 9
4724 18 34
4725 6 42
4726 21 3
4727 13 9
4728 43 15
4729 43 10
4730 39 24
4731 24 4
4732 37 20
4733 12 9
4734 40 24
4735 39 24
4736 31 10
4737 21 4
4738 21 38
4739 43 9
4740 45 28
4741 45 27
4742 28 7
4743 11 42
4744 44 15
4745 13 9
4746 24 5
4747 7 26
4748 18 33
4749 8 26
4750 11 41
4751 36 20
4752 43 15
4753 25 18
4754 11 42
4755 12 9
4756 45 28
4757 18 34
4758 7 30
4759 5 1
4760 45 27
4761 31 27
4762 9 10
4763 32 10
4764 43 10
4765 10 2
4766 4 36
4767 9 9
4768 43 9
4769 45 28
4770 36 18
4771 37 18
4772 14 43
4773 11 41
4774 45 22
4775 45 27
4776 36 18
4777 14 44
4778 37 18
4779 45 23
4780 31 26
4781 24 4
4782 11 42
4783 7 26
4784 24 18
4785 3 36
4786 44 15
4787 11 41
4788 21 3
4789 25 18
4790 18 33
4791 7 31
4792 37 20
4793 45 28
4794 7 30
4795 7 31
4796 6 41
4797 7 30
4798 14 43
4799 45 22
4800 45 27
4801 43 10
4802 11 2
4803 11 42
4804 24 18
4805 18 34
4806 11 41
4807 5 0
4808 14 44
4809 18 33
4810 9 10
4811 45 23
4812 24 5
4813 45 22
4814 20 38
4815 31 10
4816 36 18
4817 21 4
4818 11 42
4819 6 42
4820 43 15
4821 45 23
4822 10 2
4823 37 18
4824 36 18
4825 11 2
4826 36 20
4827 21 3
4828 37 18
4829 43 9
4830 43 10
4831 18 34
4832 7 31
4833 43 9
4834 10 2
4835 36 18
4836 45 28
4837 9 9
4838 31 27
4839 31 26
4840 37 18
4841 31 27
4842 40 24
4843 24 4
4844 21 38
4845 11 2
4846 10 2
4847 20 38
4848 5 1
4849 18 33
4850 14 43
4851 11 41
4852 32 10
4853 31 10
4854 45 27
4855 37 20
4856 11 42
4857 21 4
4858 36 20
4859 11 2
4860 11 41
4861 24 5
4862 43 10
4863 45 28
4864 25 18
4865 36 18
4866 21 3
4867 43 9
4868 21 4
4869 14 44
4870 13 9
4871 43 10
4872 24 18
4873 14 43
4874 37 18
4875 31 26
4876 36 18
4877 45 22
4878 12 9
4879 43 9
4880 44 15
4881 37 20
4882 11 42
4883 39 24
4884 24 4
4885 37 18
4886 45 27
4887 14 44
4888 32 10
4889 24 5
4890 43 15
4891 21 38
4892 20 38
4893 9 10
4894 4 36
4895 11 41
4896 14 43
4897 10 2
4898 25 18
4899 7 30
4900 36 20
4901 31 10
4902 8 26
4903 28 6
4904 43 10
4905 21 3
4906 11 42
4907 13 9
4908 11 41
4909 37 20
4910 21 4
4911 12 9
4912 32 10
4913 45 28
4914 21 38
4915 9 9
4916 7 31
4917 43 9
4918 31 10
4919 43 10
4920 14 44
4921 43 9
4922 3 36
4923 45 27
4924 43 10
4925 21 3
4926 32 10
4927 6 41
4928 13 9
4929 18 34
4930 20 38
4931 5 0
4932 21 4
4933 40 24
4934 4 36
4935 39 24
4936 24 4
4937 36 18
4938 11 42
4939 24 5
4940 11 2
4941 45 23
4942 7 26
4943 11 41
4944 44 15
4945 31 10
4946 45 28
4947 21 38
4948 9 10
4949 5 1
4950 6 42
4951 24 4
4952 36 20
4953 37 18
4954 28 7
4955 40 24
4956 5 0
4957 21 3
4958 24 5
4959 8 26
4960 43 9
4961 45 22
4962 39 24
4963 40 24
4964 24 18
4965 7 26
4966 18 33
4967 31 27
4968 12 9
4969 36 18
4970 37 18
4971 39 24
4972 11 42
4973 8 26
4974 13 9
4975 21 4
4976 10 2
4977 12 9
4978 21 3
4979 43 15
4980 14 43
4981 11 41
4982 25 18
4983 7 26
4984 11 2
4985 36 18
4986 45 23
4987 9 9
4988 14 44
4989 21 4
4990 43 10
4991 3 36
4992 7 30
4993 45 27
4994 11 42
4995 4 36
4996 28 6
4997 21 3
4998 45 28
4999 44 15
5000 24 18
5001 6 41
5002 11 41
5003 24 4
5004 43 9
5005 9 10
5006 43 15
5007 45 27
5008 31 26
5009 9 9
5010 20 38
5011 45 28
5012 6 42
5013 40 24
5014 39 24
5015 3 36
5016 32 10
5017 37 18
5018 5 1
5019 8 26
5020 45 27
5021 10 2
5022 24 5
5023 6 41
5024 45 28
5025 28 7
5026 14 43
5027 14 44
5028 40 24
5029 6 42
5030 24 4
5031 7 31
5032 36 18
5033 6 41
5034 9 10
5035 6 42
5036 11 42
5037 37 20
5038 31 27
5039 24 5
5040 21 38
5041 18 34
5042 21 4
5043 37 18
5044 36 18
5045 31 10
5046 44 15
5047 20 38
5048 13 9
5049 11 41
5050 4 36
5051 43 15
5052 12 9
5053 6 41
5054 28 6
5055 37 18
5056 44 15
5057 45 27
5058 39 24
5059 7 30
5060 43 15
5061 31 26
5062 25 18
5063 36 18
5064 40 24
5065 24 4
5066 18 33
5067 32 10
5068 9 9
5069 45 22
5070 39 24
5071 24 5
5072 24 18
5073 11 42
5074 37 18
5075 14 43
5076 28 7
5077 28 6
5078 5 0
5079 3 36
5080 21 3
5081 21 4
5082 21 3
5083 40 24
5084 43 10
5085 31 10
5086 39 24
5087 25 18
5088 44 15
5089 24 18
5090 36 20
5091 43 15
5092 7 26
5093 36 18
5094 21 38
5095 6 42
5096 6 41
5097 37 18
5098 40 24
5099 39 24
5100 18 34
5101 20 38
5102 11 2
5103 25 18
5104 45 28
5105 11 41
5106 13 9
5107 11 42
5108 18 33
5109 4 36
5110 21 4
5111 31 27
5112 12 9
5113 32 10
5114 14 44
5115 8 26
5116 24 4
5117 45 27
5118 24 5
5119 9 10
5120 45 23
5121 31 10
5122 45 28
5123 13 9
5124 6 42
5125 10 2
5126 37 20
5127 5 1
5128 9 9
5129 14 43
5130 24 18
5131 11 2
5132 45 27
5133 24 4
5134 12 9
5135 21 3
5136 7 26
5137 7 31
5138 18 34
5139 32 10
5140 24 5
5141 24 4
5142 21 4
5143 43 9
5144 9 10
5145 45 28
5146 10 2
5147 5 0
5148 3 36
5149 28 7
5150 28 6
5151 45 22
5152 11 2
5153 4 36
5154 5 1
5155 11 41
5156 21 38
5157 45 27
5158 13 9
5159 11 42
5160 21 3
5161 44 15
5162 7 30
5163 24 5
5164 18 33
5165 43 15
5166 8 26
5167 18 34
5168 11 41
5169 20 38
5170 43 10
5171 36 18
5172 3 36
5173 24 4
5174 10 2
5175 28 7
5176 24 5
5177 11 2
5178 45 23
5179 44 15
5180 36 20
5181 43 9
5182 10 2
5183 45 22
5184 25 18
5185 11 2
5186 28 6
5187 7 26
5188 45 28
5189 40 24
5190 45 23
5191 21 38
5192 31 10
5193 9 9
5194 11 42
5195 14 44
5196 5 0
5197 4 36
5198 31 26
5199 43 10
5200 14 43
5201 9 10
5202 9 9
5203 6 41
5204 5 1
5205 18 33
5206 45 27
5207 24 18
5208 12 9
5209 20 38
5210 21 4
5211 45 22
5212 45 23
5213 37 18
5214 9 10
5215 7 31
5216 32 10
5217 25 18
5218 21 38
5219 24 4
5220 31 27
5221 37 20
5222 31 10
5223 43 15
5224 39 24
5225 24 5
5226 3 36
5227 36 18
5228 21 3
5229 5 0
5230 8 26
5231 24 4
5232 4 36
5233 10 2
5234 6 42
5235 36 20
5236 7 30
5237 45 28
5238 31 26
5239 37 18
5240 32 10
5241 11 41
5242 31 10
5243 7 26
5244 5 1
5245 14 44
5246 18 34
5247 31 27
5248 9 9
5249 7 31
5250 21 4
5251 45 27
5252 8 26
5253 44 15
5254 43 9
5255 21 3
5256 24 18
5257 28 7
5258 5 0
5259 20 38
5260 37 20
5261 45 28
5262 25 18
5263 24 18
5264 45 22
5265 5 1
5266 14 43
5267 31 26
5268 43 10
5269 25 18
5270 24 18
5271 32 10
5272 31 27
5273 36 20
5274 11 42
5275 21 4
5276 5 0
5277 7 30
5278 43 9
5279 31 10
5280 25 18
5281 36 18
5282 45 27
5283 31 26
5284 32 10
5285 45 23
5286 21 38
5287 43 15
5288 11 2
5289 14 44
5290 31 10
5291 37 20
5292 37 18
5293 36 20
5294 24 18
5295 24 5
5296 25 18
5297 37 20
5298 7 31
5299 40 24
5300 20 38
5301 18 33
5302 10 2
5303 6 41
5304 6 42
5305 31 27
5306 7 26
5307 44 15
5308 36 18
5309 3 36
5310 21 38
5311 37 18
5312 43 15
5313 11 2
5314 4 36
5315 21 3
5316 32 10
5317 31 26
5318 6 41
5319 13 9
5320 18 34
5321 36 20
5322 18 33
5323 10 2
5324 24 18
5325 18 34
5326 18 33
5327 37 20
5328 28 6
5329 12 9
5330 7 30
5331 6 42
5332 8 26
5333 25 18
5334 28 7
5335 45 22
5336 31 27
5337 7 31
5338 11 2
5339 44 15
5340 14 43
5341 45 23
5342 5 1
5343 45 28
5344 36 20
5345 21 4
5346 21 3
5347 13 9
5348 9 10
5349 24 18
5350 7 30
5351 11 41
5352 12 9
5353 43 15
5354 43 10
5355 9 9
5356 31 26
5357 44 15
5358 43 9
5359 10 2
5360 14 44
5361 7 26
5362 20 38
5363 21 38
5364 43 10
5365 9 10
5366 20 38
5367 11 2
5368 3 36
5369 21 38
5370 31 27
5371 4 36
5372 8 26
5373 37 20
5374 45 27
5375 43 15
5376 31 10
5377 6 41
5378 39 24
5379 45 22
5380 45 23
5381 18 34
5382 25 18
5383 7 31
5384 14 43
5385 36 18
5386 24 18
5387 10 2
5388 7 26
5389 21 4
5390 40 24
5391 3 36
5392 6 42
5393 20 38
5394 28 6
5395 36 20
5396 9 9
5397 39 24
5398 8 26
5399 43 9
5400 25 18
5401 14 44
5402 24 18
5403 40 24
5404 4 36
5405 28 7
5406 32 10
5407 13 9
5408 28 6
5409 24 4
5410 45 22
5411 11 42
5412 39 24
5413 25 18
5414 6 41
5415 40 24
5416 7 26
5417 31 26
5418 24 18
5419 21 3
5420 45 28
5421 18 33
5422 37 18
5423 14 43
5424 11 41
5425 7 30
5426 12 9
5427 5 0
5428 43 10
5429 31 27
5430 6 42
5431 7 31
5432 37 20
5433 31 10
5434 7 30
5435 11 2
5436 32 10
5437 31 26
5438 31 10
5439 18 34
5440 9 10
5441 44 15
5442 28 7
5443 10 2
5444 43 9
5445 6 41
5446 11 2
5447 3 36
5448 9 9
5449 43 10
5450 28 6
5451 31 27
5452 28 7
5453 24 5
5454 36 18
5455 11 42
5456 25 18
5457 39 24
5458 11 41
5459 40 24
5460 9 10
5461 5 1
5462 28 6
5463 9 9
5464 8 26
5465 37 18
5466 9 10
5467 7 26
5468 5 0
5469 24 18
5470 24 4
5471 25 18
5472 36 18
5473 5 1
5474 18 33
5475 4 36
5476 13 9
5477 43 9
5478 31 26
5479 43 10
5480 32 10
5481 39 24
5482 24 18
5483 9 9
5484 21 4
5485 31 10
5486 43 15
5487 10 2
5488 37 18
5489 3 36
5490 36 18
5491 4 36
5492 37 18
5493 44 15
5494 24 5
5495 45 23
5496 45 22
5497 11 2
5498 6 42
5499 10 2
5500 45 23
5501 28 7
5502 7 31
5503 24 4
5504 40 24
5505 45 27
5506 6 41
5507 45 28
5508 36 18
5509 12 9
5510 21 3
5511 18 34
5512 6 42
5513 43 15
5514 14 44
5515 36 20
5516 37 20
5517 44 15
5518 13 9
5519 31 27
5520 25 18
5521 43 15
5522 44 15
5523 8 26
5524 7 30
5525 14 43
5526 43 15
5527 21 38
5528 21 4
5529 18 33
5530 39 24
5531 36 20
5532 18 34
5533 5 0
5534 9 10
5535 3 36
5536 12 9
5537 20 38
5538 24 18
5539 18 33
5540 24 5
5541 37 18
5542 31 26
5543 45 27
5544 45 22
5545 44 15
5546 24 4
5547 31 27
5548 28 6
5549 28 7
5550 18 34
5551 24 5
5552 21 38
5553 7 26
5554 36 18
5555 21 3
5556 6 41
5557 24 4
5558 32 10
5559 14 44
5560 4 36
5561 9 9
5562 24 5
5563 31 10
5564 37 18
5565 7 31
5566 6 42
5567 6 41
5568 8 26
5569 11 42
5570 9 10
5571 40 24
5572 24 4
5573 21 4
5574 3 36
5575 24 5
5576 11 2
5577 13 9
5578 32 10
5579 31 10
5580 31 26
5581 45 28
5582 10 2
5583 28 6
5584 5 1
5585 7 30
5586 7 31
5587 45 23
5588 11 41
5589 5 0
5590 32 10
5591 39 24
5592 40 24
5593 20 38
5594 12 9
5595 6 42
5596 21 3
5597 24 4
5598 45 22
5599 43 15
5600 24 5
5601 7 30
5602 21 38
5603 9 9
5604 14 43
5605 11 2
5606 31 27
5607 24 4
5608 5 1
5609 4 36
5610 36 18
5611 44 15
5612 37 18
5613 7 26
5614 31 10
5615 11 42
5616 25 18
5617 24 5
5618 31 26
5619 13 9
5620 11 41
5621 8 26
5622 9 10
5623 45 27
5624 20 38
5625 10 2
5626 14 44
5627 43 9
5628 31 27
5629 21 4
5630 7 31
5631 9 9
5632 3 36
5633 7 30
5634 4 36
5635 11 2
5636 28 7
5637 5 0
5638 12 9
5639 45 23
5640 43 10
5641 28 6
5642 7 26
5643 39 24
5644 24 18
5645 6 41
5646 31 26
5647 31 27
5648 36 18
5649 31 26
5650 21 38
5651 20 38
5652 3 36
5653 7 31
5654 43 15
5655 28 7
5656 25 18
5657 45 22
5658 6 42
5659 21 3
5660 44 15
5661 21 4
5662 14 43
5663 32 10
5664 24 18
5665 37 20
5666 45 23
5667 14 44
5668 45 28
5669 24 4
5670 10 2
5671 7 30
5672 5 1
5673 21 3
5674 11 2
5675 28 6
5676 6 41
5677 43 9
5678 10 2
5679 31 10
5680 6 42
5681 18 33
5682 18 34
5683 45 22
5684 9 10
5685 36 20
5686 21 4
5687 45 23
5688 37 18
5689 21 3
5690 5 0
5691 45 27
5692 7 31
5693 8 26
5694 5 1
5695 43 15
5696 45 28
5697 13 9
5698 6 41
5699 45 22
5700 21 4
5701 14 43
5702 25 18
5703 31 27
5704 45 27
5705 11 42
5706 24 18
5707 9 9
5708 28 7
5709 37 20
5710 18 33
5711 45 28
5712 5 0
5713 14 44
5714 7 26
5715 31 26
5716 12 9
5717 25 18
5718 36 18
5719 45 23
5720 21 38
5721 13 9
5722 31 27
5723 43 10
5724 36 20
5725 32 10
5726 18 34
5727 37 20
5728 4 36
5729 12 9
5730 37 18
5731 3 36
5732 31 10
5733 24 18
5734 45 22
5735 5 1
5736 32 10
5737 4 36
5738 3 36
5739 20 38
5740 13 9
5741 4 36
5742 11 2
5743 28 6
5744 40 24
5745 31 10
5746 7 30
5747 31 26
5748 28 7
5749 39 24
5750 36 20
5751 5 0
5752 31 27
5753 21 3
5754 8 26
5755 37 20
5756 3 36
5757 24 5
5758 6 42
5759 18 33
5760 4 36
5761 43 9
5762 9 10
5763 3 36
5764 11 41
5765 4 36
5766 28 6
5767 28 7
5768 6 41
5769 45 27
5770 11 42
5771 28 6
5772 9 9
5773 3 36
5774 32 10
5775 36 18
5776 9 10
5777 12 9
5778 21 38
5779 31 10
5780 37 18
5781 11 41
5782 7 31
5783 6 42
5784 18 34
5785 45 23
5786 5 1
5787 13 9
5788 45 28
5789 24 4
5790 28 7
5791 25 18
5792 7 26
5793 45 22
5794 24 18
5795 45 23
5796 11 42
5797 11 41
5798 6 41
5799 24 5
5800 36 20
5801 8 26
5802 12 9
5803 25 18
5804 44 15
5805 7 26
5806 4 36
5807 11 42
5808 28 6
5809 31 26
5810 3 36
5811 20 38
5812 24 18
5813 4 36
5814 21 38
5815 13 9
5816 43 10
5817 12 9
5818 13 9
5819 40 24
5820 32 10
5821 9 9
5822 18 33
5823 24 4
5824 12 9
5825 37 20
5826 45 22
5827 14 43
5828 18 34
5829 5 0
5830 5 1
5831 21 4
5832 45 23
5833 24 5
5834 7 30
5835 24 4
5836 14 44
5837 8 26
5838 7 31
5839 21 3
5840 3 36
5841 45 22
5842 7 26
5843 43 15
5844 11 41
5845 39 24
5846 36 18
5847 40 24
5848 21 4
5849 13 9
5850 21 3
5851 37 18
5852 10 2
5853 39 24
5854 21 4
5855 36 18
5856 45 27
5857 43 9
5858 37 18
5859 5 0
5860 44 15
5861 11 42
5862 25 18
5863 43 15
5864 36 18
5865 5 1
5866 28 7
5867 20 38
5868 45 23
5869 6 42
5870 45 28
5871 8 26
5872 43 10
5873 12 9
5874 21 38
5875 45 27
5876 13 9
5877 45 22
5878 11 2
5879 37 18
5880 36 20
5881 4 36
5882 44 15
5883 9 10
5884 11 41
5885 9 9
5886 45 28
5887 6 41
5888 11 42
5889 37 20
5890 7 30
5891 14 43
5892 45 23
5893 9 10
5894 18 33
5895 7 31
5896 12 9
5897 31 27
5898 7 30
5899 24 5
5900 10 2
5901 28 6
5902 13 9
5903 45 22
5904 45 23
5905 28 7
5906 24 18
5907 11 2
5908 9 9
5909 7 26
5910 11 41
5911 9 10
5912 36 20
5913 36 18
5914 8 26
5915 5 0
5916 31 10
5917 7 26
5918 43 9
5919 37 18
5920 10 2
5921 6 42
5922 5 1
5923 40 24
5924 7 31
5925 9 9
5926 8 26
5927 24 4
5928 21 3
5929 14 44
5930 45 22
5931 3 36
5932 20 38
5933 7 30
5934 43 15
5935 4 36
5936 44 15
5937 21 4
5938 21 38
5939 45 27
5940 5 0
5941 7 31
5942 3 36
5943 45 23
5944 7 26
5945 37 20
5946 25 18
5947 24 18
5948 20 38
5949 11 2
5950 24 5
5951 31 26
5952 31 27
5953 21 38
5954 25 18
5955 8 26
5956 39 24
5957 31 26
5958 7 26
5959 24 4
5960 24 18
5961 24 5
5962 18 34
5963 31 27
5964 32 10
5965 45 28
5966 36 20
5967 21 3
5968 25 18
5969 9 10
5970 24 4
5971 40 24
5972 45 27
5973 14 43
5974 14 44
5975 37 20
5976 36 20
5977 24 5
5978 12 9
5979 37 20
5980 24 4
5981 31 10
5982 18 33
5983 43 10
5984 24 5
5985 39 24
5986 45 28
5987 5 1
5988 20 38
5989 43 15
5990 14 43
5991 32 10
5992 36 20
5993 5 0
5994 11 42
5995 45 27
5996 7 30
5997 8 26
5998 4 36
5999 28 6
6000 6 41
6001 45 28
6002 43 9
6003 45 27
6004 21 38
6005 18 34
6006 11 41
6007 20 38
6008 37 20
6009 36 20
6010 45 22
6011 24 4
6012 44 15
6013 45 23
6014 28 7
6015 14 44
6016 5 1
6017 3 36
6018 45 22
6019 31 10
6020 5 0
6021 28 6
6022 7 31
6023 43 10
6024 11 42
6025 40 24
6026 39 24
6027 31 26
6028 31 27
6029 43 9
6030 11 41
6031 45 28
6032 10 2
6033 45 27
6034 13 9
6035 21 4
6036 45 28
6037 28 7
6038 37 20
6039 21 38
6040 43 10
6041 28 6
6042 24 18
6043 7 26
6044 21 3
6045 9 9
6046 12 9
6047 25 18
6048 45 23
6049 45 22
6050 45 27
6051 43 15
6052 6 42
6053 8 26
6054 45 28
6055 7 30
6056 4 36
6057 7 31
6058 11 2
6059 11 42
6060 11 41
6061 36 20
6062 45 27
6063 37 20
6064 5 1
6065 32 10
6066 10 2
6067 18 33
6068 40 24
6069 24 18
6070 6 41
6071 5 0
6072 18 34
6073 45 28
6074 20 38
6075 28 7
6076 31 10
6077 11 2
6078 9 10
6079 7 30
6080 36 18
6081 9 9
6082 21 38
6083 18 33
6084 7 26
6085 13 9
6086 14 43
6087 11 42
6088 37 18
6089 36 20
6090 20 38
6091 37 20
6092 5 1
6093 7 31
6094 12 9
6095 45 27
6096 21 4
6097 10 2
6098 32 10
6099 43 9
6100 5 0
6101 28 6
6102 43 10
6103 18 34
6104 45 28
6105 45 23
6106 24 5
6107 43 9
6108 36 18
6109 21 38
6110 20 38
6111 13 9
6112 28 7
6113 25 18
6114 8 26
6115 7 30
6116 3 36
6117 44 15
6118 6 42
6119 24 18
6120 21 38
6121 31 10
6122 37 18
6123 14 44
6124 12 9
6125 7 26
6126 18 33
6127 43 15
6128 36 20
6129 45 27
6130 14 43
6131 25 18
6132 24 4
6133 13 9
6134 8 26
6135 14 44
6136 45 22
6137 7 26
6138 4 36
6139 9 10
6140 3 36
6141 6 41
6142 36 18
6143 9 9
6144 18 34
6145 45 23
6146 31 26
6147 14 43
6148 14 44
6149 7 31
6150 44 15
6151 37 18
6152 14 43
6153 18 33
6154 18 34
6155 18 33
6156 6 42
6157 45 28
6158 6 41
6159 18 34
6160 14 44
6161 21 3
6162 12 9
6163 24 5
6164 32 10
6165 31 27
6166 43 15
6167 11 41
6168 31 26
6169 9 10
6170 24 4
6171 39 24
6172 36 18
6173 24 18
6174 14 43
6175 7 30
6176 5 1
6177 21 4
6178 13 9
6179 11 2
6180 10 2
6181 20 38
6182 4 36
6183 3 36
6184 4 36
6185 12 9
6186 13 9
6187 43 10
6188 31 27
6189 21 3
6190 7 31
6191 21 4
6192 18 33
6193 12 9
6194 3 36
6195 13 9
6196 12 9
6197 11 42
6198 45 27
6199 45 28
6200 28 6
6201 40 24
6202 13 9
6203 44 15
6204 9 9
6205 18 34
6206 43 9
6207 21 38
6208 43 10
6209 39 24
6210 5 0
6211 9 10
6212 28 7
6213 9 9
6214 31 26
6215 37 18
6216 36 18
6217 40 24
6218 11 2
6219 18 33
6220 37 18
6221 9 10
6222 6 42
6223 28 6
6224 37 20
6225 5 1
6226 45 27
6227 14 44
6228 14 43
6229 36 20
6230 39 24
6231 31 10
6232 40 24
6233 25 18
6234 43 9
6235 10 2
6236 9 9
6237 18 34
6238 20 38
6239 32 10
6240 11 2
6241 39 24
6242 4 36
6243 7 30
6244 28 7
6245 18 33
6246 31 10
6247 24 5
6248 31 27
6249 36 18
6250 11 41
6251 3 36
6252 37 20
6253 7 31
6254 11 42
6255 10 2
6256 8 26
6257 31 26
6258 12 9
6259 21 38
6260 20 38
6261 11 2
6262 9 10
6263 18 34
6264 24 18
6265 25 18
6266 21 3
6267 31 27
6268 31 26
6269 37 18
6270 24 18
6271 40 24
6272 14 44
6273 39 24
6274 36 20
6275 9 9
6276 37 20
6277 7 26
6278 5 0
6279 36 20
6280 6 41
6281 21 38
6282 28 6
6283 43 10
6284 5 1
6285 9 10
6286 37 20
6287 20 38
6288 36 20
6289 6 42
6290 8 26
6291 13 9
6292 24 4
6293 36 18
6294 9 9
6295 45 22
6296 18 33
6297 21 4
6298 10 2
6299 25 18
6300 37 18
6301 21 3
6302 11 41
6303 24 5
6304 43 15
6305 40 24
6306 9 10
6307 11 2
6308 21 38
6309 44 15
6310 4 36
6311 9 9
6312 21 4
6313 7 30
6314 11 42
6315 7 31
6316 3 36
6317 6 41
6318 31 27
6319 39 24
6320 37 20
6321 12 9
6322 4 36
6323 3 36
6324 11 41
6325 36 20
6326 9 10
6327 43 9
6328 45 23
6329 13 9
6330 21 3
6331 10 2
6332 37 20
6333 11 42
6334 28 7
6335 18 34
6336 14 43
6337 11 2
6338 28 6
6339 36 18
6340 10 2
6341 12 9
6342 13 9
6343 32 10
6344 31 10
6345 7 26
6346 12 9
6347 24 4
6348 11 2
6349 20 38
6350 43 10
6351 40 24
6352 4 36
6353 45 28
6354 43 15
6355 39 24
6356 24 5
6357 3 36
6358 8 26
6359 32 10
6360 43 9
6361 4 36
6362 31 10
6363 45 22
6364 9 9
6365 14 44
6366 7 30
6367 7 31
6368 21 38
6369 11 41
6370 7 30
6371 13 9
6372 43 10
6373 45 27
6374 28 7
6375 40 24
6376 12 9
6377 11 42
6378 13 9
6379 10 2
6380 7 31
6381 39 24
6382 18 33
6383 6 42
6384 45 28
6385 24 18
6386 7 30
6387 6 41
6388 40 24
6389 21 4
6390 7 31
6391 5 0
6392 5 1
6393 14 43
6394 44 15
6395 43 9
6396 3 36
6397 7 30
6398 39 24
6399 36 20
6400 4 36
6401 45 23
6402 32 10
6403 7 31
6404 6 42
6405 6 41
6406 11 41
6407 18 34
6408 31 26
6409 5 0
6410 40 24
6411 21 3
6412 31 10
6413 24 4
6414 37 20
6415 3 36
6416 6 42
6417 6 41
6418 7 26
6419 6 42
6420 6 41
6421 43 15
6422 18 33
6423 11 2
6424 36 20
6425 14 44
6426 21 4
6427 28 6
6428 12 9
6429 24 5
6430 44 15
6431 21 3
6432 25 18
6433 18 34
6434 5 1
6435 28 7
6436 20 38
6437 9 10
6438 10 2
6439 13 9
6440 12 9
6441 6 42
6442 21 4
6443 37 20
6444 4 36
6445 24 4
6446 32 10
6447 14 43
6448 11 42
6449 14 44
6450 18 33
6451 21 3
6452 31 27
6453 31 10
6454 11 41
6455 6 41
6456 14 43
6457 43 10
6458 7 30
6459 7 31
6460 11 2
6461 6 42
6462 24 18
6463 9 9
6464 21 38
6465 36 20
6466 5 0
6467 43 15
6468 20 38
6469 14 44
6470 21 4
6471 32 10
6472 45 27
6473 21 3
6474 8 26
6475 31 26
6476 45 22
6477 24 5
6478 21 4
6479 25 18
6480 11 42
6481 18 34
6482 28 6
6483 11 41
6484 45 28
6485 24 4
6486 10 2
6487 24 5
6488 9 10
6489 5 1
6490 13 9
6491 45 27
6492 9 9
6493 37 18
6494 9 10
6495 11 42
6496 28 7
6497 21 3
6498 45 28
6499 11 2
6500 9 9
6501 3 36
6502 10 2
6503 36 18
6504 37 20
6505 31 10
6506 37 18
6507 4 36
6508 6 41
6509 6 42
6510 45 23
6511 14 43
6512 31 27
6513 43 9
6514 45 27
6515 21 38
6516 21 4
6517 21 3
6518 39 24
6519 6 41
6520 21 4
6521 36 18
6522 5 0
6523 37 18
6524 28 6
6525 7 30
6526 20 38
6527 18 33
6528 21 3
6529 45 22
6530 24 18
6531 14 44
6532 21 4
6533 24 4
6534 45 23
6535 21 38
6536 7 26
6537 45 28
6538 11 41
6539 25 18
6540 44 15
6541 40 24
6542 20 38
6543 28 7
6544 32 10
6545 43 15
6546 21 3
6547 31 10
6548 36 18
6549 43 10
6550 36 20
6551 5 1
6552 21 38
6553 5 0
6554 31 26
6555 7 31
6556 24 18
6557 37 18
6558 45 22
6559 36 18
6560 21 4
6561 31 27
6562 11 42
6563 25 18
6564 11 41
6565 24 18
6566 20 38
6567 5 1
6568 6 42
6569 9 10
6570 18 34
6571 32 10
6572 37 18
6573 39 24
6574 7 30
6575 21 3
6576 37 20
6577 6 41
6578 45 23
6579 31 26
6580 12 9
6581 18 33
6582 5 0
6583 11 2
6584 25 18
6585 45 22
6586 31 10
6587 28 6
6588 7 31
6589 10 2
6590 11 2
6591 7 30
6592 10 2
6593 32 10
6594 24 5
6595 45 23
6596 45 27
6597 45 28
6598 31 27
6599 14 43
6600 18 34
6601 40 24
6602 11 42
6603 6 42
6604 24 4
6605 21 4
6606 7 31
6607 8 26
6608 45 27
6609 7 26
6610 3 36
6611 6 41
6612 44 15
6613 45 22
6614 45 23
6615 11 2
6616 39 24
6617 8 26
6618 7 30
6619 31 26
6620 31 27
6621 28 7
6622 28 6
6623 4 36
6624 36 18
6625 31 26
6626 10 2
6627 18 33
6628 9 9
6629 11 41
6630 28 7
6631 43 15
6632 43 9
6633 14 44
6634 37 18
6635 24 5
6636 5 1
6637 9 10
6638 36 20
6639 11 2
6640 5 0
6641 44 15
6642 36 18
6643 5 1
6644 37 20
6645 13 9
6646 7 26
6647 45 28
6648 24 4
6649 8 26
6650 21 38
6651 45 22
6652 43 10
6653 21 3
6654 7 26
6655 31 27
6656 11 42
6657 6 42
6658 36 20
6659 5 0
6660 31 10
6661 28 6
6662 37 20
6663 12 9
6664 13 9
6665 10 2
6666 43 9
6667 3 36
6668 4 36
6669 21 4
6670 9 9
6671 24 5
6672 36 20
6673 11 41
6674 9 10
6675 37 18
6676 43 10
6677 37 20
6678 3 36
6679 45 23
6680 36 20
6681 37 20
6682 45 27
6683 11 42
6684 31 26
6685 11 41
6686 8 26
6687 24 18
6688 5 1
6689 32 10
6690 24 4
6691 4 36
6692 45 22
6693 31 27
6694 36 18
6695 31 26
6696 12 9
6697 20 38
6698 11 42
6699 11 2
6700 28 7
6701 24 5
6702 43 9
6703 13 9
6704 6 41
6705 6 42
6706 9 9
6707 18 34
6708 11 41
6709 28 6
6710 24 4
6711 11 42
6712 40 24
6713 7 31
6714 11 41
6715 14 43
6716 45 23
6717 10 2
6718 24 5
6719 11 42
6720 45 28
6721 11 41
6722 11 42
6723 39 24
6724 11 41
6725 3 36
6726 6 41
6727 31 27
6728 14 44
6729 18 33
6730 11 42
6731 43 10
6732 21 3
6733 14 43
6734 7 26
6735 5 0
6736 21 4
6737 37 18
6738 9 10
6739 28 7
6740 31 10
6741 5 1
6742 21 38
6743 8 26
6744 9 9
6745 43 15
6746 4 36
6747 28 6
6748 14 44
6749 36 18
6750 7 26
6751 3 36
6752 21 3
6753 18 34
6754 7 30
6755 32 10
6756 36 20
6757 40 24
6758 14 43
6759 8 26
6760 39 24
6761 40 24
6762 11 2
6763 7 31
6764 39 24
6765 21 4
6766 45 27
6767 4 36
6768 44 15
6769 37 18
6770 20 38
6771 7 26
6772 21 3
6773 10 2
6774 43 15
6775 45 22
6776 3 36
6777 7 30
6778 11 2
6779 5 0
6780 11 41
6781 31 26
6782 40 24
6783 8 26
6784 18 33
6785 31 27
6786 14 44
6787 14 43
6788 7 26
6789 31 10
6790 18 34
6791 45 28
6792 37 20
6793 21 4
6794 7 31
6795 24 4
6796 18 33
6797 36 18
6798 36 20
6799 21 3
6800 10 2
6801 5 1
6802 9 10
6803 31 26
6804 12 9
6805 45 27
6806 31 27
6807 37 20
6808 32 10
6809 39 24
6810 21 4
6811 8 26
6812 11 2
6813 13 9
6814 25 18
6815 9 9
6816 18 34
6817 28 7
6818 31 26
6819 40 24
6820 39 24
6821 24 5
6822 18 33
6823 4 36
6824 21 38
6825 28 6
6826 31 10
6827 6 42
6828 44 15
6829 32 10
6830 43 15
6831 14 44
6832 20 38
6833 36 20
6834 31 10
6835 11 42
6836 28 7
6837 37 18
6838 45 28
6839 21 38
6840 3 36
6841 14 43
6842 7 30
6843 11 41
6844 4 36
6845 24 4
6846 43 9
6847 6 41
6848 31 27
6849 44 15
6850 20 38
6851 45 27
6852 36 18
6853 11 42
6854 43 15
6855 43 10
6856 28 6
6857 40 24
6858 43 9
6859 45 28
6860 43 10
6861 45 27
6862 7 31
6863 28 7
6864 24 5
6865 39 24
6866 12 9
6867 40 24
6868 44 15
6869 43 9
6870 37 20
6871 45 23
6872 3 36
6873 13 9
6874 7 26
6875 37 18
6876 43 10
6877 5 0
6878 4 36
6879 43 9
6880 10 2
6881 43 15
6882 43 10
6883 45 22
6884 31 26
6885 11 2
6886 21 38
6887 36 18
6888 18 34
6889 9 10
6890 32 10
6891 10 2
6892 43 9
6893 8 26
6894 31 10
6895 21 3
6896 44 15
6897 43 10
6898 20 38
6899 31 27
6900 9 9
6901 14 44
6902 43 15
6903 18 33
6904 24 4
6905 7 30
6906 24 5
6907 14 43
6908 36 20
6909 5 1
6910 32 10
6911 31 10
# colocadas=6912 ocupadas=25 mayor=1493
