0 16 24
1 17 24
2 8 0
3 7 0
4 8 0
5 7 20
6 7 0
7 16 24
8 8 0
9 6 20
10 17 24
11 16 24
12 7 20
13 27 18
14 7 0
15 32 17
16 32 16
17 8 0
18 6 20
19 7 0
20 17 24
21 28 18
22 16 24
23 17 24
24 7 20
25 6 20
26 7 20
27 8 0
28 7 0
29 32 17
30 32 16
31 32 17
32 8 0
33 16 24
34 32 16
35 27 18
36 6 20
37 32 17
38 7 20
39 28 18
40 6 20
41 27 18
42 7 0
43 7 20
44 8 0
45 7 0
46 28 18
47 27 18
48 28 18
49 27 18
50 6 20
51 8 0
52 17 24
53 32 16
54 32 17
55 7 20
56 6 20
57 7 20
58 28 18
59 32 16
60 16 24
61 6 20
62 7 0
63 8 0
64 27 18
65 7 0
66 28 18
67 8 0
68 27 18
69 7 20
70 32 17
71 6 20
72 7 0
73 28 18
74 32 16
75 32 17
76 17 24
77 16 24
78 32 16
79 32 17
80 27 18
81 8 0
82 32 16
83 17 24
84 16 24
85 17 24
86 28 18
87 7 0
88 32 17
89 7 20
90 27 18
91 16 24
92 32 16
93 28 18
94 8 0
95 32 17
96 32 16
97 27 18
98 7 0
99 6 20
100 8 0
101 7 20
102 6 20
103 7 20
104 28 18
105 17 24
106 27 18
107 7 0
108 6 20
109 16 24
110 7 20
111 32 17
112 32 16
113 28 18
114 27 18
115 28 18
116 8 0
117 6 20
118 27 18
119 28 18
120 7 0
121 17 24
122 8 0
123 7 20
124 7 0
125 32 17
126 32 16
127 6 20
128 32 17
129 16 24
130 8 0
131 17 24
132 32 16
133 27 18
134 7 0
135 28 18
136 16 24
137 8 0
138 7 0
139 27 18
140 32 17
141 28 18
142 27 18
143 28 18
144 7 20
145 27 18
146 8 0
147 32 16
148 32 17
149 32 16
150 6 20
151 32 17
152 17 24
153 7 20
154 16 24
155 28 18
156 27 18
157 28 18
158 6 20
159 7 20
160 7 0
161 27 18
162 6 20
163 7 20
164 6 20
165 17 24
166 8 0
167 7 0
168 7 20
169 6 20
170 28 18
171 32 16
172 32 17
173 7 20
174 8 0
175 27 18
176 7 0
177 28 18
178 6 20
179 16 24
180 27 18
181 28 18
182 7 20
183 27 18
184 28 18
185 27 18
186 32 16
187 28 18
188 8 0
189 7 0
190 27 18
191 28 18
192 27 18
193 32 17
194 28 18
195 17 24
196 6 20
197 32 16
198 8 0
199 32 17
200 7 20
201 6 20
202 16 24
203 17 24
204 7 0
205 7 20
206 6 20
207 16 24
208 7 20
209 8 0
210 7 0
211 17 24
212 16 24
213 8 0
214 32 16
215 7 0
216 6 20
217 17 24
218 27 18
219 7 20
220 16 24
221 8 0
222 17 24
223 6 20
224 7 20
225 7 0
226 6 20
227 28 18
228 27 18
229 28 18
230 16 24
231 27 18
232 32 17
233 17 24
234 16 24
235 8 0
236 32 16
237 28 18
238 17 24
239 27 18
240 28 18
241 32 17
242 27 18
243 7 20
244 28 18
245 32 16
246 6 20
247 7 20
248 16 24
249 6 20
250 7 0
251 27 18
252 28 18
253 27 18
254 8 0
255 28 18
256 32 17
257 7 20
258 32 16
259 32 17
260 7 0
261 6 20
262 32 16
263 32 17
264 17 24
265 32 16
266 27 18
267 8 0
268 32 17
269 7 0
270 16 24
271 7 20
272 17 24
273 28 18
274 8 0
275 7 0
276 32 16
277 32 17
278 6 20
279 16 24
280 7 20
281 32 16
282 8 0
283 32 17
284 6 20
285 27 18
286 7 20
287 17 24
288 7 0
289 28 18
290 16 24
291 8 0
292 6 20
293 7 0
294 7 20
295 8 0
296 17 24
297 16 24
298 32 16
299 27 18
300 6 20
301 32 17
302 7 0
303 7 20
304 32 16
305 28 18
306 27 18
307 17 24
308 16 24
309 6 20
310 17 24
311 16 24
312 8 0
313 28 18
314 17 24
315 7 20
316 7 0
317 27 18
318 8 0
319 7 0
320 6 20
321 28 18
322 32 17
323 32 16
324 27 18
325 28 18
326 16 24
327 17 24
328 16 24
329 32 17
330 27 18
331 28 18
332 17 24
333 7 20
334 27 18
335 6 20
336 7 20
337 28 18
338 6 20
339 7 20
340 6 20
341 32 16
342 32 17
343 8 0
344 7 0
345 16 24
346 17 24
347 32 16
348 7 20
349 16 24
350 17 24
351 16 24
352 8 0
353 27 18
354 28 18
355 6 20
356 17 24
357 27 18
358 7 20
359 6 20
360 28 18
361 7 20
362 6 20
363 27 18
364 16 24
365 7 20
366 17 24
367 32 17
368 32 16
369 7 0
370 32 17
371 6 20
372 7 20
373 8 0
374 28 18
375 32 16
376 27 18
377 6 20
378 7 0
379 28 18
380 27 18
381 16 24
382 28 18
383 27 18
384 8 0
385 17 24
386 32 17
387 32 16
388 7 20
389 7 0
390 28 18
391 16 24
392 27 18
393 6 20
394 32 17
395 7 20
396 6 20
397 32 16
398 32 17
399 7 20
400 6 20
401 32 16
402 17 24
403 8 0
404 7 20
405 16 24
406 28 18
407 27 18
408 32 17
409 7 0
410 8 0
411 6 20
412 32 16
413 28 18
414 17 24
415 27 18
416 7 0
417 28 18
418 27 18
419 16 24
420 17 24
421 8 0
422 28 18
423 32 17
424 16 24
425 7 0
426 8 0
427 7 0
428 7 20
429 8 0
430 27 18
431 7 0
432 28 18
433 32 16
434 27 18
435 6 20
436 8 0
437 7 20
438 6 20
439 28 18
440 7 0
441 7 20
442 27 18
443 28 18
444 32 17
445 32 16
446 17 24
447 27 18
448 32 17
449 28 18
450 16 24
451 32 16
452 32 17
453 6 20
454 27 18
455 17 24
456 16 24
457 17 24
458 8 0
459 32 16
460 7 0
461 7 20
462 6 20
463 32 17
464 16 24
465 28 18
466 32 16
467 8 0
468 7 20
469 17 24
470 32 17
471 6 20
472 32 16
473 16 24
474 17 24
475 7 20
476 6 20
477 27 18
478 16 24
479 32 17
480 32 16
481 7 20
482 6 20
483 7 0
484 17 24
485 32 17
486 28 18
487 32 16
488 32 17
489 8 0
490 27 18
491 7 0
492 8 0
493 16 24
494 28 18
495 7 20
496 32 16
497 27 18
498 17 24
499 28 18
500 6 20
501 27 18
502 28 18
503 32 17
504 16 24
505 7 20
506 32 16
507 27 18
508 28 18
509 7 0
510 17 24
511 8 0
512 7 0
513 32 17
514 16 24
515 27 18
516 28 18
517 6 20
518 8 0
519 7 20
520 7 0
521 32 16
522 27 18
523 8 0
524 6 20
525 7 20
526 32 17
527 6 20
528 7 0
529 8 0
530 17 24
531 28 18
532 7 20
533 6 20
534 27 18
535 7 0
536 28 18
537 16 24
538 32 16
539 7 20
540 32 17
541 8 0
542 6 20
543 32 16
544 17 24
545 7 20
546 27 18
547 16 24
548 32 17
549 7 0
550 8 0
551 28 18
552 6 20
553 7 20
554 6 20
555 17 24
556 7 0
557 27 18
558 32 16
559 7 20
560 6 20
561 32 17
562 8 0
563 28 18
564 16 24
565 17 24
566 16 24
567 7 20
568 27 18
569 6 20
570 17 24
571 32 16
572 16 24
573 28 18
574 17 24
575 16 24
576 27 18
577 7 20
578 28 18
579 27 18
580 28 18
581 32 17
582 6 20
583 7 0
584 17 24
585 32 16
586 7 20
587 27 18
588 8 0
589 28 18
590 6 20
591 32 17
592 7 20
593 6 20
594 7 0
595 7 20
596 8 0
597 6 20
598 7 0
599 16 24
600 17 24
601 32 16
602 16 24
603 8 0
604 7 20
605 27 18
606 17 24
607 6 20
608 7 0
609 28 18
610 8 0
611 32 17
612 7 0
613 32 16
614 8 0
615 32 17
616 7 0
617 32 16
618 32 17
619 16 24
620 8 0
621 17 24
622 16 24
623 7 20
624 6 20
625 7 20
626 7 0
627 8 0
628 7 0
629 8 0
630 27 18
631 6 20
632 7 0
633 28 18
634 7 20
635 17 24
636 32 16
637 16 24
638 8 0
639 27 18
640 6 20
641 32 17
642 32 16
643 7 0
644 7 20
645 32 17
646 8 0
647 17 24
648 16 24
649 32 16
650 7 0
651 17 24
652 16 24
653 6 20
654 17 24
655 28 18
656 32 17
657 7 20
658 16 24
659 32 16
660 8 0
661 17 24
662 16 24
663 32 17
664 17 24
665 16 24
666 6 20
667 32 16
668 27 18
669 17 24
670 32 17
671 7 20
672 7 0
673 8 0
674 6 20
675 28 18
676 27 18
677 32 16
678 28 18
679 7 20
680 27 18
681 6 20
682 32 17
683 7 20
684 28 18
685 27 18
686 7 0
687 8 0
688 16 24
689 6 20
690 7 20
691 32 16
692 7 0
693 17 24
694 32 17
695 8 0
696 32 16
697 32 17
698 7 0
699 16 24
700 28 18
701 32 16
702 6 20
703 17 24
704 7 20
705 8 0
706 16 24
707 17 24
708 32 17
709 16 24
710 27 18
711 6 20
712 7 20
713 17 24
714 32 16
715 32 17
716 32 16
717 16 24
718 32 17
719 17 24
720 16 24
721 17 24
722 32 16
723 16 24
724 6 20
725 7 20
726 32 17
727 32 16
728 28 18
729 6 20
730 27 18
731 32 17
732 7 20
733 17 24
734 7 0
735 32 16
736 8 0
737 16 24
738 6 20
739 17 24
740 28 18
741 7 0
742 32 17
743 8 0
744 7 20
745 6 20
746 7 0
747 16 24
748 8 0
749 7 0
750 8 0
751 7 20
752 27 18
753 7 0
754 6 20
755 32 16
756 17 24
757 16 24
758 28 18
759 8 0
760 32 17
761 17 24
762 7 20
763 16 24
764 7 0
765 27 18
766 8 0
767 17 24
768 7 0
769 28 18
770 8 0
771 27 18
772 7 0
773 32 16
774 32 17
775 6 20
776 32 16
777 32 17
778 16 24
779 7 20
780 6 20
781 32 16
782 17 24
783 8 0
784 16 24
785 17 24
786 32 17
787 28 18
788 16 24
789 17 24
790 32 16
791 32 17
792 16 24
793 7 20
794 7 0
795 32 16
796 6 20
797 8 0
798 7 20
799 32 17
800 32 16
801 17 24
802 27 18
803 6 20
804 16 24
805 7 0
806 32 17
807 28 18
808 8 0
809 17 24
810 16 24
811 27 18
812 7 20
813 17 24
814 7 0
815 8 0
816 32 16
817 28 18
818 16 24
819 27 18
820 7 0
821 6 20
822 8 0
823 32 17
824 28 18
825 32 16
826 17 24
827 27 18
828 7 0
829 32 17
830 28 18
831 7 20
832 8 0
833 32 16
834 6 20
835 16 24
836 32 17
837 17 24
838 7 20
839 27 18
840 32 16
841 7 0
842 32 17
843 28 18
844 27 18
845 16 24
846 6 20
847 32 16
848 17 24
849 8 0
850 32 17
851 16 24
852 7 0
853 28 18
854 8 0
855 7 20
856 17 24
857 7 0
858 16 24
859 8 0
860 27 18
861 6 20
862 7 20
863 6 20
864 28 18
865 7 20
866 27 18
867 6 20
868 28 18
869 32 16
870 7 20
871 32 17
872 17 24
873 7 0
874 6 20
875 27 18
876 16 24
877 17 24
878 8 0
879 16 24
880 28 18
881 7 0
882 27 18
883 28 18
884 7 20
885 6 20
886 8 0
887 7 20
888 32 16
889 32 17
890 6 20
891 7 20
892 17 24
893 27 18
894 6 20
895 7 20
896 32 16
897 16 24
898 7 0
899 17 24
900 16 24
901 28 18
902 8 0
903 32 17
904 6 20
905 7 20
906 27 18
907 6 20
908 7 20
909 7 0
910 17 24
911 16 24
912 6 20
913 8 0
914 7 20
915 6 20
916 7 0
917 7 20
918 6 20
919 28 18
920 17 24
921 16 24
922 17 24
923 8 0
924 27 18
925 7 0
926 32 16
927 16 24
928 7 20
929 17 24
930 6 20
931 32 17
932 8 0
933 32 16
934 28 18
935 32 17
936 7 20
937 27 18
938 16 24
939 17 24
940 16 24
941 32 16
942 28 18
943 7 0
944 17 24
945 16 24
946 6 20
947 8 0
948 17 24
949 32 17
950 32 16
951 16 24
952 17 24
953 16 24
954 7 0
955 7 20
956 32 17
957 8 0
958 32 16
959 7 0
960 6 20
961 32 17
962 27 18
963 7 20
964 32 16
965 32 17
966 8 0
967 28 18
968 32 16
969 7 0
970 17 24
971 27 18
972 32 17
973 28 18
974 32 16
975 32 17
976 6 20
977 7 20
978 6 20
979 27 18
980 32 16
981 32 17
982 8 0
983 7 20
984 6 20
985 32 16
986 7 0
987 7 20
988 8 0
989 28 18
990 27 18
991 16 24
992 7 0
993 17 24
994 32 17
995 28 18
996 8 0
997 16 24
998 27 18
999 6 20
1000 28 18
1001 7 20
1002 6 20
1003 7 20
1004 7 0
1005 27 18
1006 28 18
1007 27 18
1008 28 18
1009 27 18
1010 28 18
1011 27 18
1012 8 0
1013 32 16
1014 7 0
1015 32 17
1016 17 24
1017 28 18
1018 8 0
1019 16 24
1020 6 20
1021 7 0
1022 7 20
1023 8 0
1024 32 16
1025 17 24
1026 7 0
1027 6 20
1028 16 24
1029 8 0
1030 32 17
1031 32 16
1032 32 17
1033 27 18
1034 7 20
1035 7 0
1036 6 20
1037 7 20
1038 28 18
1039 27 18
1040 6 20
1041 7 20
1042 8 0
1043 7 0
1044 8 0
1045 6 20
1046 32 16
1047 28 18
1048 7 20
1049 17 24
1050 32 17
1051 7 0
1052 27 18
1053 16 24
1054 6 20
1055 32 16
1056 17 24
1057 28 18
1058 32 17
1059 32 16
1060 8 0
1061 32 17
1062 16 24
1063 7 0
1064 32 16
1065 7 20
1066 17 24
1067 16 24
1068 27 18
1069 8 0
1070 32 17
1071 17 24
1072 6 20
1073 32 16
1074 16 24
1075 7 0
1076 7 20
1077 8 0
1078 28 18
1079 17 24
1080 16 24
1081 7 0
1082 32 17
1083 8 0
1084 17 24
1085 6 20
1086 27 18
1087 7 20
1088 7 0
1089 32 16
1090 32 17
1091 28 18
1092 16 24
1093 6 20
1094 7 20
1095 17 24
1096 6 20
1097 32 16
1098 16 24
1099 32 17
1100 27 18
1101 8 0
1102 7 0
1103 7 20
1104 32 16
1105 8 0
1106 17 24
1107 28 18
1108 16 24
1109 32 17
1110 17 24
1111 7 0
1112 16 24
1113 32 16
1114 8 0
1115 27 18
1116 6 20
1117 17 24
1118 32 17
1119 32 16
1120 7 0
1121 16 24
1122 8 0
1123 32 17
1124 7 0
1125 17 24
1126 7 20
1127 16 24
1128 17 24
1129 8 0
1130 6 20
1131 28 18
1132 7 0
1133 8 0
1134 27 18
1135 7 0
1136 32 16
1137 16 24
1138 17 24
1139 16 24
1140 7 20
1141 8 0
1142 17 24
1143 28 18
1144 32 17
1145 7 0
1146 27 18
1147 6 20
1148 28 18
1149 32 16
1150 32 17
1151 8 0
1152 27 18
1153 16 24
1154 32 16
1155 28 18
1156 7 0
1157 17 24
1158 32 17
1159 16 24
1160 7 20
1161 27 18
1162 17 24
1163 8 0
1164 28 18
1165 32 16
1166 7 0
1167 16 24
1168 8 0
1169 27 18
1170 32 17
1171 6 20
1172 17 24
1173 28 18
1174 27 18
1175 32 16
1176 16 24
1177 17 24
1178 32 17
1179 7 20
1180 16 24
1181 17 24
1182 6 20
1183 7 20
1184 16 24
1185 32 16
1186 17 24
1187 7 0
1188 6 20
1189 16 24
1190 17 24
1191 8 0
1192 16 24
1193 7 20
1194 32 17
1195 6 20
1196 7 0
1197 17 24
1198 7 20
1199 16 24
1200 32 16
1201 17 24
1202 6 20
1203 8 0
1204 28 18
1205 7 0
1206 16 24
1207 27 18
1208 28 18
1209 17 24
1210 8 0
1211 7 20
1212 32 17
1213 27 18
1214 7 0
1215 28 18
1216 32 16
1217 27 18
1218 32 17
1219 28 18
1220 8 0
1221 27 18
1222 6 20
1223 32 16
1224 16 24
1225 32 17
1226 28 18
1227 7 0
1228 8 0
1229 17 24
1230 32 16
1231 7 0
1232 7 20
1233 27 18
1234 32 17
1235 8 0
1236 7 0
1237 16 24
1238 17 24
1239 8 0
1240 6 20
1241 16 24
1242 7 0
1243 17 24
1244 8 0
1245 32 16
1246 7 0
1247 7 20
1248 8 0
1249 6 20
1250 7 20
1251 28 18
1252 27 18
1253 6 20
1254 32 17
1255 32 16
1256 16 24
1257 7 0
1258 17 24
1259 8 0
1260 7 20
1261 6 20
1262 28 18
1263 32 17
1264 16 24
1265 27 18
1266 7 20
1267 7 0
1268 8 0
1269 6 20
1270 17 24
1271 7 20
1272 6 20
1273 16 24
1274 17 24
1275 28 18
1276 32 16
1277 32 17
1278 27 18
1279 7 20
1280 28 18
1281 6 20
1282 32 16
1283 27 18
1284 32 17
1285 28 18
1286 7 20
1287 6 20
1288 32 16
1289 7 0
1290 7 20
1291 16 24
1292 8 0
1293 27 18
1294 28 18
1295 27 18
1296 32 17
1297 6 20
1298 28 18
1299 17 24
1300 32 16
1301 7 20
1302 6 20
1303 32 17
1304 32 16
1305 7 0
1306 27 18
1307 7 20
1308 32 17
1309 32 16
1310 28 18
1311 6 20
1312 32 17
1313 8 0
1314 7 0
1315 7 20
1316 16 24
1317 27 18
1318 32 16
1319 17 24
1320 16 24
1321 28 18
1322 17 24
1323 32 17
1324 27 18
1325 6 20
1326 16 24
1327 32 16
1328 32 17
1329 32 16
1330 8 0
1331 32 17
1332 7 0
1333 32 16
1334 32 17
1335 17 24
1336 32 16
1337 32 17
1338 7 20
1339 8 0
1340 16 24
1341 17 24
1342 32 16
1343 7 0
1344 28 18
1345 32 17
1346 32 16
1347 8 0
1348 16 24
1349 32 17
1350 32 16
1351 7 0
1352 32 17
1353 6 20
1354 7 20
1355 8 0
1356 32 16
1357 17 24
1358 27 18
1359 6 20
1360 32 17
1361 16 24
1362 7 20
1363 28 18
1364 6 20
1365 7 0
1366 8 0
1367 7 0
1368 17 24
1369 32 16
1370 27 18
1371 16 24
1372 7 20
1373 8 0
1374 32 17
1375 17 24
1376 28 18
1377 27 18
1378 16 24
1379 7 0
1380 6 20
1381 7 20
1382 8 0
1383 17 24
1384 32 16
1385 32 17
1386 32 16
1387 16 24
1388 7 0
1389 8 0
1390 7 0
1391 6 20
1392 32 17
1393 32 16
1394 32 17
1395 32 16
1396 8 0
1397 32 17
1398 7 0
1399 28 18
1400 32 16
1401 8 0
1402 32 17
1403 32 16
1404 7 20
1405 7 0
1406 32 17
1407 32 16
1408 32 17
1409 32 16
1410 17 24
1411 16 24
1412 32 17
1413 27 18
1414 8 0
1415 7 0
1416 32 16
1417 8 0
1418 32 17
1419 6 20
1420 7 0
1421 8 0
1422 17 24
1423 16 24
1424 32 16
1425 17 24
1426 7 0
1427 7 20
1428 32 17
1429 16 24
1430 8 0
1431 7 0
1432 28 18
1433 8 0
1434 6 20
1435 17 24
1436 32 16
1437 16 24
1438 7 0
1439 8 0
1440 7 20
1441 32 17
1442 7 0
1443 8 0
1444 32 16
1445 7 0
1446 17 24
1447 32 17
1448 32 16
1449 16 24
1450 8 0
1451 6 20
1452 27 18
1453 28 18
1454 7 20
1455 7 0
1456 6 20
1457 32 17
1458 32 16
1459 32 17
1460 27 18
1461 28 18
1462 32 16
1463 7 20
1464 6 20
1465 27 18
1466 17 24
1467 8 0
1468 32 17
1469 16 24
1470 7 20
1471 17 24
1472 16 24
1473 7 0
1474 17 24
1475 32 16
1476 32 17
1477 8 0
1478 28 18
1479 6 20
1480 32 16
1481 27 18
1482 28 18
1483 27 18
1484 7 20
1485 6 20
1486 7 20
1487 28 18
1488 6 20
1489 32 17
1490 7 0
1491 27 18
1492 8 0
1493 7 0
1494 32 16
1495 28 18
1496 32 17
1497 8 0
1498 7 20
1499 7 0
1500 6 20
1501 7 20
1502 27 18
1503 32 16
1504 32 17
1505 8 0
1506 32 16
1507 32 17
1508 7 0
1509 28 18
1510 8 0
1511 7 0
1512 32 16
1513 8 0
1514 16 24
1515 17 24
1516 16 24
1517 27 18
1518 7 0
1519 6 20
1520 8 0
1521 7 0
1522 17 24
1523 8 0
1524 7 20
1525 32 17
1526 7 0
1527 28 18
1528 6 20
1529 16 24
1530 7 20
1531 27 18
1532 32 16
1533 28 18
1534 32 17
1535 17 24
1536 6 20
1537 32 16
1538 8 0
1539 32 17
1540 7 20
1541 7 0
1542 16 24
1543 32 16
1544 6 20
1545 8 0
1546 27 18
1547 7 20
1548 7 0
1549 28 18
1550 32 17
1551 32 16
1552 17 24
1553 6 20
1554 8 0
1555 7 0
1556 7 20
1557 27 18
1558 16 24
1559 32 17
1560 8 0
1561 32 16
1562 32 17
1563 17 24
1564 32 16
1565 7 0
1566 28 18
1567 8 0
1568 6 20
1569 16 24
1570 27 18
1571 32 17
1572 7 0
1573 8 0
1574 7 0
1575 28 18
1576 32 16
1577 17 24
1578 27 18
1579 32 17
1580 28 18
1581 27 18
1582 16 24
1583 8 0
1584 7 20
1585 28 18
1586 6 20
1587 27 18
1588 7 20
1589 17 24
1590 6 20
1591 7 20
1592 7 0
1593 6 20
1594 28 18
1595 7 20
1596 8 0
1597 16 24
1598 32 16
1599 17 24
1600 32 17
1601 6 20
1602 7 0
1603 27 18
1604 16 24
1605 8 0
1606 7 0
1607 8 0
1608 7 20
1609 17 24
1610 7 0
1611 6 20
1612 32 16
1613 28 18
1614 7 20
1615 32 17
1616 8 0
1617 32 16
1618 16 24
1619 27 18
1620 28 18
1621 7 0
1622 27 18
1623 17 24
1624 8 0
1625 32 17
1626 16 24
1627 32 16
1628 6 20
1629 28 18
1630 17 24
1631 7 0
1632 32 17
1633 8 0
1634 7 20
1635 27 18
1636 28 18
1637 27 18
1638 6 20
1639 16 24
1640 17 24
1641 32 16
1642 28 18
1643 16 24
1644 17 24
1645 27 18
1646 32 17
1647 7 20
1648 7 0
1649 16 24
1650 6 20
1651 17 24
1652 8 0
1653 7 0
1654 8 0
1655 16 24
1656 28 18
1657 7 0
1658 7 20
1659 17 24
1660 16 24
1661 8 0
1662 27 18
1663 17 24
1664 32 16
1665 32 17
1666 16 24
1667 32 16
1668 32 17
1669 32 16
1670 7 0
1671 6 20
1672 32 17
1673 7 20
1674 17 24
1675 16 24
1676 28 18
1677 27 18
1678 6 20
1679 28 18
1680 17 24
1681 16 24
1682 27 18
1683 32 16
1684 28 18
1685 17 24
1686 32 17
1687 32 16
1688 7 20
1689 8 0
1690 16 24
1691 32 17
1692 17 24
1693 32 16
1694 6 20
1695 7 20
1696 32 17
1697 27 18
1698 6 20
1699 7 20
1700 28 18
1701 7 0
1702 8 0
1703 27 18
1704 32 16
1705 16 24
1706 17 24
1707 16 24
1708 32 17
1709 28 18
1710 17 24
1711 32 16
1712 7 0
1713 27 18
1714 6 20
1715 8 0
1716 32 17
1717 16 24
1718 7 20
1719 7 0
1720 6 20
1721 28 18
1722 27 18
1723 17 24
1724 28 18
1725 7 20
1726 16 24
1727 17 24
1728 8 0
1729 6 20
1730 27 18
1731 7 0
1732 28 18
1733 16 24
1734 27 18
1735 8 0
1736 7 0
1737 32 16
1738 17 24
1739 28 18
1740 16 24
1741 7 20
1742 6 20
1743 8 0
1744 32 17
1745 27 18
1746 28 18
1747 17 24
1748 32 16
1749 7 0
1750 27 18
1751 32 17
1752 28 18
1753 7 20
1754 16 24
1755 17 24
1756 16 24
1757 32 16
1758 17 24
1759 8 0
1760 16 24
1761 27 18
1762 17 24
1763 28 18
1764 16 24
1765 6 20
1766 27 18
1767 32 17
1768 28 18
1769 7 0
1770 27 18
1771 32 16
1772 32 17
1773 8 0
1774 7 20
1775 7 0
1776 17 24
1777 28 18
1778 6 20
1779 7 20
1780 27 18
1781 32 16
1782 16 24
1783 6 20
1784 8 0
1785 7 20
1786 28 18
1787 6 20
1788 7 0
1789 8 0
1790 32 17
1791 32 16
1792 7 20
1793 17 24
1794 32 17
1795 6 20
1796 32 16
1797 7 20
1798 27 18
1799 16 24
1800 7 0
1801 17 24
1802 8 0
1803 16 24
1804 28 18
1805 32 17
1806 27 18
1807 7 0
1808 28 18
1809 27 18
1810 17 24
1811 16 24
1812 8 0
1813 7 0
1814 28 18
1815 27 18
1816 17 24
1817 8 0
1818 16 24
1819 7 0
1820 32 16
1821 6 20
1822 17 24
1823 28 18
1824 27 18
1825 7 20
1826 28 18
1827 27 18
1828 6 20
1829 28 18
1830 7 20
1831 6 20
1832 16 24
1833 27 18
1834 7 20
1835 17 24
1836 6 20
1837 28 18
1838 8 0
1839 16 24
1840 32 17
1841 7 20
1842 6 20
1843 27 18
1844 7 20
1845 6 20
1846 28 18
1847 17 24
1848 7 0
1849 7 20
1850 6 20
1851 27 18
1852 8 0
1853 32 16
1854 7 20
1855 28 18
1856 16 24
1857 27 18
1858 6 20
1859 17 24
1860 32 17
1861 32 16
1862 7 20
1863 32 17
1864 32 16
1865 7 0
1866 32 17
1867 32 16
1868 8 0
1869 32 17
1870 32 16
1871 32 17
1872 16 24
1873 28 18
1874 27 18
1875 28 18
1876 7 0
1877 27 18
1878 32 16
1879 6 20
1880 28 18
1881 32 17
1882 7 20
1883 32 16
1884 8 0
1885 17 24
1886 6 20
1887 27 18
1888 7 20
1889 6 20
1890 16 24
1891 7 0
1892 7 20
1893 6 20
1894 32 17
1895 8 0
1896 32 16
1897 17 24
1898 7 20
1899 32 17
1900 7 0
1901 32 16
1902 16 24
1903 28 18
1904 6 20
1905 8 0
1906 7 0
1907 32 17
1908 7 20
1909 17 24
1910 8 0
1911 27 18
1912 6 20
1913 28 18
1914 7 20
1915 27 18
1916 7 0
1917 8 0
1918 28 18
1919 16 24
1920 7 0
1921 32 16
1922 17 24
1923 32 17
1924 32 16
1925 6 20
1926 27 18
1927 16 24
1928 17 24
1929 7 20
1930 28 18
1931 16 24
1932 6 20
1933 17 24
1934 8 0
1935 7 0
1936 7 20
1937 6 20
1938 32 17
1939 27 18
1940 16 24
1941 17 24
1942 8 0
1943 16 24
1944 7 20
1945 17 24
1946 32 16
1947 28 18
1948 27 18
1949 28 18
1950 6 20
1951 16 24
1952 27 18
1953 7 20
1954 32 17
1955 7 0
1956 28 18
1957 8 0
1958 32 16
1959 32 17
1960 32 16
1961 17 24
1962 32 17
1963 6 20
1964 32 16
1965 7 0
1966 8 0
1967 27 18
1968 7 20
1969 16 24
1970 28 18
1971 17 24
1972 16 24
1973 27 18
1974 17 24
1975 6 20
1976 7 20
1977 6 20
1978 32 17
1979 7 20
1980 32 16
1981 16 24
1982 28 18
1983 27 18
1984 32 17
1985 32 16
1986 17 24
1987 28 18
1988 16 24
1989 7 0
1990 17 24
1991 6 20
1992 32 17
1993 7 20
1994 6 20
1995 32 16
1996 27 18
1997 8 0
1998 16 24
1999 7 0
2000 28 18
2001 7 20
2002 17 24
2003 8 0
2004 32 17
2005 32 16
2006 6 20
2007 27 18
2008 7 20
2009 32 17
2010 32 16
2011 16 24
2012 6 20
2013 7 20
2014 28 18
2015 7 0
2016 17 24
2017 6 20
2018 16 24
2019 27 18
2020 28 18
2021 27 18
2022 17 24
2023 32 17
2024 7 20
2025 6 20
2026 28 18
2027 27 18
2028 7 20
2029 16 24
2030 32 16
2031 28 18
2032 32 17
2033 27 18
2034 17 24
2035 16 24
2036 8 0
2037 17 24
2038 7 0
2039 8 0
2040 32 16
2041 16 24
2042 6 20
2043 7 20
2044 7 0
2045 32 17
2046 32 16
2047 28 18
2048 6 20
2049 32 17
2050 7 20
2051 32 16
2052 32 17
2053 8 0
2054 27 18
2055 32 16
2056 17 24
2057 32 17
2058 7 0
2059 8 0
2060 32 16
2061 16 24
2062 7 0
2063 8 0
2064 32 17
2065 6 20
2066 7 20
2067 32 16
2068 6 20
2069 7 20
2070 6 20
2071 28 18
2072 17 24
2073 7 20
2074 16 24
2075 7 0
2076 17 24
2077 27 18
2078 6 20
2079 8 0
2080 7 0
2081 8 0
2082 7 20
2083 6 20
2084 32 17
2085 32 16
2086 28 18
2087 32 17
2088 16 24
2089 32 16
2090 7 20
2091 27 18
2092 6 20
2093 32 17
2094 17 24
2095 7 20
2096 6 20
2097 7 20
2098 16 24
2099 7 0
2100 32 16
2101 32 17
2102 17 24
2103 32 16
2104 16 24
2105 28 18
2106 32 17
2107 32 16
2108 17 24
2109 32 17
2110 6 20
2111 32 16
2112 27 18
2113 28 18
2114 27 18
2115 32 17
2116 7 20
2117 32 16
2118 8 0
2119 16 24
2120 17 24
2121 16 24
2122 17 24
2123 7 0
2124 32 17
2125 28 18
2126 8 0
2127 27 18
2128 32 16
2129 32 17
2130 16 24
2131 28 18
2132 27 18
2133 32 16
2134 32 17
2135 28 18
2136 7 0
2137 17 24
2138 27 18
2139 32 16
2140 6 20
2141 8 0
2142 28 18
2143 7 0
2144 8 0
2145 27 18
2146 32 17
2147 16 24
2148 28 18
2149 17 24
2150 27 18
2151 7 0
2152 32 16
2153 28 18
2154 27 18
2155 16 24
2156 32 17
2157 7 20
2158 28 18
2159 8 0
2160 17 24
2161 16 24
2162 7 0
2163 6 20
2164 17 24
2165 16 24
2166 27 18
2167 17 24
2168 32 16
2169 28 18
2170 8 0
2171 27 18
2172 32 17
2173 7 0
2174 16 24
2175 28 18
2176 32 16
2177 32 17
2178 8 0
2179 7 0
2180 7 20
2181 32 16
2182 17 24
2183 6 20
2184 7 20
2185 32 17
2186 27 18
2187 32 16
2188 16 24
2189 17 24
2190 32 17
2191 28 18
2192 16 24
2193 27 18
2194 28 18
2195 27 18
2196 28 18
2197 8 0
2198 7 0
2199 27 18
2200 32 16
2201 17 24
2202 6 20
2203 7 20
2204 16 24
2205 28 18
2206 27 18
2207 32 17
2208 32 16
2209 28 18
2210 8 0
2211 32 17
2212 6 20
2213 17 24
2214 7 20
2215 7 0
2216 27 18
2217 28 18
2218 32 16
2219 16 24
2220 6 20
2221 17 24
2222 32 17
2223 16 24
2224 7 20
2225 27 18
2226 32 16
2227 8 0
2228 7 0
2229 6 20
2230 17 24
2231 28 18
2232 16 24
2233 32 17
2234 17 24
2235 8 0
2236 7 0
2237 8 0
2238 16 24
2239 17 24
2240 7 20
2241 27 18
2242 16 24
2243 17 24
2244 32 16
2245 6 20
2246 28 18
2247 32 17
2248 32 16
2249 16 24
2250 32 17
2251 17 24
2252 7 0
2253 32 16
2254 32 17
2255 16 24
2256 17 24
2257 32 16
2258 16 24
2259 17 24
2260 7 20
2261 27 18
2262 6 20
2263 32 17
2264 16 24
2265 7 20
2266 32 16
2267 32 17
2268 32 16
2269 8 0
2270 32 17
2271 28 18
2272 7 0
2273 17 24
2274 8 0
2275 6 20
2276 16 24
2277 27 18
2278 17 24
2279 32 16
2280 16 24
2281 7 0
2282 8 0
2283 7 0
2284 8 0
2285 7 20
2286 6 20
2287 28 18
2288 27 18
2289 32 17
2290 17 24
2291 28 18
2292 27 18
2293 7 0
2294 28 18
2295 27 18
2296 8 0
2297 7 20
2298 16 24
2299 17 24
2300 6 20
2301 7 20
2302 28 18
2303 16 24
2304 32 16
2305 27 18
2306 32 17
2307 6 20
2308 32 16
2309 17 24
2310 7 20
2311 32 17
2312 32 16
2313 28 18
2314 6 20
2315 7 20
2316 7 0
2317 6 20
2318 7 20
2319 6 20
2320 27 18
2321 28 18
2322 27 18
2323 32 17
2324 16 24
2325 8 0
2326 7 0
2327 7 20
2328 32 16
2329 17 24
2330 16 24
2331 6 20
2332 32 17
2333 17 24
2334 32 16
2335 8 0
2336 32 17
2337 7 20
2338 32 16
2339 6 20
2340 28 18
2341 7 20
2342 16 24
2343 6 20
2344 7 0
2345 8 0
2346 7 0
2347 32 17
2348 7 20
2349 17 24
2350 8 0
2351 32 16
2352 7 0
2353 32 17
2354 27 18
2355 16 24
2356 32 16
2357 28 18
2358 27 18
2359 8 0
2360 17 24
2361 7 0
2362 32 17
2363 32 16
2364 16 24
2365 32 17
2366 6 20
2367 8 0
2368 28 18
2369 27 18
2370 17 24
2371 7 20
2372 7 0
2373 8 0
2374 7 0
2375 28 18
2376 8 0
2377 7 0
2378 6 20
2379 8 0
2380 16 24
2381 32 16
2382 32 17
2383 17 24
2384 16 24
2385 27 18
2386 7 0
2387 28 18
2388 27 18
2389 8 0
2390 32 16
2391 7 20
2392 6 20
2393 7 20
2394 6 20
2395 28 18
2396 32 17
2397 27 18
2398 7 20
2399 17 24
2400 7 0
2401 6 20
2402 32 16
2403 32 17
2404 28 18
2405 16 24
2406 8 0
2407 7 0
2408 17 24
2409 7 20
2410 32 16
2411 32 17
2412 16 24
2413 27 18
2414 28 18
2415 17 24
2416 6 20
2417 16 24
2418 8 0
2419 7 0
2420 27 18
2421 17 24
2422 8 0
2423 32 16
2424 7 0
2425 32 17
2426 32 16
2427 16 24
2428 8 0
2429 7 20
2430 28 18
2431 27 18
2432 6 20
2433 7 20
2434 28 18
2435 27 18
2436 28 18
2437 27 18
2438 6 20
2439 32 17
2440 17 24
2441 7 0
2442 7 20
2443 32 16
2444 32 17
2445 32 16
2446 16 24
2447 32 17
2448 8 0
2449 17 24
2450 6 20
2451 7 20
2452 6 20
2453 7 0
2454 8 0
2455 16 24
2456 7 0
2457 8 0
2458 17 24
2459 32 16
2460 7 0
2461 16 24
2462 28 18
2463 27 18
2464 8 0
2465 7 20
2466 7 0
2467 32 17
2468 17 24
2469 6 20
2470 7 20
2471 32 16
2472 32 17
2473 8 0
2474 28 18
2475 16 24
2476 27 18
2477 32 16
2478 32 17
2479 32 16
2480 32 17
2481 7 0
2482 28 18
2483 8 0
2484 32 16
2485 32 17
2486 32 16
2487 32 17
2488 27 18
2489 6 20
2490 7 0
2491 8 0
2492 17 24
2493 32 16
2494 16 24
2495 7 20
2496 7 0
2497 17 24
2498 16 24
2499 32 17
2500 17 24
2501 32 16
2502 32 17
2503 28 18
2504 27 18
2505 28 18
2506 6 20
2507 7 20
2508 27 18
2509 28 18
2510 27 18
2511 32 16
2512 6 20
2513 16 24
2514 28 18
2515 27 18
2516 7 20
2517 32 17
2518 17 24
2519 8 0
2520 6 20
2521 32 16
2522 16 24
2523 17 24
2524 7 20
2525 7 0
2526 32 17
2527 8 0
2528 6 20
2529 7 0
2530 7 20
2531 6 20
2532 28 18
2533 27 18
2534 8 0
2535 16 24
2536 32 16
2537 7 20
2538 7 0
2539 32 17
2540 8 0
2541 28 18
2542 6 20
2543 7 20
2544 7 0
2545 17 24
2546 6 20
2547 7 20
2548 16 24
2549 8 0
2550 32 16
2551 17 24
2552 32 17
2553 27 18
2554 16 24
2555 7 0
2556 32 16
2557 32 17
2558 32 16
2559 17 24
2560 28 18
2561 8 0
2562 7 0
2563 27 18
2564 6 20
2565 28 18
2566 7 20
2567 27 18
2568 6 20
2569 8 0
2570 16 24
2571 17 24
2572 32 17
2573 32 16
2574 32 17
2575 28 18
2576 7 20
2577 32 16
2578 6 20
2579 7 0
2580 16 24
2581 7 20
2582 27 18
2583 6 20
2584 17 24
2585 32 17
2586 28 18
2587 8 0
2588 16 24
2589 17 24
2590 32 16
2591 7 0
2592 27 18
2593 28 18
2594 32 17
2595 7 20
2596 6 20
2597 32 16
2598 32 17
2599 32 16
2600 7 20
2601 32 17
2602 6 20
2603 32 16
2604 16 24
2605 7 20
2606 32 17
2607 32 16
2608 17 24
2609 6 20
2610 27 18
2611 8 0
2612 7 20
2613 16 24
2614 32 17
2615 7 0
2616 28 18
2617 32 16
2618 32 17
2619 32 16
2620 32 17
2621 17 24
2622 32 16
2623 32 17
2624 6 20
2625 27 18
2626 32 16
2627 16 24
2628 32 17
2629 17 24
2630 8 0
2631 32 16
2632 7 0
2633 28 18
2634 16 24
2635 17 24
2636 32 17
2637 16 24
2638 8 0
2639 27 18
2640 7 20
2641 32 16
2642 28 18
2643 27 18
2644 6 20
2645 7 20
2646 32 17
2647 6 20
2648 17 24
2649 28 18
2650 27 18
2651 16 24
2652 17 24
2653 32 16
2654 7 0
2655 28 18
2656 8 0
2657 32 17
2658 7 20
2659 32 16
2660 6 20
2661 16 24
2662 32 17
2663 7 20
2664 32 16
2665 27 18
2666 17 24
2667 6 20
2668 28 18
2669 7 20
2670 27 18
2671 32 17
2672 28 18
2673 6 20
2674 32 16
2675 27 18
2676 16 24
2677 17 24
2678 7 20
2679 16 24
2680 6 20
2681 17 24
2682 7 20
2683 16 24
2684 32 17
2685 28 18
2686 32 16
2687 6 20
2688 17 24
2689 7 20
2690 6 20
2691 27 18
2692 7 20
2693 7 0
2694 8 0
2695 28 18
2696 6 20
2697 7 20
2698 16 24
2699 27 18
2700 32 17
2701 17 24
2702 32 16
2703 28 18
2704 16 24
2705 32 17
2706 6 20
2707 32 16
2708 7 0
2709 7 20
2710 17 24
2711 32 17
2712 32 16
2713 32 17
2714 27 18
2715 6 20
2716 16 24
2717 17 24
2718 8 0
2719 28 18
2720 27 18
2721 7 20
2722 6 20
2723 28 18
2724 7 0
2725 32 16
2726 8 0
2727 7 20
2728 32 17
2729 27 18
2730 28 18
2731 6 20
2732 32 16
2733 7 0
2734 7 20
2735 8 0
2736 27 18
2737 28 18
2738 32 17
2739 27 18
2740 7 0
2741 8 0
2742 32 16
2743 28 18
2744 16 24
2745 32 17
2746 27 18
2747 28 18
2748 17 24
2749 32 16
2750 6 20
2751 16 24
2752 27 18
2753 17 24
2754 16 24
2755 17 24
2756 28 18
2757 7 0
2758 8 0
2759 27 18
2760 28 18
2761 32 17
2762 7 20
2763 32 16
2764 16 24
2765 17 24
2766 16 24
2767 27 18
2768 7 0
2769 28 18
2770 17 24
2771 6 20
2772 8 0
2773 16 24
2774 32 17
2775 7 20
2776 6 20
2777 17 24
2778 16 24
2779 32 16
2780 7 20
2781 6 20
2782 17 24
2783 27 18
2784 7 0
2785 8 0
2786 7 0
2787 7 20
2788 16 24
2789 17 24
2790 28 18
2791 16 24
2792 6 20
2793 17 24
2794 27 18
2795 16 24
2796 8 0
2797 32 17
2798 28 18
2799 17 24
2800 32 16
2801 32 17
2802 16 24
2803 27 18
2804 7 0
2805 17 24
2806 32 16
2807 7 20
2808 32 17
2809 8 0
2810 32 16
2811 7 0
2812 32 17
2813 6 20
2814 8 0
2815 7 0
2816 8 0
2817 7 20
2818 16 24
2819 7 0
2820 6 20
2821 32 16
2822 28 18
2823 8 0
2824 7 20
2825 17 24
2826 16 24
2827 17 24
2828 7 0
2829 27 18
2830 32 17
2831 28 18
2832 6 20
2833 32 16
2834 16 24
2835 27 18
2836 32 17
2837 8 0
2838 7 0
2839 32 16
2840 8 0
2841 28 18
2842 7 0
2843 27 18
2844 28 18
2845 32 17
2846 8 0
2847 32 16
2848 17 24
2849 32 17
2850 16 24
2851 17 24
2852 27 18
2853 28 18
2854 32 16
2855 27 18
2856 16 24
2857 17 24
2858 32 17
2859 7 20
2860 6 20
2861 7 20
2862 7 0
2863 28 18
2864 16 24
2865 17 24
2866 27 18
2867 32 16
2868 28 18
2869 6 20
2870 27 18
2871 8 0
2872 28 18
2873 7 20
2874 16 24
2875 6 20
2876 17 24
2877 32 17
2878 7 0
2879 32 16
2880 16 24
2881 7 20
2882 32 17
2883 27 18
2884 8 0
2885 7 0
2886 17 24
2887 6 20
2888 28 18
2889 32 16
2890 8 0
2891 27 18
2892 7 20
2893 6 20
2894 7 20
2895 28 18
2896 32 17
2897 6 20
2898 7 0
2899 7 20
2900 6 20
2901 32 16
2902 7 20
2903 6 20
2904 16 24
2905 8 0
2906 7 20
2907 17 24
2908 6 20
2909 7 0
2910 7 20
2911 6 20
2912 32 17
2913 32 16
2914 16 24
2915 7 20
2916 27 18
2917 28 18
2918 27 18
2919 6 20
2920 7 20
2921 8 0
2922 7 0
2923 17 24
2924 6 20
2925 16 24
2926 17 24
2927 28 18
2928 32 17
2929 8 0
2930 7 20
2931 32 16
2932 16 24
2933 32 17
2934 6 20
2935 32 16
2936 27 18
2937 7 20
2938 6 20
2939 28 18
2940 32 17
2941 32 16
2942 7 20
2943 6 20
2944 27 18
2945 17 24
2946 28 18
2947 32 17
2948 32 16
2949 7 20
2950 7 0
2951 6 20
2952 8 0
2953 7 20
2954 6 20
2955 32 17
2956 27 18
2957 16 24
2958 17 24
2959 7 20
2960 6 20
2961 7 0
2962 32 16
2963 7 20
2964 6 20
2965 8 0
2966 7 0
2967 16 24
2968 7 20
2969 17 24
2970 32 17
2971 6 20
2972 32 16
2973 16 24
2974 7 20
2975 32 17
2976 28 18
2977 32 16
2978 32 17
2979 17 24
2980 6 20
2981 8 0
2982 27 18
2983 32 16
2984 7 0
2985 7 20
2986 8 0
2987 16 24
2988 17 24
2989 16 24
2990 17 24
2991 28 18
2992 6 20
2993 7 20
2994 6 20
2995 32 17
2996 27 18
2997 16 24
2998 32 16
2999 28 18
3000 17 24
3001 27 18
3002 7 0
3003 7 20
3004 32 17
3005 16 24
3006 8 0
3007 28 18
3008 7 0
3009 17 24
3010 27 18
3011 16 24
3012 8 0
3013 6 20
3014 7 20
3015 32 16
3016 7 0
3017 28 18
3018 32 17
3019 27 18
3020 28 18
3021 17 24
3022 32 16
3023 27 18
3024 6 20
3025 16 24
3026 32 17
3027 7 20
3028 6 20
3029 32 16
3030 32 17
3031 17 24
3032 28 18
3033 7 20
3034 8 0
3035 16 24
3036 32 16
3037 32 17
3038 6 20
3039 7 0
3040 17 24
3041 27 18
3042 32 16
3043 28 18
3044 32 17
3045 32 16
3046 27 18
3047 32 17
3048 8 0
3049 16 24
3050 32 16
3051 7 0
3052 8 0
3053 17 24
3054 16 24
3055 28 18
3056 32 17
3057 27 18
3058 17 24
3059 7 20
3060 32 16
3061 28 18
3062 6 20
3063 16 24
3064 7 0
3065 17 24
3066 7 20
3067 6 20
3068 8 0
3069 7 20
3070 32 17
3071 6 20
3072 7 0
3073 7 20
3074 16 24
3075 27 18
3076 32 16
3077 8 0
3078 32 17
3079 32 16
3080 7 0
3081 17 24
3082 16 24
3083 32 17
3084 28 18
3085 6 20
3086 7 20
3087 17 24
3088 6 20
3089 16 24
3090 27 18
3091 7 20
3092 32 16
3093 17 24
3094 16 24
3095 8 0
3096 17 24
3097 6 20
3098 32 17
3099 28 18
3100 7 0
3101 32 16
3102 27 18
3103 7 20
3104 6 20
3105 28 18
3106 8 0
3107 32 17
3108 16 24
3109 17 24
3110 7 0
3111 16 24
3112 17 24
3113 27 18
3114 7 20
3115 32 16
3116 28 18
3117 27 18
3118 8 0
3119 32 17
3120 32 16
3121 6 20
3122 7 0
3123 7 20
3124 28 18
3125 6 20
3126 16 24
3127 8 0
3128 32 17
3129 17 24
3130 7 0
3131 8 0
3132 32 16
3133 16 24
3134 32 17
3135 17 24
3136 27 18
3137 7 0
3138 32 16
3139 32 17
3140 7 20
3141 16 24
3142 6 20
3143 32 16
3144 32 17
3145 32 16
3146 28 18
3147 17 24
3148 7 20
3149 8 0
3150 27 18
3151 6 20
3152 7 0
3153 28 18
3154 32 17
3155 8 0
3156 7 0
3157 27 18
3158 8 0
3159 16 24
3160 28 18
3161 17 24
3162 32 16
3163 27 18
3164 32 17
3165 7 20
3166 7 0
3167 32 16
3168 8 0
3169 32 17
3170 28 18
3171 6 20
3172 32 16
3173 27 18
3174 7 0
3175 28 18
3176 16 24
3177 7 20
3178 32 17
3179 6 20
3180 32 16
3181 7 20
3182 8 0
3183 17 24
3184 7 0
3185 6 20
3186 27 18
3187 8 0
3188 16 24
3189 7 0
3190 32 17
3191 8 0
3192 7 0
3193 17 24
3194 8 0
3195 7 20
3196 6 20
3197 16 24
3198 7 20
3199 32 16
3200 28 18
3201 27 18
3202 7 0
3203 28 18
3204 6 20
3205 27 18
3206 32 17
3207 17 24
3208 32 16
3209 8 0
3210 16 24
3211 28 18
3212 17 24
3213 7 20
3214 6 20
3215 7 0
3216 7 20
3217 6 20
3218 8 0
3219 32 17
3220 32 16
3221 7 0
3222 7 20
3223 27 18
3224 8 0
3225 16 24
3226 7 0
3227 32 17
3228 8 0
3229 6 20
3230 32 16
3231 7 0
3232 17 24
3233 32 17
3234 28 18
3235 7 20
3236 8 0
3237 27 18
3238 6 20
3239 28 18
3240 16 24
3241 27 18
3242 7 20
3243 17 24
3244 7 0
3245 8 0
3246 6 20
3247 7 0
3248 7 20
3249 8 0
3250 16 24
3251 17 24
3252 32 16
3253 7 0
3254 16 24
3255 32 17
3256 6 20
3257 7 20
3258 6 20
3259 28 18
3260 7 20
3261 6 20
3262 8 0
3263 17 24
3264 32 16
3265 7 0
3266 27 18
3267 32 17
3268 7 20
3269 6 20
3270 32 16
3271 32 17
3272 16 24
3273 7 20
3274 17 24
3275 6 20
3276 32 16
3277 8 0
3278 7 0
3279 32 17
3280 28 18
3281 8 0
3282 16 24
3283 27 18
3284 28 18
3285 17 24
3286 7 20
3287 16 24
3288 17 24
3289 6 20
3290 16 24
3291 27 18
3292 7 0
3293 28 18
3294 32 16
3295 27 18
3296 28 18
3297 17 24
3298 32 17
3299 32 16
3300 32 17
3301 32 16
3302 7 20
3303 6 20
3304 16 24
3305 7 20
3306 27 18
3307 28 18
3308 32 17
3309 8 0
3310 32 16
3311 6 20
3312 7 20
3313 27 18
3314 17 24
3315 32 17
3316 28 18
3317 16 24
3318 17 24
3319 16 24
3320 27 18
3321 28 18
3322 7 0
3323 6 20
3324 27 18
3325 7 20
3326 28 18
3327 27 18
3328 17 24
3329 16 24
3330 8 0
3331 7 0
3332 28 18
3333 6 20
3334 32 16
3335 32 17
3336 27 18
3337 32 16
3338 7 20
3339 28 18
3340 8 0
3341 7 0
3342 32 17
3343 32 16
3344 32 17
3345 6 20
3346 7 20
3347 27 18
3348 17 24
3349 16 24
3350 32 16
3351 17 24
3352 28 18
3353 8 0
3354 27 18
3355 32 17
3356 7 0
3357 8 0
3358 7 0
3359 16 24
3360 6 20
3361 32 16
3362 32 17
3363 28 18
3364 7 20
3365 32 16
3366 6 20
3367 7 20
3368 27 18
3369 8 0
3370 32 17
3371 6 20
3372 17 24
3373 28 18
3374 27 18
3375 32 16
3376 28 18
3377 7 20
3378 6 20
3379 7 20
3380 32 17
3381 16 24
3382 27 18
3383 32 16
3384 6 20
3385 32 17
3386 28 18
3387 27 18
3388 7 0
3389 32 16
3390 17 24
3391 28 18
3392 8 0
3393 7 20
3394 27 18
3395 7 0
3396 8 0
3397 7 0
3398 28 18
3399 27 18
3400 8 0
3401 7 0
3402 6 20
3403 7 20
3404 8 0
3405 7 0
3406 28 18
3407 27 18
3408 32 17
3409 32 16
3410 28 18
3411 8 0
3412 16 24
3413 32 17
3414 6 20
3415 7 0
3416 7 20
3417 32 16
3418 32 17
3419 17 24
3420 8 0
3421 6 20
3422 7 0
3423 7 20
3424 27 18
3425 32 16
3426 32 17
3427 6 20
3428 28 18
3429 16 24
3430 32 16
3431 8 0
3432 17 24
3433 7 20
3434 32 17
3435 7 0
3436 8 0
3437 32 16
3438 6 20
3439 16 24
3440 27 18
3441 7 0
3442 7 20
3443 8 0
3444 17 24
3445 6 20
3446 7 20
3447 16 24
3448 17 24
3449 7 0
3450 16 24
3451 6 20
3452 17 24
3453 7 20
3454 28 18
3455 16 24
3456 6 20
3457 8 0
3458 17 24
3459 7 20
3460 6 20
3461 16 24
3462 7 20
3463 7 0
3464 27 18
3465 6 20
3466 8 0
3467 32 17
3468 7 0
3469 32 16
3470 28 18
3471 32 17
3472 27 18
3473 7 20
3474 28 18
3475 17 24
3476 6 20
3477 16 24
3478 7 20
3479 8 0
3480 6 20
3481 32 16
3482 7 0
3483 8 0
3484 32 17
3485 17 24
3486 7 0
3487 27 18
3488 8 0
3489 7 0
3490 16 24
3491 7 20
3492 6 20
3493 17 24
3494 7 20
3495 32 16
3496 32 17
3497 6 20
3498 8 0
3499 28 18
3500 27 18
3501 32 16
3502 32 17
3503 16 24
3504 7 20
3505 6 20
3506 17 24
3507 32 16
3508 7 0
3509 8 0
3510 32 17
3511 7 0
3512 7 20
3513 8 0
3514 7 0
3515 32 16
3516 6 20
3517 16 24
3518 8 0
3519 32 17
3520 7 0
3521 28 18
3522 17 24
3523 27 18
3524 32 16
3525 16 24
3526 8 0
3527 7 0
3528 32 17
3529 7 20
3530 32 16
3531 32 17
3532 8 0
3533 7 0
3534 28 18
3535 8 0
3536 17 24
3537 6 20
3538 27 18
3539 32 16
3540 7 20
3541 6 20
3542 7 20
3543 32 17
3544 32 16
3545 6 20
3546 7 0
3547 16 24
3548 32 17
3549 28 18
3550 32 16
3551 17 24
3552 7 20
3553 16 24
3554 8 0
3555 17 24
3556 16 24
3557 17 24
3558 32 17
3559 16 24
3560 32 16
3561 7 0
3562 27 18
3563 6 20
3564 32 17
3565 7 20
3566 17 24
3567 16 24
3568 28 18
3569 8 0
3570 6 20
3571 7 0
3572 32 16
3573 8 0
3574 7 20
3575 7 0
3576 8 0
3577 17 24
3578 32 17
3579 6 20
3580 27 18
3581 28 18
3582 27 18
3583 32 16
3584 7 0
3585 28 18
3586 7 20
3587 27 18
3588 28 18
3589 32 17
3590 27 18
3591 6 20
3592 7 20
3593 6 20
3594 8 0
3595 7 20
3596 28 18
3597 7 0
3598 32 16
3599 6 20
3600 7 20
3601 6 20
3602 7 20
3603 32 17
3604 32 16
3605 6 20
3606 27 18
3607 7 20
3608 8 0
3609 7 0
3610 8 0
3611 32 17
3612 28 18
3613 6 20
3614 7 20
3615 27 18
3616 16 24
3617 6 20
3618 7 20
3619 32 16
3620 7 0
3621 28 18
3622 17 24
3623 32 17
3624 32 16
3625 8 0
3626 7 0
3627 6 20
3628 32 17
3629 7 20
3630 6 20
3631 7 20
3632 6 20
3633 8 0
3634 27 18
3635 32 16
3636 16 24
3637 28 18
3638 7 0
3639 7 20
3640 27 18
3641 17 24
3642 28 18
3643 6 20
3644 8 0
3645 32 17
3646 16 24
3647 7 20
3648 32 16
3649 7 0
3650 27 18
3651 6 20
3652 32 17
3653 32 16
3654 7 20
3655 17 24
3656 28 18
3657 32 17
3658 27 18
3659 16 24
3660 17 24
3661 16 24
3662 28 18
3663 6 20
3664 32 16
3665 32 17
3666 27 18
3667 17 24
3668 28 18
3669 27 18
3670 28 18
3671 32 16
3672 8 0
3673 27 18
3674 7 0
3675 8 0
3676 32 17
3677 7 0
3678 28 18
3679 27 18
3680 16 24
3681 8 0
3682 32 16
3683 7 20
3684 7 0
3685 28 18
3686 32 17
3687 8 0
3688 7 0
3689 8 0
3690 32 16
3691 32 17
3692 6 20
3693 27 18
3694 17 24
3695 32 16
3696 32 17
3697 32 16
3698 28 18
3699 7 0
3700 16 24
3701 32 17
3702 17 24
3703 27 18
3704 7 20
3705 32 16
3706 6 20
3707 7 20
3708 28 18
3709 32 17
3710 16 24
3711 8 0
3712 17 24
3713 16 24
3714 27 18
3715 32 16
3716 17 24
3717 7 0
3718 6 20
3719 7 20
3720 28 18
3721 8 0
3722 32 17
3723 32 16
3724 6 20
3725 32 17
3726 27 18
3727 7 0
3728 16 24
3729 7 20
3730 17 24
3731 32 16
3732 32 17
3733 28 18
3734 8 0
3735 7 0
3736 16 24
3737 27 18
3738 6 20
3739 28 18
3740 17 24
3741 7 20
3742 32 16
3743 27 18
3744 32 17
3745 28 18
3746 6 20
3747 8 0
3748 27 18
3749 7 20
3750 32 16
3751 7 0
3752 16 24
3753 17 24
3754 16 24
3755 32 17
3756 32 16
3757 28 18
3758 8 0
3759 27 18
3760 28 18
3761 7 0
3762 32 17
3763 27 18
3764 32 16
3765 32 17
3766 17 24
3767 6 20
3768 16 24
3769 28 18
3770 27 18
3771 32 16
3772 17 24
3773 28 18
3774 7 20
3775 32 17
3776 32 16
3777 32 17
3778 6 20
3779 8 0
3780 7 20
3781 16 24
3782 7 0
3783 17 24
3784 8 0
3785 27 18
3786 16 24
3787 7 0
3788 17 24
3789 32 16
3790 32 17
3791 16 24
3792 32 16
3793 6 20
3794 17 24
3795 28 18
3796 7 20
3797 6 20
3798 32 17
3799 27 18
3800 32 16
3801 32 17
3802 32 16
3803 8 0
3804 16 24
3805 28 18
3806 27 18
3807 7 20
3808 6 20
3809 17 24
3810 32 17
3811 32 16
3812 7 20
3813 32 17
3814 32 16
3815 32 17
3816 6 20
3817 7 0
3818 8 0
3819 7 20
3820 32 16
3821 32 17
3822 28 18
3823 16 24
3824 17 24
3825 7 0
3826 6 20
3827 8 0
3828 7 0
3829 16 24
3830 8 0
3831 17 24
3832 7 0
3833 7 20
3834 6 20
3835 27 18
3836 32 16
3837 16 24
3838 7 20
3839 8 0
3840 7 0
3841 6 20
3842 8 0
3843 32 17
3844 17 24
3845 7 0
3846 32 16
3847 16 24
3848 8 0
3849 32 17
3850 28 18
3851 17 24
3852 7 0
3853 8 0
3854 16 24
3855 7 0
3856 7 20
3857 32 16
3858 27 18
3859 28 18
3860 8 0
3861 6 20
3862 27 18
3863 28 18
3864 7 20
3865 17 24
3866 7 0
3867 6 20
3868 32 17
3869 7 20
3870 27 18
3871 28 18
3872 16 24
3873 32 16
3874 17 24
3875 6 20
3876 16 24
3877 7 20
3878 32 17
3879 8 0
3880 32 16
3881 6 20
3882 7 20
3883 7 0
3884 8 0
3885 6 20
3886 32 17
3887 7 0
3888 27 18
3889 17 24
3890 7 20
3891 32 16
3892 6 20
3893 8 0
3894 32 17
3895 28 18
3896 27 18
3897 16 24
3898 7 0
3899 28 18
3900 17 24
3901 7 20
3902 8 0
3903 27 18
3904 16 24
3905 32 16
3906 7 0
3907 32 17
3908 8 0
3909 32 16
3910 17 24
3911 16 24
3912 17 24
3913 7 0
3914 16 24
3915 6 20
3916 32 17
3917 17 24
3918 28 18
3919 8 0
3920 7 20
3921 32 16
3922 32 17
3923 6 20
3924 32 16
3925 27 18
3926 7 0
3927 32 17
3928 16 24
3929 28 18
3930 7 20
3931 17 24
3932 27 18
3933 28 18
3934 8 0
3935 6 20
3936 7 0
3937 32 16
3938 32 17
3939 27 18
3940 16 24
3941 8 0
3942 7 0
3943 32 16
3944 8 0
3945 28 18
3946 32 17
3947 7 0
3948 7 20
3949 6 20
3950 27 18
3951 32 16
3952 7 20
3953 32 17
3954 6 20
3955 7 20
3956 17 24
3957 28 18
3958 32 16
3959 27 18
3960 16 24
3961 28 18
3962 6 20
3963 27 18
3964 8 0
3965 28 18
3966 7 20
3967 17 24
3968 7 0
3969 8 0
3970 16 24
3971 7 0
3972 17 24
3973 8 0
3974 16 24
3975 27 18
3976 28 18
3977 6 20
3978 7 20
3979 27 18
3980 32 17
3981 17 24
3982 16 24
3983 28 18
3984 17 24
3985 6 20
3986 7 0
3987 8 0
3988 16 24
3989 7 0
3990 17 24
3991 32 16
3992 27 18
3993 32 17
3994 7 20
3995 32 16
3996 6 20
3997 16 24
3998 28 18
3999 32 17
4000 8 0
4001 27 18
4002 17 24
4003 28 18
4004 7 20
4005 7 0
4006 32 16
4007 6 20
4008 27 18
4009 32 17
4010 16 24
4011 28 18
4012 7 20
4013 32 16
4014 32 17
4015 8 0
4016 27 18
4017 17 24
4018 7 0
4019 8 0
4020 28 18
4021 27 18
4022 32 16
4023 32 17
4024 28 18
4025 7 0
4026 27 18
4027 32 16
4028 6 20
4029 28 18
4030 32 17
4031 27 18
4032 8 0
4033 16 24
4034 7 0
4035 17 24
4036 28 18
4037 16 24
4038 17 24
4039 32 16
4040 27 18
4041 16 24
4042 32 17
4043 17 24
4044 7 20
4045 28 18
4046 16 24
4047 8 0
4048 7 0
4049 32 16
4050 8 0
4051 7 0
4052 17 24
4053 16 24
4054 32 17
4055 17 24
4056 8 0
4057 16 24
4058 27 18
4059 17 24
4060 6 20
4061 28 18
4062 27 18
4063 7 0
4064 32 16
4065 16 24
4066 32 17
4067 8 0
4068 7 20
4069 28 18
4070 17 24
4071 27 18
4072 7 0
4073 8 0
4074 7 0
4075 32 16
4076 16 24
4077 6 20
4078 8 0
4079 17 24
4080 32 17
4081 28 18
4082 7 0
4083 8 0
4084 32 16
4085 16 24
4086 17 24
4087 32 17
4088 7 0
4089 7 20
4090 16 24
4091 32 16
4092 17 24
4093 16 24
4094 32 17
4095 17 24
4096 27 18
4097 28 18
4098 16 24
4099 32 16
4100 8 0
4101 17 24
4102 6 20
4103 32 17
4104 7 0
4105 32 16
4106 32 17
4107 7 20
4108 6 20
4109 7 20
4110 16 24
4111 32 16
4112 6 20
4113 8 0
4114 7 20
4115 32 17
4116 27 18
4117 28 18
4118 6 20
4119 27 18
4120 28 18
4121 32 16
4122 17 24
4123 7 20
4124 16 24
4125 17 24
4126 6 20
4127 32 17
4128 32 16
4129 7 20
4130 7 0
4131 32 17
4132 32 16
4133 32 17
4134 32 16
4135 32 17
4136 6 20
4137 27 18
4138 7 20
4139 16 24
4140 28 18
4141 6 20
4142 32 16
4143 17 24
4144 16 24
4145 27 18
4146 7 20
4147 32 17
4148 17 24
4149 8 0
4150 6 20
4151 7 0
4152 8 0
4153 16 24
4154 28 18
4155 7 20
4156 27 18
4157 32 16
4158 32 17
4159 32 16
4160 28 18
4161 6 20
4162 7 20
4163 7 0
4164 27 18
4165 6 20
4166 17 24
4167 7 20
4168 16 24
4169 17 24
4170 16 24
4171 32 17
4172 6 20
4173 8 0
4174 28 18
4175 32 16
4176 17 24
4177 7 20
4178 32 17
4179 32 16
4180 6 20
4181 32 17
4182 27 18
4183 7 0
4184 7 20
4185 6 20
4186 32 16
4187 32 17
4188 8 0
4189 7 20
4190 28 18
4191 16 24
4192 6 20
4193 7 20
4194 6 20
4195 7 0
4196 8 0
4197 7 20
4198 17 24
4199 32 16
4200 32 17
4201 32 16
4202 32 17
4203 27 18
4204 6 20
4205 32 16
4206 7 0
4207 28 18
4208 8 0
4209 27 18
4210 32 17
4211 28 18
4212 32 16
4213 27 18
4214 7 0
4215 8 0
4216 7 20
4217 6 20
4218 16 24
4219 32 17
4220 32 16
4221 28 18
4222 27 18
4223 32 17
4224 32 16
4225 17 24
4226 7 0
4227 32 17
4228 7 20
4229 16 24
4230 17 24
4231 16 24
4232 8 0
4233 32 16
4234 7 0
4235 8 0
4236 28 18
4237 6 20
4238 32 17
4239 17 24
4240 16 24
4241 27 18
4242 7 0
4243 7 20
4244 32 16
4245 8 0
4246 6 20
4247 28 18
4248 17 24
4249 7 0
4250 16 24
4251 7 20
4252 8 0
4253 32 17
4254 17 24
4255 16 24
4256 27 18
4257 32 16
4258 7 0
4259 6 20
4260 8 0
4261 17 24
4262 7 20
4263 6 20
4264 16 24
4265 7 20
4266 6 20
4267 17 24
4268 7 0
4269 7 20
4270 6 20
4271 16 24
4272 8 0
4273 7 0
4274 17 24
4275 28 18
4276 16 24
4277 27 18
4278 7 20
4279 28 18
4280 8 0
4281 7 0
4282 6 20
4283 17 24
4284 27 18
4285 16 24
4286 17 24
4287 8 0
4288 16 24
4289 17 24
4290 32 17
4291 7 0
4292 28 18
4293 8 0
4294 27 18
4295 16 24
4296 17 24
4297 16 24
4298 7 0
4299 17 24
4300 7 20
4301 32 16
4302 8 0
4303 6 20
4304 7 0
4305 32 17
4306 32 16
4307 28 18
4308 27 18
4309 32 17
4310 32 16
4311 28 18
4312 27 18
4313 16 24
4314 17 24
4315 8 0
4316 16 24
4317 7 0
4318 7 20
4319 32 17
4320 32 16
4321 28 18
4322 8 0
4323 7 0
4324 17 24
4325 8 0
4326 6 20
4327 7 20
4328 27 18
4329 7 0
4330 32 17
4331 32 16
4332 6 20
4333 28 18
4334 27 18
4335 28 18
4336 7 20
4337 16 24
4338 8 0
4339 27 18
4340 17 24
4341 7 0
4342 28 18
4343 27 18
4344 16 24
4345 32 17
4346 6 20
4347 17 24
4348 16 24
4349 7 20
4350 17 24
4351 8 0
4352 6 20
4353 28 18
4354 32 16
4355 7 0
4356 8 0
4357 16 24
4358 7 20
4359 7 0
4360 6 20
4361 7 20
4362 8 0
4363 6 20
4364 7 0
4365 17 24
4366 16 24
4367 17 24
4368 7 20
4369 16 24
4370 27 18
4371 32 17
4372 17 24
4373 32 16
4374 32 17
4375 16 24
4376 28 18
4377 6 20
4378 32 16
4379 7 20
4380 32 17
4381 8 0
4382 17 24
4383 16 24
4384 17 24
4385 32 16
4386 16 24
4387 6 20
4388 7 0
4389 32 17
4390 17 24
4391 7 20
4392 8 0
4393 16 24
4394 7 0
4395 8 0
4396 32 16
4397 7 0
4398 17 24
4399 27 18
4400 6 20
4401 32 17
4402 28 18
4403 16 24
4404 32 16
4405 32 17
4406 17 24
4407 32 16
4408 27 18
4409 28 18
4410 8 0
4411 27 18
4412 7 0
4413 8 0
4414 16 24
4415 28 18
4416 32 17
4417 32 16
4418 17 24
4419 27 18
4420 7 20
4421 6 20
4422 7 20
4423 7 0
4424 28 18
4425 6 20
4426 32 17
4427 32 16
4428 32 17
4429 7 20
4430 32 16
4431 6 20
4432 27 18
4433 8 0
4434 32 17
4435 7 20
4436 7 0
4437 32 16
4438 32 17
4439 6 20
4440 32 16
4441 32 17
4442 28 18
4443 7 20
4444 32 16
4445 6 20
4446 27 18
4447 28 18
4448 27 18
4449 28 18
4450 27 18
4451 28 18
4452 16 24
4453 7 20
4454 32 17
4455 6 20
4456 27 18
4457 8 0
4458 17 24
4459 7 20
4460 16 24
4461 17 24
4462 6 20
4463 7 0
4464 8 0
4465 7 0
4466 7 20
4467 28 18
4468 32 16
4469 27 18
4470 8 0
4471 6 20
4472 7 0
4473 28 18
4474 32 17
4475 7 20
4476 8 0
4477 32 16
4478 6 20
4479 7 0
4480 16 24
4481 7 20
4482 6 20
4483 17 24
4484 16 24
4485 17 24
4486 7 20
4487 32 17
4488 6 20
4489 32 16
4490 8 0
4491 16 24
4492 27 18
4493 32 17
4494 28 18
4495 7 0
4496 27 18
4497 32 16
4498 32 17
4499 32 16
4500 32 17
4501 8 0
4502 32 16
4503 7 0
4504 28 18
4505 7 20
4506 17 24
4507 6 20
4508 32 17
4509 8 0
4510 7 0
4511 8 0
4512 32 16
4513 16 24
4514 17 24
4515 7 0
4516 27 18
4517 8 0
4518 7 20
4519 16 24
4520 32 17
4521 6 20
4522 7 0
4523 28 18
4524 8 0
4525 32 16
4526 32 17
4527 7 20
4528 17 24
4529 32 16
4530 7 0
4531 32 17
4532 16 24
4533 27 18
4534 32 16
4535 17 24
4536 6 20
4537 7 20
4538 32 17
4539 16 24
4540 8 0
4541 32 16
4542 32 17
4543 17 24
4544 28 18
4545 6 20
4546 27 18
4547 28 18
4548 32 16
4549 7 20
4550 6 20
4551 32 17
4552 32 16
4553 27 18
4554 7 20
4555 16 24
4556 17 24
4557 16 24
4558 32 17
4559 32 16
4560 6 20
4561 17 24
4562 16 24
4563 7 0
4564 32 17
4565 32 16
4566 8 0
4567 17 24
4568 16 24
4569 17 24
4570 32 17
4571 16 24
4572 28 18
4573 7 20
4574 17 24
4575 27 18
4576 7 0
4577 16 24
4578 17 24
4579 6 20
4580 7 20
4581 8 0
4582 7 0
4583 8 0
4584 28 18
4585 32 16
4586 6 20
4587 27 18
4588 7 0
4589 8 0
4590 16 24
4591 32 17
4592 7 20
4593 32 16
4594 7 0
4595 6 20
4596 32 17
4597 32 16
4598 17 24
4599 28 18
4600 27 18
4601 8 0
4602 7 20
4603 7 0
4604 6 20
4605 28 18
4606 8 0
4607 32 17
4608 16 24
4609 7 0
4610 17 24
4611 27 18
4612 8 0
4613 32 16
4614 32 17
4615 7 0
4616 7 20
4617 8 0
4618 7 0
4619 16 24
4620 17 24
4621 28 18
4622 16 24
4623 8 0
4624 32 16
4625 7 0
4626 8 0
4627 32 17
4628 27 18
4629 17 24
4630 32 16
4631 7 0
4632 8 0
4633 16 24
4634 17 24
4635 16 24
4636 32 17
4637 32 16
4638 7 0
4639 6 20
4640 28 18
4641 8 0
4642 32 17
4643 17 24
4644 7 0
4645 32 16
4646 7 20
4647 6 20
4648 7 20
4649 27 18
4650 28 18
4651 16 24
4652 32 17
4653 32 16
4654 27 18
4655 6 20
4656 32 17
4657 17 24
4658 32 16
4659 7 20
4660 32 17
4661 8 0
4662 7 0
4663 28 18
4664 32 16
4665 32 17
4666 32 16
4667 27 18
4668 8 0
4669 7 0
4670 6 20
4671 7 20
4672 6 20
4673 7 20
4674 6 20
4675 32 17
4676 28 18
4677 32 16
4678 16 24
4679 17 24
4680 32 17
4681 16 24
4682 8 0
4683 7 20
4684 27 18
4685 32 16
4686 17 24
4687 28 18
4688 32 17
4689 7 0
4690 16 24
4691 6 20
4692 27 18
4693 8 0
4694 7 20
4695 17 24
4696 7 0
4697 16 24
4698 28 18
4699 6 20
4700 7 20
4701 6 20
4702 8 0
4703 7 0
4704 27 18
4705 8 0
4706 17 24
4707 28 18
4708 27 18
4709 32 16
4710 32 17
4711 16 24
4712 28 18
4713 7 0
4714 8 0
4715 17 24
4716 7 20
4717 32 16
4718 6 20
4719 7 0
4720 16 24
4721 7 20
4722 8 0
4723 27 18
4724 17 24
4725 7 0
4726 8 0
4727 28 18
4728 32 17
4729 27 18
4730 6 20
4731 32 16
4732 7 20
4733 7 0
4734 28 18
4735 8 0
4736 32 17
4737 7 0
4738 16 24
4739 8 0
4740 27 18
4741 32 16
4742 32 17
4743 7 0
4744 28 18
4745 32 16
4746 8 0
4747 6 20
4748 7 0
4749 32 17
4750 17 24
4751 8 0
4752 27 18
4753 7 20
4754 16 24
4755 6 20
4756 7 20
4757 17 24
4758 32 16
4759 16 24
4760 7 0
4761 6 20
4762 28 18
4763 7 20
4764 6 20
4765 8 0
4766 7 20
4767 32 17
4768 17 24
4769 27 18
4770 6 20
4771 7 0
4772 32 16
4773 16 24
4774 8 0
4775 17 24
4776 28 18
4777 27 18
4778 7 20
4779 28 18
4780 7 0
4781 8 0
4782 32 17
4783 32 16
4784 32 17
4785 6 20
4786 16 24
4787 7 20
4788 27 18
4789 28 18
4790 17 24
4791 27 18
4792 6 20
4793 32 16
4794 32 17
4795 28 18
4796 27 18
4797 7 0
4798 7 20
4799 16 24
4800 32 16
4801 32 17
4802 6 20
4803 28 18
4804 32 16
4805 17 24
4806 8 0
4807 27 18
4808 28 18
4809 32 17
4810 16 24
4811 27 18
4812 32 16
4813 17 24
4814 7 0
4815 32 17
4816 32 16
4817 7 20
4818 6 20
4819 8 0
4820 7 0
4821 32 17
4822 32 16
4823 7 20
4824 8 0
4825 16 24
4826 32 17
4827 7 0
4828 8 0
4829 17 24
4830 28 18
4831 7 0
4832 27 18
4833 16 24
4834 32 16
4835 6 20
4836 17 24
4837 7 20
4838 8 0
4839 32 17
4840 32 16
4841 7 0
4842 28 18
4843 32 17
4844 27 18
4845 8 0
4846 6 20
4847 7 20
4848 28 18
4849 6 20
4850 32 16
4851 27 18
4852 7 20
4853 32 17
4854 7 0
4855 16 24
4856 28 18
4857 17 24
4858 32 16
4859 8 0
4860 32 17
4861 6 20
4862 32 16
4863 7 0
4864 8 0
4865 16 24
4866 17 24
4867 16 24
4868 17 24
4869 16 24
4870 27 18
4871 28 18
4872 17 24
4873 7 20
4874 32 17
4875 7 0
4876 16 24
4877 8 0
4878 32 16
4879 17 24
4880 32 17
4881 32 16
4882 16 24
4883 27 18
4884 32 17
4885 28 18
4886 17 24
4887 27 18
4888 7 0
4889 8 0
4890 32 16
4891 28 18
4892 16 24
4893 6 20
4894 27 18
4895 17 24
4896 16 24
4897 7 20
4898 17 24
4899 7 0
4900 16 24
4901 17 24
4902 28 18
4903 6 20
4904 27 18
4905 7 20
4906 8 0
4907 16 24
4908 17 24
4909 32 17
4910 6 20
4911 7 20
4912 32 16
4913 32 17
4914 7 0
4915 16 24
4916 32 16
4917 17 24
4918 8 0
4919 32 17
4920 16 24
4921 7 0
4922 28 18
4923 6 20
4924 17 24
4925 8 0
4926 7 20
4927 7 0
4928 8 0
4929 27 18
4930 16 24
4931 17 24
4932 7 0
4933 28 18
4934 8 0
4935 32 16
4936 6 20
4937 16 24
4938 27 18
4939 32 17
4940 7 0
4941 7 20
4942 28 18
4943 6 20
4944 7 20
4945 8 0
4946 7 0
4947 32 16
4948 17 24
4949 8 0
4950 16 24
4951 32 17
4952 7 0
4953 6 20
4954 7 20
4955 32 16
4956 17 24
4957 6 20
4958 16 24
4959 32 17
4960 7 20
4961 8 0
4962 7 0
4963 32 16
4964 6 20
4965 32 17
4966 27 18
4967 28 18
4968 27 18
4969 7 20
4970 6 20
4971 7 20
4972 32 16
4973 17 24
4974 28 18
4975 32 17
4976 8 0
4977 27 18
4978 6 20
4979 7 0
4980 28 18
4981 8 0
4982 7 0
4983 7 20
4984 16 24
4985 17 24
4986 32 16
4987 32 17
4988 16 24
4989 27 18
4990 17 24
4991 16 24
4992 8 0
4993 6 20
4994 32 16
4995 32 17
4996 17 24
4997 7 0
4998 28 18
4999 7 20
5000 32 16
5001 6 20
5002 8 0
5003 32 17
5004 7 0
5005 16 24
5006 8 0
5007 7 0
5008 7 20
5009 6 20
5010 7 20
5011 27 18
5012 6 20
5013 28 18
5014 27 18
5015 28 18
5016 8 0
5017 7 0
5018 17 24
5019 7 20
5020 6 20
5021 16 24
5022 8 0
5023 7 0
5024 27 18
5025 7 20
5026 6 20
5027 7 20
5028 32 16
5029 6 20
5030 8 0
5031 32 17
5032 7 20
5033 6 20
5034 32 16
5035 7 20
5036 28 18
5037 32 17
5038 17 24
5039 7 0
5040 6 20
5041 8 0
5042 32 16
5043 16 24
5044 27 18
5045 28 18
5046 17 24
5047 7 0
5048 16 24
5049 32 17
5050 7 20
5051 32 16
5052 32 17
5053 32 16
5054 6 20
5055 17 24
5056 8 0
5057 27 18
5058 7 20
5059 6 20
5060 16 24
5061 32 17
5062 7 0
5063 28 18
5064 32 16
5065 27 18
5066 32 17
5067 32 16
5068 28 18
5069 27 18
5070 28 18
5071 17 24
5072 8 0
5073 7 20
5074 27 18
5075 16 24
5076 6 20
5077 7 0
5078 28 18
5079 17 24
5080 8 0
5081 16 24
5082 17 24
5083 7 0
5084 27 18
5085 28 18
5086 16 24
5087 7 20
5088 6 20
5089 32 17
5090 7 20
5091 8 0
5092 17 24
5093 7 0
5094 8 0
5095 6 20
5096 32 16
5097 27 18
5098 28 18
5099 7 20
5100 6 20
5101 27 18
5102 32 17
5103 28 18
5104 32 16
5105 32 17
5106 32 16
5107 27 18
5108 7 20
5109 6 20
5110 7 0
5111 28 18
5112 27 18
5113 28 18
5114 27 18
5115 32 17
5116 7 20
5117 32 16
5118 6 20
5119 28 18
5120 27 18
5121 8 0
5122 16 24
5123 17 24
5124 32 17
5125 28 18
5126 27 18
5127 16 24
5128 7 0
5129 8 0
5130 7 20
5131 32 16
5132 7 0
5133 17 24
5134 16 24
5135 8 0
5136 28 18
5137 27 18
5138 17 24
5139 16 24
5140 17 24
5141 32 17
5142 6 20
5143 7 0
5144 8 0
5145 16 24
5146 7 0
5147 7 20
5148 28 18
5149 27 18
5150 6 20
5151 8 0
5152 7 0
5153 28 18
5154 32 16
5155 17 24
5156 16 24
5157 32 17
5158 7 20
5159 6 20
5160 7 20
5161 8 0
5162 32 16
5163 7 0
5164 17 24
5165 32 17
5166 8 0
5167 16 24
5168 27 18
5169 28 18
5170 32 16
5171 27 18
5172 6 20
5173 28 18
5174 32 17
5175 27 18
5176 17 24
5177 28 18
5178 16 24
5179 27 18
5180 7 20
5181 17 24
5182 16 24
5183 28 18
5184 27 18
5185 7 0
5186 6 20
5187 28 18
5188 17 24
5189 16 24
5190 7 20
5191 27 18
5192 8 0
5193 32 16
5194 28 18
5195 7 0
5196 8 0
5197 6 20
5198 32 17
5199 32 16
5200 7 0
5201 32 17
5202 32 16
5203 8 0
5204 7 20
5205 7 0
5206 32 17
5207 8 0
5208 17 24
5209 16 24
5210 32 16
5211 17 24
5212 16 24
5213 17 24
5214 27 18
5215 28 18
5216 6 20
5217 16 24
5218 32 17
5219 32 16
5220 7 20
5221 7 0
5222 27 18
5223 8 0
5224 32 17
5225 17 24
5226 28 18
5227 6 20
5228 16 24
5229 7 0
5230 17 24
5231 16 24
5232 7 20
5233 17 24
5234 32 16
5235 16 24
5236 17 24
5237 8 0
5238 16 24
5239 7 0
5240 6 20
5241 17 24
5242 32 17
5243 27 18
5244 32 16
5245 7 20
5246 16 24
5247 32 17
5248 17 24
5249 16 24
5250 32 16
5251 32 17
5252 17 24
5253 6 20
5254 32 16
5255 7 20
5256 6 20
5257 28 18
5258 27 18
5259 32 17
5260 7 20
5261 8 0
5262 28 18
5263 16 24
5264 17 24
5265 16 24
5266 32 16
5267 17 24
5268 7 0
5269 32 17
5270 8 0
5271 16 24
5272 32 16
5273 6 20
5274 32 17
5275 7 0
5276 8 0
5277 17 24
5278 7 20
5279 32 16
5280 7 0
5281 6 20
5282 32 17
5283 8 0
5284 32 16
5285 7 20
5286 16 24
5287 6 20
5288 27 18
5289 7 20
5290 28 18
5291 27 18
5292 28 18
5293 17 24
5294 16 24
5295 27 18
5296 7 0
5297 28 18
5298 17 24
5299 8 0
5300 32 17
5301 7 0
5302 32 16
5303 8 0
5304 6 20
5305 7 20
5306 6 20
5307 16 24
5308 7 0
5309 32 17
5310 27 18
5311 28 18
5312 27 18
5313 28 18
5314 17 24
5315 16 24
5316 32 16
5317 32 17
5318 8 0
5319 27 18
5320 17 24
5321 28 18
5322 7 20
5323 32 16
5324 27 18
5325 32 17
5326 32 16
5327 7 0
5328 8 0
5329 32 17
5330 7 0
5331 32 16
5332 16 24
5333 28 18
5334 17 24
5335 16 24
5336 27 18
5337 17 24
5338 32 17
5339 28 18
5340 6 20
5341 16 24
5342 27 18
5343 8 0
5344 32 16
5345 28 18
5346 32 17
5347 32 16
5348 17 24
5349 7 0
5350 16 24
5351 32 17
5352 32 16
5353 27 18
5354 7 20
5355 6 20
5356 28 18
5357 27 18
5358 17 24
5359 16 24
5360 32 17
5361 32 16
5362 32 17
5363 7 20
5364 6 20
5365 17 24
5366 7 20
5367 8 0
5368 32 16
5369 16 24
5370 32 17
5371 6 20
5372 17 24
5373 16 24
5374 17 24
5375 7 20
5376 32 16
5377 7 0
5378 8 0
5379 28 18
5380 27 18
5381 6 20
5382 7 0
5383 28 18
5384 16 24
5385 27 18
5386 7 20
5387 17 24
5388 28 18
5389 6 20
5390 32 17
5391 7 20
5392 8 0
5393 6 20
5394 27 18
5395 16 24
5396 32 16
5397 7 20
5398 6 20
5399 32 17
5400 17 24
5401 16 24
5402 28 18
5403 32 16
5404 7 20
5405 27 18
5406 7 0
5407 6 20
5408 17 24
5409 7 20
5410 32 17
5411 8 0
5412 16 24
5413 7 0
5414 28 18
5415 27 18
5416 6 20
5417 32 16
5418 17 24
5419 16 24
5420 8 0
5421 28 18
5422 27 18
5423 17 24
5424 16 24
5425 7 20
5426 32 17
5427 6 20
5428 28 18
5429 32 16
5430 7 20
5431 7 0
5432 6 20
5433 32 17
5434 27 18
5435 32 16
5436 8 0
5437 28 18
5438 7 20
5439 27 18
5440 6 20
5441 17 24
5442 32 17
5443 7 0
5444 8 0
5445 16 24
5446 32 16
5447 7 0
5448 17 24
5449 8 0
5450 28 18
5451 7 0
5452 27 18
5453 7 20
5454 6 20
5455 7 20
5456 6 20
5457 28 18
5458 16 24
5459 27 18
5460 32 17
5461 32 16
5462 32 17
5463 28 18
5464 32 16
5465 32 17
5466 17 24
5467 32 16
5468 8 0
5469 7 20
5470 7 0
5471 16 24
5472 32 17
5473 6 20
5474 8 0
5475 17 24
5476 27 18
5477 32 16
5478 16 24
5479 17 24
5480 16 24
5481 17 24
5482 16 24
5483 17 24
5484 7 20
5485 6 20
5486 28 18
5487 7 20
5488 27 18
5489 28 18
5490 7 0
5491 16 24
5492 6 20
5493 17 24
5494 27 18
5495 16 24
5496 32 17
5497 8 0
5498 32 16
5499 32 17
5500 7 20
5501 17 24
5502 7 0
5503 8 0
5504 32 16
5505 28 18
5506 6 20
5507 7 20
5508 16 24
5509 6 20
5510 7 20
5511 32 17
5512 6 20
5513 7 20
5514 32 16
5515 6 20
5516 7 0
5517 32 17
5518 7 20
5519 8 0
5520 32 16
5521 7 0
5522 32 17
5523 32 16
5524 32 17
5525 27 18
5526 32 16
5527 32 17
5528 32 16
5529 17 24
5530 16 24
5531 6 20
5532 32 17
5533 32 16
5534 17 24
5535 16 24
5536 17 24
5537 16 24
5538 8 0
5539 28 18
5540 7 20
5541 17 24
5542 16 24
5543 6 20
5544 27 18
5545 7 20
5546 6 20
5547 32 17
5548 7 0
5549 7 20
5550 6 20
5551 17 24
5552 28 18
5553 32 16
5554 8 0
5555 27 18
5556 28 18
5557 7 20
5558 6 20
5559 32 17
5560 32 16
5561 16 24
5562 32 17
5563 32 16
5564 27 18
5565 17 24
5566 28 18
5567 7 0
5568 32 17
5569 32 16
5570 8 0
5571 7 0
5572 16 24
5573 27 18
5574 28 18
5575 8 0
5576 32 17
5577 17 24
5578 16 24
5579 27 18
5580 7 0
5581 8 0
5582 32 16
5583 7 20
5584 7 0
5585 8 0
5586 32 17
5587 28 18
5588 32 16
5589 6 20
5590 32 17
5591 32 16
5592 32 17
5593 7 20
5594 27 18
5595 32 16
5596 7 0
5597 6 20
5598 8 0
5599 32 17
5600 17 24
5601 16 24
5602 17 24
5603 7 20
5604 16 24
5605 7 0
5606 8 0
5607 28 18
5608 6 20
5609 7 20
5610 32 16
5611 27 18
5612 6 20
5613 17 24
5614 7 20
5615 32 17
5616 6 20
5617 16 24
5618 7 0
5619 32 16
5620 17 24
5621 16 24
5622 32 17
5623 7 20
5624 28 18
5625 6 20
5626 7 20
5627 27 18
5628 8 0
5629 28 18
5630 27 18
5631 32 16
5632 17 24
5633 28 18
5634 6 20
5635 7 0
5636 16 24
5637 32 17
5638 32 16
5639 27 18
5640 32 17
5641 28 18
5642 32 16
5643 17 24
5644 7 20
5645 6 20
5646 7 20
5647 27 18
5648 32 17
5649 16 24
5650 8 0
5651 17 24
5652 28 18
5653 27 18
5654 7 0
5655 16 24
5656 17 24
5657 28 18
5658 8 0
5659 32 16
5660 16 24
5661 7 0
5662 17 24
5663 32 17
5664 16 24
5665 6 20
5666 7 20
5667 8 0
5668 32 16
5669 32 17
5670 32 16
5671 7 0
5672 17 24
5673 27 18
5674 32 17
5675 8 0
5676 6 20
5677 7 0
5678 8 0
5679 16 24
5680 17 24
5681 7 0
5682 16 24
5683 32 16
5684 17 24
5685 7 20
5686 8 0
5687 16 24
5688 7 0
5689 32 17
5690 6 20
5691 8 0
5692 32 16
5693 28 18
5694 32 17
5695 7 20
5696 17 24
5697 7 0
5698 32 16
5699 6 20
5700 8 0
5701 32 17
5702 16 24
5703 17 24
5704 32 16
5705 27 18
5706 7 20
5707 16 24
5708 7 0
5709 32 17
5710 6 20
5711 17 24
5712 7 20
5713 8 0
5714 7 0
5715 16 24
5716 17 24
5717 28 18
5718 8 0
5719 7 0
5720 16 24
5721 8 0
5722 17 24
5723 16 24
5724 27 18
5725 28 18
5726 7 0
5727 27 18
5728 17 24
5729 28 18
5730 8 0
5731 6 20
5732 27 18
5733 7 20
5734 6 20
5735 28 18
5736 7 0
5737 16 24
5738 7 20
5739 17 24
5740 6 20
5741 27 18
5742 8 0
5743 7 20
5744 7 0
5745 8 0
5746 16 24
5747 7 0
5748 28 18
5749 27 18
5750 32 16
5751 8 0
5752 7 0
5753 8 0
5754 28 18
5755 27 18
5756 17 24
5757 7 0
5758 6 20
5759 28 18
5760 7 20
5761 8 0
5762 32 17
5763 7 0
5764 27 18
5765 16 24
5766 8 0
5767 28 18
5768 7 0
5769 6 20
5770 32 16
5771 32 17
5772 27 18
5773 7 20
5774 6 20
5775 17 24
5776 8 0
5777 32 16
5778 28 18
5779 27 18
5780 32 17
5781 7 0
5782 8 0
5783 32 16
5784 7 20
5785 7 0
5786 32 17
5787 6 20
5788 28 18
5789 8 0
5790 7 0
5791 7 20
5792 16 24
5793 27 18
5794 6 20
5795 8 0
5796 28 18
5797 27 18
5798 7 20
5799 6 20
5800 28 18
5801 7 20
5802 32 16
5803 32 17
5804 7 0
5805 6 20
5806 32 16
5807 17 24
5808 27 18
5809 7 20
5810 28 18
5811 8 0
5812 16 24
5813 27 18
5814 7 0
5815 17 24
5816 8 0
5817 16 24
5818 32 17
5819 28 18
5820 17 24
5821 32 16
5822 7 0
5823 27 18
5824 28 18
5825 6 20
5826 27 18
5827 32 17
5828 7 20
5829 28 18
5830 8 0
5831 7 0
5832 6 20
5833 7 20
5834 6 20
5835 16 24
5836 27 18
5837 32 16
5838 8 0
5839 7 0
5840 28 18
5841 32 17
5842 32 16
5843 27 18
5844 32 17
5845 8 0
5846 28 18
5847 7 0
5848 27 18
5849 8 0
5850 17 24
5851 16 24
5852 7 0
5853 32 16
5854 17 24
5855 28 18
5856 27 18
5857 16 24
5858 8 0
5859 32 17
5860 28 18
5861 32 16
5862 7 0
5863 27 18
5864 7 20
5865 32 17
5866 32 16
5867 28 18
5868 8 0
5869 6 20
5870 7 20
5871 6 20
5872 32 17
5873 7 0
5874 7 20
5875 8 0
5876 6 20
5877 17 24
5878 7 0
5879 32 16
5880 27 18
5881 28 18
5882 7 20
5883 6 20
5884 7 20
5885 6 20
5886 16 24
5887 8 0
5888 27 18
5889 17 24
5890 16 24
5891 7 0
5892 8 0
5893 17 24
5894 32 17
5895 7 0
5896 7 20
5897 6 20
5898 32 16
5899 7 20
5900 16 24
5901 28 18
5902 8 0
5903 6 20
5904 32 17
5905 7 0
5906 17 24
5907 32 16
5908 7 20
5909 6 20
5910 8 0
5911 32 17
5912 32 16
5913 7 0
5914 7 20
5915 16 24
5916 8 0
5917 17 24
5918 32 17
5919 27 18
5920 32 16
5921 32 17
5922 32 16
5923 16 24
5924 17 24
5925 6 20
5926 16 24
5927 28 18
5928 17 24
5929 32 17
5930 27 18
5931 7 20
5932 7 0
5933 16 24
5934 32 16
5935 17 24
5936 28 18
5937 27 18
5938 32 17
5939 6 20
5940 28 18
5941 7 20
5942 8 0
5943 32 16
5944 27 18
5945 7 0
5946 16 24
5947 8 0
5948 32 17
5949 17 24
5950 6 20
5951 7 20
5952 16 24
5953 17 24
5954 28 18
5955 27 18
5956 6 20
5957 16 24
5958 32 16
5959 17 24
5960 7 0
5961 8 0
5962 7 0
5963 7 20
5964 16 24
5965 6 20
5966 7 20
5967 32 17
5968 28 18
5969 8 0
5970 17 24
5971 7 0
5972 8 0
5973 16 24
5974 27 18
5975 7 0
5976 28 18
5977 27 18
5978 28 18
5979 27 18
5980 6 20
5981 32 16
5982 28 18
5983 17 24
5984 8 0
5985 27 18
5986 7 20
5987 16 24
5988 6 20
5989 32 17
5990 7 20
5991 17 24
5992 16 24
5993 6 20
5994 28 18
5995 17 24
5996 16 24
5997 7 20
5998 27 18
5999 6 20
6000 17 24
6001 16 24
6002 7 20
6003 28 18
6004 27 18
6005 17 24
6006 16 24
6007 32 16
6008 6 20
6009 28 18
6010 27 18
6011 32 17
6012 32 16
6013 17 24
6014 16 24
6015 17 24
6016 7 20
6017 6 20
6018 16 24
6019 7 0
6020 17 24
6021 28 18
6022 27 18
6023 7 20
6024 32 17
6025 16 24
6026 32 16
6027 17 24
6028 6 20
6029 32 17
6030 32 16
6031 16 24
6032 17 24
6033 8 0
6034 32 17
6035 28 18
6036 16 24
6037 7 20
6038 7 0
6039 17 24
6040 16 24
6041 27 18
6042 28 18
6043 17 24
6044 6 20
6045 27 18
6046 16 24
6047 32 16
6048 32 17
6049 32 16
6050 8 0
6051 7 0
6052 8 0
6053 17 24
6054 7 0
6055 28 18
6056 7 20
6057 16 24
6058 17 24
6059 27 18
6060 8 0
6061 32 17
6062 6 20
6063 28 18
6064 7 0
6065 16 24
6066 7 20
6067 27 18
6068 8 0
6069 17 24
6070 16 24
6071 32 16
6072 6 20
6073 17 24
6074 7 0
6075 16 24
6076 8 0
6077 17 24
6078 32 17
6079 16 24
6080 7 20
6081 32 16
6082 28 18
6083 17 24
6084 6 20
6085 7 20
6086 32 17
6087 7 0
6088 8 0
6089 7 0
6090 32 16
6091 6 20
6092 32 17
6093 16 24
6094 8 0
6095 32 16
6096 7 20
6097 7 0
6098 17 24
6099 32 17
6100 27 18
6101 32 16
6102 8 0
6103 6 20
6104 32 17
6105 32 16
6106 7 0
6107 32 17
6108 32 16
6109 32 17
6110 8 0
6111 7 20
6112 7 0
6113 6 20
6114 16 24
6115 28 18
6116 8 0
6117 17 24
6118 16 24
6119 7 0
6120 8 0
6121 17 24
6122 16 24
6123 7 20
6124 27 18
6125 7 0
6126 6 20
6127 7 20
6128 32 16
6129 28 18
6130 8 0
6131 7 0
6132 6 20
6133 7 20
6134 32 17
6135 17 24
6136 16 24
6137 32 16
6138 32 17
6139 8 0
6140 6 20
6141 27 18
6142 28 18
6143 27 18
6144 32 16
6145 7 0
6146 17 24
6147 32 17
6148 32 16
6149 32 17
6150 32 16
6151 32 17
6152 28 18
6153 16 24
6154 17 24
6155 8 0
6156 32 16
6157 7 20
6158 6 20
6159 16 24
6160 32 17
6161 27 18
6162 17 24
6163 16 24
6164 7 20
6165 28 18
6166 17 24
6167 6 20
6168 27 18
6169 28 18
6170 16 24
6171 17 24
6172 7 0
6173 16 24
6174 32 16
6175 17 24
6176 32 17
6177 32 16
6178 27 18
6179 16 24
6180 8 0
6181 32 17
6182 17 24
6183 32 16
6184 7 0
6185 7 20
6186 16 24
6187 8 0
6188 17 24
6189 7 0
6190 28 18
6191 27 18
6192 16 24
6193 17 24
6194 32 17
6195 32 16
6196 16 24
6197 17 24
6198 32 17
6199 32 16
6200 16 24
6201 8 0
6202 17 24
6203 28 18
6204 6 20
6205 7 0
6206 27 18
6207 16 24
6208 17 24
6209 28 18
6210 27 18
6211 32 17
6212 7 20
6213 8 0
6214 28 18
6215 32 16
6216 7 0
6217 27 18
6218 6 20
6219 32 17
6220 28 18
6221 8 0
6222 7 0
6223 16 24
6224 7 20
6225 6 20
6226 8 0
6227 7 0
6228 32 16
6229 17 24
6230 32 17
6231 7 20
6232 32 16
6233 6 20
6234 27 18
6235 8 0
6236 28 18
6237 16 24
6238 32 17
6239 17 24
6240 27 18
6241 7 20
6242 28 18
6243 32 16
6244 16 24
6245 32 17
6246 27 18
6247 7 0
6248 6 20
6249 8 0
6250 32 16
6251 7 0
6252 8 0
6253 7 20
6254 17 24
6255 6 20
6256 7 0
6257 8 0
6258 28 18
6259 7 0
6260 16 24
6261 17 24
6262 8 0
6263 7 20
6264 32 17
6265 6 20
6266 16 24
6267 27 18
6268 28 18
6269 17 24
6270 32 16
6271 32 17
6272 7 0
6273 16 24
6274 8 0
6275 27 18
6276 7 0
6277 28 18
6278 7 20
6279 6 20
6280 32 16
6281 8 0
6282 27 18
6283 7 0
6284 28 18
6285 7 20
6286 8 0
6287 17 24
6288 6 20
6289 16 24
6290 7 20
6291 32 17
6292 6 20
6293 32 16
6294 17 24
6295 7 0
6296 7 20
6297 32 17
6298 6 20
6299 7 20
6300 6 20
6301 32 16
6302 16 24
6303 7 20
6304 27 18
6305 28 18
6306 8 0
6307 27 18
6308 7 0
6309 28 18
6310 6 20
6311 8 0
6312 27 18
6313 7 0
6314 8 0
6315 32 17
6316 28 18
6317 32 16
6318 7 0
6319 8 0
6320 7 0
6321 7 20
6322 32 17
6323 32 16
6324 6 20
6325 32 17
6326 27 18
6327 7 20
6328 28 18
6329 6 20
6330 17 24
6331 27 18
6332 8 0
6333 32 16
6334 28 18
6335 16 24
6336 7 0
6337 17 24
6338 7 20
6339 32 17
6340 8 0
6341 32 16
6342 7 0
6343 27 18
6344 32 17
6345 16 24
6346 28 18
6347 17 24
6348 6 20
6349 32 16
6350 16 24
6351 27 18
6352 7 20
6353 6 20
6354 8 0
6355 17 24
6356 16 24
6357 32 17
6358 32 16
6359 7 0
6360 7 20
6361 8 0
6362 32 17
6363 6 20
6364 7 20
6365 28 18
6366 6 20
6367 7 20
6368 7 0
6369 6 20
6370 27 18
6371 8 0
6372 7 20
6373 6 20
6374 17 24
6375 7 0
6376 7 20
6377 8 0
6378 16 24
6379 17 24
6380 28 18
6381 32 16
6382 27 18
6383 7 0
6384 8 0
6385 7 0
6386 28 18
6387 6 20
6388 32 17
6389 16 24
6390 17 24
6391 32 16
6392 7 20
6393 27 18
6394 28 18
6395 6 20
6396 27 18
6397 32 17
6398 7 20
6399 32 16
6400 28 18
6401 32 17
6402 16 24
6403 32 16
6404 6 20
6405 32 17
6406 27 18
6407 7 20
6408 17 24
6409 8 0
6410 6 20
6411 7 0
6412 7 20
6413 8 0
6414 16 24
6415 17 24
6416 7 0
6417 32 16
6418 16 24
6419 32 17
6420 6 20
6421 17 24
6422 32 16
6423 7 20
6424 8 0
6425 28 18
6426 27 18
6427 6 20
6428 16 24
6429 17 24
6430 28 18
6431 32 17
6432 7 20
6433 6 20
6434 27 18
6435 16 24
6436 7 20
6437 32 16
6438 28 18
6439 32 17
6440 17 24
6441 7 0
6442 32 16
6443 16 24
6444 6 20
6445 32 17
6446 7 20
6447 17 24
6448 32 16
6449 6 20
6450 7 20
6451 16 24
6452 27 18
6453 17 24
6454 28 18
6455 32 17
6456 27 18
6457 6 20
6458 28 18
6459 16 24
6460 8 0
6461 32 16
6462 7 0
6463 17 24
6464 8 0
6465 16 24
6466 27 18
6467 7 20
6468 28 18
6469 32 17
6470 17 24
6471 16 24
6472 32 16
6473 17 24
6474 32 17
6475 32 16
6476 16 24
6477 6 20
6478 7 20
6479 27 18
6480 6 20
6481 7 20
6482 32 17
6483 32 16
6484 17 24
6485 32 17
6486 28 18
6487 27 18
6488 28 18
6489 16 24
6490 6 20
6491 32 16
6492 17 24
6493 16 24
6494 7 0
6495 17 24
6496 8 0
6497 7 0
6498 7 20
6499 6 20
6500 16 24
6501 8 0
6502 17 24
6503 7 0
6504 32 17
6505 32 16
6506 27 18
6507 16 24
6508 32 17
6509 17 24
6510 7 20
6511 8 0
6512 32 16
6513 32 17
6514 7 0
6515 16 24
6516 32 16
6517 32 17
6518 28 18
6519 17 24
6520 16 24
6521 8 0
6522 6 20
6523 32 16
6524 27 18
6525 7 20
6526 28 18
6527 17 24
6528 32 17
6529 27 18
6530 32 16
6531 6 20
6532 7 0
6533 7 20
6534 6 20
6535 7 20
6536 16 24
6537 6 20
6538 28 18
6539 7 20
6540 27 18
6541 28 18
6542 8 0
6543 27 18
6544 32 17
6545 32 16
6546 28 18
6547 27 18
6548 7 0
6549 8 0
6550 7 0
6551 28 18
6552 32 17
6553 8 0
6554 17 24
6555 27 18
6556 6 20
6557 28 18
6558 16 24
6559 7 20
6560 32 16
6561 7 0
6562 8 0
6563 7 0
6564 32 17
6565 27 18
6566 32 16
6567 28 18
6568 32 17
6569 6 20
6570 27 18
6571 28 18
6572 7 20
6573 32 16
6574 27 18
6575 8 0
6576 7 0
6577 32 17
6578 17 24
6579 6 20
6580 32 16
6581 8 0
6582 7 0
6583 7 20
6584 32 17
6585 8 0
6586 7 0
6587 32 16
6588 28 18
6589 16 24
6590 32 17
6591 17 24
6592 16 24
6593 32 16
6594 32 17
6595 8 0
6596 7 0
6597 32 16
6598 32 17
6599 17 24
6600 6 20
6601 16 24
6602 7 20
6603 8 0
6604 32 16
6605 7 0
6606 17 24
6607 32 17
6608 32 16
6609 27 18
6610 6 20
6611 28 18
6612 16 24
6613 7 20
6614 32 17
6615 27 18
6616 17 24
6617 8 0
6618 28 18
6619 27 18
6620 16 24
6621 28 18
6622 32 16
6623 32 17
6624 17 24
6625 27 18
6626 28 18
6627 16 24
6628 6 20
6629 32 16
6630 7 0
6631 17 24
6632 7 20
6633 32 17
6634 6 20
6635 16 24
6636 27 18
6637 7 20
6638 17 24
6639 28 18
6640 27 18
6641 28 18
6642 6 20
6643 32 16
6644 27 18
6645 28 18
6646 32 17
6647 7 20
6648 8 0
6649 7 0
6650 8 0
6651 16 24
6652 17 24
6653 16 24
6654 17 24
6655 6 20
6656 7 0
6657 16 24
6658 32 16
6659 27 18
6660 8 0
6661 17 24
6662 7 0
6663 8 0
6664 32 17
6665 7 20
6666 32 16
6667 7 0
6668 8 0
6669 32 17
6670 28 18
6671 32 16
6672 6 20
6673 27 18
6674 16 24
6675 32 17
6676 32 16
6677 28 18
6678 17 24
6679 27 18
6680 7 0
6681 32 17
6682 7 20
6683 6 20
6684 16 24
6685 8 0
6686 17 24
6687 16 24
6688 7 0
6689 28 18
6690 8 0
6691 17 24
6692 7 20
6693 6 20
6694 16 24
6695 32 16
6696 32 17
6697 27 18
6698 32 16
6699 7 0
6700 8 0
6701 7 20
6702 17 24
6703 32 17
6704 6 20
6705 7 0
6706 7 20
6707 28 18
6708 16 24
6709 17 24
6710 8 0
6711 16 24
6712 32 16
6713 17 24
6714 7 0
6715 16 24
6716 27 18
6717 28 18
6718 8 0
6719 7 0
6720 17 24
6721 32 17
6722 6 20
6723 32 16
6724 27 18
6725 16 24
6726 32 17
6727 32 16
6728 17 24
6729 32 17
6730 7 20
6731 32 16
6732 16 24
6733 17 24
6734 8 0
6735 6 20
6736 28 18
6737 7 0
6738 7 20
6739 27 18
6740 6 20
6741 28 18
6742 16 24
6743 17 24
6744 8 0
6745 32 17
6746 27 18
6747 16 24
6748 7 0
6749 8 0
6750 28 18
6751 17 24
6752 32 16
6753 32 17
6754 7 20
6755 16 24
6756 32 16
6757 7 0
6758 17 24
6759 16 24
6760 17 24
6761 6 20
6762 32 17
6763 32 16
6764 32 17
6765 8 0
6766 32 16
6767 7 0
6768 7 20
6769 8 0
6770 7 0
6771 32 17
6772 16 24
6773 8 0
6774 17 24
6775 32 16
6776 32 17
6777 7 0
6778 6 20
6779 32 16
6780 7 20
6781 6 20
6782 32 17
6783 16 24
6784 8 0
6785 7 0
6786 17 24
6787 27 18
6788 16 24
6789 17 24
6790 16 24
6791 28 18
6792 7 20
6793 6 20
6794 27 18
6795 8 0
6796 7 20
6797 7 0
6798 8 0
6799 32 16
6800 6 20
6801 32 17
6802 17 24
6803 7 0
6804 8 0
6805 7 20
6806 7 0
6807 28 18
6808 6 20
6809 8 0
6810 16 24
6811 32 16
6812 7 20
6813 17 24
6814 7 0
6815 6 20
6816 27 18
6817 28 18
6818 27 18
6819 28 18
6820 8 0
6821 32 17
6822 27 18
6823 16 24
6824 17 24
6825 28 18
6826 7 20
6827 16 24
6828 7 0
6829 27 18
6830 17 24
6831 6 20
6832 7 20
6833 6 20
6834 8 0
6835 28 18
6836 32 16
6837 7 20
6838 16 24
6839 32 17
6840 27 18
6841 6 20
6842 28 18
6843 7 0
6844 32 16
6845 32 17
6846 8 0
6847 32 16
6848 7 20
6849 6 20
6850 7 0
6851 17 24
6852 32 17
6853 8 0
6854 32 16
6855 7 0
6856 27 18
6857 7 20
6858 32 17
6859 6 20
6860 28 18
6861 27 18
6862 8 0
6863 28 18
6864 16 24
6865 27 18
6866 32 16
6867 17 24
6868 7 0
6869 28 18
6870 7 20
6871 16 24
6872 17 24
6873 6 20
6874 32 17
6875 32 16
6876 7 20
6877 6 20
6878 27 18
6879 28 18
6880 27 18
6881 8 0
6882 7 0
6883 28 18
6884 7 20
6885 16 24
6886 8 0
6887 17 24
6888 7 0
6889 27 18
6890 32 17
6891 16 24
6892 32 16
6893 32 17
6894 17 24
6895 28 18
6896 8 0
6897 32 16
6898 7 0
6899 6 20
6900 7 20
6901 8 0
6902 27 18
6903 32 17
6904 28 18
6905 7 0
6906 27 18
6907 32 16
6908 16 24
6909 8 0
6910 6 20
6911 28 18
# colocadas=6912 ocupadas=5 mayor=7191
