0 0 0
1 0 1
2 0 2
3 0 47
4 0 3
5 0 2
6 0 4
7 0 5
8 0 6
9 1 2
10 0 2
11 0 7
12 0 8
13 0 9
14 0 10
15 0 11
16 0 12
17 0 13
18 0 14
19 0 15
20 0 16
21 0 17
22 0 46
23 0 18
24 0 17
25 0 19
26 0 20
27 0 21
28 0 22
29 0 23
30 0 24
31 0 25
32 0 26
33 0 27
34 1 6
35 1 15
36 0 6
37 0 15
38 0 28
39 0 45
40 0 44
41 0 29
42 0 28
43 0 30
44 0 31
45 0 32
46 1 3
47 0 33
48 0 3
49 0 4
50 0 43
51 1 0
52 1 1
53 0 42
54 0 43
55 0 41
56 1 28
57 1 25
58 0 28
59 0 34
60 0 33
61 1 22
62 2 1
63 1 13
64 1 45
65 0 13
66 0 45
67 0 12
68 0 25
69 0 22
70 0 13
71 0 40
72 1 1
73 0 21
74 1 19
75 1 4
76 1 9
77 0 9
78 0 19
79 0 41
80 1 47
81 1 12
82 0 47
83 1 3
84 1 5
85 1 14
86 0 12
87 2 0
88 0 14
89 1 46
90 0 35
91 0 36
92 2 3
93 1 3
94 2 1
95 2 0
96 2 2
97 0 37
98 1 8
99 1 7
100 1 12
101 1 32
102 0 32
103 1 13
104 1 26
105 0 26
106 0 38
107 1 9
108 1 10
109 1 11
110 1 21
111 1 44
112 1 30
113 2 7
114 1 42
115 1 27
116 0 21
117 0 39
118 1 7
119 1 16
120 0 42
121 0 38
122 1 15
123 1 25
124 0 30
125 1 31
126 0 15
127 0 25
128 0 29
129 1 45
130 1 17
131 1 18
132 1 19
133 1 20
134 1 28
135 1 32
136 1 43
137 1 40
138 1 24
139 0 32
140 0 43
141 1 33
142 1 29
143 1 23
144 2 19
145 1 25
146 0 23
147 2 47
148 0 29
149 1 19
150 0 40
151 2 11
152 1 47
153 0 39
154 1 26
155 1 34
156 1 35
157 1 36
158 2 16
159 1 16
160 1 39
161 1 11
162 0 11
163 2 22
164 2 9
165 1 9
166 1 22
167 2 8
168 1 38
169 1 41
170 1 37
171 2 34
172 0 37
173 1 34
174 1 42
175 2 35
176 2 46
177 2 5
178 2 10
179 0 34
180 0 33
181 2 23
182 1 5
183 3 8
184 3 9
185 1 10
186 1 23
187 2 4
188 2 21
189 1 21
190 1 35
191 2 20
192 2 6
193 3 1
194 2 1
195 2 47
196 1 34
197 3 0
198 2 28
199 1 28
200 2 24
201 2 7
202 2 8
203 2 12
204 1 24
205 4 0
206 0 24
207 2 32
208 3 0
209 2 18
210 1 18
211 2 17
212 3 6
213 2 6
214 3 3
215 2 3
216 1 32
217 2 14
218 0 32
219 3 10
220 1 14
221 3 47
222 3 18
223 2 10
224 2 47
225 2 27
226 2 26
227 2 15
228 2 18
229 1 27
230 3 2
231 0 27
232 2 2
233 2 25
234 2 13
235 2 27
236 3 1
237 2 31
238 3 14
239 2 14
240 1 13
241 2 36
242 2 29
243 0 13
244 3 46
245 2 37
246 3 10
247 3 12
248 3 21
249 2 10
250 1 10
251 1 29
252 2 21
253 1 36
254 2 12
255 0 36
256 4 1
257 3 1
258 2 42
259 1 36
260 0 14
261 4 3
262 5 0
263 4 0
264 3 4
265 1 42
266 0 42
267 2 41
268 1 41
269 2 4
270 2 39
271 1 39
272 0 15
273 0 16
274 3 3
275 2 36
276 2 38
277 2 33
278 3 15
279 3 11
280 3 8
281 2 15
282 2 30
283 2 40
284 2 8
285 2 34
286 2 32
287 2 33
288 3 5
289 3 8
290 2 8
291 3 7
292 3 47
293 1 30
294 1 31
295 4 2
296 2 31
297 1 31
298 2 43
299 2 44
300 2 45
301 3 40
302 2 40
303 3 13
304 3 16
305 3 39
306 3 22
307 2 22
308 3 37
309 4 39
310 4 11
311 3 17
312 3 11
313 3 12
314 3 16
315 2 37
316 3 39
317 2 38
318 4 6
319 4 4
320 3 6
321 3 32
322 3 18
323 2 32
324 3 17
325 4 12
326 2 18
327 3 29
328 2 29
329 3 12
330 3 38
331 3 13
332 2 13
333 4 3
334 3 34
335 3 31
336 3 21
337 2 19
338 3 41
339 2 20
340 2 34
341 3 30
342 3 34
343 2 34
344 3 40
345 3 19
346 3 28
347 2 28
348 5 1
349 3 20
350 3 42
351 2 42
352 3 21
353 5 0
354 3 23
355 3 24
356 3 25
357 3 26
358 3 27
359 3 32
360 3 29
361 4 10
362 4 11
363 4 41
364 4 38
365 3 30
366 4 17
367 3 17
368 3 38
369 3 33
370 3 41
371 3 35
372 3 36
373 3 45
374 3 43
375 4 5
376 4 6
377 4 9
378 4 7
379 4 6
380 3 32
381 3 29
382 4 43
383 4 42
384 3 33
385 3 32
386 2 43
387 5 3
388 2 29
389 2 28
390 3 44
391 4 3
392 6 0
393 4 8
394 4 37
395 3 45
396 4 46
397 2 45
398 4 21
399 5 6
400 4 15
401 3 21
402 4 32
403 2 42
404 4 24
405 3 15
406 3 32
407 3 46
408 3 42
409 4 6
410 4 39
411 3 24
412 3 14
413 3 39
414 5 0
415 3 41
416 3 13
417 7 0
418 3 43
419 2 43
420 4 41
421 5 2
422 4 36
423 2 24
424 3 24
425 4 9
426 3 36
427 6 0
428 4 4
429 4 19
430 4 22
431 6 2
432 4 13
433 3 13
434 3 19
435 4 3
436 3 22
437 4 16
438 4 2
439 4 24
440 4 31
441 4 4
442 5 11
443 3 24
444 4 45
445 4 35
446 3 35
447 4 14
448 3 14
449 3 15
450 5 8
451 4 32
452 4 29
453 3 29
454 4 11
455 3 11
456 4 18
457 4 25
458 4 47
459 3 25
460 3 24
461 4 19
462 3 32
463 5 7
464 4 8
465 4 1
466 4 38
467 4 36
468 4 5
469 3 45
470 2 45
471 5 15
472 4 15
473 4 23
474 4 30
475 3 38
476 4 40
477 4 35
478 5 30
479 5 2
480 4 2
481 5 9
482 2 38
483 2 37
484 4 42
485 3 42
486 5 41
487 3 35
488 3 36
489 4 9
490 3 9
491 3 40
492 5 24
493 6 1
494 4 18
495 4 24
496 4 20
497 4 30
498 5 4
499 4 27
500 3 27
501 3 26
502 4 41
503 4 28
504 4 31
505 4 44
506 4 4
507 5 0
508 5 44
509 5 1
510 4 3
511 5 3
512 5 10
513 4 46
514 5 18
515 5 23
516 4 26
517 4 18
518 3 46
519 4 44
520 5 37
521 4 27
522 4 25
523 4 34
524 6 9
525 3 25
526 3 44
527 5 31
528 5 12
529 2 44
530 4 12
531 4 37
532 4 31
533 5 9
534 4 35
535 5 5
536 5 6
537 5 25
538 7 1
539 4 25
540 4 33
541 3 33
542 3 18
543 5 10
544 5 47
545 4 47
546 4 36
547 4 46
548 5 14
549 5 11
550 5 13
551 5 24
552 5 36
553 3 19
554 3 20
555 5 34
556 5 15
557 5 16
558 4 36
559 5 17
560 5 19
561 7 0
562 5 40
563 5 43
564 5 35
565 6 24
566 6 35
567 5 45
568 5 27
569 3 36
570 5 38
571 4 43
572 6 17
573 6 8
574 4 34
575 4 27
576 6 15
577 3 34
578 6 10
579 5 42
580 5 10
581 4 36
582 5 26
583 5 35
584 4 44
585 4 45
586 5 37
587 5 29
588 5 8
589 4 35
590 5 41
591 5 22
592 4 8
593 5 17
594 2 34
595 4 40
596 3 40
597 4 17
598 4 29
599 3 35
600 5 24
601 6 38
602 5 21
603 4 21
604 4 41
605 6 26
606 6 6
607 5 6
608 6 18
609 5 28
610 5 39
611 6 12
612 2 35
613 5 46
614 5 18
615 5 26
616 4 28
617 5 15
618 6 40
619 5 40
620 2 34
621 5 33
622 5 12
623 5 11
624 5 23
625 3 34
626 4 39
627 2 35
628 6 19
629 1 35
630 5 47
631 5 34
632 6 23
633 5 35
634 4 47
635 6 41
636 6 29
637 5 29
638 5 41
639 6 11
640 5 23
641 5 32
642 5 19
643 4 34
644 3 34
645 4 38
646 4 37
647 5 43
648 5 20
649 4 23
650 5 28
651 5 44
652 4 43
653 4 42
654 4 22
655 5 25
656 5 38
657 6 25
658 4 25
659 5 31
660 5 34
661 3 25
662 6 12
663 4 21
664 4 34
665 5 30
666 6 11
667 6 16
668 6 18
669 6 24
670 6 5
671 6 4
672 6 39
673 6 13
674 6 7
675 6 14
676 5 7
677 5 39
678 5 6
679 6 2
680 6 3
681 6 1
682 5 1
683 6 20
684 6 21
685 6 22
686 6 26
687 7 9
688 6 9
689 6 27
690 6 34
691 6 33
692 7 13
693 6 13
694 6 14
695 7 27
696 6 27
697 7 11
698 6 31
699 6 28
700 5 31
701 7 23
702 7 7
703 6 29
704 6 23
705 7 15
706 6 7
707 7 19
708 6 11
709 6 22
710 6 28
711 6 30
712 6 19
713 5 19
714 6 43
715 5 43
716 6 32
717 7 8
718 6 15
719 7 4
720 6 42
721 6 4
722 8 19
723 6 3
724 7 10
725 7 12
726 6 47
727 5 47
728 7 32
729 7 18
730 7 19
731 6 18
732 7 20
733 6 32
734 8 20
735 6 36
736 6 20
737 7 20
738 6 41
739 6 44
740 6 37
741 6 40
742 6 36
743 6 41
744 6 21
745 6 38
746 6 39
747 8 12
748 7 12
749 6 46
750 6 22
751 7 21
752 7 20
753 6 40
754 6 39
755 6 45
756 7 28
757 6 44
758 7 22
759 7 7
760 7 26
761 6 7
762 5 22
763 8 13
764 6 26
765 8 11
766 7 34
767 8 12
768 5 21
769 4 21
770 6 34
771 7 11
772 7 29
773 8 8
774 7 5
775 7 3
776 7 1
777 7 28
778 7 8
779 6 28
780 6 3
781 6 27
782 7 24
783 7 33
784 6 24
785 6 4
786 7 46
787 6 3
788 7 6
789 7 43
790 7 25
791 7 30
792 6 6
793 6 46
794 6 30
795 6 43
796 8 9
797 8 10
798 7 2
799 7 31
800 7 47
801 8 11
802 7 39
803 6 45
804 6 46
805 6 39
806 6 38
807 7 7
808 7 6
809 7 3
810 7 4
811 7 16
812 8 31
813 8 24
814 7 17
815 7 45
816 6 16
817 6 45
818 7 31
819 7 18
820 7 44
821 7 15
822 8 3
823 7 27
824 7 24
825 6 27
826 7 14
827 7 37
828 6 14
829 7 3
830 7 26
831 8 46
832 7 38
833 8 47
834 7 46
835 7 34
836 8 24
837 7 24
838 6 37
839 8 13
840 9 47
841 7 13
842 5 37
843 8 47
844 6 46
845 6 47
846 7 35
847 7 36
848 8 13
849 9 11
850 8 4
851 8 23
852 8 3
853 7 13
854 8 38
855 8 27
856 8 2
857 7 27
858 7 40
859 7 41
860 8 8
861 7 2
862 7 38
863 7 23
864 7 37
865 6 2
866 6 37
867 7 42
868 8 11
869 8 19
870 7 43
871 8 0
872 8 6
873 8 1
874 8 18
875 8 33
876 8 10
877 7 24
878 7 33
879 8 7
880 8 11
881 8 39
882 7 7
883 7 19
884 7 6
885 8 19
886 8 5
887 6 6
888 8 37
889 7 37
890 7 19
891 8 35
892 6 19
893 8 24
894 8 6
895 8 45
896 10 47
897 8 7
898 8 25
899 8 21
900 8 34
901 6 18
902 9 1
903 7 35
904 8 29
905 8 4
906 5 18
907 7 29
908 8 38
909 9 6
910 8 42
911 6 35
912 8 1
913 8 20
914 7 4
915 7 24
916 8 46
917 7 30
918 7 42
919 7 43
920 8 43
921 8 9
922 7 43
923 8 6
924 7 20
925 8 35
926 8 16
927 7 21
928 7 16
929 8 2
930 8 17
931 8 41
932 8 24
933 7 35
934 8 8
935 9 2
936 8 14
937 8 2
938 8 7
939 8 44
940 7 44
941 8 9
942 8 30
943 8 13
944 9 7
945 8 15
946 8 26
947 8 28
948 8 40
949 8 42
950 9 24
951 9 5
952 8 24
953 9 10
954 8 47
955 8 7
956 9 3
957 7 7
958 9 0
959 8 32
960 7 32
961 8 21
962 9 26
963 10 0
964 8 37
965 7 21
966 9 18
967 8 18
968 8 38
969 9 6
970 7 38
971 8 26
972 9 0
973 8 22
974 8 31
975 9 2
976 9 4
977 9 25
978 8 35
979 8 36
980 9 7
981 9 47
982 9 12
983 8 12
984 8 47
985 9 11
986 9 31
987 8 31
988 9 9
989 9 13
990 9 29
991 8 29
992 9 8
993 9 20
994 8 8
995 8 20
996 9 14
997 9 30
998 10 6
999 9 6
1000 9 15
1001 9 19
1002 9 16
1003 9 13
1004 8 13
1005 9 17
1006 9 21
1007 9 22
1008 9 42
1009 10 10
1010 9 27
1011 8 42
1012 9 23
1013 10 19
1014 7 42
1015 9 19
1016 9 24
1017 10 5
1018 9 32
1019 9 10
1020 9 18
1021 9 46
1022 8 32
1023 8 46
1024 9 39
1025 8 39
1026 9 5
1027 9 11
1028 9 44
1029 10 11
1030 8 44
1031 9 17
1032 9 28
1033 9 43
1034 9 45
1035 9 38
1036 10 2
1037 9 36
1038 9 11
1039 10 1
1040 9 40
1041 9 33
1042 10 4
1043 9 10
1044 8 33
1045 10 13
1046 9 41
1047 9 35
1048 9 2
1049 9 3
1050 9 34
1051 8 36
1052 10 27
1053 9 27
1054 9 13
1055 8 13
1056 8 37
1057 10 30
1058 10 3
1059 10 46
1060 10 25
1061 10 8
1062 9 25
1063 10 42
1064 9 30
1065 10 26
1066 10 12
1067 9 42
1068 8 42
1069 10 41
1070 9 8
1071 10 5
1072 9 46
1073 8 8
1074 8 46
1075 9 36
1076 9 37
1077 10 16
1078 10 7
1079 10 14
1080 9 16
1081 10 6
1082 9 14
1083 9 17
1084 10 5
1085 10 15
1086 10 9
1087 10 10
1088 10 18
1089 10 45
1090 10 29
1091 10 43
1092 10 11
1093 9 29
1094 10 12
1095 10 28
1096 10 42
1097 10 46
1098 10 17
1099 9 17
1100 10 20
1101 10 44
1102 10 27
1103 9 44
1104 10 39
1105 9 39
1106 11 10
1107 9 43
1108 8 43
1109 10 10
1110 10 32
1111 10 28
1112 11 46
1113 10 46
1114 11 7
1115 10 7
1116 10 40
1117 9 32
1118 10 23
1119 9 33
1120 10 36
1121 9 36
1122 9 23
1123 11 4
1124 10 4
1125 8 36
1126 9 22
1127 10 33
1128 10 38
1129 11 6
1130 11 45
1131 9 38
1132 10 45
1133 10 46
1134 10 5
1135 10 4
1136 10 24
1137 10 25
1138 11 19
1139 10 37
1140 11 43
1141 9 33
1142 10 21
1143 10 43
1144 10 22
1145 11 9
1146 11 47
1147 11 41
1148 10 9
1149 10 19
1150 9 19
1151 10 41
1152 11 39
1153 10 20
1154 11 5
1155 11 42
1156 10 39
1157 10 30
1158 11 46
1159 11 11
1160 11 36
1161 11 43
1162 10 33
1163 10 31
1164 10 36
1165 9 41
1166 11 3
1167 10 35
1168 9 33
1169 11 16
1170 11 38
1171 10 38
1172 11 10
1173 11 8
1174 9 42
1175 11 18
1176 10 16
1177 11 28
1178 10 10
1179 9 35
1180 11 16
1181 10 35
1182 11 13
1183 11 2
1184 10 2
1185 10 16
1186 10 28
1187 10 18
1188 9 34
1189 9 35
1190 10 36
1191 10 13
1192 11 25
1193 10 39
1194 10 25
1195 9 28
1196 10 46
1197 11 15
1198 8 28
1199 10 40
1200 9 46
1201 10 41
1202 11 20
1203 10 34
1204 10 15
1205 11 4
1206 11 9
1207 11 17
1208 11 32
1209 12 47
1210 11 47
1211 11 19
1212 12 17
1213 11 44
1214 10 44
1215 10 32
1216 11 7
1217 10 7
1218 11 17
1219 10 31
1220 11 37
1221 11 0
1222 11 15
1223 11 14
1224 11 12
1225 11 1
1226 10 1
1227 10 12
1228 11 39
1229 11 40
1230 10 39
1231 11 35
1232 12 19
1233 11 19
1234 11 13
1235 12 7
1236 11 21
1237 10 21
1238 11 36
1239 11 7
1240 11 42
1241 11 21
1242 12 46
1243 11 31
1244 12 11
1245 11 11
1246 10 21
1247 10 42
1248 11 23
1249 10 23
1250 12 18
1251 11 18
1252 11 34
1253 12 38
1254 11 38
1255 11 10
1256 12 47
1257 11 22
1258 11 23
1259 11 24
1260 11 27
1261 12 45
1262 11 45
1263 11 35
1264 10 35
1265 12 6
1266 11 41
1267 11 33
1268 12 34
1269 11 26
1270 10 26
1271 10 41
1272 12 15
1273 10 34
1274 12 9
1275 9 34
1276 10 33
1277 11 9
1278 12 21
1279 11 21
1280 12 37
1281 11 34
1282 12 36
1283 11 32
1284 12 10
1285 11 29
1286 12 12
1287 12 40
1288 11 12
1289 12 14
1290 11 28
1291 11 37
1292 11 15
1293 11 14
1294 10 28
1295 11 40
1296 12 32
1297 10 15
1298 10 16
1299 11 15
1300 11 38
1301 12 16
1302 11 37
1303 12 26
1304 11 26
1305 12 42
1306 11 32
1307 11 38
1308 11 42
1309 12 44
1310 12 5
1311 11 5
1312 12 13
1313 12 14
1314 11 30
1315 12 17
1316 12 20
1317 12 33
1318 12 35
1319 12 37
1320 12 8
1321 10 30
1322 12 27
1323 9 30
1324 13 46
1325 13 13
1326 12 13
1327 13 18
1328 12 29
1329 11 29
1330 12 46
1331 11 27
1332 10 27
1333 12 9
1334 12 43
1335 12 25
1336 13 34
1337 10 26
1338 12 41
1339 12 3
1340 12 24
1341 11 3
1342 11 24
1343 11 41
1344 12 1
1345 12 28
1346 11 46
1347 12 18
1348 11 1
1349 12 34
1350 11 0
1351 13 12
1352 12 0
1353 12 2
1354 12 4
1355 13 41
1356 13 6
1357 12 41
1358 12 6
1359 12 10
1360 12 26
1361 12 39
1362 13 32
1363 12 7
1364 12 32
1365 13 47
1366 12 31
1367 12 45
1368 11 7
1369 11 45
1370 11 8
1371 12 38
1372 11 31
1373 13 33
1374 12 45
1375 13 16
1376 12 22
1377 11 22
1378 12 16
1379 12 23
1380 13 17
1381 13 45
1382 11 45
1383 11 38
1384 11 37
1385 12 45
1386 13 46
1387 12 29
1388 13 8
1389 12 8
1390 12 30
1391 13 26
1392 13 7
1393 13 42
1394 11 44
1395 10 44
1396 12 42
1397 12 26
1398 13 21
1399 13 3
1400 13 0
1401 12 44
1402 12 21
1403 12 0
1404 13 5
1405 13 1
1406 13 23
1407 12 1
1408 11 0
1409 12 27
1410 13 25
1411 12 3
1412 11 1
1413 13 9
1414 14 42
1415 12 9
1416 13 14
1417 13 30
1418 10 0
1419 9 0
1420 12 14
1421 13 14
1422 13 43
1423 13 4
1424 14 8
1425 12 14
1426 12 25
1427 13 21
1428 13 8
1429 12 43
1430 12 21
1431 12 4
1432 12 5
1433 12 23
1434 12 26
1435 12 30
1436 13 11
1437 13 13
1438 13 44
1439 12 28
1440 13 31
1441 13 10
1442 13 7
1443 12 13
1444 13 12
1445 13 42
1446 13 19
1447 13 3
1448 12 3
1449 12 42
1450 13 2
1451 13 6
1452 12 14
1453 12 13
1454 13 15
1455 14 0
1456 13 5
1457 14 5
1458 13 5
1459 13 14
1460 13 22
1461 14 14
1462 12 22
1463 13 18
1464 13 20
1465 13 0
1466 13 34
1467 13 38
1468 12 34
1469 13 24
1470 13 14
1471 13 29
1472 13 35
1473 13 36
1474 13 43
1475 13 32
1476 13 33
1477 12 38
1478 14 26
1479 13 28
1480 11 38
1481 14 28
1482 13 26
1483 12 28
1484 13 37
1485 13 39
1486 13 40
1487 14 12
1488 13 44
1489 14 9
1490 13 45
1491 12 27
1492 14 1
1493 13 1
1494 15 9
1495 12 28
1496 13 12
1497 14 0
1498 14 31
1499 14 2
1500 14 3
1501 13 27
1502 13 9
1503 13 26
1504 13 31
1505 14 4
1506 13 28
1507 14 27
1508 14 9
1509 13 11
1510 14 19
1511 14 17
1512 14 39
1513 14 45
1514 13 10
1515 12 10
1516 13 39
1517 12 28
1518 12 27
1519 13 45
1520 14 7
1521 13 17
1522 13 19
1523 14 33
1524 12 39
1525 14 47
1526 13 33
1527 13 47
1528 14 6
1529 13 18
1530 14 11
1531 13 6
1532 14 18
1533 11 39
1534 15 7
1535 14 10
1536 11 38
1537 13 5
1538 14 46
1539 14 41
1540 14 7
1541 15 4
1542 14 29
1543 13 29
1544 14 20
1545 15 26
1546 14 13
1547 12 5
1548 14 25
1549 15 9
1550 12 4
1551 13 13
1552 13 20
1553 13 25
1554 14 4
1555 14 45
1556 14 31
1557 13 45
1558 14 26
1559 14 40
1560 14 11
1561 15 31
1562 14 14
1563 14 32
1564 14 15
1565 14 36
1566 14 9
1567 14 12
1568 13 32
1569 13 31
1570 12 32
1571 13 30
1572 15 19
1573 12 30
1574 14 19
1575 13 12
1576 14 21
1577 14 43
1578 13 19
1579 15 18
1580 13 21
1581 12 21
1582 13 43
1583 15 5
1584 13 36
1585 14 18
1586 13 42
1587 14 38
1588 14 16
1589 14 5
1590 13 5
1591 14 31
1592 14 42
1593 15 46
1594 14 39
1595 14 41
1596 14 46
1597 15 27
1598 14 30
1599 14 29
1600 15 6
1601 14 27
1602 14 30
1603 14 37
1604 15 1
1605 14 47
1606 14 44
1607 15 0
1608 14 1
1609 15 5
1610 13 1
1611 13 2
1612 15 11
1613 15 17
1614 16 5
1615 14 23
1616 13 23
1617 14 43
1618 15 45
1619 14 17
1620 14 22
1621 15 5
1622 15 39
1623 14 39
1624 14 11
1625 14 12
1626 14 45
1627 15 9
1628 14 44
1629 13 44
1630 14 9
1631 15 14
1632 14 46
1633 15 3
1634 14 21
1635 14 24
1636 14 34
1637 14 3
1638 16 4
1639 13 3
1640 13 2
1641 15 28
1642 15 13
1643 14 13
1644 14 33
1645 15 2
1646 14 28
1647 14 36
1648 13 28
1649 16 2
1650 12 28
1651 15 43
1652 16 3
1653 14 43
1654 15 4
1655 15 26
1656 15 41
1657 16 6
1658 14 4
1659 15 2
1660 14 41
1661 14 26
1662 15 8
1663 14 14
1664 14 27
1665 15 44
1666 14 35
1667 15 21
1668 14 21
1669 15 1
1670 14 37
1671 14 38
1672 15 20
1673 15 12
1674 15 33
1675 15 6
1676 14 33
1677 15 32
1678 16 7
1679 14 6
1680 16 4
1681 15 6
1682 15 42
1683 15 45
1684 15 10
1685 15 47
1686 14 12
1687 15 40
1688 14 13
1689 14 40
1690 14 47
1691 15 11
1692 15 14
1693 16 5
1694 15 9
1695 16 46
1696 15 35
1697 15 5
1698 16 6
1699 15 46
1700 15 16
1701 15 8
1702 14 35
1703 15 15
1704 15 23
1705 14 23
1706 14 5
1707 13 5
1708 15 38
1709 17 5
1710 15 17
1711 14 38
1712 16 32
1713 16 11
1714 15 30
1715 15 11
1716 15 34
1717 14 34
1718 14 11
1719 15 18
1720 14 33
1721 16 5
1722 16 15
1723 14 32
1724 16 42
1725 15 42
1726 16 16
1727 15 16
1728 16 13
1729 16 44
1730 15 32
1731 16 27
1732 15 27
1733 15 13
1734 15 15
1735 16 7
1736 16 47
1737 17 3
1738 15 7
1739 15 14
1740 15 31
1741 14 31
1742 15 15
1743 15 44
1744 16 3
1745 15 29
1746 16 14
1747 16 1
1748 15 1
1749 16 0
1750 15 25
1751 16 12
1752 15 35
1753 15 36
1754 14 29
1755 15 24
1756 15 22
1757 14 22
1758 14 30
1759 16 21
1760 14 24
1761 16 32
1762 16 44
1763 17 13
1764 16 13
1765 16 12
1766 15 32
1767 15 12
1768 15 21
1769 16 17
1770 15 30
1771 15 37
1772 16 45
1773 16 16
1774 15 33
1775 15 34
1776 16 46
1777 16 8
1778 16 11
1779 16 19
1780 15 44
1781 15 43
1782 16 29
1783 16 10
1784 16 9
1785 15 10
1786 15 29
1787 16 8
1788 15 19
1789 15 18
1790 16 40
1791 15 40
1792 16 37
1793 15 37
1794 16 28
1795 17 0
1796 16 26
1797 16 18
1798 17 46
1799 16 41
1800 17 2
1801 16 46
1802 16 20
1803 17 9
1804 16 35
1805 16 0
1806 15 35
1807 16 9
1808 16 19
1809 16 33
1810 16 25
1811 16 31
1812 15 25
1813 15 31
1814 17 11
1815 15 33
1816 16 18
1817 16 30
1818 16 34
1819 17 18
1820 17 1
1821 16 11
1822 16 18
1823 16 42
1824 16 43
1825 16 38
1826 15 38
1827 16 36
1828 16 44
1829 17 0
1830 17 47
1831 16 21
1832 15 42
1833 16 39
1834 17 31
1835 15 41
1836 16 31
1837 16 40
1838 16 42
1839 17 10
1840 18 47
1841 17 47
1842 16 10
1843 16 11
1844 16 24
1845 16 22
1846 15 22
1847 17 19
1848 17 6
1849 16 23
1850 17 2
1851 17 23
1852 17 18
1853 16 23
1854 17 30
1855 17 3
1856 17 31
1857 16 6
1858 16 19
1859 17 12
1860 15 19
1861 17 11
1862 17 5
1863 17 7
1864 17 29
1865 18 5
1866 15 6
1867 15 7
1868 16 29
1869 17 30
1870 17 13
1871 17 4
1872 17 14
1873 18 4
1874 16 4
1875 16 5
1876 17 8
1877 17 19
1878 16 19
1879 17 5
1880 17 9
1881 17 17
1882 17 18
1883 17 27
1884 18 2
1885 18 30
1886 16 27
1887 17 2
1888 17 30
1889 17 20
1890 17 37
1891 16 20
1892 17 24
1893 18 10
1894 17 21
1895 16 19
1896 17 41
1897 16 24
1898 16 41
1899 17 20
1900 16 37
1901 17 28
1902 18 3
1903 17 22
1904 17 15
1905 17 10
1906 18 20
1907 17 20
1908 17 45
1909 16 45
1910 17 11
1911 17 23
1912 17 25
1913 17 35
1914 17 26
1915 17 32
1916 16 35
1917 17 33
1918 17 34
1919 16 23
1920 17 23
1921 17 35
1922 17 16
1923 17 17
1924 17 42
1925 16 42
1926 17 36
1927 19 3
1928 17 37
1929 17 40
1930 18 11
1931 16 43
1932 17 11
1933 18 46
1934 18 3
1935 16 44
1936 18 28
1937 17 28
1938 17 36
1939 17 41
1940 18 6
1941 18 5
1942 18 23
1943 17 23
1944 18 47
1945 18 17
1946 18 31
1947 17 17
1948 17 31
1949 18 12
1950 18 29
1951 18 7
1952 17 29
1953 19 5
1954 17 12
1955 17 6
1956 17 16
1957 18 8
1958 18 36
1959 18 12
1960 17 5
1961 17 12
1962 17 6
1963 19 6
1964 17 39
1965 17 43
1966 18 5
1967 17 44
1968 17 8
1969 18 35
1970 17 38
1971 17 36
1972 17 7
1973 18 9
1974 16 7
1975 18 24
1976 19 28
1977 18 27
1978 18 1
1979 18 32
1980 16 36
1981 16 38
1982 19 5
1983 18 4
1984 19 31
1985 17 4
1986 17 24
1987 18 21
1988 18 28
1989 17 32
1990 18 45
1991 18 34
1992 17 27
1993 17 45
1994 18 31
1995 17 31
1996 18 15
1997 18 44
1998 17 15
1999 17 21
2000 17 46
2001 17 35
2002 17 36
2003 16 27
2004 16 28
2005 17 30
2006 16 30
2007 18 13
2008 19 6
2009 17 34
2010 16 34
2011 18 6
2012 18 0
2013 18 3
2014 18 8
2015 18 10
2016 18 2
2017 18 12
2018 18 14
2019 18 16
2020 18 22
2021 18 30
2022 18 45
2023 18 27
2024 19 35
2025 18 28
2026 18 42
2027 18 33
2028 18 26
2029 17 26
2030 18 35
2031 18 3
2032 17 33
2033 18 4
2034 18 25
2035 19 4
2036 20 4
2037 19 4
2038 18 19
2039 18 36
2040 19 23
2041 18 18
2042 18 43
2043 17 18
2044 18 23
2045 19 1
2046 18 1
2047 17 42
2048 19 0
2049 19 19
2050 19 7
2051 16 42
2052 19 45
2053 18 19
2054 19 2
2055 19 27
2056 19 14
2057 17 42
2058 17 41
2059 17 43
2060 20 3
2061 17 44
2062 19 13
2063 19 44
2064 19 6
2065 18 45
2066 18 41
2067 19 26
2068 19 8
2069 20 13
2070 18 8
2071 18 14
2072 19 33
2073 18 26
2074 19 26
2075 18 38
2076 19 21
2077 17 38
2078 18 13
2079 18 12
2080 19 24
2081 18 33
2082 19 43
2083 19 29
2084 18 26
2085 18 29
2086 20 19
2087 18 11
2088 18 21
2089 18 15
2090 18 42
2091 19 18
2092 18 46
2093 19 13
2094 19 32
2095 18 37
2096 19 42
2097 18 18
2098 18 42
2099 18 19
2100 19 19
2101 19 33
2102 19 30
2103 18 33
2104 19 28
2105 19 25
2106 19 9
2107 18 9
2108 18 25
2109 19 44
2110 19 17
2111 19 20
2112 18 17
2113 19 19
2114 19 43
2115 19 29
2116 19 31
2117 19 12
2118 19 13
2119 19 27
2120 18 43
2121 18 39
2122 19 41
2123 19 42
2124 17 39
2125 19 23
2126 18 27
2127 19 16
2128 19 21
2129 18 44
2130 19 22
2131 18 22
2132 18 38
2133 18 40
2134 19 24
2135 19 20
2136 19 19
2137 19 34
2138 19 15
2139 19 40
2140 18 40
2141 20 8
2142 20 12
2143 19 47
2144 18 47
2145 19 8
2146 19 17
2147 20 2
2148 19 2
2149 19 23
2150 19 33
2151 20 14
2152 20 17
2153 20 13
2154 19 14
2155 20 43
2156 20 5
2157 20 7
2158 19 5
2159 20 33
2160 20 20
2161 19 11
2162 18 11
2163 19 7
2164 19 10
2165 19 33
2166 19 32
2167 20 4
2168 20 6
2169 19 20
2170 19 36
2171 19 39
2172 19 43
2173 19 17
2174 19 19
2175 19 37
2176 20 15
2177 21 6
2178 20 6
2179 20 30
2180 19 30
2181 20 21
2182 19 18
2183 19 21
2184 19 22
2185 19 36
2186 20 22
2187 19 38
2188 20 18
2189 19 42
2190 20 0
2191 19 46
2192 20 28
2193 18 46
2194 19 41
2195 19 45
2196 21 0
2197 20 23
2198 20 14
2199 20 21
2200 19 21
2201 19 23
2202 20 1
2203 20 25
2204 21 19
2205 19 28
2206 19 40
2207 19 25
2208 20 0
2209 20 19
2210 19 1
2211 21 4
2212 19 41
2213 18 41
2214 19 2
2215 21 8
2216 20 9
2217 19 9
2218 20 32
2219 20 40
2220 20 4
2221 20 42
2222 19 4
2223 19 40
2224 20 24
2225 19 42
2226 20 15
2227 20 14
2228 20 8
2229 19 26
2230 19 27
2231 19 32
2232 18 32
2233 20 23
2234 20 10
2235 19 44
2236 19 45
2237 20 9
2238 20 36
2239 19 36
2240 20 22
2241 21 17
2242 19 22
2243 20 12
2244 21 24
2245 19 10
2246 21 7
2247 21 18
2248 20 29
2249 18 10
2250 20 7
2251 20 16
2252 19 16
2253 20 17
2254 21 5
2255 20 5
2256 20 24
2257 20 11
2258 20 41
2259 20 47
2260 20 37
2261 21 2
2262 20 13
2263 20 31
2264 21 1
2265 19 47
2266 20 27
2267 20 2
2268 21 43
2269 20 3
2270 20 44
2271 21 9
2272 19 37
2273 20 32
2274 20 28
2275 19 44
2276 19 13
2277 20 4
2278 19 32
2279 21 19
2280 22 6
2281 18 37
2282 20 9
2283 20 43
2284 19 14
2285 19 27
2286 21 6
2287 18 32
2288 19 26
2289 18 38
2290 20 26
2291 20 34
2292 18 31
2293 19 31
2294 19 15
2295 20 29
2296 19 14
2297 19 29
2298 20 19
2299 20 35
2300 18 37
2301 19 37
2302 22 0
2303 21 10
2304 22 7
2305 21 7
2306 21 22
2307 20 45
2308 21 30
2309 21 13
2310 21 16
2311 20 10
2312 21 34
2313 20 13
2314 20 30
2315 20 22
2316 21 0
2317 21 6
2318 20 34
2319 21 23
2320 19 34
2321 21 35
2322 18 34
2323 20 46
2324 20 21
2325 20 44
2326 20 47
2327 21 32
2328 20 46
2329 20 32
2330 20 35
2331 19 32
2332 21 22
2333 20 36
2334 21 23
2335 20 39
2336 21 17
2337 21 18
2338 21 31
2339 21 14
2340 19 39
2341 21 25
2342 20 14
2343 21 3
2344 21 32
2345 21 20
2346 20 3
2347 23 7
2348 20 32
2349 20 38
2350 21 2
2351 21 15
2352 21 17
2353 22 17
2354 22 8
2355 21 26
2356 20 20
2357 21 17
2358 20 25
2359 20 24
2360 22 15
2361 21 15
2362 22 7
2363 21 25
2364 22 16
2365 21 21
2366 21 20
2367 21 22
2368 21 44
2369 21 36
2370 21 33
2371 21 8
2372 20 33
2373 21 42
2374 22 31
2375 20 36
2376 21 43
2377 20 44
2378 21 11
2379 22 3
2380 19 44
2381 21 3
2382 20 8
2383 22 1
2384 21 1
2385 21 31
2386 21 29
2387 21 28
2388 21 41
2389 21 27
2390 20 27
2391 21 40
2392 21 10
2393 22 8
2394 21 11
2395 21 12
2396 19 8
2397 21 37
2398 18 8
2399 18 7
2400 21 36
2401 21 38
2402 22 40
2403 21 8
2404 22 2
2405 22 5
2406 22 22
2407 20 8
2408 22 14
2409 21 39
2410 20 39
2411 22 27
2412 21 22
2413 21 40
2414 21 2
2415 21 1
2416 22 25
2417 21 5
2418 21 25
2419 22 42
2420 23 17
2421 22 1
2422 21 14
2423 22 37
2424 21 27
2425 23 15
2426 21 37
2427 22 18
2428 22 17
2429 22 15
2430 21 42
2431 22 24
2432 21 41
2433 22 23
2434 22 41
2435 21 15
2436 21 18
2437 20 18
2438 20 15
2439 23 16
2440 20 16
2441 22 12
2442 22 35
2443 21 12
2444 22 10
2445 21 10
2446 21 24
2447 22 9
2448 22 11
2449 22 13
2450 22 39
2451 21 39
2452 22 21
2453 19 16
2454 21 21
2455 19 15
2456 23 23
2457 21 35
2458 19 14
2459 20 35
2460 23 1
2461 22 1
2462 22 23
2463 22 32
2464 23 10
2465 21 32
2466 23 14
2467 22 14
2468 22 10
2469 22 38
2470 23 0
2471 21 47
2472 21 46
2473 22 4
2474 22 5
2475 22 9
2476 21 45
2477 22 24
2478 23 12
2479 22 36
2480 20 45
2481 21 36
2482 22 23
2483 22 33
2484 24 15
2485 23 15
2486 21 33
2487 21 34
2488 23 4
2489 22 26
2490 21 26
2491 22 34
2492 22 12
2493 22 46
2494 21 46
2495 22 8
2496 22 43
2497 22 13
2498 22 4
2499 22 31
2500 23 24
2501 22 30
2502 23 18
2503 23 17
2504 22 24
2505 22 42
2506 21 31
2507 20 31
2508 22 3
2509 23 13
2510 22 4
2511 23 22
2512 22 31
2513 23 11
2514 22 27
2515 22 26
2516 23 39
2517 22 44
2518 21 44
2519 22 39
2520 22 45
2521 23 23
2522 22 20
2523 23 33
2524 22 33
2525 22 46
2526 23 14
2527 24 13
2528 22 19
2529 22 14
2530 22 28
2531 22 29
2532 21 29
2533 23 13
2534 23 25
2535 22 18
2536 23 24
2537 23 2
2538 22 27
2539 23 1
2540 23 6
2541 22 47
2542 23 35
2543 23 32
2544 21 47
2545 22 35
2546 24 14
2547 23 5
2548 22 5
2549 23 3
2550 23 4
2551 23 9
2552 23 18
2553 23 26
2554 22 26
2555 23 23
2556 22 23
2557 23 30
2558 24 12
2559 23 7
2560 22 30
2561 23 6
2562 23 8
2563 23 12
2564 23 5
2565 23 34
2566 22 34
2567 23 9
2568 25 13
2569 23 31
2570 23 33
2571 24 33
2572 23 33
2573 24 16
2574 24 13
2575 23 13
2576 23 38
2577 23 16
2578 24 7
2579 23 17
2580 23 16
2581 22 38
2582 23 7
2583 24 24
2584 23 19
2585 25 12
2586 23 20
2587 23 24
2588 23 23
2589 23 27
2590 23 21
2591 22 21
2592 23 28
2593 24 10
2594 22 20
2595 21 20
2596 23 40
2597 23 10
2598 23 47
2599 23 29
2600 23 39
2601 23 35
2602 23 36
2603 24 23
2604 23 37
2605 23 41
2606 24 0
2607 22 47
2608 23 0
2609 24 11
2610 23 42
2611 24 39
2612 24 18
2613 24 37
2614 23 11
2615 21 47
2616 23 18
2617 24 35
2618 23 35
2619 24 16
2620 23 37
2621 25 13
2622 23 39
2623 21 46
2624 23 44
2625 25 10
2626 24 10
2627 24 15
2628 20 46
2629 24 9
2630 23 9
2631 22 44
2632 21 44
2633 23 41
2634 25 15
2635 23 15
2636 24 13
2637 23 14
2638 23 43
2639 24 17
2640 24 34
2641 24 15
2642 24 30
2643 24 28
2644 24 36
2645 23 28
2646 22 28
2647 24 4
2648 24 8
2649 22 14
2650 23 30
2651 23 46
2652 23 8
2653 23 29
2654 23 45
2655 23 47
2656 24 42
2657 22 15
2658 23 42
2659 23 15
2660 23 4
2661 23 16
2662 24 3
2663 21 15
2664 22 15
2665 22 4
2666 22 3
2667 23 3
2668 24 19
2669 24 38
2670 24 0
2671 24 1
2672 25 16
2673 23 1
2674 24 16
2675 24 15
2676 24 29
2677 24 18
2678 25 10
2679 25 8
2680 24 8
2681 23 29
2682 24 32
2683 24 6
2684 24 40
2685 23 6
2686 23 28
2687 24 10
2688 24 44
2689 23 44
2690 23 32
2691 24 2
2692 24 5
2693 23 31
2694 23 32
2695 24 39
2696 24 41
2697 24 25
2698 23 25
2699 24 31
2700 24 24
2701 25 17
2702 25 35
2703 25 11
2704 25 41
2705 24 19
2706 23 19
2707 24 11
2708 24 41
2709 24 35
2710 24 43
2711 24 30
2712 25 7
2713 25 9
2714 25 38
2715 24 27
2716 25 1
2717 25 30
2718 24 7
2719 24 26
2720 24 1
2721 24 6
2722 24 25
2723 25 0
2724 26 0
2725 25 34
2726 24 20
2727 25 18
2728 24 18
2729 24 38
2730 24 30
2731 25 4
2732 24 37
2733 24 44
2734 24 21
2735 25 0
2736 25 16
2737 23 37
2738 24 22
2739 23 22
2740 24 20
2741 25 31
2742 24 31
2743 24 4
2744 24 28
2745 23 44
2746 24 29
2747 24 5
2748 26 8
2749 25 3
2750 23 45
2751 23 44
2752 24 6
2753 24 45
2754 25 21
2755 24 21
2756 25 8
2757 24 46
2758 24 47
2759 25 1
2760 25 43
2761 24 43
2762 25 15
2763 25 19
2764 25 2
2765 25 32
2766 24 32
2767 25 16
2768 26 10
2769 25 27
2770 25 10
2771 24 27
2772 25 9
2773 25 10
2774 25 18
2775 25 42
2776 25 20
2777 25 33
2778 25 4
2779 25 14
2780 24 14
2781 25 23
2782 24 23
2783 25 13
2784 25 22
2785 25 6
2786 25 29
2787 24 29
2788 26 30
2789 25 30
2790 26 34
2791 25 5
2792 25 7
2793 25 47
2794 24 47
2795 25 28
2796 25 24
2797 25 26
2798 25 37
2799 25 36
2800 25 35
2801 24 35
2802 25 25
2803 25 43
2804 26 20
2805 25 20
2806 25 34
2807 25 45
2808 25 24
2809 25 33
2810 25 44
2811 26 13
2812 24 45
2813 25 41
2814 23 45
2815 26 22
2816 24 41
2817 25 22
2818 25 46
2819 26 21
2820 25 13
2821 25 42
2822 25 43
2823 25 40
2824 25 39
2825 26 9
2826 25 9
2827 26 5
2828 26 19
2829 26 36
2830 24 13
2831 25 5
2832 24 39
2833 26 29
2834 25 36
2835 26 35
2836 26 32
2837 25 19
2838 25 32
2839 25 18
2840 26 47
2841 24 12
2842 26 28
2843 27 21
2844 25 47
2845 26 12
2846 23 39
2847 23 38
2848 26 13
2849 26 21
2850 26 18
2851 26 33
2852 26 4
2853 25 18
2854 25 19
2855 26 23
2856 24 11
2857 26 3
2858 26 6
2859 25 23
2860 27 22
2861 26 2
2862 25 11
2863 26 37
2864 25 4
2865 26 39
2866 26 42
2867 24 4
2868 25 39
2869 25 6
2870 26 27
2871 25 5
2872 25 6
2873 25 27
2874 25 37
2875 24 37
2876 26 8
2877 26 15
2878 25 15
2879 26 29
2880 26 22
2881 26 7
2882 26 9
2883 26 14
2884 26 38
2885 26 4
2886 27 36
2887 25 42
2888 24 42
2889 26 36
2890 26 1
2891 26 2
2892 26 28
2893 25 28
2894 27 9
2895 27 27
2896 26 9
2897 26 24
2898 26 12
2899 26 26
2900 26 27
2901 25 26
2902 26 3
2903 26 23
2904 27 5
2905 26 46
2906 25 23
2907 26 13
2908 27 38
2909 27 19
2910 26 11
2911 26 19
2912 26 38
2913 26 17
2914 27 3
2915 26 3
2916 26 5
2917 26 10
2918 26 16
2919 27 23
2920 26 25
2921 25 17
2922 27 27
2923 25 18
2924 27 8
2925 26 8
2926 26 47
2927 27 7
2928 26 7
2929 27 37
2930 26 27
2931 27 20
2932 27 8
2933 26 30
2934 27 18
2935 26 6
2936 27 21
2937 25 6
2938 26 18
2939 27 20
2940 27 33
2941 27 22
2942 27 0
2943 26 33
2944 26 31
2945 26 32
2946 26 41
2947 26 40
2948 27 26
2949 26 46
2950 26 39
2951 26 47
2952 28 26
2953 26 45
2954 27 1
2955 27 2
2956 27 4
2957 26 44
2958 28 19
2959 25 44
2960 27 25
2961 27 13
2962 26 13
2963 26 42
2964 26 26
2965 28 22
2966 27 19
2967 25 42
2968 27 22
2969 26 43
2970 27 11
2971 27 31
2972 28 18
2973 27 29
2974 26 29
2975 25 26
2976 27 29
2977 26 29
2978 27 15
2979 26 15
2980 26 31
2981 26 25
2982 27 38
2983 26 26
2984 27 45
2985 27 34
2986 27 5
2987 26 11
2988 26 45
2989 25 45
2990 27 39
2991 26 34
2992 25 44
2993 26 38
2994 27 26
2995 27 6
2996 27 10
2997 27 9
2998 28 33
2999 27 35
3000 27 14
3001 27 4
3002 26 35
3003 26 4
3004 26 33
3005 26 36
3006 27 30
3007 26 37
3008 27 20
3009 27 28
3010 27 38
3011 27 11
3012 27 43
3013 27 33
3014 27 17
3015 26 43
3016 27 18
3017 27 24
3018 27 16
3019 28 13
3020 27 12
3021 26 12
3022 27 13
3023 27 23
3024 27 31
3025 27 32
3026 27 42
3027 27 41
3028 27 47
3029 28 0
3030 27 44
3031 27 45
3032 27 46
3033 28 9
3034 27 9
3035 27 40
3036 28 20
3037 27 20
3038 28 3
3039 28 19
3040 28 21
3041 28 1
3042 28 25
3043 28 39
3044 28 10
3045 28 8
3046 26 40
3047 28 15
3048 27 3
3049 27 39
3050 28 26
3051 27 15
3052 28 45
3053 28 29
3054 27 29
3055 27 26
3056 27 28
3057 27 8
3058 27 7
3059 28 14
3060 27 40
3061 27 45
3062 28 11
3063 26 41
3064 28 38
3065 26 42
3066 28 30
3067 28 5
3068 27 5
3069 27 38
3070 27 41
3071 28 12
3072 27 11
3073 27 30
3074 27 10
3075 28 23
3076 28 10
3077 27 29
3078 28 9
3079 28 4
3080 28 22
3081 28 24
3082 28 2
3083 29 4
3084 27 4
3085 28 4
3086 28 3
3087 28 16
3088 27 16
3089 29 22
3090 29 11
3091 29 20
3092 28 20
3093 29 13
3094 28 13
3095 27 5
3096 28 31
3097 28 2
3098 28 28
3099 28 17
3100 27 28
3101 27 17
3102 27 31
3103 27 6
3104 28 11
3105 29 2
3106 28 33
3107 27 33
3108 28 47
3109 29 29
3110 27 47
3111 28 29
3112 27 27
3113 28 22
3114 29 24
3115 28 3
3116 28 32
3117 28 45
3118 27 45
3119 28 2
3120 28 6
3121 28 7
3122 27 6
3123 28 21
3124 28 4
3125 28 24
3126 28 1
3127 28 20
3128 29 11
3129 28 37
3130 27 1
3131 28 43
3132 28 11
3133 28 35
3134 29 28
3135 28 8
3136 28 27
3137 27 35
3138 27 34
3139 28 44
3140 29 16
3141 28 16
3142 27 43
3143 27 42
3144 29 0
3145 28 0
3146 29 10
3147 29 25
3148 28 10
3149 28 40
3150 27 40
3151 29 23
3152 27 33
3153 26 33
3154 28 25
3155 28 31
3156 28 34
3157 28 36
3158 29 15
3159 28 15
3160 28 38
3161 29 3
3162 29 19
3163 28 17
3164 29 9
3165 29 10
3166 28 19
3167 28 18
3168 29 47
3169 29 1
3170 29 5
3171 29 35
3172 28 46
3173 28 1
3174 30 5
3175 28 47
3176 28 19
3177 30 2
3178 29 2
3179 30 16
3180 28 5
3181 28 6
3182 28 42
3183 27 46
3184 29 17
3185 28 35
3186 27 35
3187 28 41
3188 28 40
3189 28 43
3190 28 17
3191 29 43
3192 29 14
3193 28 14
3194 28 43
3195 26 46
3196 29 32
3197 27 17
3198 26 45
3199 29 16
3200 28 45
3201 29 12
3202 29 34
3203 29 24
3204 29 26
3205 28 32
3206 27 18
3207 29 8
3208 29 5
3209 28 34
3210 28 8
3211 29 21
3212 28 35
3213 29 30
3214 28 30
3215 28 18
3216 29 20
3217 30 9
3218 29 9
3219 28 20
3220 29 33
3221 28 33
3222 28 21
3223 27 21
3224 29 27
3225 29 29
3226 29 31
3227 29 46
3228 29 4
3229 29 47
3230 29 42
3231 29 7
3232 30 22
3233 29 34
3234 29 5
3235 29 22
3236 30 12
3237 29 12
3238 29 4
3239 30 30
3240 29 30
3241 29 6
3242 29 33
3243 29 18
3244 29 35
3245 29 36
3246 30 4
3247 29 41
3248 29 19
3249 29 43
3250 29 37
3251 28 19
3252 30 10
3253 30 11
3254 28 37
3255 30 3
3256 29 45
3257 28 43
3258 29 10
3259 29 3
3260 29 2
3261 29 4
3262 29 5
3263 29 42
3264 30 20
3265 29 20
3266 29 44
3267 30 21
3268 29 38
3269 30 8
3270 29 46
3271 30 34
3272 31 9
3273 30 46
3274 29 46
3275 29 8
3276 30 12
3277 28 46
3278 28 45
3279 30 44
3280 29 34
3281 30 9
3282 30 6
3283 30 13
3284 29 13
3285 31 5
3286 30 23
3287 30 5
3288 30 7
3289 29 44
3290 29 45
3291 30 11
3292 29 6
3293 30 22
3294 29 39
3295 29 40
3296 30 32
3297 29 32
3298 29 41
3299 31 6
3300 28 6
3301 30 1
3302 30 28
3303 29 28
3304 31 8
3305 29 6
3306 30 6
3307 30 2
3308 30 14
3309 30 33
3310 31 11
3311 30 18
3312 31 4
3313 29 18
3314 30 0
3315 30 39
3316 30 24
3317 31 7
3318 30 11
3319 30 30
3320 29 0
3321 29 30
3322 31 13
3323 30 7
3324 30 13
3325 30 15
3326 29 39
3327 31 3
3328 29 33
3329 30 3
3330 30 41
3331 29 41
3332 29 34
3333 29 35
3334 29 38
3335 30 40
3336 30 29
3337 30 17
3338 30 35
3339 29 17
3340 31 1
3341 29 35
3342 30 45
3343 29 45
3344 31 12
3345 30 38
3346 29 38
3347 29 44
3348 31 21
3349 30 1
3350 32 7
3351 31 5
3352 30 23
3353 30 21
3354 31 7
3355 30 5
3356 30 4
3357 31 16
3358 30 19
3359 30 39
3360 31 0
3361 31 2
3362 30 27
3363 30 26
3364 30 25
3365 30 46
3366 29 46
3367 30 16
3368 30 15
3369 31 34
3370 30 47
3371 30 24
3372 32 0
3373 31 0
3374 30 34
3375 30 33
3376 31 18
3377 30 18
3378 30 36
3379 31 47
3380 29 24
3381 30 42
3382 30 31
3383 29 23
3384 29 42
3385 28 42
3386 29 22
3387 29 31
3388 29 36
3389 30 47
3390 30 30
3391 30 37
3392 30 43
3393 31 11
3394 31 9
3395 31 8
3396 31 10
3397 31 13
3398 31 14
3399 32 10
3400 31 17
3401 31 27
3402 31 30
3403 30 27
3404 30 8
3405 31 20
3406 31 35
3407 30 7
3408 31 10
3409 30 17
3410 31 21
3411 30 30
3412 31 41
3413 30 21
3414 30 35
3415 30 41
3416 30 28
3417 32 6
3418 31 6
3419 31 38
3420 30 38
3421 30 22
3422 32 4
3423 31 28
3424 30 28
3425 32 13
3426 32 8
3427 31 45
3428 30 45
3429 32 1
3430 31 33
3431 31 39
3432 31 46
3433 31 1
3434 31 26
3435 32 3
3436 30 26
3437 31 3
3438 31 9
3439 30 23
3440 30 33
3441 32 7
3442 30 39
3443 31 13
3444 31 19
3445 29 23
3446 30 32
3447 29 32
3448 30 13
3449 30 38
3450 31 20
3451 30 20
3452 31 4
3453 32 2
3454 30 23
3455 31 2
3456 33 6
3457 32 9
3458 31 9
3459 31 31
3460 31 32
3461 30 31
3462 31 15
3463 31 33
3464 30 33
3465 31 29
3466 32 5
3467 31 14
3468 31 28
3469 31 5
3470 31 47
3471 32 6
3472 32 8
3473 32 2
3474 31 25
3475 31 6
3476 32 16
3477 31 40
3478 32 20
3479 32 30
3480 32 27
3481 31 27
3482 33 7
3483 30 25
3484 32 12
3485 31 30
3486 32 26
3487 31 16
3488 30 16
3489 31 31
3490 31 5
3491 30 31
3492 31 4
3493 31 37
3494 30 37
3495 31 44
3496 30 44
3497 31 23
3498 32 15
3499 30 23
3500 31 24
3501 32 27
3502 31 8
3503 31 39
3504 32 11
3505 30 39
3506 33 8
3507 31 20
3508 32 47
3509 31 47
3510 31 22
3511 31 25
3512 33 7
3513 31 28
3514 31 36
3515 31 42
3516 32 7
3517 32 1
3518 31 41
3519 32 2
3520 30 41
3521 32 25
3522 31 43
3523 33 8
3524 30 43
3525 31 41
3526 32 13
3527 31 13
3528 31 2
3529 31 7
3530 31 25
3531 33 5
3532 32 23
3533 32 46
3534 31 23
3535 32 8
3536 32 10
3537 32 18
3538 31 18
3539 32 43
3540 31 43
3541 32 19
3542 32 26
3543 32 29
3544 33 3
3545 31 29
3546 32 41
3547 32 23
3548 32 3
3549 32 28
3550 31 41
3551 32 33
3552 31 23
3553 31 24
3554 31 40
3555 30 40
3556 32 31
3557 32 24
3558 32 30
3559 32 32
3560 32 47
3561 32 36
3562 31 36
3563 32 42
3564 33 6
3565 32 17
3566 33 24
3567 32 24
3568 31 33
3569 31 34
3570 32 38
3571 32 16
3572 32 18
3573 32 21
3574 33 4
3575 32 22
3576 32 13
3577 32 14
3578 31 38
3579 32 19
3580 30 38
3581 32 20
3582 32 37
3583 33 23
3584 32 18
3585 32 35
3586 33 3
3587 32 41
3588 31 18
3589 33 4
3590 32 40
3591 31 37
3592 32 41
3593 32 42
3594 32 43
3595 32 44
3596 31 44
3597 33 5
3598 32 45
3599 32 39
3600 32 38
3601 33 35
3602 33 24
3603 33 4
3604 32 24
3605 33 16
3606 31 35
3607 32 16
3608 34 4
3609 33 4
3610 31 34
3611 32 25
3612 33 11
3613 33 21
3614 34 7
3615 33 7
3616 32 35
3617 32 34
3618 32 21
3619 33 15
3620 32 22
3621 33 39
3622 32 11
3623 33 42
3624 32 39
3625 33 44
3626 32 42
3627 33 18
3628 33 26
3629 32 44
3630 33 19
3631 32 12
3632 33 34
3633 33 9
3634 33 46
3635 32 18
3636 31 18
3637 32 19
3638 32 26
3639 32 46
3640 33 16
3641 33 10
3642 34 3
3643 32 27
3644 33 3
3645 33 37
3646 33 33
3647 32 37
3648 33 11
3649 33 2
3650 32 16
3651 31 37
3652 33 41
3653 33 36
3654 32 33
3655 33 8
3656 33 10
3657 32 41
3658 33 9
3659 33 20
3660 33 22
3661 33 25
3662 32 2
3663 33 40
3664 32 3
3665 31 3
3666 33 1
3667 33 11
3668 32 11
3669 33 35
3670 34 9
3671 33 43
3672 33 47
3673 34 6
3674 33 45
3675 32 45
3676 33 9
3677 33 44
3678 32 1
3679 34 41
3680 33 30
3681 32 30
3682 33 14
3683 32 14
3684 33 41
3685 34 5
3686 32 46
3687 33 46
3688 33 12
3689 33 11
3690 33 0
3691 33 1
3692 35 5
3693 34 5
3694 33 16
3695 33 29
3696 34 46
3697 34 8
3698 33 27
3699 33 13
3700 33 8
3701 34 16
3702 33 17
3703 33 39
3704 33 14
3705 33 16
3706 32 16
3707 32 27
3708 34 2
3709 32 26
3710 33 28
3711 34 12
3712 34 10
3713 33 46
3714 34 28
3715 33 27
3716 32 46
3717 33 28
3718 33 37
3719 32 25
3720 32 27
3721 34 24
3722 34 20
3723 32 37
3724 33 31
3725 33 20
3726 33 46
3727 33 24
3728 33 18
3729 33 30
3730 33 32
3731 33 10
3732 34 7
3733 34 36
3734 33 12
3735 32 10
3736 33 10
3737 33 36
3738 34 47
3739 34 0
3740 34 3
3741 34 4
3742 34 1
3743 33 1
3744 34 29
3745 33 7
3746 34 11
3747 34 7
3748 33 38
3749 34 23
3750 33 23
3751 34 18
3752 33 18
3753 34 42
3754 34 6
3755 34 19
3756 33 29
3757 34 35
3758 34 43
3759 33 35
3760 33 28
3761 34 17
3762 33 39
3763 33 40
3764 34 16
3765 33 43
3766 33 42
3767 34 21
3768 34 22
3769 34 24
3770 34 25
3771 34 15
3772 35 10
3773 34 12
3774 34 31
3775 33 31
3776 34 16
3777 34 30
3778 33 12
3779 34 14
3780 34 26
3781 33 13
3782 34 38
3783 33 38
3784 34 10
3785 32 38
3786 34 37
3787 34 11
3788 34 12
3789 35 1
3790 34 1
3791 32 13
3792 32 14
3793 35 37
3794 35 7
3795 34 40
3796 34 7
3797 33 40
3798 35 9
3799 35 47
3800 34 37
3801 34 47
3802 34 38
3803 33 38
3804 34 28
3805 33 28
3806 34 13
3807 34 27
3808 35 16
3809 34 16
3810 34 8
3811 35 23
3812 34 7
3813 34 23
3814 34 39
3815 35 0
3816 34 45
3817 34 44
3818 35 6
3819 35 8
3820 35 19
3821 34 32
3822 35 46
3823 33 45
3824 35 11
3825 34 41
3826 33 41
3827 35 39
3828 36 0
3829 34 11
3830 34 39
3831 34 19
3832 33 19
3833 36 6
3834 35 0
3835 35 10
3836 32 45
3837 35 42
3838 35 43
3839 32 46
3840 36 7
3841 34 43
3842 34 46
3843 35 7
3844 35 38
3845 37 6
3846 35 40
3847 35 17
3848 34 40
3849 34 17
3850 35 6
3851 36 6
3852 34 34
3853 34 42
3854 34 41
3855 35 15
3856 34 15
3857 35 12
3858 33 34
3859 34 12
3860 35 25
3861 34 11
3862 35 4
3863 35 44
3864 35 46
3865 36 10
3866 34 4
3867 34 44
3868 35 10
3869 35 18
3870 35 2
3871 34 25
3872 35 6
3873 34 34
3874 34 46
3875 36 18
3876 35 20
3877 35 1
3878 36 39
3879 34 20
3880 34 24
3881 36 16
3882 33 24
3883 34 47
3884 37 7
3885 35 18
3886 35 0
3887 35 7
3888 36 43
3889 34 35
3890 35 39
3891 34 33
3892 35 16
3893 35 24
3894 35 31
3895 36 46
3896 34 24
3897 33 24
3898 35 3
3899 35 13
3900 36 1
3901 35 45
3902 34 36
3903 36 44
3904 35 19
3905 37 8
3906 36 5
3907 33 36
3908 35 41
3909 35 20
3910 34 20
3911 35 43
3912 34 24
3913 36 15
3914 34 31
3915 35 5
3916 36 17
3917 34 41
3918 35 14
3919 36 8
3920 35 15
3921 34 5
3922 34 14
3923 35 8
3924 35 4
3925 35 12
3926 36 2
3927 35 44
3928 35 27
3929 35 46
3930 36 0
3931 34 42
3932 35 36
3933 34 27
3934 34 36
3935 34 41
3936 35 2
3937 37 7
3938 35 16
3939 35 15
3940 35 1
3941 35 26
3942 35 42
3943 35 45
3944 36 26
3945 35 30
3946 34 30
3947 35 44
3948 35 47
3949 36 1
3950 36 6
3951 35 28
3952 34 28
3953 35 29
3954 36 16
3955 36 47
3956 35 21
3957 35 26
3958 37 6
3959 35 22
3960 37 0
3961 36 15
3962 36 9
3963 36 45
3964 35 45
3965 36 30
3966 35 30
3967 34 26
3968 36 0
3969 36 24
3970 35 24
3971 35 25
3972 36 19
3973 36 25
3974 37 46
3975 33 26
3976 36 4
3977 37 47
3978 36 46
3979 34 26
3980 36 11
3981 35 11
3982 35 46
3983 36 14
3984 36 3
3985 36 5
3986 36 10
3987 37 2
3988 35 19
3989 36 29
3990 36 42
3991 33 26
3992 34 19
3993 35 42
3994 36 16
3995 35 3
3996 36 15
3997 34 26
3998 34 27
3999 35 26
4000 34 28
4001 36 47
4002 36 23
4003 35 23
4004 34 3
4005 35 14
4006 36 2
4007 37 1
4008 35 35
4009 34 2
4010 34 35
4011 36 27
4012 34 14
4013 35 15
4014 34 34
4015 36 18
4016 37 10
4017 36 3
4018 36 2
4019 37 45
4020 37 46
4021 36 28
4022 35 32
4023 35 27
4024 35 33
4025 35 34
4026 36 12
4027 36 24
4028 36 10
4029 36 41
4030 37 3
4031 35 10
4032 36 43
4033 35 11
4034 35 26
4035 37 18
4036 36 25
4037 35 27
4038 36 40
4039 35 40
4040 36 18
4041 37 9
4042 36 3
4043 36 13
4044 36 24
4045 36 42
4046 37 47
4047 36 36
4048 35 36
4049 35 35
4050 37 46
4051 36 9
4052 37 42
4053 37 2
4054 37 13
4055 37 40
4056 36 2
4057 36 13
4058 36 25
4059 36 40
4060 36 24
4061 37 4
4062 37 17
4063 35 40
4064 36 4
4065 36 22
4066 36 35
4067 37 41
4068 35 35
4069 37 9
4070 36 17
4071 36 26
4072 36 44
4073 36 42
4074 37 3
4075 37 5
4076 36 20
4077 36 21
4078 35 22
4079 36 31
4080 38 47
4081 35 42
4082 36 37
4083 35 31
4084 35 23
4085 34 31
4086 35 37
4087 35 43
4088 37 47
4089 37 21
4090 34 23
4091 36 21
4092 35 23
4093 36 23
4094 36 30
4095 37 16
4096 37 7
4097 36 16
4098 36 32
4099 36 33
4100 37 11
4101 36 11
4102 36 37
4103 36 34
4104 36 36
4105 38 7
4106 37 45
4107 38 17
4108 37 42
4109 36 38
4110 37 19
4111 36 19
4112 36 45
4113 37 20
4114 37 17
4115 36 7
4116 36 8
4117 36 46
4118 37 7
4119 37 46
4120 37 22
4121 37 44
4122 37 38
4123 36 22
4124 37 14
4125 37 16
4126 37 47
4127 36 14
4128 37 17
4129 38 6
4130 37 25
4131 36 38
4132 37 43
4133 36 13
4134 36 25
4135 36 43
4136 37 6
4137 36 37
4138 37 31
4139 35 13
4140 35 14
4141 36 31
4142 37 8
4143 37 10
4144 38 18
4145 37 12
4146 37 21
4147 37 39
4148 37 15
4149 37 37
4150 36 37
4151 37 18
4152 37 23
4153 36 23
4154 37 17
4155 37 14
4156 37 24
4157 37 41
4158 38 9
4159 37 45
4160 38 4
4161 39 7
4162 37 4
4163 37 26
4164 38 24
4165 37 24
4166 37 9
4167 38 5
4168 37 8
4169 37 27
4170 37 28
4171 38 11
4172 38 19
4173 37 29
4174 37 30
4175 37 35
4176 38 6
4177 36 35
4178 37 36
4179 38 5
4180 37 19
4181 37 32
4182 37 33
4183 37 11
4184 37 34
4185 38 0
4186 38 1
4187 39 8
4188 38 8
4189 38 43
4190 37 43
4191 37 18
4192 38 3
4193 38 10
4194 38 2
4195 38 7
4196 37 19
4197 38 11
4198 37 18
4199 38 6
4200 38 46
4201 39 3
4202 38 31
4203 37 31
4204 38 28
4205 37 28
4206 38 23
4207 37 46
4208 37 2
4209 37 3
4210 38 26
4211 38 16
4212 39 6
4213 37 26
4214 38 33
4215 38 3
4216 38 22
4217 38 17
4218 38 47
4219 38 42
4220 39 7
4221 38 10
4222 38 11
4223 38 12
4224 37 22
4225 38 13
4226 38 6
4227 38 27
4228 37 33
4229 38 35
4230 37 27
4231 37 35
4232 39 5
4233 38 20
4234 38 21
4235 38 15
4236 38 16
4237 38 22
4238 38 14
4239 38 24
4240 39 4
4241 39 1
4242 38 5
4243 38 39
4244 37 5
4245 37 39
4246 39 19
4247 38 25
4248 38 13
4249 38 34
4250 38 12
4251 39 0
4252 38 0
4253 40 1
4254 38 1
4255 39 10
4256 38 19
4257 38 10
4258 37 34
4259 38 2
4260 38 18
4261 39 9
4262 38 29
4263 39 26
4264 38 26
4265 38 30
4266 38 31
4267 38 32
4268 38 33
4269 39 1
4270 38 34
4271 38 36
4272 38 35
4273 39 6
4274 38 6
4275 39 2
4276 39 5
4277 39 16
4278 37 36
4279 36 36
4280 38 16
4281 39 12
4282 38 12
4283 39 20
4284 38 41
4285 38 20
4286 39 29
4287 38 29
4288 40 4
4289 39 47
4290 38 2
4291 38 47
4292 38 40
4293 39 14
4294 38 37
4295 37 37
4296 38 14
4297 39 4
4298 38 38
4299 39 11
4300 39 13
4301 40 8
4302 39 2
4303 39 8
4304 40 4
4305 39 4
4306 39 7
4307 39 21
4308 38 2
4309 39 24
4310 38 1
4311 39 33
4312 38 2
4313 39 46
4314 38 33
4315 38 21
4316 38 24
4317 38 34
4318 38 45
4319 39 25
4320 39 47
4321 38 42
4322 39 17
4323 39 18
4324 39 15
4325 38 18
4326 37 45
4327 38 43
4328 38 42
4329 39 28
4330 38 45
4331 38 28
4332 38 44
4333 39 27
4334 39 14
4335 40 11
4336 39 11
4337 40 25
4338 39 15
4339 39 23
4340 39 44
4341 38 46
4342 38 44
4343 39 25
4344 39 22
4345 40 7
4346 39 7
4347 39 24
4348 39 34
4349 38 34
4350 39 30
4351 39 31
4352 39 32
4353 39 35
4354 39 43
4355 39 42
4356 40 0
4357 39 36
4358 38 36
4359 39 45
4360 38 45
4361 40 19
4362 39 0
4363 40 10
4364 39 10
4365 39 19
4366 39 46
4367 39 37
4368 40 46
4369 40 16
4370 40 44
4371 39 16
4372 41 8
4373 40 28
4374 39 28
4375 39 44
4376 40 8
4377 39 46
4378 40 9
4379 39 9
4380 40 45
4381 40 47
4382 39 38
4383 40 32
4384 39 32
4385 40 3
4386 39 39
4387 39 40
4388 39 31
4389 39 41
4390 38 31
4391 40 35
4392 39 35
4393 40 1
4394 40 2
4395 40 4
4396 40 5
4397 40 17
4398 38 30
4399 40 18
4400 40 6
4401 40 7
4402 41 46
4403 40 46
4404 41 47
4405 40 12
4406 40 15
4407 37 30
4408 39 15
4409 40 16
4410 40 13
4411 40 31
4412 40 20
4413 39 20
4414 38 30
4415 39 30
4416 41 3
4417 40 27
4418 40 14
4419 40 36
4420 40 26
4421 40 42
4422 41 7
4423 39 26
4424 41 0
4425 40 0
4426 39 36
4427 39 35
4428 39 42
4429 40 3
4430 39 43
4431 40 13
4432 40 43
4433 40 21
4434 40 22
4435 40 23
4436 40 25
4437 40 28
4438 41 43
4439 40 43
4440 40 24
4441 42 47
4442 40 29
4443 40 30
4444 41 47
4445 41 21
4446 41 5
4447 41 19
4448 42 47
4449 41 24
4450 41 8
4451 41 47
4452 40 39
4453 39 39
4454 40 21
4455 39 21
4456 40 24
4457 40 5
4458 39 24
4459 41 9
4460 40 19
4461 40 21
4462 41 11
4463 41 16
4464 41 44
4465 40 6
4466 42 46
4467 39 25
4468 40 16
4469 40 11
4470 40 44
4471 40 7
4472 40 12
4473 40 22
4474 40 9
4475 39 9
4476 40 38
4477 41 4
4478 41 10
4479 41 45
4480 41 28
4481 41 18
4482 41 30
4483 40 37
4484 39 37
4485 40 18
4486 40 28
4487 40 30
4488 42 47
4489 41 17
4490 41 36
4491 42 46
4492 40 36
4493 41 42
4494 41 6
4495 41 5
4496 41 29
4497 41 7
4498 41 8
4499 42 47
4500 40 32
4501 40 33
4502 40 41
4503 42 29
4504 39 41
4505 38 41
4506 41 29
4507 40 39
4508 41 15
4509 41 43
4510 41 44
4511 41 33
4512 40 33
4513 40 15
4514 40 44
4515 40 32
4516 40 34
4517 39 34
4518 40 40
4519 41 38
4520 40 38
4521 41 37
4522 41 1
4523 41 12
4524 41 2
4525 41 23
4526 40 2
4527 41 22
4528 41 19
4529 41 20
4530 41 24
4531 41 25
4532 40 25
4533 41 13
4534 42 17
4535 40 13
4536 41 14
4537 41 17
4538 41 26
4539 42 38
4540 41 27
4541 41 41
4542 41 39
4543 42 11
4544 41 11
4545 41 15
4546 41 38
4547 40 39
4548 40 41
4549 42 23
4550 43 47
4551 42 25
4552 42 15
4553 41 23
4554 42 28
4555 42 18
4556 41 25
4557 41 28
4558 41 18
4559 40 18
4560 42 47
4561 40 15
4562 40 14
4563 40 40
4564 41 15
4565 42 44
4566 42 13
4567 40 39
4568 42 14
4569 40 40
4570 42 10
4571 41 40
4572 42 16
4573 41 35
4574 39 40
4575 38 40
4576 41 44
4577 41 13
4578 40 13
4579 42 12
4580 41 36
4581 41 12
4582 41 34
4583 42 20
4584 41 20
4585 41 37
4586 41 36
4587 41 11
4588 42 42
4589 40 11
4590 42 11
4591 41 42
4592 42 27
4593 42 6
4594 40 42
4595 41 6
4596 42 28
4597 42 2
4598 42 26
4599 41 2
4600 42 41
4601 43 12
4602 42 12
4603 41 12
4604 42 12
4605 42 9
4606 41 26
4607 42 37
4608 42 24
4609 42 11
4610 42 10
4611 41 24
4612 41 9
4613 40 9
4614 41 41
4615 42 12
4616 41 45
4617 42 19
4618 41 28
4619 42 28
4620 42 36
4621 43 46
4622 41 36
4623 42 46
4624 42 0
4625 42 43
4626 41 31
4627 42 9
4628 41 32
4629 42 1
4630 42 21
4631 41 21
4632 41 0
4633 43 18
4634 40 0
4635 42 0
4636 42 5
4637 43 42
4638 43 19
4639 42 42
4640 42 22
4641 42 3
4642 42 7
4643 42 44
4644 41 44
4645 42 18
4646 42 33
4647 41 5
4648 41 4
4649 41 33
4650 42 10
4651 41 10
4652 40 33
4653 42 4
4654 43 18
4655 42 45
4656 44 47
4657 42 17
4658 42 35
4659 43 1
4660 41 11
4661 41 10
4662 43 27
4663 42 27
4664 43 47
4665 42 8
4666 43 6
4667 42 16
4668 42 1
4669 42 2
4670 42 34
4671 42 17
4672 42 6
4673 42 7
4674 42 32
4675 43 24
4676 43 17
4677 43 14
4678 43 43
4679 42 43
4680 41 43
4681 42 14
4682 43 2
4683 41 32
4684 40 32
4685 42 18
4686 41 7
4687 43 5
4688 43 16
4689 43 22
4690 41 18
4691 43 7
4692 40 7
4693 42 24
4694 41 24
4695 43 33
4696 42 5
4697 43 45
4698 42 22
4699 43 44
4700 42 40
4701 42 33
4702 42 45
4703 41 40
4704 42 2
4705 43 28
4706 42 18
4707 42 28
4708 42 1
4709 42 17
4710 42 36
4711 42 35
4712 43 0
4713 43 8
4714 43 6
4715 42 31
4716 42 8
4717 41 31
4718 43 17
4719 43 28
4720 42 30
4721 40 31
4722 41 31
4723 43 29
4724 43 4
4725 42 4
4726 44 46
4727 43 46
4728 42 28
4729 42 17
4730 43 23
4731 42 37
4732 42 27
4733 42 26
4734 42 36
4735 43 3
4736 43 5
4737 43 28
4738 43 43
4739 42 38
4740 43 9
4741 42 39
4742 43 18
4743 42 16
4744 42 9
4745 43 30
4746 44 1
4747 43 13
4748 42 30
4749 43 1
4750 44 45
4751 44 4
4752 43 4
4753 43 32
4754 42 32
4755 43 45
4756 42 10
4757 42 40
4758 42 39
4759 42 17
4760 43 31
4761 44 0
4762 45 47
4763 43 25
4764 44 47
4765 42 16
4766 44 6
4767 42 18
4768 41 18
4769 42 25
4770 40 18
4771 42 26
4772 44 30
4773 44 7
4774 43 10
4775 43 9
4776 44 44
4777 43 34
4778 42 34
4779 43 41
4780 42 17
4781 43 14
4782 43 6
4783 41 17
4784 44 2
4785 43 5
4786 42 14
4787 43 22
4788 41 14
4789 43 6
4790 42 22
4791 44 32
4792 44 8
4793 43 42
4794 43 39
4795 42 23
4796 42 39
4797 43 2
4798 43 8
4799 44 13
4800 43 13
4801 43 19
4802 43 37
4803 43 35
4804 42 37
4805 42 19
4806 43 20
4807 44 24
4808 42 20
4809 43 24
4810 43 40
4811 42 40
4812 43 30
4813 43 32
4814 43 5
4815 44 28
4816 43 15
4817 45 2
4818 44 45
4819 43 45
4820 43 21
4821 43 26
4822 43 19
4823 42 19
4824 44 3
4825 43 28
4826 42 28
4827 43 34
4828 43 10
4829 43 38
4830 43 9
4831 43 11
4832 43 36
4833 44 2
4834 42 38
4835 42 39
4836 43 2
4837 43 43
4838 44 14
4839 44 20
4840 44 29
4841 44 31
4842 44 26
4843 44 6
4844 43 26
4845 43 20
4846 44 11
4847 43 14
4848 44 7
4849 44 43
4850 44 22
4851 43 11
4852 43 13
4853 43 22
4854 43 43
4855 45 45
4856 44 39
4857 43 39
4858 44 45
4859 44 12
4860 44 23
4861 44 25
4862 44 27
4863 45 46
4864 44 33
4865 43 15
4866 44 42
4867 42 15
4868 45 1
4869 45 0
4870 43 42
4871 44 0
4872 44 18
4873 43 18
4874 44 32
4875 45 32
4876 44 4
4877 44 8
4878 44 9
4879 44 36
4880 44 32
4881 43 36
4882 45 2
4883 44 2
4884 44 5
4885 44 15
4886 44 38
4887 46 45
4888 45 45
4889 44 10
4890 43 10
4891 44 45
4892 44 4
4893 44 37
4894 43 4
4895 44 19
4896 43 19
4897 45 12
4898 44 35
4899 44 41
4900 44 42
4901 43 35
4902 43 38
4903 44 34
4904 46 1
4905 44 36
4906 44 16
4907 44 40
4908 45 3
4909 44 12
4910 45 31
4911 44 31
4912 45 40
4913 44 20
4914 44 21
4915 44 17
4916 43 17
4917 44 13
4918 45 1
4919 45 0
4920 45 7
4921 44 22
4922 45 1
4923 44 40
4924 43 40
4925 45 2
4926 44 7
4927 43 7
4928 45 28
4929 44 44
4930 43 44
4931 44 28
4932 44 43
4933 46 0
4934 47 0
4935 47 1
4936 44 15
4937 45 10
4938 45 11
4939 46 46
4940 45 15
4941 45 5
4942 45 4
4943 44 5
4944 45 46
4945 43 5
4946 44 10
4947 46 2
4948 43 4
4949 45 8
4950 47 45
4951 45 19
4952 45 9
4953 45 38
4954 45 6
4955 45 44
4956 44 38
4957 43 10
4958 43 11
4959 44 6
4960 44 44
4961 45 18
4962 45 27
4963 44 15
4964 43 15
4965 45 29
4966 46 3
4967 44 29
4968 44 7
4969 45 35
4970 44 35
4971 44 14
4972 45 33
4973 44 33
4974 45 3
4975 45 2
4976 44 19
4977 45 37
4978 46 1
4979 44 37
4980 45 39
4981 46 0
4982 45 7
4983 45 10
4984 45 5
4985 45 13
4986 45 16
4987 46 45
4988 45 32
4989 44 16
4990 45 21
4991 44 39
4992 45 12
4993 44 40
4994 45 4
4995 44 21
4996 43 21
4997 45 17
4998 45 28
4999 45 30
5000 44 32
5001 45 13
5002 45 12
5003 45 34
5004 45 22
5005 45 14
5006 45 36
5007 47 2
5008 47 3
5009 45 19
5010 44 22
5011 45 20
5012 45 22
5013 47 46
5014 46 10
5015 46 46
5016 47 45
5017 46 13
5018 45 31
5019 45 10
5020 46 47
5021 44 10
5022 44 31
5023 45 13
5024 45 47
5025 46 5
5026 46 17
5027 45 5
5028 46 36
5029 45 36
5030 45 17
5031 47 47
5032 46 44
5033 45 23
5034 45 41
5035 46 14
5036 46 45
5037 44 41
5038 45 14
5039 46 30
5040 45 30
5041 47 44
5042 45 4
5043 44 4
5044 47 4
5045 46 28
5046 45 28
5047 46 6
5048 46 4
5049 45 42
5050 46 15
5051 45 26
5052 45 6
5053 46 22
5054 45 22
5055 44 26
5056 45 45
5057 43 26
5058 46 14
5059 46 44
5060 47 3
5061 46 6
5062 45 6
5063 46 9
5064 45 44
5065 45 41
5066 47 5
5067 45 43
5068 46 35
5069 45 9
5070 45 40
5071 46 3
5072 44 40
5073 45 35
5074 45 8
5075 45 44
5076 46 4
5077 47 6
5078 47 44
5079 46 21
5080 46 29
5081 45 24
5082 47 4
5083 45 25
5084 46 20
5085 45 43
5086 46 8
5087 46 7
5088 45 20
5089 47 3
5090 45 24
5091 47 7
5092 44 43
5093 43 43
5094 45 32
5095 45 33
5096 46 8
5097 46 12
5098 45 12
5099 46 9
5100 47 8
5101 47 9
5102 46 10
5103 46 11
5104 47 43
5105 46 43
5106 45 43
5107 47 44
5108 47 10
5109 47 11
5110 47 12
5111 46 16
5112 46 17
5113 47 29
5114 47 13
5115 46 28
5116 45 28
5117 46 37
5118 45 37
5119 46 29
5120 47 12
5121 46 26
5122 45 26
5123 46 27
5124 47 14
5125 46 34
5126 46 31
5127 45 31
5128 46 35
5129 47 15
5130 47 20
5131 46 38
5132 46 19
5133 45 19
5134 46 20
5135 47 16
5136 47 19
5137 46 18
5138 46 17
5139 47 17
5140 47 21
5141 47 28
5142 46 37
5143 47 35
5144 45 37
5145 46 35
5146 47 30
5147 46 30
5148 47 27
5149 46 17
5150 46 42
5151 46 43
5152 47 26
5153 46 26
5154 47 17
5155 47 18
5156 47 34
5157 46 34
5158 47 26
5159 46 41
5160 46 33
5161 46 22
5162 45 22
5163 47 42
5164 47 43
5165 45 33
5166 47 44
5167 47 22
5168 47 33
5169 47 36
5170 47 37
5171 45 41
5172 47 38
5173 47 41
5174 44 41
5175 47 31
5176 46 31
5177 47 32
5178 46 25
5179 46 32
5180 46 24
5181 45 41
5182 45 42
5183 46 33
5184 46 39
5185 46 40
5186 47 39
5187 46 23
5188 47 25
5189 45 23
5190 47 26
5191 46 26
5192 45 24
5193 44 24
5194 47 23
5195 47 40
5196 46 40
5197 47 24
# colocadas=5198 ocupadas=2304 mayor=136
