0 14 10
1 33 18
2 3 22
3 3 21
4 15 10
5 3 22
6 3 21
7 14 10
8 3 22
9 15 9
10 33 17
11 33 18
12 15 10
13 3 21
14 3 22
15 14 10
16 3 21
17 15 10
18 33 16
19 16 9
20 33 17
21 3 22
22 34 18
23 33 18
24 33 17
25 3 21
26 15 9
27 33 18
28 14 10
29 15 10
30 3 22
31 3 21
32 16 9
33 14 10
34 35 18
35 15 10
36 15 9
37 3 22
38 3 21
39 3 22
40 33 17
41 16 9
42 14 10
43 34 18
44 15 10
45 15 9
46 14 10
47 15 10
48 3 21
49 14 10
50 3 22
51 15 10
52 14 11
53 3 21
54 3 22
55 14 10
56 15 9
57 3 21
58 33 18
59 33 17
60 15 10
61 14 10
62 3 22
63 15 10
64 14 11
65 33 18
66 33 16
67 33 17
68 33 18
69 33 17
70 14 10
71 33 18
72 33 17
73 34 18
74 15 10
75 14 10
76 33 18
77 3 21
78 3 22
79 35 18
80 33 17
81 33 18
82 15 9
83 34 18
84 15 10
85 14 10
86 35 18
87 34 18
88 15 10
89 15 9
90 15 10
91 14 10
92 15 10
93 16 9
94 35 18
95 14 10
96 3 21
97 33 17
98 15 9
99 33 18
100 34 18
101 33 17
102 3 22
103 15 10
104 14 11
105 14 10
106 14 11
107 14 10
108 33 18
109 15 10
110 34 18
111 14 10
112 14 11
113 3 21
114 3 22
115 14 10
116 33 18
117 14 11
118 33 16
119 14 10
120 33 17
121 33 16
122 15 10
123 33 17
124 14 10
125 14 11
126 14 10
127 33 18
128 33 17
129 15 9
130 15 10
131 34 16
132 14 10
133 34 15
134 34 16
135 33 18
136 15 10
137 15 9
138 33 17
139 33 18
140 33 17
141 15 10
142 34 15
143 14 11
144 33 18
145 14 10
146 34 16
147 34 15
148 33 17
149 34 16
150 33 18
151 33 17
152 33 18
153 33 17
154 15 10
155 14 10
156 15 9
157 3 21
158 15 10
159 33 18
160 3 22
161 34 15
162 34 16
163 34 15
164 15 9
165 33 17
166 33 18
167 15 10
168 3 21
169 34 16
170 33 17
171 34 15
172 33 18
173 16 9
174 3 22
175 34 16
176 14 10
177 34 15
178 15 9
179 33 17
180 33 18
181 33 17
182 15 10
183 34 16
184 34 15
185 34 16
186 15 9
187 33 18
188 15 10
189 16 9
190 33 17
191 3 21
192 34 15
193 33 18
194 33 17
195 34 16
196 3 22
197 15 9
198 14 10
199 33 18
200 15 10
201 15 9
202 34 15
203 33 17
204 15 10
205 16 9
206 15 9
207 33 18
208 14 10
209 15 10
210 34 16
211 14 11
212 33 17
213 34 15
214 3 21
215 14 10
216 14 11
217 14 10
218 33 18
219 34 16
220 34 15
221 33 17
222 14 11
223 33 18
224 14 10
225 14 11
226 14 10
227 34 16
228 15 11
229 15 10
230 14 10
231 33 17
232 15 10
233 15 9
234 15 10
235 34 15
236 3 22
237 3 21
238 16 9
239 14 10
240 33 18
241 34 16
242 15 9
243 34 15
244 34 16
245 34 15
246 3 22
247 33 17
248 15 10
249 14 11
250 34 16
251 14 10
252 3 21
253 34 15
254 15 9
255 15 10
256 15 9
257 34 16
258 34 15
259 15 10
260 3 22
261 3 21
262 3 22
263 34 16
264 14 10
265 15 10
266 3 21
267 3 22
268 34 15
269 14 10
270 15 10
271 14 11
272 3 21
273 33 18
274 34 16
275 14 10
276 14 11
277 14 10
278 34 15
279 3 22
280 15 9
281 3 21
282 33 17
283 15 10
284 14 11
285 33 18
286 33 17
287 14 10
288 15 11
289 15 10
290 14 10
291 3 22
292 34 16
293 34 15
294 33 18
295 3 21
296 34 16
297 3 22
298 15 10
299 33 17
300 3 21
301 14 10
302 34 15
303 15 10
304 14 11
305 3 22
306 14 10
307 15 11
308 15 10
309 16 11
310 3 21
311 3 22
312 15 11
313 3 21
314 34 16
315 3 22
316 3 21
317 14 10
318 15 10
319 34 15
320 3 22
321 34 16
322 3 21
323 3 22
324 3 21
325 33 18
326 15 9
327 15 10
328 33 17
329 33 18
330 33 17
331 15 9
332 33 18
333 34 15
334 15 10
335 14 10
336 34 16
337 33 17
338 15 10
339 3 22
340 15 9
341 15 10
342 16 9
343 34 15
344 3 21
345 3 22
346 3 21
347 15 9
348 14 10
349 15 10
350 33 18
351 34 16
352 14 11
353 14 10
354 14 11
355 14 10
356 15 10
357 3 22
358 14 10
359 14 11
360 34 15
361 3 21
362 33 17
363 34 16
364 33 18
365 3 22
366 3 21
367 14 10
368 33 17
369 14 11
370 3 22
371 14 10
372 34 15
373 33 18
374 33 17
375 3 21
376 3 22
377 3 21
378 15 11
379 34 16
380 15 10
381 16 11
382 34 15
383 3 22
384 15 11
385 33 18
386 33 17
387 34 16
388 14 10
389 15 10
390 15 9
391 33 18
392 3 21
393 15 10
394 14 10
395 34 15
396 33 17
397 34 16
398 33 18
399 33 17
400 15 10
401 34 15
402 3 22
403 15 9
404 3 21
405 34 16
406 3 22
407 34 15
408 34 16
409 15 10
410 14 11
411 34 15
412 14 10
413 14 11
414 34 16
415 3 21
416 14 10
417 3 22
418 34 15
419 34 16
420 33 18
421 33 17
422 3 21
423 33 18
424 15 11
425 15 10
426 33 17
427 33 18
428 15 9
429 3 22
430 3 21
431 33 17
432 34 15
433 34 16
434 33 18
435 33 17
436 33 18
437 34 15
438 34 16
439 33 17
440 33 18
441 15 10
442 16 9
443 34 15
444 15 9
445 16 9
446 33 17
447 3 22
448 15 9
449 16 9
450 34 16
451 14 10
452 3 21
453 34 15
454 3 22
455 15 10
456 33 18
457 15 9
458 3 21
459 34 16
460 34 15
461 16 9
462 33 17
463 33 18
464 34 16
465 34 15
466 3 22
467 3 21
468 34 16
469 33 17
470 14 10
471 15 9
472 15 10
473 14 11
474 34 15
475 3 22
476 3 21
477 14 10
478 15 11
479 15 10
480 15 9
481 33 18
482 3 22
483 33 17
484 34 16
485 15 10
486 33 18
487 33 17
488 15 9
489 15 10
490 33 18
491 3 21
492 16 9
493 14 10
494 15 9
495 3 22
496 15 10
497 3 21
498 34 15
499 16 9
500 14 10
501 15 10
502 33 17
503 14 10
504 15 10
505 33 18
506 3 22
507 15 9
508 33 17
509 33 18
510 14 10
511 15 10
512 34 16
513 3 21
514 14 10
515 15 10
516 3 22
517 16 9
518 3 21
519 14 10
520 34 15
521 3 22
522 34 16
523 3 21
524 33 17
525 33 18
526 3 22
527 3 21
528 34 15
529 34 16
530 3 22
531 3 21
532 15 9
533 15 10
534 15 9
535 34 15
536 15 10
537 3 22
538 14 10
539 3 21
540 3 22
541 3 21
542 3 22
543 3 21
544 33 17
545 15 10
546 15 9
547 33 18
548 15 10
549 33 17
550 15 9
551 33 18
552 15 10
553 14 10
554 15 10
555 34 16
556 33 17
557 3 22
558 34 15
559 16 9
560 33 18
561 33 17
562 33 18
563 34 16
564 3 21
565 33 17
566 33 18
567 3 22
568 15 9
569 34 15
570 14 10
571 3 21
572 15 10
573 3 22
574 33 17
575 34 16
576 14 11
577 34 15
578 14 10
579 34 16
580 15 10
581 14 10
582 34 15
583 3 21
584 15 11
585 15 10
586 14 11
587 34 16
588 3 22
589 34 15
590 14 10
591 34 16
592 14 11
593 14 10
594 15 9
595 15 10
596 33 18
597 34 15
598 14 11
599 34 16
600 3 21
601 33 17
602 14 10
603 14 11
604 14 10
605 15 10
606 33 18
607 14 10
608 15 10
609 3 22
610 33 17
611 34 15
612 33 18
613 34 16
614 34 15
615 3 21
616 33 17
617 34 16
618 33 18
619 14 10
620 34 15
621 33 17
622 34 16
623 14 11
624 14 10
625 34 15
626 33 18
627 3 22
628 15 11
629 34 16
630 33 17
631 34 15
632 34 16
633 15 10
634 3 21
635 14 10
636 3 22
637 15 10
638 34 15
639 34 16
640 16 11
641 14 10
642 33 18
643 15 11
644 3 21
645 15 10
646 34 15
647 34 16
648 34 15
649 16 11
650 33 17
651 33 18
652 34 16
653 14 10
654 15 10
655 14 10
656 3 22
657 15 11
658 15 10
659 16 11
660 34 15
661 34 16
662 15 11
663 3 21
664 33 17
665 34 15
666 14 10
667 15 10
668 16 11
669 14 10
670 3 22
671 3 21
672 34 16
673 3 22
674 15 10
675 33 18
676 3 21
677 33 17
678 33 18
679 14 10
680 34 15
681 34 16
682 3 22
683 15 10
684 33 17
685 34 15
686 33 18
687 34 16
688 34 15
689 33 17
690 3 21
691 34 16
692 34 15
693 15 11
694 16 11
695 34 16
696 14 10
697 15 10
698 34 15
699 14 10
700 3 22
701 3 21
702 3 22
703 33 18
704 34 16
705 15 11
706 3 21
707 3 22
708 3 21
709 3 22
710 33 17
711 34 15
712 15 10
713 3 21
714 33 18
715 33 17
716 3 22
717 14 11
718 14 10
719 15 11
720 34 16
721 3 21
722 15 10
723 3 22
724 16 11
725 3 21
726 14 10
727 15 10
728 15 11
729 14 10
730 3 22
731 15 10
732 3 21
733 33 18
734 14 11
735 14 10
736 33 17
737 3 22
738 33 18
739 3 21
740 15 10
741 3 22
742 14 10
743 33 17
744 34 15
745 34 16
746 15 11
747 15 10
748 14 10
749 15 10
750 14 10
751 3 21
752 15 10
753 34 15
754 15 9
755 15 10
756 16 9
757 34 16
758 15 9
759 34 15
760 34 16
761 34 15
762 33 18
763 16 9
764 15 9
765 33 17
766 14 10
767 15 10
768 16 9
769 14 10
770 3 22
771 33 18
772 15 9
773 33 17
774 3 21
775 15 10
776 14 11
777 33 18
778 3 22
779 34 16
780 3 21
781 14 10
782 34 15
783 34 16
784 15 11
785 33 17
786 34 15
787 3 22
788 34 16
789 15 10
790 3 21
791 15 9
792 33 18
793 15 10
794 33 17
795 3 22
796 14 10
797 15 10
798 33 18
799 3 21
800 14 11
801 33 17
802 14 10
803 3 22
804 15 9
805 34 15
806 15 10
807 16 9
808 3 21
809 3 22
810 34 16
811 33 18
812 14 10
813 33 17
814 33 18
815 15 10
816 15 9
817 14 10
818 33 17
819 3 21
820 15 10
821 16 9
822 14 10
823 3 22
824 34 15
825 15 10
826 15 9
827 34 16
828 3 21
829 16 9
830 14 10
831 3 22
832 15 9
833 33 18
834 33 17
835 15 10
836 3 21
837 34 15
838 33 18
839 3 22
840 3 21
841 15 9
842 15 10
843 34 16
844 16 9
845 3 22
846 15 9
847 16 9
848 33 17
849 33 18
850 34 15
851 34 16
852 33 17
853 15 9
854 3 21
855 16 9
856 34 15
857 15 9
858 14 10
859 34 16
860 15 10
861 16 9
862 3 22
863 15 9
864 34 15
865 34 16
866 33 18
867 14 10
868 3 21
869 34 15
870 33 17
871 34 16
872 33 18
873 34 15
874 34 16
875 15 10
876 34 15
877 33 17
878 34 16
879 16 9
880 15 9
881 34 15
882 16 9
883 33 18
884 34 16
885 33 17
886 3 22
887 15 9
888 16 9
889 3 21
890 14 10
891 33 18
892 15 9
893 33 17
894 3 22
895 33 18
896 3 21
897 15 10
898 14 11
899 33 17
900 33 18
901 34 15
902 33 17
903 14 10
904 15 9
905 33 18
906 15 10
907 3 22
908 14 10
909 15 10
910 34 16
911 33 17
912 15 9
913 15 10
914 16 9
915 15 9
916 34 15
917 3 21
918 33 18
919 16 9
920 34 16
921 3 22
922 15 9
923 16 9
924 15 9
925 16 9
926 15 9
927 14 10
928 15 10
929 15 9
930 15 10
931 34 15
932 34 16
933 15 9
934 3 21
935 34 15
936 15 10
937 14 11
938 34 16
939 3 22
940 33 17
941 34 15
942 34 16
943 33 18
944 3 21
945 34 15
946 34 16
947 14 10
948 34 15
949 33 17
950 34 16
951 15 9
952 15 10
953 14 10
954 15 10
955 34 15
956 3 22
957 15 9
958 33 18
959 3 21
960 15 10
961 15 9
962 15 10
963 3 22
964 14 10
965 34 16
966 33 17
967 3 21
968 15 10
969 33 18
970 3 22
971 34 15
972 3 21
973 16 9
974 15 9
975 16 9
976 3 22
977 34 16
978 3 21
979 15 9
980 16 9
981 3 22
982 14 10
983 33 17
984 15 9
985 15 10
986 34 15
987 33 18
988 33 17
989 3 21
990 33 18
991 33 17
992 16 9
993 34 16
994 15 9
995 16 9
996 3 22
997 34 15
998 15 9
999 16 9
1000 14 10
1001 15 10
1002 33 18
1003 15 9
1004 33 17
1005 34 16
1006 33 18
1007 16 9
1008 15 9
1009 14 10
1010 15 10
1011 34 15
1012 33 17
1013 14 10
1014 3 21
1015 15 10
1016 34 16
1017 33 18
1018 3 22
1019 14 10
1020 33 17
1021 15 10
1022 33 18
1023 14 10
1024 34 15
1025 3 21
1026 33 17
1027 15 10
1028 34 16
1029 3 22
1030 3 21
1031 3 22
1032 3 21
1033 14 10
1034 15 10
1035 3 22
1036 16 9
1037 34 15
1038 3 21
1039 34 16
1040 34 15
1041 3 22
1042 33 18
1043 14 10
1044 15 10
1045 15 9
1046 16 9
1047 14 10
1048 15 10
1049 14 10
1050 15 9
1051 15 10
1052 34 16
1053 34 15
1054 34 16
1055 3 21
1056 16 9
1057 3 22
1058 14 10
1059 33 17
1060 3 21
1061 33 18
1062 15 10
1063 34 15
1064 34 16
1065 34 15
1066 33 17
1067 3 22
1068 34 16
1069 33 18
1070 34 15
1071 15 9
1072 14 10
1073 33 17
1074 34 16
1075 15 10
1076 14 10
1077 34 15
1078 34 16
1079 15 10
1080 33 18
1081 16 9
1082 15 9
1083 16 9
1084 3 21
1085 15 9
1086 3 22
1087 16 9
1088 14 10
1089 33 17
1090 15 10
1091 14 10
1092 15 10
1093 14 10
1094 34 15
1095 33 18
1096 33 17
1097 15 10
1098 3 21
1099 15 9
1100 14 10
1101 15 10
1102 3 22
1103 33 18
1104 34 16
1105 16 9
1106 14 10
1107 33 17
1108 34 15
1109 15 9
1110 15 10
1111 3 21
1112 3 22
1113 34 16
1114 34 15
1115 14 11
1116 14 10
1117 34 16
1118 34 15
1119 3 21
1120 34 16
1121 34 15
1122 33 18
1123 3 22
1124 34 16
1125 15 9
1126 15 10
1127 15 9
1128 15 10
1129 14 10
1130 33 17
1131 34 15
1132 15 10
1133 3 21
1134 14 11
1135 14 10
1136 14 11
1137 33 18
1138 14 10
1139 3 22
1140 34 16
1141 15 11
1142 3 21
1143 3 22
1144 15 10
1145 16 11
1146 33 17
1147 34 15
1148 15 11
1149 34 16
1150 3 21
1151 16 11
1152 15 11
1153 33 18
1154 14 10
1155 15 10
1156 3 22
1157 14 11
1158 14 10
1159 3 21
1160 14 11
1161 3 22
1162 33 17
1163 34 15
1164 14 10
1165 15 10
1166 14 10
1167 34 16
1168 14 11
1169 3 21
1170 14 10
1171 34 15
1172 14 11
1173 34 16
1174 34 15
1175 33 18
1176 33 17
1177 3 22
1178 14 10
1179 3 21
1180 3 22
1181 15 10
1182 33 18
1183 33 17
1184 3 21
1185 3 22
1186 14 10
1187 3 21
1188 15 11
1189 15 10
1190 15 9
1191 3 22
1192 34 16
1193 15 10
1194 14 10
1195 15 10
1196 33 18
1197 14 11
1198 34 15
1199 34 16
1200 3 21
1201 3 22
1202 3 21
1203 34 15
1204 33 17
1205 3 22
1206 3 21
1207 14 10
1208 34 16
1209 34 15
1210 15 10
1211 14 10
1212 3 22
1213 33 18
1214 3 21
1215 3 22
1216 34 16
1217 34 15
1218 3 21
1219 3 22
1220 3 21
1221 34 16
1222 34 15
1223 14 11
1224 3 22
1225 3 21
1226 3 22
1227 14 10
1228 15 10
1229 34 16
1230 14 10
1231 15 10
1232 14 10
1233 34 15
1234 3 21
1235 15 11
1236 15 10
1237 15 9
1238 33 17
1239 15 10
1240 34 16
1241 33 18
1242 34 15
1243 14 10
1244 15 10
1245 15 9
1246 3 22
1247 15 10
1248 3 21
1249 14 11
1250 14 10
1251 15 11
1252 3 22
1253 34 16
1254 3 21
1255 34 15
1256 3 22
1257 33 17
1258 15 10
1259 14 10
1260 3 21
1261 15 10
1262 34 16
1263 14 11
1264 14 10
1265 14 11
1266 33 18
1267 14 10
1268 15 11
1269 15 10
1270 14 11
1271 14 10
1272 33 17
1273 15 9
1274 15 10
1275 14 11
1276 33 18
1277 14 10
1278 3 22
1279 15 10
1280 14 10
1281 34 15
1282 3 21
1283 33 17
1284 3 22
1285 15 10
1286 33 18
1287 33 17
1288 14 10
1289 33 18
1290 33 17
1291 34 16
1292 3 21
1293 3 22
1294 15 9
1295 34 15
1296 3 21
1297 3 22
1298 15 10
1299 16 9
1300 15 9
1301 16 9
1302 15 9
1303 3 21
1304 14 10
1305 33 18
1306 15 10
1307 33 17
1308 34 16
1309 16 9
1310 34 15
1311 34 16
1312 14 10
1313 15 9
1314 34 15
1315 34 16
1316 15 10
1317 3 22
1318 33 18
1319 15 9
1320 34 15
1321 3 21
1322 3 22
1323 15 10
1324 33 17
1325 14 10
1326 33 18
1327 15 10
1328 14 10
1329 3 21
1330 15 10
1331 3 22
1332 3 21
1333 33 17
1334 14 10
1335 33 18
1336 34 16
1337 15 10
1338 14 11
1339 33 17
1340 3 22
1341 33 18
1342 3 21
1343 14 10
1344 14 11
1345 3 22
1346 14 10
1347 34 15
1348 3 21
1349 34 16
1350 3 22
1351 14 11
1352 34 15
1353 14 10
1354 3 21
1355 15 11
1356 34 16
1357 3 22
1358 15 10
1359 3 21
1360 34 15
1361 33 17
1362 3 22
1363 34 16
1364 34 15
1365 34 16
1366 33 18
1367 14 11
1368 33 17
1369 3 21
1370 14 10
1371 15 11
1372 15 10
1373 34 15
1374 3 22
1375 33 18
1376 14 10
1377 15 10
1378 33 17
1379 34 16
1380 33 18
1381 14 10
1382 15 10
1383 16 11
1384 33 17
1385 33 18
1386 14 10
1387 34 15
1388 15 11
1389 15 10
1390 15 9
1391 15 10
1392 14 10
1393 34 16
1394 34 15
1395 33 17
1396 33 18
1397 3 21
1398 3 22
1399 3 21
1400 15 10
1401 33 17
1402 3 22
1403 34 16
1404 15 9
1405 15 10
1406 33 18
1407 33 17
1408 34 15
1409 15 9
1410 15 10
1411 3 21
1412 3 22
1413 3 21
1414 34 16
1415 15 9
1416 3 22
1417 3 21
1418 15 10
1419 16 9
1420 3 22
1421 34 15
1422 15 9
1423 34 16
1424 16 9
1425 3 21
1426 15 9
1427 34 15
1428 3 22
1429 3 21
1430 3 22
1431 3 21
1432 33 18
1433 3 22
1434 33 17
1435 14 10
1436 3 21
1437 34 16
1438 33 18
1439 15 10
1440 14 11
1441 33 17
1442 33 18
1443 3 22
1444 33 17
1445 14 10
1446 3 21
1447 33 18
1448 15 11
1449 15 10
1450 3 22
1451 15 9
1452 3 21
1453 3 22
1454 15 10
1455 3 21
1456 34 15
1457 34 16
1458 33 17
1459 33 18
1460 34 15
1461 33 17
1462 3 22
1463 34 16
1464 34 15
1465 14 10
1466 15 10
1467 14 11
1468 34 16
1469 14 10
1470 34 15
1471 3 21
1472 15 11
1473 15 10
1474 33 18
1475 3 22
1476 15 9
1477 15 10
1478 34 16
1479 16 9
1480 33 17
1481 15 9
1482 33 18
1483 16 9
1484 14 10
1485 34 15
1486 33 17
1487 15 9
1488 15 10
1489 14 10
1490 33 18
1491 3 21
1492 15 10
1493 16 9
1494 15 9
1495 16 9
1496 14 10
1497 34 16
1498 34 15
1499 34 16
1500 33 17
1501 3 22
1502 15 9
1503 34 15
1504 34 16
1505 15 10
1506 15 9
1507 15 10
1508 14 11
1509 3 21
1510 14 10
1511 3 22
1512 14 11
1513 14 10
1514 33 18
1515 15 10
1516 14 10
1517 14 11
1518 34 15
1519 3 21
1520 14 10
1521 34 16
1522 14 11
1523 3 22
1524 14 10
1525 3 21
1526 33 17
1527 3 22
1528 15 9
1529 15 10
1530 14 10
1531 34 15
1532 15 10
1533 3 21
1534 3 22
1535 14 11
1536 33 18
1537 14 10
1538 14 11
1539 14 10
1540 14 11
1541 14 10
1542 34 16
1543 34 15
1544 33 17
1545 15 10
1546 14 10
1547 15 9
1548 33 18
1549 3 21
1550 33 17
1551 34 16
1552 15 10
1553 33 18
1554 3 22
1555 15 9
1556 33 17
1557 15 10
1558 15 9
1559 15 10
1560 3 21
1561 34 15
1562 14 10
1563 3 22
1564 3 21
1565 3 22
1566 3 21
1567 15 10
1568 33 18
1569 3 22
1570 33 17
1571 33 18
1572 3 21
1573 14 11
1574 34 16
1575 34 15
1576 14 10
1577 15 9
1578 3 22
1579 3 21
1580 3 22
1581 33 17
1582 34 16
1583 34 15
1584 33 18
1585 34 16
1586 15 10
1587 34 15
1588 15 9
1589 34 16
1590 3 21
1591 33 17
1592 15 10
1593 33 18
1594 33 17
1595 33 18
1596 34 15
1597 14 10
1598 15 10
1599 33 17
1600 34 16
1601 16 9
1602 33 18
1603 3 22
1604 15 9
1605 16 9
1606 15 9
1607 3 21
1608 16 9
1609 33 17
1610 14 10
1611 15 9
1612 3 22
1613 34 15
1614 3 21
1615 33 18
1616 3 22
1617 15 10
1618 34 16
1619 34 15
1620 33 17
1621 3 21
1622 3 22
1623 14 10
1624 15 10
1625 14 10
1626 34 16
1627 3 21
1628 34 15
1629 3 22
1630 3 21
1631 15 10
1632 14 11
1633 14 10
1634 34 16
1635 33 18
1636 3 22
1637 34 15
1638 3 21
1639 15 9
1640 33 17
1641 15 10
1642 3 22
1643 15 9
1644 33 18
1645 15 10
1646 33 17
1647 34 16
1648 14 10
1649 15 10
1650 14 11
1651 33 18
1652 34 15
1653 3 21
1654 33 17
1655 3 22
1656 34 16
1657 3 21
1658 14 10
1659 15 9
1660 33 18
1661 34 15
1662 33 17
1663 15 10
1664 16 9
1665 14 10
1666 3 22
1667 34 16
1668 15 9
1669 34 15
1670 15 10
1671 3 21
1672 34 16
1673 14 11
1674 33 18
1675 14 10
1676 15 10
1677 3 22
1678 14 10
1679 3 21
1680 3 22
1681 33 17
1682 15 9
1683 3 21
1684 33 18
1685 33 17
1686 15 10
1687 15 9
1688 3 22
1689 15 10
1690 34 15
1691 3 21
1692 3 22
1693 16 9
1694 34 16
1695 14 10
1696 3 21
1697 34 15
1698 33 18
1699 34 16
1700 15 10
1701 3 22
1702 14 10
1703 33 17
1704 3 21
1705 15 10
1706 33 18
1707 14 10
1708 34 15
1709 3 22
1710 15 9
1711 15 10
1712 16 9
1713 34 16
1714 33 17
1715 14 10
1716 15 9
1717 15 10
1718 3 21
1719 15 9
1720 33 18
1721 34 15
1722 3 22
1723 34 16
1724 34 15
1725 34 16
1726 34 15
1727 33 17
1728 3 21
1729 3 22
1730 15 10
1731 15 9
1732 33 18
1733 33 17
1734 33 18
1735 3 21
1736 34 16
1737 33 17
1738 15 10
1739 16 9
1740 14 10
1741 15 9
1742 15 10
1743 14 10
1744 34 15
1745 33 18
1746 33 17
1747 33 18
1748 33 17
1749 33 18
1750 15 10
1751 14 10
1752 3 22
1753 33 17
1754 34 16
1755 15 10
1756 33 18
1757 3 21
1758 3 22
1759 34 15
1760 34 16
1761 16 9
1762 14 10
1763 15 10
1764 14 10
1765 15 9
1766 34 15
1767 3 21
1768 3 22
1769 33 17
1770 33 18
1771 34 16
1772 34 15
1773 15 10
1774 15 9
1775 34 16
1776 33 17
1777 15 10
1778 3 21
1779 33 18
1780 34 15
1781 16 9
1782 3 22
1783 15 9
1784 3 21
1785 16 9
1786 15 9
1787 34 16
1788 34 15
1789 14 10
1790 33 17
1791 34 16
1792 15 10
1793 33 18
1794 33 17
1795 16 9
1796 15 9
1797 3 22
1798 34 15
1799 33 18
1800 3 21
1801 14 10
1802 3 22
1803 15 10
1804 3 21
1805 34 16
1806 3 22
1807 14 10
1808 34 15
1809 33 17
1810 15 10
1811 33 18
1812 14 10
1813 15 10
1814 34 16
1815 3 21
1816 33 17
1817 16 9
1818 3 22
1819 3 21
1820 3 22
1821 3 21
1822 34 15
1823 33 18
1824 34 16
1825 34 15
1826 34 16
1827 15 9
1828 34 15
1829 34 16
1830 34 15
1831 34 16
1832 14 10
1833 3 22
1834 34 15
1835 34 16
1836 34 15
1837 34 16
1838 3 21
1839 15 10
1840 33 17
1841 14 11
1842 34 15
1843 14 10
1844 33 18
1845 33 17
1846 15 9
1847 34 16
1848 15 10
1849 14 10
1850 15 10
1851 33 18
1852 34 15
1853 3 22
1854 15 9
1855 15 10
1856 3 21
1857 16 9
1858 33 17
1859 3 22
1860 33 18
1861 34 16
1862 33 17
1863 34 15
1864 14 10
1865 15 10
1866 14 10
1867 33 18
1868 3 21
1869 15 9
1870 3 22
1871 3 21
1872 15 10
1873 33 17
1874 33 18
1875 33 17
1876 14 11
1877 3 22
1878 34 16
1879 34 15
1880 3 21
1881 34 16
1882 14 10
1883 33 18
1884 15 11
1885 15 10
1886 34 15
1887 3 22
1888 33 17
1889 14 11
1890 33 18
1891 14 10
1892 15 10
1893 14 10
1894 33 17
1895 15 9
1896 15 10
1897 33 18
1898 3 21
1899 14 11
1900 33 17
1901 14 10
1902 34 16
1903 15 11
1904 15 10
1905 3 22
1906 34 15
1907 16 11
1908 34 16
1909 14 10
1910 15 11
1911 33 18
1912 15 10
1913 15 9
1914 15 10
1915 33 17
1916 3 21
1917 34 15
1918 34 16
1919 33 18
1920 15 9
1921 3 22
1922 34 15
1923 34 16
1924 34 15
1925 34 16
1926 15 10
1927 14 10
1928 15 10
1929 33 17
1930 34 15
1931 3 21
1932 3 22
1933 33 18
1934 34 16
1935 14 11
1936 3 21
1937 3 22
1938 14 10
1939 15 9
1940 3 21
1941 33 17
1942 15 10
1943 34 15
1944 3 22
1945 3 21
1946 3 22
1947 33 18
1948 3 21
1949 15 9
1950 15 10
1951 34 16
1952 14 11
1953 14 10
1954 3 22
1955 33 17
1956 15 10
1957 14 10
1958 34 15
1959 33 18
1960 34 16
1961 15 10
1962 34 15
1963 14 10
1964 15 10
1965 34 16
1966 33 17
1967 14 10
1968 15 10
1969 14 10
1970 15 9
1971 3 21
1972 15 10
1973 15 9
1974 15 10
1975 14 11
1976 33 18
1977 33 17
1978 14 10
1979 15 9
1980 3 22
1981 15 10
1982 16 9
1983 14 10
1984 3 21
1985 34 15
1986 3 22
1987 3 21
1988 15 10
1989 33 18
1990 34 16
1991 15 9
1992 14 10
1993 34 15
1994 3 22
1995 15 10
1996 14 10
1997 15 10
1998 16 9
1999 34 16
2000 33 17
2001 3 21
2002 15 9
2003 3 22
2004 3 21
2005 33 18
2006 34 15
2007 3 22
2008 3 21
2009 3 22
2010 33 17
2011 14 10
2012 3 21
2013 33 18
2014 3 22
2015 34 16
2016 3 21
2017 15 10
2018 3 22
2019 14 10
2020 15 10
2021 16 9
2022 33 17
2023 3 21
2024 3 22
2025 15 9
2026 14 10
2027 33 18
2028 33 17
2029 3 21
2030 34 15
2031 33 18
2032 3 22
2033 3 21
2034 15 10
2035 15 9
2036 34 16
2037 3 22
2038 15 10
2039 34 15
2040 14 11
2041 33 17
2042 33 18
2043 14 10
2044 15 11
2045 3 21
2046 15 10
2047 14 11
2048 34 16
2049 14 10
2050 3 22
2051 3 21
2052 33 17
2053 14 11
2054 34 15
2055 33 18
2056 3 22
2057 14 10
2058 14 11
2059 34 16
2060 33 17
2061 33 18
2062 14 10
2063 34 15
2064 34 16
2065 34 15
2066 15 11
2067 15 10
2068 34 16
2069 3 21
2070 3 22
2071 34 15
2072 15 9
2073 15 10
2074 14 10
2075 33 17
2076 15 10
2077 15 9
2078 33 18
2079 15 10
2080 16 9
2081 3 21
2082 14 10
2083 15 9
2084 15 10
2085 15 9
2086 15 10
2087 34 16
2088 33 17
2089 33 18
2090 3 22
2091 3 21
2092 16 9
2093 3 22
2094 3 21
2095 34 15
2096 15 9
2097 33 17
2098 16 9
2099 3 22
2100 33 18
2101 14 10
2102 33 17
2103 15 9
2104 15 10
2105 16 9
2106 15 9
2107 16 9
2108 34 16
2109 33 18
2110 14 10
2111 15 9
2112 15 10
2113 3 21
2114 3 22
2115 16 9
2116 14 10
2117 34 15
2118 3 21
2119 3 22
2120 15 9
2121 33 17
2122 34 16
2123 34 15
2124 3 21
2125 15 10
2126 16 9
2127 34 16
2128 3 22
2129 33 18
2130 34 15
2131 15 9
2132 3 21
2133 16 9
2134 14 10
2135 15 9
2136 33 17
2137 34 16
2138 15 10
2139 3 22
2140 3 21
2141 33 18
2142 3 22
2143 14 11
2144 3 21
2145 14 10
2146 15 9
2147 15 10
2148 3 22
2149 14 11
2150 14 10
2151 15 9
2152 15 10
2153 33 17
2154 15 9
2155 15 10
2156 3 21
2157 3 22
2158 16 9
2159 15 9
2160 14 10
2161 15 10
2162 33 18
2163 15 9
2164 34 15
2165 34 16
2166 15 10
2167 34 15
2168 34 16
2169 14 11
2170 3 21
2171 34 15
2172 34 16
2173 34 15
2174 3 22
2175 33 17
2176 33 18
2177 33 17
2178 33 18
2179 14 10
2180 33 17
2181 34 16
2182 34 15
2183 3 21
2184 15 11
2185 15 10
2186 3 22
2187 33 18
2188 34 16
2189 14 10
2190 3 21
2191 15 10
2192 3 22
2193 14 11
2194 3 21
2195 34 15
2196 3 22
2197 34 16
2198 14 10
2199 15 11
2200 3 21
2201 3 22
2202 15 10
2203 3 21
2204 14 11
2205 33 17
2206 14 10
2207 15 11
2208 15 10
2209 3 22
2210 34 15
2211 14 11
2212 3 21
2213 14 10
2214 3 22
2215 15 11
2216 15 10
2217 14 11
2218 34 16
2219 34 15
2220 3 21
2221 33 18
2222 3 22
2223 14 10
2224 14 11
2225 14 10
2226 15 10
2227 14 10
2228 33 17
2229 3 21
2230 15 10
2231 33 18
2232 3 22
2233 14 10
2234 15 11
2235 34 16
2236 34 15
2237 33 17
2238 34 16
2239 3 21
2240 33 18
2241 33 17
2242 15 10
2243 3 22
2244 33 18
2245 34 15
2246 33 17
2247 3 21
2248 34 16
2249 15 9
2250 34 15
2251 15 10
2252 16 9
2253 15 9
2254 33 18
2255 14 10
2256 34 16
2257 3 22
2258 34 15
2259 34 16
2260 15 10
2261 3 21
2262 3 22
2263 15 9
2264 3 21
2265 33 17
2266 3 22
2267 3 21
2268 34 15
2269 3 22
2270 15 10
2271 14 11
2272 14 10
2273 3 21
2274 3 22
2275 33 18
2276 3 21
2277 15 9
2278 33 17
2279 3 22
2280 34 16
2281 33 18
2282 34 15
2283 15 10
2284 33 17
2285 15 9
2286 15 10
2287 34 16
2288 14 10
2289 15 10
2290 3 21
2291 15 9
2292 3 22
2293 15 10
2294 3 21
2295 14 11
2296 14 10
2297 14 11
2298 14 10
2299 14 11
2300 14 10
2301 3 22
2302 15 9
2303 3 21
2304 15 10
2305 3 22
2306 34 15
2307 14 11
2308 3 21
2309 34 16
2310 3 22
2311 14 10
2312 3 21
2313 34 15
2314 14 11
2315 14 10
2316 34 16
2317 15 10
2318 14 10
2319 33 18
2320 33 17
2321 33 18
2322 15 11
2323 34 15
2324 15 10
2325 34 16
2326 34 15
2327 15 9
2328 33 17
2329 33 18
2330 3 22
2331 15 10
2332 33 17
2333 16 9
2334 14 10
2335 15 9
2336 15 10
2337 14 11
2338 34 16
2339 34 15
2340 3 21
2341 33 18
2342 14 10
2343 15 11
2344 33 17
2345 34 16
2346 15 10
2347 16 11
2348 3 22
2349 33 18
2350 34 15
2351 14 10
2352 15 10
2353 15 11
2354 33 17
2355 14 10
2356 15 10
2357 33 18
2358 34 16
2359 3 21
2360 16 11
2361 34 15
2362 34 16
2363 33 17
2364 15 11
2365 14 10
2366 3 22
2367 33 18
2368 3 21
2369 34 15
2370 3 22
2371 15 10
2372 3 21
2373 14 10
2374 15 10
2375 14 11
2376 14 10
2377 3 22
2378 33 17
2379 33 18
2380 33 17
2381 14 11
2382 34 16
2383 3 21
2384 3 22
2385 34 15
2386 14 10
2387 14 11
2388 33 18
2389 14 10
2390 33 17
2391 14 11
2392 3 21
2393 34 16
2394 34 15
2395 33 18
2396 14 10
2397 34 16
2398 33 17
2399 34 15
2400 15 10
2401 3 22
2402 33 18
2403 14 10
2404 33 17
2405 15 11
2406 15 10
2407 15 9
2408 3 21
2409 33 18
2410 15 10
2411 14 10
2412 34 16
2413 34 15
2414 33 17
2415 3 22
2416 34 16
2417 15 10
2418 34 15
2419 3 21
2420 3 22
2421 14 10
2422 15 10
2423 16 9
2424 33 18
2425 34 16
2426 34 15
2427 33 17
2428 3 21
2429 14 10
2430 15 10
2431 33 18
2432 15 9
2433 14 10
2434 3 22
2435 33 17
2436 34 16
2437 15 10
2438 3 21
2439 3 22
2440 3 21
2441 33 18
2442 33 17
2443 3 22
2444 33 18
2445 3 21
2446 33 17
2447 14 11
2448 34 15
2449 34 16
2450 33 18
2451 14 10
2452 15 9
2453 33 17
2454 34 15
2455 15 10
2456 33 18
2457 3 22
2458 33 17
2459 34 16
2460 3 21
2461 14 10
2462 34 15
2463 15 10
2464 14 10
2465 33 18
2466 15 10
2467 3 22
2468 15 9
2469 15 10
2470 33 17
2471 34 16
2472 34 15
2473 34 16
2474 3 21
2475 3 22
2476 34 15
2477 14 11
2478 14 10
2479 3 21
2480 34 16
2481 15 11
2482 15 10
2483 34 15
2484 3 22
2485 3 21
2486 3 22
2487 3 21
2488 14 11
2489 33 18
2490 14 10
2491 15 11
2492 3 22
2493 34 16
2494 15 10
2495 3 21
2496 33 17
2497 3 22
2498 3 21
2499 3 22
2500 3 21
2501 16 11
2502 15 11
2503 3 22
2504 33 18
2505 16 11
2506 14 10
2507 15 10
2508 3 21
2509 33 17
2510 3 22
2511 34 15
2512 34 16
2513 3 21
2514 15 11
2515 14 10
2516 3 22
2517 15 10
2518 3 21
2519 3 22
2520 34 15
2521 34 16
2522 34 15
2523 14 11
2524 14 10
2525 33 18
2526 34 16
2527 3 21
2528 34 15
2529 34 16
2530 15 9
2531 33 17
2532 3 22
2533 34 15
2534 3 21
2535 15 10
2536 15 9
2537 3 22
2538 34 16
2539 15 10
2540 14 11
2541 14 10
2542 34 15
2543 3 21
2544 34 16
2545 3 22
2546 15 9
2547 33 18
2548 33 17
2549 15 10
2550 34 15
2551 16 9
2552 34 16
2553 3 21
2554 34 15
2555 14 10
2556 3 22
2557 15 10
2558 14 10
2559 3 21
2560 15 9
2561 33 18
2562 15 10
2563 16 9
2564 14 10
2565 33 17
2566 34 16
2567 15 10
2568 34 15
2569 3 22
2570 3 21
2571 34 16
2572 3 22
2573 14 10
2574 15 10
2575 3 21
2576 3 22
2577 34 15
2578 15 9
2579 33 18
2580 16 9
2581 33 17
2582 34 16
2583 15 9
2584 3 21
2585 3 22
2586 14 10
2587 33 18
2588 33 17
2589 15 10
2590 14 11
2591 3 21
2592 14 10
2593 15 11
2594 15 10
2595 15 9
2596 15 10
2597 14 10
2598 15 10
2599 16 9
2600 34 15
2601 3 22
2602 33 18
2603 14 10
2604 34 16
2605 15 9
2606 33 17
2607 15 10
2608 34 15
2609 16 9
2610 15 9
2611 34 16
2612 33 18
2613 34 15
2614 3 21
2615 3 22
2616 3 21
2617 3 22
2618 33 17
2619 3 21
2620 14 10
2621 33 18
2622 33 17
2623 3 22
2624 15 10
2625 3 21
2626 14 10
2627 3 22
2628 15 10
2629 33 18
2630 3 21
2631 16 9
2632 15 9
2633 14 10
2634 34 16
2635 15 10
2636 14 10
2637 34 15
2638 34 16
2639 3 22
2640 15 10
2641 3 21
2642 34 15
2643 14 10
2644 15 10
2645 3 22
2646 34 16
2647 14 11
2648 34 15
2649 33 17
2650 14 10
2651 14 11
2652 33 18
2653 3 21
2654 14 10
2655 33 17
2656 15 9
2657 15 10
2658 33 18
2659 14 10
2660 3 22
2661 33 17
2662 15 10
2663 34 16
2664 15 9
2665 15 10
2666 33 18
2667 33 17
2668 3 21
2669 15 9
2670 33 18
2671 15 10
2672 3 22
2673 33 17
2674 33 18
2675 16 9
2676 33 17
2677 14 10
2678 33 18
2679 34 15
2680 33 17
2681 3 21
2682 34 16
2683 15 10
2684 34 15
2685 34 16
2686 34 15
2687 3 22
2688 3 21
2689 15 9
2690 14 10
2691 33 18
2692 33 17
2693 15 10
2694 33 18
2695 15 9
2696 15 10
2697 34 16
2698 33 17
2699 3 22
2700 3 21
2701 14 10
2702 3 22
2703 3 21
2704 15 10
2705 34 15
2706 15 9
2707 15 10
2708 3 22
2709 33 18
2710 3 21
2711 3 22
2712 15 9
2713 15 10
2714 34 16
2715 16 9
2716 3 21
2717 34 15
2718 14 10
2719 34 16
2720 34 15
2721 33 17
2722 15 10
2723 3 22
2724 14 10
2725 34 16
2726 34 15
2727 34 16
2728 34 15
2729 15 10
2730 3 21
2731 3 22
2732 15 9
2733 33 18
2734 33 17
2735 14 10
2736 34 16
2737 3 21
2738 33 18
2739 15 10
2740 3 22
2741 3 21
2742 34 15
2743 33 17
2744 16 9
2745 33 18
2746 15 9
2747 14 10
2748 15 10
2749 33 17
2750 33 18
2751 3 22
2752 3 21
2753 15 9
2754 15 10
2755 3 22
2756 34 16
2757 14 10
2758 15 10
2759 3 21
2760 14 10
2761 15 10
2762 15 9
2763 15 10
2764 14 10
2765 33 17
2766 34 15
2767 34 16
2768 3 22
2769 34 15
2770 33 18
2771 3 21
2772 34 16
2773 33 17
2774 15 10
2775 3 22
2776 33 18
2777 3 21
2778 34 15
2779 15 9
2780 3 22
2781 34 16
2782 34 15
2783 15 10
2784 14 11
2785 33 17
2786 34 16
2787 14 10
2788 3 21
2789 34 15
2790 14 11
2791 14 10
2792 34 16
2793 15 10
2794 34 15
2795 34 16
2796 33 18
2797 33 17
2798 34 15
2799 14 10
2800 15 9
2801 15 10
2802 33 18
2803 3 22
2804 34 16
2805 16 9
2806 33 17
2807 14 10
2808 3 21
2809 15 9
2810 15 10
2811 33 18
2812 33 17
2813 14 11
2814 33 18
2815 33 17
2816 14 10
2817 3 22
2818 33 18
2819 3 21
2820 3 22
2821 3 21
2822 33 17
2823 15 9
2824 15 10
2825 15 9
2826 15 10
2827 33 18
2828 15 9
2829 15 10
2830 3 22
2831 14 10
2832 3 21
2833 33 17
2834 34 15
2835 15 10
2836 3 22
2837 3 21
2838 33 18
2839 34 16
2840 16 9
2841 33 17
2842 33 18
2843 14 10
2844 3 22
2845 3 21
2846 34 15
2847 33 17
2848 3 22
2849 15 9
2850 15 10
2851 33 18
2852 34 16
2853 33 17
2854 16 9
2855 14 10
2856 34 15
2857 3 21
2858 15 9
2859 15 10
2860 3 22
2861 33 18
2862 15 9
2863 15 10
2864 3 21
2865 33 17
2866 33 18
2867 34 16
2868 14 10
2869 15 10
2870 33 17
2871 14 10
2872 34 15
2873 15 10
2874 34 16
2875 34 15
2876 33 18
2877 14 11
2878 3 22
2879 14 10
2880 34 16
2881 14 11
2882 14 10
2883 3 21
2884 3 22
2885 33 17
2886 15 9
2887 15 10
2888 33 18
2889 14 10
2890 3 21
2891 15 10
2892 14 10
2893 15 10
2894 33 17
2895 14 10
2896 34 15
2897 3 22
2898 15 10
2899 14 11
2900 34 16
2901 3 21
2902 14 10
2903 3 22
2904 14 11
2905 14 10
2906 34 15
2907 15 11
2908 15 10
2909 3 21
2910 14 10
2911 3 22
2912 15 10
2913 14 10
2914 33 18
2915 33 17
2916 15 10
2917 15 9
2918 15 10
2919 14 10
2920 15 10
2921 34 16
2922 3 21
2923 14 10
2924 34 15
2925 3 22
2926 15 10
2927 33 18
2928 33 17
2929 3 21
2930 3 22
2931 33 18
2932 34 16
2933 3 21
2934 15 9
2935 34 15
2936 15 10
2937 34 16
2938 34 15
2939 3 22
2940 34 16
2941 34 15
2942 3 21
2943 34 16
2944 14 11
2945 33 17
2946 14 10
2947 15 10
2948 3 22
2949 34 15
2950 3 21
2951 14 10
2952 33 18
2953 3 22
2954 3 21
2955 15 11
2956 3 22
2957 33 17
2958 3 21
2959 3 22
2960 15 10
2961 3 21
2962 15 9
2963 15 10
2964 34 16
2965 16 9
2966 14 10
2967 3 22
2968 15 10
2969 34 15
2970 3 21
2971 14 10
2972 3 22
2973 15 9
2974 33 18
2975 15 10
2976 34 16
2977 33 17
2978 33 18
2979 34 15
2980 14 10
2981 15 10
2982 34 16
2983 14 10
2984 3 21
2985 15 10
2986 33 17
2987 15 9
2988 34 15
2989 3 22
2990 3 21
2991 15 10
2992 14 10
2993 34 16
2994 33 18
2995 3 22
2996 34 15
2997 15 10
2998 15 9
2999 15 10
3000 14 11
3001 33 17
3002 34 16
3003 14 10
3004 34 15
3005 33 18
3006 3 21
3007 33 17
3008 3 22
3009 34 16
3010 3 21
3011 15 10
3012 33 18
3013 3 22
3014 34 15
3015 34 16
3016 33 17
3017 34 15
3018 14 10
3019 34 16
3020 14 11
3021 33 18
3022 3 21
3023 3 22
3024 14 10
3025 14 11
3026 14 10
3027 34 15
3028 33 17
3029 14 11
3030 34 16
3031 34 15
3032 33 18
3033 14 10
3034 34 16
3035 15 9
3036 34 15
3037 34 16
3038 34 15
3039 15 10
3040 14 11
3041 34 16
3042 33 17
3043 3 21
3044 34 15
3045 14 10
3046 34 16
3047 34 15
3048 14 11
3049 3 22
3050 14 10
3051 3 21
3052 15 9
3053 15 10
3054 33 18
3055 33 17
3056 14 11
3057 3 22
3058 33 18
3059 14 10
3060 3 21
3061 15 11
3062 33 17
3063 34 16
3064 15 10
3065 34 15
3066 14 10
3067 15 10
3068 14 10
3069 15 10
3070 15 9
3071 34 16
3072 15 10
3073 14 11
3074 34 15
3075 33 18
3076 3 22
3077 14 10
3078 15 11
3079 15 10
3080 33 17
3081 34 16
3082 33 18
3083 15 9
3084 15 10
3085 14 11
3086 14 10
3087 15 11
3088 15 10
3089 15 9
3090 33 17
3091 3 21
3092 3 22
3093 15 10
3094 3 21
3095 15 9
3096 3 22
3097 34 15
3098 15 10
3099 3 21
3100 33 18
3101 3 22
3102 3 21
3103 3 22
3104 33 17
3105 14 10
3106 33 18
3107 15 10
3108 16 9
3109 3 21
3110 34 16
3111 33 17
3112 14 10
3113 15 10
3114 15 9
3115 16 9
3116 3 22
3117 34 15
3118 34 16
3119 34 15
3120 3 21
3121 33 18
3122 33 17
3123 34 16
3124 33 18
3125 15 9
3126 16 9
3127 15 9
3128 3 22
3129 3 21
3130 16 9
3131 14 10
3132 3 22
3133 15 10
3134 33 17
3135 15 9
3136 34 15
3137 16 9
3138 33 18
3139 14 10
3140 3 21
3141 3 22
3142 3 21
3143 15 10
3144 14 10
3145 33 17
3146 15 9
3147 15 10
3148 15 9
3149 3 22
3150 15 10
3151 14 11
3152 3 21
3153 33 18
3154 3 22
3155 33 17
3156 3 21
3157 14 10
3158 15 10
3159 14 10
3160 33 18
3161 33 17
3162 14 11
3163 14 10
3164 33 18
3165 33 17
3166 15 11
3167 15 10
3168 16 11
3169 33 18
3170 33 17
3171 34 16
3172 33 18
3173 15 11
3174 3 22
3175 16 11
3176 34 15
3177 3 21
3178 34 16
3179 14 10
3180 15 11
3181 15 10
3182 14 11
3183 14 10
3184 33 17
3185 15 9
3186 15 10
3187 15 9
3188 15 10
3189 34 15
3190 34 16
3191 16 9
3192 15 9
3193 16 9
3194 15 9
3195 3 22
3196 16 9
3197 15 9
3198 16 9
3199 34 15
3200 33 18
3201 33 17
3202 14 10
3203 15 9
3204 34 16
3205 15 10
3206 3 21
3207 14 11
3208 14 10
3209 3 22
3210 34 15
3211 34 16
3212 34 15
3213 34 16
3214 33 18
3215 15 11
3216 34 15
3217 3 21
3218 15 10
3219 33 17
3220 16 11
3221 14 10
3222 15 10
3223 15 11
3224 33 18
3225 33 17
3226 33 18
3227 14 10
3228 34 16
3229 15 10
3230 14 11
3231 14 10
3232 34 15
3233 34 16
3234 15 10
3235 33 17
3236 33 18
3237 14 10
3238 14 11
3239 14 10
3240 3 22
3241 3 21
3242 15 11
3243 33 17
3244 15 10
3245 15 9
3246 15 10
3247 3 22
3248 33 18
3249 3 21
3250 15 9
3251 34 15
3252 34 16
3253 15 10
3254 14 10
3255 15 10
3256 33 17
3257 34 15
3258 15 9
3259 33 18
3260 3 22
3261 34 16
3262 33 17
3263 15 10
3264 33 18
3265 3 21
3266 14 11
3267 33 17
3268 3 22
3269 3 21
3270 33 18
3271 14 10
3272 33 17
3273 3 22
3274 33 18
3275 15 11
3276 3 21
3277 33 17
3278 33 18
3279 3 22
3280 15 10
3281 15 9
3282 3 21
3283 33 17
3284 33 18
3285 15 10
3286 15 9
3287 33 17
3288 15 10
3289 33 18
3290 34 15
3291 33 17
3292 33 18
3293 14 10
3294 3 22
3295 3 21
3296 3 22
3297 34 16
3298 34 15
3299 34 16
3300 15 10
3301 33 17
3302 33 18
3303 34 15
3304 3 21
3305 33 17
3306 14 11
3307 3 22
3308 14 10
3309 14 11
3310 3 21
3311 3 22
3312 14 10
3313 14 11
3314 34 16
3315 3 21
3316 14 10
3317 3 22
3318 33 18
3319 34 15
3320 34 16
3321 3 21
3322 15 10
3323 14 10
3324 33 17
3325 34 15
3326 15 11
3327 15 10
3328 14 10
3329 33 18
3330 34 16
3331 15 10
3332 34 15
3333 3 22
3334 3 21
3335 14 11
3336 3 22
3337 34 16
3338 34 15
3339 34 16
3340 34 15
3341 3 21
3342 34 16
3343 34 15
3344 33 17
3345 14 10
3346 33 18
3347 15 10
3348 3 22
3349 33 17
3350 14 10
3351 3 21
3352 15 11
3353 33 18
3354 15 10
3355 15 9
3356 15 10
3357 14 10
3358 3 22
3359 34 16
3360 33 17
3361 33 18
3362 15 10
3363 15 9
3364 33 17
3365 15 10
3366 33 18
3367 33 17
3368 16 9
3369 34 15
3370 34 16
3371 14 10
3372 33 18
3373 34 15
3374 3 21
3375 15 9
3376 33 17
3377 34 16
3378 15 10
3379 33 18
3380 14 11
3381 14 10
3382 15 11
3383 15 10
3384 33 17
3385 14 11
3386 33 18
3387 14 10
3388 14 11
3389 14 10
3390 15 11
3391 34 15
3392 15 10
3393 3 22
3394 16 11
3395 34 16
3396 15 11
3397 14 10
3398 33 17
3399 33 18
3400 34 15
3401 15 10
3402 3 21
3403 14 11
3404 14 10
3405 14 11
3406 33 17
3407 3 22
3408 14 10
3409 33 18
3410 3 21
3411 15 11
3412 15 10
3413 33 17
3414 14 10
3415 15 10
3416 33 18
3417 3 22
3418 14 11
3419 34 16
3420 14 10
3421 3 21
3422 15 11
3423 33 17
3424 15 10
3425 3 22
3426 33 18
3427 34 15
3428 16 11
3429 14 10
3430 3 21
3431 15 10
3432 33 17
3433 34 16
3434 15 11
3435 34 15
3436 14 10
3437 33 18
3438 3 22
3439 3 21
3440 3 22
3441 33 17
3442 15 10
3443 14 10
3444 33 18
3445 33 17
3446 3 21
3447 15 10
3448 14 11
3449 14 10
3450 14 11
3451 33 18
3452 14 10
3453 3 22
3454 15 11
3455 33 17
3456 3 21
3457 33 18
3458 34 16
3459 15 10
3460 16 11
3461 14 10
3462 3 22
3463 15 10
3464 15 11
3465 16 11
3466 15 11
3467 33 17
3468 3 21
3469 34 15
3470 16 11
3471 14 10
3472 15 11
3473 15 10
3474 33 18
3475 16 11
3476 14 10
3477 15 11
3478 3 22
3479 3 21
3480 33 17
3481 34 16
3482 34 15
3483 15 10
3484 14 11
3485 14 10
3486 3 22
3487 3 21
3488 15 9
3489 34 16
3490 3 22
3491 34 15
3492 34 16
3493 15 10
3494 15 9
3495 3 21
3496 34 15
3497 15 10
3498 14 11
3499 34 16
3500 3 22
3501 33 18
3502 14 10
3503 33 17
3504 33 18
3505 15 11
3506 15 10
3507 14 11
3508 33 17
3509 3 21
3510 14 10
3511 14 11
3512 33 18
3513 3 22
3514 33 17
3515 14 10
3516 34 15
3517 33 18
3518 34 16
3519 3 21
3520 3 22
3521 15 9
3522 33 17
3523 34 15
3524 15 10
3525 33 18
3526 16 9
3527 15 9
3528 14 10
3529 15 10
3530 14 11
3531 14 10
3532 3 21
3533 14 11
3534 14 10
3535 15 11
3536 33 17
3537 3 22
3538 15 10
3539 3 21
3540 14 10
3541 3 22
3542 33 18
3543 15 10
3544 34 16
3545 3 21
3546 3 22
3547 16 11
3548 14 10
3549 15 11
3550 33 17
3551 3 21
3552 15 10
3553 33 18
3554 3 22
3555 16 11
3556 15 11
3557 14 10
3558 15 10
3559 34 15
3560 33 17
3561 33 18
3562 33 17
3563 3 21
3564 16 11
3565 33 18
3566 34 16
3567 15 11
3568 3 22
3569 34 15
3570 33 17
3571 34 16
3572 33 18
3573 33 17
3574 3 21
3575 33 18
3576 34 15
3577 16 11
3578 15 11
3579 3 22
3580 3 21
3581 3 22
3582 14 10
3583 15 10
3584 14 11
3585 33 17
3586 33 18
3587 3 21
3588 14 10
3589 15 9
3590 15 10
3591 14 10
3592 33 17
3593 15 10
3594 14 10
3595 3 22
3596 34 16
3597 15 10
3598 3 21
3599 33 18
3600 14 11
3601 33 17
3602 14 10
3603 3 22
3604 15 9
3605 15 10
3606 16 9
3607 3 21
3608 34 15
3609 14 10
3610 15 9
3611 33 18
3612 34 16
3613 34 15
3614 33 17
3615 33 18
3616 34 16
3617 33 17
3618 3 22
3619 33 18
3620 15 10
3621 34 15
3622 14 11
3623 3 21
3624 33 17
3625 3 22
3626 3 21
3627 14 10
3628 3 22
3629 15 11
3630 15 10
3631 14 10
3632 3 21
3633 15 10
3634 33 18
3635 3 22
3636 34 16
3637 34 15
3638 34 16
3639 33 17
3640 3 21
3641 34 15
3642 33 18
3643 34 16
3644 15 9
3645 15 10
3646 14 10
3647 33 17
3648 15 10
3649 16 9
3650 15 9
3651 16 9
3652 33 18
3653 34 15
3654 33 17
3655 14 10
3656 33 18
3657 33 17
3658 15 9
3659 33 18
3660 15 10
3661 34 16
3662 34 15
3663 14 10
3664 34 16
3665 15 10
3666 16 9
3667 33 17
3668 15 9
3669 34 15
3670 14 10
3671 15 10
3672 33 18
3673 33 17
3674 3 22
3675 14 10
3676 15 10
3677 34 16
3678 34 15
3679 14 10
3680 34 16
3681 15 10
3682 33 18
3683 15 9
3684 3 21
3685 34 15
3686 15 10
3687 34 16
3688 3 22
3689 3 21
3690 3 22
3691 14 10
3692 34 15
3693 15 10
3694 33 17
3695 34 16
3696 34 15
3697 15 9
3698 33 18
3699 3 21
3700 15 10
3701 34 16
3702 33 17
3703 16 9
3704 3 22
3705 33 18
3706 33 17
3707 33 18
3708 33 17
3709 15 9
3710 16 9
3711 14 10
3712 15 9
3713 15 10
3714 33 18
3715 33 17
3716 3 21
3717 33 18
3718 15 9
3719 34 15
3720 33 17
3721 33 18
3722 15 10
3723 14 11
3724 14 10
3725 15 9
3726 15 10
3727 3 22
3728 34 16
3729 14 10
3730 34 15
3731 15 10
3732 34 16
3733 34 15
3734 14 11
3735 34 16
3736 14 10
3737 15 11
3738 15 10
3739 15 9
3740 33 17
3741 15 10
3742 34 15
3743 34 16
3744 3 21
3745 3 22
3746 3 21
3747 33 18
3748 14 11
3749 14 10
3750 15 9
3751 15 10
3752 14 11
3753 3 22
3754 33 17
3755 14 10
3756 15 10
3757 33 18
3758 34 15
3759 34 16
3760 3 21
3761 14 10
3762 3 22
3763 33 17
3764 14 11
3765 14 10
3766 15 9
3767 33 18
3768 3 21
3769 33 17
3770 34 15
3771 15 10
3772 33 18
3773 14 10
3774 15 10
3775 14 10
3776 3 22
3777 34 16
3778 15 10
3779 33 17
3780 34 15
3781 33 18
3782 3 21
3783 16 9
3784 14 10
3785 34 16
3786 33 17
3787 15 10
3788 34 15
3789 15 9
3790 3 22
3791 16 9
3792 14 10
3793 33 18
3794 34 16
3795 33 17
3796 33 18
3797 15 9
3798 3 21
3799 15 10
3800 34 15
3801 3 22
3802 14 11
3803 14 10
3804 15 10
3805 14 10
3806 34 16
3807 15 9
3808 3 21
3809 3 22
3810 3 21
3811 34 15
3812 34 16
3813 15 10
3814 34 15
3815 33 17
3816 34 16
3817 14 10
3818 33 18
3819 33 17
3820 15 10
3821 14 10
3822 33 18
3823 15 10
3824 15 9
3825 34 15
3826 15 10
3827 16 9
3828 14 10
3829 15 9
3830 33 17
3831 34 16
3832 34 15
3833 15 10
3834 33 18
3835 33 17
3836 33 18
3837 3 22
3838 3 21
3839 16 9
3840 14 10
3841 3 22
3842 33 17
3843 3 21
3844 15 10
3845 14 10
3846 15 10
3847 14 10
3848 3 22
3849 3 21
3850 34 16
3851 15 10
3852 34 15
3853 34 16
3854 34 15
3855 14 10
3856 33 18
3857 3 22
3858 15 10
3859 15 9
3860 3 21
3861 34 16
3862 3 22
3863 3 21
3864 33 17
3865 33 18
3866 3 22
3867 34 15
3868 16 9
3869 33 17
3870 14 10
3871 33 18
3872 3 21
3873 15 9
3874 33 17
3875 33 18
3876 15 10
3877 33 17
3878 16 9
3879 14 10
3880 33 18
3881 33 17
3882 15 9
3883 15 10
3884 33 18
3885 34 16
3886 14 11
3887 14 10
3888 14 11
3889 34 15
3890 33 17
3891 14 10
3892 3 22
3893 34 16
3894 14 11
3895 14 10
3896 3 21
3897 34 15
3898 15 10
3899 33 18
3900 33 17
3901 33 18
3902 14 10
3903 3 22
3904 15 10
3905 34 16
3906 14 10
3907 15 10
3908 14 10
3909 34 15
3910 15 9
3911 15 10
3912 33 17
3913 33 18
3914 34 16
3915 3 21
3916 34 15
3917 14 11
3918 14 10
3919 15 10
3920 14 10
3921 34 16
3922 34 15
3923 14 11
3924 33 17
3925 3 22
3926 3 21
3927 34 16
3928 34 15
3929 33 18
3930 14 10
3931 3 22
3932 33 17
3933 34 16
3934 34 15
3935 33 18
3936 15 11
3937 15 10
3938 34 16
3939 15 9
3940 33 17
3941 34 15
3942 15 10
3943 34 16
3944 33 18
3945 33 17
3946 34 15
3947 34 16
3948 16 9
3949 3 21
3950 15 9
3951 16 9
3952 15 9
3953 14 10
3954 15 10
3955 14 11
3956 14 10
3957 15 10
3958 33 18
3959 14 10
3960 3 22
3961 34 15
3962 15 10
3963 14 10
3964 15 11
3965 15 10
3966 34 16
3967 34 15
3968 16 11
3969 14 10
3970 33 17
3971 3 21
3972 33 18
3973 33 17
3974 33 18
3975 34 16
3976 3 22
3977 33 17
3978 34 15
3979 15 11
3980 15 10
3981 34 16
3982 14 10
3983 15 10
3984 34 15
3985 15 9
3986 3 21
3987 15 10
3988 33 18
3989 3 22
3990 15 9
3991 34 16
3992 15 10
3993 33 17
3994 34 15
3995 33 18
3996 33 17
3997 3 21
3998 16 9
3999 34 16
4000 34 15
4001 3 22
4002 33 18
4003 33 17
4004 15 9
4005 33 18
4006 33 17
4007 16 9
4008 33 18
4009 33 17
4010 14 10
4011 3 21
4012 34 16
4013 15 10
4014 14 10
4015 15 9
4016 15 10
4017 16 9
4018 33 18
4019 3 22
4020 33 17
4021 15 9
4022 14 10
4023 3 21
4024 15 10
4025 33 18
4026 3 22
4027 14 10
4028 3 21
4029 15 10
4030 34 15
4031 34 16
4032 14 10
4033 15 10
4034 14 11
4035 33 17
4036 33 18
4037 34 15
4038 34 16
4039 14 10
4040 33 17
4041 33 18
4042 15 9
4043 33 17
4044 15 10
4045 33 18
4046 15 9
4047 3 22
4048 34 15
4049 3 21
4050 3 22
4051 33 17
4052 34 16
4053 33 18
4054 3 21
4055 33 17
4056 3 22
4057 15 10
4058 33 18
4059 15 9
4060 3 21
4061 15 10
4062 34 15
4063 33 17
4064 16 9
4065 3 22
4066 3 21
4067 3 22
4068 15 9
4069 16 9
4070 14 10
4071 15 9
4072 34 16
4073 3 21
4074 34 15
4075 33 18
4076 15 10
4077 33 17
4078 33 18
4079 33 17
4080 3 22
4081 3 21
4082 34 16
4083 34 15
4084 14 11
4085 14 10
4086 15 10
4087 33 18
4088 34 16
4089 14 10
4090 14 11
4091 14 10
4092 15 10
4093 14 10
4094 15 11
4095 3 22
4096 15 10
4097 33 17
4098 33 18
4099 16 11
4100 34 15
4101 14 10
4102 3 21
4103 34 16
4104 15 11
4105 34 15
4106 15 10
4107 14 10
4108 3 22
4109 15 10
4110 14 11
4111 3 21
4112 3 22
4113 33 17
4114 33 18
4115 14 10
4116 14 11
4117 3 21
4118 3 22
4119 34 16
4120 3 21
4121 33 17
4122 34 15
4123 3 22
4124 14 10
4125 15 10
4126 34 16
4127 33 18
4128 34 15
4129 14 10
4130 34 16
4131 33 17
4132 15 10
4133 14 10
4134 33 18
4135 15 11
4136 15 10
4137 16 11
4138 3 21
4139 34 15
4140 34 16
4141 33 17
4142 33 18
4143 14 10
4144 33 17
4145 15 10
4146 34 15
4147 33 18
4148 15 11
4149 33 17
4150 33 18
4151 14 10
4152 15 10
4153 14 10
4154 34 16
4155 34 15
4156 3 22
4157 33 17
4158 15 10
4159 3 21
4160 34 16
4161 14 10
4162 3 22
4163 33 18
4164 34 15
4165 34 16
4166 3 21
4167 15 10
4168 3 22
4169 33 17
4170 3 21
4171 33 18
4172 14 11
4173 14 10
4174 14 11
4175 34 15
4176 33 17
4177 14 10
4178 33 18
4179 34 16
4180 34 15
4181 3 22
4182 15 10
4183 33 17
4184 3 21
4185 3 22
4186 34 16
4187 14 10
4188 34 15
4189 15 10
4190 3 21
4191 3 22
4192 14 10
4193 3 21
4194 33 18
4195 33 17
4196 14 11
4197 14 10
4198 33 18
4199 14 11
4200 14 10
4201 33 17
4202 34 16
4203 14 11
4204 14 10
4205 15 10
4206 34 15
4207 14 10
4208 33 18
4209 14 11
4210 34 16
4211 14 10
4212 15 9
4213 33 17
4214 15 10
4215 14 11
4216 3 22
4217 33 18
4218 34 15
4219 33 17
4220 34 16
4221 14 10
4222 15 11
4223 33 18
4224 34 15
4225 15 10
4226 33 17
4227 34 16
4228 16 11
4229 14 10
4230 3 21
4231 3 22
4232 33 18
4233 33 17
4234 34 15
4235 33 18
4236 34 16
4237 33 17
4238 15 10
4239 33 18
4240 33 17
4241 33 18
4242 14 10
4243 33 17
4244 34 15
4245 15 11
4246 15 10
4247 3 21
4248 3 22
4249 33 18
4250 34 16
4251 34 15
4252 33 17
4253 34 16
4254 33 18
4255 34 15
4256 16 11
4257 15 11
4258 3 21
4259 14 10
4260 15 10
4261 34 16
4262 16 11
4263 3 22
4264 33 17
4265 15 11
4266 33 18
4267 3 21
4268 14 10
4269 15 10
4270 14 11
4271 14 10
4272 3 22
4273 3 21
4274 33 17
4275 34 15
4276 15 10
4277 14 10
4278 3 22
4279 15 10
4280 14 10
4281 34 16
4282 15 9
4283 15 10
4284 33 18
4285 15 9
4286 15 10
4287 33 17
4288 34 15
4289 14 10
4290 15 10
4291 33 18
4292 15 9
4293 15 10
4294 3 21
4295 3 22
4296 14 10
4297 33 17
4298 15 10
4299 3 21
4300 3 22
4301 14 11
4302 3 21
4303 33 18
4304 14 10
4305 3 22
4306 3 21
4307 3 22
4308 15 10
4309 3 21
4310 34 16
4311 14 10
4312 33 17
4313 33 18
4314 33 17
4315 14 11
4316 14 10
4317 15 11
4318 3 22
4319 15 10
4320 34 15
4321 33 18
4322 14 10
4323 3 21
4324 15 10
4325 33 17
4326 33 18
4327 14 11
4328 34 16
4329 34 15
4330 14 10
4331 3 22
4332 33 17
4333 15 10
4334 14 10
4335 15 9
4336 34 16
4337 15 10
4338 33 18
4339 34 15
4340 14 10
4341 3 21
4342 34 16
4343 15 10
4344 33 17
4345 14 11
4346 14 10
4347 15 10
4348 14 10
4349 34 15
4350 33 18
4351 34 16
4352 15 11
4353 15 10
4354 3 22
4355 3 21
4356 16 11
4357 3 22
4358 14 10
4359 34 15
4360 15 11
4361 34 16
4362 33 17
4363 33 18
4364 33 17
4365 3 21
4366 33 18
4367 15 10
4368 16 11
4369 3 22
4370 15 11
4371 3 21
4372 14 10
4373 15 10
4374 14 10
4375 3 22
4376 15 10
4377 15 9
4378 15 10
4379 15 9
4380 15 10
4381 14 10
4382 15 10
4383 34 15
4384 14 11
4385 14 10
4386 15 10
4387 14 10
4388 15 10
4389 14 10
4390 15 11
4391 15 10
4392 3 21
4393 14 10
4394 33 17
4395 33 18
4396 3 22
4397 33 17
4398 15 10
4399 34 16
4400 14 11
4401 14 10
4402 34 15
4403 34 16
4404 33 18
4405 14 11
4406 3 21
4407 14 10
4408 3 22
4409 3 21
4410 34 15
4411 15 9
4412 34 16
4413 33 17
4414 3 22
4415 3 21
4416 34 15
4417 15 10
4418 34 16
4419 3 22
4420 3 21
4421 3 22
4422 15 9
4423 34 15
4424 15 10
4425 14 11
4426 14 10
4427 15 11
4428 34 16
4429 3 21
4430 33 18
4431 33 17
4432 33 18
4433 15 10
4434 33 17
4435 14 11
4436 14 10
4437 15 10
4438 3 22
4439 34 15
4440 14 10
4441 33 18
4442 15 11
4443 34 16
4444 3 21
4445 3 22
4446 15 10
4447 3 21
4448 34 15
4449 16 11
4450 14 10
4451 15 11
4452 34 16
4453 34 15
4454 15 10
4455 34 16
4456 33 17
4457 14 11
4458 14 10
4459 15 11
4460 3 22
4461 33 18
4462 34 15
4463 15 10
4464 33 17
4465 14 10
4466 34 16
4467 3 21
4468 15 10
4469 34 15
4470 16 11
4471 14 10
4472 15 10
4473 33 18
4474 3 22
4475 34 16
4476 15 11
4477 3 21
4478 33 17
4479 3 22
4480 16 11
4481 34 15
4482 3 21
4483 3 22
4484 3 21
4485 14 10
4486 15 11
4487 3 22
4488 15 10
4489 3 21
4490 14 11
4491 14 10
4492 15 10
4493 34 16
4494 14 10
4495 33 18
4496 15 11
4497 3 22
4498 34 15
4499 33 17
4500 33 18
4501 15 10
4502 14 10
4503 15 10
4504 34 16
4505 3 21
4506 33 17
4507 34 15
4508 34 16
4509 34 15
4510 3 22
4511 33 18
4512 33 17
4513 3 21
4514 3 22
4515 14 11
4516 34 16
4517 14 10
4518 15 10
4519 3 21
4520 33 18
4521 34 15
4522 3 22
4523 3 21
4524 14 10
4525 14 11
4526 33 17
4527 3 22
4528 34 16
4529 33 18
4530 14 10
4531 15 11
4532 15 10
4533 14 11
4534 14 10
4535 34 15
4536 34 16
4537 14 11
4538 14 10
4539 34 15
4540 14 11
4541 14 10
4542 15 10
4543 34 16
4544 33 17
4545 3 21
4546 33 18
4547 3 22
4548 14 10
4549 14 11
4550 3 21
4551 34 15
4552 33 17
4553 14 10
4554 33 18
4555 33 17
4556 3 22
4557 15 10
4558 3 21
4559 34 16
4560 33 18
4561 14 10
4562 3 22
4563 3 21
4564 3 22
4565 34 15
4566 3 21
4567 3 22
4568 3 21
4569 15 11
4570 3 22
4571 15 10
4572 16 11
4573 15 11
4574 33 17
4575 33 18
4576 33 17
4577 33 18
4578 33 17
4579 16 11
4580 14 10
4581 34 16
4582 15 10
4583 14 10
4584 15 10
4585 3 21
4586 33 18
4587 34 15
4588 33 17
4589 3 22
4590 33 18
4591 34 16
4592 34 15
4593 15 11
4594 14 10
4595 3 21
4596 15 10
4597 33 17
4598 3 22
4599 3 21
4600 14 11
4601 3 22
4602 14 10
4603 34 16
4604 15 9
4605 15 10
4606 34 15
4607 33 18
4608 14 10
4609 15 10
4610 33 17
4611 14 11
4612 34 16
4613 3 21
4614 33 18
4615 14 10
4616 33 17
4617 33 18
4618 34 15
4619 14 11
4620 33 17
4621 33 18
4622 33 17
4623 14 10
4624 3 22
4625 15 11
4626 15 10
4627 14 10
4628 34 16
4629 3 21
4630 15 10
4631 14 11
4632 14 10
4633 33 18
4634 15 10
4635 33 17
4636 33 18
4637 33 17
4638 14 10
4639 33 18
4640 15 10
4641 14 10
4642 15 9
4643 15 10
4644 3 22
4645 16 9
4646 34 15
4647 14 10
4648 15 10
4649 14 10
4650 3 21
4651 34 16
4652 3 22
4653 33 17
4654 34 15
4655 33 18
4656 3 21
4657 15 9
4658 15 10
4659 3 22
4660 16 9
4661 14 10
4662 15 10
4663 3 21
4664 14 10
4665 34 16
4666 15 10
4667 15 9
4668 16 9
4669 34 15
4670 14 10
4671 15 10
4672 34 16
4673 14 10
4674 3 22
4675 34 15
4676 15 10
4677 14 10
4678 3 21
4679 34 16
4680 33 17
4681 15 10
4682 15 9
4683 34 15
4684 14 10
4685 15 10
4686 16 9
4687 15 9
4688 16 9
4689 33 18
4690 15 9
4691 3 22
4692 33 17
4693 16 9
4694 15 9
4695 14 10
4696 15 10
4697 33 18
4698 14 11
4699 33 17
4700 14 10
4701 15 11
4702 15 10
4703 3 21
4704 14 10
4705 3 22
4706 3 21
4707 3 22
4708 33 18
4709 34 16
4710 3 21
4711 34 15
4712 34 16
4713 34 15
4714 34 16
4715 15 10
4716 14 10
4717 33 17
4718 3 22
4719 34 15
4720 15 10
4721 14 11
4722 33 18
4723 34 16
4724 33 17
4725 14 10
4726 33 18
4727 15 9
4728 34 15
4729 33 17
4730 15 10
4731 14 11
4732 3 21
4733 14 10
4734 3 22
4735 3 21
4736 3 22
4737 33 18
4738 15 11
4739 15 10
4740 34 16
4741 3 21
4742 15 9
4743 34 15
4744 15 10
4745 34 16
4746 15 9
4747 34 15
4748 34 16
4749 33 17
4750 15 10
4751 14 11
4752 34 15
4753 3 22
4754 14 10
4755 15 9
4756 15 10
4757 34 16
4758 14 11
4759 33 18
4760 14 10
4761 15 10
4762 14 10
4763 15 9
4764 15 10
4765 16 9
4766 3 21
4767 15 9
4768 3 22
4769 16 9
4770 14 10
4771 15 9
4772 15 10
4773 3 21
4774 3 22
4775 34 15
4776 3 21
4777 3 22
4778 14 11
4779 3 21
4780 33 17
4781 14 10
4782 15 11
4783 34 16
4784 34 15
4785 33 18
4786 3 22
4787 3 21
4788 3 22
4789 15 10
4790 33 17
4791 33 18
4792 14 11
4793 3 21
4794 14 10
4795 14 11
4796 34 16
4797 14 10
4798 3 22
4799 15 10
4800 34 15
4801 34 16
4802 14 10
4803 33 17
4804 14 11
4805 14 10
4806 3 21
4807 15 10
4808 14 10
4809 14 11
4810 3 22
4811 14 10
4812 34 15
4813 15 9
4814 34 16
4815 15 10
4816 3 21
4817 3 22
4818 14 10
4819 15 10
4820 33 18
4821 33 17
4822 14 10
4823 15 10
4824 16 9
4825 34 15
4826 15 9
4827 34 16
4828 3 21
4829 33 18
4830 34 15
4831 3 22
4832 33 17
4833 16 9
4834 33 18
4835 33 17
4836 3 21
4837 3 22
4838 3 21
4839 3 22
4840 14 10
4841 15 10
4842 14 10
4843 3 21
4844 3 22
4845 34 16
4846 33 18
4847 34 15
4848 15 9
4849 3 21
4850 15 10
4851 33 17
4852 34 16
4853 15 9
4854 15 10
4855 14 11
4856 14 10
4857 33 18
4858 14 11
4859 14 10
4860 3 22
4861 3 21
4862 15 11
4863 33 17
4864 15 10
4865 3 22
4866 34 15
4867 16 11
4868 14 10
4869 15 11
4870 34 16
4871 34 15
4872 33 18
4873 15 10
4874 14 10
4875 15 10
4876 14 10
4877 15 10
4878 34 16
4879 33 17
4880 15 9
4881 33 18
4882 33 17
4883 33 18
4884 15 10
4885 15 9
4886 15 10
4887 34 15
4888 14 11
4889 34 16
4890 33 17
4891 14 10
4892 33 18
4893 33 17
4894 15 10
4895 33 18
4896 3 21
4897 3 22
4898 33 17
4899 33 18
4900 33 17
4901 3 21
4902 34 15
4903 14 10
4904 14 11
4905 14 10
4906 15 9
4907 15 10
4908 3 22
4909 34 16
4910 3 21
4911 3 22
4912 16 9
4913 33 18
4914 15 9
4915 33 17
4916 34 15
4917 14 10
4918 15 10
4919 16 9
4920 14 10
4921 34 16
4922 34 15
4923 3 21
4924 15 9
4925 34 16
4926 34 15
4927 15 10
4928 33 18
4929 14 11
4930 14 10
4931 34 16
4932 14 11
4933 34 15
4934 14 10
4935 15 10
4936 34 16
4937 34 15
4938 34 16
4939 33 17
4940 14 10
4941 3 22
4942 34 15
4943 15 9
4944 33 18
4945 33 17
4946 15 10
4947 33 18
4948 34 16
4949 3 21
4950 34 15
4951 3 22
4952 14 11
4953 3 21
4954 33 17
4955 14 10
4956 34 16
4957 34 15
4958 3 22
4959 3 21
4960 3 22
4961 15 9
4962 15 10
4963 3 21
4964 14 10
4965 33 18
4966 15 10
4967 33 17
4968 33 18
4969 34 16
4970 3 22
4971 14 10
4972 15 10
4973 34 15
4974 33 17
4975 33 18
4976 15 9
4977 34 16
4978 33 17
4979 34 15
4980 15 10
4981 14 10
4982 34 16
4983 34 15
4984 15 10
4985 33 18
4986 3 21
4987 14 10
4988 15 10
4989 16 9
4990 14 10
4991 34 16
4992 33 17
4993 34 15
4994 3 22
4995 3 21
4996 15 10
4997 34 16
4998 33 18
4999 3 22
5000 34 15
5001 3 21
5002 3 22
5003 3 21
5004 33 17
5005 3 22
5006 3 21
5007 15 9
5008 33 18
5009 3 22
5010 34 16
5011 33 17
5012 14 10
5013 15 10
5014 14 11
5015 14 10
5016 3 21
5017 15 9
5018 34 15
5019 15 10
5020 33 18
5021 15 9
5022 34 16
5023 15 10
5024 14 10
5025 3 22
5026 34 15
5027 33 17
5028 3 21
5029 33 18
5030 3 22
5031 34 16
5032 34 15
5033 15 10
5034 33 17
5035 3 21
5036 34 16
5037 14 11
5038 33 18
5039 14 10
5040 3 22
5041 15 10
5042 14 10
5043 34 15
5044 34 16
5045 15 9
5046 34 15
5047 15 10
5048 33 17
5049 34 16
5050 34 15
5051 34 16
5052 34 15
5053 34 16
5054 3 21
5055 34 15
5056 15 9
5057 15 10
5058 3 22
5059 33 18
5060 33 17
5061 3 21
5062 15 9
5063 33 18
5064 15 10
5065 34 16
5066 34 15
5067 14 10
5068 33 17
5069 34 16
5070 3 22
5071 33 18
5072 15 10
5073 33 17
5074 16 9
5075 33 18
5076 15 9
5077 3 21
5078 3 22
5079 33 17
5080 14 10
5081 15 10
5082 3 21
5083 33 18
5084 14 11
5085 34 15
5086 34 16
5087 14 10
5088 3 22
5089 3 21
5090 33 17
5091 3 22
5092 15 11
5093 34 15
5094 34 16
5095 15 10
5096 33 18
5097 33 17
5098 16 11
5099 15 11
5100 3 21
5101 34 15
5102 3 22
5103 34 16
5104 16 11
5105 3 21
5106 3 22
5107 33 18
5108 15 11
5109 14 10
5110 3 21
5111 33 17
5112 33 18
5113 34 15
5114 15 10
5115 3 22
5116 16 11
5117 33 17
5118 33 18
5119 14 10
5120 15 11
5121 34 16
5122 15 10
5123 33 17
5124 33 18
5125 15 9
5126 15 10
5127 33 17
5128 33 18
5129 34 15
5130 16 9
5131 14 10
5132 3 21
5133 15 9
5134 3 22
5135 33 17
5136 15 10
5137 14 10
5138 34 16
5139 15 10
5140 33 18
5141 15 9
5142 3 21
5143 15 10
5144 14 11
5145 3 22
5146 34 15
5147 33 17
5148 14 10
5149 15 10
5150 14 10
5151 33 18
5152 34 16
5153 15 9
5154 34 15
5155 15 10
5156 33 17
5157 14 11
5158 3 21
5159 14 10
5160 34 16
5161 15 11
5162 15 10
5163 15 9
5164 34 15
5165 33 18
5166 15 10
5167 14 11
5168 14 10
5169 15 10
5170 3 22
5171 14 10
5172 15 9
5173 3 21
5174 15 10
5175 33 17
5176 15 9
5177 15 10
5178 14 11
5179 14 10
5180 33 18
5181 3 22
5182 15 9
5183 3 21
5184 33 17
5185 34 16
5186 15 10
5187 34 15
5188 3 22
5189 33 18
5190 34 16
5191 14 11
5192 3 21
5193 34 15
5194 3 22
5195 33 17
5196 14 10
5197 34 16
5198 34 15
5199 33 18
5200 34 16
5201 34 15
5202 14 11
5203 33 17
5204 33 18
5205 34 16
5206 14 10
5207 34 15
5208 34 16
5209 34 15
5210 3 21
5211 14 11
5212 33 17
5213 33 18
5214 14 10
5215 34 16
5216 3 22
5217 15 9
5218 3 21
5219 3 22
5220 15 10
5221 14 10
5222 3 21
5223 33 17
5224 15 10
5225 33 18
5226 34 15
5227 15 9
5228 15 10
5229 3 22
5230 34 16
5231 16 9
5232 14 10
5233 15 9
5234 34 15
5235 33 17
5236 15 10
5237 33 18
5238 14 11
5239 14 10
5240 15 10
5241 33 17
5242 34 16
5243 3 21
5244 3 22
5245 3 21
5246 14 10
5247 33 18
5248 3 22
5249 3 21
5250 34 15
5251 14 11
5252 3 22
5253 3 21
5254 14 10
5255 15 10
5256 33 17
5257 14 10
5258 15 10
5259 14 10
5260 15 9
5261 3 22
5262 15 10
5263 33 18
5264 34 16
5265 3 21
5266 16 9
5267 34 15
5268 15 9
5269 33 17
5270 34 16
5271 16 9
5272 14 10
5273 15 10
5274 14 10
5275 33 18
5276 34 15
5277 34 16
5278 15 9
5279 15 10
5280 15 9
5281 3 22
5282 34 15
5283 15 10
5284 3 21
5285 34 16
5286 34 15
5287 33 17
5288 34 16
5289 33 18
5290 16 9
5291 3 22
5292 34 15
5293 15 9
5294 34 16
5295 34 15
5296 3 21
5297 3 22
5298 14 10
5299 15 10
5300 14 11
5301 3 21
5302 33 17
5303 14 10
5304 15 11
5305 33 18
5306 15 10
5307 15 9
5308 3 22
5309 3 21
5310 34 16
5311 15 10
5312 16 9
5313 14 10
5314 15 10
5315 33 17
5316 3 22
5317 33 18
5318 34 15
5319 15 9
5320 14 10
5321 33 17
5322 3 21
5323 3 22
5324 15 10
5325 14 11
5326 14 10
5327 34 16
5328 14 11
5329 34 15
5330 14 10
5331 15 11
5332 15 10
5333 34 16
5334 14 11
5335 33 18
5336 14 10
5337 14 11
5338 14 10
5339 34 15
5340 3 21
5341 3 22
5342 34 16
5343 15 11
5344 33 17
5345 34 15
5346 33 18
5347 15 10
5348 34 16
5349 33 17
5350 3 21
5351 15 9
5352 15 10
5353 34 15
5354 33 18
5355 14 10
5356 33 17
5357 15 10
5358 16 9
5359 34 16
5360 34 15
5361 14 10
5362 3 22
5363 15 9
5364 33 18
5365 3 21
5366 15 10
5367 14 11
5368 14 10
5369 34 16
5370 3 22
5371 34 15
5372 33 17
5373 33 18
5374 33 17
5375 3 21
5376 3 22
5377 33 18
5378 14 11
5379 34 16
5380 34 15
5381 34 16
5382 33 17
5383 3 21
5384 34 15
5385 3 22
5386 3 21
5387 34 16
5388 34 15
5389 34 16
5390 14 10
5391 33 18
5392 15 11
5393 15 10
5394 33 17
5395 34 15
5396 34 16
5397 14 11
5398 33 18
5399 33 17
5400 14 10
5401 34 15
5402 34 16
5403 15 9
5404 15 10
5405 34 15
5406 15 9
5407 15 10
5408 3 22
5409 34 16
5410 15 9
5411 34 15
5412 15 10
5413 33 18
5414 33 17
5415 14 11
5416 34 16
5417 14 10
5418 15 10
5419 33 18
5420 14 10
5421 33 17
5422 14 11
5423 14 10
5424 34 15
5425 33 18
5426 34 16
5427 15 9
5428 33 17
5429 15 10
5430 3 21
5431 33 18
5432 14 11
5433 33 17
5434 14 10
5435 15 11
5436 34 15
5437 15 10
5438 3 22
5439 14 10
5440 15 10
5441 15 9
5442 33 18
5443 15 10
5444 34 16
5445 34 15
5446 33 17
5447 16 9
5448 15 9
5449 33 18
5450 14 10
5451 15 10
5452 34 16
5453 14 11
5454 34 15
5455 14 10
5456 34 16
5457 15 9
5458 15 10
5459 34 15
5460 34 16
5461 34 15
5462 33 17
5463 34 16
5464 3 21
5465 3 22
5466 3 21
5467 33 18
5468 14 11
5469 3 22
5470 33 17
5471 3 21
5472 3 22
5473 34 15
5474 33 18
5475 14 10
5476 34 16
5477 3 21
5478 15 10
5479 33 17
5480 14 10
5481 34 15
5482 3 22
5483 3 21
5484 3 22
5485 15 11
5486 33 18
5487 33 17
5488 15 10
5489 34 16
5490 33 18
5491 33 17
5492 33 18
5493 34 15
5494 14 10
5495 15 10
5496 33 17
5497 34 16
5498 14 10
5499 33 18
5500 15 10
5501 3 21
5502 3 22
5503 14 10
5504 3 21
5505 33 17
5506 15 10
5507 14 10
5508 15 10
5509 16 11
5510 14 10
5511 15 11
5512 15 10
5513 14 11
5514 33 18
5515 34 15
5516 3 22
5517 33 17
5518 33 18
5519 14 10
5520 14 11
5521 33 17
5522 14 10
5523 34 16
5524 15 10
5525 33 18
5526 14 10
5527 15 10
5528 14 10
5529 15 10
5530 3 21
5531 3 22
5532 33 17
5533 33 18
5534 34 15
5535 3 21
5536 34 16
5537 34 15
5538 34 16
5539 33 17
5540 14 10
5541 33 18
5542 34 15
5543 15 10
5544 14 10
5545 33 17
5546 14 11
5547 33 18
5548 34 16
5549 34 15
5550 3 22
5551 33 17
5552 3 21
5553 3 22
5554 14 10
5555 33 18
5556 15 9
5557 33 17
5558 3 21
5559 34 16
5560 15 10
5561 14 11
5562 33 18
5563 33 17
5564 3 22
5565 34 15
5566 34 16
5567 14 10
5568 15 11
5569 15 10
5570 33 18
5571 3 21
5572 34 15
5573 34 16
5574 34 15
5575 15 9
5576 15 10
5577 33 17
5578 15 9
5579 3 22
5580 15 10
5581 33 18
5582 33 17
5583 14 11
5584 14 10
5585 3 21
5586 14 11
5587 14 10
5588 3 22
5589 3 21
5590 3 22
5591 34 16
5592 3 21
5593 34 15
5594 15 9
5595 33 18
5596 15 10
5597 14 10
5598 34 16
5599 15 10
5600 34 15
5601 16 9
5602 33 17
5603 3 22
5604 14 10
5605 3 21
5606 15 9
5607 33 18
5608 3 22
5609 15 10
5610 3 21
5611 3 22
5612 33 17
5613 34 16
5614 34 15
5615 34 16
5616 33 18
5617 34 15
5618 15 9
5619 3 21
5620 3 22
5621 15 10
5622 3 21
5623 14 10
5624 34 16
5625 33 17
5626 3 22
5627 3 21
5628 34 15
5629 15 10
5630 14 11
5631 14 10
5632 15 10
5633 3 22
5634 14 10
5635 14 11
5636 14 10
5637 14 11
5638 34 16
5639 33 18
5640 33 17
5641 14 10
5642 15 11
5643 15 10
5644 14 11
5645 14 10
5646 34 15
5647 15 10
5648 34 16
5649 14 10
5650 14 11
5651 34 15
5652 14 10
5653 33 18
5654 3 21
5655 15 10
5656 33 17
5657 34 16
5658 14 10
5659 33 18
5660 3 22
5661 3 21
5662 33 17
5663 15 10
5664 3 22
5665 14 10
5666 3 21
5667 15 9
5668 33 18
5669 15 10
5670 33 17
5671 34 15
5672 33 18
5673 33 17
5674 15 9
5675 34 16
5676 34 15
5677 15 10
5678 14 11
5679 14 10
5680 15 9
5681 15 10
5682 34 16
5683 3 22
5684 16 9
5685 15 9
5686 3 21
5687 34 15
5688 14 10
5689 34 16
5690 33 18
5691 15 10
5692 16 9
5693 34 15
5694 14 10
5695 33 17
5696 3 22
5697 33 18
5698 15 10
5699 33 17
5700 14 10
5701 34 16
5702 15 9
5703 33 18
5704 15 10
5705 33 17
5706 16 9
5707 33 18
5708 15 9
5709 33 17
5710 3 21
5711 3 22
5712 14 10
5713 34 15
5714 15 10
5715 15 9
5716 15 10
5717 34 16
5718 3 21
5719 34 15
5720 34 16
5721 15 9
5722 34 15
5723 15 10
5724 33 18
5725 16 9
5726 34 16
5727 15 9
5728 16 9
5729 15 9
5730 14 10
5731 34 15
5732 33 17
5733 3 22
5734 3 21
5735 15 10
5736 34 16
5737 3 22
5738 34 15
5739 3 21
5740 14 10
5741 3 22
5742 15 10
5743 3 21
5744 15 9
5745 15 10
5746 33 18
5747 14 10
5748 15 10
5749 3 22
5750 34 16
5751 15 9
5752 33 17
5753 34 15
5754 34 16
5755 34 15
5756 3 21
5757 34 16
5758 34 15
5759 3 22
5760 3 21
5761 33 18
5762 3 22
5763 34 16
5764 34 15
5765 34 16
5766 33 17
5767 15 10
5768 14 11
5769 14 10
5770 34 15
5771 15 11
5772 15 10
5773 33 18
5774 34 16
5775 34 15
5776 15 9
5777 33 17
5778 34 16
5779 33 18
5780 15 10
5781 33 17
5782 34 15
5783 15 9
5784 3 21
5785 15 10
5786 33 18
5787 34 16
5788 16 9
5789 34 15
5790 3 22
5791 15 9
5792 14 10
5793 15 10
5794 33 17
5795 33 18
5796 34 16
5797 14 10
5798 15 10
5799 14 10
5800 33 17
5801 34 15
5802 3 21
5803 34 16
5804 33 18
5805 34 15
5806 3 22
5807 15 10
5808 16 9
5809 3 21
5810 3 22
5811 33 17
5812 33 18
5813 33 17
5814 14 10
5815 34 16
5816 15 10
5817 14 10
5818 3 21
5819 15 9
5820 15 10
5821 3 22
5822 34 15
5823 34 16
5824 33 18
5825 14 11
5826 34 15
5827 14 10
5828 34 16
5829 15 11
5830 33 17
5831 33 18
5832 15 10
5833 14 10
5834 33 17
5835 33 18
5836 34 15
5837 15 10
5838 3 21
5839 15 9
5840 33 17
5841 3 22
5842 15 10
5843 14 11
5844 33 18
5845 14 10
5846 34 16
5847 14 11
5848 34 15
5849 33 17
5850 14 10
5851 15 10
5852 14 10
5853 14 11
5854 14 10
5855 15 9
5856 34 16
5857 15 10
5858 3 21
5859 14 11
5860 14 10
5861 15 11
5862 15 10
5863 34 15
5864 33 18
5865 3 22
5866 3 21
5867 15 9
5868 15 10
5869 34 16
5870 16 9
5871 33 17
5872 3 22
5873 3 21
5874 33 18
5875 3 22
5876 3 21
5877 3 22
5878 34 15
5879 14 10
5880 33 17
5881 33 18
5882 15 9
5883 33 17
5884 33 18
5885 34 16
5886 33 17
5887 33 18
5888 15 10
5889 3 21
5890 14 11
5891 14 10
5892 14 11
5893 34 15
5894 33 17
5895 33 18
5896 14 10
5897 14 11
5898 14 10
5899 34 16
5900 33 17
5901 34 15
5902 33 18
5903 3 22
5904 33 17
5905 33 18
5906 3 21
5907 33 17
5908 33 18
5909 3 22
5910 33 17
5911 33 18
5912 33 17
5913 33 18
5914 34 16
5915 34 15
5916 33 17
5917 34 16
5918 14 11
5919 14 10
5920 33 18
5921 34 15
5922 15 10
5923 3 21
5924 33 17
5925 33 18
5926 33 17
5927 14 10
5928 34 16
5929 15 9
5930 34 15
5931 15 10
5932 15 9
5933 15 10
5934 3 22
5935 15 9
5936 3 21
5937 15 10
5938 34 16
5939 14 10
5940 15 10
5941 3 22
5942 15 9
5943 15 10
5944 3 21
5945 34 15
5946 3 22
5947 33 18
5948 33 17
5949 14 11
5950 3 21
5951 33 18
5952 34 16
5953 14 10
5954 34 15
5955 34 16
5956 15 9
5957 33 17
5958 3 22
5959 33 18
5960 15 10
5961 16 9
5962 3 21
5963 34 15
5964 34 16
5965 33 17
5966 15 9
5967 3 22
5968 14 10
5969 3 21
5970 15 10
5971 3 22
5972 3 21
5973 16 9
5974 3 22
5975 14 10
5976 15 9
5977 15 10
5978 33 18
5979 16 9
5980 14 10
5981 33 17
5982 33 18
5983 3 21
5984 15 10
5985 15 9
5986 3 22
5987 33 17
5988 3 21
5989 16 9
5990 3 22
5991 34 15
5992 15 9
5993 14 10
5994 34 16
5995 34 15
5996 34 16
5997 33 18
5998 34 15
5999 33 17
6000 34 16
6001 3 21
6002 15 10
6003 34 15
6004 33 18
6005 34 16
6006 16 9
6007 3 22
6008 15 9
6009 34 15
6010 3 21
6011 16 9
6012 33 17
6013 3 22
6014 34 16
6015 33 18
6016 34 15
6017 3 21
6018 33 17
6019 14 10
6020 33 18
6021 15 9
6022 33 17
6023 33 18
6024 33 17
6025 15 10
6026 3 22
6027 3 21
6028 3 22
6029 14 11
6030 33 18
6031 14 10
6032 15 11
6033 15 10
6034 3 21
6035 15 9
6036 3 22
6037 15 10
6038 16 9
6039 34 16
6040 34 15
6041 15 9
6042 33 17
6043 34 16
6044 33 18
6045 34 15
6046 3 21
6047 33 17
6048 16 9
6049 15 9
6050 16 9
6051 14 10
6052 33 18
6053 15 9
6054 15 10
6055 14 11
6056 34 16
6057 33 17
6058 33 18
6059 3 22
6060 3 21
6061 3 22
6062 3 21
6063 34 15
6064 34 16
6065 14 10
6066 15 10
6067 3 22
6068 33 17
6069 3 21
6070 14 10
6071 14 11
6072 33 18
6073 14 10
6074 15 11
6075 3 22
6076 3 21
6077 15 10
6078 14 11
6079 34 15
6080 14 10
6081 33 17
6082 34 16
6083 15 9
6084 34 15
6085 34 16
6086 33 18
6087 33 17
6088 3 22
6089 15 10
6090 33 18
6091 14 11
6092 14 10
6093 34 15
6094 34 16
6095 33 17
6096 15 9
6097 34 15
6098 15 10
6099 3 21
6100 3 22
6101 34 16
6102 3 21
6103 34 15
6104 14 10
6105 33 18
6106 3 22
6107 15 10
6108 34 16
6109 3 21
6110 34 15
6111 14 10
6112 15 10
6113 33 17
6114 16 9
6115 15 9
6116 3 22
6117 3 21
6118 16 9
6119 15 9
6120 16 9
6121 33 18
6122 34 16
6123 14 10
6124 3 22
6125 15 10
6126 14 10
6127 15 9
6128 3 21
6129 15 10
6130 14 10
6131 33 17
6132 34 15
6133 3 22
6134 34 16
6135 15 10
6136 3 21
6137 14 10
6138 33 18
6139 15 10
6140 16 9
6141 14 10
6142 3 22
6143 3 21
6144 33 17
6145 33 18
6146 3 22
6147 15 10
6148 33 17
6149 3 21
6150 33 18
6151 15 9
6152 14 10
6153 3 22
6154 34 15
6155 3 21
6156 34 16
6157 15 10
6158 34 15
6159 33 17
6160 15 9
6161 3 22
6162 15 10
6163 34 16
6164 34 15
6165 34 16
6166 16 9
6167 3 21
6168 3 22
6169 3 21
6170 3 22
6171 33 18
6172 33 17
6173 14 10
6174 34 15
6175 33 18
6176 3 21
6177 34 16
6178 15 9
6179 15 10
6180 3 22
6181 16 9
6182 14 10
6183 15 10
6184 3 21
6185 15 9
6186 33 17
6187 33 18
6188 33 17
6189 34 15
6190 3 22
6191 14 10
6192 33 18
6193 15 10
6194 15 9
6195 15 10
6196 33 17
6197 33 18
6198 3 21
6199 14 11
6200 14 10
6201 14 11
6202 14 10
6203 34 16
6204 14 11
6205 14 10
6206 3 22
6207 33 17
6208 15 11
6209 15 10
6210 3 21
6211 34 15
6212 3 22
6213 34 16
6214 16 11
6215 34 15
6216 14 10
6217 33 18
6218 3 21
6219 15 10
6220 14 10
6221 3 22
6222 15 10
6223 34 16
6224 34 15
6225 3 21
6226 34 16
6227 3 22
6228 34 15
6229 14 10
6230 15 10
6231 34 16
6232 14 10
6233 34 15
6234 3 21
6235 33 17
6236 3 22
6237 34 16
6238 33 18
6239 15 11
6240 33 17
6241 3 21
6242 34 15
6243 33 18
6244 33 17
6245 3 22
6246 33 18
6247 34 16
6248 33 17
6249 15 10
6250 33 18
6251 33 17
6252 33 18
6253 14 11
6254 14 10
6255 34 15
6256 15 11
6257 15 10
6258 33 17
6259 15 9
6260 3 21
6261 15 10
6262 14 10
6263 15 10
6264 15 9
6265 33 18
6266 3 22
6267 34 16
6268 34 15
6269 15 10
6270 14 11
6271 14 10
6272 15 11
6273 15 10
6274 3 21
6275 15 9
6276 33 17
6277 15 10
6278 14 10
6279 15 10
6280 3 22
6281 14 11
6282 14 10
6283 15 9
6284 15 10
6285 33 18
6286 34 16
6287 14 11
6288 34 15
6289 14 10
6290 33 17
6291 33 18
6292 3 21
6293 15 9
6294 15 10
6295 15 9
6296 3 22
6297 34 16
6298 3 21
6299 3 22
6300 15 10
6301 14 11
6302 3 21
6303 14 10
6304 15 9
6305 15 10
6306 33 17
6307 33 18
6308 3 22
6309 14 10
6310 3 21
6311 33 17
6312 3 22
6313 15 10
6314 16 9
6315 34 15
6316 15 9
6317 3 21
6318 33 18
6319 3 22
6320 33 17
6321 34 16
6322 16 9
6323 33 18
6324 34 15
6325 14 10
6326 34 16
6327 3 21
6328 15 10
6329 14 10
6330 15 9
6331 33 17
6332 34 15
6333 33 18
6334 15 10
6335 15 9
6336 15 10
6337 16 9
6338 14 10
6339 34 16
6340 33 17
6341 3 22
6342 34 15
6343 3 21
6344 3 22
6345 33 18
6346 34 16
6347 34 15
6348 15 9
6349 34 16
6350 3 21
6351 34 15
6352 3 22
6353 15 10
6354 14 10
6355 3 21
6356 15 10
6357 34 16
6358 15 9
6359 15 10
6360 34 15
6361 33 17
6362 34 16
6363 34 15
6364 33 18
6365 33 17
6366 33 18
6367 33 17
6368 34 16
6369 33 18
6370 15 9
6371 15 10
6372 3 22
6373 15 9
6374 15 10
6375 14 11
6376 34 15
6377 33 17
6378 34 16
6379 33 18
6380 14 10
6381 15 9
6382 15 10
6383 15 9
6384 15 10
6385 33 17
6386 3 21
6387 34 15
6388 14 10
6389 34 16
6390 34 15
6391 15 10
6392 33 18
6393 33 17
6394 34 16
6395 14 11
6396 34 15
6397 14 10
6398 33 18
6399 15 11
6400 15 10
6401 34 16
6402 15 9
6403 34 15
6404 33 17
6405 34 16
6406 3 22
6407 3 21
6408 15 10
6409 15 9
6410 34 15
6411 15 10
6412 34 16
6413 14 10
6414 15 10
6415 34 15
6416 14 10
6417 33 18
6418 34 16
6419 3 22
6420 3 21
6421 15 10
6422 3 22
6423 14 11
6424 3 21
6425 33 17
6426 3 22
6427 33 18
6428 3 21
6429 14 10
6430 33 17
6431 33 18
6432 15 11
6433 34 15
6434 15 10
6435 14 10
6436 34 16
6437 15 10
6438 16 11
6439 34 15
6440 15 11
6441 34 16
6442 16 11
6443 15 11
6444 33 17
6445 14 10
6446 33 18
6447 34 15
6448 15 10
6449 34 16
6450 3 22
6451 15 9
6452 33 17
6453 15 10
6454 14 11
6455 33 18
6456 34 15
6457 14 10
6458 3 21
6459 15 11
6460 3 22
6461 3 21
6462 15 10
6463 15 9
6464 34 16
6465 34 15
6466 15 10
6467 14 11
6468 14 10
6469 14 11
6470 14 10
6471 34 16
6472 34 15
6473 3 22
6474 15 10
6475 14 10
6476 15 11
6477 34 16
6478 15 10
6479 15 9
6480 34 15
6481 15 10
6482 33 17
6483 14 11
6484 14 10
6485 15 10
6486 34 16
6487 14 10
6488 3 21
6489 33 18
6490 34 15
6491 33 17
6492 15 9
6493 34 16
6494 34 15
6495 15 10
6496 3 22
6497 14 10
6498 15 10
6499 34 16
6500 33 18
6501 33 17
6502 34 15
6503 3 21
6504 14 10
6505 15 10
6506 34 16
6507 34 15
6508 15 9
6509 33 18
6510 15 10
6511 16 9
6512 14 10
6513 33 17
6514 15 9
6515 33 18
6516 3 22
6517 15 10
6518 3 21
6519 16 9
6520 3 22
6521 14 10
6522 33 17
6523 3 21
6524 33 18
6525 15 9
6526 33 17
6527 15 10
6528 33 18
6529 3 22
6530 15 9
6531 33 17
6532 34 16
6533 33 18
6534 15 10
6535 34 15
6536 34 16
6537 15 9
6538 34 15
6539 34 16
6540 33 17
6541 34 15
6542 3 21
6543 3 22
6544 15 10
6545 34 16
6546 34 15
6547 3 21
6548 14 11
6549 34 16
6550 33 18
6551 33 17
6552 33 18
6553 14 10
6554 15 11
6555 33 17
6556 33 18
6557 34 15
6558 15 10
6559 15 9
6560 15 10
6561 14 10
6562 3 22
6563 34 16
6564 15 10
6565 14 11
6566 14 10
6567 34 15
6568 14 11
6569 14 10
6570 15 10
6571 33 17
6572 34 16
6573 3 21
6574 14 10
6575 15 11
6576 15 10
6577 14 10
6578 3 22
6579 34 15
6580 33 18
6581 3 21
6582 15 10
6583 33 17
6584 34 16
6585 33 18
6586 34 15
6587 33 17
6588 14 10
6589 15 10
6590 33 18
6591 16 11
6592 15 11
6593 3 22
6594 33 17
6595 14 10
6596 15 10
6597 16 11
6598 15 11
6599 3 21
6600 34 16
6601 3 22
6602 16 11
6603 34 15
6604 3 21
6605 33 18
6606 33 17
6607 33 18
6608 15 11
6609 33 17
6610 33 18
6611 34 16
6612 14 10
6613 15 10
6614 3 22
6615 14 10
6616 33 17
6617 33 18
6618 33 17
6619 3 21
6620 34 15
6621 34 16
6622 15 10
6623 14 10
6624 15 10
6625 34 15
6626 3 22
6627 14 10
6628 15 10
6629 33 18
6630 3 21
6631 34 16
6632 33 17
6633 15 9
6634 34 15
6635 3 22
6636 3 21
6637 33 18
6638 15 10
6639 16 9
6640 33 17
6641 34 16
6642 14 10
6643 15 10
6644 34 15
6645 14 10
6646 34 16
6647 3 22
6648 15 10
6649 34 15
6650 34 16
6651 15 9
6652 34 15
6653 34 16
6654 14 10
6655 34 15
6656 3 21
6657 15 10
6658 14 10
6659 15 10
6660 16 9
6661 14 10
6662 15 10
6663 15 9
6664 3 22
6665 16 9
6666 14 10
6667 34 16
6668 15 9
6669 15 10
6670 16 9
6671 3 21
6672 15 9
6673 33 18
6674 16 9
6675 3 22
6676 14 10
6677 33 17
6678 15 9
6679 33 18
6680 15 10
6681 3 21
6682 34 15
6683 3 22
6684 3 21
6685 14 10
6686 15 10
6687 34 16
6688 34 15
6689 3 22
6690 3 21
6691 34 16
6692 33 17
6693 33 18
6694 16 9
6695 14 10
6696 3 22
6697 34 15
6698 3 21
6699 3 22
6700 15 10
6701 14 10
6702 33 17
6703 3 21
6704 33 18
6705 33 17
6706 34 16
6707 15 10
6708 15 9
6709 33 18
6710 34 15
6711 33 17
6712 14 10
6713 15 10
6714 15 9
6715 3 22
6716 15 10
6717 14 10
6718 34 16
6719 34 15
6720 15 10
6721 14 11
6722 34 16
6723 34 15
6724 34 16
6725 14 10
6726 33 18
6727 33 17
6728 3 21
6729 33 18
6730 3 22
6731 34 15
6732 14 11
6733 3 21
6734 33 17
6735 14 10
6736 15 11
6737 34 16
6738 3 22
6739 33 18
6740 3 21
6741 34 15
6742 34 16
6743 34 15
6744 34 16
6745 15 10
6746 34 15
6747 34 16
6748 34 15
6749 33 17
6750 16 11
6751 3 22
6752 15 11
6753 16 11
6754 15 11
6755 16 11
6756 14 10
6757 15 10
6758 33 18
6759 14 10
6760 15 10
6761 15 11
6762 33 17
6763 34 16
6764 14 10
6765 15 10
6766 33 18
6767 15 9
6768 15 10
6769 14 10
6770 3 21
6771 33 17
6772 33 18
6773 15 10
6774 33 17
6775 15 9
6776 15 10
6777 34 15
6778 3 22
6779 34 16
6780 15 9
6781 33 18
6782 3 21
6783 15 10
6784 16 9
6785 34 15
6786 15 9
6787 34 16
6788 14 10
6789 15 10
6790 15 9
6791 15 10
6792 34 15
6793 34 16
6794 15 9
6795 3 22
6796 15 10
6797 34 15
6798 3 21
6799 16 9
6800 15 9
6801 16 9
6802 3 22
6803 15 9
6804 3 21
6805 16 9
6806 3 22
6807 33 17
6808 15 9
6809 14 10
6810 15 10
6811 33 18
6812 15 9
6813 15 10
6814 15 9
6815 15 10
6816 34 16
6817 15 9
6818 3 21
6819 15 10
6820 33 17
6821 16 9
6822 34 15
6823 14 10
6824 15 9
6825 15 10
6826 14 10
6827 3 22
6828 33 18
6829 15 10
6830 14 11
6831 14 10
6832 14 11
6833 3 21
6834 14 10
6835 3 22
6836 3 21
6837 33 17
6838 14 11
6839 33 18
6840 3 22
6841 3 21
6842 14 10
6843 14 11
6844 14 10
6845 15 9
6846 15 10
6847 33 17
6848 34 16
6849 33 18
6850 3 22
6851 34 15
6852 14 11
6853 33 17
6854 14 10
6855 15 10
6856 34 16
6857 34 15
6858 14 10
6859 34 16
6860 33 18
6861 14 11
6862 14 10
6863 14 11
6864 14 10
6865 3 21
6866 15 10
6867 33 17
6868 34 15
6869 14 10
6870 14 11
6871 3 22
6872 3 21
6873 14 10
6874 14 11
6875 14 10
6876 34 16
6877 14 11
6878 14 10
6879 34 15
6880 15 9
6881 15 10
6882 34 16
6883 33 18
6884 34 15
6885 14 11
6886 14 10
6887 15 11
6888 34 16
6889 34 15
6890 34 16
6891 3 22
6892 33 17
6893 34 15
6894 3 21
6895 15 10
6896 34 16
6897 3 22
6898 3 21
6899 3 22
6900 33 18
6901 3 21
6902 15 9
6903 15 10
6904 33 17
6905 16 9
6906 3 22
6907 34 15
6908 15 9
6909 34 16
6910 16 9
6911 15 9
# colocadas=6912 ocupadas=5 mayor=7278
