0 0 0
1 0 1
2 0 47
3 0 46
4 47 0
5 46 0
6 47 47
7 47 0
8 46 0
9 47 0
10 0 0
11 0 45
12 0 44
13 46 47
14 0 46
15 0 47
16 0 46
17 0 47
18 0 46
19 46 0
20 0 43
21 47 0
22 47 47
23 46 0
24 47 0
25 0 42
26 0 47
27 46 47
28 0 46
29 0 41
30 46 0
31 0 40
32 47 47
33 47 0
34 46 47
35 0 47
36 0 46
37 47 47
38 0 39
39 46 0
40 47 0
41 0 38
42 46 47
43 0 37
44 0 36
45 0 47
46 0 1
47 0 35
48 0 0
49 0 46
50 0 47
51 0 1
52 0 0
53 0 34
54 0 46
55 0 1
56 0 0
57 0 1
58 0 0
59 0 33
60 0 47
61 46 0
62 47 47
63 0 46
64 0 1
65 0 32
66 0 31
67 46 47
68 0 30
69 47 0
70 0 29
71 46 0
72 47 47
73 0 0
74 0 1
75 46 47
76 47 0
77 47 47
78 0 28
79 0 27
80 0 26
81 0 0
82 0 47
83 0 25
84 0 46
85 0 47
86 46 47
87 46 0
88 0 46
89 47 47
90 0 24
91 47 0
92 46 0
93 0 23
94 0 22
95 0 1
96 0 0
97 46 47
98 0 1
99 0 0
100 0 1
101 0 0
102 0 47
103 0 46
104 47 0
105 47 47
106 46 0
107 0 47
108 46 47
109 47 0
110 46 0
111 47 47
112 47 0
113 0 1
114 0 21
115 46 0
116 47 0
117 0 20
118 0 19
119 46 47
120 0 0
121 0 46
122 47 47
123 46 47
124 47 47
125 46 0
126 0 1
127 0 0
128 0 18
129 0 47
130 0 46
131 47 0
132 46 47
133 0 47
134 47 47
135 0 17
136 0 1
137 46 0
138 46 47
139 0 0
140 47 0
141 0 1
142 0 16
143 47 47
144 0 15
145 46 47
146 47 47
147 46 47
148 47 47
149 0 46
150 46 0
151 47 0
152 0 0
153 0 1
154 0 47
155 0 46
156 0 0
157 0 1
158 0 14
159 0 47
160 46 47
161 46 0
162 0 0
163 47 0
164 0 1
165 46 0
166 47 0
167 0 46
168 47 47
169 46 47
170 46 0
171 47 47
172 0 0
173 0 47
174 47 0
175 46 47
176 47 47
177 46 47
178 0 13
179 0 12
180 0 46
181 46 0
182 47 47
183 0 1
184 46 47
185 47 47
186 0 0
187 46 47
188 47 0
189 0 47
190 47 47
191 0 46
192 46 0
193 46 47
194 0 1
195 47 47
196 47 0
197 46 47
198 0 0
199 0 1
200 46 0
201 47 0
202 0 11
203 0 10
204 47 47
205 0 0
206 0 47
207 0 9
208 0 1
209 46 47
210 47 47
211 0 46
212 0 8
213 46 47
214 0 7
215 46 0
216 47 0
217 0 47
218 47 47
219 46 47
220 0 6
221 0 5
222 0 4
223 0 3
224 46 0
225 47 0
226 47 47
227 0 46
228 0 0
229 0 1
230 46 47
231 0 47
232 0 4
233 0 0
234 47 47
235 0 46
236 0 3
237 0 2
238 0 3
239 46 47
240 0 2
241 0 47
242 0 46
243 0 3
244 0 1
245 47 47
246 0 2
247 0 3
248 0 47
249 0 2
250 46 47
251 0 3
252 46 0
253 47 0
254 47 47
255 46 0
256 0 4
257 46 47
258 0 46
259 0 3
260 47 47
261 0 47
262 46 47
263 0 0
264 0 2
265 0 3
266 47 47
267 47 0
268 0 46
269 46 0
270 46 47
271 0 2
272 0 47
273 1 0
274 0 46
275 0 1
276 47 47
277 0 2
278 0 1
279 0 47
280 47 0
281 0 2
282 46 0
283 0 46
284 0 0
285 46 47
286 0 47
287 47 0
288 0 1
289 0 46
290 47 47
291 46 47
292 46 0
293 47 0
294 46 0
295 47 47
296 0 47
297 46 47
298 47 47
299 1 0
300 47 0
301 2 0
302 0 46
303 46 47
304 47 47
305 0 0
306 0 1
307 0 47
308 0 46
309 1 0
310 46 47
311 47 47
312 2 0
313 0 47
314 1 0
315 46 0
316 2 0
317 0 46
318 1 0
319 0 2
320 0 47
321 0 1
322 0 0
323 47 0
324 0 46
325 46 47
326 1 0
327 47 47
328 46 0
329 47 0
330 0 47
331 2 0
332 0 46
333 46 47
334 0 0
335 47 47
336 46 47
337 47 47
338 0 1
339 46 0
340 46 47
341 0 0
342 47 47
343 0 47
344 0 46
345 3 0
346 47 0
347 0 47
348 0 46
349 46 0
350 0 47
351 0 1
352 47 0
353 0 46
354 46 0
355 2 0
356 1 0
357 47 0
358 2 0
359 0 0
360 0 47
361 0 1
362 46 0
363 46 47
364 1 0
365 0 0
366 0 1
367 0 46
368 0 0
369 47 0
370 46 0
371 0 47
372 0 46
373 47 47
374 0 1
375 46 47
376 47 0
377 46 0
378 47 47
379 46 47
380 0 2
381 0 47
382 47 0
383 0 46
384 0 1
385 46 0
386 2 0
387 1 0
388 0 2
389 0 1
390 0 2
391 47 47
392 46 47
393 0 0
394 47 0
395 0 47
396 0 46
397 1 0
398 0 1
399 47 47
400 0 47
401 46 0
402 0 46
403 47 0
404 46 0
405 47 0
406 0 47
407 46 0
408 0 2
409 0 46
410 46 47
411 47 47
412 46 47
413 47 47
414 0 47
415 0 46
416 47 0
417 0 0
418 1 0
419 46 47
420 47 47
421 46 0
422 0 0
423 47 0
424 46 0
425 47 0
426 46 47
427 0 3
428 0 1
429 0 0
430 0 47
431 0 2
432 46 0
433 47 0
434 0 3
435 46 0
436 0 1
437 47 47
438 0 0
439 47 0
440 46 47
441 46 0
442 0 2
443 47 0
444 1 0
445 0 1
446 47 47
447 46 0
448 2 0
449 0 0
450 1 0
451 47 0
452 2 0
453 46 0
454 46 47
455 0 46
456 0 47
457 3 0
458 0 46
459 2 0
460 0 47
461 47 47
462 0 1
463 47 0
464 0 46
465 46 0
466 1 0
467 46 47
468 47 0
469 46 0
470 0 0
471 47 0
472 47 47
473 0 47
474 46 47
475 47 47
476 1 0
477 46 0
478 46 47
479 0 46
480 47 0
481 0 2
482 0 0
483 0 47
484 47 47
485 46 47
486 47 47
487 46 47
488 0 3
489 0 2
490 47 47
491 46 47
492 1 0
493 47 47
494 0 1
495 46 47
496 0 2
497 46 0
498 0 46
499 47 0
500 47 47
501 0 1
502 0 0
503 0 47
504 1 0
505 46 0
506 47 0
507 46 47
508 47 47
509 46 0
510 47 0
511 0 46
512 0 47
513 46 47
514 47 47
515 46 47
516 0 2
517 0 1
518 0 2
519 47 47
520 0 46
521 0 0
522 1 0
523 0 1
524 46 47
525 0 2
526 46 0
527 47 47
528 46 47
529 47 0
530 0 1
531 0 2
532 0 47
533 0 0
534 47 47
535 46 0
536 46 47
537 0 46
538 0 47
539 0 3
540 47 0
541 47 47
542 0 1
543 0 46
544 0 47
545 0 4
546 0 46
547 46 0
548 0 47
549 0 46
550 0 3
551 47 0
552 0 0
553 46 47
554 0 47
555 46 0
556 47 47
557 0 46
558 0 47
559 47 0
560 46 47
561 0 46
562 47 47
563 0 1
564 0 0
565 0 1
566 46 47
567 0 0
568 47 47
569 0 47
570 0 1
571 0 46
572 46 0
573 47 0
574 0 4
575 46 0
576 0 47
577 46 47
578 0 46
579 47 47
580 0 0
581 46 47
582 0 47
583 47 0
584 0 3
585 0 46
586 0 47
587 0 2
588 0 3
589 0 2
590 46 0
591 0 3
592 47 47
593 0 2
594 1 0
595 0 1
596 2 0
597 1 0
598 46 47
599 0 2
600 0 1
601 2 0
602 1 0
603 2 0
604 0 0
605 0 1
606 0 46
607 0 47
608 0 0
609 0 46
610 0 47
611 1 0
612 47 47
613 47 0
614 0 46
615 2 0
616 0 47
617 0 46
618 0 47
619 46 0
620 3 0
621 47 0
622 0 46
623 46 0
624 0 47
625 0 46
626 46 47
627 47 47
628 0 1
629 2 0
630 1 0
631 2 0
632 0 0
633 47 0
634 0 1
635 0 47
636 0 46
637 0 47
638 46 47
639 1 0
640 47 47
641 2 0
642 46 47
643 1 0
644 0 46
645 2 0
646 47 47
647 0 47
648 0 0
649 1 0
650 46 0
651 0 0
652 46 47
653 47 47
654 46 47
655 47 47
656 47 0
657 46 0
658 47 0
659 46 0
660 47 0
661 0 1
662 46 0
663 1 0
664 47 0
665 46 0
666 0 46
667 0 2
668 0 47
669 46 47
670 47 0
671 46 0
672 0 46
673 0 1
674 0 47
675 0 0
676 0 46
677 47 0
678 47 47
679 1 0
680 46 0
681 0 47
682 46 47
683 0 46
684 47 0
685 46 0
686 47 0
687 0 47
688 46 0
689 47 0
690 2 0
691 0 46
692 0 0
693 3 0
694 0 1
695 47 47
696 0 47
697 0 0
698 0 1
699 0 0
700 0 1
701 46 47
702 0 46
703 47 47
704 46 47
705 2 0
706 1 0
707 2 0
708 46 0
709 1 0
710 0 2
711 47 0
712 47 47
713 46 0
714 0 0
715 1 0
716 0 0
717 47 0
718 0 47
719 0 3
720 0 1
721 46 0
722 0 4
723 0 0
724 0 46
725 0 1
726 0 47
727 47 0
728 46 0
729 47 0
730 0 0
731 46 0
732 0 1
733 0 46
734 47 0
735 0 47
736 46 0
737 0 46
738 0 3
739 0 47
740 47 0
741 0 0
742 46 47
743 0 46
744 47 47
745 0 1
746 0 47
747 0 4
748 46 0
749 0 0
750 0 1
751 47 0
752 46 0
753 0 3
754 47 0
755 0 0
756 0 46
757 46 0
758 0 1
759 0 0
760 46 47
761 0 47
762 0 46
763 0 2
764 0 47
765 0 46
766 0 3
767 0 2
768 0 47
769 47 0
770 47 47
771 0 1
772 0 0
773 0 46
774 0 1
775 46 0
776 0 47
777 0 0
778 1 0
779 46 47
780 47 47
781 47 0
782 0 0
783 1 0
784 0 46
785 0 1
786 46 0
787 2 0
788 47 0
789 0 47
790 0 46
791 1 0
792 46 47
793 2 0
794 0 47
795 1 0
796 0 2
797 0 46
798 0 0
799 0 3
800 0 1
801 46 0
802 0 4
803 0 47
804 0 46
805 47 47
806 46 47
807 0 3
808 47 47
809 46 47
810 0 47
811 47 47
812 0 0
813 46 47
814 0 1
815 0 4
816 47 47
817 0 46
818 0 0
819 0 3
820 0 47
821 46 47
822 0 46
823 0 1
824 0 0
825 47 0
826 0 47
827 0 2
828 47 47
829 46 0
830 1 0
831 0 1
832 2 0
833 0 0
834 0 46
835 46 47
836 47 47
837 3 0
838 0 1
839 47 0
840 0 47
841 2 0
842 46 47
843 0 46
844 0 47
845 46 0
846 47 0
847 46 0
848 1 0
849 2 0
850 47 47
851 47 0
852 1 0
853 0 46
854 0 2
855 0 47
856 0 46
857 0 0
858 46 47
859 46 0
860 1 0
861 0 0
862 0 47
863 47 0
864 1 0
865 0 1
866 47 47
867 46 47
868 0 2
869 0 0
870 46 0
871 47 47
872 46 47
873 47 0
874 47 47
875 0 3
876 0 1
877 46 0
878 0 46
879 0 0
880 0 2
881 0 3
882 0 1
883 0 2
884 0 47
885 0 3
886 47 0
887 46 0
888 0 4
889 47 0
890 46 47
891 47 47
892 46 47
893 46 0
894 0 0
895 47 47
896 47 0
897 46 47
898 47 47
899 46 47
900 46 0
901 47 0
902 47 47
903 46 0
904 0 1
905 0 3
906 0 4
907 46 47
908 47 47
909 46 47
910 0 3
911 47 47
912 0 0
913 0 46
914 0 1
915 0 0
916 0 47
917 0 2
918 0 3
919 47 0
920 0 1
921 0 0
922 46 47
923 47 47
924 0 46
925 0 47
926 0 1
927 46 47
928 0 0
929 47 47
930 46 0
931 46 47
932 0 2
933 47 47
934 0 46
935 0 3
936 46 47
937 0 1
938 47 0
939 0 4
940 0 47
941 0 0
942 0 1
943 0 46
944 0 3
945 0 47
946 0 0
947 46 0
948 47 0
949 0 2
950 0 46
951 0 47
952 0 1
953 47 47
954 46 47
955 0 2
956 0 46
957 47 47
958 46 47
959 47 47
960 0 47
961 46 0
962 0 3
963 0 46
964 0 2
965 1 0
966 0 1
967 47 0
968 46 0
969 0 2
970 0 47
971 0 46
972 47 0
973 46 0
974 0 0
975 46 47
976 47 0
977 0 1
978 46 0
979 0 47
980 0 46
981 47 47
982 0 47
983 47 0
984 0 0
985 0 46
986 0 47
987 46 47
988 0 3
989 0 1
990 0 0
991 0 2
992 1 0
993 0 46
994 0 47
995 46 0
996 47 47
997 0 0
998 47 0
999 0 3
1000 0 46
1001 46 47
1002 0 2
1003 47 47
1004 0 3
1005 46 0
1006 0 1
1007 47 0
1008 0 2
1009 0 47
1010 0 46
1011 46 47
1012 0 3
1013 0 4
1014 47 47
1015 46 47
1016 0 3
1017 46 0
1018 0 47
1019 47 47
1020 0 0
1021 46 47
1022 0 1
1023 47 47
1024 46 47
1025 0 46
1026 0 4
1027 0 3
1028 47 0
1029 46 0
1030 47 47
1031 46 47
1032 47 0
1033 0 47
1034 0 46
1035 0 0
1036 47 47
1037 46 47
1038 47 47
1039 0 2
1040 0 47
1041 1 0
1042 46 47
1043 0 46
1044 0 1
1045 2 0
1046 0 47
1047 0 46
1048 1 0
1049 2 0
1050 0 0
1051 46 0
1052 0 47
1053 3 0
1054 0 1
1055 0 46
1056 0 47
1057 47 47
1058 47 0
1059 46 47
1060 47 47
1061 2 0
1062 46 0
1063 1 0
1064 2 0
1065 47 0
1066 46 47
1067 0 46
1068 0 0
1069 3 0
1070 47 47
1071 46 0
1072 47 0
1073 0 47
1074 46 47
1075 0 1
1076 47 47
1077 0 0
1078 46 0
1079 47 0
1080 0 1
1081 2 0
1082 46 47
1083 0 0
1084 0 1
1085 0 46
1086 0 0
1087 0 47
1088 0 1
1089 1 0
1090 46 0
1091 2 0
1092 47 0
1093 1 0
1094 0 2
1095 0 1
1096 47 47
1097 46 0
1098 0 46
1099 0 2
1100 0 47
1101 0 1
1102 0 2
1103 0 46
1104 0 0
1105 47 0
1106 46 0
1107 0 47
1108 0 3
1109 46 47
1110 0 1
1111 47 0
1112 46 0
1113 0 4
1114 0 3
1115 0 0
1116 0 46
1117 47 47
1118 47 0
1119 46 47
1120 0 2
1121 47 47
1122 0 3
1123 0 2
1124 0 1
1125 0 47
1126 0 0
1127 46 0
1128 47 0
1129 0 1
1130 0 0
1131 0 46
1132 0 47
1133 46 47
1134 0 46
1135 0 47
1136 1 0
1137 46 0
1138 0 46
1139 47 47
1140 0 1
1141 2 0
1142 46 47
1143 0 47
1144 0 0
1145 3 0
1146 47 0
1147 47 47
1148 46 0
1149 0 1
1150 0 46
1151 2 0
1152 0 0
1153 3 0
1154 0 47
1155 2 0
1156 3 0
1157 46 47
1158 0 46
1159 0 1
1160 47 0
1161 0 0
1162 46 0
1163 47 47
1164 2 0
1165 0 1
1166 47 0
1167 46 0
1168 0 47
1169 0 46
1170 47 0
1171 0 0
1172 46 47
1173 46 0
1174 47 47
1175 3 0
1176 47 0
1177 0 1
1178 46 0
1179 47 0
1180 46 0
1181 2 0
1182 47 0
1183 0 47
1184 0 46
1185 46 0
1186 46 47
1187 0 0
1188 0 1
1189 47 0
1190 47 47
1191 46 47
1192 46 0
1193 47 0
1194 1 0
1195 46 0
1196 47 47
1197 0 47
1198 0 2
1199 46 47
1200 0 1
1201 0 2
1202 0 46
1203 0 1
1204 2 0
1205 0 0
1206 0 1
1207 47 47
1208 0 47
1209 47 0
1210 46 0
1211 47 0
1212 0 46
1213 46 47
1214 46 0
1215 1 0
1216 2 0
1217 0 0
1218 0 1
1219 47 0
1220 46 0
1221 1 0
1222 0 47
1223 47 47
1224 46 47
1225 47 0
1226 0 2
1227 46 0
1228 47 0
1229 0 1
1230 0 46
1231 47 47
1232 2 0
1233 46 0
1234 46 47
1235 47 47
1236 0 47
1237 0 0
1238 46 47
1239 47 47
1240 0 46
1241 47 0
1242 46 0
1243 46 47
1244 47 0
1245 0 1
1246 0 0
1247 3 0
1248 46 0
1249 47 47
1250 46 47
1251 2 0
1252 3 0
1253 47 0
1254 0 1
1255 0 47
1256 0 0
1257 0 46
1258 47 47
1259 46 0
1260 0 1
1261 0 0
1262 46 47
1263 47 47
1264 0 1
1265 47 0
1266 0 47
1267 46 47
1268 2 0
1269 47 47
1270 0 0
1271 46 47
1272 0 46
1273 46 0
1274 1 0
1275 47 0
1276 2 0
1277 3 0
1278 0 47
1279 2 0
1280 46 0
1281 3 0
1282 47 47
1283 46 47
1284 0 46
1285 2 0
1286 0 1
1287 0 0
1288 47 47
1289 0 47
1290 46 47
1291 0 1
1292 47 47
1293 0 46
1294 1 0
1295 46 47
1296 2 0
1297 1 0
1298 47 47
1299 0 47
1300 0 2
1301 0 1
1302 47 0
1303 0 46
1304 0 2
1305 0 0
1306 46 47
1307 46 0
1308 0 47
1309 0 46
1310 0 1
1311 47 47
1312 0 0
1313 0 47
1314 47 0
1315 46 47
1316 0 46
1317 46 0
1318 47 0
1319 0 47
1320 0 46
1321 0 3
1322 46 0
1323 0 47
1324 0 2
1325 47 0
1326 0 46
1327 0 3
1328 0 47
1329 46 0
1330 0 1
1331 47 47
1332 0 0
1333 0 2
1334 0 3
1335 0 2
1336 47 0
1337 1 0
1338 0 46
1339 46 0
1340 0 1
1341 0 2
1342 0 1
1343 2 0
1344 0 0
1345 0 47
1346 47 0
1347 1 0
1348 0 46
1349 0 47
1350 46 47
1351 46 0
1352 47 47
1353 2 0
1354 46 47
1355 47 47
1356 47 0
1357 46 47
1358 47 47
1359 0 1
1360 46 0
1361 0 0
1362 0 46
1363 0 1
1364 47 0
1365 0 0
1366 46 47
1367 3 0
1368 47 47
1369 0 47
1370 46 0
1371 0 46
1372 47 0
1373 46 47
1374 46 0
1375 0 1
1376 47 0
1377 0 47
1378 46 0
1379 0 0
1380 0 1
1381 0 46
1382 0 0
1383 0 1
1384 47 0
1385 46 0
1386 47 0
1387 46 0
1388 0 47
1389 47 0
1390 46 0
1391 0 0
1392 47 0
1393 2 0
1394 47 47
1395 3 0
1396 0 46
1397 2 0
1398 0 47
1399 46 47
1400 1 0
1401 47 47
1402 46 0
1403 0 46
1404 0 0
1405 0 47
1406 0 46
1407 1 0
1408 47 0
1409 46 0
1410 0 47
1411 46 47
1412 47 0
1413 0 0
1414 46 0
1415 1 0
1416 47 0
1417 47 47
1418 0 46
1419 46 47
1420 0 47
1421 0 46
1422 0 47
1423 0 0
1424 0 46
1425 0 1
1426 47 47
1427 1 0
1428 0 47
1429 46 47
1430 47 47
1431 2 0
1432 0 46
1433 46 47
1434 47 47
1435 0 47
1436 0 46
1437 1 0
1438 0 47
1439 0 0
1440 46 47
1441 0 1
1442 47 47
1443 0 46
1444 46 47
1445 0 0
1446 47 47
1447 46 47
1448 0 47
1449 0 1
1450 47 47
1451 46 47
1452 0 46
1453 0 47
1454 0 2
1455 47 47
1456 46 47
1457 0 46
1458 0 47
1459 0 0
1460 47 47
1461 0 1
1462 0 2
1463 46 0
1464 47 0
1465 0 3
1466 46 47
1467 0 46
1468 47 47
1469 0 2
1470 46 47
1471 46 0
1472 1 0
1473 0 1
1474 0 2
1475 0 47
1476 0 0
1477 0 3
1478 0 2
1479 47 0
1480 46 0
1481 47 47
1482 1 0
1483 47 0
1484 0 1
1485 2 0
1486 0 0
1487 1 0
1488 46 47
1489 0 0
1490 46 0
1491 0 46
1492 47 0
1493 47 47
1494 46 47
1495 0 1
1496 46 0
1497 0 0
1498 0 1
1499 0 0
1500 47 47
1501 46 47
1502 47 0
1503 3 0
1504 47 47
1505 2 0
1506 0 1
1507 1 0
1508 0 0
1509 46 0
1510 0 1
1511 46 47
1512 0 47
1513 0 2
1514 47 0
1515 46 0
1516 0 1
1517 47 47
1518 0 2
1519 0 0
1520 1 0
1521 47 0
1522 0 1
1523 46 47
1524 47 47
1525 0 2
1526 46 0
1527 0 46
1528 0 0
1529 46 47
1530 47 47
1531 47 0
1532 1 0
1533 0 1
1534 0 47
1535 2 0
1536 1 0
1537 2 0
1538 46 0
1539 1 0
1540 2 0
1541 0 0
1542 0 1
1543 46 47
1544 0 46
1545 1 0
1546 0 47
1547 47 0
1548 47 47
1549 2 0
1550 46 47
1551 1 0
1552 0 2
1553 0 0
1554 47 47
1555 0 46
1556 46 47
1557 47 47
1558 0 47
1559 1 0
1560 0 0
1561 46 0
1562 0 3
1563 46 47
1564 0 46
1565 47 0
1566 0 47
1567 0 1
1568 46 0
1569 0 0
1570 0 2
1571 47 0
1572 1 0
1573 46 0
1574 47 0
1575 47 47
1576 0 46
1577 46 47
1578 0 0
1579 46 0
1580 0 47
1581 1 0
1582 0 1
1583 0 46
1584 2 0
1585 0 47
1586 47 0
1587 0 46
1588 0 47
1589 47 47
1590 0 46
1591 0 47
1592 0 0
1593 0 1
1594 46 47
1595 0 46
1596 1 0
1597 47 47
1598 46 47
1599 2 0
1600 0 0
1601 47 47
1602 0 1
1603 46 47
1604 46 0
1605 1 0
1606 0 47
1607 0 2
1608 0 46
1609 47 0
1610 0 47
1611 0 1
1612 46 0
1613 47 0
1614 0 2
1615 0 46
1616 0 1
1617 2 0
1618 46 0
1619 47 0
1620 46 0
1621 47 47
1622 47 0
1623 46 0
1624 0 0
1625 46 47
1626 47 47
1627 3 0
1628 2 0
1629 3 0
1630 2 0
1631 0 47
1632 0 1
1633 1 0
1634 0 0
1635 0 46
1636 46 47
1637 47 0
1638 46 0
1639 47 0
1640 47 47
1641 46 0
1642 46 47
1643 0 47
1644 47 0
1645 1 0
1646 46 0
1647 0 46
1648 47 47
1649 2 0
1650 0 47
1651 47 0
1652 0 0
1653 46 47
1654 0 1
1655 1 0
1656 2 0
1657 1 0
1658 0 46
1659 0 2
1660 0 1
1661 46 0
1662 0 47
1663 47 47
1664 2 0
1665 46 47
1666 1 0
1667 2 0
1668 47 47
1669 47 0
1670 0 0
1671 0 1
1672 0 46
1673 46 47
1674 47 47
1675 1 0
1676 2 0
1677 46 47
1678 0 0
1679 3 0
1680 0 1
1681 47 47
1682 46 47
1683 47 47
1684 2 0
1685 0 47
1686 0 0
1687 0 46
1688 46 47
1689 47 47
1690 0 47
1691 46 0
1692 0 1
1693 46 47
1694 47 47
1695 46 47
1696 0 0
1697 0 46
1698 3 0
1699 47 0
1700 0 1
1701 2 0
1702 0 0
1703 1 0
1704 0 47
1705 2 0
1706 47 47
1707 0 46
1708 3 0
1709 46 0
1710 2 0
1711 46 47
1712 47 47
1713 46 47
1714 47 0
1715 3 0
1716 0 47
1717 0 1
1718 47 47
1719 0 0
1720 0 1
1721 46 0
1722 0 0
1723 0 1
1724 2 0
1725 0 0
1726 0 46
1727 0 47
1728 0 46
1729 1 0
1730 0 0
1731 0 47
1732 0 46
1733 0 47
1734 0 1
1735 47 0
1736 46 0
1737 0 0
1738 47 0
1739 0 1
1740 46 47
1741 47 47
1742 46 0
1743 1 0
1744 0 2
1745 0 0
1746 47 0
1747 0 46
1748 46 0
1749 0 3
1750 0 1
1751 47 0
1752 0 0
1753 46 47
1754 47 47
1755 0 2
1756 1 0
1757 0 47
1758 46 47
1759 0 46
1760 0 47
1761 0 46
1762 47 47
1763 0 1
1764 0 2
1765 46 0
1766 0 47
1767 0 46
1768 47 0
1769 0 1
1770 0 2
1771 46 0
1772 0 0
1773 0 3
1774 47 0
1775 46 47
1776 0 1
1777 0 47
1778 47 47
1779 0 46
1780 0 47
1781 46 0
1782 0 4
1783 0 46
1784 46 47
1785 47 47
1786 0 0
1787 46 47
1788 0 3
1789 0 47
1790 47 47
1791 0 1
1792 0 0
1793 0 1
1794 0 0
1795 0 2
1796 0 46
1797 47 0
1798 0 47
1799 0 46
1800 46 0
1801 46 47
1802 0 3
1803 47 0
1804 0 2
1805 0 47
1806 1 0
1807 0 46
1808 0 47
1809 46 0
1810 47 47
1811 0 0
1812 47 0
1813 0 3
1814 0 1
1815 46 47
1816 46 0
1817 47 0
1818 0 46
1819 0 47
1820 0 0
1821 0 2
1822 0 46
1823 0 3
1824 47 47
1825 46 47
1826 0 1
1827 0 0
1828 46 0
1829 47 47
1830 46 47
1831 47 0
1832 0 2
1833 47 47
1834 1 0
1835 0 1
1836 46 0
1837 2 0
1838 1 0
1839 46 47
1840 47 0
1841 0 2
1842 0 1
1843 47 47
1844 46 47
1845 0 47
1846 2 0
1847 47 47
1848 46 0
1849 46 47
1850 47 47
1851 0 0
1852 47 0
1853 46 47
1854 0 46
1855 46 0
1856 3 0
1857 0 47
1858 2 0
1859 47 47
1860 3 0
1861 0 46
1862 2 0
1863 46 47
1864 47 47
1865 46 47
1866 0 1
1867 47 0
1868 47 47
1869 46 0
1870 0 47
1871 0 0
1872 3 0
1873 2 0
1874 0 46
1875 0 1
1876 1 0
1877 46 47
1878 47 47
1879 47 0
1880 0 2
1881 46 0
1882 0 47
1883 0 0
1884 46 47
1885 1 0
1886 0 1
1887 47 47
1888 0 46
1889 0 47
1890 2 0
1891 1 0
1892 47 0
1893 0 2
1894 0 1
1895 46 0
1896 2 0
1897 0 0
1898 0 1
1899 1 0
1900 47 0
1901 0 46
1902 46 47
1903 2 0
1904 46 0
1905 0 0
1906 3 0
1907 47 0
1908 0 47
1909 2 0
1910 47 47
1911 0 1
1912 0 0
1913 0 1
1914 1 0
1915 0 46
1916 0 47
1917 0 46
1918 46 0
1919 0 2
1920 0 0
1921 47 0
1922 46 47
1923 0 3
1924 47 47
1925 46 47
1926 0 47
1927 0 1
1928 0 46
1929 46 0
1930 0 47
1931 47 47
1932 0 46
1933 47 0
1934 0 0
1935 0 2
1936 1 0
1937 0 47
1938 0 1
1939 0 46
1940 2 0
1941 46 47
1942 0 47
1943 0 0
1944 47 47
1945 3 0
1946 2 0
1947 46 0
1948 0 46
1949 47 0
1950 0 47
1951 0 46
1952 0 1
1953 46 0
1954 46 47
1955 47 47
1956 46 47
1957 0 0
1958 47 47
1959 3 0
1960 2 0
1961 0 1
1962 1 0
1963 2 0
1964 0 0
1965 3 0
1966 46 47
1967 2 0
1968 1 0
1969 0 47
1970 0 0
1971 0 46
1972 0 1
1973 0 0
1974 47 47
1975 0 1
1976 0 0
1977 47 0
1978 46 0
1979 46 47
1980 3 0
1981 47 0
1982 0 47
1983 46 0
1984 0 1
1985 47 47
1986 0 46
1987 46 47
1988 0 0
1989 47 47
1990 0 1
1991 0 47
1992 46 47
1993 47 47
1994 0 0
1995 0 1
1996 46 47
1997 0 46
1998 2 0
1999 0 47
2000 47 47
2001 46 47
2002 0 46
2003 1 0
2004 47 47
2005 0 47
2006 0 46
2007 0 2
2008 0 1
2009 0 2
2010 0 0
2011 47 0
2012 46 47
2013 1 0
2014 47 47
2015 0 0
2016 46 47
2017 0 3
2018 0 1
2019 0 0
2020 46 0
2021 0 2
2022 0 47
2023 0 3
2024 0 2
2025 0 46
2026 0 47
2027 1 0
2028 47 47
2029 0 1
2030 0 46
2031 47 0
2032 2 0
2033 0 0
2034 46 47
2035 47 47
2036 3 0
2037 0 1
2038 46 47
2039 47 47
2040 46 47
2041 47 47
2042 0 0
2043 46 0
2044 0 47
2045 0 46
2046 47 0
2047 46 47
2048 47 47
2049 0 1
2050 2 0
2051 0 47
2052 0 46
2053 0 0
2054 46 47
2055 3 0
2056 0 1
2057 47 47
2058 46 47
2059 0 0
2060 46 0
2061 0 1
2062 47 0
2063 47 47
2064 46 0
2065 2 0
2066 47 0
2067 46 0
2068 0 0
2069 47 0
2070 46 0
2071 47 0
2072 0 1
2073 1 0
2074 2 0
2075 46 47
2076 47 47
2077 1 0
2078 2 0
2079 0 47
2080 46 47
2081 46 0
2082 47 47
2083 46 47
2084 0 0
2085 47 0
2086 46 0
2087 0 1
2088 0 46
2089 47 47
2090 47 0
2091 0 47
2092 0 0
2093 3 0
2094 0 46
2095 0 47
2096 46 47
2097 2 0
2098 0 1
2099 1 0
2100 47 47
2101 46 47
2102 0 46
2103 46 0
2104 47 0
2105 0 47
2106 0 46
2107 0 47
2108 0 2
2109 0 46
2110 0 0
2111 0 3
2112 0 2
2113 47 47
2114 46 47
2115 0 47
2116 0 3
2117 0 46
2118 0 2
2119 47 47
2120 1 0
2121 0 0
2122 0 3
2123 0 2
2124 1 0
2125 0 47
2126 0 0
2127 46 0
2128 47 0
2129 46 0
2130 0 46
2131 0 3
2132 46 47
2133 0 1
2134 0 4
2135 0 47
2136 47 0
2137 47 47
2138 0 3
2139 0 4
2140 46 47
2141 0 46
2142 0 0
2143 46 0
2144 0 1
2145 0 0
2146 47 47
2147 0 3
2148 0 2
2149 47 0
2150 46 47
2151 46 0
2152 47 0
2153 1 0
2154 0 0
2155 47 47
2156 0 3
2157 0 47
2158 46 47
2159 0 46
2160 46 0
2161 0 47
2162 0 46
2163 0 47
2164 0 1
2165 0 46
2166 47 0
2167 47 47
2168 46 47
2169 47 47
2170 0 0
2171 0 2
2172 1 0
2173 46 47
2174 47 47
2175 0 1
2176 0 2
2177 0 0
2178 0 47
2179 1 0
2180 0 46
2181 0 1
2182 2 0
2183 46 47
2184 46 0
2185 1 0
2186 0 47
2187 47 47
2188 2 0
2189 0 0
2190 0 1
2191 0 0
2192 46 47
2193 0 46
2194 0 1
2195 0 47
2196 47 47
2197 47 0
2198 1 0
2199 0 46
2200 46 0
2201 0 2
2202 0 47
2203 46 47
2204 0 46
2205 0 0
2206 47 0
2207 1 0
2208 46 0
2209 47 47
2210 0 1
2211 0 47
2212 46 47
2213 47 47
2214 2 0
2215 1 0
2216 0 46
2217 46 47
2218 47 0
2219 0 2
2220 0 1
2221 0 2
2222 46 0
2223 0 47
2224 0 0
2225 47 0
2226 47 47
2227 0 3
2228 0 2
2229 1 0
2230 0 1
2231 0 2
2232 0 0
2233 0 3
2234 0 46
2235 0 2
2236 1 0
2237 0 47
2238 0 1
2239 0 46
2240 46 0
2241 47 0
2242 2 0
2243 46 47
2244 47 47
2245 46 47
2246 46 0
2247 47 47
2248 46 47
2249 0 47
2250 47 47
2251 0 0
2252 0 1
2253 46 47
2254 47 47
2255 1 0
2256 46 47
2257 47 0
2258 2 0
2259 46 0
2260 0 0
2261 47 0
2262 47 47
2263 0 46
2264 0 1
2265 1 0
2266 46 0
2267 0 47
2268 0 0
2269 0 46
2270 47 0
2271 46 0
2272 47 0
2273 46 0
2274 47 0
2275 0 47
2276 46 47
2277 47 47
2278 0 1
2279 46 0
2280 47 0
2281 0 46
2282 0 47
2283 2 0
2284 46 47
2285 0 0
2286 47 47
2287 3 0
2288 0 46
2289 46 0
2290 0 1
2291 47 0
2292 46 0
2293 0 0
2294 47 0
2295 0 47
2296 46 47
2297 0 1
2298 2 0
2299 46 0
2300 47 0
2301 47 47
2302 0 46
2303 0 0
2304 3 0
2305 46 0
2306 46 47
2307 0 1
2308 0 47
2309 0 0
2310 0 46
2311 0 47
2312 47 47
2313 0 1
2314 0 46
2315 2 0
2316 0 0
2317 0 47
2318 0 1
2319 47 0
2320 46 47
2321 47 47
2322 1 0
2323 0 0
2324 46 47
2325 0 46
2326 0 1
2327 47 47
2328 46 47
2329 46 0
2330 47 47
2331 47 0
2332 46 47
2333 47 47
2334 46 47
2335 2 0
2336 1 0
2337 0 2
2338 0 1
2339 0 47
2340 0 46
2341 0 2
2342 46 0
2343 0 47
2344 0 0
2345 47 0
2346 46 0
2347 0 46
2348 47 0
2349 47 47
2350 46 47
2351 46 0
2352 0 1
2353 0 47
2354 0 46
2355 0 2
2356 47 47
2357 0 3
2358 0 47
2359 47 0
2360 46 47
2361 47 47
2362 46 47
2363 0 2
2364 0 46
2365 46 0
2366 1 0
2367 0 1
2368 0 2
2369 0 47
2370 47 47
2371 46 47
2372 47 47
2373 0 0
2374 1 0
2375 0 46
2376 0 0
2377 0 47
2378 1 0
2379 46 47
2380 0 0
2381 1 0
2382 0 1
2383 47 0
2384 46 0
2385 47 0
2386 47 47
2387 2 0
2388 0 0
2389 0 1
2390 0 46
2391 46 47
2392 0 0
2393 46 0
2394 0 1
2395 47 47
2396 47 0
2397 1 0
2398 0 47
2399 46 47
2400 2 0
2401 0 0
2402 47 47
2403 3 0
2404 46 0
2405 46 47
2406 0 46
2407 2 0
2408 0 47
2409 3 0
2410 47 0
2411 46 0
2412 0 1
2413 0 0
2414 0 46
2415 47 0
2416 0 47
2417 2 0
2418 46 0
2419 3 0
2420 0 46
2421 2 0
2422 47 0
2423 1 0
2424 0 47
2425 0 0
2426 0 46
2427 47 47
2428 46 47
2429 0 47
2430 0 1
2431 0 0
2432 46 0
2433 47 47
2434 47 0
2435 0 1
2436 0 46
2437 0 47
2438 1 0
2439 46 47
2440 2 0
2441 0 0
2442 47 47
2443 46 0
2444 3 0
2445 2 0
2446 0 1
2447 0 0
2448 0 1
2449 0 46
2450 46 47
2451 0 0
2452 47 47
2453 47 0
2454 3 0
2455 2 0
2456 0 47
2457 0 1
2458 1 0
2459 46 47
2460 2 0
2461 1 0
2462 46 0
2463 47 47
2464 2 0
2465 47 0
2466 46 47
2467 0 0
2468 0 46
2469 46 0
2470 47 47
2471 47 0
2472 0 1
2473 0 47
2474 1 0
2475 46 47
2476 0 46
2477 47 47
2478 0 2
2479 0 0
2480 46 0
2481 0 3
2482 0 1
2483 0 4
2484 46 47
2485 0 0
2486 47 0
2487 46 0
2488 0 1
2489 47 47
2490 0 0
2491 0 3
2492 0 47
2493 46 47
2494 0 46
2495 0 1
2496 0 0
2497 47 0
2498 0 2
2499 46 0
2500 47 47
2501 1 0
2502 0 1
2503 0 47
2504 2 0
2505 47 0
2506 1 0
2507 46 0
2508 0 46
2509 47 0
2510 0 2
2511 0 47
2512 0 0
2513 1 0
2514 46 0
2515 46 47
2516 0 0
2517 0 46
2518 1 0
2519 47 0
2520 46 0
2521 0 47
2522 0 1
2523 47 47
2524 47 0
2525 0 0
2526 46 0
2527 0 46
2528 47 0
2529 0 1
2530 0 47
2531 46 0
2532 0 0
2533 47 0
2534 46 47
2535 47 47
2536 46 47
2537 0 46
2538 0 1
2539 0 2
2540 0 47
2541 47 47
2542 46 47
2543 0 1
2544 2 0
2545 0 0
2546 3 0
2547 2 0
2548 0 1
2549 47 47
2550 1 0
2551 46 0
2552 0 46
2553 46 47
2554 0 2
2555 0 0
2556 0 47
2557 47 47
2558 1 0
2559 46 47
2560 0 1
2561 47 47
2562 2 0
2563 1 0
2564 2 0
2565 0 46
2566 1 0
2567 46 47
2568 0 47
2569 2 0
2570 0 0
2571 0 1
2572 47 47
2573 1 0
2574 0 46
2575 47 0
2576 0 2
2577 46 0
2578 0 47
2579 0 46
2580 47 0
2581 0 47
2582 0 0
2583 46 47
2584 46 0
2585 47 0
2586 46 0
2587 47 47
2588 46 47
2589 0 3
2590 0 1
2591 47 0
2592 0 46
2593 0 4
2594 46 0
2595 47 47
2596 0 3
2597 0 47
2598 47 0
2599 46 47
2600 46 0
2601 0 0
2602 0 2
2603 0 3
2604 0 46
2605 0 1
2606 0 4
2607 0 3
2608 0 47
2609 0 0
2610 0 46
2611 0 47
2612 0 46
2613 0 2
2614 47 47
2615 0 1
2616 0 0
2617 46 47
2618 47 47
2619 1 0
2620 46 47
2621 0 47
2622 47 0
2623 0 0
2624 1 0
2625 0 0
2626 47 47
2627 46 0
2628 0 3
2629 46 47
2630 0 1
2631 0 0
2632 0 1
2633 47 47
2634 0 4
2635 0 0
2636 46 47
2637 0 3
2638 47 47
2639 0 2
2640 46 47
2641 1 0
2642 0 0
2643 1 0
2644 47 47
2645 0 1
2646 0 46
2647 2 0
2648 47 0
2649 1 0
2650 0 2
2651 46 47
2652 0 0
2653 47 47
2654 0 47
2655 46 0
2656 1 0
2657 0 46
2658 0 1
2659 47 0
2660 0 47
2661 2 0
2662 1 0
2663 0 0
2664 46 0
2665 0 1
2666 0 2
2667 47 0
2668 46 0
2669 47 0
2670 0 1
2671 46 0
2672 0 46
2673 46 47
2674 47 0
2675 0 2
2676 0 0
2677 0 47
2678 46 0
2679 0 46
2680 0 47
2681 1 0
2682 47 47
2683 47 0
2684 0 46
2685 46 47
2686 0 1
2687 0 2
2688 0 0
2689 46 0
2690 47 0
2691 0 3
2692 46 0
2693 47 0
2694 0 1
2695 0 47
2696 47 47
2697 0 46
2698 46 0
2699 0 0
2700 0 2
2701 47 0
2702 0 47
2703 0 3
2704 0 46
2705 0 1
2706 0 0
2707 46 47
2708 46 0
2709 47 0
2710 0 2
2711 1 0
2712 0 0
2713 46 0
2714 47 0
2715 47 47
2716 46 47
2717 0 3
2718 0 1
2719 0 4
2720 46 0
2721 0 47
2722 47 47
2723 0 46
2724 0 47
2725 47 0
2726 0 46
2727 0 0
2728 46 47
2729 0 3
2730 0 1
2731 0 0
2732 0 47
2733 47 47
2734 46 47
2735 47 47
2736 0 1
2737 0 4
2738 46 47
2739 0 3
2740 0 46
2741 0 4
2742 47 47
2743 0 47
2744 0 3
2745 46 47
2746 46 0
2747 0 0
2748 47 0
2749 47 47
2750 0 1
2751 46 47
2752 46 0
2753 0 46
2754 0 47
2755 0 46
2756 47 47
2757 46 47
2758 47 47
2759 0 0
2760 0 1
2761 0 4
2762 0 47
2763 0 0
2764 0 46
2765 0 3
2766 0 1
2767 46 47
2768 47 47
2769 47 0
2770 0 2
2771 46 47
2772 47 47
2773 0 3
2774 0 4
2775 0 47
2776 46 0
2777 0 3
2778 46 47
2779 0 4
2780 47 0
2781 0 0
2782 46 0
2783 47 47
2784 0 3
2785 47 0
2786 0 1
2787 0 46
2788 0 4
2789 0 47
2790 46 47
2791 46 0
2792 47 47
2793 0 0
2794 47 0
2795 0 46
2796 46 47
2797 0 1
2798 46 0
2799 47 0
2800 0 3
2801 46 0
2802 0 4
2803 47 47
2804 47 0
2805 46 0
2806 0 0
2807 47 0
2808 46 47
2809 0 47
2810 0 3
2811 0 46
2812 0 2
2813 0 47
2814 47 47
2815 0 46
2816 0 47
2817 46 0
2818 0 3
2819 46 47
2820 47 0
2821 0 46
2822 0 2
2823 0 3
2824 46 0
2825 0 1
2826 0 4
2827 0 3
2828 0 4
2829 47 0
2830 0 0
2831 0 3
2832 0 47
2833 46 0
2834 47 0
2835 46 0
2836 0 46
2837 0 1
2838 0 0
2839 47 0
2840 46 0
2841 47 47
2842 47 0
2843 46 47
2844 0 47
2845 47 47
2846 0 2
2847 46 47
2848 46 0
2849 47 0
2850 0 46
2851 0 47
2852 1 0
2853 0 0
2854 47 47
2855 1 0
2856 0 1
2857 46 0
2858 0 46
2859 0 0
2860 46 47
2861 47 47
2862 46 47
2863 47 0
2864 47 47
2865 0 47
2866 46 0
2867 1 0
2868 46 47
2869 0 46
2870 2 0
2871 47 47
2872 46 47
2873 0 0
2874 3 0
2875 47 0
2876 0 47
2877 0 46
2878 46 0
2879 2 0
2880 47 47
2881 1 0
2882 46 47
2883 47 47
2884 46 47
2885 47 47
2886 0 47
2887 47 0
2888 0 0
2889 46 0
2890 46 47
2891 47 47
2892 0 46
2893 3 0
2894 2 0
2895 0 1
2896 0 47
2897 1 0
2898 0 2
2899 0 46
2900 0 1
2901 2 0
2902 1 0
2903 0 47
2904 0 46
2905 47 0
2906 0 2
2907 0 0
2908 46 0
2909 0 3
2910 46 47
2911 47 0
2912 0 47
2913 0 1
2914 47 47
2915 0 46
2916 0 4
2917 46 47
2918 0 3
2919 46 0
2920 0 4
2921 47 0
2922 47 47
2923 0 47
2924 0 0
2925 46 0
2926 46 47
2927 47 0
2928 0 1
2929 0 3
2930 0 46
2931 47 47
2932 46 0
2933 0 4
2934 0 3
2935 47 0
2936 0 47
2937 0 4
2938 0 46
2939 0 0
2940 0 3
2941 0 2
2942 0 47
2943 0 3
2944 0 1
2945 46 47
2946 0 0
2947 0 2
2948 47 47
2949 0 46
2950 46 0
2951 0 1
2952 46 47
2953 47 47
2954 0 0
2955 1 0
2956 0 0
2957 0 47
2958 46 47
2959 0 46
2960 47 47
2961 0 47
2962 1 0
2963 0 1
2964 0 46
2965 0 2
2966 0 0
2967 46 47
2968 47 0
2969 1 0
2970 46 0
2971 0 47
2972 47 47
2973 0 0
2974 46 47
2975 47 0
2976 0 46
2977 46 0
2978 47 0
2979 0 3
2980 47 47
2981 0 2
2982 0 47
2983 0 3
2984 0 46
2985 0 47
2986 0 1
2987 0 0
2988 0 2
2989 0 1
2990 0 46
2991 0 0
2992 46 47
2993 46 0
2994 0 47
2995 0 46
2996 47 47
2997 47 0
2998 0 47
2999 1 0
3000 0 1
3001 2 0
3002 46 47
3003 0 46
3004 47 47
3005 0 0
3006 0 47
3007 0 46
3008 46 47
3009 47 47
3010 3 0
3011 2 0
3012 46 47
3013 0 1
3014 47 47
3015 1 0
3016 0 47
3017 46 47
3018 47 47
3019 0 46
3020 46 47
3021 46 0
3022 0 2
3023 47 0
3024 47 47
3025 0 1
3026 46 47
3027 46 0
3028 0 47
3029 0 2
3030 0 0
3031 0 46
3032 0 47
3033 1 0
3034 0 0
3035 0 3
3036 0 1
3037 0 0
3038 47 0
3039 0 1
3040 0 46
3041 0 4
3042 47 47
3043 46 47
3044 46 0
3045 0 3
3046 0 47
3047 0 0
3048 0 2
3049 1 0
3050 0 0
3051 47 47
3052 47 0
3053 46 0
3054 46 47
3055 1 0
3056 0 1
3057 0 2
3058 0 0
3059 47 0
3060 47 47
3061 0 3
3062 0 1
3063 0 4
3064 46 47
3065 47 47
3066 0 0
3067 46 47
3068 0 46
3069 0 1
3070 0 3
3071 0 4
3072 0 3
3073 46 0
3074 0 0
3075 47 0
3076 47 47
3077 46 0
3078 0 2
3079 0 47
3080 46 47
3081 0 46
3082 1 0
3083 47 0
3084 0 47
3085 46 0
3086 0 0
3087 0 3
3088 47 0
3089 0 2
3090 1 0
3091 0 0
3092 0 46
3093 1 0
3094 0 47
3095 47 47
3096 46 47
3097 46 0
3098 0 0
3099 0 46
3100 0 3
3101 47 0
3102 47 47
3103 0 2
3104 0 47
3105 0 46
3106 0 47
3107 0 3
3108 0 1
3109 0 0
3110 0 1
3111 46 0
3112 46 47
3113 0 4
3114 47 0
3115 0 46
3116 0 0
3117 0 47
3118 46 0
3119 47 0
3120 0 1
3121 0 0
3122 46 0
3123 47 0
3124 0 46
3125 0 3
3126 47 47
3127 46 0
3128 46 47
3129 0 2
3130 1 0
3131 0 0
3132 0 3
3133 0 2
3134 0 47
3135 1 0
3136 47 47
3137 47 0
3138 0 0
3139 46 47
3140 46 0
3141 0 3
3142 47 47
3143 46 47
3144 47 47
3145 47 0
3146 46 47
3147 0 2
3148 1 0
3149 46 0
3150 0 1
3151 47 0
3152 47 47
3153 0 2
3154 46 47
3155 47 47
3156 46 47
3157 0 0
3158 46 0
3159 1 0
3160 47 47
3161 46 47
3162 0 0
3163 47 0
3164 46 0
3165 47 0
3166 0 3
3167 0 2
3168 0 3
3169 47 47
3170 0 1
3171 0 46
3172 0 4
3173 0 47
3174 0 46
3175 0 0
3176 46 47
3177 0 3
3178 46 0
3179 0 2
3180 47 47
3181 46 47
3182 47 47
3183 47 0
3184 46 47
3185 0 47
3186 46 0
3187 0 3
3188 0 46
3189 47 0
3190 0 47
3191 0 1
3192 0 46
3193 0 4
3194 47 47
3195 0 0
3196 0 3
3197 0 47
3198 46 0
3199 0 2
3200 47 0
3201 46 47
3202 0 3
3203 0 1
3204 47 47
3205 0 4
3206 0 0
3207 46 0
3208 0 3
3209 0 46
3210 0 2
3211 47 0
3212 46 47
3213 0 47
3214 46 0
3215 0 3
3216 47 0
3217 47 47
3218 0 46
3219 46 47
3220 0 47
3221 0 1
3222 0 0
3223 0 46
3224 46 0
3225 0 47
3226 0 46
3227 0 47
3228 47 47
3229 46 47
3230 47 47
3231 0 1
3232 46 47
3233 0 46
3234 47 0
3235 47 47
3236 46 0
3237 0 0
3238 0 1
3239 46 47
3240 0 47
3241 0 4
3242 47 47
3243 46 47
3244 47 47
3245 47 0
3246 46 0
3247 47 0
3248 46 0
3249 0 0
3250 0 3
3251 0 2
3252 0 3
3253 0 1
3254 0 46
3255 0 4
3256 46 47
3257 0 47
3258 0 46
3259 0 47
3260 47 47
3261 0 46
3262 0 47
3263 47 0
3264 0 0
3265 46 47
3266 0 1
3267 47 47
3268 46 0
3269 0 46
3270 0 3
3271 0 0
3272 0 47
3273 0 1
3274 0 2
3275 47 0
3276 0 46
3277 0 47
3278 46 0
3279 46 47
3280 47 0
3281 47 47
3282 46 47
3283 47 47
3284 46 0
3285 47 0
3286 0 3
3287 0 0
3288 0 2
3289 0 3
3290 0 1
3291 46 0
3292 0 4
3293 0 0
3294 0 1
3295 46 47
3296 0 0
3297 47 47
3298 46 47
3299 0 3
3300 0 46
3301 47 0
3302 0 47
3303 46 0
3304 0 46
3305 0 47
3306 0 1
3307 0 46
3308 0 47
3309 0 46
3310 0 4
3311 0 3
3312 0 4
3313 47 0
3314 47 47
3315 46 0
3316 0 47
3317 0 46
3318 0 47
3319 0 0
3320 46 47
3321 47 0
3322 0 3
3323 0 46
3324 0 1
3325 0 0
3326 0 2
3327 1 0
3328 0 47
3329 0 0
3330 46 0
3331 0 46
3332 1 0
3333 47 0
3334 0 1
3335 0 2
3336 0 1
3337 0 2
3338 0 1
3339 2 0
3340 0 47
3341 0 46
3342 0 0
3343 3 0
3344 0 1
3345 0 47
3346 46 0
3347 47 0
3348 46 0
3349 0 0
3350 47 0
3351 46 0
3352 0 1
3353 2 0
3354 0 0
3355 0 46
3356 0 47
3357 0 1
3358 0 0
3359 0 46
3360 0 1
3361 47 0
3362 0 0
3363 3 0
3364 47 47
3365 46 47
3366 2 0
3367 47 47
3368 46 47
3369 0 1
3370 1 0
3371 0 2
3372 0 0
3373 47 47
3374 0 47
3375 46 0
3376 0 46
3377 47 0
3378 1 0
3379 0 47
3380 0 0
3381 0 46
3382 0 3
3383 46 47
3384 46 0
3385 47 0
3386 0 2
3387 46 0
3388 1 0
3389 0 0
3390 1 0
3391 0 47
3392 47 0
3393 47 47
3394 0 0
3395 0 46
3396 1 0
3397 0 1
3398 0 2
3399 46 47
3400 0 1
3401 2 0
3402 47 47
3403 46 0
3404 0 0
3405 0 47
3406 0 46
3407 0 47
3408 0 46
3409 3 0
3410 0 47
3411 47 0
3412 0 46
3413 0 47
3414 46 0
3415 47 0
3416 46 47
3417 0 1
3418 46 0
3419 47 0
3420 2 0
3421 0 0
3422 46 0
3423 0 1
3424 47 47
3425 1 0
3426 46 47
3427 0 0
3428 47 0
3429 47 47
3430 46 47
3431 0 1
3432 0 2
3433 0 46
3434 47 47
3435 0 1
3436 46 0
3437 0 2
3438 47 0
3439 46 47
3440 0 1
3441 46 0
3442 2 0
3443 1 0
3444 0 2
3445 0 0
3446 1 0
3447 47 0
3448 0 47
3449 47 47
3450 0 1
3451 46 0
3452 2 0
3453 0 0
3454 1 0
3455 0 46
3456 47 0
3457 46 47
3458 46 0
3459 47 0
3460 0 47
3461 47 47
3462 46 47
3463 2 0
3464 3 0
3465 0 46
3466 46 0
3467 2 0
3468 0 47
3469 47 47
3470 0 46
3471 47 0
3472 0 1
3473 46 47
3474 1 0
3475 46 0
3476 47 0
3477 0 47
3478 2 0
3479 46 0
3480 1 0
3481 47 0
3482 0 2
3483 46 0
3484 47 0
3485 0 0
3486 1 0
3487 0 46
3488 46 0
3489 47 47
3490 0 0
3491 1 0
3492 46 47
3493 0 0
3494 0 1
3495 47 0
3496 47 47
3497 0 2
3498 46 47
3499 46 0
3500 0 47
3501 47 47
3502 0 46
3503 0 47
3504 47 0
3505 46 47
3506 47 47
3507 0 46
3508 0 47
3509 0 3
3510 0 2
3511 0 46
3512 0 3
3513 46 47
3514 0 2
3515 46 0
3516 47 47
3517 46 47
3518 47 0
3519 1 0
3520 0 1
3521 47 47
3522 0 2
3523 46 0
3524 47 0
3525 46 0
3526 0 1
3527 2 0
3528 1 0
3529 47 0
3530 0 47
3531 0 2
3532 0 0
3533 46 47
3534 46 0
3535 0 1
3536 0 46
3537 0 47
3538 47 0
3539 46 0
3540 0 46
3541 0 0
3542 0 47
3543 47 0
3544 47 47
3545 0 46
3546 46 47
3547 46 0
3548 0 3
3549 47 0
3550 0 1
3551 0 4
3552 0 3
3553 0 0
3554 47 47
3555 0 47
3556 46 0
3557 46 47
3558 0 1
3559 0 0
3560 0 1
3561 0 46
3562 0 47
3563 0 4
3564 0 3
3565 47 47
3566 46 47
3567 0 0
3568 0 46
3569 47 47
3570 46 47
3571 0 47
3572 0 1
3573 0 2
3574 0 46
3575 0 3
3576 47 0
3577 47 47
3578 0 2
3579 0 47
3580 0 46
3581 46 47
3582 46 0
3583 47 0
3584 0 47
3585 0 46
3586 0 47
3587 0 3
3588 47 47
3589 0 2
3590 46 47
3591 47 47
3592 46 0
3593 47 0
3594 0 46
3595 46 47
3596 0 47
3597 47 47
3598 0 3
3599 0 4
3600 46 0
3601 47 0
3602 46 47
3603 0 0
3604 0 1
3605 46 0
3606 0 0
3607 0 46
3608 47 47
3609 47 0
3610 0 1
3611 46 47
3612 46 0
3613 47 0
3614 0 3
3615 0 4
3616 0 0
3617 46 0
3618 0 3
3619 0 47
3620 47 47
3621 47 0
3622 46 47
3623 0 1
3624 0 0
3625 47 47
3626 0 46
3627 46 0
3628 47 0
3629 0 47
3630 0 46
3631 0 47
3632 46 0
3633 0 1
3634 0 46
3635 0 4
3636 47 0
3637 46 0
3638 0 3
3639 0 47
3640 0 0
3641 0 2
3642 46 47
3643 47 47
3644 0 1
3645 0 46
3646 47 0
3647 46 47
3648 47 47
3649 0 47
3650 46 47
3651 46 0
3652 47 47
3653 0 46
3654 46 47
3655 47 0
3656 0 47
3657 0 46
3658 1 0
3659 0 47
3660 0 2
3661 0 0
3662 0 46
3663 0 47
3664 0 3
3665 0 1
3666 0 46
3667 47 47
3668 46 47
3669 0 47
3670 0 0
3671 0 1
3672 46 0
3673 0 4
3674 0 3
3675 0 4
3676 0 3
3677 47 47
3678 0 46
3679 0 4
3680 47 0
3681 0 0
3682 46 0
3683 0 1
3684 0 0
3685 46 47
3686 0 47
3687 47 47
3688 0 3
3689 46 47
3690 47 47
3691 0 2
3692 0 3
3693 0 46
3694 0 47
3695 47 0
3696 46 0
3697 46 47
3698 0 1
3699 0 46
3700 47 0
3701 47 47
3702 46 0
3703 47 0
3704 46 0
3705 0 4
3706 0 3
3707 0 4
3708 0 47
3709 0 46
3710 0 0
3711 0 1
3712 0 47
3713 46 47
3714 0 0
3715 47 0
3716 0 46
3717 46 0
3718 47 0
3719 0 47
3720 0 46
3721 47 47
3722 46 0
3723 47 0
3724 46 47
3725 46 0
3726 47 0
3727 0 47
3728 0 46
3729 0 1
3730 0 3
3731 0 0
3732 46 0
3733 0 47
3734 47 0
3735 47 47
3736 0 1
3737 46 0
3738 0 0
3739 0 46
3740 46 47
3741 0 2
3742 0 47
3743 1 0
3744 0 46
3745 0 1
3746 0 2
3747 0 1
3748 2 0
3749 0 47
3750 0 46
3751 0 47
3752 0 46
3753 0 0
3754 0 1
3755 47 47
3756 46 47
3757 47 47
3758 47 0
3759 0 47
3760 46 0
3761 0 46
3762 0 47
3763 0 46
3764 1 0
3765 0 2
3766 0 47
3767 0 0
3768 1 0
3769 0 1
3770 0 46
3771 0 2
3772 47 0
3773 46 0
3774 0 0
3775 47 0
3776 46 0
3777 47 0
3778 46 0
3779 1 0
3780 47 0
3781 0 47
3782 0 0
3783 46 0
3784 47 0
3785 0 3
3786 46 0
3787 0 46
3788 0 2
3789 1 0
3790 0 0
3791 47 0
3792 0 47
3793 46 47
3794 47 47
3795 0 46
3796 1 0
3797 0 0
3798 0 1
3799 0 47
3800 0 46
3801 0 47
3802 0 2
3803 46 47
3804 46 0
3805 0 1
3806 0 2
3807 0 3
3808 0 2
3809 0 46
3810 0 3
3811 0 2
3812 47 0
3813 0 3
3814 0 47
3815 0 46
3816 0 47
3817 0 1
3818 0 4
3819 47 47
3820 0 3
3821 0 0
3822 0 2
3823 46 47
3824 1 0
3825 47 47
3826 0 46
3827 0 0
3828 46 0
3829 0 3
3830 0 1
3831 46 47
3832 0 0
3833 47 47
3834 47 0
3835 46 0
3836 0 47
3837 0 2
3838 47 0
3839 0 46
3840 0 47
3841 1 0
3842 46 0
3843 0 1
3844 0 46
3845 0 47
3846 46 47
3847 2 0
3848 47 0
3849 0 0
3850 3 0
3851 0 46
3852 0 1
3853 0 47
3854 47 47
3855 46 47
3856 0 0
3857 0 1
3858 47 47
3859 46 0
3860 47 0
3861 0 0
3862 0 1
3863 0 0
3864 46 47
3865 2 0
3866 0 1
3867 0 0
3868 47 47
3869 3 0
3870 2 0
3871 46 47
3872 46 0
3873 47 0
3874 47 47
3875 3 0
3876 46 0
3877 46 47
3878 0 1
3879 47 47
3880 0 0
3881 46 47
3882 2 0
3883 47 47
3884 0 1
3885 0 46
3886 47 0
3887 46 0
3888 46 47
3889 0 47
3890 47 0
3891 47 47
3892 1 0
3893 0 46
3894 2 0
3895 46 0
3896 0 0
3897 47 0
3898 46 47
3899 46 0
3900 0 1
3901 1 0
3902 47 47
3903 0 47
3904 0 0
3905 47 0
3906 1 0
3907 46 47
3908 46 0
3909 47 47
3910 47 0
3911 46 0
3912 46 47
3913 47 47
3914 46 47
3915 47 0
3916 2 0
3917 47 47
3918 0 46
3919 1 0
3920 46 0
3921 47 0
3922 0 47
3923 0 2
3924 46 0
3925 47 0
3926 0 46
3927 46 0
3928 0 47
3929 0 46
3930 0 47
3931 0 1
3932 0 2
3933 0 0
3934 46 47
3935 0 46
3936 47 47
3937 1 0
3938 0 1
3939 2 0
3940 0 0
3941 0 1
3942 46 47
3943 0 0
3944 0 1
3945 47 47
3946 1 0
3947 47 0
3948 2 0
3949 0 0
3950 3 0
3951 46 47
3952 2 0
3953 47 47
3954 0 47
3955 3 0
3956 46 47
3957 47 47
3958 46 47
3959 0 46
3960 0 1
3961 46 0
3962 0 0
3963 47 0
3964 0 1
3965 2 0
3966 0 47
3967 47 47
3968 0 0
3969 3 0
3970 46 0
3971 0 46
3972 2 0
3973 1 0
3974 46 47
3975 47 0
3976 0 47
3977 0 46
3978 0 47
3979 46 0
3980 0 0
3981 1 0
3982 47 47
3983 47 0
3984 46 47
3985 0 0
3986 47 47
3987 0 1
3988 46 0
3989 47 0
3990 46 0
3991 0 46
3992 1 0
3993 46 47
3994 0 2
3995 47 0
3996 0 1
3997 0 2
3998 46 0
3999 47 0
4000 0 1
4001 2 0
4002 0 0
4003 0 1
4004 0 0
4005 0 1
4006 0 47
4007 1 0
4008 0 2
4009 46 0
4010 47 0
4011 47 47
4012 0 0
4013 46 47
4014 0 3
4015 0 2
4016 46 0
4017 1 0
4018 0 46
4019 47 0
4020 0 47
4021 47 47
4022 0 1
4023 0 2
4024 46 47
4025 47 47
4026 0 0
4027 0 3
4028 46 47
4029 47 47
4030 0 46
4031 0 47
4032 46 47
4033 47 47
4034 0 1
4035 0 4
4036 46 0
4037 0 0
4038 46 47
4039 0 46
4040 47 0
4041 47 47
4042 0 3
4043 0 2
4044 46 0
4045 1 0
4046 47 0
4047 0 1
4048 0 2
4049 46 47
4050 47 47
4051 0 1
4052 2 0
4053 0 47
4054 46 0
4055 1 0
4056 0 2
4057 0 0
4058 0 46
4059 0 47
4060 0 1
4061 0 46
4062 47 0
4063 46 47
4064 0 47
4065 46 0
4066 0 0
4067 47 0
4068 0 1
4069 0 0
4070 46 0
4071 1 0
4072 0 46
4073 47 47
4074 0 47
4075 47 0
4076 46 0
4077 46 47
4078 47 0
4079 0 0
4080 0 1
4081 0 46
4082 46 0
4083 0 47
4084 47 47
4085 46 47
4086 0 46
4087 0 47
4088 0 46
4089 0 2
4090 47 0
4091 0 3
4092 0 1
4093 46 0
4094 0 4
4095 0 0
4096 0 1
4097 0 0
4098 0 47
4099 0 1
4100 0 0
4101 47 47
4102 0 1
4103 0 0
4104 0 1
4105 46 47
4106 0 0
4107 0 3
4108 0 1
4109 0 46
4110 0 0
4111 0 1
4112 47 47
4113 47 0
4114 0 0
4115 0 2
4116 46 47
4117 0 47
4118 46 0
4119 1 0
4120 0 46
4121 0 47
4122 47 0
4123 0 46
4124 46 0
4125 0 47
4126 47 0
4127 0 1
4128 0 46
4129 0 2
4130 46 0
4131 0 1
4132 0 2
4133 0 47
4134 0 46
4135 0 0
4136 47 47
4137 46 47
4138 47 0
4139 1 0
4140 46 0
4141 47 47
4142 0 47
4143 46 47
4144 47 47
4145 0 1
4146 0 46
4147 46 47
4148 47 47
4149 0 47
4150 46 47
4151 2 0
4152 0 0
4153 47 0
4154 47 47
4155 46 47
4156 3 0
4157 0 1
4158 47 47
4159 0 46
4160 46 0
4161 0 47
4162 46 47
4163 0 46
4164 0 47
4165 0 46
4166 47 47
4167 0 0
4168 46 47
4169 2 0
4170 47 0
4171 0 1
4172 0 0
4173 1 0
4174 2 0
4175 0 47
4176 46 0
4177 47 47
4178 46 47
4179 1 0
4180 2 0
4181 47 47
4182 46 47
4183 0 46
4184 47 47
4185 1 0
4186 0 47
4187 0 46
4188 47 0
4189 46 0
4190 46 47
4191 2 0
4192 47 47
4193 46 47
4194 47 0
4195 47 47
4196 46 47
4197 0 1
4198 0 0
4199 3 0
4200 2 0
4201 0 47
4202 0 1
4203 0 0
4204 47 47
4205 0 46
4206 0 1
4207 1 0
4208 2 0
4209 46 47
4210 1 0
4211 0 2
4212 47 47
4213 46 0
4214 47 0
4215 46 0
4216 0 1
4217 0 2
4218 0 0
4219 0 47
4220 47 0
4221 46 47
4222 46 0
4223 47 0
4224 46 0
4225 47 0
4226 47 47
4227 0 3
4228 0 46
4229 0 47
4230 46 47
4231 0 1
4232 0 46
4233 0 0
4234 0 2
4235 1 0
4236 47 47
4237 0 47
4238 46 47
4239 46 0
4240 0 1
4241 2 0
4242 0 46
4243 1 0
4244 47 47
4245 0 2
4246 0 1
4247 0 0
4248 1 0
4249 2 0
4250 46 47
4251 47 47
4252 46 47
4253 47 0
4254 46 0
4255 1 0
4256 47 0
4257 46 0
4258 47 0
4259 0 2
4260 47 47
4261 0 1
4262 46 0
4263 47 0
4264 0 47
4265 0 46
4266 46 47
4267 46 0
4268 2 0
4269 0 47
4270 0 0
4271 0 46
4272 47 0
4273 0 1
4274 0 47
4275 0 0
4276 1 0
4277 2 0
4278 3 0
4279 46 0
4280 0 46
4281 47 0
4282 46 0
4283 2 0
4284 47 47
4285 0 47
4286 46 47
4287 0 1
4288 0 46
4289 0 47
4290 0 0
4291 47 47
4292 0 46
4293 3 0
4294 46 47
4295 47 47
4296 0 47
4297 0 46
4298 0 47
4299 0 1
4300 46 47
4301 0 46
4302 0 47
4303 0 0
4304 0 46
4305 47 47
4306 2 0
4307 47 0
4308 46 47
4309 3 0
4310 47 47
4311 0 1
4312 0 0
4313 2 0
4314 46 47
4315 1 0
4316 46 0
4317 47 0
4318 47 47
4319 0 47
4320 0 0
4321 46 47
4322 46 0
4323 47 0
4324 0 46
4325 47 47
4326 46 0
4327 3 0
4328 46 47
4329 47 47
4330 2 0
4331 47 0
4332 0 1
4333 0 0
4334 0 1
4335 0 47
4336 46 47
4337 1 0
4338 2 0
4339 46 0
4340 0 0
4341 47 0
4342 0 46
4343 0 47
4344 1 0
4345 46 0
4346 47 0
4347 47 47
4348 0 46
4349 46 0
4350 0 47
4351 0 46
4352 46 47
4353 47 0
4354 47 47
4355 46 0
4356 3 0
4357 0 0
4358 0 47
4359 47 0
4360 46 0
4361 0 1
4362 0 46
4363 47 0
4364 46 0
4365 0 0
4366 2 0
4367 3 0
4368 0 1
4369 2 0
4370 1 0
4371 0 47
4372 0 46
4373 2 0
4374 0 0
4375 46 47
4376 47 47
4377 47 0
4378 1 0
4379 0 47
4380 46 0
4381 46 47
4382 47 47
4383 47 0
4384 46 0
4385 0 46
4386 0 47
4387 47 0
4388 0 46
4389 46 47
4390 47 47
4391 0 1
4392 46 47
4393 0 47
4394 2 0
4395 0 0
4396 46 0
4397 47 0
4398 0 1
4399 46 0
4400 0 0
4401 47 47
4402 3 0
4403 46 47
4404 47 47
4405 2 0
4406 3 0
4407 46 47
4408 47 0
4409 2 0
4410 3 0
4411 47 47
4412 0 1
4413 46 47
4414 2 0
4415 46 0
4416 47 47
4417 1 0
4418 0 0
4419 0 46
4420 0 47
4421 46 47
4422 0 1
4423 0 2
4424 0 1
4425 0 46
4426 0 47
4427 47 0
4428 0 46
4429 47 47
4430 2 0
4431 0 47
4432 1 0
4433 0 2
4434 46 47
4435 0 46
4436 0 0
4437 0 3
4438 47 47
4439 0 47
4440 0 1
4441 0 0
4442 0 2
4443 46 0
4444 0 3
4445 47 0
4446 0 46
4447 46 0
4448 0 1
4449 46 47
4450 0 0
4451 0 1
4452 47 47
4453 0 0
4454 46 47
4455 0 1
4456 47 47
4457 0 47
4458 0 2
4459 0 46
4460 0 47
4461 46 47
4462 47 47
4463 0 3
4464 46 47
4465 47 0
4466 47 47
4467 46 47
4468 0 4
4469 0 46
4470 47 47
4471 0 47
4472 46 0
4473 0 0
4474 0 46
4475 47 0
4476 0 47
4477 0 1
4478 0 3
4479 0 0
4480 0 1
4481 46 0
4482 0 46
4483 47 0
4484 0 0
4485 0 47
4486 46 0
4487 0 2
4488 0 3
4489 0 46
4490 0 1
4491 46 47
4492 0 4
4493 0 0
4494 0 47
4495 47 0
4496 0 1
4497 0 0
4498 46 0
4499 47 47
4500 0 46
4501 0 47
4502 0 46
4503 0 3
4504 47 0
4505 46 47
4506 0 2
4507 46 0
4508 47 0
4509 1 0
4510 0 1
4511 0 2
4512 0 47
4513 47 47
4514 46 47
4515 0 46
4516 0 1
4517 2 0
4518 0 0
4519 3 0
4520 0 1
4521 46 0
4522 47 0
4523 0 0
4524 0 47
4525 0 46
4526 0 1
4527 2 0
4528 47 47
4529 46 0
4530 46 47
4531 1 0
4532 47 0
4533 2 0
4534 1 0
4535 2 0
4536 0 0
4537 0 47
4538 3 0
4539 2 0
4540 47 47
4541 0 46
4542 0 47
4543 46 47
4544 0 46
4545 1 0
4546 0 0
4547 46 0
4548 0 47
4549 0 46
4550 47 0
4551 0 1
4552 46 0
4553 47 0
4554 46 0
4555 47 0
4556 1 0
4557 0 47
4558 0 46
4559 46 0
4560 0 2
4561 0 1
4562 0 47
4563 0 46
4564 2 0
4565 47 0
4566 0 47
4567 1 0
4568 0 46
4569 46 0
4570 2 0
4571 47 47
4572 46 47
4573 1 0
4574 0 2
4575 0 47
4576 0 1
4577 2 0
4578 0 46
4579 0 0
4580 47 47
4581 3 0
4582 2 0
4583 0 47
4584 46 47
4585 47 47
4586 3 0
4587 46 47
4588 0 1
4589 47 47
4590 2 0
4591 46 47
4592 0 0
4593 0 1
4594 0 46
4595 0 47
4596 0 46
4597 0 0
4598 0 47
4599 0 1
4600 0 46
4601 1 0
4602 0 2
4603 0 0
4604 0 3
4605 0 47
4606 47 0
4607 46 0
4608 0 1
4609 0 0
4610 0 1
4611 0 46
4612 47 47
4613 0 47
4614 0 0
4615 46 47
4616 0 2
4617 47 47
4618 0 3
4619 0 2
4620 0 46
4621 0 1
4622 0 47
4623 46 47
4624 47 0
4625 0 46
4626 0 47
4627 46 0
4628 0 46
4629 47 47
4630 0 0
4631 0 1
4632 46 47
4633 0 0
4634 47 0
4635 46 0
4636 0 1
4637 47 47
4638 46 47
4639 0 47
4640 0 0
4641 47 0
4642 0 1
4643 0 0
4644 0 46
4645 0 47
4646 1 0
4647 47 47
4648 0 46
4649 46 0
4650 46 47
4651 47 0
4652 0 47
4653 0 1
4654 0 2
4655 46 0
4656 0 46
4657 0 0
4658 47 47
4659 47 0
4660 0 3
4661 46 47
4662 0 1
4663 0 0
4664 0 1
4665 47 47
4666 0 47
4667 46 47
4668 0 46
4669 46 0
4670 0 0
4671 0 1
4672 0 47
4673 47 0
4674 46 0
4675 47 0
4676 0 0
4677 0 2
4678 0 46
4679 47 47
4680 0 3
4681 0 47
4682 46 0
4683 0 1
4684 0 4
4685 47 0
4686 0 0
4687 0 3
4688 0 46
4689 46 47
4690 46 0
4691 47 0
4692 0 1
4693 46 0
4694 0 0
4695 0 1
4696 47 0
4697 0 47
4698 47 47
4699 46 47
4700 0 46
4701 47 47
4702 0 47
4703 46 47
4704 47 47
4705 0 0
4706 46 47
4707 0 46
4708 0 47
4709 0 2
4710 47 47
4711 46 47
4712 46 0
4713 0 1
4714 47 0
4715 46 0
4716 47 47
4717 46 47
4718 0 2
4719 0 46
4720 0 47
4721 0 46
4722 47 0
4723 47 47
4724 0 3
4725 46 47
4726 0 2
4727 1 0
4728 0 47
4729 0 46
4730 0 1
4731 0 47
4732 0 2
4733 0 1
4734 0 2
4735 0 0
4736 47 47
4737 46 47
4738 47 47
4739 0 46
4740 1 0
4741 46 0
4742 0 1
4743 2 0
4744 47 0
4745 46 0
4746 1 0
4747 47 0
4748 46 0
4749 0 47
4750 46 47
4751 0 46
4752 47 47
4753 0 2
4754 47 0
4755 46 47
4756 46 0
4757 47 0
4758 0 1
4759 0 47
4760 0 2
4761 0 46
4762 0 0
4763 1 0
4764 0 0
4765 47 47
4766 1 0
4767 0 1
4768 2 0
4769 46 0
4770 0 0
4771 46 47
4772 0 1
4773 0 0
4774 0 1
4775 0 0
4776 0 1
4777 47 47
4778 46 47
4779 0 0
4780 0 1
4781 1 0
4782 0 47
4783 47 0
4784 2 0
4785 1 0
4786 46 0
4787 0 46
4788 2 0
4789 0 0
4790 1 0
4791 0 47
4792 0 46
4793 0 47
4794 0 0
4795 47 47
4796 46 47
4797 0 46
4798 47 47
4799 0 1
4800 46 47
4801 0 0
4802 3 0
4803 0 1
4804 47 47
4805 0 47
4806 2 0
4807 0 0
4808 47 0
4809 0 46
4810 0 47
4811 46 47
4812 46 0
4813 0 46
4814 47 0
4815 0 1
4816 0 0
4817 0 47
4818 47 47
4819 3 0
4820 0 46
4821 0 1
4822 2 0
4823 1 0
4824 46 47
4825 46 0
4826 47 0
4827 0 2
4828 47 47
4829 46 47
4830 0 0
4831 47 47
4832 0 3
4833 0 47
4834 0 2
4835 1 0
4836 0 0
4837 0 46
4838 1 0
4839 46 0
4840 46 47
4841 0 1
4842 47 47
4843 2 0
4844 47 0
4845 0 0
4846 3 0
4847 0 47
4848 2 0
4849 3 0
4850 2 0
4851 46 47
4852 3 0
4853 2 0
4854 46 0
4855 1 0
4856 47 47
4857 47 0
4858 0 0
4859 46 0
4860 1 0
4861 0 0
4862 46 47
4863 0 46
4864 0 1
4865 47 0
4866 46 0
4867 0 0
4868 47 47
4869 47 0
4870 46 0
4871 46 47
4872 3 0
4873 0 47
4874 0 1
4875 47 47
4876 47 0
4877 46 47
4878 0 0
4879 46 0
4880 0 1
4881 0 0
4882 0 1
4883 47 0
4884 46 0
4885 2 0
4886 0 46
4887 47 0
4888 0 47
4889 0 0
4890 3 0
4891 47 47
4892 0 46
4893 0 47
4894 46 0
4895 46 47
4896 0 1
4897 0 0
4898 0 1
4899 0 46
4900 47 0
4901 2 0
4902 0 0
4903 0 1
4904 0 47
4905 1 0
4906 47 47
4907 0 46
4908 0 2
4909 0 1
4910 0 2
4911 46 47
4912 0 47
4913 46 0
4914 0 1
4915 2 0
4916 47 0
4917 0 0
4918 0 1
4919 1 0
4920 0 2
4921 0 1
4922 47 47
4923 46 47
4924 0 46
4925 2 0
4926 46 0
4927 0 0
4928 47 0
4929 47 47
4930 46 0
4931 0 1
4932 47 0
4933 0 47
4934 0 46
4935 0 0
4936 0 47
4937 0 1
4938 1 0
4939 0 46
4940 46 47
4941 2 0
4942 47 47
4943 1 0
4944 2 0
4945 0 0
4946 3 0
4947 0 1
4948 0 47
4949 2 0
4950 0 46
4951 0 47
4952 46 0
4953 1 0
4954 0 46
4955 47 0
4956 0 2
4957 0 47
4958 46 0
4959 47 0
4960 0 1
4961 2 0
4962 0 0
4963 1 0
4964 46 0
4965 0 0
4966 46 47
4967 47 47
4968 46 47
4969 47 47
4970 47 0
4971 0 46
4972 0 1
4973 0 47
4974 1 0
4975 46 0
4976 2 0
4977 0 46
4978 0 47
4979 0 0
4980 47 0
4981 0 1
4982 1 0
4983 46 47
4984 2 0
4985 47 47
4986 0 0
4987 46 0
4988 0 1
4989 0 46
4990 46 47
4991 1 0
4992 0 47
4993 47 47
4994 0 2
4995 0 1
4996 46 47
4997 2 0
4998 0 46
4999 47 0
5000 47 47
5001 0 47
5002 1 0
5003 46 0
5004 0 46
5005 0 2
5006 0 0
5007 46 47
5008 47 47
5009 0 47
5010 0 1
5011 46 47
5012 0 46
5013 0 2
5014 0 47
5015 47 47
5016 47 0
5017 46 0
5018 0 46
5019 47 0
5020 46 47
5021 0 3
5022 0 2
5023 46 0
5024 1 0
5025 0 1
5026 47 47
5027 0 47
5028 0 46
5029 2 0
5030 46 47
5031 1 0
5032 2 0
5033 47 47
5034 1 0
5035 2 0
5036 0 0
5037 47 0
5038 3 0
5039 0 47
5040 2 0
5041 0 1
5042 0 0
5043 0 46
5044 1 0
5045 2 0
5046 46 47
5047 0 47
5048 0 46
5049 46 0
5050 1 0
5051 0 47
5052 0 46
5053 2 0
5054 3 0
5055 47 0
5056 2 0
5057 46 0
5058 47 47
5059 0 47
5060 46 47
5061 0 1
5062 47 47
5063 0 46
5064 47 0
5065 0 47
5066 1 0
5067 46 0
5068 46 47
5069 47 0
5070 0 0
5071 47 47
5072 1 0
5073 46 47
5074 46 0
5075 0 46
5076 47 47
5077 2 0
5078 47 0
5079 46 0
5080 46 47
5081 47 47
5082 0 47
5083 47 0
5084 0 46
5085 46 0
5086 0 0
5087 47 0
5088 0 1
5089 46 0
5090 46 47
5091 0 0
5092 47 0
5093 0 1
5094 0 47
5095 46 0
5096 1 0
5097 47 0
5098 0 46
5099 0 47
5100 47 47
5101 46 47
5102 0 0
5103 0 46
5104 1 0
5105 47 47
5106 0 47
5107 46 0
5108 47 0
5109 46 0
5110 2 0
5111 47 0
5112 46 47
5113 0 46
5114 47 47
5115 1 0
5116 46 0
5117 0 47
5118 0 2
5119 0 46
5120 46 47
5121 47 47
5122 0 1
5123 46 47
5124 0 2
5125 0 1
5126 47 0
5127 0 2
5128 0 0
5129 0 3
5130 0 47
5131 0 46
5132 0 1
5133 46 0
5134 0 0
5135 0 2
5136 0 47
5137 1 0
5138 47 0
5139 47 47
5140 0 1
5141 0 0
5142 46 0
5143 0 46
5144 1 0
5145 47 0
5146 0 0
5147 0 47
5148 46 47
5149 46 0
5150 47 47
5151 47 0
5152 46 0
5153 1 0
5154 46 47
5155 47 0
5156 2 0
5157 0 46
5158 0 0
5159 3 0
5160 46 0
5161 0 47
5162 47 0
5163 46 0
5164 47 47
5165 46 47
5166 0 46
5167 0 47
5168 2 0
5169 0 1
5170 0 0
5171 47 47
5172 0 1
5173 1 0
5174 47 0
5175 0 46
5176 2 0
5177 46 47
5178 0 0
5179 46 0
5180 1 0
5181 47 0
5182 47 47
5183 46 47
5184 0 0
5185 0 1
5186 0 47
5187 0 0
5188 47 47
5189 46 47
5190 47 47
5191 46 47
5192 3 0
5193 47 47
5194 46 0
5195 46 47
5196 0 1
5197 47 0
5198 46 0
5199 47 0
5200 46 0
5201 47 0
5202 47 47
5203 46 0
5204 0 0
5205 46 47
5206 47 0
5207 46 0
5208 2 0
5209 0 46
5210 0 1
5211 47 47
5212 1 0
5213 0 47
5214 46 47
5215 47 0
5216 47 47
5217 0 0
5218 46 0
5219 46 47
5220 47 0
5221 1 0
5222 0 46
5223 0 47
5224 47 47
5225 0 46
5226 46 0
5227 2 0
5228 47 0
5229 1 0
5230 2 0
5231 0 47
5232 0 0
5233 0 46
5234 0 1
5235 46 0
5236 46 47
5237 47 0
5238 0 47
5239 47 47
5240 0 0
5241 46 47
5242 3 0
5243 46 0
5244 0 1
5245 47 47
5246 0 46
5247 47 0
5248 46 47
5249 46 0
5250 47 0
5251 0 0
5252 0 47
5253 0 46
5254 0 1
5255 47 47
5256 0 0
5257 2 0
5258 46 0
5259 0 47
5260 1 0
5261 0 46
5262 46 47
5263 0 47
5264 47 47
5265 47 0
5266 46 0
5267 2 0
5268 3 0
5269 46 47
5270 47 0
5271 0 1
5272 0 0
5273 46 0
5274 0 1
5275 47 47
5276 46 47
5277 47 47
5278 46 47
5279 0 46
5280 0 47
5281 0 0
5282 2 0
5283 47 47
5284 46 47
5285 0 46
5286 0 1
5287 47 0
5288 46 0
5289 47 0
5290 1 0
5291 0 47
5292 0 0
5293 1 0
5294 0 46
5295 2 0
5296 1 0
5297 2 0
5298 46 0
5299 0 47
5300 47 0
5301 46 0
5302 1 0
5303 0 46
5304 0 2
5305 0 47
5306 0 0
5307 47 47
5308 1 0
5309 0 1
5310 47 0
5311 0 46
5312 2 0
5313 0 0
5314 46 47
5315 0 1
5316 1 0
5317 2 0
5318 46 0
5319 0 47
5320 0 0
5321 47 0
5322 3 0
5323 0 1
5324 0 46
5325 0 47
5326 46 0
5327 0 46
5328 2 0
5329 0 0
5330 0 47
5331 47 47
5332 0 46
5333 47 0
5334 1 0
5335 46 47
5336 46 0
5337 47 47
5338 0 0
5339 47 0
5340 0 47
5341 46 47
5342 46 0
5343 47 47
5344 0 46
5345 0 1
5346 0 47
5347 0 46
5348 0 0
5349 46 47
5350 47 47
5351 0 1
5352 47 0
5353 46 0
5354 1 0
5355 46 47
5356 0 47
5357 0 46
5358 2 0
5359 0 0
5360 47 0
5361 0 47
5362 46 0
5363 3 0
5364 0 46
5365 47 47
5366 0 1
5367 47 0
5368 46 0
5369 2 0
5370 1 0
5371 47 0
5372 46 47
5373 2 0
5374 46 0
5375 47 0
5376 0 47
5377 46 0
5378 0 46
5379 47 0
5380 1 0
5381 2 0
5382 0 0
5383 0 47
5384 46 0
5385 1 0
5386 47 0
5387 0 0
5388 46 0
5389 1 0
5390 0 46
5391 47 0
5392 0 47
5393 0 46
5394 46 0
5395 47 47
5396 0 0
5397 0 1
5398 0 0
5399 47 0
5400 3 0
5401 46 47
5402 47 47
5403 0 1
5404 0 0
5405 46 0
5406 0 47
5407 46 47
5408 47 0
5409 2 0
5410 0 1
5411 1 0
5412 0 2
5413 0 46
5414 0 0
5415 0 47
5416 47 47
5417 0 46
5418 46 0
5419 1 0
5420 0 0
5421 0 3
5422 0 2
5423 46 47
5424 47 47
5425 1 0
5426 46 47
5427 47 47
5428 0 0
5429 0 47
5430 46 47
5431 1 0
5432 0 46
5433 47 47
5434 0 1
5435 47 0
5436 46 0
5437 46 47
5438 47 0
5439 2 0
5440 0 47
5441 46 0
5442 47 0
5443 1 0
5444 0 46
5445 0 47
5446 2 0
5447 0 0
5448 3 0
5449 0 1
5450 0 0
5451 46 0
5452 47 0
5453 0 46
5454 2 0
5455 0 47
5456 46 0
5457 0 1
5458 47 0
5459 46 0
5460 0 46
5461 1 0
5462 2 0
5463 0 47
5464 0 0
5465 0 1
5466 0 46
5467 0 47
5468 0 0
5469 0 1
5470 1 0
5471 47 0
5472 46 0
5473 47 47
5474 0 46
5475 0 47
5476 2 0
5477 46 47
5478 0 0
5479 47 47
5480 3 0
5481 0 1
5482 47 0
5483 2 0
5484 0 46
5485 46 47
5486 0 0
5487 0 47
5488 0 46
5489 0 1
5490 0 47
5491 46 0
5492 47 47
5493 47 0
5494 46 0
5495 47 0
5496 1 0
5497 2 0
5498 46 47
5499 46 0
5500 1 0
5501 2 0
5502 1 0
5503 0 46
5504 0 2
5505 0 47
5506 47 0
5507 0 1
5508 0 2
5509 0 0
5510 0 46
5511 47 47
5512 46 0
5513 0 3
5514 0 47
5515 0 2
5516 0 3
5517 0 46
5518 0 1
5519 46 47
5520 0 47
5521 0 46
5522 47 0
5523 0 4
5524 47 47
5525 46 0
5526 46 47
5527 0 3
5528 0 47
5529 0 0
5530 47 47
5531 47 0
5532 0 1
5533 46 47
5534 47 47
5535 0 46
5536 0 0
5537 46 47
5538 0 2
5539 0 3
5540 0 2
5541 47 47
5542 1 0
5543 0 1
5544 46 0
5545 0 47
5546 47 0
5547 0 46
5548 0 2
5549 0 1
5550 0 47
5551 2 0
5552 46 47
5553 46 0
5554 47 0
5555 0 0
5556 47 47
5557 46 47
5558 0 46
5559 47 47
5560 46 0
5561 46 47
5562 47 0
5563 1 0
5564 0 47
5565 46 0
5566 47 0
5567 0 46
5568 46 0
5569 0 47
5570 0 0
5571 0 46
5572 0 1
5573 0 0
5574 0 1
5575 1 0
5576 0 47
5577 0 2
5578 0 0
5579 47 0
5580 47 47
5581 0 46
5582 46 0
5583 1 0
5584 0 1
5585 2 0
5586 46 47
5587 1 0
5588 0 2
5589 47 47
5590 0 0
5591 46 47
5592 0 47
5593 1 0
5594 0 46
5595 0 1
5596 0 2
5597 0 1
5598 0 2
5599 0 0
5600 47 47
5601 47 0
5602 46 0
5603 0 3
5604 47 0
5605 46 0
5606 47 0
5607 46 47
5608 47 47
5609 46 47
5610 47 47
5611 0 1
5612 0 47
5613 46 0
5614 46 47
5615 47 0
5616 47 47
5617 46 47
5618 0 0
5619 0 2
5620 1 0
5621 0 46
5622 47 47
5623 0 47
5624 0 0
5625 46 47
5626 0 3
5627 47 47
5628 0 46
5629 46 0
5630 0 47
5631 0 1
5632 0 46
5633 46 47
5634 0 4
5635 0 3
5636 0 47
5637 47 0
5638 46 0
5639 0 4
5640 0 46
5641 0 47
5642 0 0
5643 47 47
5644 47 0
5645 0 46
5646 0 3
5647 0 47
5648 46 0
5649 47 0
5650 0 2
5651 46 47
5652 1 0
5653 47 47
5654 0 1
5655 0 46
5656 0 2
5657 0 0
5658 0 3
5659 46 47
5660 46 0
5661 0 1
5662 0 47
5663 0 0
5664 47 47
5665 0 2
5666 1 0
5667 47 0
5668 46 47
5669 47 47
5670 0 0
5671 1 0
5672 0 46
5673 0 0
5674 0 3
5675 46 47
5676 0 2
5677 46 0
5678 0 47
5679 0 3
5680 0 2
5681 1 0
5682 47 47
5683 46 47
5684 0 1
5685 0 0
5686 0 46
5687 0 1
5688 0 47
5689 47 47
5690 0 46
5691 46 47
5692 47 0
5693 46 0
5694 47 47
5695 0 47
5696 0 2
5697 0 0
5698 46 47
5699 47 0
5700 0 46
5701 47 47
5702 0 3
5703 46 47
5704 0 47
5705 46 0
5706 47 47
5707 0 1
5708 0 4
5709 0 46
5710 0 47
5711 0 0
5712 46 47
5713 47 0
5714 47 47
5715 0 46
5716 46 0
5717 0 47
5718 0 46
5719 0 47
5720 0 46
5721 47 0
5722 0 3
5723 0 1
5724 0 47
5725 0 0
5726 46 0
5727 0 1
5728 46 47
5729 0 46
5730 47 47
5731 0 47
5732 46 47
5733 47 47
5734 47 0
5735 46 0
5736 0 0
5737 46 47
5738 0 46
5739 47 47
5740 0 47
5741 46 47
5742 0 1
5743 47 0
5744 47 47
5745 0 0
5746 0 1
5747 0 46
5748 0 4
5749 46 0
5750 0 3
5751 47 0
5752 46 47
5753 0 4
5754 0 3
5755 47 47
5756 46 47
5757 0 0
5758 46 0
5759 0 2
5760 47 47
5761 0 1
5762 47 0
5763 46 0
5764 0 47
5765 0 46
5766 0 0
5767 47 0
5768 46 0
5769 1 0
5770 46 47
5771 0 47
5772 47 0
5773 0 1
5774 46 0
5775 2 0
5776 0 0
5777 3 0
5778 0 46
5779 0 1
5780 0 0
5781 2 0
5782 0 47
5783 47 47
5784 3 0
5785 46 47
5786 47 0
5787 2 0
5788 0 46
5789 0 47
5790 0 1
5791 1 0
5792 0 46
5793 0 47
5794 2 0
5795 1 0
5796 46 0
5797 0 2
5798 47 47
5799 0 46
5800 46 47
5801 0 0
5802 47 0
5803 46 0
5804 0 47
5805 0 3
5806 0 46
5807 0 47
5808 0 1
5809 0 4
5810 0 0
5811 0 46
5812 0 1
5813 0 3
5814 0 4
5815 47 47
5816 0 47
5817 0 46
5818 47 0
5819 0 47
5820 0 46
5821 0 0
5822 46 0
5823 46 47
5824 0 3
5825 0 1
5826 0 0
5827 47 47
5828 0 1
5829 46 47
5830 0 0
5831 0 1
5832 47 0
5833 0 0
5834 0 2
5835 0 47
5836 46 0
5837 47 47
5838 46 47
5839 0 46
5840 1 0
5841 47 47
5842 47 0
5843 0 0
5844 0 3
5845 0 2
5846 46 0
5847 47 0
5848 1 0
5849 46 0
5850 46 47
5851 0 0
5852 0 47
5853 0 1
5854 47 47
5855 0 2
5856 47 0
5857 0 46
5858 0 1
5859 0 47
5860 0 2
5861 46 47
5862 46 0
5863 0 1
5864 0 46
5865 0 2
5866 0 47
5867 0 3
5868 47 47
5869 47 0
5870 46 47
5871 0 2
5872 0 3
5873 46 0
5874 0 2
5875 47 0
5876 1 0
5877 0 0
5878 46 0
5879 1 0
5880 47 47
5881 0 1
5882 0 46
5883 46 47
5884 0 2
5885 0 47
5886 0 0
5887 0 46
5888 0 47
5889 0 3
5890 0 1
5891 47 0
5892 0 46
5893 46 0
5894 47 0
5895 0 2
5896 47 47
5897 46 47
5898 46 0
5899 47 0
5900 0 47
5901 0 46
5902 0 47
5903 0 3
5904 47 47
5905 46 47
5906 46 0
5907 0 4
5908 0 0
5909 0 1
5910 0 46
5911 0 47
5912 0 0
5913 0 3
5914 47 0
5915 0 2
5916 1 0
5917 0 0
5918 0 3
5919 0 1
5920 0 46
5921 0 4
5922 0 3
5923 0 0
5924 0 1
5925 0 47
5926 0 4
5927 46 0
5928 0 0
5929 0 3
5930 0 2
5931 0 46
5932 0 3
5933 0 1
5934 47 0
5935 0 0
5936 0 1
5937 0 4
5938 47 47
5939 0 47
5940 0 3
5941 46 0
5942 46 47
5943 0 46
5944 47 47
5945 0 0
5946 0 1
5947 0 4
5948 0 3
5949 0 47
5950 0 4
5951 0 3
5952 0 0
5953 46 47
5954 47 47
5955 0 46
5956 0 47
5957 0 2
5958 0 3
5959 0 46
5960 47 0
5961 46 0
5962 0 2
5963 1 0
5964 0 0
5965 46 47
5966 0 47
5967 47 0
5968 46 0
5969 0 3
5970 0 46
5971 0 47
5972 47 0
5973 46 0
5974 47 0
5975 47 47
5976 0 1
5977 0 0
5978 0 46
5979 46 47
5980 47 47
5981 0 2
5982 46 0
5983 0 47
5984 47 0
5985 0 46
5986 0 1
5987 0 0
5988 46 0
5989 47 0
5990 46 47
5991 46 0
5992 0 47
5993 47 47
5994 0 46
5995 46 47
5996 1 0
5997 0 1
5998 0 2
5999 47 47
6000 46 47
6001 0 0
6002 1 0
6003 47 0
6004 0 1
6005 47 47
6006 46 0
6007 0 2
6008 0 47
6009 0 1
6010 46 47
6011 47 47
6012 0 2
6013 0 1
6014 0 0
6015 47 0
6016 0 46
6017 46 47
6018 46 0
6019 47 0
6020 0 47
6021 0 46
6022 47 47
6023 46 47
6024 46 0
6025 1 0
6026 0 0
6027 1 0
6028 47 0
6029 0 47
6030 47 47
6031 2 0
6032 46 0
6033 46 47
6034 1 0
6035 0 46
6036 47 47
6037 47 0
6038 0 2
6039 0 47
6040 46 0
6041 47 0
6042 0 0
6043 1 0
6044 46 47
6045 46 0
6046 0 0
6047 0 46
6048 1 0
6049 47 47
6050 0 0
6051 0 47
6052 0 3
6053 46 47
6054 47 47
6055 47 0
6056 0 46
6057 46 47
6058 47 47
6059 46 0
6060 0 1
6061 46 47
6062 0 0
6063 47 0
6064 0 2
6065 46 0
6066 47 0
6067 46 0
6068 47 0
6069 0 47
6070 47 47
6071 0 3
6072 46 47
6073 47 47
6074 0 2
6075 0 1
6076 46 0
6077 0 0
6078 0 1
6079 46 47
6080 47 47
6081 0 46
6082 0 47
6083 0 46
6084 46 47
6085 47 47
6086 0 47
6087 0 0
6088 47 0
6089 46 0
6090 0 3
6091 47 0
6092 46 47
6093 46 0
6094 47 0
6095 0 1
6096 0 0
6097 0 2
6098 1 0
6099 0 1
6100 47 47
6101 0 46
6102 0 47
6103 46 47
6104 0 2
6105 0 46
6106 47 47
6107 46 0
6108 0 0
6109 0 3
6110 47 0
6111 46 0
6112 0 1
6113 0 4
6114 0 47
6115 0 0
6116 0 1
6117 0 3
6118 47 0
6119 0 46
6120 0 47
6121 0 0
6122 0 2
6123 0 3
6124 46 0
6125 47 0
6126 0 1
6127 46 47
6128 0 46
6129 46 0
6130 47 0
6131 47 47
6132 0 0
6133 46 0
6134 0 2
6135 1 0
6136 0 47
6137 0 0
6138 0 3
6139 0 2
6140 0 46
6141 46 47
6142 47 47
6143 0 47
6144 0 1
6145 0 46
6146 47 0
6147 0 47
6148 46 47
6149 0 0
6150 47 47
6151 0 46
6152 46 0
6153 0 47
6154 46 47
6155 1 0
6156 0 46
6157 47 47
6158 0 47
6159 46 47
6160 0 0
6161 47 0
6162 1 0
6163 46 0
6164 0 1
6165 47 47
6166 2 0
6167 47 0
6168 46 0
6169 0 46
6170 46 47
6171 47 47
6172 47 0
6173 46 47
6174 47 47
6175 0 0
6176 0 1
6177 46 47
6178 0 47
6179 0 46
6180 47 47
6181 0 0
6182 3 0
6183 2 0
6184 46 47
6185 0 47
6186 0 46
6187 3 0
6188 0 1
6189 0 0
6190 2 0
6191 0 1
6192 0 47
6193 47 47
6194 0 0
6195 0 1
6196 46 47
6197 0 0
6198 0 46
6199 47 47
6200 3 0
6201 0 1
6202 46 0
6203 0 0
6204 47 0
6205 2 0
6206 46 0
6207 3 0
6208 46 47
6209 0 47
6210 47 47
6211 0 46
6212 0 47
6213 0 1
6214 2 0
6215 1 0
6216 46 47
6217 47 47
6218 0 2
6219 0 46
6220 46 47
6221 0 1
6222 0 0
6223 1 0
6224 0 47
6225 47 47
6226 0 46
6227 0 47
6228 0 46
6229 47 0
6230 46 0
6231 47 0
6232 46 47
6233 46 0
6234 0 0
6235 47 47
6236 47 0
6237 46 0
6238 46 47
6239 47 0
6240 47 47
6241 46 47
6242 0 1
6243 0 0
6244 46 0
6245 0 1
6246 0 0
6247 47 47
6248 46 47
6249 47 0
6250 47 47
6251 46 0
6252 0 47
6253 0 1
6254 46 47
6255 0 2
6256 47 47
6257 0 46
6258 0 1
6259 46 47
6260 2 0
6261 1 0
6262 47 47
6263 2 0
6264 46 47
6265 1 0
6266 2 0
6267 47 0
6268 0 0
6269 0 47
6270 46 0
6271 47 47
6272 0 46
6273 3 0
6274 2 0
6275 0 1
6276 46 47
6277 0 0
6278 3 0
6279 47 47
6280 46 47
6281 0 47
6282 0 46
6283 0 1
6284 0 0
6285 47 0
6286 47 47
6287 0 1
6288 0 47
6289 2 0
6290 46 47
6291 0 46
6292 0 47
6293 0 46
6294 46 0
6295 47 47
6296 0 47
6297 47 0
6298 0 0
6299 0 1
6300 46 0
6301 0 0
6302 3 0
6303 0 1
6304 46 47
6305 47 47
6306 2 0
6307 0 46
6308 47 0
6309 1 0
6310 0 47
6311 46 47
6312 46 0
6313 47 0
6314 2 0
6315 46 0
6316 47 47
6317 47 0
6318 46 47
6319 0 46
6320 0 0
6321 0 47
6322 0 46
6323 1 0
6324 0 0
6325 47 47
6326 0 47
6327 46 0
6328 0 46
6329 46 47
6330 1 0
6331 47 0
6332 0 47
6333 0 46
6334 46 0
6335 0 0
6336 47 47
6337 0 1
6338 0 47
6339 46 47
6340 0 0
6341 0 1
6342 1 0
6343 0 46
6344 47 0
6345 2 0
6346 0 47
6347 0 0
6348 3 0
6349 2 0
6350 0 1
6351 0 46
6352 47 47
6353 1 0
6354 2 0
6355 46 0
6356 0 47
6357 47 0
6358 46 47
6359 0 0
6360 0 46
6361 47 47
6362 46 47
6363 47 47
6364 0 47
6365 46 47
6366 47 47
6367 0 1
6368 0 46
6369 46 0
6370 1 0
6371 0 2
6372 46 47
6373 0 1
6374 2 0
6375 47 47
6376 46 47
6377 47 0
6378 0 0
6379 47 47
6380 46 0
6381 1 0
6382 0 47
6383 0 0
6384 46 47
6385 0 1
6386 0 0
6387 0 46
6388 0 47
6389 47 0
6390 0 46
6391 47 47
6392 3 0
6393 0 47
6394 0 46
6395 46 47
6396 0 1
6397 47 47
6398 0 0
6399 2 0
6400 3 0
6401 46 0
6402 2 0
6403 47 0
6404 0 1
6405 0 0
6406 46 0
6407 0 47
6408 46 47
6409 47 0
6410 47 47
6411 46 0
6412 47 0
6413 46 47
6414 3 0
6415 46 0
6416 0 1
6417 2 0
6418 47 47
6419 0 0
6420 47 0
6421 46 0
6422 0 46
6423 1 0
6424 46 47
6425 0 0
6426 47 0
6427 47 47
6428 46 47
6429 47 47
6430 0 1
6431 46 47
6432 46 0
6433 47 0
6434 1 0
6435 47 47
6436 2 0
6437 46 0
6438 47 0
6439 46 47
6440 0 0
6441 0 47
6442 3 0
6443 47 47
6444 2 0
6445 46 47
6446 3 0
6447 47 47
6448 0 1
6449 46 0
6450 2 0
6451 1 0
6452 2 0
6453 46 47
6454 0 0
6455 47 47
6456 1 0
6457 0 0
6458 47 0
6459 46 47
6460 0 1
6461 47 47
6462 0 0
6463 0 46
6464 0 47
6465 0 1
6466 46 0
6467 1 0
6468 0 46
6469 0 47
6470 47 0
6471 0 46
6472 46 0
6473 0 2
6474 46 47
6475 0 47
6476 0 46
6477 0 47
6478 0 1
6479 47 47
6480 2 0
6481 0 0
6482 0 46
6483 0 47
6484 47 0
6485 0 46
6486 46 0
6487 3 0
6488 47 0
6489 46 0
6490 0 47
6491 46 47
6492 0 46
6493 47 47
6494 0 47
6495 2 0
6496 0 46
6497 1 0
6498 0 0
6499 46 47
6500 47 0
6501 1 0
6502 0 47
6503 0 0
6504 0 46
6505 0 47
6506 46 0
6507 47 47
6508 0 46
6509 0 1
6510 47 0
6511 46 0
6512 0 0
6513 0 47
6514 46 47
6515 0 46
6516 47 47
6517 47 0
6518 0 1
6519 1 0
6520 2 0
6521 0 0
6522 1 0
6523 46 47
6524 47 47
6525 0 0
6526 46 47
6527 46 0
6528 0 47
6529 47 47
6530 0 46
6531 0 47
6532 1 0
6533 0 46
6534 46 47
6535 47 0
6536 47 47
6537 46 47
6538 46 0
6539 0 47
6540 47 0
6541 46 0
6542 0 0
6543 47 0
6544 47 47
6545 0 1
6546 0 46
6547 46 0
6548 0 0
6549 0 47
6550 0 46
6551 3 0
6552 46 47
6553 0 1
6554 0 47
6555 0 46
6556 47 0
6557 2 0
6558 46 0
6559 47 47
6560 1 0
6561 46 47
6562 0 2
6563 47 47
6564 0 1
6565 2 0
6566 46 47
6567 0 0
6568 0 47
6569 47 0
6570 0 46
6571 0 1
6572 46 0
6573 0 47
6574 0 46
6575 47 47
6576 0 47
6577 0 0
6578 0 1
6579 1 0
6580 0 0
6581 46 47
6582 47 0
6583 0 46
6584 0 1
6585 47 47
6586 46 47
6587 46 0
6588 0 2
6589 47 47
6590 0 1
6591 0 47
6592 47 0
6593 46 47
6594 2 0
6595 0 0
6596 0 46
6597 46 0
6598 47 47
6599 47 0
6600 0 47
6601 0 46
6602 46 0
6603 47 0
6604 46 47
6605 0 1
6606 46 0
6607 1 0
6608 0 47
6609 47 47
6610 2 0
6611 46 47
6612 0 46
6613 0 0
6614 0 1
6615 1 0
6616 47 0
6617 2 0
6618 1 0
6619 2 0
6620 0 0
6621 0 47
6622 0 46
6623 46 0
6624 0 47
6625 47 0
6626 0 1
6627 46 0
6628 47 47
6629 1 0
6630 0 0
6631 46 47
6632 0 46
6633 0 47
6634 47 47
6635 0 46
6636 1 0
6637 47 0
6638 2 0
6639 0 47
6640 1 0
6641 2 0
6642 46 47
6643 0 46
6644 46 0
6645 47 47
6646 0 47
6647 0 46
6648 0 0
6649 3 0
6650 0 1
6651 0 0
6652 0 1
6653 47 0
6654 46 47
6655 47 47
6656 0 0
6657 0 1
6658 0 47
6659 0 0
6660 0 1
6661 0 0
6662 46 0
6663 47 0
6664 46 47
6665 0 46
6666 2 0
6667 1 0
6668 0 0
6669 47 47
6670 0 47
6671 0 1
6672 46 0
6673 0 46
6674 0 0
6675 0 1
6676 0 0
6677 47 0
6678 0 47
6679 0 1
6680 46 0
6681 1 0
6682 47 0
6683 0 46
6684 46 0
6685 47 0
6686 2 0
6687 46 47
6688 47 47
6689 0 0
6690 0 47
6691 0 46
6692 46 0
6693 46 47
6694 47 0
6695 0 47
6696 0 46
6697 3 0
6698 0 47
6699 47 47
6700 0 1
6701 2 0
6702 46 47
6703 0 46
6704 1 0
6705 2 0
6706 0 0
6707 0 1
6708 1 0
6709 46 0
6710 0 2
6711 47 47
6712 47 0
6713 0 47
6714 0 46
6715 0 0
6716 0 3
6717 0 1
6718 0 4
6719 0 47
6720 0 0
6721 0 1
6722 46 47
6723 46 0
6724 0 46
6725 0 47
6726 47 0
6727 0 0
6728 0 46
6729 0 47
6730 0 3
6731 47 47
6732 0 46
6733 46 47
6734 0 2
6735 46 0
6736 0 3
6737 0 1
6738 47 0
6739 0 47
6740 47 47
6741 0 2
6742 0 46
6743 0 47
6744 0 3
6745 46 47
6746 0 4
6747 46 0
6748 0 46
6749 47 47
6750 47 0
6751 46 0
6752 0 47
6753 46 47
6754 47 0
6755 47 47
6756 0 0
6757 46 47
6758 0 3
6759 0 46
6760 0 1
6761 0 0
6762 0 47
6763 46 0
6764 0 46
6765 0 47
6766 47 47
6767 46 47
6768 47 47
6769 0 46
6770 0 47
6771 47 0
6772 0 2
6773 46 0
6774 47 0
6775 0 46
6776 0 3
6777 0 47
6778 46 47
6779 46 0
6780 47 0
6781 0 1
6782 0 46
6783 46 0
6784 0 47
6785 47 47
6786 0 4
6787 0 3
6788 47 0
6789 0 4
6790 0 3
6791 0 46
6792 46 0
6793 0 0
6794 0 2
6795 0 1
6796 0 2
6797 47 0
6798 0 47
6799 46 0
6800 47 0
6801 0 3
6802 0 2
6803 46 0
6804 46 47
6805 0 3
6806 47 0
6807 0 2
6808 1 0
6809 0 46
6810 0 1
6811 0 0
6812 47 47
6813 0 47
6814 46 0
6815 1 0
6816 47 0
6817 46 0
6818 2 0
6819 47 0
6820 1 0
6821 46 0
6822 46 47
6823 2 0
6824 0 0
6825 0 1
6826 1 0
6827 0 0
6828 0 1
6829 0 46
6830 47 47
6831 0 0
6832 0 1
6833 0 0
6834 0 47
6835 47 0
6836 0 1
6837 46 47
6838 0 2
6839 46 0
6840 0 46
6841 0 47
6842 0 46
6843 0 47
6844 0 0
6845 0 46
6846 0 47
6847 47 0
6848 0 46
6849 47 47
6850 0 47
6851 1 0
6852 0 0
6853 1 0
6854 46 0
6855 0 46
6856 47 0
6857 0 47
6858 0 0
6859 46 0
6860 0 3
6861 47 0
6862 46 0
6863 46 47
6864 47 47
6865 47 0
6866 46 0
6867 0 46
6868 0 1
6869 0 4
6870 0 3
6871 0 0
6872 46 47
6873 47 0
6874 46 0
6875 47 47
6876 0 47
6877 0 46
6878 0 1
6879 46 47
6880 47 47
6881 0 0
6882 0 1
6883 0 4
6884 0 3
6885 0 0
6886 47 0
6887 0 1
6888 46 0
6889 0 47
6890 46 47
6891 47 0
6892 0 46
6893 0 47
6894 46 0
6895 47 0
6896 0 0
6897 0 46
6898 46 0
6899 47 47
6900 46 47
6901 0 2
6902 0 47
6903 0 3
6904 0 1
6905 0 0
6906 0 2
6907 0 1
6908 0 0
6909 0 46
6910 47 47
6911 0 1
# colocadas=6912 ocupadas=5 mayor=7115
