0 6 3
1 0 1
2 3 7
3 1 7
4 4 7
5 3 7
6 6 5
7 0 2
8 7 5
9 3 6
10 1 6
11 7 3
12 6 3
13 3 7
14 1 7
15 6 5
16 1 4
17 4 0
18 5 7
19 4 7
20 2 0
21 1 1
22 0 1
23 1 0
24 1 2
25 0 7
26 1 7
27 0 2
28 3 0
29 7 4
30 1 1
31 5 6
32 5 0
33 4 6
34 7 5
35 4 5
36 0 6
37 0 4
38 2 5
39 0 5
40 2 4
41 2 5
42 2 0
43 1 4
44 1 6
45 0 0
46 4 7
47 4 0
48 7 4
49 6 2
50 6 3
51 1 7
52 1 0
53 6 4
54 0 1
55 5 7
56 2 1
57 5 5
58 6 3
59 3 0
60 4 0
61 3 1
62 2 0
63 6 0
64 0 4
65 2 4
66 6 1
67 1 4
68 5 6
69 0 2
70 2 7
71 6 7
72 5 4
73 5 0
74 0 6
75 7 7
76 4 7
77 3 7
78 0 7
79 6 4
80 0 3
81 2 4
82 7 5
83 6 5
84 1 7
85 7 6
86 1 4
87 3 0
88 0 1
89 2 4
90 6 3
91 7 3
92 7 5
93 0 4
94 4 0
95 5 5
96 6 0
97 1 5
98 5 7
99 1 1
100 7 1
101 3 0
102 6 3
103 6 5
104 6 1
105 1 4
106 7 7
107 1 0
108 0 1
109 6 2
110 5 0
111 0 4
112 1 4
113 1 1
114 4 4
115 2 2
116 4 7
117 7 6
118 0 0
119 3 5
120 4 3
121 1 6
122 2 4
123 5 5
124 1 4
125 4 0
126 3 3
127 2 5
128 0 2
129 1 2
130 3 7
131 5 6
132 6 5
133 2 3
134 1 7
135 5 2
136 1 0
137 7 7
138 4 5
139 6 0
140 3 5
141 5 4
142 0 1
143 7 5
144 5 5
145 6 1
146 4 7
147 0 3
148 4 3
149 6 3
150 7 6
151 5 1
152 3 3
153 4 4
154 4 3
155 3 3
156 4 3
157 3 4
158 2 4
159 5 2
160 3 3
161 6 5
162 1 5
163 3 0
164 0 2
165 5 5
166 1 1
167 0 0
168 1 2
169 3 7
170 1 4
171 4 2
172 6 0
173 2 0
174 7 7
175 4 3
176 0 4
177 0 6
178 0 1
179 5 0
180 7 3
181 7 4
182 2 5
183 0 0
184 0 1
185 4 7
186 4 5
187 7 1
188 6 0
189 5 7
190 3 0
191 5 6
# colocadas=192 ocupadas=25 mayor=68
