0 2 5
1 3 5
2 4 2
3 6 0
4 0 0
5 0 1
6 2 1
7 0 0
8 0 1
9 0 0
10 2 5
11 7 0
12 6 0
13 1 1
14 5 2
15 4 2
16 5 2
17 4 2
18 5 2
19 0 1
20 7 0
21 0 0
22 2 1
23 0 1
24 0 0
25 6 0
26 4 2
27 1 1
28 5 2
29 7 0
30 0 1
31 6 0
32 2 1
33 0 0
34 1 1
35 4 2
36 5 2
37 2 1
38 7 0
39 0 1
40 0 0
41 6 0
42 1 1
43 7 0
44 6 0
45 4 2
46 3 5
47 7 0
48 2 5
49 5 2
50 4 2
51 3 5
52 2 5
53 6 0
54 5 2
55 3 5
56 2 5
57 3 5
58 2 5
59 7 0
60 4 2
61 0 1
62 2 1
63 5 2
64 3 5
65 6 0
66 7 0
67 2 2
68 6 0
69 0 0
70 7 0
71 0 1
72 2 1
73 2 5
74 3 5
75 2 2
76 0 0
77 2 1
78 6 0
79 7 0
80 6 0
81 2 5
82 4 2
83 7 0
84 5 2
85 4 2
86 1 1
87 0 1
88 5 2
89 2 1
90 6 0
91 0 0
92 0 1
93 7 0
94 6 0
95 3 5
96 2 5
97 2 2
98 3 5
99 2 5
100 3 5
101 2 5
102 4 2
103 5 2
104 0 0
105 2 1
106 0 1
107 4 2
108 2 2
109 0 0
110 0 1
111 2 1
112 0 0
113 3 5
114 7 0
115 0 1
116 0 0
117 6 0
118 7 0
119 1 1
120 2 5
121 5 2
122 2 1
123 1 1
124 2 1
125 0 1
126 3 5
127 2 5
128 6 0
129 4 2
130 5 2
131 0 0
132 1 1
133 4 2
134 2 1
135 7 0
136 3 5
137 0 1
138 2 2
139 2 5
140 0 0
141 3 5
142 6 0
143 2 1
144 7 0
145 1 1
146 2 1
147 1 1
148 2 1
149 5 2
150 0 1
151 0 0
152 2 5
153 3 5
154 4 2
155 5 2
156 2 5
157 3 5
158 6 0
159 4 2
160 1 1
161 0 1
162 2 5
163 0 0
164 3 5
165 0 1
166 0 0
167 5 2
168 2 1
169 1 1
170 0 1
171 2 1
172 2 5
173 4 2
174 0 0
175 1 1
176 2 1
177 1 1
178 7 0
179 6 0
180 5 2
181 0 1
182 2 1
183 3 5
184 2 2
185 2 1
186 2 5
187 2 2
188 0 0
189 4 2
190 2 1
191 5 2
# colocadas=192 ocupadas=5 mayor=236
