0 0 0
1 0 15
2 15 0
3 14 0
4 15 15
5 15 0
6 0 2
7 0 4
8 0 6
9 0 14
10 0 8
11 0 10
12 0 12
13 1 15
14 1 12
15 2 0
16 3 15
17 4 0
18 5 15
19 14 0
20 6 0
21 7 0
22 6 15
23 8 15
24 4 15
25 2 15
26 9 0
27 10 15
28 11 0
29 4 14
30 2 1
31 8 14
32 1 8
33 3 0
34 0 8
35 15 0
36 12 0
37 4 15
38 5 0
39 1 6
40 12 15
41 1 1
42 9 15
43 2 0
44 4 0
45 11 0
46 14 0
47 7 14
48 1 15
49 9 1
50 6 0
51 5 15
52 8 0
53 6 1
54 3 0
55 0 7
56 15 1
57 2 1
58 0 5
59 0 3
60 0 1
61 6 15
62 14 15
63 1 0
64 5 0
65 15 15
66 3 15
67 4 0
68 5 0
69 7 0
70 0 4
71 15 2
72 6 2
73 8 0
74 11 15
75 0 13
76 2 2
77 12 15
78 15 1
79 5 15
80 5 2
81 8 15
82 6 0
83 11 15
84 9 2
85 4 0
86 1 2
87 0 15
88 15 2
89 15 0
90 9 15
91 7 15
92 0 9
93 14 15
94 9 14
95 10 0
96 15 15
97 1 11
98 0 11
99 0 0
100 11 0
101 15 3
102 2 2
103 9 0
104 1 15
105 15 2
106 3 0
107 0 2
108 2 1
109 2 0
110 0 1
111 1 0
112 10 15
113 8 15
114 12 0
115 2 15
116 0 0
117 8 0
118 0 6
119 0 7
120 8 2
121 2 0
122 14 15
123 9 13
124 0 6
125 0 7
126 14 0
127 3 1
128 7 15
129 15 0
130 1 9
131 8 15
132 7 2
133 0 9
134 1 9
135 15 15
136 3 2
137 1 2
138 5 0
139 14 0
140 5 1
141 13 0
142 11 15
143 6 2
144 7 0
145 0 14
146 0 3
147 0 15
148 0 9
149 8 13
150 4 1
151 0 1
152 4 15
153 1 9
154 3 15
155 1 3
156 0 0
157 7 13
158 10 15
159 4 0
160 0 14
161 7 15
162 7 14
163 0 15
164 1 0
165 0 10
166 9 15
167 6 14
168 14 15
169 0 8
170 5 2
171 15 1
172 3 1
173 5 1
174 2 15
175 6 0
176 6 1
177 0 6
178 1 8
179 15 15
180 2 0
181 0 9
182 12 0
183 15 0
184 1 9
185 8 15
186 1 8
187 6 15
188 14 15
189 0 7
190 4 1
191 0 14
# colocadas=192 ocupadas=25 mayor=66
