0 6 10
1 3 13
2 9 2
3 7 12
4 6 3
5 7 7
6 13 2
7 13 14
8 8 3
9 15 0
10 7 11
11 4 14
12 8 14
13 4 12
14 8 2
15 8 15
16 7 1
17 3 14
18 4 14
19 2 0
20 4 3
21 5 3
22 4 3
23 9 4
24 6 15
25 15 13
26 0 0
27 15 14
28 0 10
29 1 4
30 1 1
31 9 0
32 15 15
33 3 1
34 7 14
35 8 14
36 12 14
37 13 14
38 5 14
39 4 14
40 0 8
41 7 2
42 5 4
43 9 15
44 14 15
45 7 3
46 13 13
47 0 1
48 13 14
49 8 15
50 6 9
51 6 11
52 6 10
53 7 11
54 3 0
55 1 2
56 5 9
57 1 10
58 6 9
59 0 0
60 1 1
61 2 13
62 3 13
63 2 0
64 9 3
65 8 3
66 0 10
67 15 15
68 3 11
69 1 2
70 1 1
71 5 13
72 2 5
73 14 13
74 7 2
75 5 9
76 11 13
77 13 7
78 15 10
79 12 15
80 13 5
81 12 7
82 4 7
83 13 13
84 5 15
85 14 14
86 10 13
87 2 4
88 13 14
89 4 0
90 8 12
91 7 3
92 9 1
93 9 2
94 5 2
95 1 3
96 1 11
97 7 12
98 1 13
99 13 8
100 8 13
101 10 0
102 8 11
103 8 3
104 3 10
105 7 11
106 5 3
107 7 0
108 7 1
109 3 3
110 13 4
111 2 14
112 4 3
113 10 2
114 9 2
115 1 4
116 9 0
117 3 11
118 1 10
119 10 4
120 8 7
121 6 1
122 0 1
123 5 7
124 3 14
125 7 7
126 7 1
127 5 10
128 6 2
129 6 1
130 6 10
131 13 7
132 4 14
133 7 13
134 14 13
135 7 1
136 1 14
137 5 1
138 9 4
139 7 15
140 8 15
141 15 13
142 4 1
143 15 12
144 8 12
145 15 13
146 2 14
147 0 0
148 1 5
149 0 14
150 7 10
151 11 14
152 7 6
153 10 1
154 10 3
155 7 7
156 7 8
157 13 12
158 14 12
159 6 10
160 7 7
161 5 8
162 12 14
163 8 6
164 6 12
165 7 12
166 13 14
167 3 14
168 5 9
169 7 4
170 4 10
171 5 5
172 14 0
173 7 2
174 3 13
175 15 0
176 5 2
177 4 7
178 2 11
179 8 13
180 5 10
181 5 4
182 6 10
183 6 14
184 7 14
185 11 13
186 8 7
187 0 9
188 15 12
189 7 7
190 11 0
191 8 12
# colocadas=192 ocupadas=89 mayor=32
