0 0 0
1 0 1
2 0 2
3 0 15
4 0 3
5 0 2
6 0 4
7 0 5
8 0 6
9 1 2
10 0 2
11 0 7
12 0 8
13 0 9
14 0 10
15 0 11
16 0 12
17 0 13
18 0 14
19 1 0
20 1 1
21 1 3
22 1 15
23 1 4
24 1 3
25 1 5
26 1 14
27 1 13
28 1 12
29 1 11
30 1 10
31 1 9
32 1 8
33 1 7
34 1 6
35 2 0
36 1 0
37 0 6
38 2 1
39 2 15
40 2 14
41 2 2
42 2 1
43 2 3
44 2 4
45 3 15
46 2 5
47 2 6
48 2 7
49 2 13
50 2 8
51 3 0
52 3 14
53 3 8
54 2 8
55 3 7
56 3 1
57 2 9
58 2 1
59 3 6
60 2 6
61 2 12
62 3 13
63 3 14
64 2 11
65 1 12
66 3 2
67 0 12
68 2 10
69 1 12
70 1 13
71 4 7
72 3 7
73 2 9
74 3 3
75 3 5
76 1 9
77 0 9
78 2 5
79 1 5
80 3 9
81 4 0
82 3 10
83 3 4
84 3 11
85 4 6
86 4 1
87 3 12
88 4 0
89 4 2
90 4 3
91 4 5
92 4 4
93 4 8
94 4 12
95 3 4
96 3 12
97 15 0
98 4 9
99 5 0
100 3 13
101 3 14
102 4 0
103 4 10
104 4 13
105 4 11
106 4 14
107 14 0
108 13 0
109 12 0
110 11 0
111 3 15
112 2 15
113 5 1
114 5 2
115 5 0
116 6 0
117 4 15
118 5 15
119 6 1
120 5 3
121 5 2
122 5 4
123 6 2
124 5 5
125 4 14
126 6 3
127 3 14
128 5 6
129 5 14
130 5 13
131 5 12
132 5 11
133 5 10
134 6 4
135 5 9
136 5 8
137 5 7
138 7 2
139 4 7
140 6 2
141 6 5
142 6 6
143 5 6
144 6 11
145 5 11
146 7 0
147 6 0
148 6 7
149 6 10
150 6 9
151 12 1
152 6 8
153 6 12
154 6 15
155 7 3
156 7 8
157 6 3
158 6 2
159 12 0
160 6 1
161 6 8
162 6 7
163 6 13
164 14 1
165 6 14
166 7 15
167 13 1
168 7 14
169 7 1
170 15 1
171 7 4
172 7 3
173 15 0
174 7 9
175 7 7
176 7 0
177 6 0
178 14 0
179 8 3
180 6 9
181 7 3
182 6 10
183 13 0
184 13 1
185 13 0
186 7 8
187 7 5
188 10 0
189 7 6
190 11 0
191 8 6
# colocadas=192 ocupadas=135 mayor=25
