0 14 5
1 8 4
2 13 6
3 13 7
4 15 5
5 13 6
6 13 7
7 8 14
8 13 6
9 14 5
10 9 4
11 5 12
12 8 13
13 13 7
14 13 6
15 8 14
16 13 7
17 8 13
18 8 4
19 15 5
20 9 4
21 13 6
22 4 12
23 8 4
24 9 4
25 13 7
26 14 5
27 8 4
28 8 14
29 8 13
30 13 6
31 13 7
32 15 5
33 8 14
34 5 12
35 8 13
36 14 5
37 13 6
38 13 7
39 13 6
40 9 4
41 15 5
42 8 14
43 4 12
44 8 13
45 14 5
46 8 14
47 8 13
48 13 7
49 8 14
50 13 6
51 15 5
52 8 13
53 13 7
54 13 6
55 8 14
56 14 5
57 13 7
58 8 4
59 9 4
60 8 13
61 8 14
62 13 6
63 15 5
64 8 13
65 5 12
66 8 4
67 4 12
68 5 12
69 4 12
70 14 5
71 5 12
72 9 4
73 4 12
74 15 5
75 8 14
76 8 4
77 13 7
78 13 6
79 5 12
80 9 4
81 8 4
82 14 5
83 4 12
84 8 13
85 8 14
86 5 12
87 4 12
88 15 5
89 14 5
90 8 13
91 8 14
92 8 13
93 15 5
94 5 12
95 8 14
96 13 7
97 9 4
98 14 5
99 8 4
100 4 12
101 9 4
102 13 6
103 15 5
104 8 13
105 8 14
106 8 13
107 14 5
108 5 12
109 15 5
110 4 12
111 8 14
112 8 13
113 13 7
114 13 6
115 8 14
116 5 12
117 8 13
118 8 4
119 14 5
120 9 4
121 8 4
122 15 5
123 4 12
124 8 14
125 8 13
126 8 14
127 5 12
128 4 12
129 14 5
130 8 13
131 9 4
132 8 14
133 8 4
134 9 4
135 5 12
136 15 5
137 14 5
138 4 12
139 5 12
140 4 12
141 15 5
142 8 4
143 8 13
144 5 12
145 14 5
146 9 4
147 8 4
148 4 12
149 9 4
150 5 12
151 4 12
152 5 12
153 4 12
154 15 5
155 8 14
156 14 5
157 13 7
158 15 5
159 5 12
160 13 6
161 8 4
162 9 4
163 8 4
164 14 5
165 4 12
166 5 12
167 8 13
168 13 7
169 9 4
170 4 12
171 8 4
172 5 12
173 15 5
174 13 6
175 9 4
176 8 14
177 8 4
178 14 5
179 4 12
180 5 12
181 4 12
182 15 5
183 9 4
184 8 4
185 9 4
186 14 5
187 5 12
188 8 13
189 15 5
190 4 12
191 13 7
# colocadas=192 ocupadas=5 mayor=218
