0 14 5
1 8 4
2 13 6
3 13 7
4 13 6
5 12 7
6 8 14
7 5 12
8 13 10
9 9 4
10 8 4
11 13 9
12 14 13
13 10 9
14 13 13
15 14 13
16 5 10
17 5 9
18 9 5
19 11 7
20 3 10
21 2 10
22 10 5
23 9 5
24 6 10
25 11 9
26 10 9
27 5 10
28 3 10
29 7 10
30 14 14
31 8 5
32 8 3
33 4 9
34 8 4
35 10 7
36 3 11
37 6 10
38 14 13
39 14 10
40 13 10
41 14 15
42 5 9
43 4 8
44 14 14
45 3 10
46 11 7
47 9 5
48 12 9
49 11 9
50 1 10
51 10 4
52 14 13
53 2 10
54 4 9
55 8 3
56 8 4
57 13 15
58 4 12
59 8 13
60 15 5
61 10 3
62 13 7
63 14 5
64 14 15
65 13 6
66 5 10
67 15 15
68 14 15
69 14 14
70 5 12
71 7 4
72 1 10
73 14 13
74 12 10
75 8 4
76 12 15
77 13 10
78 7 3
79 10 4
80 2 10
81 6 9
82 13 15
83 13 11
84 10 9
85 5 9
86 12 14
87 11 9
88 7 4
89 10 7
90 6 10
91 9 4
92 13 10
93 13 7
94 7 10
95 3 11
96 13 6
97 13 12
98 13 13
99 15 4
100 3 10
101 7 3
102 12 15
103 14 14
104 12 9
105 7 4
106 4 9
107 8 14
108 12 14
109 15 5
110 15 3
111 14 5
112 13 12
113 9 5
114 3 11
115 5 9
116 15 2
117 14 13
118 8 2
119 9 2
120 11 9
121 15 5
122 13 7
123 6 10
124 8 2
125 9 2
126 11 7
127 12 15
128 9 4
129 10 7
130 13 9
131 9 5
132 10 9
133 13 10
134 13 9
135 13 6
136 12 14
137 8 13
138 14 15
139 11 7
140 3 10
141 4 11
142 12 12
143 11 9
144 14 14
145 9 4
146 4 12
147 8 4
148 13 10
149 5 10
150 2 10
151 15 3
152 9 4
153 13 9
154 6 9
155 8 14
156 15 2
157 5 9
158 11 12
159 3 10
160 8 3
161 10 5
162 5 10
163 8 4
164 14 5
165 14 13
166 11 13
167 5 9
168 13 7
169 8 2
170 10 9
171 7 3
172 12 15
173 11 9
174 6 10
175 15 14
176 15 15
177 13 10
178 14 9
179 13 6
180 15 5
181 13 13
182 3 11
183 8 3
184 13 9
185 11 12
186 14 9
187 5 10
188 13 7
189 13 9
190 12 14
191 7 4
# colocadas=192 ocupadas=25 mayor=66
