0 0 0
1 0 15
2 15 0
3 14 0
4 0 1
5 15 0
6 14 0
7 15 15
8 15 0
9 0 0
10 0 14
11 0 2
12 14 15
13 14 0
14 15 0
15 15 15
16 14 0
17 14 15
18 0 15
19 1 0
20 0 14
21 15 0
22 0 1
23 0 15
24 0 14
25 14 0
26 2 0
27 0 15
28 15 15
29 14 15
30 15 0
31 14 0
32 1 0
33 15 15
34 0 2
35 14 15
36 0 0
37 15 0
38 14 0
39 15 0
40 0 14
41 1 0
42 15 15
43 0 1
44 14 15
45 0 0
46 15 15
47 14 15
48 14 0
49 15 15
50 15 0
51 1 0
52 14 15
53 14 0
54 15 0
55 15 15
56 2 0
57 14 0
58 0 15
59 0 14
60 14 15
61 15 15
62 15 0
63 1 0
64 14 15
65 0 2
66 0 15
67 0 1
68 0 2
69 0 1
70 2 0
71 0 0
72 0 14
73 0 1
74 1 0
75 15 15
76 0 15
77 14 0
78 15 0
79 0 2
80 0 14
81 0 15
82 0 0
83 0 3
84 14 15
85 15 15
86 0 2
87 0 3
88 0 1
89 0 0
90 14 15
91 15 15
92 14 15
93 0 1
94 0 4
95 15 15
96 14 0
97 0 14
98 0 0
99 0 15
100 0 3
101 0 14
102 15 0
103 0 1
104 14 15
105 15 15
106 14 15
107 0 0
108 0 2
109 1 0
110 0 1
111 15 15
112 14 15
113 14 0
114 15 0
115 15 15
116 0 2
117 14 15
118 0 15
119 0 0
120 0 14
121 0 15
122 1 0
123 0 1
124 15 15
125 14 15
126 15 15
127 0 2
128 0 1
129 2 0
130 14 15
131 0 14
132 15 15
133 0 15
134 0 14
135 0 0
136 3 0
137 2 0
138 0 1
139 0 0
140 0 1
141 1 0
142 0 15
143 14 15
144 0 2
145 0 0
146 0 14
147 0 15
148 0 3
149 0 14
150 0 2
151 0 3
152 0 2
153 0 3
154 0 1
155 15 15
156 0 0
157 14 0
158 0 1
159 0 4
160 15 0
161 0 15
162 0 14
163 0 15
164 0 0
165 0 3
166 0 2
167 14 15
168 14 0
169 0 14
170 0 3
171 0 15
172 0 2
173 1 0
174 15 0
175 0 14
176 15 15
177 0 15
178 0 0
179 0 3
180 0 2
181 0 3
182 0 1
183 0 14
184 0 15
185 0 14
186 0 0
187 0 2
188 14 15
189 1 0
190 0 1
191 14 0
# colocadas=192 ocupadas=5 mayor=218
