0 0 0
1 8 7
2 5 5
3 15 3
4 4 5
5 0 10
6 9 5
7 3 4
8 13 0
9 0 11
10 0 10
11 8 4
12 13 3
13 9 0
14 0 13
15 6 10
16 2 11
17 2 8
18 15 5
19 9 8
20 1 6
21 3 13
22 2 1
23 2 13
24 3 13
25 9 10
26 12 1
27 1 14
28 10 4
29 9 14
30 15 12
31 4 10
32 3 1
33 14 2
34 12 0
35 10 8
36 1 10
37 13 0
38 7 15
39 0 10
40 13 6
41 6 15
42 4 14
43 7 11
44 1 5
45 4 12
46 5 5
47 7 9
48 8 5
49 9 5
50 7 5
51 14 12
52 8 3
53 7 6
54 2 3
55 5 8
56 3 14
57 4 9
58 11 13
59 8 9
60 0 3
61 10 3
62 7 3
63 2 7
64 1 10
65 3 11
66 1 4
67 2 11
68 4 10
69 1 15
70 1 13
71 4 8
72 6 7
73 14 15
74 9 11
75 4 5
76 9 1
77 1 12
78 9 10
79 5 5
80 15 2
81 3 11
82 1 13
83 8 0
84 12 15
85 14 5
86 2 11
87 8 3
88 15 5
89 5 11
90 10 11
91 1 0
92 7 0
93 0 0
94 7 3
95 8 3
96 8 0
97 9 4
98 9 0
99 15 6
100 2 8
101 5 12
102 9 1
103 2 7
104 3 0
105 2 6
106 6 13
107 5 3
108 1 14
109 12 3
110 15 15
111 0 10
112 8 11
113 15 5
114 7 5
115 4 14
116 14 13
117 7 13
118 7 11
119 9 8
120 7 6
121 10 9
122 14 0
123 4 11
124 7 15
125 6 12
126 13 0
127 7 5
128 2 15
129 13 2
130 5 1
131 6 4
132 6 15
133 2 10
134 2 11
135 8 1
136 2 2
137 5 8
138 3 11
139 9 1
140 4 10
141 4 12
142 3 15
143 9 15
144 6 14
145 3 1
146 14 12
147 15 3
148 2 3
149 2 15
150 6 13
151 13 3
152 3 3
153 12 3
154 6 8
155 13 1
156 2 3
157 4 9
158 10 8
159 9 8
160 4 10
161 5 10
162 6 10
163 11 3
164 6 3
165 10 13
166 4 4
167 3 4
168 8 6
169 14 13
170 10 4
171 13 0
172 0 2
173 7 9
174 7 13
175 3 3
176 15 4
177 11 15
178 0 14
179 0 3
180 1 15
181 9 14
182 7 4
183 3 5
184 3 4
185 8 7
186 5 4
187 2 4
188 14 15
189 5 5
190 6 9
191 5 6
# colocadas=192 ocupadas=89 mayor=34
