0 6 10
1 3 13
2 9 2
3 7 12
4 6 3
5 7 7
6 13 2
7 13 14
8 8 3
9 15 0
10 7 11
11 7 12
12 14 0
13 15 0
14 4 14
15 8 14
16 4 12
17 8 12
18 7 12
19 8 2
20 3 14
21 4 14
22 9 1
23 13 3
24 9 2
25 8 7
26 7 3
27 9 0
28 7 7
29 13 2
30 4 11
31 6 11
32 3 14
33 8 3
34 14 1
35 8 6
36 12 14
37 13 14
38 7 11
39 7 3
40 9 1
41 9 2
42 8 7
43 8 15
44 4 14
45 10 2
46 13 13
47 9 3
48 7 12
49 9 2
50 6 9
51 6 10
52 6 3
53 10 1
54 8 3
55 4 12
56 5 9
57 7 7
58 6 9
59 9 4
60 4 11
61 3 14
62 3 13
63 5 9
64 9 3
65 8 2
66 13 14
67 3 14
68 14 0
69 4 12
70 6 9
71 8 3
72 11 2
73 14 13
74 10 2
75 8 14
76 6 11
77 7 2
78 15 13
79 2 13
80 6 10
81 14 2
82 3 13
83 15 14
84 7 11
85 7 12
86 7 11
87 12 2
88 8 7
89 8 1
90 6 11
91 8 2
92 9 1
93 13 2
94 3 14
95 4 11
96 7 7
97 3 13
98 2 13
99 7 1
100 7 11
101 6 11
102 10 0
103 7 2
104 15 0
105 9 0
106 3 13
107 4 12
108 5 10
109 9 1
110 6 10
111 8 13
112 7 3
113 14 2
114 8 15
115 8 2
116 12 14
117 13 2
118 8 14
119 13 3
120 8 7
121 5 10
122 9 3
123 3 14
124 7 0
125 10 1
126 10 2
127 6 3
128 6 10
129 10 1
130 9 0
131 13 2
132 13 4
133 13 3
134 8 6
135 7 14
136 8 14
137 10 0
138 4 11
139 9 2
140 8 7
141 14 0
142 7 1
143 15 0
144 7 11
145 6 11
146 6 0
147 13 2
148 8 2
149 7 14
150 8 0
151 13 14
152 9 0
153 14 3
154 9 2
155 15 13
156 15 14
157 15 13
158 14 0
159 10 1
160 7 0
161 8 14
162 7 6
163 7 7
164 3 13
165 9 1
166 7 2
167 2 13
168 7 3
169 7 1
170 15 0
171 6 6
172 13 3
173 3 13
174 6 10
175 8 15
176 6 11
177 3 14
178 6 5
179 8 11
180 10 1
181 6 6
182 14 0
183 8 1
184 14 3
185 12 14
186 8 0
187 13 14
188 15 0
189 6 10
190 7 11
191 8 11
# colocadas=192 ocupadas=25 mayor=67
