0 0 0
1 0 1
2 0 15
3 0 14
4 15 0
5 14 0
6 15 15
7 15 0
8 14 0
9 15 0
10 0 0
11 0 13
12 0 12
13 14 15
14 0 14
15 0 15
16 0 14
17 0 15
18 0 14
19 14 0
20 0 11
21 15 0
22 15 15
23 14 0
24 15 0
25 0 10
26 0 15
27 14 15
28 0 14
29 0 9
30 14 0
31 0 8
32 15 15
33 15 0
34 14 15
35 0 15
36 0 14
37 15 15
38 0 7
39 14 0
40 15 0
41 0 6
42 14 15
43 0 5
44 0 4
45 0 15
46 0 1
47 0 3
48 0 0
49 0 14
50 0 15
51 0 1
52 0 0
53 0 2
54 0 14
55 1 0
56 0 0
57 1 0
58 0 0
59 0 3
60 0 15
61 14 0
62 15 15
63 0 14
64 0 1
65 0 4
66 0 3
67 14 15
68 0 4
69 15 0
70 0 3
71 14 0
72 15 15
73 0 0
74 0 1
75 14 15
76 15 0
77 15 15
78 0 4
79 0 3
80 0 4
81 0 0
82 0 15
83 0 3
84 0 14
85 0 15
86 14 15
87 14 0
88 0 14
89 15 15
90 0 2
91 15 0
92 14 0
93 0 3
94 0 2
95 0 1
96 0 0
97 14 15
98 0 1
99 0 0
100 0 1
101 0 0
102 0 15
103 0 14
104 15 0
105 15 15
106 14 0
107 0 15
108 14 15
109 15 0
110 14 0
111 15 15
112 15 0
113 1 0
114 0 1
115 14 0
116 15 0
117 0 2
118 0 1
119 14 15
120 2 0
121 0 14
122 15 15
123 14 15
124 15 15
125 14 0
126 1 0
127 2 0
128 0 0
129 0 15
130 0 14
131 15 0
132 14 15
133 0 15
134 15 15
135 0 1
136 1 0
137 14 0
138 14 15
139 2 0
140 15 0
141 1 0
142 0 2
143 15 15
144 0 1
145 14 15
146 15 15
147 14 15
148 15 15
149 0 14
150 14 0
151 15 0
152 2 0
153 1 0
154 0 15
155 0 14
156 2 0
157 1 0
158 0 2
159 0 15
160 14 15
161 14 0
162 0 0
163 15 0
164 0 1
165 14 0
166 15 0
167 0 14
168 15 15
169 14 15
170 14 0
171 15 15
172 0 0
173 0 15
174 15 0
175 14 15
176 15 15
177 14 15
178 0 3
179 0 2
180 0 14
181 14 0
182 15 15
183 0 1
184 14 15
185 15 15
186 0 0
187 14 15
188 15 0
189 0 15
190 15 15
191 0 14
# colocadas=192 ocupadas=5 mayor=236
