0 0 0
1 0 1
2 0 2
3 0 3
4 0 4
5 0 5
6 0 6
7 0 7
8 0 8
9 0 9
10 0 10
11 0 11
12 0 12
13 0 13
14 0 14
15 0 15
16 1 15
17 2 15
18 1 0
19 1 2
20 0 2
21 15 0
22 1 1
23 1 0
24 1 3
25 1 4
26 1 5
27 1 6
28 1 7
29 1 14
30 1 15
31 1 13
32 1 10
33 2 0
34 0 10
35 1 12
36 1 11
37 2 3
38 1 10
39 1 8
40 0 8
41 1 9
42 2 1
43 2 2
44 3 0
45 2 14
46 1 3
47 2 13
48 2 4
49 1 4
50 0 3
51 2 5
52 2 6
53 0 2
54 2 7
55 2 8
56 2 12
57 2 9
58 2 11
59 3 1
60 3 2
61 3 3
62 0 3
63 0 4
64 1 9
65 1 10
66 2 10
67 3 4
68 3 15
69 3 5
70 3 6
71 3 12
72 14 0
73 2 12
74 15 0
75 3 7
76 3 8
77 3 11
78 3 10
79 4 0
80 4 1
81 4 2
82 3 14
83 5 0
84 5 1
85 3 15
86 3 9
87 4 15
88 4 12
89 2 9
90 4 3
91 3 13
92 3 12
93 4 2
94 4 4
95 2 13
96 2 14
97 4 5
98 4 6
99 4 5
100 4 7
101 4 10
102 4 8
103 5 2
104 4 14
105 4 11
106 2 15
107 3 15
108 3 10
109 3 8
110 3 9
111 4 10
112 5 3
113 4 13
114 3 13
115 5 4
116 4 9
117 5 5
118 5 6
119 6 0
120 5 15
121 5 14
122 6 15
123 5 13
124 5 12
125 5 7
126 3 9
127 5 6
128 5 11
129 2 9
130 3 9
131 5 10
132 6 1
133 5 1
134 5 9
135 6 2
136 5 8
137 6 3
138 6 4
139 6 5
140 6 6
141 4 8
142 6 14
143 6 13
144 6 12
145 6 11
146 6 10
147 4 7
148 6 9
149 6 8
150 7 0
151 3 7
152 7 1
153 7 2
154 7 15
155 7 3
156 5 9
157 6 7
158 6 3
159 4 9
160 7 11
161 6 11
162 5 3
163 7 10
164 7 4
165 7 5
166 15 1
167 6 8
168 4 3
169 6 7
170 5 7
171 5 11
172 4 11
173 15 0
174 7 9
175 4 2
176 5 2
177 7 12
178 7 13
179 8 0
180 8 4
181 7 4
182 7 5
183 8 1
184 7 14
185 7 6
186 7 7
187 7 8
188 6 8
189 8 2
190 7 13
191 8 3
# colocadas=192 ocupadas=136 mayor=30
