0 0 0
1 0 15
2 15 0
3 15 15
4 0 3
5 0 2
6 0 4
7 0 5
8 0 7
9 0 9
10 0 11
11 0 13
12 1 3
13 2 0
14 3 0
15 2 1
16 2 15
17 1 13
18 4 15
19 5 0
20 6 15
21 7 15
22 7 0
23 9 0
24 9 15
25 11 0
26 11 15
27 13 0
28 13 15
29 15 2
30 15 5
31 15 8
32 15 10
33 15 12
34 1 4
35 15 13
36 0 6
37 14 12
38 5 15
39 1 8
40 1 10
41 2 10
42 2 3
43 1 1
44 15 11
45 2 9
46 14 11
47 10 15
48 2 1
49 15 10
50 1 0
51 0 12
52 1 11
53 14 13
54 5 1
55 15 4
56 0 0
57 12 15
58 0 1
59 10 14
60 15 5
61 0 14
62 0 0
63 2 5
64 1 7
65 2 6
66 3 5
67 2 12
68 3 2
69 15 4
70 15 6
71 14 6
72 13 6
73 14 12
74 2 10
75 12 6
76 13 5
77 13 7
78 3 8
79 3 7
80 3 9
81 4 7
82 3 12
83 14 11
84 4 15
85 2 2
86 14 5
87 14 2
88 2 1
89 5 0
90 15 14
91 2 7
92 15 1
93 15 0
94 6 15
95 15 5
96 11 15
97 15 2
98 0 15
99 14 7
100 15 15
101 15 7
102 14 12
103 0 14
104 4 2
105 13 1
106 5 15
107 1 15
108 2 15
109 7 1
110 4 9
111 0 13
112 1 14
113 14 0
114 3 9
115 6 15
116 7 0
117 13 5
118 13 7
119 8 0
120 1 2
121 3 15
122 10 13
123 2 12
124 0 8
125 8 1
126 2 9
127 0 11
128 2 15
129 2 10
130 9 0
131 4 8
132 4 7
133 1 5
134 12 0
135 11 0
136 1 13
137 2 9
138 2 10
139 15 9
140 15 10
141 3 10
142 6 0
143 4 10
144 15 14
145 5 0
146 1 8
147 6 1
148 7 15
149 0 13
150 10 0
151 0 5
152 8 2
153 14 1
154 0 7
155 6 15
156 6 14
157 14 10
158 3 10
159 13 0
160 8 1
161 12 5
162 3 1
163 0 2
164 15 3
165 2 1
166 6 15
167 1 0
168 1 11
169 1 7
170 3 2
171 1 3
172 0 8
173 4 0
174 0 0
175 3 0
176 3 15
177 1 12
178 12 15
179 15 15
180 14 0
181 1 2
182 15 0
183 8 15
184 1 4
185 0 6
186 9 1
187 3 6
188 4 10
189 1 3
190 15 8
191 14 15
# colocadas=192 ocupadas=86 mayor=32
