0 0 0
1 1 0
2 8 7
3 8 6
4 8 7
5 5 5
6 8 6
7 0 0
8 8 7
9 4 5
10 1 0
11 0 0
12 5 5
13 15 3
14 8 6
15 8 7
16 8 8
17 8 7
18 4 5
19 8 6
20 1 0
21 15 4
22 0 0
23 1 0
24 5 5
25 4 5
26 5 5
27 8 7
28 8 6
29 8 7
30 8 8
31 8 7
32 8 5
33 0 0
34 8 6
35 15 3
36 4 5
37 8 7
38 5 5
39 15 4
40 4 5
41 15 3
42 9 5
43 5 5
44 8 5
45 9 5
46 15 4
47 15 3
48 15 4
49 15 3
50 4 5
51 8 5
52 1 0
53 8 6
54 8 7
55 5 5
56 4 5
57 5 5
58 15 4
59 8 6
60 0 0
61 4 5
62 9 5
63 8 5
64 15 3
65 9 5
66 15 4
67 8 5
68 15 3
69 5 5
70 8 7
71 4 5
72 9 5
73 15 4
74 8 6
75 8 7
76 1 0
77 0 0
78 8 6
79 8 7
80 15 3
81 8 5
82 8 6
83 1 0
84 0 0
85 1 0
86 15 4
87 9 5
88 8 7
89 5 5
90 15 3
91 0 0
92 8 6
93 15 4
94 8 5
95 8 7
96 8 6
97 15 3
98 9 5
99 4 5
100 8 5
101 5 5
102 4 5
103 5 5
104 15 4
105 1 0
106 15 3
107 9 5
108 4 5
109 0 0
110 5 5
111 8 7
112 8 6
113 15 4
114 15 3
115 15 4
116 8 5
117 4 5
118 15 3
119 15 4
120 9 5
121 1 0
122 8 5
123 5 5
124 9 5
125 8 7
126 8 6
127 4 5
128 8 7
129 0 0
130 8 5
131 1 0
132 8 6
133 15 3
134 9 5
135 15 4
136 0 0
137 8 5
138 9 5
139 15 3
140 8 7
141 15 4
142 15 3
143 15 4
144 5 5
145 15 3
146 8 5
147 8 6
148 8 7
149 8 6
150 4 5
151 8 7
152 1 0
153 5 5
154 0 0
155 15 4
156 15 3
157 15 4
158 4 5
159 5 5
160 9 5
161 15 3
162 4 5
163 5 5
164 4 5
165 1 0
166 8 5
167 9 5
168 5 5
169 4 5
170 15 4
171 8 6
172 8 7
173 5 5
174 8 5
175 15 3
176 9 5
177 15 4
178 4 5
179 0 0
180 15 3
181 15 4
182 5 5
183 15 3
184 15 4
185 15 3
186 8 6
187 15 4
188 8 5
189 9 5
190 15 3
191 15 4
# colocadas=192 ocupadas=5 mayor=242
