0 0 0
1 0 1
2 0 15
3 0 14
4 0 15
5 15 0
6 0 14
7 0 0
8 0 15
9 14 0
10 0 1
11 0 0
12 15 0
13 15 15
14 0 14
15 0 2
16 0 3
17 0 15
18 14 0
19 0 14
20 0 1
21 14 15
22 0 0
23 0 1
24 15 0
25 14 0
26 15 0
27 0 15
28 0 14
29 0 4
30 0 3
31 0 4
32 0 15
33 0 0
34 0 3
35 15 15
36 14 0
37 0 2
38 15 0
39 14 15
40 14 0
41 15 15
42 0 14
43 15 0
44 0 15
45 0 14
46 14 15
47 15 15
48 14 15
49 15 15
50 14 0
51 0 15
52 1 0
53 0 1
54 0 2
55 15 0
56 14 0
57 15 0
58 14 15
59 0 1
60 2 0
61 14 0
62 0 14
63 0 15
64 15 15
65 0 14
66 14 15
67 0 15
68 15 15
69 15 0
70 0 0
71 14 0
72 0 14
73 14 15
74 0 1
75 0 0
76 3 0
77 2 0
78 0 1
79 0 0
80 15 15
81 0 15
82 0 1
83 1 0
84 2 0
85 1 0
86 14 15
87 0 14
88 0 2
89 15 0
90 15 15
91 0 0
92 0 3
93 14 15
94 0 15
95 0 2
96 0 3
97 15 15
98 0 14
99 14 0
100 0 15
101 15 0
102 14 0
103 15 0
104 14 15
105 0 1
106 15 15
107 0 14
108 14 0
109 0 0
110 15 0
111 0 2
112 0 3
113 14 15
114 15 15
115 14 15
116 0 15
117 14 0
118 15 15
119 14 15
120 0 14
121 0 1
122 0 15
123 15 0
124 0 14
125 0 4
126 0 3
127 14 0
128 0 4
129 0 0
130 0 15
131 0 1
132 0 3
133 15 15
134 0 14
135 14 15
136 0 0
137 0 15
138 0 14
139 15 15
140 0 2
141 14 15
142 15 15
143 14 15
144 15 0
145 15 15
146 0 15
147 0 3
148 0 2
149 0 3
150 14 0
151 0 2
152 1 0
153 15 0
154 0 0
155 14 15
156 15 15
157 14 15
158 14 0
159 15 0
160 0 14
161 15 15
162 14 0
163 15 0
164 14 0
165 1 0
166 0 15
167 0 14
168 15 0
169 14 0
170 14 15
171 0 1
172 0 2
173 15 0
174 0 15
175 15 15
176 0 14
177 14 15
178 14 0
179 0 0
180 15 15
181 14 15
182 15 0
183 15 15
184 14 15
185 15 15
186 0 1
187 14 15
188 0 15
189 0 14
190 15 15
191 14 15
# colocadas=192 ocupadas=5 mayor=242
