0 0 0
1 0 15
2 15 0
3 15 15
4 14 0
5 0 2
6 0 4
7 0 6
8 1 4
9 0 3
10 14 15
11 0 1
12 0 8
13 0 10
14 0 12
15 1 0
16 2 15
17 3 0
18 15 0
19 4 15
20 5 0
21 0 14
22 6 15
23 0 15
24 0 5
25 0 13
26 7 0
27 8 15
28 5 1
29 2 4
30 9 0
31 10 15
32 4 0
33 4 14
34 1 4
35 4 15
36 15 15
37 2 14
38 11 0
39 14 15
40 12 0
41 11 0
42 1 15
43 2 13
44 6 0
45 6 14
46 14 0
47 5 2
48 2 4
49 0 7
50 12 15
51 15 1
52 6 15
53 12 14
54 8 14
55 13 0
56 0 15
57 9 15
58 2 15
59 4 2
60 11 15
61 3 2
62 7 15
63 3 0
64 15 15
65 2 12
66 4 0
67 1 12
68 10 15
69 8 13
70 15 0
71 13 1
72 12 13
73 12 15
74 0 12
75 13 0
76 0 9
77 15 1
78 0 11
79 2 14
80 14 15
81 1 13
82 2 0
83 1 0
84 7 0
85 14 0
86 0 13
87 6 15
88 9 1
89 1 13
90 0 0
91 0 1
92 2 0
93 15 15
94 7 15
95 9 15
96 11 15
97 10 0
98 1 9
99 8 1
100 5 0
101 6 15
102 0 8
103 8 15
104 4 0
105 14 15
106 13 0
107 8 2
108 7 13
109 0 7
110 10 15
111 15 15
112 0 13
113 7 2
114 11 13
115 1 15
116 15 0
117 12 0
118 6 13
119 3 15
120 10 13
121 6 0
122 0 14
123 8 14
124 9 0
125 5 15
126 9 13
127 4 15
128 1 5
129 6 2
130 14 0
131 0 9
132 1 0
133 0 13
134 0 12
135 0 6
136 5 13
137 11 0
138 8 15
139 3 0
140 0 4
141 2 13
142 1 6
143 2 3
144 0 0
145 2 0
146 15 0
147 14 15
148 8 13
149 0 2
150 12 0
151 0 7
152 7 13
153 7 15
154 7 14
155 6 14
156 6 15
157 0 5
158 3 15
159 0 8
160 0 4
161 0 1
162 8 0
163 3 1
164 5 2
165 1 13
166 0 6
167 5 14
168 0 15
169 14 0
170 9 0
171 6 14
172 9 15
173 3 2
174 11 0
175 6 15
176 15 15
177 5 0
178 6 14
179 8 15
180 0 3
181 1 3
182 4 15
183 5 14
184 4 14
185 15 0
186 1 12
187 1 0
188 9 15
189 0 10
190 4 2
191 0 9
# colocadas=192 ocupadas=25 mayor=68
