0 8 21
1 25 31
2 31 5
3 30 5
4 7 21
5 31 5
6 30 5
7 8 21
8 31 5
9 7 20
10 25 30
11 25 31
12 7 21
13 30 5
14 31 5
15 8 21
16 30 5
17 7 21
18 24 30
19 6 20
20 25 30
21 31 5
22 24 31
23 25 31
24 25 30
25 30 5
26 6 19
27 25 31
28 8 21
29 7 21
30 31 5
31 30 5
32 5 19
33 8 21
34 24 30
35 7 21
36 6 19
37 31 5
38 30 5
39 31 5
40 25 30
41 5 19
42 8 21
43 23 30
44 7 21
45 6 19
46 8 21
47 7 21
48 30 5
49 8 21
50 31 5
51 5 19
52 7 21
53 30 5
54 31 5
55 8 21
56 6 19
57 30 5
58 25 31
59 25 30
60 7 21
61 8 21
62 31 5
63 5 19
64 7 21
65 22 30
66 25 31
67 22 29
68 22 30
69 22 29
70 6 19
71 22 30
72 25 30
73 22 29
74 5 19
75 8 21
76 25 31
77 30 5
78 31 5
79 22 30
80 25 30
81 25 31
82 6 19
83 22 29
84 7 21
85 8 21
86 22 30
87 22 29
88 5 19
89 6 19
90 7 21
91 8 21
92 7 21
93 5 19
94 22 30
95 8 21
96 30 5
97 25 30
98 6 19
99 25 31
100 22 29
101 25 30
102 31 5
103 5 19
104 7 21
105 8 21
106 7 21
107 6 19
108 22 30
109 5 19
110 22 29
111 8 21
112 7 21
113 30 5
114 31 5
115 8 21
116 22 30
117 7 21
118 25 31
119 6 19
120 25 30
121 25 31
122 5 19
123 22 29
124 8 21
125 7 21
126 8 21
127 22 30
128 22 29
129 6 19
130 7 21
131 25 30
132 8 21
133 25 31
134 25 30
135 22 30
136 5 19
137 6 19
138 22 29
139 22 30
140 22 29
141 5 19
142 25 31
143 7 21
144 22 30
145 6 19
146 25 30
147 25 31
148 22 29
149 25 30
150 22 30
151 22 29
152 22 30
153 22 29
154 5 19
155 8 21
156 6 19
157 30 5
158 5 19
159 22 30
160 31 5
161 25 31
162 25 30
163 25 31
164 6 19
165 22 29
166 22 30
167 7 21
168 30 5
169 25 30
170 22 29
171 25 31
172 22 30
173 5 19
174 31 5
175 25 30
176 8 21
177 25 31
178 6 19
179 22 29
180 22 30
181 22 29
182 5 19
183 25 30
184 25 31
185 25 30
186 6 19
187 22 30
188 7 21
189 5 19
190 22 29
191 30 5
# colocadas=192 ocupadas=5 mayor=218
