0 0 0
1 31 0
2 0 31
3 30 0
4 31 31
5 0 30
6 1 31
7 30 31
8 2 31
9 0 29
10 29 0
11 0 1
12 0 0
13 0 2
14 0 3
15 0 28
16 0 27
17 0 26
18 0 30
19 0 31
20 0 25
21 30 0
22 1 0
23 31 0
24 29 31
25 0 4
26 0 3
27 30 31
28 0 24
29 3 31
30 0 5
31 0 6
32 0 25
33 1 31
34 4 31
35 0 31
36 28 0
37 0 26
38 0 7
39 27 0
40 0 8
41 0 7
42 30 0
43 0 27
44 1 3
45 1 1
46 31 30
47 0 23
48 3 31
49 1 0
50 0 3
51 0 0
52 1 2
53 0 8
54 31 31
55 1 30
56 31 0
57 1 6
58 0 30
59 0 22
60 1 31
61 0 21
62 1 1
63 0 24
64 26 0
65 0 26
66 0 23
67 0 27
68 0 6
69 30 31
70 0 22
71 31 31
72 1 8
73 2 31
74 1 4
75 1 31
76 1 2
77 1 22
78 2 4
79 1 30
80 25 0
81 0 26
82 1 28
83 0 28
84 1 4
85 31 30
86 0 25
87 2 1
88 0 4
89 0 24
90 0 2
91 0 1
92 0 27
93 26 0
94 3 1
95 1 6
96 2 30
97 0 6
98 0 2
99 0 5
100 0 22
101 3 0
102 2 0
103 1 7
104 0 23
105 26 1
106 31 29
107 1 5
108 31 31
109 2 1
110 3 30
111 26 0
112 0 25
113 0 5
114 0 8
115 30 0
116 0 22
117 2 31
118 31 30
119 0 30
120 0 9
121 1 3
122 0 24
123 1 8
124 0 7
125 4 0
126 0 10
127 0 31
128 28 31
129 0 4
130 1 0
131 1 2
132 0 0
133 0 25
134 1 4
135 1 1
136 31 31
137 31 30
138 0 8
139 0 24
140 0 30
141 1 29
142 27 31
143 4 31
144 0 26
145 1 24
146 0 23
147 25 0
148 0 11
149 0 2
150 3 31
151 2 1
152 0 10
153 1 8
154 0 9
155 0 10
156 0 9
157 0 29
158 1 31
159 2 2
160 0 28
161 0 1
162 0 6
163 0 20
164 0 5
165 0 29
166 26 31
167 30 31
168 29 0
169 0 0
170 0 7
171 0 8
172 2 30
173 0 19
174 31 29
175 0 4
176 24 0
177 2 3
178 31 31
179 3 30
180 0 3
181 5 31
182 0 31
183 31 30
184 31 31
185 0 22
186 0 30
187 1 23
188 2 30
189 0 2
190 0 18
191 1 2
# colocadas=192 ocupadas=29 mayor=68
