0 0 0
1 0 1
2 0 2
3 0 3
4 0 4
5 0 5
6 0 6
7 0 7
8 0 8
9 0 31
10 0 9
11 0 30
12 0 29
13 0 10
14 0 11
15 0 12
16 0 13
17 0 14
18 0 15
19 1 2
20 0 2
21 0 28
22 0 16
23 0 17
24 0 15
25 0 18
26 0 19
27 0 20
28 0 21
29 1 13
30 0 13
31 0 22
32 1 9
33 0 27
34 1 10
35 0 23
36 0 24
37 1 15
38 0 15
39 0 9
40 0 8
41 0 25
42 0 26
43 1 14
44 1 0
45 1 1
46 1 3
47 1 4
48 1 18
49 0 18
50 0 3
51 1 5
52 1 9
53 0 2
54 1 8
55 1 11
56 1 12
57 1 25
58 1 7
59 0 7
60 0 25
61 0 6
62 0 3
63 0 4
64 1 6
65 1 16
66 1 17
67 1 19
68 1 20
69 1 21
70 1 22
71 2 12
72 1 28
73 0 28
74 1 12
75 1 23
76 1 27
77 1 29
78 1 31
79 1 30
80 2 0
81 2 1
82 2 20
83 1 20
84 2 19
85 2 21
86 1 24
87 2 18
88 2 11
89 2 2
90 3 1
91 2 4
92 1 4
93 1 18
94 1 26
95 1 2
96 0 26
97 1 25
98 2 25
99 1 1
100 2 3
101 2 31
102 2 27
103 2 9
104 1 9
105 1 31
106 1 27
107 2 1
108 2 24
109 2 8
110 1 25
111 2 26
112 3 0
113 2 5
114 0 25
115 0 24
116 1 24
117 1 25
118 2 10
119 2 4
120 2 6
121 2 7
122 2 16
123 1 16
124 1 10
125 3 10
126 3 2
127 1 11
128 2 10
129 2 2
130 2 17
131 2 15
132 3 19
133 3 17
134 2 17
135 3 18
136 2 28
137 2 27
138 2 19
139 2 20
140 2 12
141 3 3
142 2 29
143 3 6
144 1 29
145 2 3
146 2 6
147 2 23
148 2 22
149 3 2
150 2 13
151 2 12
152 2 14
153 3 16
154 3 17
155 3 27
156 1 23
157 4 2
158 3 1
159 1 24
160 3 0
161 2 27
162 4 1
163 3 2
164 2 30
165 3 4
166 3 5
167 4 0
168 3 7
169 3 11
170 3 20
171 2 31
172 1 31
173 3 19
174 3 8
175 3 9
176 2 9
177 3 10
178 3 12
179 3 15
180 3 30
181 4 4
182 3 4
183 2 30
184 3 13
185 2 31
186 3 12
187 4 1
188 4 18
189 3 31
190 3 24
191 2 24
# colocadas=192 ocupadas=119 mayor=36
