0 0 0
1 0 1
2 0 31
3 0 30
4 31 0
5 30 0
6 31 31
7 31 0
8 30 0
9 31 0
10 0 0
11 0 29
12 0 28
13 30 31
14 0 30
15 0 31
16 0 30
17 0 31
18 0 30
19 30 0
20 0 27
21 31 0
22 31 31
23 30 0
24 31 0
25 0 26
26 0 31
27 30 31
28 0 30
29 0 25
30 30 0
31 0 24
32 31 31
33 31 0
34 30 31
35 0 31
36 0 30
37 31 31
38 0 23
39 30 0
40 31 0
41 0 22
42 30 31
43 0 21
44 0 20
45 0 31
46 0 1
47 0 19
48 0 0
49 0 30
50 0 31
51 0 1
52 0 0
53 0 18
54 0 30
55 0 1
56 0 0
57 0 1
58 0 0
59 0 17
60 0 31
61 30 0
62 31 31
63 0 30
64 0 1
65 0 16
66 0 15
67 30 31
68 0 14
69 31 0
70 0 13
71 30 0
72 31 31
73 0 0
74 0 1
75 30 31
76 31 0
77 31 31
78 0 12
79 0 11
80 0 10
81 0 0
82 0 31
83 0 9
84 0 30
85 0 31
86 30 31
87 30 0
88 0 30
89 31 31
90 0 8
91 31 0
92 30 0
93 0 7
94 0 6
95 0 1
96 0 0
97 30 31
98 0 1
99 0 0
100 0 1
101 0 0
102 0 31
103 0 30
104 31 0
105 31 31
106 30 0
107 0 31
108 30 31
109 31 0
110 30 0
111 31 31
112 31 0
113 0 1
114 0 5
115 30 0
116 31 0
117 0 4
118 0 3
119 30 31
120 0 0
121 0 30
122 31 31
123 30 31
124 31 31
125 30 0
126 0 1
127 0 0
128 0 2
129 0 31
130 0 30
131 31 0
132 30 31
133 0 31
134 31 31
135 0 3
136 0 1
137 30 0
138 30 31
139 0 0
140 31 0
141 0 1
142 0 4
143 31 31
144 0 3
145 30 31
146 31 31
147 30 31
148 31 31
149 0 30
150 30 0
151 31 0
152 0 0
153 0 1
154 0 31
155 0 30
156 0 0
157 0 1
158 0 4
159 0 31
160 30 31
161 30 0
162 0 0
163 31 0
164 0 1
165 30 0
166 31 0
167 0 30
168 31 31
169 30 31
170 30 0
171 31 31
172 0 0
173 0 31
174 31 0
175 30 31
176 31 31
177 30 31
178 0 3
179 0 2
180 0 30
181 30 0
182 31 31
183 0 1
184 30 31
185 31 31
186 0 0
187 30 31
188 31 0
189 0 31
190 31 31
191 0 30
# colocadas=192 ocupadas=5 mayor=236
