0 0 0
1 0 31
2 31 0
3 30 0
4 31 31
5 31 0
6 0 2
7 0 4
8 0 6
9 0 30
10 0 8
11 0 10
12 0 12
13 0 14
14 1 12
15 0 16
16 0 18
17 0 20
18 0 22
19 30 0
20 0 24
21 0 25
22 0 23
23 0 27
24 1 18
25 0 13
26 1 31
27 2 0
28 3 31
29 0 18
30 0 15
31 0 28
32 1 8
33 0 21
34 0 8
35 31 0
36 4 31
37 0 17
38 0 19
39 1 6
40 4 0
41 1 15
42 2 1
43 1 21
44 0 20
45 3 31
46 30 0
47 0 27
48 0 14
49 0 31
50 1 25
51 0 22
52 0 24
53 1 26
54 2 21
55 0 7
56 5 31
57 1 16
58 0 5
59 0 3
60 0 1
61 1 22
62 30 31
63 1 0
64 0 19
65 31 31
66 0 16
67 0 18
68 0 19
69 0 23
70 0 4
71 6 31
72 1 25
73 0 24
74 3 0
75 0 29
76 1 15
77 4 0
78 5 31
79 0 22
80 1 26
81 2 2
82 0 18
83 3 0
84 1 31
85 1 21
86 2 15
87 0 13
88 6 31
89 31 0
90 1 2
91 0 26
92 0 9
93 30 31
94 2 2
95 4 31
96 31 31
97 1 11
98 0 11
99 0 0
100 3 31
101 5 31
102 1 15
103 1 24
104 0 14
105 6 31
106 1 20
107 0 2
108 1 14
109 1 1
110 1 0
111 0 1
112 4 0
113 0 25
114 4 31
115 0 15
116 2 0
117 1 23
118 0 6
119 0 7
120 0 31
121 0 0
122 30 31
123 2 3
124 0 6
125 0 7
126 30 0
127 1 13
128 0 24
129 31 0
130 1 9
131 0 25
132 1 31
133 0 9
134 1 9
135 31 31
136 0 13
137 1 2
138 0 17
139 30 0
140 1 27
141 3 31
142 5 0
143 0 31
144 1 24
145 0 28
146 0 3
147 0 29
148 0 9
149 2 4
150 0 27
151 3 0
152 0 21
153 1 9
154 0 16
155 0 2
156 2 0
157 1 4
158 4 0
159 1 27
160 0 28
161 0 26
162 0 4
163 0 27
164 0 1
165 0 10
166 3 0
167 0 5
168 30 31
169 0 8
170 0 30
171 5 31
172 0 12
173 0 31
174 0 15
175 0 24
176 0 25
177 1 7
178 2 9
179 31 31
180 0 0
181 0 9
182 2 31
183 4 31
184 1 9
185 4 0
186 1 10
187 0 4
188 30 31
189 0 7
190 0 13
191 0 28
# colocadas=192 ocupadas=25 mayor=66
