0 8 21
1 25 31
2 31 5
3 30 5
4 13 19
5 31 5
6 3 1
7 26 25
8 9 2
9 25 30
10 4 14
11 22 15
12 30 20
13 18 8
14 29 20
15 6 5
16 27 10
17 3 15
18 25 6
19 30 5
20 10 0
21 9 0
22 24 6
23 15 26
24 27 11
25 18 9
26 25 8
27 23 26
28 16 27
29 27 10
30 5 5
31 14 26
32 4 13
33 3 16
34 4 14
35 31 5
36 17 27
37 27 11
38 23 28
39 10 2
40 30 24
41 6 5
42 22 26
43 3 15
44 22 28
45 16 27
46 30 5
47 15 26
48 18 8
49 25 9
50 10 0
51 25 6
52 5 19
53 9 0
54 3 16
55 4 13
56 24 10
57 5 5
58 27 25
59 3 0
60 7 21
61 24 6
62 13 18
63 6 2
64 23 28
65 13 19
66 27 10
67 22 28
68 23 28
69 6 19
70 26 25
71 24 11
72 10 0
73 5 19
74 30 23
75 25 31
76 6 5
77 30 24
78 24 10
79 25 6
80 9 0
81 23 26
82 22 28
83 30 23
84 25 8
85 3 15
86 5 5
87 18 9
88 25 10
89 31 5
90 22 26
91 14 26
92 22 16
93 13 18
94 23 26
95 17 27
96 13 19
97 30 20
98 29 20
99 8 21
100 16 27
101 24 10
102 6 5
103 6 19
104 18 8
105 25 10
106 3 16
107 3 1
108 5 5
109 7 2
110 7 21
111 6 2
112 30 24
113 15 26
114 17 27
115 27 11
116 8 21
117 5 19
118 4 14
119 4 13
120 24 8
121 7 2
122 13 18
123 22 26
124 4 14
125 4 13
126 30 5
127 6 5
128 16 26
129 31 5
130 22 15
131 15 26
132 25 8
133 22 16
134 22 15
135 13 19
136 5 5
137 3 0
138 23 28
139 30 5
140 10 0
141 16 27
142 30 23
143 24 8
144 6 19
145 25 30
146 27 25
147 25 31
148 22 16
149 23 26
150 9 0
151 7 21
152 24 6
153 22 15
154 27 10
155 3 1
156 8 21
157 22 26
158 30 24
159 10 0
160 25 30
161 14 26
162 23 26
163 25 31
164 6 2
165 30 20
166 30 23
167 22 26
168 13 18
169 4 14
170 25 8
171 24 10
172 6 5
173 25 9
174 27 11
175 5 19
176 6 19
177 9 2
178 22 16
179 13 19
180 7 2
181 29 20
182 17 27
183 25 10
184 22 15
185 30 24
186 22 16
187 23 26
188 13 18
189 10 2
190 5 5
191 25 30
# colocadas=192 ocupadas=25 mayor=66
