0 8 21
1 25 31
2 31 5
3 13 19
4 3 1
5 26 25
6 9 2
7 4 14
8 22 15
9 30 20
10 18 8
11 6 5
12 27 10
13 3 15
14 25 6
15 10 0
16 15 26
17 25 8
18 23 26
19 30 5
20 16 27
21 17 27
22 22 26
23 23 26
24 23 28
25 30 24
26 5 19
27 24 10
28 6 2
29 16 26
30 15 26
31 25 22
32 18 9
33 31 13
34 18 8
35 14 31
36 25 12
37 22 28
38 1 9
39 22 16
40 22 15
41 28 23
42 23 23
43 4 4
44 22 13
45 20 2
46 13 18
47 13 19
48 30 23
49 30 25
50 16 27
51 20 27
52 17 6
53 17 27
54 12 2
55 13 22
56 0 25
57 27 23
58 4 13
59 10 2
60 9 2
61 4 14
62 3 0
63 2 7
64 0 9
65 1 9
66 3 13
67 11 5
68 0 12
69 5 12
70 1 26
71 0 26
72 16 27
73 9 6
74 21 15
75 25 30
76 4 17
77 1 22
78 4 25
79 22 30
80 10 17
81 9 12
82 1 12
83 12 1
84 31 26
85 25 9
86 28 23
87 31 23
88 0 25
89 31 5
90 9 13
91 12 19
92 30 23
93 18 0
94 22 23
95 20 1
96 3 1
97 27 11
98 27 10
99 23 23
100 7 2
101 4 24
102 4 16
103 16 6
104 20 2
105 4 25
106 25 8
107 6 19
108 27 23
109 2 8
110 9 1
111 2 7
112 5 7
113 13 19
114 26 12
115 23 28
116 9 2
117 25 12
118 18 9
119 19 8
120 29 25
121 8 31
122 2 9
123 1 9
124 13 21
125 18 8
126 30 5
127 14 26
128 24 26
129 31 5
130 15 26
131 13 22
132 31 25
133 15 27
134 30 24
135 14 2
136 4 17
137 25 10
138 0 12
139 27 25
140 26 25
141 6 2
142 1 21
143 29 26
144 5 11
145 29 20
146 5 12
147 25 31
148 30 23
149 9 12
150 25 25
151 7 21
152 20 28
153 15 26
154 2 13
155 25 9
156 9 1
157 9 13
158 6 7
159 8 21
160 30 20
161 23 26
162 9 12
163 26 25
164 9 2
165 24 6
166 22 15
167 9 13
168 17 0
169 18 9
170 30 25
171 4 24
172 9 0
173 30 24
174 18 8
175 17 6
176 8 6
177 10 0
178 5 5
179 3 0
180 8 2
181 25 6
182 7 2
183 4 25
184 6 5
185 12 0
186 5 5
187 9 12
188 15 2
189 3 1
190 28 23
191 9 2
# colocadas=192 ocupadas=87 mayor=36
