0 5 2
1 20 1
2 2 16
3 19 3
4 2 17
5 2 16
6 22 11
7 17 24
8 22 12
9 1 16
10 19 2
11 4 2
12 5 2
13 2 16
14 19 3
15 22 11
16 7 10
17 27 8
18 3 17
19 6 21
20 7 30
21 20 0
22 20 1
23 21 0
24 16 24
25 19 4
26 19 3
27 17 24
28 7 31
29 21 12
30 7 30
31 6 5
32 28 8
33 6 22
34 20 12
35 6 21
36 18 2
37 7 11
38 7 10
39 18 1
40 6 10
41 7 10
42 20 0
43 6 11
44 19 2
45 20 2
46 2 17
47 6 31
48 19 12
49 6 2
50 5 2
51 20 1
52 21 2
53 5 3
54 17 23
55 3 17
56 21 0
57 7 5
58 5 2
59 5 31
60 19 3
61 6 31
62 20 2
63 27 8
64 18 2
65 7 11
66 28 8
67 6 11
68 6 5
69 17 24
70 20 0
71 2 17
72 5 4
73 18 3
74 20 4
75 3 17
76 2 17
77 20 1
78 21 4
79 5 3
80 18 1
81 7 11
82 22 12
83 22 11
84 19 3
85 3 16
86 6 11
87 21 2
88 7 31
89 7 11
90 5 2
91 4 2
92 22 12
93 18 2
94 20 2
95 7 5
96 18 4
97 6 10
98 2 16
99 7 30
100 27 8
101 21 2
102 5 2
103 6 5
104 28 8
105 18 1
106 4 16
107 7 31
108 17 23
109 6 2
110 17 4
111 18 2
112 7 10
113 7 30
114 5 5
115 20 0
116 20 2
117 4 15
118 17 24
119 6 22
120 5 4
121 19 2
122 7 11
123 7 5
124 7 10
125 21 3
126 5 5
127 6 21
128 15 24
129 7 31
130 20 1
131 2 17
132 22 11
133 6 11
134 22 4
135 5 2
136 16 24
137 5 15
138 6 5
139 27 8
140 2 16
141 5 4
142 15 25
143 20 12
144 22 12
145 28 8
146 20 2
147 18 1
148 5 6
149 3 2
150 4 15
151 4 2
152 6 6
153 7 5
154 6 5
155 6 6
156 6 5
157 1 16
158 6 22
159 5 2
160 2 16
161 22 11
162 7 11
163 5 31
164 7 30
165 5 3
166 15 24
167 17 24
168 20 1
169 21 2
170 7 10
171 6 6
172 16 4
173 6 31
174 5 15
175 6 5
176 18 2
177 19 3
178 16 24
179 17 4
180 4 2
181 19 12
182 6 21
183 17 24
184 16 24
185 20 2
186 5 4
187 27 8
188 16 4
189 3 17
190 5 31
191 2 17
# colocadas=192 ocupadas=25 mayor=68
