0 0 0
1 0 1
2 0 31
3 0 30
4 0 31
5 31 0
6 0 30
7 0 0
8 0 31
9 30 0
10 0 1
11 0 0
12 31 0
13 31 31
14 0 30
15 0 2
16 0 3
17 0 31
18 30 0
19 0 30
20 0 1
21 30 31
22 0 0
23 0 1
24 31 0
25 30 0
26 31 0
27 0 31
28 0 30
29 0 4
30 0 3
31 0 4
32 0 31
33 0 0
34 0 3
35 31 31
36 30 0
37 0 2
38 31 0
39 30 31
40 30 0
41 31 31
42 0 30
43 31 0
44 0 31
45 0 30
46 30 31
47 31 31
48 30 31
49 31 31
50 30 0
51 0 31
52 1 0
53 0 1
54 0 2
55 31 0
56 30 0
57 31 0
58 30 31
59 0 1
60 2 0
61 30 0
62 0 30
63 0 31
64 31 31
65 0 30
66 30 31
67 0 31
68 31 31
69 31 0
70 0 0
71 30 0
72 0 30
73 30 31
74 0 1
75 0 0
76 3 0
77 2 0
78 0 1
79 0 0
80 31 31
81 0 31
82 0 1
83 1 0
84 2 0
85 1 0
86 30 31
87 0 30
88 0 2
89 31 0
90 31 31
91 0 0
92 0 3
93 30 31
94 0 31
95 0 2
96 0 3
97 31 31
98 0 30
99 30 0
100 0 31
101 31 0
102 30 0
103 31 0
104 30 31
105 0 1
106 31 31
107 0 30
108 30 0
109 0 0
110 31 0
111 0 2
112 0 3
113 30 31
114 31 31
115 30 31
116 0 31
117 30 0
118 31 31
119 30 31
120 0 30
121 0 1
122 0 31
123 31 0
124 0 30
125 0 4
126 0 3
127 30 0
128 0 4
129 0 0
130 0 31
131 0 1
132 0 3
133 31 31
134 0 30
135 30 31
136 0 0
137 0 31
138 0 30
139 31 31
140 0 2
141 30 31
142 31 31
143 30 31
144 31 0
145 31 31
146 0 31
147 0 3
148 0 2
149 0 3
150 30 0
151 0 2
152 1 0
153 31 0
154 0 0
155 30 31
156 31 31
157 30 31
158 30 0
159 31 0
160 0 30
161 31 31
162 30 0
163 31 0
164 30 0
165 1 0
166 0 31
167 0 30
168 31 0
169 30 0
170 30 31
171 0 1
172 0 2
173 31 0
174 0 31
175 31 31
176 0 30
177 30 31
178 30 0
179 0 0
180 31 31
181 30 31
182 31 0
183 31 31
184 30 31
185 31 31
186 0 1
187 30 31
188 0 31
189 0 30
190 31 31
191 30 31
# colocadas=192 ocupadas=5 mayor=242
