0 0 0
1 0 31
2 31 0
3 30 0
4 0 1
5 31 0
6 30 0
7 31 31
8 31 0
9 0 0
10 0 30
11 0 2
12 30 31
13 30 0
14 31 0
15 31 31
16 30 0
17 30 31
18 0 31
19 1 0
20 0 30
21 31 0
22 0 1
23 0 31
24 0 30
25 30 0
26 2 0
27 0 31
28 31 31
29 30 31
30 31 0
31 30 0
32 1 0
33 31 31
34 0 2
35 30 31
36 0 0
37 31 0
38 30 0
39 31 0
40 0 30
41 1 0
42 31 31
43 0 1
44 30 31
45 0 0
46 31 31
47 30 31
48 30 0
49 31 31
50 31 0
51 1 0
52 30 31
53 30 0
54 31 0
55 31 31
56 2 0
57 30 0
58 0 31
59 0 30
60 30 31
61 31 31
62 31 0
63 1 0
64 30 31
65 0 2
66 0 31
67 0 1
68 0 2
69 0 1
70 2 0
71 0 0
72 0 30
73 0 1
74 1 0
75 31 31
76 0 31
77 30 0
78 31 0
79 0 2
80 0 30
81 0 31
82 0 0
83 0 3
84 30 31
85 31 31
86 0 2
87 0 3
88 0 1
89 0 0
90 30 31
91 31 31
92 30 31
93 0 1
94 0 4
95 31 31
96 30 0
97 0 30
98 0 0
99 0 31
100 0 3
101 0 30
102 31 0
103 0 1
104 30 31
105 31 31
106 30 31
107 0 0
108 0 2
109 1 0
110 0 1
111 31 31
112 30 31
113 30 0
114 31 0
115 31 31
116 0 2
117 30 31
118 0 31
119 0 0
120 0 30
121 0 31
122 1 0
123 0 1
124 31 31
125 30 31
126 31 31
127 0 2
128 0 1
129 2 0
130 30 31
131 0 30
132 31 31
133 0 31
134 0 30
135 0 0
136 3 0
137 2 0
138 0 1
139 0 0
140 0 1
141 1 0
142 0 31
143 30 31
144 0 2
145 0 0
146 0 30
147 0 31
148 0 3
149 0 30
150 0 2
151 0 3
152 0 2
153 0 3
154 0 1
155 31 31
156 0 0
157 30 0
158 0 1
159 0 4
160 31 0
161 0 31
162 0 30
163 0 31
164 0 0
165 0 3
166 0 2
167 30 31
168 30 0
169 0 30
170 0 3
171 0 31
172 0 2
173 1 0
174 31 0
175 0 30
176 31 31
177 0 31
178 0 0
179 0 3
180 0 2
181 0 3
182 0 1
183 0 30
184 0 31
185 0 30
186 0 0
187 0 2
188 30 31
189 1 0
190 0 1
191 30 0
# colocadas=192 ocupadas=5 mayor=218
