0 0 0
1 0 7
2 7 0
3 6 0
4 7 7
5 7 0
6 0 2
7 0 4
8 2 0
9 0 6
10 1 7
11 3 7
12 4 0
13 5 7
14 5 0
15 7 2
16 7 4
17 1 1
18 1 3
19 6 0
20 1 5
21 2 5
22 2 3
23 3 1
24 7 5
25 5 6
26 3 4
27 4 2
28 4 5
29 7 4
30 7 1
31 3 0
32 0 7
33 1 2
34 1 7
35 7 0
36 4 4
37 7 3
38 7 5
39 2 1
40 5 3
41 6 1
42 3 2
43 1 1
44 6 5
45 4 5
46 7 1
47 2 0
48 5 7
49 4 4
50 1 5
51 1 3
52 2 4
53 2 5
54 0 1
55 0 7
56 4 1
57 6 2
58 0 5
59 0 3
60 1 0
61 1 2
62 7 6
63 7 0
64 7 5
65 7 7
66 7 4
67 6 5
68 6 6
69 1 4
70 0 4
71 4 2
72 2 6
73 1 5
74 5 4
75 0 5
76 6 3
77 5 3
78 4 1
79 1 3
80 2 7
81 3 3
82 6 5
83 5 2
84 5 4
85 0 0
86 7 3
87 5 6
88 4 0
89 6 1
90 3 2
91 3 0
92 4 7
93 6 7
94 3 3
95 3 5
96 7 7
97 6 0
98 5 0
99 1 1
100 3 6
101 4 1
102 7 2
103 1 6
104 5 7
105 4 2
106 0 1
107 0 2
108 7 3
109 7 1
110 1 0
111 7 0
112 5 3
113 2 0
114 3 5
115 7 5
116 0 0
117 1 5
118 0 6
119 0 7
120 4 4
121 7 1
122 6 7
123 2 3
124 0 6
125 0 7
126 6 2
127 7 4
128 3 0
129 7 2
130 4 6
131 2 0
132 3 4
133 4 7
134 4 6
135 7 7
136 7 3
137 1 2
138 5 5
139 6 2
140 3 7
141 4 5
142 5 4
143 2 4
144 1 6
145 1 5
146 0 3
147 0 5
148 5 6
149 3 3
150 4 7
151 1 0
152 1 4
153 6 6
154 6 5
155 0 2
156 0 0
157 2 3
158 5 3
159 3 7
160 0 4
161 1 0
162 1 3
163 0 5
164 7 0
165 4 0
166 5 4
167 1 2
168 6 7
169 1 7
170 2 3
171 5 2
172 7 2
173 2 4
174 7 5
175 2 6
176 2 7
177 2 0
178 5 6
179 7 7
180 6 0
181 5 0
182 3 5
183 5 1
184 4 6
185 4 4
186 4 5
187 1 1
188 6 7
189 2 1
190 7 1
191 0 4
# colocadas=192 ocupadas=25 mayor=66
