0 2 5
1 4 2
2 6 0
3 0 0
4 2 1
5 7 6
6 1 1
7 7 7
8 1 6
9 0 6
10 0 1
11 7 2
12 0 7
13 0 0
14 3 5
15 0 6
16 1 7
17 6 2
18 7 2
19 1 4
20 4 5
21 3 5
22 7 0
23 1 2
24 0 4
25 6 6
26 2 6
27 6 0
28 6 4
29 4 4
30 1 6
31 1 1
32 4 5
33 3 6
34 1 7
35 6 5
36 7 6
37 3 7
38 7 1
39 2 2
40 0 3
41 2 1
42 7 4
43 0 7
44 3 5
45 3 1
46 4 7
47 3 7
48 7 2
49 2 1
50 2 4
51 0 1
52 2 5
53 0 4
54 1 3
55 0 6
56 1 4
57 6 4
58 2 4
59 3 6
60 1 6
61 5 2
62 4 2
63 1 4
64 3 7
65 2 3
66 7 7
67 4 5
68 1 0
69 2 6
70 2 4
71 3 6
72 3 0
73 3 7
74 4 0
75 0 6
76 0 2
77 3 2
78 4 7
79 5 2
80 4 2
81 1 6
82 3 5
83 3 7
84 7 1
85 7 2
86 0 1
87 5 4
88 7 4
89 1 3
90 0 2
91 1 4
92 7 0
93 1 7
94 4 5
95 1 6
96 6 4
97 5 1
98 5 2
99 2 2
100 0 1
101 0 0
102 0 3
103 0 4
104 1 1
105 6 0
106 3 5
107 2 6
108 4 1
109 7 0
110 4 2
111 6 3
112 1 5
113 1 6
114 0 7
115 3 1
116 7 6
117 1 3
118 6 2
119 1 4
120 6 6
121 4 1
122 4 6
123 4 5
124 2 1
125 3 0
126 4 0
127 2 5
128 4 2
129 3 0
130 0 2
131 0 6
132 1 3
133 1 6
134 6 5
135 6 3
136 6 2
137 4 0
138 3 6
139 3 0
140 6 6
141 1 2
142 1 4
143 1 1
144 0 1
145 4 3
146 2 2
147 4 4
148 3 1
149 6 3
150 1 2
151 7 7
152 3 0
153 2 6
154 5 6
155 4 7
156 3 7
157 4 7
158 2 1
159 6 0
160 2 3
161 0 6
162 6 5
163 7 6
164 4 2
165 7 0
166 0 4
167 5 2
168 3 5
169 1 4
170 1 1
171 6 4
172 2 5
173 5 5
174 4 2
175 1 6
176 4 1
177 6 5
178 7 4
179 0 0
180 6 0
181 6 4
182 2 1
183 1 1
184 2 6
185 6 7
186 3 3
187 7 7
188 2 2
189 2 5
190 0 1
191 0 0
# colocadas=192 ocupadas=25 mayor=67
