0 0 7
1 0 0
2 7 0
3 7 7
4 0 2
5 0 3
6 0 5
7 1 2
8 1 5
9 2 7
10 4 0
11 2 0
12 5 7
13 7 2
14 7 3
15 7 5
16 6 2
17 2 1
18 2 3
19 3 2
20 3 6
21 3 5
22 4 3
23 4 6
24 5 1
25 5 4
26 6 6
27 0 4
28 0 1
29 0 6
30 7 1
31 1 0
32 3 0
33 3 7
34 4 7
35 5 7
36 1 3
37 1 2
38 2 4
39 6 0
40 2 6
41 5 5
42 6 7
43 7 4
44 3 1
45 6 5
46 2 2
47 5 6
48 3 0
49 7 5
50 1 7
51 4 1
52 4 0
53 0 7
54 4 2
55 6 1
56 1 6
57 1 1
58 1 7
59 5 5
60 7 1
61 0 1
62 3 3
63 0 0
64 2 5
65 1 6
66 3 6
67 1 5
68 5 6
69 6 1
70 7 1
71 4 4
72 6 4
73 1 2
74 6 6
75 3 2
76 6 3
77 2 0
78 4 5
79 3 4
80 5 0
81 6 5
82 1 4
83 2 2
84 2 3
85 1 2
86 5 3
87 2 4
88 6 3
89 5 2
90 7 6
91 1 5
92 1 6
93 7 7
94 4 2
# colocadas=95 ocupadas=64 mayor=23
