0 5 2
1 5 6
2 1 0
3 0 0
4 6 2
5 1 0
6 0 0
7 0 3
8 1 0
9 5 2
10 4 6
11 7 2
12 1 3
13 0 0
14 1 0
15 0 3
16 0 0
17 1 3
18 5 6
19 4 2
20 4 6
21 1 0
22 7 1
23 5 6
24 4 6
25 0 0
26 5 2
27 5 6
28 0 3
29 1 3
30 1 0
31 0 0
32 6 2
33 0 3
34 7 0
35 1 3
36 5 2
37 1 0
38 0 0
39 1 0
40 4 6
41 6 2
42 0 3
43 6 0
44 1 3
45 5 2
46 0 3
47 1 3
48 0 0
49 0 3
50 1 0
51 6 2
52 1 3
53 0 0
54 1 0
55 0 3
56 5 2
57 0 0
58 5 6
59 4 6
60 1 3
61 0 3
62 1 0
63 6 2
64 1 3
65 7 0
66 5 6
67 6 0
68 7 0
69 6 0
70 5 2
71 7 0
72 4 6
73 6 0
74 6 2
75 0 3
76 5 6
77 0 0
78 1 0
79 7 0
80 4 6
81 5 6
82 5 2
83 6 0
84 1 3
85 0 3
86 7 0
87 6 0
88 6 2
89 5 2
90 1 3
91 0 3
92 1 3
93 6 2
94 7 0
95 0 3
96 0 0
97 4 6
98 5 2
99 5 6
100 6 0
101 4 6
102 1 0
103 6 2
104 1 3
105 0 3
106 1 3
107 5 2
108 7 0
109 6 2
110 6 0
111 0 3
112 1 3
113 0 0
114 1 0
115 0 3
116 7 0
117 1 3
118 5 6
119 5 2
120 4 6
121 5 6
122 6 2
123 6 0
124 0 3
125 1 3
126 0 3
127 7 0
128 6 0
129 5 2
130 1 3
131 4 6
132 0 3
133 5 6
134 4 6
135 7 0
136 6 2
137 5 2
138 6 0
139 7 0
140 6 0
141 6 2
142 5 6
143 1 3
144 7 0
145 5 2
146 4 6
147 5 6
148 6 0
149 4 6
150 7 0
151 6 0
152 7 0
153 6 0
154 6 2
155 0 3
156 5 2
157 0 0
158 6 2
159 7 0
160 1 0
161 5 6
162 4 6
163 5 6
164 5 2
165 6 0
166 7 0
167 1 3
168 0 0
169 4 6
170 6 0
171 5 6
172 7 0
173 6 2
174 1 0
175 4 6
176 0 3
177 5 6
178 5 2
179 6 0
180 7 0
181 6 0
182 6 2
183 4 6
184 5 6
185 4 6
186 5 2
187 7 0
188 1 3
189 6 2
190 6 0
191 0 0
# colocadas=192 ocupadas=5 mayor=218
