0 0 0
1 0 7
2 7 0
3 6 0
4 0 1
5 7 0
6 6 0
7 7 7
8 7 0
9 0 0
10 0 6
11 0 2
12 6 7
13 6 0
14 7 0
15 7 7
16 6 0
17 6 7
18 0 7
19 1 0
20 0 6
21 7 0
22 0 1
23 0 7
24 0 6
25 6 0
26 2 0
27 0 7
28 7 7
29 6 7
30 7 0
31 6 0
32 1 0
33 7 7
34 0 2
35 6 7
36 0 0
37 7 0
38 6 0
39 7 0
40 0 6
41 1 0
42 7 7
43 0 1
44 6 7
45 2 0
46 7 7
47 6 7
48 6 0
49 7 7
50 7 0
51 1 0
52 6 7
53 6 0
54 7 0
55 7 7
56 2 0
57 6 0
58 0 7
59 0 6
60 6 7
61 7 7
62 7 0
63 1 0
64 6 7
65 0 2
66 0 7
67 0 1
68 0 2
69 0 1
70 2 0
71 0 0
72 0 6
73 0 1
74 1 0
75 7 7
76 0 7
77 6 0
78 7 0
79 0 2
80 0 6
81 0 7
82 0 0
83 0 3
84 6 7
85 7 7
86 0 2
87 0 3
88 0 1
89 0 0
90 6 7
91 7 7
92 6 7
93 0 1
94 0 4
95 7 7
96 6 0
97 0 6
98 0 0
99 0 7
100 0 3
101 0 6
102 7 0
103 0 1
104 6 7
105 7 7
106 6 7
107 0 0
108 0 2
109 1 0
110 0 1
111 7 7
112 6 7
113 6 0
114 7 0
115 7 7
116 0 2
117 6 7
118 0 7
119 0 0
120 0 6
121 0 7
122 1 0
123 0 1
124 7 7
125 6 7
126 7 7
127 0 2
128 0 1
129 2 0
130 6 7
131 0 6
132 7 7
133 0 7
134 0 6
135 0 0
136 3 0
137 2 0
138 0 1
139 0 0
140 0 1
141 1 0
142 0 7
143 6 7
144 0 2
145 0 0
146 0 6
147 0 7
148 0 3
149 0 6
150 0 2
151 0 3
152 0 2
153 0 3
154 0 1
155 7 7
156 0 0
157 6 0
158 0 1
159 0 4
160 7 0
161 0 7
162 0 6
163 0 7
164 0 0
165 0 3
166 0 2
167 6 7
168 6 0
169 0 6
170 0 3
171 0 7
172 0 2
173 1 0
174 7 0
175 0 6
176 7 7
177 0 7
178 0 0
179 0 3
180 0 2
181 0 3
182 0 1
183 0 6
184 0 7
185 0 6
186 0 0
187 0 2
188 6 7
189 1 0
190 0 1
191 6 0
# colocadas=192 ocupadas=5 mayor=218
