0 2 5
1 4 2
2 6 0
3 0 0
4 2 1
5 7 6
6 1 1
7 1 6
8 7 2
9 1 4
10 6 4
11 4 4
12 0 7
13 3 7
14 1 2
15 3 0
16 4 6
17 3 4
18 5 1
19 5 7
20 5 3
21 5 4
22 2 3
23 0 3
24 0 5
25 2 7
26 7 7
27 6 2
28 6 5
29 0 1
30 7 4
31 4 0
32 5 3
33 1 0
34 0 6
35 0 7
36 1 7
37 4 5
38 4 1
39 5 1
40 7 1
41 3 6
42 7 0
43 2 0
44 4 3
45 2 6
46 3 5
47 6 7
48 3 0
49 5 3
50 1 5
51 6 3
52 4 4
53 2 2
54 4 7
55 6 4
56 2 5
57 5 5
58 1 5
59 7 7
60 7 4
61 3 2
62 6 5
63 5 7
64 7 3
65 6 7
66 2 5
67 4 2
68 7 2
69 6 4
70 7 4
71 5 6
72 7 5
73 4 5
74 3 6
75 0 4
76 1 6
77 3 3
78 6 1
79 5 0
80 2 4
81 1 3
82 5 2
83 3 5
84 4 2
85 3 1
86 2 6
87 0 2
88 3 0
89 1 6
90 0 1
91 6 6
92 6 7
93 4 1
94 0 0
95 4 5
# colocadas=96 ocupadas=64 mayor=23
