0 0 0
1 0 7
2 7 0
3 7 7
4 0 3
5 0 5
6 3 7
7 3 0
8 5 0
9 5 7
10 7 6
11 7 2
12 6 7
13 7 4
14 1 1
15 1 4
16 1 6
17 6 2
18 2 5
19 2 2
20 0 1
21 1 1
22 7 1
23 4 7
24 2 7
25 0 4
26 6 0
27 7 2
28 3 3
29 4 1
30 0 6
31 7 7
32 0 1
33 7 0
34 6 6
35 0 5
36 2 0
37 5 0
38 3 5
39 0 2
40 2 6
41 4 4
42 3 2
43 1 3
44 1 1
45 4 3
46 4 0
47 6 0
48 3 4
49 4 5
50 0 1
51 6 7
52 5 4
53 2 7
54 2 3
55 1 6
56 0 0
57 2 2
58 0 1
59 7 0
60 1 5
61 1 7
62 0 7
63 0 0
64 7 1
65 2 4
66 3 0
67 1 0
68 7 5
69 1 6
70 0 1
71 7 0
72 3 3
73 5 0
74 4 3
75 0 3
76 7 7
77 1 2
78 6 0
79 0 6
80 3 6
81 5 6
82 0 0
83 5 0
84 3 3
85 3 2
86 6 7
87 3 1
88 2 1
89 1 4
90 7 7
91 1 3
92 7 3
93 6 6
94 1 0
95 1 7
96 2 2
97 0 7
98 0 6
99 0 2
100 6 7
101 7 7
102 2 6
103 1 4
104 7 4
105 7 2
106 0 0
107 0 7
108 3 7
109 7 1
110 2 7
111 5 2
112 5 5
113 6 7
114 1 3
115 3 5
116 2 0
117 3 7
118 6 2
119 4 7
120 0 4
121 1 7
122 6 0
123 1 0
124 0 3
125 3 3
126 4 3
127 5 4
128 2 7
129 3 3
130 1 6
131 6 6
132 5 7
133 5 6
134 0 5
135 5 2
136 4 2
137 3 4
138 1 7
139 2 5
140 0 4
141 7 3
142 1 5
143 7 4
144 6 7
145 3 7
146 0 2
147 3 0
148 2 4
149 4 1
150 2 6
151 2 1
152 3 3
153 4 6
154 7 0
155 4 0
156 5 0
157 4 0
158 7 3
159 6 1
160 0 3
161 2 3
162 1 2
163 1 4
164 0 7
165 6 0
166 0 5
167 0 6
168 4 4
169 1 5
170 7 2
171 0 2
172 4 5
173 0 0
174 4 7
175 1 3
176 3 7
177 1 0
178 1 2
179 7 7
180 5 0
181 2 2
182 7 1
183 1 6
184 3 5
185 2 0
186 0 2
187 2 1
188 6 1
189 0 0
190 6 7
191 7 7
# colocadas=192 ocupadas=25 mayor=67
