0 6 3
1 7 3
2 0 1
3 0 2
4 0 1
5 3 7
6 0 2
7 6 3
8 0 1
9 4 7
10 7 3
11 6 3
12 3 7
13 1 7
14 0 2
15 6 5
16 7 5
17 0 1
18 4 7
19 0 2
20 7 3
21 1 6
22 6 3
23 7 3
24 3 7
25 4 7
26 3 7
27 0 1
28 0 2
29 6 5
30 7 5
31 6 5
32 0 1
33 6 3
34 7 5
35 1 7
36 4 7
37 6 5
38 3 7
39 1 6
40 4 7
41 1 7
42 0 2
43 3 7
44 0 1
45 0 2
46 1 6
47 1 7
48 1 6
49 1 7
50 4 7
51 0 1
52 7 3
53 7 5
54 6 5
55 3 7
56 4 7
57 3 7
58 1 6
59 7 5
60 6 3
61 4 7
62 0 2
63 0 1
64 1 7
65 0 2
66 1 6
67 0 1
68 1 7
69 3 7
70 6 5
71 4 7
72 0 2
73 1 6
74 7 5
75 6 5
76 7 3
77 6 3
78 7 5
79 6 5
80 1 7
81 0 1
82 7 5
83 7 3
84 6 3
85 7 3
86 1 6
87 0 2
88 6 5
89 3 7
90 1 7
91 6 3
92 7 5
93 1 6
94 0 1
95 6 5
96 7 5
97 1 7
98 0 2
99 4 7
100 0 1
101 3 7
102 4 7
103 3 7
104 1 6
105 7 3
106 1 7
107 0 2
108 4 7
109 6 3
110 3 7
111 6 5
112 7 5
113 1 6
114 1 7
115 1 6
116 0 1
117 4 7
118 1 7
119 1 6
120 0 2
121 7 3
122 0 1
123 3 7
124 0 2
125 6 5
126 7 5
127 4 7
128 6 5
129 6 3
130 0 1
131 7 3
132 7 5
133 1 7
134 0 2
135 1 6
136 6 3
137 0 1
138 0 2
139 1 7
140 6 5
141 1 6
142 1 7
143 1 6
144 3 7
145 1 7
146 0 1
147 7 5
148 6 5
149 7 5
150 4 7
151 6 5
152 7 3
153 3 7
154 6 3
155 1 6
156 1 7
157 1 6
158 4 7
159 3 7
160 0 2
161 1 7
162 4 7
163 3 7
164 4 7
165 7 3
166 0 1
167 0 2
168 3 7
169 4 7
170 1 6
171 7 5
172 6 5
173 3 7
174 0 1
175 1 7
176 0 2
177 1 6
178 4 7
179 6 3
180 1 7
181 1 6
182 3 7
183 1 7
184 1 6
185 1 7
186 7 5
187 1 6
188 0 1
189 0 2
190 1 7
191 1 6
# colocadas=192 ocupadas=5 mayor=242
