0 0 0
1 7 0
2 0 7
3 6 0
4 7 7
5 0 6
6 1 7
7 6 7
8 2 7
9 0 5
10 5 0
11 0 1
12 0 0
13 0 2
14 0 3
15 1 0
16 1 1
17 1 2
18 0 6
19 0 7
20 2 0
21 6 0
22 4 0
23 7 0
24 5 7
25 0 4
26 7 1
27 0 3
28 3 0
29 3 7
30 2 0
31 6 7
32 1 3
33 1 7
34 4 7
35 0 7
36 5 1
37 1 2
38 1 4
39 5 2
40 1 5
41 1 4
42 6 0
43 1 1
44 7 0
45 5 0
46 7 6
47 3 1
48 3 7
49 1 2
50 1 5
51 4 7
52 4 0
53 2 5
54 1 5
55 7 5
56 6 1
57 7 7
58 6 0
59 3 2
60 7 1
61 2 2
62 3 0
63 2 3
64 6 2
65 2 1
66 3 3
67 1 1
68 6 7
69 1 3
70 4 6
71 1 6
72 3 5
73 7 2
74 0 3
75 0 6
76 7 7
77 4 7
78 0 4
79 5 0
80 5 2
81 2 1
82 1 1
83 1 0
84 6 0
85 1 6
86 3 1
87 4 0
88 2 1
89 3 2
90 1 1
91 0 1
92 2 0
93 5 1
94 3 0
95 6 6
96 7 1
97 2 4
98 6 7
99 1 1
100 3 4
101 4 0
102 1 0
103 5 6
104 4 4
105 4 1
106 0 6
107 2 1
108 1 4
109 1 1
110 7 0
111 5 1
112 3 3
113 3 1
114 3 6
115 6 2
116 4 6
117 7 4
118 1 5
119 1 7
120 2 6
121 6 1
122 4 3
123 5 5
124 2 3
125 4 1
126 2 7
127 0 7
128 4 7
129 3 2
130 3 6
131 5 7
132 3 0
133 3 3
134 0 3
135 1 2
136 1 4
137 7 3
138 5 6
139 3 4
140 0 4
141 6 0
142 4 6
143 4 7
144 3 1
145 2 4
146 3 5
147 5 0
148 3 7
149 0 0
150 7 2
151 1 3
152 3 6
153 5 5
154 3 7
155 3 6
156 3 7
157 0 5
158 1 7
159 1 2
160 0 4
161 3 0
162 1 3
163 2 1
164 4 2
165 4 0
166 5 6
167 1 5
168 5 2
169 3 4
170 2 3
171 3 6
172 7 1
173 2 0
174 7 3
175 2 6
176 5 1
177 6 2
178 0 5
179 7 2
180 0 1
181 3 7
182 0 7
183 1 5
184 0 5
185 3 5
186 5 0
187 1 4
188 7 1
189 4 7
190 1 0
191 5 7
# colocadas=192 ocupadas=27 mayor=68
