0 6 3
1 0 1
2 3 7
3 1 7
4 4 7
5 6 5
6 1 4
7 7 4
8 0 4
9 5 5
10 1 6
11 6 2
12 4 0
13 2 0
14 2 5
15 3 1
16 1 2
17 2 3
18 3 7
19 5 7
20 4 3
21 0 0
22 7 7
23 0 1
24 7 3
25 3 5
26 7 5
27 6 0
28 4 4
29 1 4
30 0 3
31 7 1
32 3 3
33 4 7
34 2 4
35 5 7
36 1 7
37 2 2
38 0 6
39 1 6
40 0 7
41 1 7
42 1 1
43 1 2
44 6 5
45 7 6
46 4 7
47 4 3
48 1 4
49 5 0
50 0 0
51 0 5
52 7 7
53 0 1
54 7 0
55 3 7
56 1 0
57 6 1
58 4 6
59 4 4
60 4 2
61 5 4
62 7 6
63 2 3
64 2 6
65 2 2
66 3 3
67 1 2
68 5 1
69 7 1
70 0 6
71 4 7
72 0 0
73 4 3
74 2 5
75 3 7
76 3 0
77 0 5
78 3 5
79 4 7
80 2 5
81 2 2
82 2 1
83 1 1
84 7 5
85 3 6
86 1 2
87 7 7
88 0 2
89 2 2
90 6 3
91 6 2
92 2 1
93 2 4
94 7 6
95 4 1
96 4 4
97 1 6
98 4 0
99 0 3
100 4 3
101 7 7
102 6 0
103 5 1
104 3 3
105 2 5
106 3 7
107 0 2
108 7 0
109 6 1
110 4 3
111 2 4
112 1 2
113 0 3
114 0 1
115 2 0
116 0 6
117 2 7
118 6 0
119 5 6
120 0 0
121 6 5
122 0 2
123 5 2
124 1 7
125 7 6
126 1 0
127 5 7
128 7 4
129 0 4
130 1 6
131 4 1
132 2 2
133 0 1
134 3 6
135 7 1
136 5 0
137 2 6
138 5 1
139 3 4
140 4 5
141 3 7
142 7 3
143 1 3
144 3 2
145 3 5
146 0 6
147 2 3
148 1 1
149 6 3
150 2 5
151 7 0
152 1 2
153 6 1
154 0 2
155 1 2
156 0 2
157 4 6
158 6 7
159 7 1
160 5 6
161 3 1
162 1 6
163 4 4
164 1 4
165 4 7
166 7 4
167 6 0
168 3 0
169 0 7
170 1 7
171 1 2
172 3 3
173 5 4
174 1 5
175 0 2
176 2 4
177 7 5
178 5 0
179 4 3
180 7 3
181 1 2
182 7 7
183 6 0
184 5 0
185 0 6
186 3 7
187 2 5
188 3 3
189 5 1
190 4 4
191 5 2
# colocadas=192 ocupadas=25 mayor=68
