0 1 4
1 3 3
2 1 0
3 5 5
4 1 5
5 2 5
6 3 5
7 1 5
8 2 1
9 4 1
10 5 4
11 2 4
12 4 2
13 3 4
14 4 1
15 5 1
16 5 5
17 2 3
18 2 0
19 0 0
20 4 1
21 5 1
22 1 0
23 3 5
24 2 1
25 2 0
26 0 0
27 1 4
28 1 0
29 4 5
30 4 4
31 4 1
32 2 1
33 3 2
34 1 5
35 2 4
36 4 2
37 2 0
38 1 4
39 3 2
40 5 4
41 4 2
42 4 1
43 5 3
44 4 2
45 2 1
46 3 1
47 5 5
48 2 2
49 5 2
50 2 0
51 4 0
52 5 1
53 5 4
54 2 5
55 2 1
56 3 2
57 5 5
58 4 3
59 3 3
60 1 1
61 2 2
62 1 0
63 2 3
64 4 1
65 1 5
66 5 4
67 2 1
68 3 2
69 5 0
70 5 2
71 4 0
72 4 2
73 3 0
74 2 4
75 5 1
76 3 4
77 3 3
78 4 1
79 5 2
80 4 2
81 2 2
82 3 2
83 4 0
84 3 0
85 2 2
86 0 0
87 5 0
88 1 0
89 2 0
90 4 1
91 4 2
92 5 5
93 2 3
94 3 4
95 3 3
96 1 4
97 5 1
98 5 2
99 1 1
100 1 2
101 2 5
102 3 4
103 3 3
104 5 4
105 3 5
106 1 0
107 3 4
# colocadas=108 ocupadas=12 mayor=79
