0 0 0
1 5 0
2 0 5
3 0 4
4 1 5
5 2 5
6 1 5
7 3 5
8 4 0
9 4 5
10 0 3
11 0 1
12 5 5
13 1 4
14 4 5
15 4 4
16 5 1
17 0 0
18 3 0
19 0 4
20 5 4
21 5 3
22 0 5
23 2 4
24 4 0
25 3 0
26 0 4
27 3 4
28 0 5
29 4 1
30 0 2
31 5 2
32 4 0
33 4 5
34 1 5
35 3 3
36 5 5
37 3 0
38 1 4
39 4 5
40 0 3
41 5 3
42 4 3
43 0 2
44 5 5
45 2 0
46 3 0
47 5 1
48 1 0
49 0 3
50 1 5
51 5 3
52 0 2
53 5 2
54 2 5
55 0 0
56 2 0
57 4 2
58 4 0
59 5 0
60 0 1
61 3 0
62 0 5
63 2 3
64 5 2
65 3 5
66 3 2
67 0 0
68 2 0
69 0 1
70 4 5
71 0 2
72 4 2
73 0 1
74 0 4
75 5 5
76 5 1
77 4 1
78 4 5
79 4 3
80 5 5
81 1 0
82 2 0
83 0 2
84 2 5
85 2 4
86 1 5
87 0 1
88 0 5
89 1 5
90 5 4
91 5 3
92 2 2
93 2 3
94 4 0
95 3 0
96 0 3
97 1 1
98 1 0
99 0 1
100 0 0
101 4 5
102 4 0
103 1 3
104 1 2
105 3 0
106 0 5
107 4 0
# colocadas=108 ocupadas=12 mayor=79
