0 4 2
1 1 2
2 4 4
3 2 2
4 3 4
5 4 4
6 2 3
7 0 2
8 3 3
9 4 5
10 2 3
11 4 3
12 4 2
13 4 4
14 2 2
15 5 3
16 0 4
17 1 0
18 3 5
19 5 5
20 5 0
21 1 1
22 2 1
23 0 1
24 0 3
25 1 2
26 2 2
27 0 2
28 5 1
29 3 4
30 5 0
31 1 5
32 2 0
33 5 4
34 3 3
35 5 5
36 2 3
37 1 4
38 2 4
39 2 2
40 2 3
41 2 4
42 0 0
43 0 4
44 0 1
45 3 0
46 5 2
47 2 3
48 3 2
49 4 0
50 1 3
51 3 1
52 3 0
53 1 1
54 3 4
55 0 1
56 2 5
57 5 4
58 4 2
59 4 0
60 5 2
61 4 1
62 1 0
63 2 1
64 0 5
65 0 0
66 0 4
67 1 5
68 1 0
69 1 4
70 3 5
71 2 0
72 3 0
73 2 2
74 2 5
75 3 4
76 1 3
77 1 2
78 4 4
79 2 2
80 1 4
81 5 4
82 5 3
83 5 4
84 0 4
85 5 1
86 4 0
87 0 5
88 4 2
89 4 1
90 4 3
91 2 1
92 5 0
93 1 4
94 3 1
95 0 2
96 4 4
97 3 0
98 3 4
99 5 1
100 4 2
101 0 4
102 3 3
103 2 2
104 3 5
105 4 0
106 1 1
107 3 2
# colocadas=108 ocupadas=26 mayor=48
