0 4 2
1 1 2
2 4 4
3 2 2
4 3 4
5 4 4
6 2 3
7 4 3
8 3 3
9 4 5
10 2 1
11 4 2
12 2 3
13 4 4
14 2 2
15 0 2
16 1 2
17 1 1
18 3 3
19 3 4
20 4 4
21 1 2
22 5 3
23 0 2
24 5 2
25 1 2
26 2 2
27 5 4
28 4 4
29 1 3
30 2 3
31 4 2
32 2 1
33 3 3
34 1 4
35 3 4
36 1 2
37 2 2
38 4 3
39 1 1
40 3 3
41 3 2
42 0 1
43 1 2
44 4 3
45 4 4
46 5 3
47 0 4
48 1 4
49 5 4
50 4 4
51 2 2
52 4 3
53 5 4
54 3 3
55 0 0
56 3 2
57 4 2
58 4 4
59 5 5
60 4 5
61 2 1
62 2 2
63 1 2
64 2 3
65 2 2
66 2 3
67 4 1
68 4 4
69 4 2
70 4 3
71 3 2
72 4 5
73 0 2
74 4 2
75 3 3
76 2 2
77 1 2
78 3 1
79 0 2
80 2 4
81 0 1
82 0 0
83 3 0
84 2 3
85 1 1
86 4 3
87 2 4
88 5 1
89 5 0
90 0 1
91 1 2
92 2 1
93 2 0
94 5 5
95 1 1
96 2 3
97 4 2
98 3 4
99 2 1
100 0 4
101 1 0
102 3 3
103 0 2
104 4 3
105 4 2
106 3 4
107 1 4
# colocadas=108 ocupadas=12 mayor=85
