0 4 2
1 4 3
2 1 2
3 2 3
4 3 4
5 4 2
6 0 2
7 1 2
8 4 3
9 4 2
10 0 2
11 2 2
12 2 3
13 2 2
14 0 1
15 0 2
16 0 1
17 4 4
18 1 2
19 0 0
20 3 4
21 4 4
22 0 1
23 0 0
24 3 4
25 4 4
26 3 4
27 2 2
28 4 4
29 1 2
30 0 1
31 2 2
32 1 2
33 5 2
34 3 4
35 0 0
36 2 2
37 0 1
38 4 4
39 4 2
40 3 4
41 1 2
42 2 2
43 0 2
44 4 4
45 2 3
46 3 4
47 4 3
48 1 2
49 0 2
50 2 2
51 2 4
52 4 2
53 0 1
54 3 4
55 4 4
56 0 2
57 2 3
58 5 2
59 3 4
60 4 4
61 3 4
62 2 2
63 2 3
64 4 4
65 3 4
66 4 2
67 4 3
68 3 5
69 3 4
70 2 2
71 4 2
72 4 3
73 4 2
74 4 3
75 2 3
76 3 5
77 4 2
78 4 3
79 3 4
80 1 2
81 4 2
82 2 2
83 4 3
84 4 2
85 4 4
86 3 4
87 0 2
88 4 4
89 3 4
90 4 4
91 0 1
92 0 2
93 5 2
94 0 1
95 0 2
96 4 2
97 0 1
98 3 4
99 4 4
100 1 2
101 2 2
102 1 2
103 5 2
104 2 2
105 0 2
106 4 2
107 3 4
# colocadas=108 ocupadas=4 mayor=188
