0 0 0
1 0 5
2 5 0
3 5 5
4 4 0
5 0 2
6 2 0
7 0 1
8 1 0
9 0 3
10 4 5
11 0 0
12 2 0
13 2 5
14 5 5
15 0 4
16 5 1
17 5 2
18 5 0
19 1 5
20 3 5
21 0 5
22 1 1
23 0 4
24 0 1
25 5 4
26 5 5
27 3 4
28 3 5
29 3 0
30 4 0
31 2 2
32 5 1
33 0 5
34 2 0
35 1 5
36 5 4
37 5 2
38 1 0
39 5 5
40 0 0
41 1 0
42 0 5
43 5 1
44 3 4
45 5 3
46 3 5
47 3 0
48 3 1
49 4 3
50 5 3
51 2 0
52 4 3
53 3 4
54 5 0
55 0 4
56 1 2
57 2 2
58 3 5
59 1 3
60 3 4
61 1 0
62 5 2
63 4 5
64 5 1
65 5 2
66 5 1
67 1 2
68 2 4
69 5 3
70 4 0
71 5 4
72 0 3
73 3 5
74 5 0
75 0 5
76 5 5
77 4 5
78 2 2
79 3 5
80 5 2
81 1 4
82 1 5
83 1 2
84 5 3
85 2 0
86 4 0
87 5 4
88 0 0
89 0 1
90 1 4
91 4 5
92 1 0
93 2 2
94 0 2
95 0 0
96 0 4
97 5 0
98 5 3
99 1 0
100 3 0
101 1 2
102 5 4
103 3 5
104 5 1
105 5 0
106 2 5
107 2 0
# colocadas=108 ocupadas=12 mayor=85
