0 0 0
1 0 1
2 0 0
3 0 2
4 0 3
5 0 4
6 0 5
7 1 0
8 1 1
9 1 2
10 1 3
11 1 4
12 0 4
13 1 3
14 1 5
15 2 0
16 2 1
17 2 0
18 2 2
19 2 1
20 2 3
21 2 4
22 2 3
23 1 3
24 1 4
25 0 4
26 0 5
27 0 4
28 1 5
29 2 2
30 2 3
31 2 2
32 2 1
33 1 1
34 1 0
35 0 0
36 2 0
37 2 1
38 2 5
39 3 0
40 2 0
41 3 1
42 2 1
43 3 1
44 3 2
45 3 1
46 3 0
47 3 3
48 3 2
49 3 3
50 3 2
51 3 3
52 3 4
53 3 5
54 2 5
55 3 5
56 3 4
57 4 0
58 4 1
59 3 1
60 3 2
61 2 2
62 1 2
63 1 1
64 1 2
65 1 3
66 0 3
67 0 4
68 0 3
69 0 2
70 0 3
71 0 2
72 0 1
73 1 2
74 2 2
75 2 1
76 2 2
77 2 3
78 1 3
79 1 4
80 3 2
81 3 1
82 4 1
83 4 2
84 3 2
85 4 2
86 4 1
87 4 0
88 4 1
89 4 0
90 4 1
91 4 3
92 4 4
93 4 5
94 5 0
95 5 1
96 4 1
97 4 2
98 3 2
99 2 2
100 2 1
101 1 1
102 5 2
103 4 2
104 5 3
105 5 4
106 4 4
107 3 4
# colocadas=108 ocupadas=34 mayor=57
