0 1 4
1 1 5
2 1 4
3 3 3
4 2 5
5 1 0
6 2 3
7 2 0
8 3 3
9 1 5
10 1 0
11 2 0
12 2 4
13 1 4
14 2 4
15 1 4
16 2 4
17 2 3
18 1 4
19 1 0
20 3 3
21 2 3
22 2 4
23 2 0
24 1 4
25 3 3
26 2 3
27 1 0
28 2 0
29 2 4
30 1 4
31 1 0
32 3 3
33 2 0
34 2 4
35 2 3
36 3 3
37 1 4
38 2 5
39 2 3
40 1 5
41 2 4
42 1 4
43 2 5
44 1 5
45 3 3
46 2 4
47 1 4
48 1 5
49 1 4
50 1 5
51 2 3
52 1 4
53 2 5
54 1 5
55 2 4
56 1 4
57 1 5
58 3 3
59 1 4
60 1 0
61 1 5
62 2 0
63 1 0
64 1 4
65 1 5
66 2 0
67 1 0
68 2 3
69 3 3
70 2 3
71 1 4
72 2 5
73 3 3
74 1 5
75 2 5
76 2 0
77 1 5
78 3 5
79 1 4
80 1 5
81 2 3
82 1 0
83 1 4
84 1 5
85 2 0
86 1 4
87 1 5
88 1 4
89 1 5
90 2 5
91 3 5
92 1 0
93 3 3
94 2 0
95 2 5
96 1 0
97 1 4
98 2 0
99 1 5
100 1 0
101 2 4
102 1 4
103 2 3
104 3 3
105 2 0
106 2 4
107 1 4
# colocadas=108 ocupadas=4 mayor=156
