0 0 0
1 0 5
2 5 0
3 4 0
4 0 1
5 5 0
6 4 0
7 5 5
8 0 4
9 4 5
10 5 5
11 4 5
12 5 5
13 0 0
14 4 5
15 0 1
16 5 0
17 0 0
18 0 1
19 4 0
20 5 5
21 4 5
22 0 5
23 0 4
24 5 0
25 0 0
26 0 5
27 4 0
28 5 0
29 4 0
30 0 1
31 0 4
32 5 0
33 5 5
34 4 0
35 5 0
36 4 0
37 0 5
38 0 0
39 0 1
40 0 0
41 0 1
42 0 4
43 5 0
44 4 5
45 0 0
46 0 1
47 5 5
48 0 5
49 0 0
50 4 0
51 0 4
52 0 5
53 0 4
54 4 5
55 0 1
56 0 0
57 0 5
58 5 5
59 4 5
60 5 5
61 0 1
62 4 5
63 0 4
64 5 5
65 0 0
66 0 1
67 0 5
68 0 4
69 5 0
70 4 5
71 4 0
72 5 0
73 0 5
74 0 4
75 0 0
76 5 5
77 4 5
78 0 1
79 0 0
80 4 0
81 0 1
82 5 0
83 5 5
84 0 5
85 4 5
86 0 0
87 5 5
88 4 5
89 0 4
90 0 1
91 0 5
92 5 5
93 4 5
94 4 0
95 5 5
96 0 0
97 4 5
98 5 0
99 4 0
100 5 0
101 4 0
102 0 4
103 0 5
104 0 1
105 0 4
106 0 5
107 0 0
# colocadas=108 ocupadas=4 mayor=162
