0 0 0
1 0 1
2 0 2
3 0 3
4 0 2
5 0 4
6 0 3
7 0 4
8 0 5
9 1 0
10 1 1
11 1 0
12 1 1
13 1 0
14 0 0
15 1 2
16 0 2
17 0 3
18 1 3
19 0 3
20 0 2
21 1 2
22 0 2
23 0 1
24 0 2
25 0 3
26 1 1
27 0 1
28 0 2
29 0 1
30 0 2
31 0 3
32 1 3
33 1 4
34 0 4
35 1 5
36 2 0
37 2 1
38 1 1
39 1 0
40 1 1
41 1 0
42 1 1
43 2 1
44 2 0
45 2 2
46 2 3
47 2 2
48 1 2
49 1 1
50 1 0
51 2 4
52 2 5
53 2 4
54 2 5
55 3 0
56 3 1
57 3 0
58 3 2
59 2 2
60 3 2
61 2 2
62 2 3
63 3 3
64 3 4
65 3 5
66 4 0
67 4 1
68 4 2
69 4 1
70 4 3
71 4 4
72 4 5
73 4 4
74 5 0
75 5 1
76 5 2
77 5 3
78 4 3
79 5 2
80 5 1
81 4 1
82 3 1
83 2 1
84 2 0
85 3 0
86 4 0
87 4 1
88 5 4
89 5 3
90 5 5
# colocadas=91 ocupadas=36 mayor=58
