0 2 5
1 4 2
2 6 0
3 0 0
4 2 1
5 1 1
6 7 6
7 1 6
8 7 2
9 1 4
10 0 1
11 3 5
12 0 4
13 7 7
14 6 4
15 6 5
16 4 4
17 2 5
18 6 2
19 7 0
20 6 4
21 6 5
22 6 0
23 7 6
24 7 2
25 6 2
26 7 0
27 0 6
28 1 7
29 5 4
30 0 0
31 6 4
32 7 2
33 1 4
34 2 1
35 0 5
36 1 3
37 6 2
38 1 1
39 1 4
40 0 1
41 6 5
42 6 4
43 0 0
44 1 3
45 7 2
46 6 2
47 4 4
48 3 5
49 0 1
50 1 6
51 6 5
52 0 0
53 5 4
54 7 7
55 2 5
56 7 2
57 4 4
58 5 2
59 4 2
60 3 5
61 6 2
62 6 0
63 0 4
64 6 4
65 7 6
66 5 4
67 2 5
68 7 2
69 0 1
70 2 3
71 0 0
72 6 5
73 0 1
74 2 1
75 1 3
76 5 2
77 4 2
78 1 2
79 6 4
80 1 3
81 6 2
82 7 2
83 0 0
84 0 6
85 1 4
86 7 0
87 0 1
88 6 0
89 7 0
90 1 2
91 6 5
92 4 4
93 0 4
94 5 2
95 4 2
96 3 1
97 0 0
98 0 1
99 3 5
100 2 5
101 7 7
102 5 2
103 1 4
104 5 4
105 4 2
106 6 0
107 5 2
108 3 5
109 1 6
110 2 2
111 6 6
112 6 4
113 0 4
114 7 6
115 2 5
116 7 7
117 3 0
118 4 2
119 6 2
120 5 6
121 4 0
122 0 0
123 0 1
124 0 6
125 4 3
126 0 0
127 1 6
128 2 1
129 7 6
130 1 1
131 3 0
132 3 5
133 2 5
134 0 1
135 6 5
136 6 4
137 4 0
138 7 7
139 7 0
140 7 6
141 0 0
142 4 2
143 3 0
144 0 6
145 6 5
146 3 5
147 2 5
148 0 1
149 2 1
150 7 2
151 2 2
152 2 1
153 2 2
154 7 7
155 6 0
156 4 0
157 4 6
158 1 4
159 3 0
160 5 2
161 7 0
162 6 0
163 4 2
164 1 6
165 7 0
166 7 6
167 0 4
168 2 1
169 4 7
170 5 2
171 3 7
172 4 2
173 4 7
174 1 4
175 0 0
176 6 0
177 0 4
178 7 7
179 4 0
180 1 1
181 1 4
182 3 0
183 0 4
184 7 6
185 3 5
186 0 1
187 0 0
188 1 4
189 6 2
190 7 2
191 0 4
# colocadas=192 ocupadas=12 mayor=117
