0 5 2
1 5 6
2 1 0
3 0 0
4 6 2
5 1 0
6 0 0
7 5 2
8 4 6
9 4 2
10 5 2
11 4 2
12 5 2
13 7 2
14 6 2
15 7 1
16 1 0
17 7 2
18 7 1
19 0 0
20 5 2
21 6 2
22 5 6
23 4 6
24 1 0
25 7 2
26 5 6
27 0 0
28 1 0
29 0 0
30 7 1
31 4 6
32 1 0
33 5 2
34 0 0
35 1 0
36 0 0
37 5 6
38 7 2
39 7 1
40 7 2
41 7 1
42 4 6
43 1 0
44 6 2
45 7 2
46 7 1
47 5 2
48 5 6
49 7 2
50 0 0
51 4 6
52 5 6
53 4 6
54 6 2
55 7 1
56 7 2
57 5 6
58 5 2
59 6 2
60 5 2
61 7 1
62 6 2
63 4 6
64 5 2
65 7 2
66 7 1
67 5 6
68 4 6
69 1 0
70 6 2
71 0 0
72 1 0
73 5 6
74 4 6
75 7 2
76 5 2
77 6 2
78 7 1
79 7 2
80 0 0
81 7 1
82 1 0
83 5 2
84 5 6
85 6 2
86 7 2
87 5 2
88 6 2
89 4 6
90 7 1
91 5 6
92 5 2
93 6 2
94 0 0
95 5 2
96 7 2
97 6 2
98 1 0
99 0 0
100 1 0
101 0 0
102 4 6
103 5 6
104 7 1
105 4 6
106 5 6
107 7 2
108 5 2
109 4 6
110 1 0
111 7 1
112 6 2
113 7 2
114 7 1
115 7 2
116 5 6
117 4 6
118 5 6
119 5 2
120 7 1
121 7 2
122 6 2
123 5 2
124 6 2
125 7 1
126 4 6
127 0 0
128 7 2
129 5 6
130 4 6
131 5 2
132 5 6
133 6 2
134 5 2
135 6 2
136 5 2
137 7 1
138 1 0
139 6 2
140 7 2
141 7 1
142 0 0
143 4 6
144 5 6
145 4 6
146 7 2
147 5 2
148 6 2
149 5 6
150 1 0
151 0 0
152 5 2
153 1 0
154 4 6
155 0 0
156 5 6
157 7 1
158 7 2
159 4 6
160 5 6
161 1 0
162 4 6
163 0 0
164 6 2
165 7 1
166 5 6
167 4 6
168 5 2
169 7 2
170 7 1
171 6 2
172 5 2
173 6 2
174 5 6
175 1 0
176 7 2
177 4 6
178 7 1
179 7 2
180 5 6
181 5 2
182 4 6
183 7 1
184 6 2
185 7 2
186 5 6
187 7 1
188 7 2
189 5 2
190 0 0
191 4 6
# colocadas=192 ocupadas=4 mayor=269
