0 0 0
1 0 1
2 0 2
3 0 3
4 0 2
5 0 4
6 0 3
7 0 5
8 0 6
9 0 7
10 1 0
11 1 1
12 1 2
13 1 3
14 1 4
15 1 5
16 1 6
17 1 7
18 2 0
19 2 1
20 2 2
21 2 3
22 1 3
23 2 4
24 1 4
25 2 5
26 2 6
27 2 7
28 3 0
29 3 1
30 3 2
31 3 3
32 3 4
33 3 5
34 3 6
35 3 7
36 2 7
37 4 0
38 4 1
39 4 2
40 4 3
41 4 4
42 4 5
43 4 6
44 4 7
45 3 7
46 3 6
47 5 0
48 5 1
49 5 2
50 5 3
51 5 2
52 5 4
53 5 5
54 5 6
55 5 7
56 6 0
57 6 1
58 6 2
59 6 3
60 6 4
61 5 4
62 6 5
63 6 6
64 6 7
65 7 0
66 7 1
67 7 0
68 7 2
69 7 3
70 7 4
71 7 5
72 7 6
73 7 7
# colocadas=74 ocupadas=64 mayor=17
