0 0 0
1 0 7
2 0 6
3 1 7
4 0 5
5 0 4
6 0 6
7 7 0
8 1 6
9 0 3
10 2 7
11 0 1
12 0 2
13 0 0
14 1 0
15 2 6
16 7 7
17 6 7
18 0 4
19 0 5
20 5 7
21 0 6
22 7 6
23 0 7
24 6 0
25 1 1
26 3 7
27 1 0
28 5 6
29 1 7
30 7 0
31 1 2
32 5 7
33 1 5
34 2 7
35 0 5
36 4 7
37 6 7
38 1 3
39 3 7
40 1 4
41 1 3
42 0 6
43 7 7
44 2 0
45 4 7
46 5 5
47 1 7
48 2 7
49 4 6
50 6 7
51 6 6
52 4 7
53 1 0
54 1 4
55 0 7
56 2 2
57 0 4
58 4 5
59 0 6
60 4 6
61 6 5
62 5 6
63 3 6
64 7 6
65 5 5
66 7 5
67 2 3
68 2 0
69 7 7
70 1 5
71 5 7
72 1 6
73 1 2
74 1 4
75 1 0
76 6 7
77 1 1
78 1 5
79 3 7
80 7 4
81 3 6
82 2 6
83 2 5
84 7 3
85 6 6
86 7 1
87 7 4
88 0 0
89 0 1
90 3 6
91 4 7
92 7 6
93 2 4
94 0 6
95 1 2
96 0 0
97 7 0
98 5 6
99 7 7
100 2 6
101 2 3
102 6 6
103 3 7
104 1 3
105 7 1
106 1 0
107 2 7
108 1 6
109 4 7
110 7 3
111 7 0
112 5 6
113 0 6
114 5 7
115 1 4
116 2 0
117 1 5
118 5 5
119 2 1
120 7 2
121 3 3
122 1 3
123 7 6
124 4 5
125 0 5
126 5 0
127 6 0
128 5 6
129 1 0
130 3 7
131 7 1
132 2 2
133 1 2
134 2 1
135 1 5
136 2 3
137 6 7
138 0 2
139 0 3
140 4 0
141 0 7
142 3 6
143 7 7
144 6 6
145 5 7
146 3 5
147 0 0
148 1 4
149 1 7
150 4 5
151 2 4
152 4 4
153 3 4
154 3 3
155 0 1
156 0 4
157 2 7
158 0 2
159 3 7
160 2 3
161 4 7
162 7 0
163 3 5
164 3 0
165 2 0
166 0 5
167 6 5
168 1 3
169 2 3
170 2 6
171 4 6
172 1 5
173 3 3
174 4 7
175 1 4
176 2 1
177 1 6
178 0 1
179 0 6
180 0 4
181 3 1
182 3 2
183 5 5
184 2 5
185 6 7
186 2 6
187 0 0
188 3 6
189 1 0
190 6 0
191 6 6
# colocadas=192 ocupadas=26 mayor=68
