0 0 0
1 0 1
2 0 7
3 7 0
4 0 0
5 7 7
6 6 0
7 6 7
8 7 0
9 0 1
10 7 7
11 6 7
12 0 6
13 0 7
14 0 6
15 0 7
16 0 6
17 6 0
18 0 7
19 7 7
20 7 0
21 6 0
22 0 6
23 6 7
24 0 7
25 7 0
26 6 0
27 7 7
28 6 7
29 0 6
30 0 7
31 7 7
32 7 0
33 6 7
34 0 6
35 6 0
36 7 0
37 0 7
38 0 0
39 6 0
40 0 1
41 0 6
42 0 7
43 0 0
44 0 1
45 7 0
46 0 6
47 0 0
48 0 1
49 0 0
50 0 1
51 6 0
52 0 7
53 0 0
54 0 1
55 0 6
56 0 0
57 0 1
58 7 0
59 0 0
60 7 7
61 0 1
62 6 7
63 7 7
64 0 0
65 0 1
66 6 7
67 7 7
68 6 0
69 7 0
70 6 0
71 0 0
72 0 7
73 7 0
74 0 6
75 0 7
76 6 7
77 0 1
78 0 6
79 0 0
80 0 1
81 6 0
82 7 7
83 0 0
84 0 1
85 6 7
86 0 0
87 0 1
88 0 0
89 0 1
90 0 7
91 0 6
92 7 7
93 7 0
94 6 7
95 0 7
96 7 7
97 0 0
98 6 7
99 0 6
100 7 7
101 0 1
102 0 0
103 6 0
104 7 0
105 6 7
106 0 1
107 0 7
108 7 7
109 6 7
110 7 7
111 0 0
112 6 0
113 7 0
114 0 1
115 6 7
116 0 0
117 7 7
118 0 6
119 6 7
120 6 0
121 0 1
122 7 0
123 0 7
124 0 0
125 0 1
126 6 0
127 7 7
128 7 0
129 6 7
130 7 7
131 6 7
132 7 7
133 0 6
134 6 0
135 6 7
136 0 0
137 7 0
138 0 7
139 0 1
140 0 0
141 6 0
142 0 6
143 7 7
144 7 0
145 0 7
146 6 7
147 6 0
148 0 6
149 7 0
150 0 7
151 0 6
152 6 0
153 7 7
154 0 1
155 0 7
156 0 0
157 7 0
158 6 0
159 6 7
160 7 0
161 0 6
162 0 7
163 7 7
164 6 0
165 6 7
166 0 1
167 7 7
168 6 7
169 0 0
170 0 6
171 0 7
172 0 6
173 7 7
174 7 0
175 0 7
176 0 6
177 6 0
178 6 7
179 0 1
180 7 0
181 6 0
182 7 7
183 0 0
184 0 7
185 7 0
186 0 1
187 6 7
188 7 7
189 0 6
190 6 0
191 6 7
# colocadas=192 ocupadas=4 mayor=267
