0 5 2
1 5 6
2 1 0
3 0 0
4 0 3
5 1 0
6 7 2
7 0 5
8 6 0
9 4 6
10 1 7
11 1 2
12 2 3
13 0 1
14 3 3
15 2 6
16 7 7
17 2 1
18 4 4
19 6 5
20 1 4
21 2 5
22 5 4
23 2 3
24 7 5
25 3 2
26 4 1
27 6 3
28 6 7
29 2 6
30 3 5
31 0 7
32 2 0
33 1 7
34 0 0
35 6 4
36 7 7
37 1 5
38 7 0
39 6 1
40 2 7
41 4 0
42 2 1
43 1 4
44 6 3
45 1 0
46 2 5
47 0 0
48 3 3
49 5 7
50 0 2
51 6 5
52 7 3
53 0 4
54 4 4
55 3 7
56 0 6
57 7 2
58 4 2
59 5 5
60 7 6
61 2 0
62 1 6
63 0 3
64 7 7
65 1 4
66 0 4
67 6 5
68 0 7
69 5 4
70 5 6
71 7 5
72 5 1
73 4 5
74 4 7
75 6 1
76 4 4
77 3 5
78 3 6
79 1 7
80 0 5
81 5 1
82 3 2
83 1 1
84 3 7
85 0 1
86 5 4
87 1 0
88 3 0
89 3 5
90 1 3
91 0 4
92 4 0
93 6 2
94 0 3
95 2 4
96 2 3
97 4 3
98 6 3
99 4 4
100 4 7
101 6 5
102 0 0
103 5 4
104 0 1
105 7 1
106 3 7
107 2 1
108 4 4
109 1 1
110 5 2
111 2 5
112 7 3
113 6 7
114 4 3
115 7 5
116 0 6
117 1 6
118 3 1
119 2 1
120 0 2
121 5 0
122 0 6
123 1 6
124 1 1
125 4 7
126 3 5
127 1 0
128 1 4
129 2 5
130 3 2
131 1 3
132 1 4
133 0 3
134 3 7
135 6 1
136 0 6
137 1 1
138 4 6
139 7 2
140 6 2
141 4 2
142 6 5
143 3 5
144 0 7
145 3 4
146 0 4
147 4 0
148 5 6
149 5 3
150 3 0
151 2 0
152 6 3
153 5 2
154 0 5
155 1 7
156 5 3
157 4 6
158 4 4
159 3 5
160 4 0
161 3 4
162 1 0
163 2 2
164 6 3
165 3 0
166 1 3
167 2 6
168 4 1
169 4 4
170 4 7
171 4 2
172 7 7
173 5 5
174 5 6
175 6 0
176 0 4
177 0 3
178 2 0
179 1 2
180 7 1
181 5 4
182 0 5
183 6 2
184 1 5
185 4 0
186 1 3
187 7 0
188 3 7
189 4 4
190 5 5
191 3 6
# colocadas=192 ocupadas=24 mayor=70
