0 6 3
1 7 3
2 6 3
3 0 1
4 3 7
5 7 4
6 7 3
7 6 3
8 7 3
9 7 4
10 7 3
11 0 2
12 0 1
13 0 2
14 6 3
15 7 3
16 6 3
17 4 7
18 0 1
19 7 3
20 3 7
21 4 7
22 6 3
23 7 3
24 3 7
25 4 7
26 3 7
27 0 2
28 4 7
29 0 1
30 6 3
31 0 2
32 0 1
33 7 3
34 3 7
35 6 2
36 0 2
37 6 3
38 4 7
39 7 4
40 3 7
41 0 1
42 0 2
43 7 3
44 4 7
45 0 1
46 3 7
47 7 5
48 6 3
49 7 3
50 0 2
51 4 7
52 6 5
53 6 3
54 3 7
55 4 7
56 7 3
57 0 1
58 7 5
59 3 7
60 4 7
61 3 7
62 0 2
63 0 1
64 4 7
65 3 7
66 6 5
67 7 5
68 4 7
69 3 7
70 0 2
71 6 5
72 7 5
73 6 5
74 7 5
75 0 1
76 4 7
77 6 5
78 7 5
79 3 7
80 6 3
81 6 5
82 0 2
83 7 5
84 6 5
85 4 7
86 3 7
87 7 3
88 4 7
89 3 7
90 4 7
91 6 3
92 7 3
93 7 5
94 6 3
95 7 3
96 6 5
97 6 3
98 3 7
99 4 7
100 0 1
101 0 2
102 0 1
103 7 5
104 0 2
105 7 3
106 6 5
107 3 7
108 0 1
109 6 3
110 0 2
111 7 5
112 7 3
113 4 7
114 6 5
115 0 1
116 7 5
117 6 5
118 6 3
119 0 2
120 7 5
121 7 3
122 6 3
123 0 1
124 6 5
125 0 2
126 0 1
127 0 2
128 7 3
129 7 5
130 0 1
131 6 3
132 3 7
133 4 7
134 3 7
135 0 2
136 0 1
137 0 2
138 0 1
139 7 3
140 6 3
141 7 3
142 4 7
143 3 7
144 6 3
145 0 2
146 6 5
147 4 7
148 7 3
149 6 3
150 0 1
151 3 7
152 4 7
153 7 3
154 6 3
155 3 7
156 0 2
157 7 3
158 7 5
159 0 1
160 0 2
161 6 3
162 0 1
163 0 2
164 0 1
165 4 7
166 0 2
167 6 5
168 0 1
169 0 2
170 3 7
171 0 1
172 7 5
173 7 3
174 4 7
175 6 3
176 7 3
177 6 3
178 6 5
179 7 5
180 7 3
181 6 3
182 6 5
183 7 3
184 6 3
185 7 5
186 6 5
187 3 7
188 4 7
189 3 7
190 4 7
191 3 7
# colocadas=192 ocupadas=4 mayor=284
