0 0 0
1 0 7
2 7 0
3 6 0
4 0 1
5 7 0
6 6 0
7 7 7
8 0 6
9 6 7
10 7 7
11 6 7
12 7 7
13 0 0
14 6 7
15 0 1
16 7 0
17 0 0
18 0 1
19 6 0
20 7 7
21 6 7
22 0 7
23 0 6
24 7 0
25 0 0
26 0 7
27 6 0
28 7 0
29 6 0
30 0 1
31 0 6
32 7 0
33 7 7
34 6 0
35 7 0
36 6 0
37 0 7
38 0 0
39 0 1
40 0 0
41 0 1
42 0 6
43 7 0
44 6 7
45 0 0
46 0 1
47 7 7
48 0 7
49 0 0
50 6 0
51 0 6
52 0 7
53 0 6
54 6 7
55 0 1
56 0 0
57 0 7
58 7 7
59 6 7
60 7 7
61 0 1
62 6 7
63 0 6
64 7 7
65 0 0
66 0 1
67 0 7
68 0 6
69 7 0
70 6 7
71 6 0
72 7 0
73 0 7
74 0 6
75 0 0
76 7 7
77 6 7
78 0 1
79 0 0
80 6 0
81 0 1
82 7 0
83 7 7
84 0 7
85 6 7
86 0 0
87 7 7
88 6 7
89 0 6
90 0 1
91 0 7
92 7 7
93 6 7
94 6 0
95 7 7
96 0 0
97 6 7
98 7 0
99 6 0
100 7 0
101 6 0
102 0 6
103 0 7
104 0 1
105 0 6
106 0 7
107 0 0
108 7 7
109 0 6
110 7 0
111 0 1
112 6 7
113 0 0
114 0 1
115 0 0
116 0 7
117 0 6
118 0 7
119 7 7
120 0 1
121 0 0
122 6 7
123 7 7
124 6 7
125 0 1
126 0 6
127 6 0
128 0 0
129 0 7
130 0 6
131 7 7
132 0 7
133 6 7
134 7 7
135 6 7
136 7 7
137 0 1
138 7 0
139 6 7
140 0 0
141 0 1
142 6 0
143 0 6
144 0 7
145 0 6
146 0 0
147 7 7
148 6 7
149 0 7
150 7 0
151 6 0
152 7 7
153 7 0
154 0 6
155 6 0
156 0 7
157 0 1
158 0 0
159 0 6
160 0 7
161 7 0
162 0 6
163 6 0
164 6 7
165 0 1
166 0 7
167 0 6
168 7 7
169 0 0
170 0 1
171 6 7
172 7 7
173 6 7
174 0 7
175 7 0
176 0 0
177 0 6
178 0 1
179 0 0
180 0 7
181 7 7
182 0 6
183 0 1
184 6 7
185 0 0
186 0 7
187 0 1
188 0 0
189 7 7
190 6 0
191 0 6
# colocadas=192 ocupadas=4 mayor=269
