0 0 0
1 0 1
2 0 7
3 7 0
4 7 7
5 0 0
6 0 6
7 0 7
8 0 1
9 0 0
10 0 6
11 6 0
12 7 0
13 6 0
14 0 7
15 0 6
16 0 7
17 6 7
18 7 0
19 0 6
20 7 7
21 6 7
22 0 7
23 0 6
24 7 7
25 6 7
26 7 7
27 6 0
28 6 7
29 7 0
30 0 7
31 6 0
32 7 0
33 0 1
34 7 7
35 0 6
36 6 0
37 0 7
38 6 7
39 0 0
40 7 7
41 7 0
42 6 0
43 0 6
44 6 7
45 7 0
46 7 7
47 0 1
48 0 7
49 0 6
50 6 0
51 6 7
52 0 0
53 0 7
54 7 7
55 6 7
56 0 6
57 7 0
58 0 1
59 7 7
60 6 7
61 7 7
62 6 0
63 7 0
64 6 7
65 7 7
66 0 0
67 0 1
68 6 7
69 7 7
70 6 0
71 0 0
72 0 1
73 0 0
74 0 1
75 7 0
76 6 7
77 0 0
78 0 1
79 7 7
80 0 7
81 0 0
82 6 0
83 0 1
84 0 0
85 6 7
86 7 7
87 0 6
88 6 7
89 7 7
90 6 7
91 0 7
92 0 6
93 0 1
94 0 7
95 0 6
96 0 0
97 0 7
98 7 7
99 6 7
100 7 0
101 6 0
102 7 0
103 0 1
104 6 0
105 0 6
106 0 0
107 7 7
108 7 0
109 0 7
110 6 0
111 0 1
112 0 6
113 6 7
114 0 0
115 7 0
116 0 1
117 0 0
118 0 7
119 6 0
120 0 1
121 0 6
122 0 7
123 7 0
124 0 0
125 6 0
126 7 0
127 6 0
128 0 6
129 0 1
130 7 0
131 0 7
132 7 7
133 6 7
134 7 7
135 6 0
136 7 0
137 6 0
138 7 0
139 0 6
140 0 7
141 0 6
142 6 7
143 7 7
144 0 7
145 6 0
146 0 0
147 6 7
148 0 6
149 0 7
150 7 0
151 7 7
152 6 7
153 0 6
154 0 7
155 7 7
156 6 0
157 0 6
158 0 1
159 7 0
160 6 0
161 0 7
162 7 0
163 6 0
164 7 0
165 6 7
166 6 0
167 0 0
168 7 0
169 6 0
170 7 7
171 7 0
172 0 1
173 0 6
174 6 7
175 0 7
176 0 6
177 0 7
178 0 0
179 0 1
180 0 6
181 0 7
182 0 0
183 0 6
184 0 7
185 0 1
186 0 0
187 7 7
188 6 7
189 7 7
190 6 7
191 7 7
# colocadas=192 ocupadas=4 mayor=284
