0 0 0
1 0 1
2 0 2
3 0 3
4 0 2
5 0 4
6 0 3
7 0 4
8 0 5
9 0 6
10 0 7
11 0 6
12 0 7
13 0 6
14 1 0
15 1 1
16 1 2
17 1 3
18 1 4
19 1 3
20 0 3
21 0 4
22 0 3
23 1 2
24 1 5
25 1 6
26 0 6
27 0 5
28 1 5
29 0 5
30 1 5
31 1 4
32 1 6
33 1 7
34 0 7
35 2 0
36 2 1
37 2 0
38 2 2
39 2 3
40 2 2
41 2 3
42 2 2
43 1 2
44 1 3
45 2 4
46 2 3
47 2 4
48 2 5
49 2 6
50 2 7
51 3 0
52 2 0
53 3 0
54 2 0
55 1 0
56 0 0
57 1 0
58 1 1
59 3 1
60 3 2
61 3 1
62 3 3
63 3 2
64 2 2
65 3 4
66 3 5
67 3 4
68 3 6
69 3 7
70 2 7
71 1 7
72 0 7
73 1 6
74 0 6
75 1 6
76 1 5
77 1 7
78 2 6
79 1 6
80 2 6
81 2 7
82 4 0
83 4 1
84 4 2
85 3 2
86 2 2
87 2 3
88 1 3
89 2 3
90 2 4
91 3 3
92 2 3
93 1 3
94 2 3
95 3 4
96 4 3
97 4 4
98 3 4
99 4 5
100 4 6
101 4 5
102 4 6
103 3 6
104 4 6
105 4 7
106 5 0
107 5 1
108 5 2
109 5 3
110 5 4
111 5 5
112 5 6
113 5 7
114 6 0
115 6 1
116 5 1
117 5 0
118 5 1
119 5 0
120 6 0
121 6 1
122 6 0
123 5 0
124 6 0
125 5 0
126 6 2
127 6 3
128 6 4
129 6 5
130 6 6
131 6 5
132 6 7
133 6 6
134 5 6
135 6 5
136 6 6
137 5 6
138 4 6
139 4 5
140 4 4
141 4 3
142 4 4
143 3 4
144 3 3
145 3 4
146 3 3
147 4 3
148 5 4
149 5 5
150 5 7
151 6 5
152 7 0
153 6 0
154 7 1
155 7 2
156 7 3
157 7 4
158 6 4
159 7 4
160 7 3
161 7 4
162 7 5
163 7 6
164 7 7
# colocadas=165 ocupadas=64 mayor=53
