0 6 3
1 0 1
2 3 7
3 1 7
4 4 7
5 6 5
6 1 4
7 7 4
8 0 4
9 5 5
10 1 6
11 6 2
12 4 0
13 2 0
14 2 5
15 3 1
16 1 2
17 2 3
18 3 7
19 5 7
20 4 3
21 0 0
22 7 7
23 0 1
24 7 3
25 3 5
26 1 7
27 0 6
28 4 4
29 1 4
30 0 3
31 7 5
32 3 3
33 4 7
34 2 4
35 5 7
36 1 6
37 2 2
38 6 0
39 1 7
40 7 0
41 6 0
42 1 1
43 1 2
44 0 5
45 0 0
46 4 3
47 1 4
48 5 0
49 0 1
50 7 1
51 7 6
52 0 0
53 0 6
54 4 7
55 0 1
56 6 5
57 2 6
58 4 4
59 4 2
60 5 4
61 7 7
62 2 3
63 0 7
64 1 1
65 3 3
66 1 2
67 7 5
68 0 5
69 6 1
70 3 7
71 1 0
72 4 3
73 2 5
74 4 7
75 3 0
76 7 1
77 3 5
78 1 6
79 1 7
80 2 2
81 4 1
82 3 1
83 2 6
84 1 2
85 7 6
86 0 2
87 2 2
88 5 2
89 6 2
90 4 1
91 0 7
92 7 7
93 6 5
94 4 4
95 7 0
96 2 0
97 0 3
98 2 3
99 7 6
100 4 0
101 7 5
102 3 3
103 1 7
104 3 7
105 0 2
106 0 6
107 5 0
108 4 3
109 0 7
110 2 3
111 1 2
112 1 1
113 0 0
114 6 1
115 4 7
116 0 5
117 6 7
118 0 1
119 2 5
120 2 2
121 6 5
122 7 1
123 7 7
124 0 2
125 5 7
126 7 4
127 1 1
128 6 0
129 3 0
130 3 1
131 2 3
132 3 5
133 5 1
134 0 4
135 3 7
136 6 6
137 3 4
138 4 5
139 2 5
140 7 3
141 1 3
142 3 2
143 2 4
144 5 0
145 1 7
146 1 2
147 6 3
148 3 6
149 5 2
150 0 2
151 6 5
152 1 2
153 0 2
154 0 1
155 5 5
156 4 7
157 5 1
158 5 6
159 2 2
160 6 1
161 5 5
162 2 1
163 1 5
164 7 4
165 0 3
166 1 0
167 4 0
168 6 0
169 1 1
170 3 3
171 4 5
172 2 6
173 0 1
174 0 7
175 3 7
176 0 2
177 4 3
178 7 3
179 1 4
180 4 7
181 1 2
182 0 2
183 5 0
184 1 6
185 2 5
186 3 3
187 4 0
188 4 4
189 3 0
190 1 1
191 7 6
# colocadas=192 ocupadas=24 mayor=68
