0 2 5
1 3 5
2 4 2
3 6 0
4 2 5
5 0 0
6 7 0
7 0 1
8 6 0
9 3 5
10 0 0
11 0 1
12 5 2
13 4 2
14 5 2
15 4 2
16 5 2
17 7 0
18 4 2
19 0 0
20 6 0
21 7 0
22 5 2
23 0 1
24 4 2
25 6 0
26 7 0
27 0 0
28 0 1
29 5 2
30 4 2
31 0 0
32 6 0
33 0 1
34 5 2
35 7 0
36 6 0
37 4 2
38 2 5
39 7 0
40 3 5
41 5 2
42 4 2
43 2 5
44 3 5
45 6 0
46 5 2
47 2 5
48 3 5
49 2 5
50 3 5
51 7 0
52 4 2
53 2 5
54 3 5
55 5 2
56 2 5
57 3 5
58 6 0
59 2 5
60 0 0
61 3 5
62 0 1
63 0 0
64 2 5
65 3 5
66 0 1
67 0 0
68 7 0
69 6 0
70 7 0
71 2 5
72 4 2
73 6 0
74 5 2
75 4 2
76 0 1
77 3 5
78 5 2
79 2 5
80 3 5
81 7 0
82 0 0
83 2 5
84 3 5
85 0 1
86 2 5
87 3 5
88 2 5
89 3 5
90 4 2
91 5 2
92 0 0
93 6 0
94 0 1
95 4 2
96 0 0
97 2 5
98 0 1
99 5 2
100 0 0
101 3 5
102 2 5
103 7 0
104 6 0
105 0 1
106 3 5
107 4 2
108 0 0
109 0 1
110 0 0
111 2 5
112 7 0
113 6 0
114 3 5
115 0 1
116 2 5
117 0 0
118 5 2
119 0 1
120 7 0
121 3 5
122 6 0
123 4 2
124 2 5
125 3 5
126 7 0
127 0 0
128 6 0
129 0 1
130 0 0
131 0 1
132 0 0
133 5 2
134 7 0
135 0 1
136 2 5
137 6 0
138 4 2
139 3 5
140 2 5
141 7 0
142 5 2
143 0 0
144 6 0
145 4 2
146 0 1
147 7 0
148 5 2
149 6 0
150 4 2
151 5 2
152 7 0
153 0 0
154 3 5
155 4 2
156 2 5
157 6 0
158 7 0
159 0 1
160 6 0
161 5 2
162 4 2
163 0 0
164 7 0
165 0 1
166 3 5
167 0 0
168 0 1
169 2 5
170 5 2
171 4 2
172 5 2
173 0 0
174 6 0
175 4 2
176 5 2
177 7 0
178 0 1
179 3 5
180 6 0
181 7 0
182 0 0
183 2 5
184 4 2
185 6 0
186 3 5
187 0 1
188 0 0
189 5 2
190 7 0
191 0 1
# colocadas=192 ocupadas=4 mayor=267
