0 0 0
1 0 1
2 0 7
3 0 6
4 1 0
5 1 6
6 0 7
7 0 6
8 1 7
9 0 2
10 0 1
11 0 3
12 0 4
13 1 1
14 0 5
15 1 2
16 7 0
17 2 0
18 2 7
19 2 1
20 5 7
21 1 3
22 2 6
23 0 4
24 2 2
25 0 5
26 2 7
27 3 7
28 6 0
29 1 2
30 7 7
31 7 6
32 2 1
33 7 5
34 1 5
35 3 6
36 7 0
37 4 7
38 1 6
39 6 0
40 1 3
41 3 7
42 3 1
43 4 6
44 3 5
45 2 5
46 7 6
47 2 1
48 1 5
49 7 7
50 1 1
51 3 2
52 1 7
53 4 7
54 3 6
55 1 4
56 0 5
57 0 7
58 1 0
59 2 2
60 7 1
61 2 4
62 0 0
63 0 1
64 7 2
65 5 7
66 4 7
67 2 3
68 0 6
69 2 6
70 6 7
71 2 2
72 7 0
73 1 2
74 1 3
75 7 1
76 2 7
77 0 2
78 1 2
79 0 5
80 5 7
81 7 0
82 2 5
83 4 1
84 1 4
85 2 0
86 1 7
87 2 3
88 2 7
89 7 7
90 0 2
91 1 1
92 2 6
93 3 6
94 0 1
95 0 3
96 0 4
97 1 1
98 3 5
99 2 7
100 2 4
101 3 2
102 1 0
103 3 7
104 4 0
105 0 6
106 1 4
107 0 3
108 2 1
109 1 3
110 6 0
111 7 6
112 3 4
113 7 1
114 2 0
115 3 1
116 7 4
117 6 4
118 3 5
119 0 3
120 1 1
121 2 7
122 7 4
123 7 3
124 2 2
125 1 3
126 6 6
127 3 2
128 0 1
129 7 6
130 3 6
131 0 2
132 0 1
133 2 1
134 2 3
135 0 7
136 4 7
137 4 2
138 7 7
139 2 4
140 7 0
141 4 6
142 4 1
143 2 2
144 0 6
145 3 2
146 1 1
147 1 7
148 6 7
149 3 0
150 2 7
151 0 2
152 6 0
153 2 0
154 0 1
155 0 5
156 7 0
157 5 7
158 3 3
159 7 7
160 1 7
161 3 2
162 1 2
163 0 3
164 6 0
165 2 7
166 1 1
167 7 4
168 5 6
169 3 6
170 3 3
171 5 5
172 7 0
173 3 1
174 3 0
175 0 6
176 0 2
177 2 1
178 1 1
179 0 4
180 1 4
181 4 6
182 0 1
183 5 0
184 0 2
185 1 7
186 2 2
187 1 6
188 2 3
189 3 3
190 3 1
191 6 7
# colocadas=192 ocupadas=25 mayor=70
