0 0 0
1 0 1
2 0 2
3 0 3
4 0 4
5 0 5
6 0 6
7 0 7
8 1 0
9 1 1
10 1 2
11 1 3
12 1 4
13 1 5
14 1 6
15 1 7
16 2 0
17 2 1
18 2 0
19 2 2
20 2 3
21 2 4
22 2 5
23 2 6
24 2 7
25 3 0
26 3 1
27 3 0
28 3 2
29 3 3
30 3 4
31 3 5
32 3 6
33 3 7
34 4 0
35 4 1
36 4 2
37 4 3
38 4 4
39 4 5
40 4 6
41 4 7
42 4 6
43 5 0
44 5 1
45 5 2
46 5 3
47 5 4
48 5 5
49 5 4
50 5 6
51 5 7
52 4 7
53 6 0
54 6 1
55 6 2
56 6 3
57 6 4
58 6 3
59 5 3
60 6 5
61 6 6
62 6 7
63 7 0
64 7 1
65 7 2
66 7 1
67 7 2
68 7 3
69 6 3
70 7 4
71 7 5
72 7 6
73 7 7
# colocadas=74 ocupadas=64 mayor=25
