0 3 3
1 2 1
2 0 2
3 0 1
4 0 2
5 1 1
6 3 5
7 5 4
8 2 0
9 2 2
10 5 5
11 5 4
12 4 0
13 5 2
14 3 0
15 4 2
16 4 5
17 3 5
18 0 1
19 3 4
20 5 3
21 5 2
22 1 1
23 4 0
24 2 4
25 4 3
26 3 3
27 2 1
28 3 5
29 4 2
30 3 2
31 4 5
32 1 4
33 5 5
34 0 1
35 2 0
36 4 5
37 5 4
38 2 1
39 3 4
40 5 2
41 3 3
42 1 3
43 5 3
44 2 0
45 1 1
46 2 2
47 5 1
48 4 2
49 0 1
50 0 2
51 1 4
52 3 5
53 5 2
54 2 1
55 5 0
56 5 4
57 4 5
58 4 3
59 1 3
60 3 5
61 3 1
62 5 5
63 0 1
64 3 4
65 4 2
66 5 2
67 1 4
68 5 4
69 2 1
70 0 2
71 1 3
72 3 2
73 2 3
74 5 1
75 2 2
76 3 1
77 3 3
78 3 2
79 5 5
80 5 3
81 2 1
82 3 3
83 1 4
84 5 2
85 5 1
86 4 1
87 4 2
88 1 1
89 2 2
90 5 4
91 0 1
92 2 1
93 3 0
94 0 2
95 4 1
96 4 0
97 4 3
98 2 0
99 5 2
100 4 1
101 1 3
102 4 2
103 5 3
104 1 4
105 3 3
106 5 2
107 3 0
# colocadas=108 ocupadas=12 mayor=77
