0 0 0
1 0 1
2 0 2
3 0 3
4 0 4
5 0 5
6 0 4
7 0 6
8 0 7
9 1 0
10 1 1
11 1 2
12 1 3
13 1 4
14 0 4
15 1 5
16 1 6
17 1 7
18 2 0
19 2 1
20 2 2
21 2 3
22 2 2
23 2 1
24 2 4
25 2 5
26 2 4
27 2 6
28 2 7
29 3 0
30 3 1
31 3 2
32 3 3
33 3 4
34 3 5
35 3 6
36 2 6
37 3 7
38 4 0
39 4 1
40 4 2
41 4 3
42 4 4
43 4 3
44 4 2
45 4 1
46 4 5
47 4 6
48 4 7
49 5 0
50 5 1
51 5 2
52 5 3
53 4 3
54 5 4
55 5 5
56 5 6
57 5 7
58 6 0
59 6 1
60 6 0
61 6 2
62 6 3
63 6 4
64 6 5
65 6 6
66 6 7
67 5 7
68 4 7
69 3 7
70 7 0
71 7 1
72 7 2
73 7 3
74 7 4
75 7 5
76 7 6
77 7 7
78 7 6
79 7 5
80 6 5
# colocadas=81 ocupadas=64 mayor=17
