0 2 5
1 4 2
2 6 0
3 0 0
4 2 1
5 1 1
6 2 1
7 7 6
8 1 6
9 0 6
10 0 1
11 3 5
12 0 7
13 2 2
14 2 5
15 2 4
16 2 5
17 4 5
18 0 6
19 7 0
20 1 4
21 0 4
22 6 0
23 2 1
24 1 6
25 2 6
26 7 0
27 7 7
28 6 0
29 3 5
30 0 0
31 1 4
32 2 5
33 0 6
34 1 2
35 7 6
36 1 6
37 2 4
38 1 1
39 0 6
40 0 1
41 0 4
42 1 4
43 0 0
44 1 6
45 2 5
46 2 4
47 2 5
48 3 5
49 0 1
50 6 1
51 0 4
52 0 0
53 2 6
54 2 2
55 2 5
56 1 4
57 3 6
58 5 2
59 4 2
60 3 5
61 2 4
62 6 0
63 7 7
64 1 4
65 2 1
66 3 7
67 2 5
68 2 3
69 0 1
70 0 6
71 0 0
72 0 4
73 0 1
74 1 2
75 1 6
76 5 2
77 4 2
78 0 6
79 1 4
80 1 6
81 2 4
82 2 3
83 0 0
84 6 2
85 7 6
86 7 0
87 0 1
88 6 0
89 7 0
90 0 6
91 0 4
92 4 7
93 7 7
94 5 2
95 4 2
96 1 1
97 0 0
98 0 1
99 3 5
100 2 5
101 2 2
102 5 2
103 7 6
104 3 7
105 4 2
106 6 0
107 5 2
108 3 5
109 7 2
110 1 6
111 1 4
112 4 7
113 7 7
114 2 1
115 2 5
116 2 2
117 2 1
118 4 2
119 2 4
120 0 4
121 1 1
122 0 0
123 0 1
124 6 2
125 5 2
126 0 0
127 7 2
128 0 6
129 2 1
130 1 6
131 1 2
132 3 5
133 2 5
134 0 1
135 3 7
136 4 7
137 1 1
138 2 2
139 7 0
140 2 1
141 0 0
142 4 2
143 1 2
144 6 2
145 3 7
146 3 5
147 2 5
148 0 1
149 0 6
150 1 4
151 1 6
152 0 6
153 1 6
154 1 1
155 6 0
156 2 2
157 0 3
158 7 6
159 2 1
160 5 2
161 7 0
162 6 0
163 4 2
164 7 2
165 7 0
166 1 2
167 7 7
168 0 6
169 0 4
170 5 2
171 0 3
172 4 2
173 0 4
174 7 6
175 0 0
176 6 0
177 7 7
178 1 1
179 2 2
180 1 6
181 7 6
182 2 1
183 7 7
184 1 2
185 3 5
186 0 1
187 0 0
188 7 6
189 2 4
190 2 5
191 7 7
# colocadas=192 ocupadas=12 mayor=117
