0 6 3
1 0 1
2 3 7
3 1 7
4 4 7
5 3 7
6 6 5
7 0 2
8 7 5
9 3 6
10 1 6
11 7 3
12 6 3
13 3 7
14 1 7
15 6 5
16 1 4
17 7 4
18 5 7
19 4 7
20 4 0
21 1 1
22 0 1
23 1 0
24 1 2
25 0 7
26 1 7
27 0 2
28 3 0
29 7 6
30 1 1
31 4 0
32 7 5
33 4 6
34 7 7
35 4 7
36 1 6
37 0 4
38 1 4
39 1 7
40 2 4
41 1 4
42 0 0
43 0 5
44 0 3
45 5 6
46 2 0
47 7 6
48 6 2
49 5 5
50 6 3
51 0 2
52 4 5
53 0 4
54 5 6
55 1 0
56 5 0
57 4 0
58 3 0
59 2 5
60 2 0
61 0 1
62 7 4
63 1 6
64 1 5
65 7 5
66 0 5
67 6 0
68 0 3
69 6 4
70 5 7
71 4 4
72 2 4
73 1 7
74 5 6
75 2 7
76 6 3
77 0 7
78 3 0
79 1 7
80 0 6
81 5 5
82 6 5
83 4 0
84 0 5
85 0 2
86 2 1
87 0 4
88 7 2
89 7 3
90 5 5
91 1 6
92 0 1
93 6 1
94 2 5
95 2 4
96 3 7
97 3 1
98 6 5
99 1 1
100 5 2
101 6 0
102 7 5
103 1 7
104 5 7
105 2 1
106 0 2
107 5 1
108 1 5
109 1 6
110 1 4
111 3 1
112 4 3
113 0 0
114 6 2
115 5 6
116 0 1
117 5 7
118 3 3
119 1 7
120 0 4
121 6 1
122 1 4
123 1 0
124 2 3
125 6 7
126 2 2
127 3 0
128 6 3
129 4 7
130 4 5
131 0 3
132 0 7
133 5 2
134 0 2
135 5 7
136 6 0
137 6 5
138 3 7
139 5 0
140 1 2
141 7 7
142 4 4
143 7 5
144 6 2
145 1 7
146 2 4
147 6 3
148 5 6
149 5 1
150 2 5
151 6 1
152 2 4
153 2 5
154 2 4
155 3 6
156 5 7
157 4 1
158 3 7
159 4 3
160 0 4
161 2 1
162 4 0
163 6 0
164 1 1
165 1 2
166 0 1
167 5 2
168 1 4
169 2 5
170 0 5
171 2 0
172 5 5
173 2 4
174 1 6
175 5 6
176 2 2
177 1 5
178 7 3
179 7 6
180 6 6
181 1 2
182 0 2
183 5 1
184 7 0
185 6 5
186 2 5
187 5 7
188 2 1
189 4 7
190 3 0
191 2 0
# colocadas=192 ocupadas=24 mayor=68
