0 0 0
1 0 49
2 49 0
3 49 49
4 0 2
5 0 4
6 0 6
7 0 8
8 0 10
9 0 12
10 0 14
11 0 16
12 0 18
13 0 20
14 0 22
15 0 24
16 0 26
17 1 16
18 0 28
19 0 30
20 0 32
21 0 33
22 0 35
23 0 37
24 0 39
25 0 41
26 0 43
27 0 45
28 0 47
29 2 0
30 2 49
31 4 0
32 4 49
33 6 0
34 0 17
35 6 49
36 1 8
37 8 0
38 1 28
39 8 49
40 10 0
41 10 49
42 12 0
43 1 24
44 4 48
45 11 49
46 8 1
47 1 43
48 13 49
49 14 0
50 0 1
51 0 15
52 15 49
53 16 0
54 0 29
55 3 49
56 0 0
57 1 47
58 0 1
59 0 43
60 2 49
61 0 48
62 0 31
63 17 49
64 0 9
65 18 0
66 19 49
67 20 0
68 21 49
69 1 49
70 3 49
71 22 0
72 23 49
73 8 0
74 10 49
75 24 0
76 25 49
77 26 0
78 27 49
79 28 0
80 29 49
81 30 0
82 20 1
83 8 1
84 1 27
85 12 49
86 25 48
87 1 0
88 31 49
89 0 28
90 48 49
91 19 0
92 48 0
93 32 0
94 1 33
95 0 49
96 1 46
97 33 49
98 0 47
99 26 1
100 49 49
101 3 0
102 17 0
103 34 0
104 21 48
105 0 44
106 0 33
107 0 25
108 35 49
109 1 35
110 29 48
111 2 16
112 36 0
113 32 1
114 37 49
115 38 0
116 39 49
117 40 0
118 41 49
119 0 36
120 1 4
121 35 48
122 1 43
123 20 2
124 8 48
125 42 0
126 9 49
127 14 49
128 35 49
129 10 49
130 43 49
131 31 0
132 44 0
133 0 18
134 0 42
135 45 49
136 1 16
137 9 49
138 46 0
139 15 0
140 47 49
141 49 1
142 0 29
143 49 2
144 49 48
145 49 4
146 7 48
147 49 6
148 38 1
149 1 17
150 43 48
151 1 7
152 42 1
153 32 2
154 0 8
155 0 10
156 1 10
157 8 0
158 49 1
159 0 45
160 49 8
161 25 0
162 30 49
163 0 4
164 32 49
165 49 10
166 49 12
167 1 31
168 15 49
169 20 0
170 21 49
171 13 0
172 0 11
173 0 23
174 0 13
175 49 14
176 34 49
177 19 2
178 2 46
179 49 49
180 0 44
181 12 0
182 49 16
183 0 38
184 0 17
185 2 7
186 48 8
187 19 48
188 49 2
189 0 40
190 4 0
191 49 48
192 13 0
193 2 43
194 49 18
195 1 38
196 36 49
197 48 16
198 49 20
199 49 22
200 0 22
201 2 0
202 34 48
203 49 16
204 38 49
205 38 0
206 20 49
207 11 0
208 4 1
209 9 0
210 49 24
211 1 9
212 0 32
213 0 18
214 0 38
215 23 0
216 8 0
217 36 1
218 18 0
219 0 34
220 31 2
221 4 47
222 1 16
223 7 47
224 49 9
225 49 49
226 1 40
227 49 26
228 0 17
229 33 0
230 22 49
231 0 18
232 1 43
233 35 49
234 5 49
235 7 49
236 49 27
237 1 10
238 1 46
239 33 49
240 48 22
241 48 18
242 1 0
243 18 2
244 0 31
245 49 1
246 34 0
247 3 0
248 10 49
249 24 49
250 1 23
251 17 2
252 0 0
253 1 13
254 2 43
255 49 22
256 32 49
257 30 2
258 49 0
259 0 12
260 0 17
261 1 45
262 49 19
263 0 14
264 0 43
265 0 24
266 16 0
267 2 35
268 0 28
269 23 49
270 24 0
271 49 17
272 4 2
273 1 4
274 0 26
275 18 1
276 36 49
277 0 9
278 49 2
279 49 10
280 5 0
281 1 11
282 1 35
283 0 19
284 1 15
285 22 0
286 6 0
287 39 49
288 49 25
289 2 27
290 49 8
291 49 15
292 26 49
293 2 42
294 28 49
295 34 49
296 8 49
297 49 48
298 0 37
299 49 49
300 13 49
301 1 49
302 38 49
303 12 49
304 48 6
305 49 13
306 1 30
307 0 11
308 19 0
309 16 2
310 13 49
311 24 49
312 48 2
313 9 0
314 48 15
315 0 41
316 36 48
317 49 16
318 48 0
319 19 49
320 30 0
321 29 47
322 0 40
323 49 3
324 49 11
325 47 2
326 29 2
327 49 48
328 36 0
329 46 1
330 1 16
331 41 0
332 12 49
333 1 39
334 0 25
335 1 10
336 1 24
337 0 29
338 47 15
339 2 39
340 46 15
341 15 2
342 14 49
343 0 24
344 0 8
345 44 49
346 45 15
347 0 49
348 0 16
349 1 39
350 4 0
351 12 48
352 0 45
353 3 47
354 0 32
355 33 0
356 49 10
357 28 48
358 12 49
359 49 12
360 20 0
361 49 21
362 35 49
363 34 49
364 0 13
365 0 21
366 3 2
367 0 36
368 29 49
369 49 1
370 1 15
371 18 0
372 39 0
373 47 3
374 49 6
375 3 0
376 0 27
377 30 49
378 44 15
379 18 48
380 49 13
381 2 49
382 29 46
383 49 18
384 2 35
385 15 49
386 4 0
387 7 49
388 2 26
389 14 2
390 43 0
391 35 0
392 28 2
393 49 0
394 49 19
395 40 49
396 1 36
397 25 47
398 37 49
399 0 41
400 0 26
401 0 5
402 37 0
403 31 0
404 22 1
405 27 49
406 6 47
407 1 3
408 0 10
409 18 1
410 46 49
411 9 49
412 47 0
413 0 1
414 45 1
415 14 49
416 7 48
417 42 49
418 49 24
419 28 47
420 48 49
421 35 48
422 1 7
423 0 11
424 0 36
425 1 45
426 21 49
427 39 1
428 0 44
429 1 6
430 49 18
431 2 2
432 49 26
433 0 23
434 4 49
435 23 49
436 26 0
437 0 40
438 1 21
439 0 22
440 0 24
441 24 47
442 0 28
443 0 4
444 27 2
445 46 3
446 0 18
447 39 0
448 45 0
449 35 47
450 29 0
451 1 34
452 2 39
453 14 0
454 49 15
455 0 31
456 35 49
457 0 32
458 13 2
459 0 3
460 13 0
461 18 47
462 1 2
463 2 15
464 16 49
465 2 0
466 7 49
467 0 21
468 1 39
469 49 5
470 0 37
471 49 6
472 43 15
473 0 34
474 0 5
475 2 48
476 0 31
477 26 49
478 0 23
479 0 38
480 14 48
481 1 1
482 29 45
483 1 42
484 1 9
485 0 32
486 1 15
487 11 49
488 49 17
489 22 0
490 1 46
491 49 1
492 37 1
493 3 46
494 40 0
495 0 20
496 0 43
497 39 49
498 1 34
499 41 1
500 15 49
501 3 49
502 48 15
503 1 41
504 48 8
505 1 49
506 24 1
507 28 45
508 37 0
509 0 48
510 2 2
511 2 39
512 12 2
513 49 15
514 19 0
515 41 0
516 26 2
517 1 39
518 11 2
519 0 4
520 0 42
521 49 8
522 21 0
523 40 49
524 14 0
525 33 1
526 4 49
527 0 10
528 0 15
529 40 0
530 0 12
531 7 0
532 45 3
533 41 0
534 1 16
535 2 9
536 13 48
537 0 49
538 0 46
539 2 41
540 25 0
541 49 0
542 0 22
543 0 43
544 21 48
545 0 35
546 2 46
547 0 25
548 1 14
549 48 8
550 26 0
551 25 2
552 17 47
553 32 0
554 0 23
555 47 1
556 22 49
557 43 1
558 49 27
559 43 0
560 49 20
561 41 49
562 34 0
563 35 0
564 48 15
565 6 49
566 34 49
567 49 23
568 1 26
569 36 49
570 49 9
571 0 47
572 47 8
573 49 15
574 1 10
575 0 1
576 22 0
577 42 49
578 0 27
579 49 22
580 48 15
581 1 0
582 2 8
583 46 0
584 47 2
585 41 49
586 3 49
587 0 14
588 1 47
589 39 1
590 0 19
591 0 7
592 0 20
593 2 0
594 5 49
595 0 19
596 0 11
597 0 31
598 43 49
599 12 0
600 16 47
601 1 0
602 1 33
603 37 49
604 10 0
605 36 49
606 6 49
607 44 49
608 25 3
609 15 47
610 0 12
611 5 47
612 49 23
613 1 13
614 2 49
615 25 49
616 49 2
617 0 15
618 49 12
619 49 5
620 0 11
621 1 8
622 32 48
623 14 1
624 20 48
625 24 0
626 5 49
627 0 34
628 1 35
629 0 14
630 14 49
631 24 3
632 33 2
633 27 0
634 49 16
635 29 49
636 15 0
637 45 0
638 2 26
639 0 12
640 0 6
641 2 45
642 21 0
643 40 0
644 8 49
645 0 37
646 17 1
647 10 49
648 1 5
649 42 15
650 0 28
651 0 33
652 0 8
653 42 49
654 3 0
655 14 47
656 45 49
657 49 11
658 0 45
659 41 49
660 18 0
661 21 49
662 49 18
663 0 35
664 6 49
665 2 0
666 48 18
667 49 26
668 20 0
669 0 21
670 48 0
671 17 0
672 49 12
673 13 0
674 49 17
675 4 47
676 28 49
677 30 0
678 46 48
679 27 47
680 34 47
681 18 0
682 1 19
683 1 32
684 2 32
685 23 3
686 49 19
687 1 38
688 27 45
689 39 49
690 0 26
691 6 0
692 1 20
693 39 0
694 15 49
695 46 2
696 37 49
697 44 3
698 26 45
699 0 36
700 0 15
701 1 14
702 44 49
703 2 48
704 1 4
705 16 0
706 49 20
707 49 8
708 0 11
709 4 49
710 10 2
711 8 48
712 49 25
713 18 49
714 43 3
715 1 0
716 41 0
717 0 20
718 46 49
719 41 15
720 3 49
721 49 47
722 0 2
723 2 5
724 2 44
725 24 49
726 49 16
727 0 42
728 0 5
729 14 46
730 38 1
731 19 0
732 15 0
733 17 49
734 32 49
735 22 3
736 17 0
737 29 0
738 1 32
739 46 0
740 14 49
741 0 22
742 42 3
743 0 37
744 22 49
745 36 49
746 45 0
747 46 48
748 1 44
749 23 0
750 1 1
751 0 43
752 49 4
753 0 30
754 49 49
755 16 0
756 2 25
757 37 49
758 0 14
759 1 35
760 1 39
761 0 6
762 0 25
763 23 47
764 49 46
765 2 6
766 49 22
767 2 0
768 0 35
769 36 0
770 0 27
771 37 0
772 31 49
773 0 38
774 0 32
775 33 47
776 39 48
777 1 41
778 12 48
779 25 49
780 34 0
781 25 45
782 30 49
783 39 49
784 12 0
785 0 16
786 1 16
787 49 45
788 39 48
789 21 0
790 24 45
791 35 0
792 43 1
793 1 19
794 0 42
795 40 15
796 46 49
797 23 45
798 0 3
799 2 39
800 34 0
801 12 49
802 26 0
803 45 2
804 0 2
805 49 5
806 20 49
807 36 0
808 49 4
809 49 17
810 4 49
811 22 45
812 9 0
813 7 49
814 16 49
815 43 49
816 23 49
817 1 0
818 42 0
819 42 48
820 49 0
821 0 37
822 28 0
823 1 43
824 2 1
825 19 49
826 46 8
827 49 5
828 32 47
829 49 4
830 25 0
831 1 29
832 0 47
833 0 9
834 32 2
835 15 0
836 0 5
837 1 1
838 1 3
839 21 45
840 9 49
841 1 4
842 1 49
843 26 49
844 44 49
845 43 49
846 6 49
847 48 49
848 1 44
849 7 49
850 31 49
851 0 16
852 17 49
853 0 33
854 4 0
855 1 16
856 49 7
857 26 47
858 0 48
859 9 2
860 0 12
861 11 0
862 12 0
863 25 47
864 49 6
865 44 49
866 1 0
867 0 15
868 48 4
869 22 49
870 1 31
871 2 19
872 0 38
873 44 2
874 0 47
875 2 3
876 1 13
877 45 8
878 2 24
879 44 0
880 25 46
881 1 11
882 8 0
883 2 0
884 0 44
885 21 3
886 40 0
887 1 6
888 23 1
889 23 0
890 48 0
891 49 15
892 49 1
893 20 49
894 0 24
895 1 19
896 37 0
897 49 2
898 3 3
899 29 49
900 16 49
901 0 3
902 1 32
903 13 1
904 49 49
905 2 47
906 31 47
907 0 43
908 21 1
909 13 2
910 22 0
911 20 45
912 19 49
913 43 49
914 11 0
915 0 1
916 38 2
917 0 21
918 31 0
919 2 46
920 42 1
921 24 0
922 37 2
923 33 49
924 0 14
925 49 0
926 1 22
927 40 49
928 0 45
929 49 3
930 0 36
931 47 18
932 3 47
933 4 1
934 2 23
935 1 28
936 49 11
937 12 2
938 1 39
939 44 8
940 14 0
941 0 0
942 10 0
943 41 3
944 11 2
945 43 8
946 1 29
947 0 42
948 8 2
949 19 45
950 49 44
951 49 24
952 0 15
953 46 18
954 44 49
955 0 23
956 41 1
957 0 34
958 3 49
959 0 33
960 49 43
961 38 48
962 1 1
963 36 2
964 27 0
965 5 0
966 10 49
967 1 14
968 1 31
969 0 35
970 49 42
971 7 0
972 21 0
973 22 47
974 4 49
975 7 2
976 0 14
977 17 49
978 40 3
979 6 2
980 18 45
981 39 3
982 9 0
983 0 24
984 49 14
985 23 0
986 0 8
987 20 0
988 30 47
989 3 1
990 0 23
991 1 2
992 48 22
993 1 32
994 0 44
995 43 0
996 48 0
997 42 49
998 38 3
999 33 0
1000 1 43
1001 1 1
1002 37 3
1003 44 48
1004 0 36
1005 44 49
1006 38 47
1007 0 35
1008 2 3
1009 16 0
1010 16 49
1011 37 47
1012 17 45
1013 41 2
1014 0 17
1015 0 26
1016 24 46
1017 1 46
1018 40 2
1019 31 48
1020 30 0
1021 36 0
1022 49 16
1023 49 13
1024 10 2
1025 22 0
1026 39 0
1027 0 19
1028 49 15
1029 6 49
1030 0 16
1031 21 47
1032 49 41
1033 49 19
1034 47 49
1035 2 39
1036 32 49
1037 43 2
1038 18 49
1039 45 0
1040 0 37
1041 16 45
1042 49 40
1043 29 0
1044 2 43
1045 13 0
1046 49 2
1047 0 20
1048 0 38
1049 20 3
1050 9 49
1051 31 2
1052 1 10
1053 38 0
1054 48 13
1055 21 49
1056 5 2
1057 19 49
1058 0 25
1059 2 41
1060 11 49
1061 1 42
1062 35 0
1063 3 49
1064 0 2
1065 8 49
1066 35 2
1067 1 31
1068 42 48
1069 0 3
1070 49 14
1071 49 22
1072 36 0
1073 43 49
1074 23 46
1075 1 28
1076 49 4
1077 42 2
1078 0 36
1079 0 32
1080 30 2
1081 10 49
1082 0 2
1083 36 47
1084 13 46
1085 0 35
1086 32 0
1087 19 3
1088 7 49
1089 0 48
1090 1 39
1091 0 11
1092 33 49
1093 22 46
1094 12 0
1095 4 49
1096 0 7
1097 31 49
1098 1 21
1099 2 40
1100 34 2
1101 35 0
1102 4 0
1103 0 34
1104 15 0
1105 2 2
1106 0 41
1107 1 17
1108 39 15
1109 45 18
1110 2 49
1111 46 0
1112 0 37
1113 9 2
1114 18 49
1115 9 49
1116 49 0
1117 1 3
1118 48 0
1119 0 26
1120 44 18
1121 0 3
1122 29 2
1123 28 49
1124 42 8
1125 0 46
1126 49 25
1127 0 36
1128 26 0
1129 0 13
1130 29 49
1131 28 49
1132 1 49
1133 36 3
1134 2 31
1135 41 8
1136 0 40
1137 18 3
1138 1 32
1139 0 21
1140 11 0
1141 49 15
1142 15 45
1143 1 38
1144 30 49
1145 38 15
1146 49 7
1147 0 15
1148 8 0
1149 0 17
1150 39 2
1151 0 33
1152 39 49
1153 14 45
1154 0 34
1155 33 2
1156 2 14
1157 13 49
1158 7 48
1159 2 44
1160 28 2
1161 1 46
1162 0 43
1163 2 49
1164 20 1
1165 12 46
1166 34 0
1167 0 38
1168 1 44
1169 40 49
1170 4 2
1171 0 33
1172 0 49
1173 1 17
1174 40 8
1175 14 0
1176 49 1
1177 15 49
1178 23 0
1179 13 45
1180 1 13
1181 0 1
1182 29 47
1183 27 2
1184 0 8
1185 49 18
1186 0 7
1187 9 0
1188 18 0
1189 0 2
1190 8 47
1191 32 49
1192 37 0
1193 49 17
1194 8 46
1195 5 49
1196 5 0
1197 1 0
1198 25 0
1199 2 47
1200 0 28
1201 4 48
1202 44 49
1203 0 41
1204 0 44
1205 16 49
1206 26 0
1207 49 24
1208 41 2
1209 0 35
1210 49 13
1211 35 0
1212 0 32
1213 7 49
1214 19 49
1215 4 49
1216 30 48
1217 1 30
1218 20 0
1219 3 31
1220 49 3
1221 1 40
1222 0 34
1223 0 30
1224 49 10
1225 8 2
1226 0 40
1227 0 12
1228 20 47
1229 49 0
1230 1 31
1231 49 12
1232 0 24
1233 0 29
1234 38 2
1235 49 39
1236 49 25
1237 7 46
1238 18 49
1239 30 49
1240 1 26
1241 48 0
1242 37 2
1243 19 47
1244 0 14
1245 3 0
1246 11 46
1247 0 26
1248 49 21
1249 28 0
1250 35 47
1251 2 6
1252 36 49
1253 49 14
1254 3 1
1255 7 2
1256 0 41
1257 5 49
1258 1 12
1259 19 49
1260 35 49
1261 26 2
1262 0 37
1263 49 38
1264 39 8
1265 0 36
1266 4 3
1267 0 15
1268 2 44
1269 21 2
1270 45 0
1271 49 20
1272 20 2
1273 34 47
1274 0 18
1275 49 0
1276 33 47
1277 29 0
1278 1 43
1279 49 16
1280 34 0
1281 0 11
1282 0 45
1283 1 20
1284 6 46
1285 0 10
1286 2 45
1287 1 30
1288 18 49
1289 0 48
1290 39 49
1291 1 39
1292 49 24
1293 13 0
1294 10 49
1295 19 49
1296 2 31
1297 0 3
1298 38 49
1299 0 2
1300 34 49
1301 14 0
1302 1 6
1303 13 0
1304 0 40
1305 3 0
1306 1 23
1307 17 3
1308 18 49
1309 43 18
1310 48 12
1311 49 19
1312 0 22
1313 0 19
1314 10 46
1315 1 1
1316 28 0
1317 1 14
1318 28 47
1319 35 3
1320 0 43
1321 2 23
1322 15 49
1323 2 0
1324 49 48
1325 12 45
1326 1 21
1327 42 0
1328 35 49
1329 42 18
1330 0 4
1331 35 0
1332 27 49
1333 44 0
1334 1 34
1335 49 2
1336 49 23
1337 0 34
1338 11 1
1339 25 49
1340 21 0
1341 33 49
1342 1 4
1343 38 0
1344 0 9
1345 11 0
1346 9 46
1347 0 49
1348 47 0
1349 49 18
1350 25 0
1351 23 1
1352 31 0
1353 6 2
1354 0 30
1355 0 6
1356 2 3
1357 36 49
1358 49 19
1359 20 0
1360 1 26
1361 34 3
1362 49 13
1363 1 38
1364 1 7
1365 17 49
1366 36 2
1367 1 30
1368 21 46
1369 0 30
1370 1 20
1371 7 1
1372 4 2
1373 28 49
1374 38 8
1375 0 5
1376 2 14
1377 2 32
1378 0 12
1379 1 11
1380 1 14
1381 43 49
1382 3 48
1383 8 46
1384 0 21
1385 11 1
1386 27 0
1387 11 0
1388 1 8
1389 27 47
1390 41 18
1391 1 5
1392 1 29
1393 1 2
1394 46 0
1395 41 48
1396 32 2
1397 40 2
1398 1 10
1399 48 0
1400 47 12
1401 1 7
1402 35 49
1403 49 22
1404 20 46
1405 4 48
1406 3 0
1407 30 0
1408 0 1
1409 24 0
1410 32 47
1411 1 8
1412 0 31
1413 6 0
1414 5 0
1415 0 48
1416 9 49
1417 35 2
1418 0 18
1419 49 49
1420 6 3
1421 0 19
1422 0 4
1423 1 4
1424 0 33
1425 14 0
1426 3 3
1427 33 3
1428 44 1
1429 11 45
1430 34 2
1431 1 13
1432 32 49
1433 7 0
1434 2 2
1435 49 9
1436 49 12
1437 19 2
1438 37 15
1439 1 49
1440 18 49
1441 0 17
1442 24 49
1443 46 49
1444 1 32
1445 2 0
1446 0 23
1447 25 0
1448 31 2
1449 1 11
1450 7 48
1451 0 27
1452 46 12
1453 25 2
1454 4 1
1455 26 47
1456 1 34
1457 4 0
1458 0 22
1459 32 3
1460 0 42
1461 5 3
1462 1 10
1463 0 18
1464 3 4
1465 6 49
1466 1 2
1467 2 2
1468 30 48
1469 0 44
1470 49 11
1471 1 35
1472 37 0
1473 17 49
1474 8 49
1475 29 0
1476 0 8
1477 0 37
1478 12 0
1479 37 8
1480 49 15
1481 18 47
1482 2 5
1483 49 0
1484 41 0
1485 1 25
1486 0 39
1487 24 0
1488 24 2
1489 0 35
1490 33 2
1491 45 49
1492 25 47
1493 45 0
1494 40 18
1495 2 48
1496 16 3
1497 33 1
1498 27 49
1499 7 47
1500 49 12
1501 49 21
1502 18 2
1503 15 0
1504 3 3
1505 5 49
1506 49 14
1507 24 47
1508 2 38
1509 0 10
1510 0 47
1511 38 0
1512 24 3
1513 0 21
1514 14 0
1515 0 30
1516 1 10
1517 7 49
1518 8 45
1519 17 2
1520 46 49
1521 49 6
1522 1 19
1523 39 18
1524 5 0
1525 0 32
1526 37 49
1527 17 1
1528 34 49
1529 36 8
1530 10 0
1531 26 0
1532 0 11
1533 15 0
1534 49 11
1535 1 1
1536 8 47
1537 0 2
1538 42 49
1539 8 49
1540 49 13
1541 17 47
1542 45 12
1543 3 1
1544 0 46
1545 26 49
1546 2 6
1547 15 48
1548 0 24
1549 31 47
1550 0 49
1551 0 13
1552 0 41
1553 0 43
1554 40 48
1555 0 44
1556 23 47
1557 35 8
1558 23 3
1559 0 23
1560 0 3
1561 3 0
1562 5 1
1563 2 49
1564 1 31
1565 3 49
1566 48 11
1567 0 5
1568 0 33
1569 32 4
1570 43 1
1571 28 0
1572 49 11
1573 43 0
1574 40 49
1575 0 7
1576 33 0
1577 30 2
1578 35 49
1579 30 49
1580 0 42
1581 9 0
1582 32 0
1583 39 2
1584 15 3
1585 49 22
1586 1 47
1587 1 20
1588 40 0
1589 5 4
1590 10 0
1591 4 1
1592 45 49
1593 0 6
1594 14 3
1595 2 22
1596 2 4
1597 0 32
1598 13 3
1599 7 47
1600 44 12
1601 49 21
1602 49 8
1603 5 46
1604 26 1
1605 31 0
1606 13 0
1607 27 49
1608 0 20
1609 0 2
1610 0 4
1611 4 4
1612 2 31
1613 17 0
1614 42 0
1615 12 49
1616 23 49
1617 0 22
1618 20 49
1619 34 49
1620 1 0
1621 1 45
1622 6 47
1623 26 0
1624 29 2
1625 26 1
1626 2 21
1627 22 49
1628 4 2
1629 48 0
1630 2 22
1631 38 18
1632 38 2
1633 32 48
1634 37 18
1635 36 49
1636 22 47
1637 0 8
1638 0 10
1639 4 0
1640 0 19
1641 16 1
1642 44 49
1643 33 49
1644 28 2
1645 19 0
1646 7 45
1647 3 0
1648 49 37
1649 1 48
1650 0 33
1651 22 1
1652 2 1
1653 0 48
1654 0 21
1655 5 0
1656 34 8
1657 34 0
1658 0 26
1659 22 3
1660 30 0
1661 12 0
1662 16 49
1663 32 49
1664 43 12
1665 1 17
1666 17 49
1667 0 47
1668 35 49
1669 36 15
1670 36 18
1671 0 3
1672 27 2
1673 49 36
1674 33 0
1675 1 46
1676 35 18
1677 31 4
1678 4 46
1679 30 47
1680 29 49
1681 27 0
1682 40 1
1683 0 16
1684 49 1
1685 0 12
1686 16 2
1687 41 0
1688 0 13
1689 49 2
1690 22 0
1691 49 10
1692 11 49
1693 16 49
1694 0 41
1695 1 45
1696 4 0
1697 1 37
1698 44 0
1699 6 49
1700 49 35
1701 2 2
1702 10 49
1703 30 49
1704 16 47
1705 5 47
1706 37 0
1707 39 49
1708 0 12
1709 8 0
1710 23 49
1711 30 4
1712 32 0
1713 42 0
1714 15 2
1715 1 8
1716 17 49
1717 0 43
1718 2 17
1719 32 48
1720 7 0
1721 2 20
1722 49 18
1723 0 8
1724 1 49
1725 38 49
1726 2 3
1727 0 5
1728 1 4
1729 0 49
1730 32 49
1731 21 0
1732 13 0
1733 0 46
1734 0 1
1735 49 0
1736 0 6
1737 4 49
1738 49 17
1739 33 8
1740 1 44
1741 1 2
1742 2 2
1743 27 3
1744 8 0
1745 11 0
1746 1 31
1747 22 0
1748 1 18
1749 48 0
1750 3 4
1751 48 8
1752 1 41
1753 49 0
1754 12 3
1755 17 1
1756 13 1
1757 3 5
1758 35 15
1759 21 3
1760 49 12
1761 2 39
1762 1 48
1763 6 45
1764 8 48
1765 49 34
1766 1 22
1767 49 20
1768 34 49
1769 6 0
1770 25 0
1771 0 36
1772 2 38
1773 49 19
1774 2 49
1775 24 0
1776 7 49
1777 49 33
1778 13 0
1779 1 45
1780 17 0
1781 2 39
1782 20 0
1783 0 2
1784 5 48
1785 18 0
1786 5 47
1787 0 35
1788 31 49
1789 22 1
1790 1 44
1791 45 49
1792 29 0
1793 0 42
1794 21 0
1795 3 46
1796 1 28
1797 11 3
1798 48 0
1799 29 49
1800 48 49
1801 49 1
1802 25 1
1803 17 0
1804 13 1
1805 37 49
1806 29 47
1807 6 49
1808 9 0
1809 0 29
1810 0 30
1811 1 20
1812 30 0
1813 0 29
1814 15 49
1815 26 3
1816 44 49
1817 0 27
1818 34 15
1819 0 18
1820 2 28
1821 28 47
1822 19 49
1823 0 1
1824 2 38
1825 1 9
1826 30 49
1827 33 49
1828 0 25
1829 49 5
1830 1 5
1831 1 17
1832 25 2
1833 2 17
1834 37 2
1835 47 0
1836 46 0
1837 49 16
1838 17 48
1839 34 18
1840 0 5
1841 2 7
1842 0 32
1843 20 3
1844 49 15
1845 33 0
1846 1 4
1847 32 0
1848 10 45
1849 1 18
1850 1 5
1851 24 2
1852 0 48
1853 0 13
1854 44 1
1855 22 49
1856 0 7
1857 0 8
1858 49 18
1859 1 47
1860 12 0
1861 29 4
1862 33 0
1863 25 3
1864 1 28
1865 21 49
1866 25 4
1867 33 15
1868 49 13
1869 10 3
1870 0 15
1871 22 49
1872 14 0
1873 0 38
1874 36 2
1875 41 49
1876 8 49
1877 49 16
1878 6 48
1879 3 0
1880 49 9
1881 42 12
1882 43 49
1883 18 49
1884 1 36
1885 0 16
1886 19 3
1887 9 45
1888 11 0
1889 0 6
1890 44 49
1891 0 11
1892 0 22
1893 3 4
1894 0 10
1895 7 49
1896 16 0
1897 0 15
1898 2 46
1899 0 24
1900 1 7
1901 21 47
1902 31 48
1903 32 0
1904 0 44
1905 49 10
1906 23 0
1907 1 3
1908 0 18
1909 19 49
1910 49 9
1911 8 45
1912 28 4
1913 24 0
1914 31 47
1915 18 3
1916 41 0
1917 40 49
1918 1 44
1919 4 47
1920 0 44
1921 2 45
1922 49 19
1923 29 0
1924 5 49
1925 45 0
1926 5 0
1927 2 4
1928 0 4
1929 49 49
1930 0 2
1931 2 1
1932 22 2
1933 15 47
1934 48 49
1935 0 20
1936 1 37
1937 0 34
1938 32 49
1939 9 3
1940 1 19
1941 1 45
1942 2 5
1943 21 49
1944 22 47
1945 0 41
1946 0 17
1947 36 0
1948 33 49
1949 17 49
1950 1 1
1951 0 18
1952 0 25
1953 0 1
1954 26 49
1955 2 2
1956 33 18
1957 0 30
1958 36 49
1959 0 11
1960 27 4
1961 0 10
1962 2 47
1963 0 49
1964 22 49
1965 49 4
1966 24 4
1967 0 7
1968 4 46
1969 23 4
1970 21 49
1971 41 12
1972 1 36
1973 0 11
1974 32 49
1975 19 48
1976 1 5
1977 0 40
1978 26 4
1979 30 48
1980 0 36
1981 8 49
1982 1 42
1983 30 0
1984 0 33
1985 35 2
1986 17 3
1987 4 1
1988 0 9
1989 1 8
1990 21 47
1991 6 0
1992 0 24
1993 25 49
1994 43 49
1995 0 25
1996 3 4
1997 42 49
1998 21 2
1999 25 4
2000 49 49
2001 3 49
2002 5 0
2003 28 49
2004 49 18
2005 2 49
2006 20 0
2007 0 42
2008 49 0
2009 49 10
2010 2 4
2011 2 0
2012 1 21
2013 22 4
2014 14 47
2015 1 11
2016 1 7
2017 0 7
2018 43 49
2019 31 46
2020 4 49
2021 24 4
2022 5 45
2023 23 0
2024 2 45
2025 49 19
2026 2 7
2027 11 49
2028 12 1
2029 10 49
2030 1 34
2031 7 49
2032 14 49
2033 42 49
2034 1 45
2035 3 46
2036 13 49
2037 0 10
2038 42 0
2039 48 0
2040 0 35
2041 24 49
2042 2 6
2043 40 12
2044 1 12
2045 49 32
2046 20 2
2047 1 11
2048 12 2
2049 12 0
2050 3 2
2051 49 15
2052 41 0
2053 27 49
2054 0 9
2055 9 49
2056 3 4
2057 0 12
2058 49 9
2059 8 0
2060 20 49
2061 1 29
2062 2 3
2063 19 0
2064 8 3
2065 32 8
2066 42 0
2067 2 21
2068 6 49
2069 31 8
2070 26 0
2071 7 0
2072 30 49
2073 0 6
2074 39 49
2075 0 10
2076 29 0
2077 4 48
2078 49 10
2079 30 8
2080 21 48
2081 11 2
2082 0 47
2083 0 3
2084 7 45
2085 3 0
2086 1 42
2087 33 49
2088 48 49
2089 2 11
2090 0 37
2091 8 49
2092 23 49
2093 28 0
2094 23 2
2095 31 0
2096 4 49
2097 0 28
2098 6 0
2099 1 21
2100 27 47
2101 0 19
2102 41 0
2103 1 32
2104 39 1
2105 35 49
2106 0 39
2107 32 18
2108 0 46
2109 2 19
2110 0 42
2111 29 49
2112 0 32
2113 31 18
2114 22 49
2115 16 49
2116 32 49
2117 1 17
2118 21 4
2119 49 3
2120 0 48
2121 2 7
2122 0 13
2123 1 47
2124 19 46
2125 7 3
2126 2 45
2127 30 0
2128 29 8
2129 49 0
2130 14 1
2131 16 3
2132 0 34
2133 34 2
2134 1 2
2135 10 2
2136 1 11
2137 15 0
2138 21 47
2139 13 1
2140 0 24
2141 30 18
2142 9 49
2143 31 49
2144 29 48
2145 43 1
2146 35 0
2147 1 45
2148 0 40
2149 0 25
2150 2 4
2151 34 0
2152 26 47
2153 0 12
2154 41 49
2155 18 46
2156 7 49
2157 5 48
2158 0 39
2159 39 12
2160 49 49
2161 8 0
2162 0 9
2163 25 0
2164 3 5
2165 39 0
2166 12 49
2167 22 0
2168 10 49
2169 23 49
2170 1 38
2171 3 49
2172 1 16
2173 30 49
2174 30 46
2175 13 2
2176 25 47
2177 0 27
2178 1 17
2179 43 0
2180 2 38
2181 33 2
2182 1 20
2183 2 46
2184 13 49
2185 1 44
2186 1 38
2187 2 18
2188 0 36
2189 0 10
2190 4 45
2191 0 21
2192 1 1
2193 0 24
2194 20 47
2195 29 18
2196 0 22
2197 43 1
2198 9 2
2199 6 49
2200 0 49
2201 1 35
2202 24 0
2203 22 2
2204 43 0
2205 0 25
2206 22 3
2207 9 0
2208 1 37
2209 22 49
2210 14 2
2211 31 0
2212 49 9
2213 41 1
2214 38 0
2215 0 13
2216 6 3
2217 1 16
2218 28 48
2219 21 0
2220 0 4
2221 49 2
2222 4 48
2223 29 49
2224 0 7
2225 1 21
2226 38 49
2227 2 17
2228 8 0
2229 48 0
2230 37 0
2231 8 2
2232 37 49
2233 18 48
2234 0 3
2235 27 0
2236 0 12
2237 0 38
2238 3 45
2239 2 37
2240 28 47
2241 49 31
2242 30 49
2243 14 0
2244 41 0
2245 34 49
2246 19 47
2247 49 18
2248 28 8
2249 40 0
2250 40 49
2251 11 0
2252 3 6
2253 36 0
2254 3 5
2255 48 49
2256 23 49
2257 46 0
2258 1 20
2259 1 28
2260 27 47
2261 20 4
2262 0 26
2263 13 0
2264 0 17
2265 5 49
2266 2 6
2267 47 8
2268 0 37
2269 0 4
2270 0 9
2271 3 44
2272 49 17
2273 37 0
2274 15 3
2275 15 4
2276 1 43
2277 18 49
2278 0 13
2279 2 3
2280 48 15
2281 0 39
2282 15 49
2283 6 49
2284 0 48
2285 0 45
2286 38 12
2287 27 8
2288 29 46
2289 0 21
2290 37 12
2291 5 0
2292 0 18
2293 1 36
2294 0 12
2295 2 7
2296 49 30
2297 0 27
2298 45 0
2299 23 4
2300 49 16
2301 47 15
2302 1 48
2303 0 16
2304 1 6
2305 2 18
2306 1 29
2307 0 14
2308 14 1
2309 19 2
2310 2 1
2311 0 22
2312 49 49
2313 2 17
2314 0 3
2315 2 38
2316 3 7
2317 49 29
2318 28 46
2319 17 46
2320 49 1
2321 26 0
2322 0 1
2323 2 45
2324 1 15
2325 1 5
2326 3 3
2327 4 2
2328 2 4
2329 46 15
2330 15 1
2331 1 35
2332 14 4
2333 14 0
2334 33 49
2335 36 12
2336 13 4
2337 0 29
2338 49 28
2339 4 1
2340 35 12
2341 2 0
2342 1 36
2343 10 0
2344 16 49
2345 7 2
2346 5 49
2347 18 48
2348 2 8
2349 4 2
2350 18 2
2351 2 3
2352 19 4
2353 1 31
2354 22 49
2355 4 7
2356 3 43
2357 26 47
2358 27 46
2359 1 1
2360 0 30
2361 18 0
2362 46 8
2363 28 18
2364 0 4
2365 26 49
2366 1 8
2367 49 8
2368 23 0
2369 3 42
2370 11 0
2371 21 3
2372 49 7
2373 32 15
2374 45 8
2375 0 0
2376 47 0
2377 1 35
2378 3 4
2379 0 33
2380 0 34
2381 49 15
2382 48 0
2383 36 0
2384 13 47
2385 12 49
2386 0 21
2387 26 8
2388 6 49
2389 32 49
2390 0 33
2391 1 6
2392 12 47
2393 49 2
2394 22 4
2395 44 8
2396 23 49
2397 18 49
2398 0 41
2399 39 0
2400 0 11
2401 18 48
2402 31 15
2403 19 49
2404 25 0
2405 49 16
2406 10 0
2407 27 45
2408 6 45
2409 1 28
2410 43 8
2411 9 49
2412 49 6
2413 49 27
2414 1 47
2415 0 17
2416 1 46
2417 0 24
2418 15 2
2419 0 26
2420 0 35
2421 0 22
2422 0 44
2423 1 39
2424 8 49
2425 42 0
2426 34 12
2427 45 15
2428 15 49
2429 1 42
2430 4 4
2431 26 0
2432 1 24
2433 2 8
2434 16 46
2435 33 12
2436 0 19
2437 24 47
2438 0 49
2439 0 43
2440 27 18
2441 0 16
2442 0 28
2443 4 47
2444 11 0
2445 1 9
2446 1 5
2447 11 47
2448 1 28
2449 26 18
2450 1 35
2451 37 0
2452 42 8
2453 11 49
2454 22 49
2455 25 49
2456 1 32
2457 25 0
2458 19 46
2459 10 47
2460 3 6
2461 49 1
2462 2 7
2463 12 4
2464 41 0
2465 25 18
2466 32 12
2467 0 6
2468 15 1
2469 26 45
2470 0 21
2471 2 5
2472 15 46
2473 12 2
2474 9 47
2475 26 48
2476 44 15
2477 5 49
2478 7 49
2479 21 49
2480 49 15
2481 2 32
2482 11 4
2483 2 48
2484 0 47
2485 31 12
2486 10 49
2487 7 0
2488 2 49
2489 0 9
2490 30 12
2491 47 0
2492 0 46
2493 2 15
2494 1 45
2495 0 13
2496 11 2
2497 1 10
2498 48 49
2499 3 5
2500 13 0
2501 8 2
2502 0 44
2503 8 47
2504 1 48
2505 20 3
2506 49 0
2507 2 45
2508 0 32
2509 1 17
2510 0 48
2511 30 0
2512 23 1
2513 14 46
2514 0 36
2515 1 49
2516 47 1
2517 49 5
2518 0 49
2519 1 18
2520 41 8
2521 3 6
2522 36 49
2523 1 2
2524 49 26
2525 17 2
2526 3 2
2527 48 0
2528 17 48
2529 24 49
2530 49 16
2531 29 49
2532 0 28
2533 1 46
2534 7 2
2535 25 8
2536 49 4
2537 23 0
2538 1 49
2539 4 2
2540 14 49
2541 3 49
2542 14 0
2543 18 49
2544 2 37
2545 0 25
2546 17 0
2547 0 29
2548 5 48
2549 0 3
2550 18 46
2551 29 12
2552 5 45
2553 2 1
2554 49 15
2555 23 1
2556 0 46
2557 4 49
2558 28 49
2559 0 39
2560 3 47
2561 49 16
2562 36 0
2563 20 49
2564 8 2
2565 1 47
2566 27 49
2567 21 49
2568 20 0
2569 3 4
2570 24 0
2571 49 15
2572 4 6
2573 0 4
2574 1 17
2575 18 4
2576 19 3
2577 2 10
2578 5 47
2579 29 0
2580 25 48
2581 3 49
2582 3 41
2583 0 22
2584 24 8
2585 20 49
2586 49 25
2587 1 10
2588 1 30
2589 43 15
2590 49 49
2591 37 0
2592 0 21
2593 23 8
2594 13 0
2595 46 1
2596 0 49
2597 14 0
2598 1 23
2599 0 1
2600 0 18
2601 0 19
2602 2 0
2603 0 30
2604 17 49
2605 0 8
2606 0 18
2607 15 2
2608 13 46
2609 40 8
2610 4 0
2611 1 9
2612 26 49
2613 12 46
2614 2 49
2615 1 10
2616 1 34
2617 25 45
2618 23 49
2619 14 2
2620 25 49
2621 17 46
2622 0 0
2623 49 24
2624 2 41
2625 49 23
2626 0 48
2627 0 22
2628 49 3
2629 2 31
2630 0 3
2631 0 33
2632 3 3
2633 2 40
2634 11 46
2635 1 43
2636 5 0
2637 16 48
2638 10 46
2639 36 0
2640 6 49
2641 1 5
2642 1 49
2643 16 0
2644 21 4
2645 0 24
2646 0 20
2647 27 49
2648 49 0
2649 33 0
2650 49 12
2651 0 2
2652 35 0
2653 9 49
2654 0 31
2655 23 47
2656 32 2
2657 49 14
2658 10 0
2659 2 3
2660 36 0
2661 18 49
2662 1 15
2663 1 2
2664 0 27
2665 10 4
2666 24 45
2667 3 46
2668 23 45
2669 0 43
2670 1 35
2671 22 47
2672 3 5
2673 17 0
2674 1 4
2675 22 49
2676 4 8
2677 0 1
2678 16 46
2679 44 0
2680 3 47
2681 4 45
2682 1 40
2683 28 49
2684 0 15
2685 49 11
2686 5 46
2687 0 38
2688 8 49
2689 19 2
2690 48 0
2691 13 49
2692 4 0
2693 0 30
2694 32 0
2695 39 49
2696 1 20
2697 31 2
2698 0 39
2699 1 0
2700 0 25
2701 1 29
2702 3 1
2703 5 49
2704 1 7
2705 17 49
2706 2 2
2707 0 45
2708 0 10
2709 35 0
2710 49 22
2711 7 47
2712 39 8
2713 19 1
2714 34 0
2715 28 12
2716 0 37
2717 46 0
2718 46 1
2719 4 44
2720 38 8
2721 24 18
2722 0 24
2723 0 2
2724 35 49
2725 6 49
2726 22 8
2727 31 0
2728 21 0
2729 0 35
2730 1 42
2731 30 2
2732 33 0
2733 2 23
2734 3 3
2735 0 49
2736 0 31
2737 10 2
2738 0 11
2739 2 5
2740 6 47
2741 6 0
2742 30 15
2743 2 49
2744 49 10
2745 22 45
2746 2 0
2747 0 5
2748 43 0
2749 0 6
2750 1 35
2751 3 8
2752 44 0
2753 0 30
2754 1 49
2755 3 6
2756 1 9
2757 19 0
2758 27 12
2759 49 13
2760 2 7
2761 19 1
2762 1 28
2763 0 25
2764 0 46
2765 2 40
2766 34 0
2767 0 29
2768 0 26
2769 23 49
2770 12 49
2771 0 40
2772 22 49
2773 1 39
2774 18 49
2775 46 0
2776 16 2
2777 7 2
2778 0 44
2779 0 20
2780 0 41
2781 4 46
2782 11 49
2783 43 0
2784 0 27
2785 34 49
2786 0 40
2787 0 0
2788 16 1
2789 4 6
2790 15 1
2791 0 41
2792 3 4
2793 0 30
2794 49 21
2795 2 36
2796 2 3
2797 9 4
2798 20 48
2799 45 0
2800 1 23
2801 8 4
2802 0 32
2803 13 0
2804 1 24
2805 46 0
2806 0 3
2807 9 49
2808 20 49
2809 1 14
2810 49 0
2811 3 44
2812 1 43
2813 5 3
2814 0 35
2815 12 49
2816 2 14
2817 33 0
2818 44 0
2819 3 9
2820 9 0
2821 34 0
2822 20 4
2823 0 1
2824 0 29
2825 16 49
2826 4 45
2827 43 0
2828 12 0
2829 0 7
2830 28 0
2831 8 49
2832 0 45
2833 4 4
2834 0 23
2835 45 0
2836 1 13
2837 2 8
2838 49 12
2839 23 18
2840 3 46
2841 22 18
2842 5 0
2843 33 0
2844 8 0
2845 3 6
2846 22 1
2847 49 20
2848 1 5
2849 0 9
2850 3 43
2851 6 2
2852 2 2
2853 5 47
2854 16 0
2855 48 0
2856 11 0
2857 2 6
2858 21 45
2859 1 8
2860 17 4
2861 22 2
2862 3 0
2863 3 1
2864 21 8
2865 0 13
2866 26 12
2867 1 36
2868 1 11
2869 17 0
2870 41 1
2871 0 12
2872 3 0
2873 15 46
2874 9 49
2875 3 4
2876 35 49
2877 0 17
2878 7 0
2879 0 34
2880 5 49
2881 0 19
2882 0 5
2883 0 22
2884 21 18
2885 1 35
2886 5 4
2887 25 12
2888 1 14
2889 7 4
2890 14 46
2891 0 24
2892 1 16
2893 29 15
2894 5 1
2895 1 23
2896 3 42
2897 49 2
2898 9 0
2899 0 46
2900 1 0
2901 8 49
2902 16 4
2903 13 46
2904 20 45
2905 19 45
2906 41 0
2907 21 2
2908 0 2
2909 2 9
2910 1 45
2911 0 13
2912 20 0
2913 23 49
2914 43 1
2915 19 4
2916 5 0
2917 0 25
2918 0 3
2919 1 5
2920 0 21
2921 7 3
2922 0 30
2923 20 2
2924 0 45
2925 1 32
2926 4 49
2927 0 4
2928 1 36
2929 9 46
2930 9 2
2931 49 0
2932 2 16
2933 3 1
2934 42 0
2935 15 49
2936 1 42
2937 29 2
2938 12 46
2939 42 15
2940 3 41
2941 12 0
2942 1 43
2943 4 3
2944 5 2
2945 18 45
2946 0 32
2947 4 0
2948 20 8
2949 2 45
2950 11 49
2951 0 49
2952 16 0
2953 10 0
2954 28 2
2955 9 0
2956 3 3
2957 15 4
2958 30 0
2959 0 38
2960 0 35
2961 5 49
2962 34 49
2963 0 22
2964 3 0
2965 27 2
2966 8 46
2967 26 49
2968 48 49
2969 1 46
2970 21 0
2971 13 2
2972 1 29
2973 12 2
2974 0 20
2975 0 46
2976 0 37
2977 38 49
2978 4 47
2979 17 0
2980 1 28
2981 0 33
2982 31 49
2983 19 8
2984 20 3
2985 1 4
2986 18 8
2987 0 43
2988 22 49
2989 1 42
2990 8 2
2991 0 10
2992 2 36
2993 11 46
2994 20 0
2995 1 40
2996 0 45
2997 0 26
2998 0 39
2999 21 47
3000 11 2
3001 0 0
3002 1 47
3003 4 3
3004 31 0
3005 49 13
3006 0 8
3007 2 42
3008 0 21
3009 41 0
3010 1 5
3011 2 0
3012 1 31
3013 6 0
3014 2 46
3015 48 0
3016 2 4
3017 5 1
3018 0 24
3019 20 48
3020 15 0
3021 29 49
3022 32 49
3023 4 49
3024 5 49
3025 2 14
3026 10 46
3027 0 5
3028 28 15
3029 17 45
3030 0 46
3031 27 15
3032 7 0
3033 0 38
3034 31 49
3035 20 49
3036 18 4
3037 7 46
3038 0 19
3039 20 48
3040 2 7
3041 14 0
3042 0 32
3043 3 3
3044 23 0
3045 4 49
3046 7 49
3047 17 8
3048 49 0
3049 14 49
3050 5 2
3051 18 1
3052 6 49
3053 0 9
3054 0 45
3055 3 49
3056 10 49
3057 6 3
3058 0 33
3059 1 32
3060 0 7
3061 19 0
3062 1 39
3063 4 4
3064 3 2
3065 3 47
3066 4 3
3067 18 2
3068 49 9
3069 1 19
3070 37 8
3071 1 2
3072 49 3
3073 2 3
3074 0 10
3075 1 4
3076 16 8
3077 0 23
3078 0 18
3079 0 25
3080 1 42
3081 0 29
3082 2 41
3083 1 22
3084 2 44
3085 6 46
3086 0 12
3087 1 40
3088 0 26
3089 33 49
3090 1 16
3091 26 2
3092 2 4
3093 0 25
3094 2 6
3095 1 49
3096 1 6
3097 4 47
3098 4 4
3099 2 6
3100 49 19
3101 4 3
3102 16 0
3103 3 45
3104 2 10
3105 3 41
3106 0 9
3107 20 49
3108 1 46
3109 28 49
3110 0 40
3111 3 47
3112 1 31
3113 22 0
3114 0 14
3115 2 22
3116 2 1
3117 10 2
3118 0 6
3119 37 49
3120 10 0
3121 2 0
3122 29 49
3123 2 42
3124 3 1
3125 20 47
3126 2 8
3127 34 0
3128 27 0
3129 0 41
3130 17 2
3131 1 27
3132 5 0
3133 0 40
3134 0 49
3135 0 28
3136 0 42
3137 2 46
3138 1 23
3139 1 12
3140 9 46
3141 17 0
3142 17 4
3143 2 48
3144 17 5
3145 7 2
3146 0 31
3147 9 49
3148 8 2
3149 3 3
3150 0 16
3151 15 0
3152 14 4
3153 13 4
3154 4 49
3155 16 45
3156 16 2
3157 23 49
3158 20 18
3159 8 46
3160 12 4
3161 44 0
3162 28 49
3163 4 45
3164 24 12
3165 1 35
3166 25 49
3167 2 49
3168 7 49
3169 0 30
3170 2 2
3171 0 44
3172 0 5
3173 2 21
3174 0 47
3175 1 38
3176 0 2
3177 2 48
3178 3 44
3179 2 13
3180 1 0
3181 2 5
3182 7 2
3183 42 0
3184 0 39
3185 1 16
3186 3 49
3187 15 2
3188 2 37
3189 0 3
3190 0 11
3191 49 12
3192 0 13
3193 21 49
3194 9 0
3195 15 8
3196 27 49
3197 14 0
3198 0 10
3199 0 11
3200 25 48
3201 0 24
3202 0 25
3203 49 2
3204 33 0
3205 1 10
3206 4 47
3207 0 41
3208 0 16
3209 2 49
3210 3 47
3211 26 0
3212 0 27
3213 0 29
3214 0 0
3215 13 49
3216 8 45
3217 1 8
3218 2 12
3219 25 49
3220 34 0
3221 49 11
3222 7 45
3223 8 2
3224 0 2
3225 41 0
3226 14 2
3227 0 30
3228 2 8
3229 0 24
3230 28 49
3231 1 16
3232 4 47
3233 0 20
3234 1 26
3235 2 40
3236 23 48
3237 10 49
3238 0 40
3239 2 36
3240 0 3
3241 49 49
3242 1 0
3243 25 0
3244 36 8
3245 0 12
3246 0 17
3247 33 0
3248 4 0
3249 2 48
3250 6 4
3251 1 7
3252 5 46
3253 2 39
3254 4 49
3255 24 49
3256 49 8
3257 45 0
3258 42 0
3259 1 42
3260 22 48
3261 24 0
3262 25 2
3263 2 9
3264 0 35
3265 23 12
3266 6 46
3267 0 36
3268 48 49
3269 17 49
3270 0 11
3271 22 47
3272 43 2
3273 23 49
3274 27 49
3275 2 40
3276 0 25
3277 12 49
3278 20 49
3279 1 18
3280 0 0
3281 15 45
3282 1 43
3283 0 39
3284 25 0
3285 4 2
3286 2 8
3287 49 18
3288 5 2
3289 20 0
3290 1 19
3291 1 0
3292 0 6
3293 19 47
3294 6 49
3295 2 49
3296 3 5
3297 2 26
3298 0 0
3299 16 0
3300 49 17
3301 1 42
3302 0 23
3303 16 5
3304 30 0
3305 22 49
3306 1 21
3307 4 2
3308 42 2
3309 3 49
3310 5 0
3311 30 49
3312 5 2
3313 23 0
3314 2 9
3315 1 18
3316 0 29
3317 11 4
3318 4 3
3319 2 48
3320 13 49
3321 18 47
3322 2 44
3323 14 45
3324 15 5
3325 1 11
3326 1 8
3327 0 40
3328 0 32
3329 19 3
3330 12 49
3331 13 2
3332 12 2
3333 2 14
3334 44 0
3335 3 45
3336 14 5
3337 10 1
3338 49 10
3339 41 2
3340 13 49
3341 11 2
3342 22 0
3343 0 30
3344 12 2
3345 1 2
3346 19 18
3347 18 3
3348 2 7
3349 0 16
3350 32 49
3351 11 0
3352 49 49
3353 0 17
3354 0 16
3355 2 5
3356 12 0
3357 48 0
3358 21 47
3359 0 33
3360 26 49
3361 0 32
3362 19 0
3363 1 49
3364 4 45
3365 0 18
3366 0 10
3367 1 0
3368 16 49
3369 3 3
3370 0 15
3371 0 4
3372 0 19
3373 17 0
3374 2 2
3375 19 49
3376 24 0
3377 0 33
3378 41 15
3379 49 11
3380 26 15
3381 16 0
3382 29 0
3383 13 45
3384 4 0
3385 25 49
3386 0 22
3387 2 47
3388 0 11
3389 18 49
3390 3 45
3391 0 43
3392 10 2
3393 15 49
3394 6 0
3395 18 0
3396 49 10
3397 5 46
3398 20 47
3399 4 48
3400 1 44
3401 3 0
3402 0 37
3403 40 2
3404 1 2
3405 28 0
3406 1 35
3407 1 45
3408 1 14
3409 21 0
3410 4 46
3411 3 42
3412 2 48
3413 10 4
3414 14 8
3415 0 46
3416 1 5
3417 20 46
3418 49 16
3419 1 41
3420 0 16
3421 49 15
3422 25 15
3423 13 5
3424 0 36
3425 8 49
3426 21 49
3427 2 3
3428 41 0
3429 23 0
3430 39 2
3431 20 49
3432 2 47
3433 12 3
3434 5 49
3435 32 0
3436 1 20
3437 49 1
3438 0 49
3439 2 1
3440 22 12
3441 24 0
3442 2 42
3443 19 0
3444 0 28
3445 27 0
3446 49 7
3447 1 26
3448 1 47
3449 2 49
3450 0 14
3451 0 2
3452 0 15
3453 0 32
3454 49 2
3455 0 7
3456 0 41
3457 1 21
3458 3 44
3459 13 8
3460 0 6
3461 14 1
3462 0 8
3463 1 40
3464 0 23
3465 33 49
3466 4 0
3467 10 1
3468 1 30
3469 48 49
3470 1 13
3471 0 42
3472 3 49
3473 7 2
3474 2 5
3475 1 37
3476 49 14
3477 21 12
3478 16 49
3479 49 9
3480 2 0
3481 0 13
3482 11 49
3483 2 43
3484 6 45
3485 49 13
3486 5 45
3487 3 3
3488 1 4
3489 1 38
3490 1 41
3491 1 13
3492 5 4
3493 26 0
3494 2 47
3495 2 49
3496 0 24
3497 49 10
3498 42 0
3499 3 49
3500 49 1
3501 2 49
3502 17 3
3503 3 48
3504 21 49
3505 0 9
3506 19 49
3507 49 9
3508 38 2
3509 24 2
3510 23 0
3511 0 41
3512 18 0
3513 0 38
3514 4 4
3515 3 7
3516 4 1
3517 3 0
3518 0 17
3519 11 3
3520 25 0
3521 1 0
3522 0 31
3523 1 29
3524 1 49
3525 23 2
3526 1 15
3527 2 10
3528 3 46
3529 2 46
3530 9 4
3531 19 0
3532 0 39
3533 1 34
3534 49 10
3535 20 12
3536 17 47
3537 0 44
3538 10 2
3539 49 6
3540 1 42
3541 4 44
3542 9 2
3543 0 27
3544 16 3
3545 0 25
3546 1 44
3547 18 0
3548 2 16
3549 2 35
3550 1 40
3551 37 2
3552 10 49
3553 0 47
3554 12 49
3555 0 13
3556 4 0
3557 12 8
3558 49 9
3559 3 45
3560 6 49
3561 0 14
3562 1 37
3563 0 38
3564 15 0
3565 0 12
3566 4 5
3567 0 29
3568 1 47
3569 0 4
3570 15 49
3571 2 7
3572 32 49
3573 41 0
3574 26 0
3575 2 45
3576 2 2
3577 7 0
3578 16 0
3579 3 14
3580 3 12
3581 10 3
3582 0 15
3583 10 48
3584 6 0
3585 2 13
3586 0 7
3587 11 8
3588 2 49
3589 0 35
3590 1 14
3591 0 45
3592 1 17
3593 18 18
3594 43 0
3595 8 4
3596 10 49
3597 3 7
3598 17 18
3599 49 8
3600 38 0
3601 11 0
3602 0 39
3603 1 13
3604 22 49
3605 2 6
3606 44 0
3607 24 49
3608 3 15
3609 0 24
3610 7 1
3611 3 47
3612 0 46
3613 0 48
3614 3 8
3615 1 6
3616 4 49
3617 0 16
3618 0 22
3619 2 40
3620 1 33
3621 21 49
3622 1 40
3623 2 34
3624 22 49
3625 7 2
3626 25 0
3627 3 43
3628 2 13
3629 1 13
3630 0 11
3631 0 26
3632 0 3
3633 16 18
3634 12 45
3635 40 0
3636 49 2
3637 49 1
3638 8 2
3639 0 18
3640 2 42
3641 25 49
3642 15 3
3643 1 18
3644 0 34
3645 0 13
3646 2 12
3647 0 12
3648 0 13
3649 0 42
3650 1 20
3651 14 0
3652 7 4
3653 0 2
3654 0 28
3655 0 20
3656 0 45
3657 13 49
3658 0 47
3659 47 0
3660 4 1
3661 0 41
3662 31 0
3663 24 15
3664 6 48
3665 1 25
3666 0 49
3667 3 7
3668 40 15
3669 0 35
3670 49 49
3671 3 4
3672 49 0
3673 2 8
3674 22 2
3675 18 49
3676 13 0
3677 19 0
3678 1 8
3679 29 49
3680 0 10
3681 1 12
3682 3 14
3683 23 15
3684 6 4
3685 0 30
3686 2 15
3687 1 17
3688 1 9
3689 2 17
3690 3 10
3691 2 10
3692 19 46
3693 1 28
3694 0 38
3695 7 49
3696 5 48
3697 35 8
3698 16 47
3699 17 49
3700 1 46
3701 15 0
3702 0 3
3703 1 17
3704 2 48
3705 28 49
3706 15 48
3707 2 13
3708 1 2
3709 0 33
3710 1 20
3711 3 45
3712 2 17
3713 30 0
3714 6 49
3715 2 45
3716 8 1
3717 10 8
3718 1 5
3719 18 0
3720 5 47
3721 12 5
3722 31 49
3723 26 0
3724 0 8
3725 1 17
3726 0 32
3727 17 0
3728 9 8
3729 16 46
3730 11 5
3731 34 8
3732 2 16
3733 11 1
3734 1 42
3735 0 29
3736 33 8
3737 14 3
3738 0 27
3739 16 49
3740 1 18
3741 0 7
3742 3 44
3743 0 21
3744 49 12
3745 2 15
3746 15 46
3747 0 30
3748 4 14
3749 0 48
3750 15 1
3751 0 5
3752 16 0
3753 21 2
3754 0 29
3755 1 17
3756 1 8
3757 7 49
3758 1 34
3759 49 11
3760 36 49
3761 2 6
3762 2 16
3763 1 4
3764 12 49
3765 0 47
3766 0 48
3767 0 15
3768 11 45
3769 20 2
3770 35 49
3771 1 49
3772 24 0
3773 21 49
3774 2 49
3775 2 0
3776 1 11
3777 6 49
3778 3 3
3779 2 9
3780 0 30
3781 22 15
3782 1 36
3783 0 2
3784 2 4
3785 0 6
3786 17 0
3787 3 2
3788 0 17
3789 8 8
3790 0 9
3791 0 7
3792 29 0
3793 0 40
3794 19 2
3795 27 0
3796 30 0
3797 1 15
3798 1 4
3799 7 8
3800 41 0
3801 18 46
3802 19 12
3803 14 46
3804 48 49
3805 2 10
3806 0 12
3807 1 37
3808 7 3
3809 0 26
3810 11 0
3811 9 3
3812 2 8
3813 21 15
3814 2 12
3815 29 0
3816 17 46
3817 1 36
3818 1 33
3819 16 46
3820 5 48
3821 6 8
3822 5 4
3823 0 23
3824 18 12
3825 36 2
3826 30 49
3827 46 0
3828 15 0
3829 1 24
3830 0 47
3831 0 31
3832 49 9
3833 37 0
3834 0 3
3835 4 0
3836 1 7
3837 2 13
3838 0 32
3839 18 2
3840 36 0
3841 3 49
3842 0 34
3843 2 43
3844 4 45
3845 1 8
3846 34 49
3847 0 42
3848 2 12
3849 2 13
3850 17 49
3851 49 5
3852 1 47
3853 0 7
3854 2 42
3855 0 46
3856 49 8
3857 10 45
3858 27 49
3859 0 37
3860 13 49
3861 0 20
3862 0 10
3863 2 48
3864 5 8
3865 0 14
3866 3 1
3867 0 28
3868 2 46
3869 0 35
3870 3 2
3871 4 48
3872 13 3
3873 2 4
3874 3 1
3875 0 39
3876 49 7
3877 3 8
3878 24 49
3879 3 2
3880 9 49
3881 1 46
3882 5 48
3883 8 0
3884 1 45
3885 40 0
3886 7 49
3887 4 49
3888 49 10
3889 0 22
3890 3 43
3891 12 49
3892 26 0
3893 3 7
3894 4 47
3895 0 43
3896 16 45
3897 2 1
3898 17 2
3899 0 24
3900 6 48
3901 1 30
3902 2 17
3903 23 0
3904 12 3
3905 3 5
3906 49 9
3907 0 38
3908 3 44
3909 48 0
3910 4 5
3911 3 8
3912 0 48
3913 29 49
3914 0 6
3915 0 29
3916 1 13
3917 0 4
3918 28 0
3919 20 15
3920 35 2
3921 23 49
3922 29 0
3923 2 12
3924 2 13
3925 0 28
3926 0 34
3927 6 1
3928 9 45
3929 2 41
3930 0 30
3931 32 8
3932 0 13
3933 0 0
3934 3 0
3935 0 11
3936 0 8
3937 30 49
3938 0 19
3939 5 7
3940 0 7
3941 6 0
3942 3 46
3943 43 0
3944 0 16
3945 2 3
3946 49 0
3947 2 4
3948 15 1
3949 1 12
3950 1 0
3951 2 3
3952 1 18
3953 1 30
3954 2 9
3955 33 49
3956 0 41
3957 14 0
3958 2 46
3959 5 1
3960 1 6
3961 5 45
3962 26 49
3963 2 14
3964 1 24
3965 16 49
3966 1 10
3967 5 48
3968 2 16
3969 4 7
3970 0 49
3971 5 0
3972 0 37
3973 1 7
3974 24 49
3975 0 9
3976 0 31
3977 0 3
3978 4 2
3979 2 42
3980 27 49
3981 5 3
3982 49 49
3983 35 0
3984 0 10
3985 5 7
3986 3 49
3987 48 7
3988 0 15
3989 4 7
3990 0 38
3991 0 44
3992 4 13
3993 1 15
3994 2 8
3995 1 21
3996 49 7
3997 26 49
3998 2 10
3999 11 3
4000 17 12
4001 0 32
4002 0 7
4003 10 0
4004 13 0
4005 1 44
4006 2 45
4007 11 2
4008 32 49
4009 11 0
4010 2 17
4011 1 42
4012 34 0
4013 3 43
4014 10 0
4015 0 2
4016 0 45
4017 5 4
4018 3 13
4019 0 44
4020 3 10
4021 0 8
4022 15 18
4023 33 0
4024 33 49
4025 9 2
4026 20 49
4027 16 12
4028 2 2
4029 2 10
4030 0 15
4031 6 49
4032 5 7
4033 3 5
4034 27 49
4035 8 45
4036 14 18
4037 0 18
4038 11 0
4039 48 0
4040 10 5
4041 7 45
4042 4 7
4043 7 0
4044 4 4
4045 9 3
4046 6 3
4047 2 4
4048 0 42
4049 5 3
4050 0 47
4051 1 14
4052 0 11
4053 49 0
4054 2 43
4055 4 6
4056 19 49
4057 0 43
4058 16 2
4059 14 0
4060 2 33
4061 49 4
4062 0 44
4063 1 10
4064 45 0
4065 0 39
4066 2 1
4067 0 12
4068 39 15
4069 0 30
4070 0 43
4071 15 12
4072 5 4
4073 25 0
4074 4 0
4075 14 12
4076 2 14
4077 23 49
4078 26 49
4079 2 5
4080 42 0
4081 31 8
4082 2 40
4083 3 5
4084 6 0
4085 48 0
4086 7 49
4087 2 46
4088 0 24
4089 5 49
4090 1 2
4091 15 0
4092 1 45
4093 1 39
4094 0 39
4095 1 39
4096 3 46
4097 2 46
4098 2 49
4099 29 49
4100 0 48
4101 20 0
4102 0 20
4103 18 49
4104 1 47
4105 0 19
4106 19 15
4107 0 38
4108 2 5
4109 1 11
4110 22 0
4111 1 15
4112 2 41
4113 3 5
4114 1 49
4115 0 15
4116 4 13
4117 43 0
4118 1 30
4119 1 40
4120 0 49
4121 15 1
4122 16 3
4123 0 35
4124 6 1
4125 1 49
4126 4 7
4127 38 15
4128 1 20
4129 7 48
4130 8 49
4131 49 0
4132 0 29
4133 42 0
4134 0 42
4135 1 43
4136 3 14
4137 2 14
4138 0 20
4139 6 48
4140 0 37
4141 3 6
4142 2 44
4143 48 49
4144 49 10
4145 1 22
4146 8 2
4147 1 16
4148 0 22
4149 7 2
4150 32 0
4151 1 3
4152 31 0
4153 10 0
4154 25 49
4155 13 46
4156 18 15
4157 49 9
4158 16 0
4159 2 10
4160 5 0
4161 1 33
4162 1 42
4163 0 49
4164 0 16
4165 43 0
4166 0 27
4167 0 43
4168 0 45
4169 0 40
4170 3 13
4171 0 39
4172 23 0
4173 19 49
4174 34 2
4175 15 2
4176 0 38
4177 2 7
4178 4 45
4179 3 5
4180 28 0
4181 0 42
4182 37 15
4183 0 26
4184 0 28
4185 26 0
4186 4 49
4187 3 6
4188 49 49
4189 2 42
4190 0 10
4191 22 49
4192 18 49
4193 0 47
4194 30 0
4195 49 10
4196 1 22
4197 1 45
4198 2 41
4199 1 2
4200 33 2
4201 49 3
4202 19 49
4203 1 37
4204 0 9
4205 3 0
4206 5 7
4207 4 0
4208 46 0
4209 16 4
4210 17 49
4211 1 15
4212 2 37
4213 32 2
4214 1 19
4215 4 7
4216 2 49
4217 49 9
4218 9 5
4219 1 42
4220 3 2
4221 15 4
4222 28 49
4223 1 48
4224 0 15
4225 48 49
4226 5 1
4227 15 45
4228 0 4
4229 2 0
4230 17 15
4231 39 0
4232 2 1
4233 0 44
4234 2 0
4235 11 49
4236 31 0
4237 0 21
4238 1 3
4239 0 40
4240 4 4
4241 1 47
4242 5 49
4243 0 20
4244 1 26
4245 16 49
4246 3 12
4247 0 43
4248 21 49
4249 0 10
4250 8 3
4251 0 44
4252 0 5
4253 0 6
4254 1 15
4255 38 0
4256 3 9
4257 14 2
4258 13 0
4259 29 0
4260 2 40
4261 2 38
4262 13 18
4263 2 19
4264 3 47
4265 6 45
4266 3 45
4267 7 49
4268 48 0
4269 5 45
4270 19 0
4271 32 49
4272 0 2
4273 2 9
4274 3 8
4275 30 8
4276 14 48
4277 9 0
4278 2 5
4279 0 4
4280 5 7
4281 0 22
4282 0 41
4283 1 6
4284 1 43
4285 0 15
4286 4 6
4287 2 1
4288 0 7
4289 10 0
4290 16 15
4291 2 41
4292 1 42
4293 0 34
4294 10 49
4295 2 40
4296 5 8
4297 0 48
4298 49 2
4299 1 2
4300 2 43
4301 22 0
4302 5 7
4303 49 10
4304 36 15
4305 0 6
4306 22 49
4307 3 0
4308 25 0
4309 14 45
4310 1 9
4311 13 2
4312 2 41
4313 45 0
4314 2 0
4315 21 0
4316 12 18
4317 0 3
4318 13 3
4319 31 2
4320 4 49
4321 24 49
4322 24 0
4323 0 4
4324 23 0
4325 9 49
4326 2 33
4327 1 44
4328 0 37
4329 46 0
4330 1 6
4331 0 27
4332 1 19
4333 32 0
4334 8 0
4335 0 17
4336 3 48
4337 35 15
4338 0 8
4339 2 45
4340 3 3
4341 34 15
4342 0 39
4343 5 44
4344 3 1
4345 1 33
4346 2 9
4347 1 16
4348 25 49
4349 2 33
4350 2 11
4351 3 44
4352 1 9
4353 1 25
4354 21 1
4355 5 48
4356 7 0
4357 18 0
4358 4 13
4359 13 12
4360 3 4
4361 2 12
4362 42 0
4363 1 48
4364 8 5
4365 6 1
4366 37 0
4367 0 19
4368 0 30
4369 1 35
4370 3 47
4371 0 36
4372 2 40
4373 1 26
4374 0 14
4375 4 4
4376 14 44
4377 0 16
4378 15 0
4379 15 15
4380 0 11
4381 41 0
4382 0 40
4383 11 18
4384 5 47
4385 14 4
4386 0 12
4387 3 9
4388 29 8
4389 0 48
4390 1 25
4391 1 33
4392 0 43
4393 2 15
4394 0 33
4395 12 12
4396 3 46
4397 0 7
4398 2 41
4399 0 44
4400 12 3
4401 5 8
4402 3 43
4403 40 0
4404 2 47
4405 30 2
4406 5 2
4407 1 13
4408 1 18
4409 49 49
4410 48 49
4411 9 0
4412 1 45
4413 2 8
4414 0 17
4415 14 49
4416 45 0
4417 0 42
4418 1 14
4419 0 16
4420 49 0
4421 7 5
4422 49 49
4423 0 9
4424 2 44
4425 3 10
4426 22 0
4427 33 15
4428 3 6
4429 0 45
4430 4 1
4431 4 8
4432 3 13
4433 44 0
4434 0 6
4435 3 42
4436 0 17
4437 5 49
4438 0 10
4439 1 43
4440 0 21
4441 0 31
4442 13 49
4443 1 5
4444 1 31
4445 3 2
4446 0 8
4447 0 26
4448 1 47
4449 11 12
4450 6 5
4451 16 0
4452 49 3
4453 3 44
4454 4 42
4455 4 47
4456 3 3
4457 4 5
4458 14 15
4459 12 49
4460 2 7
4461 7 3
4462 0 15
4463 0 20
4464 0 7
4465 0 11
4466 0 44
4467 1 41
4468 1 13
4469 6 3
4470 0 49
4471 5 43
4472 3 8
4473 1 19
4474 0 6
4475 49 9
4476 0 27
4477 11 49
4478 1 11
4479 0 3
4480 6 6
4481 23 0
4482 12 49
4483 21 0
4484 0 7
4485 0 26
4486 3 0
4487 8 0
4488 36 0
4489 0 13
4490 2 31
4491 1 40
4492 24 49
4493 0 37
4494 2 44
4495 1 10
4496 49 6
4497 2 46
4498 2 40
4499 31 0
4500 19 0
4501 0 47
4502 29 2
4503 28 0
4504 28 8
4505 2 18
4506 43 0
4507 3 2
4508 11 49
4509 10 0
4510 0 27
4511 1 38
4512 49 8
4513 0 43
4514 6 4
4515 5 44
4516 2 0
4517 2 43
4518 39 0
4519 0 40
4520 27 8
4521 3 44
4522 0 10
4523 21 1
4524 1 42
4525 26 8
4526 18 49
4527 48 0
4528 49 0
4529 28 2
4530 2 11
4531 5 6
4532 0 45
4533 2 47
4534 15 49
4535 2 12
4536 3 42
4537 3 14
4538 25 49
4539 4 0
4540 7 1
4541 3 49
4542 7 0
4543 21 49
4544 22 0
4545 0 26
4546 3 45
4547 3 13
4548 0 19
4549 2 6
4550 0 32
4551 1 19
4552 4 8
4553 0 35
4554 2 1
4555 2 17
4556 2 44
4557 42 0
4558 2 8
4559 4 7
4560 2 43
4561 0 11
4562 9 48
4563 1 39
4564 0 19
4565 0 8
4566 2 14
4567 1 49
4568 0 18
4569 0 38
4570 18 0
4571 0 46
4572 19 0
4573 0 10
4574 5 4
4575 9 0
4576 3 3
4577 0 20
4578 41 0
4579 0 4
4580 15 0
4581 49 2
4582 3 7
4583 2 15
4584 1 10
4585 27 49
4586 2 9
4587 10 49
4588 1 14
4589 2 25
4590 10 0
4591 7 3
4592 1 44
4593 42 0
4594 13 4
4595 5 48
4596 3 11
4597 2 18
4598 14 49
4599 27 2
4600 1 25
4601 6 49
4602 27 0
4603 28 49
4604 16 0
4605 1 20
4606 2 17
4607 0 9
4608 5 49
4609 3 14
4610 26 2
4611 1 8
4612 3 15
4613 6 0
4614 49 5
4615 1 31
4616 11 49
4617 1 13
4618 0 47
4619 3 1
4620 0 3
4621 1 18
4622 10 12
4623 2 15
4624 13 15
4625 18 0
4626 23 0
4627 0 41
4628 26 0
4629 0 18
4630 2 0
4631 5 48
4632 1 34
4633 5 7
4634 3 9
4635 1 12
4636 48 0
4637 35 0
4638 0 14
4639 12 46
4640 10 2
4641 20 49
4642 2 31
4643 2 12
4644 2 9
4645 17 49
4646 5 0
4647 3 41
4648 0 7
4649 31 49
4650 6 4
4651 0 12
4652 0 0
4653 4 46
4654 0 22
4655 4 49
4656 1 7
4657 0 37
4658 2 1
4659 0 2
4660 9 12
4661 2 46
4662 8 0
4663 27 49
4664 21 0
4665 49 4
4666 15 0
4667 30 0
4668 25 2
4669 3 43
4670 3 49
4671 8 12
4672 41 0
4673 0 6
4674 0 40
4675 3 10
4676 49 7
4677 1 22
4678 0 48
4679 16 0
4680 4 2
4681 24 2
4682 0 49
4683 1 46
4684 2 14
4685 3 11
4686 1 31
4687 49 6
4688 2 44
4689 11 46
4690 11 0
4691 2 18
4692 0 19
4693 12 15
4694 1 15
4695 1 48
4696 0 39
4697 1 11
4698 5 4
4699 2 48
4700 30 49
4701 25 8
4702 0 48
4703 10 49
4704 2 47
4705 48 49
4706 0 47
4707 49 7
4708 0 23
4709 11 49
4710 0 44
4711 13 44
4712 3 12
4713 9 49
4714 2 16
4715 32 15
4716 1 24
4717 2 5
4718 11 3
4719 1 37
4720 0 29
4721 6 1
4722 2 20
4723 49 5
4724 0 5
4725 42 0
4726 3 15
4727 6 3
4728 3 10
4729 7 1
4730 1 44
4731 12 44
4732 0 7
4733 3 4
4734 2 44
4735 6 0
4736 24 49
4737 10 46
4738 25 0
4739 0 4
4740 16 49
4741 0 16
4742 0 41
4743 0 28
4744 0 36
4745 0 10
4746 11 44
4747 11 4
4748 0 6
4749 10 4
4750 2 49
4751 0 8
4752 20 0
4753 49 1
4754 0 29
4755 3 3
4756 0 17
4757 47 0
4758 34 0
4759 2 7
4760 2 42
4761 4 7
4762 0 48
4763 23 49
4764 0 3
4765 1 25
4766 29 49
4767 2 13
4768 49 4
4769 17 49
4770 0 5
4771 49 6
4772 0 34
4773 0 28
4774 24 8
4775 1 42
4776 1 45
4777 1 9
4778 49 7
4779 10 0
4780 4 8
4781 0 45
4782 1 40
4783 11 15
4784 4 43
4785 30 49
4786 2 10
4787 49 49
4788 31 15
4789 3 43
4790 4 47
4791 2 41
4792 18 1
4793 1 43
4794 2 42
4795 0 24
4796 12 4
4797 2 41
4798 1 8
4799 2 21
4800 0 13
4801 0 4
4802 0 1
4803 2 40
4804 3 42
4805 46 0
4806 0 29
4807 1 2
4808 4 4
4809 4 46
4810 8 49
4811 2 4
4812 0 44
4813 2 5
4814 5 49
4815 5 2
4816 49 6
4817 30 15
4818 0 28
4819 0 27
4820 13 49
4821 23 8
4822 0 2
4823 1 5
4824 1 46
4825 0 1
4826 0 7
4827 9 46
4828 1 12
4829 7 2
4830 7 1
4831 1 6
4832 1 41
4833 10 49
4834 2 37
4835 0 5
4836 1 42
4837 0 49
4838 1 14
4839 4 48
4840 0 12
4841 3 48
4842 5 0
4843 0 45
4844 19 49
4845 0 15
4846 0 16
4847 20 49
4848 2 46
4849 45 0
4850 5 4
4851 1 49
4852 22 49
4853 23 49
4854 0 14
4855 18 0
4856 2 49
4857 8 46
4858 0 21
4859 1 37
4860 0 29
4861 15 0
4862 6 1
4863 0 13
4864 3 41
4865 1 45
4866 7 46
4867 7 1
4868 3 14
4869 4 1
4870 2 3
4871 11 49
4872 10 18
4873 4 0
4874 1 44
4875 3 8
4876 0 6
4877 1 5
4878 2 4
4879 10 49
4880 2 9
4881 0 8
4882 2 39
4883 3 5
4884 0 46
4885 49 7
4886 2 42
4887 4 1
4888 1 30
4889 1 19
4890 21 0
4891 19 49
4892 20 49
4893 0 48
4894 0 31
4895 0 28
4896 4 0
4897 2 37
4898 49 0
4899 0 23
4900 0 20
4901 1 29
4902 9 4
4903 23 2
4904 11 49
4905 26 49
4906 48 49
4907 2 3
4908 49 49
4909 0 7
4910 29 15
4911 0 9
4912 7 0
4913 1 42
4914 19 49
4915 29 0
4916 33 0
4917 10 49
4918 22 49
4919 49 3
4920 0 33
4921 49 2
4922 3 1
4923 16 49
4924 11 49
4925 6 46
4926 21 49
4927 1 38
4928 7 3
4929 4 47
4930 18 49
4931 2 47
4932 3 15
4933 1 47
4934 29 49
4935 3 4
4936 0 45
4937 49 6
4938 48 49
4939 0 19
4940 0 2
4941 2 5
4942 8 4
4943 1 49
4944 20 0
4945 4 2
4946 0 14
4947 26 0
4948 7 49
4949 3 7
4950 0 26
4951 10 44
4952 0 8
4953 1 45
4954 0 22
4955 0 47
4956 2 46
4957 5 46
4958 16 0
4959 8 5
4960 6 1
4961 1 5
4962 1 47
4963 5 1
4964 3 40
4965 4 45
4966 44 0
4967 3 49
4968 1 3
4969 1 44
4970 0 11
4971 2 43
4972 49 49
4973 3 45
4974 6 3
4975 3 14
4976 2 36
4977 1 10
4978 25 49
4979 14 49
4980 5 0
4981 48 49
4982 48 0
4983 3 44
4984 0 1
4985 1 45
4986 22 8
4987 8 49
4988 0 34
4989 28 15
4990 49 1
4991 3 0
4992 9 2
4993 2 42
4994 2 38
4995 0 30
4996 3 11
4997 27 15
4998 0 13
4999 2 10
5000 2 40
5001 0 25
5002 49 49
5003 0 46
5004 49 2
5005 7 49
5006 2 9
5007 0 12
5008 4 8
5009 0 49
5010 25 0
5011 1 17
5012 41 0
5013 1 43
5014 4 1
5015 0 31
5016 1 30
5017 0 7
5018 2 7
5019 2 19
5020 1 18
5021 0 2
5022 9 44
5023 11 4
5024 16 48
5025 22 2
5026 5 5
5027 2 8
5028 0 47
5029 1 37
5030 0 18
5031 1 23
5032 0 6
5033 0 24
5034 0 48
5035 42 0
5036 0 27
5037 18 1
5038 7 12
5039 15 0
5040 26 0
5041 45 0
5042 3 15
5043 0 45
5044 0 7
5045 8 0
5046 3 9
5047 5 48
5048 2 3
5049 48 49
5050 0 42
5051 13 49
5052 2 10
5053 0 25
5054 3 12
5055 0 44
5056 14 49
5057 0 13
5058 3 1
5059 32 0
5060 3 10
5061 6 12
5062 2 17
5063 0 45
5064 2 1
5065 8 44
5066 0 6
5067 20 49
5068 28 0
5069 1 21
5070 1 1
5071 1 46
5072 3 40
5073 0 49
5074 49 5
5075 0 33
5076 5 43
5077 21 2
5078 2 45
5079 0 43
5080 26 15
5081 25 15
5082 2 15
5083 3 5
5084 10 49
5085 3 2
5086 3 4
5087 3 17
5088 0 35
5089 2 17
5090 22 0
5091 0 36
5092 10 15
5093 49 4
5094 5 49
5095 10 4
5096 9 4
5097 1 11
5098 3 5
5099 3 4
5100 3 47
5101 0 38
5102 2 35
5103 3 17
5104 1 17
5105 1 49
5106 1 3
5107 2 39
5108 1 6
5109 0 30
5110 2 16
5111 1 15
5112 5 3
5113 21 49
5114 4 5
5115 1 19
5116 1 47
5117 0 12
5118 1 46
5119 0 49
5120 2 21
5121 4 2
5122 3 42
5123 1 10
5124 10 4
5125 0 15
5126 23 0
5127 2 2
5128 1 13
5129 4 0
5130 3 18
5131 0 14
5132 2 42
5133 16 0
5134 5 4
5135 24 15
5136 7 5
5137 31 0
5138 44 0
5139 7 0
5140 0 17
5141 1 47
5142 23 15
5143 9 49
5144 29 0
5145 1 18
5146 0 15
5147 3 7
5148 3 1
5149 0 40
5150 20 2
5151 2 5
5152 1 26
5153 0 42
5154 2 3
5155 1 39
5156 0 37
5157 16 49
5158 5 3
5159 0 28
5160 22 15
5161 0 35
5162 2 41
5163 7 44
5164 45 0
5165 19 0
5166 6 5
5167 0 6
5168 49 49
5169 5 48
5170 0 5
5171 49 5
5172 28 49
5173 6 44
5174 2 34
5175 19 2
5176 6 45
5177 1 27
5178 21 8
5179 13 49
5180 0 19
5181 49 1
5182 0 3
5183 1 21
5184 47 0
5185 0 2
5186 4 43
5187 6 4
5188 1 17
5189 3 3
5190 9 0
5191 25 0
5192 5 2
5193 0 48
5194 48 49
5195 5 0
5196 12 0
5197 27 49
5198 4 49
5199 10 49
5200 4 4
5201 28 0
5202 2 13
5203 9 4
5204 2 46
5205 1 6
5206 1 18
5207 48 0
5208 1 4
5209 26 0
5210 4 46
5211 3 5
5212 20 8
5213 2 11
5214 29 0
5215 1 24
5216 8 0
5217 9 18
5218 19 49
5219 5 45
5220 1 14
5221 17 1
5222 7 0
5223 1 35
5224 1 44
5225 0 16
5226 28 49
5227 1 7
5228 24 49
5229 2 2
5230 9 15
5231 1 46
5232 4 1
5233 2 33
5234 41 0
5235 22 0
5236 1 41
5237 2 43
5238 0 14
5239 49 4
5240 4 2
5241 2 39
5242 1 29
5243 6 5
5244 2 45
5245 0 32
5246 44 0
5247 3 49
5248 1 13
5249 8 2
5250 3 46
5251 0 11
5252 2 19
5253 12 49
5254 6 2
5255 21 15
5256 3 17
5257 4 42
5258 3 6
5259 0 36
5260 17 2
5261 2 42
5262 8 18
5263 7 18
5264 19 8
5265 2 3
5266 4 5
5267 4 7
5268 0 4
5269 6 18
5270 5 18
5271 22 49
5272 5 12
5273 0 20
5274 0 49
5275 2 15
5276 2 44
5277 32 0
5278 49 2
5279 21 49
5280 3 41
5281 0 44
5282 0 18
5283 2 49
5284 3 2
5285 10 0
5286 0 35
5287 13 49
5288 1 26
5289 0 33
5290 2 2
5291 21 0
5292 0 45
5293 22 0
5294 2 17
5295 4 45
5296 4 18
5297 0 19
5298 8 1
5299 0 1
5300 25 0
5301 43 0
5302 2 32
5303 8 4
5304 41 1
5305 5 11
5306 2 20
5307 18 0
5308 2 12
5309 27 49
5310 5 49
5311 0 44
5312 12 49
5313 0 3
5314 26 49
5315 2 14
5316 6 0
5317 0 13
5318 0 37
5319 1 9
5320 3 0
5321 16 2
5322 0 6
5323 0 2
5324 3 40
5325 42 0
5326 43 0
5327 21 0
5328 4 41
5329 5 4
5330 1 40
5331 0 38
5332 3 43
5333 1 17
5334 18 2
5335 18 8
5336 4 8
5337 8 0
5338 1 15
5339 1 34
5340 0 32
5341 0 21
5342 13 0
5343 2 41
5344 15 2
5345 3 14
5346 23 49
5347 1 5
5348 28 0
5349 2 17
5350 31 0
5351 2 38
5352 0 9
5353 19 0
5354 5 2
5355 27 0
5356 0 14
5357 1 33
5358 0 3
5359 1 2
5360 0 31
5361 6 6
5362 24 0
5363 18 49
5364 49 1
5365 0 13
5366 23 0
5367 1 27
5368 25 49
5369 24 0
5370 3 49
5371 26 49
5372 1 20
5373 22 0
5374 1 18
5375 18 0
5376 20 49
5377 0 37
5378 1 43
5379 1 21
5380 2 5
5381 2 0
5382 3 39
5383 8 1
5384 4 0
5385 49 3
5386 2 16
5387 2 31
5388 3 42
5389 2 14
5390 3 4
5391 25 49
5392 0 38
5393 25 0
5394 3 13
5395 0 18
5396 28 0
5397 1 1
5398 3 43
5399 49 0
5400 47 0
5401 0 32
5402 3 18
5403 0 46
5404 0 41
5405 4 13
5406 3 2
5407 6 4
5408 4 40
5409 0 17
5410 9 0
5411 0 27
5412 0 45
5413 2 17
5414 0 24
5415 4 4
5416 0 20
5417 4 7
5418 3 19
5419 20 15
5420 1 19
5421 2 47
5422 2 7
5423 5 5
5424 49 49
5425 7 1
5426 1 4
5427 3 5
5428 0 2
5429 4 6
5430 0 37
5431 1 23
5432 14 2
5433 2 29
5434 2 23
5435 1 3
5436 21 49
5437 2 49
5438 2 2
5439 0 5
5440 1 13
5441 13 49
5442 17 2
5443 1 31
5444 0 3
5445 41 0
5446 2 31
5447 3 1
5448 0 47
5449 4 2
5450 0 39
5451 4 7
5452 16 2
5453 4 44
5454 2 11
5455 48 49
5456 2 16
5457 0 1
5458 49 49
5459 1 1
5460 8 49
5461 2 45
5462 4 41
5463 27 0
5464 6 7
5465 2 12
5466 28 0
5467 8 15
5468 2 44
5469 3 18
5470 0 16
5471 46 0
5472 1 7
5473 2 45
5474 44 0
5475 0 29
5476 6 3
5477 0 2
5478 3 49
5479 48 0
5480 5 0
5481 3 4
5482 2 17
5483 0 13
5484 19 15
5485 2 28
5486 12 49
5487 1 31
5488 1 12
5489 0 30
5490 1 6
5491 0 42
5492 49 2
5493 1 34
5494 0 46
5495 2 6
5496 8 0
5497 2 31
5498 7 4
5499 0 3
5500 17 8
5501 4 40
5502 30 0
5503 1 46
5504 0 46
5505 2 42
5506 1 37
5507 2 41
5508 0 45
5509 0 4
5510 2 13
5511 43 0
5512 0 37
5513 19 0
5514 0 33
5515 13 2
5516 0 7
5517 3 9
5518 0 8
5519 1 14
5520 2 39
5521 2 34
5522 3 10
5523 3 42
5524 6 1
5525 2 9
5526 3 11
5527 6 49
5528 18 15
5529 38 0
5530 1 44
5531 21 0
5532 2 48
5533 2 44
5534 0 48
5535 0 29
5536 0 9
5537 5 49
5538 1 17
5539 2 47
5540 0 15
5541 49 1
5542 5 10
5543 2 19
5544 7 0
5545 18 0
5546 0 16
5547 2 49
5548 15 2
5549 4 12
5550 44 0
5551 15 0
5552 19 49
5553 0 19
5554 0 44
5555 17 15
5556 0 25
5557 16 0
5558 21 48
5559 5 4
5560 26 49
5561 1 48
5562 15 0
5563 1 2
5564 0 43
5565 5 1
5566 40 0
5567 1 37
5568 0 20
5569 3 38
5570 27 0
5571 0 45
5572 0 15
5573 3 45
5574 3 2
5575 16 0
5576 2 15
5577 0 8
5578 21 49
5579 6 0
5580 0 14
5581 1 41
5582 1 3
5583 0 23
5584 2 43
5585 0 40
5586 5 2
5587 16 8
5588 0 48
5589 2 4
5590 6 1
5591 2 1
5592 0 46
5593 4 49
5594 0 3
5595 41 0
5596 2 45
5597 3 44
5598 15 8
5599 1 34
5600 15 0
5601 2 22
5602 18 49
5603 0 12
5604 5 0
5605 1 31
5606 4 10
5607 16 0
5608 4 5
5609 3 1
5610 0 44
5611 2 11
5612 1 13
5613 7 15
5614 2 29
5615 0 49
5616 3 17
5617 4 44
5618 3 10
5619 0 4
5620 0 48
5621 6 6
5622 1 12
5623 1 19
5624 5 49
5625 2 16
5626 5 5
5627 4 3
5628 4 10
5629 3 45
5630 2 23
5631 1 49
5632 0 43
5633 4 2
5634 0 42
5635 0 31
5636 0 22
5637 1 43
5638 5 3
5639 2 21
5640 0 1
5641 15 1
5642 2 42
5643 0 45
5644 3 18
5645 40 0
5646 3 49
5647 0 13
5648 49 2
5649 3 7
5650 6 49
5651 19 49
5652 25 49
5653 29 0
5654 19 0
5655 3 12
5656 2 18
5657 1 21
5658 6 4
5659 16 15
5660 2 34
5661 2 14
5662 4 0
5663 21 48
5664 0 17
5665 12 2
5666 2 5
5667 5 6
5668 1 40
5669 4 43
5670 1 16
5671 3 2
5672 4 6
5673 15 15
5674 2 16
5675 3 13
5676 41 0
5677 49 0
5678 1 31
5679 21 49
5680 7 4
5681 0 6
5682 2 48
5683 8 0
5684 0 49
5685 1 7
5686 1 14
5687 2 21
5688 49 3
5689 14 15
5690 12 0
5691 15 49
5692 4 2
5693 0 21
5694 2 3
5695 3 11
5696 0 10
5697 0 9
5698 0 37
5699 2 20
5700 2 14
5701 5 0
5702 47 0
5703 0 12
5704 1 41
5705 3 37
5706 2 38
5707 27 1
5708 4 13
5709 11 2
5710 43 0
5711 0 19
5712 2 2
5713 0 32
5714 6 5
5715 0 11
5716 0 8
5717 46 0
5718 1 5
5719 2 6
5720 24 0
5721 0 9
5722 4 49
5723 48 0
5724 1 8
5725 0 2
5726 0 7
5727 1 7
5728 3 0
5729 0 8
5730 0 13
5731 4 0
5732 0 3
5733 45 0
5734 14 8
5735 1 2
5736 0 2
5737 0 30
5738 0 41
5739 18 49
5740 0 9
5741 0 29
5742 1 30
5743 14 1
5744 3 1
5745 0 3
5746 1 23
5747 3 8
5748 1 39
5749 2 4
5750 1 18
5751 11 0
5752 3 49
5753 2 45
5754 1 21
5755 10 2
5756 0 28
5757 1 15
5758 0 38
5759 0 6
5760 0 29
5761 10 48
5762 9 49
5763 3 0
5764 0 26
5765 0 42
5766 14 0
5767 3 40
5768 40 0
5769 0 20
5770 0 27
5771 0 23
5772 27 0
5773 0 41
5774 20 49
5775 0 14
5776 1 49
5777 5 4
5778 23 0
5779 2 28
5780 0 13
5781 0 47
5782 1 24
5783 0 37
5784 42 0
5785 3 20
5786 4 5
5787 2 10
5788 0 19
5789 3 43
5790 13 0
5791 0 16
5792 2 41
5793 2 20
5794 1 38
5795 3 6
5796 2 37
5797 48 49
5798 0 26
5799 15 0
5800 21 1
5801 6 6
5802 0 5
5803 0 38
5804 18 0
5805 0 21
5806 4 0
5807 49 49
5808 3 13
5809 4 9
5810 0 42
5811 17 49
5812 0 17
5813 0 41
5814 22 0
5815 0 4
5816 49 0
5817 1 10
5818 5 3
5819 2 1
5820 6 2
5821 2 12
5822 2 47
5823 16 0
5824 5 4
5825 20 1
5826 2 6
5827 2 8
5828 2 48
5829 0 43
5830 2 2
5831 1 14
5832 7 0
5833 15 0
5834 1 25
5835 0 15
5836 2 9
5837 1 21
5838 30 0
5839 3 45
5840 0 42
5841 8 0
5842 6 5
5843 3 10
5844 0 28
5845 0 46
5846 0 12
5847 0 45
5848 13 15
5849 0 5
5850 22 49
5851 24 0
5852 1 31
5853 3 1
5854 1 13
5855 25 0
5856 1 42
5857 48 0
5858 0 13
5859 1 43
5860 11 49
5861 48 49
5862 1 38
5863 1 34
5864 24 0
5865 3 5
5866 13 1
5867 0 34
5868 3 20
5869 0 25
5870 14 49
5871 0 21
5872 3 3
5873 0 4
5874 5 49
5875 7 49
5876 4 4
5877 13 8
5878 1 16
5879 25 0
5880 1 19
5881 24 49
5882 17 0
5883 0 49
5884 0 48
5885 2 11
5886 1 41
5887 40 1
5888 2 36
5889 9 2
5890 0 39
5891 2 8
5892 2 20
5893 1 49
5894 37 0
5895 0 40
5896 5 4
5897 0 12
5898 1 24
5899 1 47
5900 1 26
5901 3 39
5902 0 8
5903 12 8
5904 2 21
5905 3 38
5906 0 18
5907 1 30
5908 0 49
5909 2 40
5910 1 36
5911 2 12
5912 1 20
5913 0 5
5914 0 22
5915 1 2
5916 19 49
5917 6 15
5918 10 47
5919 24 0
5920 1 27
5921 0 26
5922 10 0
5923 2 44
5924 29 0
5925 26 0
5926 6 6
5927 1 46
5928 12 15
5929 4 6
5930 2 22
5931 0 41
5932 0 35
5933 28 0
5934 18 0
5935 0 30
5936 12 49
5937 1 14
5938 5 48
5939 15 49
5940 2 2
5941 1 25
5942 3 0
5943 1 6
5944 5 15
5945 2 7
5946 2 17
5947 44 0
5948 21 0
5949 0 16
5950 14 0
5951 5 9
5952 0 11
5953 5 49
5954 45 0
5955 6 5
5956 2 45
5957 2 49
5958 0 21
5959 1 47
5960 1 17
5961 1 46
5962 41 0
5963 4 9
5964 0 2
5965 14 49
5966 2 20
5967 21 49
5968 1 18
5969 10 49
5970 15 0
5971 2 5
5972 0 18
5973 4 7
5974 4 6
5975 8 2
5976 19 1
5977 3 42
5978 0 7
5979 1 20
5980 1 15
5981 0 3
5982 42 0
5983 9 47
5984 14 0
5985 4 1
5986 0 19
5987 3 4
5988 16 49
5989 17 0
5990 6 0
5991 6 3
5992 7 2
5993 11 0
5994 49 49
5995 1 42
5996 29 0
5997 2 41
5998 23 49
5999 3 14
6000 0 38
6001 0 9
6002 8 47
6003 14 48
6004 15 49
6005 36 0
6006 48 49
6007 0 34
6008 19 0
6009 2 20
6010 11 8
6011 2 15
6012 3 11
6013 1 22
6014 3 13
6015 1 32
6016 2 4
6017 24 49
6018 10 8
6019 18 49
6020 1 2
6021 12 1
6022 1 24
6023 3 2
6024 49 49
6025 0 46
6026 0 45
6027 3 7
6028 0 12
6029 3 3
6030 0 47
6031 0 18
6032 0 15
6033 0 19
6034 4 4
6035 3 44
6036 0 42
6037 3 37
6038 19 1
6039 20 0
6040 1 1
6041 2 39
6042 44 0
6043 0 20
6044 20 49
6045 27 0
6046 1 4
6047 2 18
6048 9 0
6049 9 8
6050 13 48
6051 2 34
6052 40 0
6053 0 21
6054 8 49
6055 5 2
6056 4 0
6057 30 0
6058 1 26
6059 0 48
6060 48 49
6061 1 7
6062 0 18
6063 18 1
6064 2 3
6065 17 49
6066 22 0
6067 22 49
6068 3 5
6069 1 37
6070 39 0
6071 10 0
6072 35 0
6073 7 49
6074 0 33
6075 3 36
6076 18 49
6077 1 29
6078 9 49
6079 1 40
6080 0 4
6081 26 0
6082 0 34
6083 34 0
6084 5 5
6085 4 3
6086 2 9
6087 49 49
6088 24 1
6089 1 20
6090 19 0
6091 1 8
6092 2 43
6093 29 0
6094 0 8
6095 7 48
6096 1 13
6097 0 16
6098 17 49
6099 3 2
6100 0 2
6101 3 14
6102 49 0
6103 33 0
6104 7 49
6105 8 8
6106 13 0
6107 48 0
6108 0 5
6109 0 33
6110 4 49
6111 2 4
6112 3 13
6113 1 16
6114 3 41
6115 28 0
6116 0 40
6117 16 0
6118 0 25
6119 2 17
6120 0 34
6121 0 4
6122 1 5
6123 0 32
6124 1 11
6125 2 41
6126 2 47
6127 11 49
6128 17 1
6129 13 49
6130 4 7
6131 2 18
6132 0 46
6133 4 4
6134 0 20
6135 4 6
6136 8 0
6137 6 5
6138 3 0
6139 25 0
6140 4 0
6141 0 37
6142 0 14
6143 2 11
6144 1 47
6145 2 22
6146 0 11
6147 2 8
6148 2 9
6149 2 24
6150 3 10
6151 49 2
6152 5 6
6153 41 0
6154 2 47
6155 42 0
6156 0 24
6157 6 49
6158 38 0
6159 32 0
6160 6 1
6161 11 15
6162 1 10
6163 14 0
6164 2 27
6165 4 8
6166 4 10
6167 48 49
6168 5 8
6169 1 49
6170 1 46
6171 3 1
6172 1 44
6173 1 38
6174 3 9
6175 1 41
6176 1 43
6177 10 15
6178 0 7
6179 2 29
6180 21 0
6181 18 0
6182 1 30
6183 0 30
6184 25 49
6185 4 3
6186 3 4
6187 49 0
6188 3 49
6189 4 44
6190 1 40
6191 9 15
6192 2 48
6193 2 10
6194 1 30
6195 1 10
6196 2 10
6197 1 35
6198 0 41
6199 0 17
6200 0 22
6201 3 45
6202 1 10
6203 11 48
6204 26 0
6205 2 47
6206 2 2
6207 0 33
6208 7 47
6209 2 45
6210 11 0
6211 8 49
6212 3 12
6213 25 0
6214 3 48
6215 49 3
6216 49 2
6217 0 44
6218 3 29
6219 23 49
6220 49 3
6221 2 49
6222 0 25
6223 2 36
6224 8 2
6225 1 42
6226 0 18
6227 4 6
6228 2 9
6229 2 8
6230 3 45
6231 0 3
6232 3 2
6233 1 17
6234 2 1
6235 20 0
6236 2 12
6237 3 0
6238 0 34
6239 7 3
6240 21 0
6241 2 2
6242 0 30
6243 1 24
6244 12 2
6245 41 0
6246 18 49
6247 13 0
6248 4 8
6249 2 44
6250 0 27
6251 26 49
6252 1 19
6253 1 23
6254 0 35
6255 2 29
6256 5 5
6257 3 47
6258 2 4
6259 19 0
6260 18 0
6261 0 15
6262 9 49
6263 2 0
6264 1 16
6265 43 0
6266 8 15
6267 5 8
6268 0 12
6269 49 2
6270 44 0
6271 0 43
6272 6 0
6273 2 45
6274 1 8
6275 8 49
6276 17 2
6277 0 21
6278 3 3
6279 16 2
6280 37 0
6281 4 48
6282 3 39
6283 3 1
6284 1 43
6285 1 49
6286 15 2
6287 19 0
6288 14 2
6289 0 24
6290 0 20
6291 1 4
6292 3 43
6293 0 5
6294 2 49
6295 2 21
6296 31 0
6297 1 14
6298 1 29
6299 1 17
6300 0 4
6301 4 45
6302 0 49
6303 2 16
6304 15 0
6305 0 44
6306 3 49
6307 1 28
6308 18 0
6309 2 33
6310 0 39
6311 2 11
6312 7 15
6313 27 0
6314 0 48
6315 2 23
6316 0 38
6317 0 25
6318 3 46
6319 0 45
6320 2 8
6321 0 8
6322 25 49
6323 26 49
6324 49 49
6325 14 1
6326 24 0
6327 48 0
6328 1 7
6329 0 10
6330 21 49
6331 20 0
6332 9 2
6333 48 49
6334 1 36
6335 40 0
6336 3 9
6337 1 25
6338 0 23
6339 49 1
6340 0 16
6341 1 10
6342 0 7
6343 6 3
6344 6 2
6345 4 15
6346 0 10
6347 3 42
6348 0 15
6349 1 34
6350 0 1
6351 1 45
6352 0 29
6353 5 49
6354 2 32
6355 2 45
6356 3 43
6357 5 0
6358 5 4
6359 6 3
6360 47 0
6361 0 39
6362 2 26
6363 1 21
6364 1 11
6365 6 1
6366 2 40
6367 26 0
6368 17 0
6369 0 26
6370 1 40
6371 1 5
6372 4 1
6373 6 49
6374 0 22
6375 0 44
6376 2 5
6377 0 34
6378 0 8
6379 19 0
6380 2 40
6381 0 45
6382 3 0
6383 36 0
6384 0 42
6385 43 0
6386 27 0
6387 0 36
6388 3 4
6389 20 49
6390 4 2
6391 10 0
6392 2 3
6393 0 31
6394 1 32
6395 6 47
6396 0 28
6397 5 2
6398 1 45
6399 8 2
6400 25 49
6401 1 6
6402 2 27
6403 1 40
6404 0 24
6405 0 37
6406 0 27
6407 22 49
6408 3 45
6409 11 0
6410 3 5
6411 20 48
6412 2 26
6413 0 46
6414 1 8
6415 0 29
6416 7 5
6417 0 36
6418 0 19
6419 0 23
6420 0 24
6421 4 11
6422 39 0
6423 0 25
6424 7 2
6425 6 0
6426 4 44
6427 11 2
6428 3 3
6429 3 42
6430 11 49
6431 6 15
6432 0 17
6433 2 0
6434 2 4
6435 2 12
6436 4 47
6437 9 49
6438 0 16
6439 1 5
6440 1 10
6441 6 5
6442 20 49
6443 7 1
6444 24 49
6445 3 43
6446 1 49
6447 0 30
6448 0 26
6449 0 31
6450 30 0
6451 6 14
6452 4 8
6453 2 25
6454 0 49
6455 35 0
6456 6 1
6457 3 1
6458 26 0
6459 4 2
6460 0 15
6461 6 6
6462 3 18
6463 23 0
6464 4 46
6465 14 2
6466 1 2
6467 2 32
6468 4 47
6469 6 0
6470 1 13
6471 2 26
6472 1 18
6473 1 14
6474 0 20
6475 5 8
6476 2 6
6477 13 1
6478 1 13
6479 42 0
6480 0 48
6481 22 48
6482 3 12
6483 0 49
6484 13 48
6485 0 47
6486 1 25
6487 13 0
6488 4 49
6489 0 43
6490 2 10
6491 0 41
6492 8 49
6493 1 14
6494 22 0
6495 0 27
6496 10 2
6497 5 44
6498 0 10
6499 0 25
6500 2 11
6501 4 0
6502 0 14
6503 24 0
6504 7 2
6505 2 49
6506 0 5
6507 23 49
6508 34 0
6509 0 37
6510 2 21
6511 4 5
6512 0 11
6513 1 1
6514 0 42
6515 14 49
6516 4 44
6517 5 44
6518 1 46
6519 5 6
6520 5 14
6521 49 0
6522 1 4
6523 0 4
6524 3 13
6525 27 0
6526 17 1
6527 38 0
6528 21 49
6529 1 21
6530 3 17
6531 4 4
6532 1 12
6533 1 16
6534 9 0
6535 15 49
6536 5 3
6537 13 49
6538 0 33
6539 41 0
6540 16 0
6541 1 45
6542 16 49
6543 9 2
6544 0 2
6545 10 49
6546 4 44
6547 19 49
6548 0 3
6549 46 0
6550 7 1
6551 11 1
6552 15 49
6553 1 43
6554 3 46
6555 26 0
6556 2 38
6557 2 14
6558 2 7
6559 48 0
6560 4 45
6561 4 7
6562 0 26
6563 40 0
6564 0 48
6565 41 0
6566 2 34
6567 0 43
6568 1 24
6569 21 0
6570 1 47
6571 6 2
6572 49 0
6573 2 3
6574 2 22
6575 20 49
6576 13 2
6577 0 36
6578 2 21
6579 0 12
6580 1 10
6581 21 48
6582 0 4
6583 1 27
6584 40 0
6585 1 21
6586 2 25
6587 3 12
6588 27 0
6589 0 15
6590 0 14
6591 3 2
6592 18 0
6593 18 49
6594 0 46
6595 7 8
6596 2 18
6597 1 18
6598 5 9
6599 4 5
6600 21 47
6601 3 6
6602 49 49
6603 33 0
6604 3 42
6605 21 49
6606 4 2
6607 5 4
6608 2 18
6609 5 3
6610 5 0
6611 1 23
6612 1 32
6613 8 0
6614 1 7
6615 0 15
6616 2 4
6617 5 4
6618 26 0
6619 4 8
6620 5 10
6621 3 13
6622 1 35
6623 0 38
6624 10 0
6625 2 46
6626 0 14
6627 20 47
6628 20 0
6629 0 49
6630 8 2
6631 2 32
6632 45 0
6633 7 0
6634 48 0
6635 3 43
6636 2 2
6637 21 0
6638 6 1
6639 0 24
6640 11 2
6641 4 12
6642 11 0
6643 10 2
6644 5 1
6645 0 9
6646 5 3
6647 1 18
6648 14 0
6649 5 4
6650 16 49
6651 6 8
6652 0 1
6653 5 13
6654 3 15
6655 4 7
6656 0 34
6657 6 6
6658 2 19
6659 0 5
6660 1 25
6661 3 40
6662 2 20
6663 0 8
6664 1 9
6665 0 23
6666 6 46
6667 4 0
6668 5 0
6669 20 49
6670 3 49
6671 3 42
6672 2 19
6673 0 48
6674 20 0
6675 49 0
6676 44 0
6677 6 1
6678 4 0
6679 1 20
6680 3 19
6681 5 1
6682 0 41
6683 48 49
6684 4 10
6685 0 33
6686 5 3
6687 2 37
6688 1 2
6689 1 49
6690 0 47
6691 22 49
6692 9 0
6693 3 46
6694 12 0
6695 0 11
6696 0 7
6697 3 34
6698 49 49
6699 0 13
6700 8 1
6701 0 46
6702 5 46
6703 0 9
6704 32 0
6705 5 6
6706 21 0
6707 2 47
6708 0 34
6709 2 35
6710 0 47
6711 0 49
6712 1 46
6713 1 39
6714 0 48
6715 6 0
6716 5 8
6717 0 14
6718 14 1
6719 48 49
6720 2 18
6721 49 49
6722 0 25
6723 0 44
6724 0 33
6725 23 49
6726 33 0
6727 3 45
6728 7 0
6729 19 47
6730 0 34
6731 1 1
6732 5 14
6733 0 32
6734 1 41
6735 0 4
6736 4 14
6737 1 14
6738 4 49
6739 1 35
6740 2 25
6741 1 43
6742 3 47
6743 0 19
6744 8 48
6745 2 31
6746 5 0
6747 8 2
6748 7 1
6749 2 14
6750 2 41
6751 4 0
6752 21 49
6753 2 48
6754 3 2
6755 0 49
6756 12 2
6757 2 5
6758 0 31
6759 1 41
6760 2 4
6761 1 45
6762 0 13
6763 27 0
6764 0 43
6765 20 49
6766 12 49
6767 22 49
6768 9 49
6769 23 0
6770 4 47
6771 2 15
6772 4 44
6773 0 24
6774 10 49
6775 2 7
6776 23 49
6777 2 39
6778 19 0
6779 2 2
6780 0 33
6781 0 12
6782 2 6
6783 3 15
6784 37 0
6785 5 10
6786 0 30
6787 3 5
6788 2 15
6789 18 48
6790 2 49
6791 13 49
6792 3 20
6793 1 11
6794 2 21
6795 2 42
6796 19 46
6797 48 0
6798 1 9
6799 1 12
6800 0 27
6801 0 5
6802 2 10
6803 4 10
6804 4 3
6805 0 40
6806 0 11
6807 1 8
6808 2 24
6809 0 45
6810 4 15
6811 0 41
6812 1 27
6813 1 4
6814 3 16
6815 8 49
6816 18 46
6817 2 13
6818 1 11
6819 3 4
6820 0 42
6821 0 16
6822 2 48
6823 22 49
6824 17 2
6825 3 13
6826 18 49
6827 0 35
6828 1 31
6829 2 25
6830 1 32
6831 4 5
6832 3 47
6833 1 9
6834 2 24
6835 0 32
6836 1 34
6837 24 0
6838 1 40
6839 4 47
6840 0 37
6841 7 0
6842 2 22
6843 1 48
6844 23 49
6845 2 41
6846 5 45
6847 0 23
6848 0 11
6849 11 49
6850 16 2
6851 6 48
6852 1 14
6853 48 49
6854 15 0
6855 0 1
6856 0 34
6857 2 4
6858 5 46
6859 1 18
6860 1 1
6861 14 49
6862 2 21
6863 2 13
6864 2 42
6865 3 6
6866 0 8
6867 0 43
6868 10 49
6869 43 0
6870 1 8
6871 5 9
6872 22 49
6873 1 5
6874 5 4
6875 23 0
6876 42 0
6877 0 4
6878 0 38
6879 43 0
6880 1 24
6881 16 0
6882 3 0
6883 10 0
6884 4 8
6885 1 23
6886 3 47
6887 13 0
6888 17 46
6889 7 49
6890 6 3
6891 0 14
6892 0 1
6893 6 4
6894 2 25
6895 20 48
6896 3 12
6897 42 0
6898 15 2
6899 0 12
6900 8 49
6901 2 9
6902 15 0
6903 29 0
6904 1 16
6905 3 1
6906 0 16
6907 1 30
6908 12 1
6909 3 2
6910 1 49
6911 0 49
6912 0 26
6913 0 28
6914 16 0
6915 1 42
6916 3 49
6917 26 0
6918 25 0
6919 16 46
6920 1 7
6921 0 31
6922 2 18
6923 3 5
6924 28 0
6925 19 49
6926 1 39
6927 39 0
6928 0 21
6929 2 39
6930 1 43
6931 41 0
6932 7 49
6933 0 24
6934 1 25
6935 0 13
6936 0 22
6937 11 1
6938 4 47
6939 0 36
6940 0 33
6941 15 0
6942 0 35
6943 5 48
6944 15 3
6945 36 0
6946 6 2
6947 1 45
6948 49 49
6949 4 49
6950 2 34
6951 1 29
6952 2 27
6953 2 22
6954 0 7
6955 23 1
6956 0 14
6957 0 8
6958 5 2
6959 1 18
6960 17 0
6961 0 40
6962 1 49
6963 1 39
6964 2 7
6965 1 21
6966 2 6
6967 0 20
6968 20 47
6969 9 49
6970 2 39
6971 6 1
6972 0 19
6973 15 46
6974 2 41
6975 6 49
6976 1 16
6977 2 11
6978 8 0
6979 14 3
6980 0 30
6981 1 13
6982 0 41
6983 1 7
6984 1 9
6985 0 36
6986 0 27
6987 5 5
6988 2 47
6989 1 15
6990 3 17
6991 7 2
6992 13 1
6993 6 3
6994 22 0
6995 1 28
6996 12 0
6997 49 0
6998 14 46
6999 27 0
7000 32 0
7001 1 39
7002 1 11
7003 1 20
7004 17 49
7005 0 11
7006 48 49
7007 13 0
7008 0 44
7009 11 0
7010 2 16
7011 2 14
7012 0 28
7013 6 9
7014 0 5
7015 17 1
7016 48 0
7017 0 43
7018 1 12
7019 0 9
7020 3 46
7021 2 10
7022 3 19
7023 6 0
7024 3 47
7025 2 3
7026 0 37
7027 0 31
7028 23 2
7029 4 4
7030 1 8
7031 0 26
7032 2 19
7033 6 1
7034 0 15
7035 16 49
7036 3 45
7037 13 49
7038 5 9
7039 6 0
7040 2 9
7041 0 40
7042 0 42
7043 2 10
7044 1 16
7045 22 2
7046 0 16
7047 5 6
7048 6 1
7049 2 1
7050 3 7
7051 3 15
7052 0 18
7053 0 35
7054 9 2
7055 6 0
7056 28 0
7057 21 0
7058 0 21
7059 7 49
7060 0 12
7061 0 4
7062 1 1
7063 4 15
7064 2 21
7065 27 0
7066 10 1
7067 0 5
7068 2 1
7069 42 0
7070 1 22
7071 1 4
7072 1 17
7073 24 0
7074 7 1
7075 2 13
7076 2 32
7077 22 0
7078 4 11
7079 0 30
7080 1 18
7081 2 46
7082 0 27
7083 10 0
7084 49 0
7085 4 46
7086 0 49
7087 0 17
7088 6 49
7089 26 0
7090 1 5
7091 1 9
7092 48 0
7093 0 9
7094 18 0
7095 2 18
7096 3 15
7097 4 10
7098 49 49
7099 8 49
7100 1 0
7101 1 23
7102 1 13
7103 12 1
7104 1 34
7105 0 23
7106 5 46
7107 0 32
7108 16 1
7109 4 11
7110 9 0
7111 0 43
7112 17 0
7113 0 46
7114 12 2
7115 0 48
7116 21 49
7117 1 1
7118 49 0
7119 4 3
7120 1 33
7121 24 1
7122 19 47
7123 1 38
7124 3 8
7125 13 3
7126 4 46
7127 8 0
7128 0 49
7129 3 48
7130 1 9
7131 2 13
7132 0 29
7133 10 1
7134 24 0
7135 2 0
7136 0 28
7137 1 42
7138 1 22
7139 0 8
7140 1 11
7141 24 1
7142 2 7
7143 24 0
7144 0 45
7145 4 17
7146 41 0
7147 1 47
7148 1 30
7149 3 10
7150 4 9
7151 1 13
7152 0 42
7153 0 39
7154 0 31
7155 8 2
7156 2 12
7157 0 41
7158 2 15
7159 1 23
7160 2 36
7161 3 49
7162 1 44
7163 9 49
7164 21 0
7165 1 17
7166 1 14
7167 1 7
7168 8 3
7169 0 9
7170 0 24
7171 2 45
7172 3 44
7173 0 42
7174 0 5
7175 18 0
7176 16 2
7177 9 1
7178 9 0
7179 0 14
7180 6 4
7181 0 17
7182 0 23
7183 27 0
7184 0 16
7185 2 9
7186 13 46
7187 0 19
7188 2 48
7189 1 17
7190 2 16
7191 13 1
7192 0 33
7193 5 1
7194 5 4
7195 35 0
7196 1 15
7197 1 8
7198 17 0
7199 9 2
7200 4 2
7201 2 1
7202 18 49
7203 7 49
7204 21 2
7205 4 49
7206 2 22
7207 1 27
7208 4 43
7209 2 10
7210 3 14
7211 1 21
7212 0 13
7213 0 48
7214 13 4
7215 2 20
7216 42 0
7217 11 2
7218 7 3
7219 0 44
7220 3 3
7221 0 15
7222 8 2
7223 3 49
7224 1 29
7225 3 2
7226 3 17
7227 9 2
7228 20 0
7229 0 18
7230 5 2
7231 0 41
7232 3 20
7233 2 29
7234 0 11
7235 1 36
7236 2 9
7237 0 30
7238 11 3
7239 14 0
7240 1 33
7241 23 0
7242 48 0
7243 19 0
7244 5 49
7245 3 43
7246 2 11
7247 2 46
7248 2 2
7249 15 0
7250 8 2
7251 15 49
7252 4 17
7253 48 49
7254 38 0
7255 0 1
7256 4 3
7257 4 6
7258 12 4
7259 14 0
7260 3 9
7261 4 1
7262 1 9
7263 0 9
7264 2 21
7265 2 49
7266 3 16
7267 2 25
7268 0 45
7269 3 3
7270 2 31
7271 4 8
7272 0 14
7273 41 0
7274 20 49
7275 1 6
7276 7 48
7277 6 3
7278 26 0
7279 25 0
7280 16 1
7281 16 49
7282 1 25
7283 7 0
7284 17 49
7285 2 32
7286 5 0
7287 0 13
7288 1 1
7289 2 9
7290 2 44
7291 9 1
7292 0 46
7293 1 22
7294 0 45
7295 0 17
7296 0 12
7297 49 0
7298 7 49
7299 31 0
7300 4 0
7301 0 34
7302 2 3
7303 1 30
7304 1 43
7305 4 45
7306 0 13
7307 4 44
7308 2 17
7309 2 28
7310 1 42
7311 5 6
7312 12 49
7313 1 35
7314 2 16
7315 2 43
7316 2 18
7317 30 0
7318 0 38
7319 9 0
7320 12 1
7321 0 40
7322 0 10
7323 0 33
7324 0 16
7325 0 42
7326 3 48
7327 1 43
7328 6 0
7329 48 0
7330 3 17
7331 2 5
7332 1 11
7333 4 12
7334 3 12
7335 11 4
7336 1 36
7337 1 32
7338 0 49
7339 1 49
7340 12 2
7341 11 2
7342 0 4
7343 1 4
7344 3 19
7345 1 2
7346 18 47
7347 49 0
7348 2 45
7349 1 23
7350 3 8
7351 15 0
7352 1 39
7353 0 36
7354 7 2
7355 0 15
7356 37 0
7357 1 33
7358 0 35
7359 18 49
7360 2 27
7361 1 37
7362 1 22
7363 0 20
7364 0 4
7365 11 49
7366 14 0
7367 1 45
7368 22 0
7369 1 17
7370 40 0
7371 2 45
7372 39 0
7373 0 41
7374 2 6
7375 12 0
7376 0 48
7377 3 16
7378 1 21
7379 1 6
7380 0 25
7381 34 0
7382 33 0
7383 15 0
7384 10 2
7385 2 14
7386 12 46
7387 2 33
7388 2 11
7389 0 26
7390 4 49
7391 2 43
7392 1 11
7393 10 3
7394 2 17
7395 0 37
7396 9 3
7397 40 0
7398 21 49
7399 0 22
7400 2 48
7401 3 44
7402 1 15
7403 2 16
7404 2 11
7405 36 0
7406 18 0
7407 10 49
7408 49 49
7409 0 1
7410 0 38
7411 0 40
7412 4 10
7413 17 0
7414 3 49
7415 0 39
7416 6 49
7417 0 33
7418 32 0
7419 33 0
7420 14 0
7421 20 0
7422 0 11
7423 2 32
7424 0 36
7425 0 35
7426 32 0
7427 24 0
7428 2 40
7429 2 44
7430 31 0
7431 13 0
7432 2 34
7433 2 49
7434 2 6
7435 0 15
7436 39 0
7437 35 0
7438 18 0
7439 7 3
7440 0 8
7441 0 27
7442 0 41
7443 21 0
7444 7 2
7445 0 23
7446 1 7
7447 0 30
7448 9 49
7449 0 7
7450 23 0
7451 5 49
7452 1 40
7453 0 47
7454 2 0
7455 0 21
7456 1 29
7457 1 6
7458 0 12
7459 1 1
7460 2 4
7461 0 28
7462 3 10
7463 0 43
7464 4 1
7465 3 18
7466 2 12
7467 0 19
7468 4 49
7469 4 2
7470 4 6
7471 0 34
7472 0 46
7473 17 49
7474 1 27
7475 2 15
7476 0 22
7477 0 25
7478 2 10
7479 12 0
7480 6 2
7481 2 18
7482 1 3
7483 20 49
7484 0 37
7485 5 3
7486 0 13
7487 3 12
7488 2 6
7489 2 33
7490 48 0
7491 0 3
7492 10 4
7493 0 29
7494 0 21
7495 0 6
7496 0 27
7497 10 3
7498 8 0
7499 1 14
# colocadas=7500 ocupadas=112 mayor=488
