0 0 0
1 0 1
2 0 2
3 0 3
4 0 49
5 0 48
6 0 47
7 0 46
8 0 45
9 0 44
10 0 4
11 0 3
12 0 43
13 0 44
14 0 5
15 0 42
16 0 41
17 1 3
18 0 40
19 0 39
20 0 6
21 0 7
22 1 2
23 1 47
24 0 38
25 0 47
26 1 45
27 0 2
28 0 37
29 0 36
30 1 41
31 0 3
32 0 6
33 1 44
34 1 43
35 0 48
36 0 47
37 0 4
38 1 40
39 1 49
40 1 38
41 0 49
42 0 38
43 0 43
44 0 7
45 0 37
46 0 5
47 1 45
48 2 40
49 0 6
50 1 0
51 0 4
52 0 3
53 1 37
54 0 40
55 1 42
56 2 0
57 1 38
58 1 0
59 1 46
60 0 42
61 0 0
62 0 1
63 0 0
64 1 45
65 0 39
66 0 46
67 0 8
68 0 45
69 0 41
70 1 0
71 1 46
72 0 38
73 1 5
74 0 37
75 0 42
76 0 5
77 1 48
78 1 4
79 0 0
80 0 47
81 0 43
82 0 7
83 2 4
84 1 40
85 2 40
86 0 4
87 0 35
88 2 38
89 0 38
90 0 5
91 0 39
92 1 2
93 0 44
94 0 8
95 1 41
96 2 39
97 0 1
98 0 0
99 1 49
100 0 4
101 0 5
102 1 36
103 0 38
104 1 45
105 1 1
106 0 9
107 1 40
108 0 36
109 0 1
110 0 8
111 1 4
112 0 2
113 1 44
114 0 41
115 1 6
116 0 45
117 2 47
118 0 4
119 2 48
120 1 48
121 0 7
122 2 46
123 0 10
124 2 49
125 1 49
126 0 49
127 1 2
128 0 6
129 0 48
130 1 35
131 0 44
132 2 47
133 0 43
134 1 47
135 0 3
136 0 2
137 0 49
138 0 40
139 1 7
140 1 48
141 1 46
142 0 39
143 1 47
144 0 4
145 0 5
146 2 48
147 0 34
148 0 7
149 0 3
150 0 35
151 0 46
152 0 48
153 0 44
154 2 45
155 1 4
156 1 3
157 1 4
158 1 46
159 0 2
160 2 49
161 0 42
162 2 38
163 1 49
164 0 1
165 0 49
166 0 38
167 0 0
168 1 3
169 0 39
170 2 46
171 2 39
172 0 45
173 0 9
174 0 6
175 0 41
176 1 47
177 0 8
178 1 39
179 0 5
180 0 1
181 1 40
182 3 46
183 1 35
184 0 44
185 0 47
186 2 48
187 0 46
188 3 47
189 1 1
190 0 4
191 0 5
192 1 39
193 2 46
194 1 40
195 2 35
196 0 42
197 3 46
198 0 33
199 1 41
200 0 9
201 0 32
202 1 48
203 3 47
204 0 47
205 1 7
206 3 48
207 1 35
208 1 5
209 2 4
210 0 2
211 2 5
212 0 8
213 0 43
214 0 35
215 1 46
216 2 4
217 0 3
218 0 34
219 0 4
220 0 44
221 0 7
222 0 3
223 2 49
224 0 2
225 0 5
226 0 1
227 1 4
228 0 45
229 0 38
230 1 37
231 0 44
232 1 47
233 0 43
234 0 37
235 1 6
236 1 5
237 1 4
238 2 39
239 1 0
240 1 42
241 1 41
242 0 33
243 0 8
244 0 9
245 3 49
246 0 39
247 0 32
248 1 38
249 0 41
250 0 42
251 0 8
252 0 0
253 0 7
254 1 46
255 1 42
256 2 0
257 0 43
258 0 1
259 0 44
260 0 45
261 2 38
262 0 33
263 0 6
264 0 2
265 1 41
266 1 5
267 0 1
268 0 40
269 1 40
270 0 41
271 4 49
272 0 5
273 0 38
274 0 46
275 0 35
276 0 42
277 1 47
278 3 49
279 1 1
280 0 47
281 2 4
282 1 0
283 4 49
284 0 2
285 1 47
286 0 47
287 1 46
288 0 1
289 1 41
290 3 49
291 0 43
292 2 3
293 0 46
294 1 4
295 0 37
296 1 3
297 0 6
298 2 48
299 0 5
300 1 42
301 1 39
302 1 47
303 0 42
304 0 34
305 0 41
306 3 0
307 1 45
308 0 40
309 0 9
310 0 41
311 1 40
312 5 49
313 2 2
314 0 42
315 2 49
316 0 43
317 4 49
318 2 0
319 5 49
320 0 45
321 0 8
322 0 39
323 0 38
324 1 49
325 4 49
326 1 45
327 0 6
328 0 3
329 1 39
330 0 2
331 2 47
332 1 41
333 0 1
334 2 39
335 2 1
336 0 42
337 1 40
338 0 41
339 0 0
340 0 40
341 0 10
342 0 4
343 1 39
344 0 47
345 0 3
346 0 41
347 2 39
348 0 45
349 0 1
350 0 33
351 1 42
352 2 37
353 0 11
354 0 10
355 0 40
356 0 49
357 1 4
358 0 42
359 1 40
360 0 40
361 0 43
362 1 49
363 1 48
364 0 7
365 0 9
366 0 6
367 2 48
368 2 38
369 0 5
370 0 2
371 0 36
372 0 4
373 5 49
374 0 32
375 0 31
376 2 47
377 2 37
378 1 41
379 2 46
380 0 41
381 0 0
382 0 7
383 0 30
384 1 49
385 1 5
386 0 29
387 0 3
388 0 42
389 0 8
390 3 48
391 1 4
392 0 46
393 0 4
394 0 28
395 0 1
396 3 47
397 0 5
398 2 45
399 0 40
400 1 45
401 2 47
402 2 36
403 0 45
404 1 47
405 1 1
406 4 49
407 0 39
408 0 44
409 0 37
410 0 40
411 0 47
412 0 49
413 3 49
414 2 40
415 1 4
416 0 4
417 0 48
418 0 2
419 0 3
420 0 1
421 1 40
422 1 46
423 0 43
424 3 47
425 1 36
426 0 47
427 1 3
428 0 48
429 0 46
430 0 27
431 0 4
432 1 0
433 2 39
434 0 39
435 2 38
436 4 49
437 1 49
438 0 9
439 2 37
440 1 39
441 0 5
442 0 40
443 2 47
444 0 44
445 6 49
446 5 49
447 0 3
448 2 38
449 1 40
450 4 0
451 0 4
452 0 0
453 0 36
454 6 49
455 0 10
456 0 8
457 0 9
458 0 10
459 0 49
460 0 35
461 0 45
462 0 6
463 1 2
464 0 1
465 0 26
466 1 3
467 2 37
468 0 2
469 0 25
470 0 36
471 0 24
472 1 39
473 0 5
474 2 46
475 0 3
476 0 11
477 0 0
478 1 40
479 1 36
480 0 4
481 5 49
482 0 7
483 1 46
484 1 0
485 0 10
486 0 2
487 0 41
488 0 23
489 1 45
490 0 36
491 0 5
492 0 37
493 0 9
494 2 47
495 2 36
496 3 0
497 0 1
498 1 5
499 0 46
500 0 2
501 1 39
502 7 49
503 1 44
504 4 49
505 2 35
506 1 41
507 1 49
508 0 36
509 5 0
510 0 5
511 0 3
512 0 8
513 6 49
514 0 39
515 1 47
516 0 43
517 0 4
518 0 9
519 1 46
520 0 47
521 5 49
522 2 44
523 0 0
524 0 37
525 0 40
526 0 39
527 0 42
528 0 43
529 1 45
530 0 6
531 2 43
532 7 49
533 1 46
534 0 1
535 0 0
536 0 5
537 1 35
538 0 36
539 1 43
540 6 49
541 1 5
542 1 40
543 0 48
544 0 47
545 1 47
546 0 10
547 0 46
548 0 37
549 5 49
550 6 49
551 0 44
552 0 45
553 0 43
554 2 40
555 4 0
556 0 35
557 1 46
558 1 0
559 2 46
560 0 42
561 1 39
562 0 5
563 1 5
564 8 49
565 0 3
566 0 38
567 0 0
568 0 41
569 1 45
570 1 48
571 6 0
572 5 49
573 7 49
574 0 42
575 4 49
576 0 43
577 0 46
578 1 40
579 0 1
580 6 49
581 0 22
582 0 0
583 0 34
584 3 0
585 0 45
586 0 40
587 1 42
588 5 0
589 1 3
590 0 35
591 0 42
592 0 34
593 0 21
594 0 3
595 0 35
596 0 5
597 0 9
598 1 1
599 1 35
600 1 46
601 0 20
602 1 4
603 0 46
604 0 1
605 0 47
606 1 3
607 1 0
608 1 43
609 0 48
610 1 5
611 5 49
612 2 0
613 0 39
614 0 3
615 0 0
616 0 8
617 0 43
618 1 41
619 0 19
620 0 5
621 1 0
622 6 0
623 0 37
624 0 46
625 2 39
626 1 2
627 1 46
628 1 47
629 0 44
630 0 4
631 0 45
632 1 40
633 4 49
634 0 18
635 0 38
636 0 2
637 0 34
638 1 41
639 0 6
640 0 43
641 0 10
642 0 44
643 1 45
644 1 38
645 0 35
646 0 36
647 0 41
648 1 48
649 3 39
650 1 41
651 1 44
652 0 0
653 1 39
654 0 17
655 0 48
656 1 0
657 1 42
658 0 37
659 1 40
660 1 43
661 0 35
662 0 42
663 0 47
664 0 3
665 0 16
666 0 41
667 0 1
668 0 43
669 0 9
670 1 5
671 1 42
672 0 42
673 1 36
674 0 15
675 5 49
676 0 38
677 5 0
678 0 0
679 0 2
680 2 39
681 1 42
682 0 36
683 1 6
684 1 5
685 1 45
686 1 41
687 0 5
688 0 7
689 1 1
690 1 48
691 0 42
692 0 37
693 0 44
694 0 4
695 4 0
696 0 48
697 7 49
698 0 8
699 0 36
700 1 46
701 1 48
702 2 1
703 1 4
704 0 43
705 0 3
706 2 41
707 1 47
708 0 5
709 0 41
710 0 10
711 0 47
712 0 2
713 6 49
714 7 49
715 0 14
716 0 46
717 0 9
718 0 40
719 1 39
720 1 49
721 0 6
722 1 0
723 0 49
724 0 10
725 0 1
726 0 13
727 0 47
728 0 41
729 0 48
730 0 2
731 0 42
732 0 3
733 6 49
734 6 0
735 1 47
736 0 35
737 5 0
738 0 5
739 1 37
740 0 4
741 2 39
742 7 49
743 0 34
744 0 37
745 0 49
746 0 36
747 0 0
748 0 9
749 1 39
750 6 49
751 3 0
752 0 12
753 0 10
754 1 4
755 0 2
756 2 40
757 0 48
758 1 46
759 1 47
760 0 4
761 1 41
762 0 49
763 0 7
764 0 6
765 0 48
766 1 1
767 0 11
768 0 47
769 0 37
770 0 41
771 1 37
772 4 0
773 0 35
774 0 42
775 1 38
776 1 0
777 1 42
778 1 5
779 1 1
780 1 4
781 0 9
782 5 0
783 2 0
784 0 34
785 1 0
786 2 0
787 0 5
788 2 1
789 1 41
790 0 8
791 1 5
792 0 43
793 0 35
794 2 0
795 2 38
796 0 1
797 0 9
798 0 49
799 0 3
800 1 4
801 0 4
802 5 49
803 3 0
804 0 0
805 0 12
806 0 45
807 0 37
808 0 11
809 0 12
810 1 0
811 0 38
812 0 1
813 1 2
814 8 49
815 1 1
816 0 36
817 0 13
818 0 46
819 0 35
820 1 4
821 0 34
822 4 0
823 0 11
824 4 49
825 0 45
826 3 49
827 0 12
828 1 38
829 0 13
830 2 49
831 5 0
832 4 0
833 0 0
834 0 42
835 0 2
836 0 41
837 0 12
838 0 44
839 1 49
840 2 39
841 0 43
842 0 35
843 0 1
844 2 1
845 2 0
846 1 2
847 0 4
848 0 10
849 0 2
850 5 0
851 2 1
852 7 49
853 0 44
854 0 13
855 1 1
856 0 46
857 0 3
858 6 0
859 0 11
860 0 6
861 0 33
862 0 32
863 0 2
864 0 47
865 1 2
866 0 12
867 1 45
868 0 13
869 0 36
870 1 3
871 0 35
872 0 31
873 0 46
874 5 0
875 0 5
876 0 10
877 3 49
878 2 40
879 0 34
880 0 3
881 1 46
882 0 0
883 0 12
884 0 36
885 1 47
886 0 43
887 0 47
888 1 37
889 2 37
890 1 4
891 6 49
892 2 49
893 0 44
894 0 48
895 0 33
896 0 35
897 0 9
898 0 6
899 0 34
900 5 49
901 1 1
902 1 3
903 0 35
904 0 5
905 0 4
906 1 37
907 0 47
908 1 41
909 0 34
910 1 36
911 0 39
912 0 45
913 2 2
914 0 32
915 0 5
916 0 2
917 1 11
918 1 48
919 0 4
920 1 43
921 4 49
922 0 1
923 0 8
924 1 49
925 0 3
926 0 36
927 0 44
928 0 35
929 0 7
930 0 46
931 2 41
932 3 49
933 0 11
934 2 40
935 4 0
936 0 41
937 0 34
938 0 5
939 3 48
940 0 2
941 0 4
942 0 31
943 4 49
944 0 35
945 4 48
946 5 0
947 0 45
948 1 10
949 3 49
950 0 5
951 0 1
952 2 49
953 2 41
954 2 3
955 0 47
956 0 43
957 0 42
958 0 48
959 0 43
960 1 5
961 2 2
962 4 47
963 1 2
964 6 0
965 1 42
966 1 41
967 0 6
968 1 3
969 0 46
970 1 4
971 0 0
972 0 37
973 1 5
974 0 1
975 0 10
976 1 49
977 5 49
978 6 49
979 0 9
980 0 5
981 5 49
982 0 32
983 1 47
984 4 49
985 4 48
986 1 0
987 0 38
988 0 37
989 0 10
990 0 47
991 3 48
992 2 1
993 0 3
994 0 34
995 1 39
996 0 2
997 0 31
998 5 49
999 0 3
1000 0 8
1001 2 48
1002 6 49
1003 1 1
1004 0 45
1005 2 1
1006 1 1
1007 0 46
1008 1 6
1009 0 32
1010 5 49
1011 2 1
1012 0 6
1013 1 43
1014 4 49
1015 0 42
1016 0 2
1017 0 5
1018 0 43
1019 5 0
1020 0 49
1021 0 35
1022 0 9
1023 5 49
1024 0 36
1025 2 49
1026 1 43
1027 0 34
1028 0 10
1029 1 2
1030 6 49
1031 1 7
1032 1 8
1033 2 41
1034 0 0
1035 0 4
1036 0 5
1037 2 0
1038 0 43
1039 0 35
1040 0 31
1041 0 38
1042 1 7
1043 1 49
1044 0 7
1045 0 2
1046 0 39
1047 0 6
1048 0 30
1049 0 49
1050 2 40
1051 0 41
1052 1 49
1053 1 44
1054 5 49
1055 0 34
1056 0 7
1057 0 44
1058 0 42
1059 1 43
1060 1 3
1061 0 45
1062 0 35
1063 0 49
1064 0 41
1065 1 40
1066 0 3
1067 1 4
1068 0 29
1069 0 40
1070 0 9
1071 1 1
1072 0 36
1073 1 2
1074 0 2
1075 4 0
1076 0 8
1077 3 0
1078 2 0
1079 2 44
1080 0 43
1081 1 5
1082 0 1
1083 1 1
1084 0 48
1085 0 46
1086 2 5
1087 1 48
1088 1 41
1089 3 0
1090 1 4
1091 1 8
1092 0 4
1093 0 3
1094 1 3
1095 1 49
1096 0 0
1097 4 0
1098 0 38
1099 1 44
1100 0 3
1101 1 36
1102 1 43
1103 0 45
1104 0 28
1105 1 7
1106 0 49
1107 1 0
1108 0 37
1109 0 41
1110 0 33
1111 0 32
1112 0 27
1113 0 36
1114 1 38
1115 2 6
1116 1 6
1117 1 44
1118 0 6
1119 0 42
1120 1 41
1121 0 2
1122 0 41
1123 0 35
1124 1 49
1125 1 3
1126 0 1
1127 0 26
1128 3 0
1129 1 47
1130 0 36
1131 0 35
1132 0 31
1133 6 49
1134 1 6
1135 1 48
1136 1 49
1137 0 47
1138 2 44
1139 0 6
1140 0 49
1141 0 7
1142 0 5
1143 1 2
1144 4 0
1145 0 36
1146 0 46
1147 5 49
1148 0 25
1149 0 0
1150 2 43
1151 1 0
1152 0 43
1153 0 38
1154 0 45
1155 0 4
1156 0 39
1157 1 1
1158 1 40
1159 0 3
1160 1 41
1161 1 2
1162 0 34
1163 0 30
1164 0 37
1165 0 41
1166 0 33
1167 2 2
1168 1 3
1169 0 42
1170 0 3
1171 0 44
1172 3 0
1173 0 43
1174 2 48
1175 0 24
1176 1 5
1177 6 49
1178 1 48
1179 0 5
1180 0 46
1181 1 47
1182 0 36
1183 2 41
1184 1 1
1185 1 41
1186 2 1
1187 0 23
1188 2 40
1189 0 1
1190 1 37
1191 0 38
1192 2 42
1193 2 41
1194 0 37
1195 1 4
1196 1 42
1197 0 8
1198 4 0
1199 0 47
1200 3 0
1201 0 2
1202 1 43
1203 0 1
1204 0 32
1205 5 49
1206 4 0
1207 3 1
1208 0 45
1209 0 22
1210 4 49
1211 0 31
1212 0 44
1213 3 41
1214 0 43
1215 2 4
1216 3 0
1217 0 4
1218 0 35
1219 1 5
1220 0 9
1221 0 42
1222 0 21
1223 0 3
1224 3 40
1225 0 32
1226 0 39
1227 1 8
1228 0 8
1229 1 4
1230 1 42
1231 5 49
1232 0 40
1233 0 2
1234 1 41
1235 0 7
1236 2 1
1237 0 36
1238 0 37
1239 2 0
1240 2 40
1241 0 4
1242 0 41
1243 1 7
1244 4 49
1245 0 8
1246 1 40
1247 2 41
1248 1 42
1249 0 45
1250 2 42
1251 0 40
1252 1 40
1253 0 9
1254 0 8
1255 0 31
1256 1 1
1257 1 4
1258 1 45
1259 0 36
1260 0 40
1261 1 41
1262 2 3
1263 1 8
1264 0 46
1265 1 3
1266 0 3
1267 5 49
1268 0 7
1269 1 42
1270 0 29
1271 0 1
1272 0 42
1273 0 2
1274 0 28
1275 0 6
1276 0 1
1277 1 46
1278 0 0
1279 2 41
1280 0 30
1281 1 9
1282 0 29
1283 0 34
1284 0 35
1285 0 9
1286 0 2
1287 0 45
1288 0 36
1289 3 0
1290 0 35
1291 1 42
1292 2 0
1293 0 20
1294 0 3
1295 0 42
1296 0 4
1297 1 0
1298 0 43
1299 0 47
1300 1 40
1301 0 19
1302 0 40
1303 0 18
1304 2 49
1305 1 8
1306 2 40
1307 0 46
1308 0 42
1309 2 39
1310 6 49
1311 1 1
1312 0 3
1313 0 27
1314 1 40
1315 0 8
1316 1 46
1317 0 5
1318 0 33
1319 5 49
1320 0 1
1321 2 38
1322 6 49
1323 1 8
1324 1 2
1325 0 6
1326 0 32
1327 0 43
1328 0 40
1329 1 38
1330 0 42
1331 0 30
1332 0 29
1333 0 28
1334 0 17
1335 1 7
1336 2 1
1337 0 16
1338 1 3
1339 2 2
1340 0 31
1341 0 37
1342 1 45
1343 0 45
1344 0 8
1345 1 49
1346 0 49
1347 2 0
1348 0 5
1349 1 42
1350 3 0
1351 1 47
1352 0 4
1353 1 29
1354 0 46
1355 2 3
1356 0 9
1357 0 48
1358 2 1
1359 0 30
1360 2 41
1361 5 49
1362 1 6
1363 0 0
1364 1 40
1365 0 36
1366 0 40
1367 0 45
1368 0 49
1369 0 2
1370 0 31
1371 2 4
1372 0 8
1373 0 29
1374 2 47
1375 0 41
1376 4 49
1377 0 5
1378 0 46
1379 1 46
1380 4 48
1381 1 43
1382 1 1
1383 0 47
1384 0 7
1385 0 3
1386 2 46
1387 1 49
1388 0 48
1389 0 30
1390 1 39
1391 0 42
1392 0 41
1393 1 7
1394 1 5
1395 0 15
1396 0 4
1397 1 44
1398 1 46
1399 1 37
1400 4 49
1401 1 41
1402 0 47
1403 2 3
1404 0 49
1405 0 40
1406 1 8
1407 0 5
1408 2 46
1409 4 0
1410 2 0
1411 0 48
1412 0 8
1413 1 0
1414 1 42
1415 3 0
1416 1 5
1417 0 42
1418 0 27
1419 1 3
1420 1 29
1421 0 26
1422 0 41
1423 0 42
1424 0 0
1425 0 14
1426 0 10
1427 3 49
1428 0 25
1429 0 5
1430 0 41
1431 4 49
1432 0 6
1433 2 2
1434 1 7
1435 2 40
1436 0 7
1437 2 42
1438 0 29
1439 0 24
1440 0 44
1441 0 43
1442 2 3
1443 0 1
1444 1 6
1445 1 7
1446 0 47
1447 4 0
1448 0 5
1449 0 46
1450 0 39
1451 3 0
1452 3 48
1453 1 40
1454 0 7
1455 0 28
1456 0 13
1457 1 1
1458 0 3
1459 3 49
1460 1 0
1461 0 29
1462 1 46
1463 0 23
1464 0 9
1465 0 4
1466 1 8
1467 2 8
1468 4 0
1469 0 30
1470 1 8
1471 0 12
1472 0 46
1473 0 45
1474 1 7
1475 2 7
1476 0 8
1477 1 2
1478 0 48
1479 2 45
1480 0 38
1481 0 9
1482 1 42
1483 0 5
1484 0 44
1485 1 39
1486 0 0
1487 3 0
1488 2 39
1489 0 11
1490 0 42
1491 0 1
1492 0 27
1493 2 6
1494 0 37
1495 2 44
1496 1 45
1497 0 41
1498 0 29
1499 0 38
1500 1 7
1501 1 3
1502 1 43
1503 0 12
1504 0 10
1505 0 49
1506 0 37
1507 0 28
1508 2 1
1509 2 45
1510 4 0
1511 0 42
1512 1 39
1513 0 6
1514 0 11
1515 0 7
1516 2 46
1517 1 6
1518 0 48
1519 2 2
1520 0 2
1521 0 0
1522 0 27
1523 0 38
1524 2 1
1525 0 1
1526 0 45
1527 1 1
1528 0 47
1529 2 43
1530 0 12
1531 1 46
1532 1 45
1533 0 13
1534 1 8
1535 2 44
1536 0 37
1537 0 41
1538 0 44
1539 1 5
1540 0 38
1541 0 9
1542 3 48
1543 0 8
1544 2 2
1545 0 28
1546 1 2
1547 2 48
1548 0 48
1549 0 43
1550 0 22
1551 0 37
1552 0 44
1553 0 29
1554 0 12
1555 0 30
1556 0 26
1557 2 45
1558 0 39
1559 0 47
1560 0 40
1561 1 9
1562 1 42
1563 2 44
1564 1 6
1565 2 45
1566 1 8
1567 2 3
1568 0 0
1569 1 48
1570 0 21
1571 0 6
1572 1 7
1573 0 20
1574 0 11
1575 1 9
1576 0 41
1577 1 49
1578 0 48
1579 3 0
1580 0 1
1581 0 10
1582 0 42
1583 0 0
1584 1 44
1585 2 4
1586 4 0
1587 0 25
1588 0 35
1589 0 29
1590 0 11
1591 0 7
1592 3 49
1593 0 9
1594 1 43
1595 1 38
1596 0 41
1597 0 1
1598 1 44
1599 1 37
1600 1 47
1601 2 3
1602 0 38
1603 0 36
1604 1 43
1605 0 42
1606 0 49
1607 0 28
1608 0 8
1609 2 49
1610 1 3
1611 0 27
1612 1 6
1613 0 39
1614 0 19
1615 2 1
1616 2 3
1617 0 41
1618 0 18
1619 0 47
1620 1 45
1621 0 7
1622 1 36
1623 2 43
1624 0 48
1625 1 43
1626 1 35
1627 2 2
1628 0 8
1629 0 6
1630 1 34
1631 0 34
1632 0 0
1633 0 5
1634 0 33
1635 0 35
1636 0 26
1637 1 41
1638 1 44
1639 2 7
1640 0 7
1641 1 43
1642 3 49
1643 0 41
1644 0 49
1645 0 25
1646 0 48
1647 1 7
1648 0 8
1649 3 0
1650 0 1
1651 2 45
1652 1 8
1653 0 17
1654 1 41
1655 1 1
1656 2 44
1657 0 26
1658 4 0
1659 1 39
1660 0 41
1661 1 49
1662 1 45
1663 0 6
1664 0 47
1665 0 42
1666 0 45
1667 3 1
1668 0 36
1669 0 24
1670 0 32
1671 1 2
1672 0 49
1673 0 9
1674 0 25
1675 1 3
1676 0 31
1677 1 47
1678 0 35
1679 0 43
1680 3 0
1681 1 5
1682 0 34
1683 0 47
1684 0 8
1685 0 5
1686 1 0
1687 0 16
1688 0 36
1689 1 8
1690 2 43
1691 2 8
1692 2 1
1693 0 35
1694 0 0
1695 0 6
1696 1 8
1697 1 1
1698 1 6
1699 0 3
1700 0 8
1701 1 7
1702 0 1
1703 4 0
1704 0 7
1705 0 30
1706 0 42
1707 0 10
1708 0 4
1709 2 2
1710 1 2
1711 1 47
1712 0 26
1713 0 15
1714 1 1
1715 0 41
1716 0 34
1717 0 27
1718 1 0
1719 0 5
1720 2 2
1721 0 23
1722 2 0
1723 1 48
1724 3 0
1725 0 9
1726 0 8
1727 0 7
1728 0 47
1729 0 14
1730 1 41
1731 2 44
1732 0 48
1733 0 46
1734 0 41
1735 0 35
1736 0 8
1737 0 40
1738 1 0
1739 2 43
1740 1 4
1741 0 7
1742 1 7
1743 0 49
1744 1 2
1745 0 10
1746 2 6
1747 2 42
1748 0 13
1749 0 36
1750 0 26
1751 0 39
1752 0 7
1753 0 35
1754 1 45
1755 0 38
1756 0 4
1757 0 25
1758 0 24
1759 0 39
1760 0 29
1761 1 44
1762 2 0
1763 0 41
1764 1 6
1765 1 8
1766 0 28
1767 1 3
1768 0 33
1769 1 43
1770 3 0
1771 0 9
1772 1 44
1773 2 3
1774 1 42
1775 2 0
1776 0 48
1777 2 8
1778 0 49
1779 1 5
1780 0 38
1781 2 1
1782 0 23
1783 0 3
1784 0 27
1785 0 37
1786 0 28
1787 0 8
1788 1 49
1789 1 43
1790 1 4
1791 1 3
1792 0 48
1793 0 26
1794 0 22
1795 0 32
1796 1 48
1797 2 45
1798 1 5
1799 3 0
1800 0 47
1801 2 7
1802 1 45
1803 0 36
1804 0 3
1805 0 9
1806 2 0
1807 0 2
1808 2 2
1809 0 5
1810 0 4
1811 0 21
1812 1 42
1813 0 5
1814 1 46
1815 0 48
1816 0 3
1817 4 0
1818 0 20
1819 0 12
1820 1 47
1821 3 0
1822 0 11
1823 0 4
1824 1 1
1825 2 45
1826 0 49
1827 0 46
1828 0 37
1829 0 6
1830 1 41
1831 0 42
1832 2 46
1833 1 42
1834 0 43
1835 0 34
1836 0 35
1837 2 0
1838 0 31
1839 0 29
1840 1 8
1841 1 2
1842 0 44
1843 0 38
1844 0 42
1845 0 25
1846 1 42
1847 0 24
1848 0 34
1849 0 10
1850 1 48
1851 2 45
1852 0 11
1853 0 33
1854 1 7
1855 2 1
1856 1 49
1857 2 49
1858 1 1
1859 3 0
1860 0 8
1861 1 45
1862 0 23
1863 0 49
1864 1 41
1865 2 1
1866 0 48
1867 0 19
1868 0 30
1869 2 44
1870 1 46
1871 1 1
1872 0 9
1873 0 39
1874 0 45
1875 1 0
1876 0 7
1877 0 43
1878 0 49
1879 2 6
1880 2 7
1881 1 45
1882 0 3
1883 0 12
1884 0 48
1885 1 46
1886 0 37
1887 0 32
1888 0 10
1889 2 8
1890 0 4
1891 2 43
1892 1 49
1893 0 22
1894 2 42
1895 0 8
1896 0 38
1897 1 47
1898 0 47
1899 0 37
1900 0 44
1901 0 18
1902 0 33
1903 0 21
1904 0 3
1905 1 7
1906 2 0
1907 2 9
1908 0 11
1909 0 12
1910 0 7
1911 0 34
1912 1 46
1913 3 0
1914 0 33
1915 0 36
1916 0 11
1917 0 42
1918 1 3
1919 0 29
1920 2 3
1921 0 46
1922 2 1
1923 1 47
1924 0 3
1925 0 32
1926 0 43
1927 0 20
1928 2 0
1929 1 1
1930 0 40
1931 1 7
1932 1 44
1933 1 9
1934 0 1
1935 0 4
1936 1 1
1937 0 9
1938 0 30
1939 2 43
1940 0 17
1941 0 31
1942 1 48
1943 2 1
1944 0 16
1945 0 19
1946 0 10
1947 1 42
1948 0 47
1949 0 46
1950 0 44
1951 0 11
1952 0 35
1953 2 49
1954 0 18
1955 1 8
1956 0 30
1957 1 3
1958 0 10
1959 1 43
1960 1 47
1961 1 44
1962 4 0
1963 0 12
1964 2 0
1965 0 5
1966 0 1
1967 1 41
1968 0 29
1969 0 2
1970 3 0
1971 2 47
1972 2 1
1973 2 44
1974 0 30
1975 0 11
1976 1 43
1977 0 17
1978 2 46
1979 0 41
1980 2 0
1981 0 9
1982 0 1
1983 1 42
1984 0 0
1985 0 1
1986 0 34
1987 1 4
1988 2 45
1989 1 1
1990 0 15
1991 1 2
1992 0 33
1993 0 16
1994 0 4
1995 0 34
1996 0 17
1997 0 3
1998 1 44
1999 1 46
2000 0 47
2001 2 44
2002 1 3
2003 5 0
2004 4 0
2005 1 44
2006 0 14
2007 0 0
2008 0 8
2009 0 7
2010 0 16
2011 0 6
2012 0 28
2013 0 48
2014 1 10
2015 2 44
2016 0 49
2017 1 9
2018 0 4
2019 0 33
2020 3 49
2021 1 45
2022 1 49
2023 6 0
2024 0 29
2025 5 0
2026 1 41
2027 1 47
2028 0 49
2029 3 0
2030 1 10
2031 0 8
2032 2 45
2033 0 3
2034 0 30
2035 0 29
2036 2 46
2037 2 43
2038 0 10
2039 0 7
2040 0 47
2041 0 15
2042 2 49
2043 1 46
2044 2 42
2045 1 8
2046 0 44
2047 2 41
2048 1 49
2049 1 9
2050 0 6
2051 0 41
2052 0 9
2053 7 0
2054 2 40
2055 2 0
2056 0 16
2057 0 32
2058 1 6
2059 6 0
2060 5 0
2061 0 42
2062 1 7
2063 0 15
2064 2 39
2065 1 44
2066 0 10
2067 0 28
2068 0 9
2069 0 44
2070 0 8
2071 6 0
2072 2 41
2073 0 7
2074 1 41
2075 2 40
2076 1 42
2077 0 41
2078 1 7
2079 1 44
2080 0 14
2081 0 49
2082 0 48
2083 5 0
2084 0 33
2085 1 8
2086 0 44
2087 0 29
2088 0 47
2089 1 40
2090 0 4
2091 3 0
2092 0 15
2093 0 48
2094 2 40
2095 0 16
2096 0 40
2097 6 0
2098 0 3
2099 0 27
2100 0 41
2101 1 3
2102 0 11
2103 0 9
2104 0 30
2105 1 10
2106 0 17
2107 0 26
2108 4 0
2109 0 13
2110 0 6
2111 2 42
2112 0 5
2113 0 25
2114 0 16
2115 0 29
2116 0 28
2117 0 42
2118 1 2
2119 0 6
2120 0 12
2121 2 43
2122 0 5
2123 7 0
2124 0 2
2125 1 40
2126 0 27
2127 0 15
2128 1 43
2129 0 8
2130 0 10
2131 0 35
2132 1 47
2133 1 6
2134 1 44
2135 0 1
2136 1 39
2137 0 34
2138 1 13
2139 0 11
2140 0 35
2141 0 24
2142 3 0
2143 0 45
2144 1 49
2145 0 10
2146 1 43
2147 0 46
2148 0 14
2149 0 36
2150 1 7
2151 0 47
2152 1 42
2153 0 6
2154 0 5
2155 0 2
2156 0 9
2157 0 1
2158 0 13
2159 1 45
2160 2 0
2161 4 0
2162 1 38
2163 0 10
2164 0 14
2165 0 26
2166 2 45
2167 6 0
2168 3 0
2169 0 13
2170 0 2
2171 2 49
2172 2 0
2173 0 27
2174 0 7
2175 1 11
2176 2 42
2177 5 0
2178 1 42
2179 0 11
2180 0 3
2181 1 0
2182 0 23
2183 0 22
2184 1 45
2185 0 45
2186 0 2
2187 1 12
2188 0 6
2189 0 38
2190 1 48
2191 2 42
2192 0 39
2193 0 35
2194 1 13
2195 0 21
2196 2 43
2197 0 10
2198 0 0
2199 0 9
2200 0 11
2201 1 12
2202 0 10
2203 0 37
2204 1 10
2205 1 35
2206 0 38
2207 4 1
2208 0 1
2209 0 14
2210 0 2
2211 0 13
2212 0 9
2213 0 10
2214 0 46
2215 0 8
2216 0 37
2217 0 42
2218 2 44
2219 6 0
2220 4 0
2221 1 1
2222 0 1
2223 0 45
2224 0 7
2225 0 20
2226 1 0
2227 1 14
2228 5 0
2229 1 9
2230 0 26
2231 0 0
2232 2 0
2233 0 11
2234 4 0
2235 1 42
2236 0 9
2237 0 14
2238 0 48
2239 0 1
2240 1 48
2241 0 8
2242 0 46
2243 0 35
2244 0 10
2245 0 12
2246 1 13
2247 5 0
2248 1 43
2249 0 11
2250 0 7
2251 1 12
2252 0 13
2253 0 45
2254 0 14
2255 4 0
2256 0 13
2257 3 49
2258 0 19
2259 0 46
2260 1 44
2261 1 0
2262 7 0
2263 0 34
2264 0 12
2265 0 10
2266 0 48
2267 0 35
2268 0 6
2269 6 0
2270 0 38
2271 0 47
2272 5 0
2273 0 25
2274 0 36
2275 0 37
2276 0 24
2277 0 11
2278 0 32
2279 0 7
2280 3 0
2281 0 14
2282 0 23
2283 1 10
2284 0 10
2285 0 3
2286 1 46
2287 2 43
2288 0 31
2289 0 48
2290 2 46
2291 0 0
2292 0 2
2293 0 12
2294 0 30
2295 1 45
2296 1 7
2297 8 0
2298 0 8
2299 2 45
2300 6 0
2301 2 0
2302 7 0
2303 0 9
2304 1 41
2305 0 13
2306 0 41
2307 2 46
2308 0 1
2309 2 42
2310 0 40
2311 2 45
2312 3 0
2313 1 13
2314 5 0
2315 1 43
2316 1 45
2317 2 7
2318 0 7
2319 0 0
2320 1 5
2321 1 41
2322 4 0
2323 0 18
2324 1 0
2325 0 47
2326 1 8
2327 0 3
2328 1 7
2329 0 41
2330 0 43
2331 0 13
2332 0 36
2333 0 37
2334 0 12
2335 1 46
2336 0 36
2337 0 2
2338 2 7
2339 0 3
2340 2 46
2341 0 5
2342 0 13
2343 0 12
2344 0 46
2345 1 49
2346 1 11
2347 0 10
2348 0 42
2349 0 2
2350 1 42
2351 2 8
2352 0 49
2353 0 11
2354 0 15
2355 0 45
2356 1 48
2357 0 48
2358 0 6
2359 1 43
2360 0 3
2361 1 14
2362 0 35
2363 0 17
2364 5 1
2365 6 0
2366 0 43
2367 1 8
2368 1 11
2369 1 45
2370 0 11
2371 0 39
2372 0 8
2373 0 14
2374 0 34
2375 1 48
2376 0 7
2377 0 12
2378 2 6
2379 1 49
2380 3 0
2381 5 0
2382 0 8
2383 0 22
2384 2 7
2385 2 47
2386 1 46
2387 2 43
2388 2 11
2389 0 13
2390 2 0
2391 1 40
2392 1 7
2393 0 45
2394 2 46
2395 0 33
2396 0 16
2397 0 9
2398 0 44
2399 0 10
2400 0 7
2401 0 9
2402 0 15
2403 4 0
2404 1 39
2405 4 1
2406 0 14
2407 0 6
2408 0 29
2409 1 40
2410 0 32
2411 2 1
2412 0 7
2413 1 6
2414 5 0
2415 0 8
2416 2 0
2417 0 31
2418 1 43
2419 4 0
2420 0 13
2421 1 45
2422 0 2
2423 1 16
2424 3 0
2425 1 11
2426 2 45
2427 2 0
2428 0 45
2429 0 21
2430 1 7
2431 0 46
2432 0 30
2433 0 43
2434 1 0
2435 2 44
2436 0 3
2437 0 42
2438 0 9
2439 0 2
2440 0 16
2441 0 8
2442 0 47
2443 0 0
2444 0 14
2445 0 38
2446 1 39
2447 1 8
2448 0 39
2449 0 17
2450 0 13
2451 0 20
2452 0 31
2453 2 45
2454 1 17
2455 5 0
2456 1 0
2457 0 46
2458 0 14
2459 1 7
2460 1 16
2461 1 4
2462 1 1
2463 0 32
2464 0 11
2465 0 16
2466 2 44
2467 1 8
2468 1 2
2469 0 28
2470 1 44
2471 1 39
2472 0 1
2473 1 13
2474 1 7
2475 0 47
2476 0 41
2477 0 10
2478 1 48
2479 1 15
2480 3 1
2481 0 0
2482 0 31
2483 1 43
2484 6 0
2485 2 43
2486 2 44
2487 3 2
2488 0 4
2489 0 39
2490 2 43
2491 0 3
2492 1 47
2493 0 42
2494 0 17
2495 2 44
2496 0 13
2497 0 38
2498 1 46
2499 1 16
2500 0 30
2501 0 48
2502 0 5
2503 1 6
2504 1 42
2505 0 37
2506 1 0
2507 0 18
2508 1 45
2509 0 15
2510 1 8
2511 1 17
2512 0 9
2513 0 0
2514 0 39
2515 1 43
2516 0 8
2517 0 7
2518 2 43
2519 0 14
2520 0 29
2521 0 17
2522 0 41
2523 1 43
2524 2 6
2525 2 43
2526 0 1
2527 1 1
2528 2 8
2529 5 0
2530 2 2
2531 0 19
2532 1 38
2533 4 0
2534 1 0
2535 2 42
2536 1 7
2537 0 8
2538 2 43
2539 0 0
2540 0 20
2541 0 38
2542 0 30
2543 2 1
2544 0 2
2545 6 0
2546 0 15
2547 0 1
2548 1 8
2549 2 2
2550 0 14
2551 3 44
2552 0 7
2553 0 39
2554 1 2
2555 0 8
2556 3 0
2557 0 38
2558 0 19
2559 0 16
2560 0 0
2561 1 3
2562 0 20
2563 0 15
2564 1 0
2565 5 0
2566 0 19
2567 0 16
2568 4 0
2569 2 7
2570 1 46
2571 1 2
2572 0 17
2573 1 3
2574 0 15
2575 0 0
2576 0 36
2577 0 35
2578 1 8
2579 0 16
2580 0 46
2581 0 37
2582 0 47
2583 1 47
2584 3 43
2585 0 17
2586 2 6
2587 0 36
2588 0 8
2589 1 0
2590 2 0
2591 0 46
2592 0 47
2593 2 43
2594 0 29
2595 1 6
2596 1 8
2597 0 30
2598 0 29
2599 0 45
2600 0 6
2601 0 5
2602 1 7
2603 0 6
2604 2 3
2605 0 35
2606 0 5
2607 0 42
2608 0 49
2609 0 30
2610 0 43
2611 0 36
2612 0 20
2613 1 49
2614 3 43
2615 0 35
2616 0 12
2617 0 6
2618 5 0
2619 0 42
2620 0 48
2621 0 16
2622 3 0
2623 2 5
2624 0 47
2625 2 6
2626 1 9
2627 0 48
2628 0 7
2629 1 5
2630 2 2
2631 2 0
2632 1 3
2633 2 44
2634 0 49
2635 0 19
2636 0 3
2637 0 9
2638 1 49
2639 0 47
2640 3 0
2641 0 38
2642 2 43
2643 0 15
2644 3 45
2645 4 0
2646 1 18
2647 0 20
2648 0 43
2649 0 39
2650 0 18
2651 2 42
2652 0 46
2653 2 45
2654 0 2
2655 2 0
2656 0 1
2657 3 2
2658 0 11
2659 1 4
2660 0 19
2661 3 1
2662 2 1
2663 1 42
2664 0 38
2665 0 31
2666 0 27
2667 1 0
2668 0 26
2669 1 2
2670 0 10
2671 0 40
2672 2 5
2673 0 16
2674 0 39
2675 4 1
2676 1 44
2677 4 0
2678 0 15
2679 0 25
2680 2 0
2681 0 24
2682 0 49
2683 0 20
2684 1 9
2685 1 18
2686 0 9
2687 0 16
2688 2 44
2689 0 34
2690 0 44
2691 0 19
2692 0 41
2693 2 2
2694 1 39
2695 0 36
2696 0 18
2697 0 0
2698 0 17
2699 2 4
2700 4 2
2701 0 8
2702 0 35
2703 1 45
2704 0 2
2705 3 2
2706 0 42
2707 3 0
2708 0 23
2709 0 45
2710 2 6
2711 2 7
2712 0 30
2713 0 33
2714 0 46
2715 2 43
2716 0 3
2717 1 4
2718 0 4
2719 0 22
2720 0 29
2721 1 18
2722 4 1
2723 3 3
2724 1 1
2725 2 45
2726 1 42
2727 0 39
2728 4 0
2729 0 9
2730 0 18
2731 0 1
2732 0 45
2733 0 28
2734 1 4
2735 0 42
2736 1 2
2737 0 10
2738 0 21
2739 2 6
2740 2 5
2741 2 3
2742 0 16
2743 0 34
2744 1 17
2745 0 20
2746 1 7
2747 2 4
2748 0 7
2749 2 5
2750 0 9
2751 1 45
2752 0 19
2753 0 4
2754 0 43
2755 0 0
2756 0 32
2757 0 33
2758 1 43
2759 2 4
2760 0 42
2761 0 32
2762 1 8
2763 5 0
2764 2 44
2765 0 48
2766 1 18
2767 2 2
2768 0 38
2769 4 0
2770 0 46
2771 0 45
2772 5 0
2773 1 0
2774 3 4
2775 2 4
2776 0 44
2777 0 49
2778 2 3
2779 1 16
2780 0 5
2781 2 8
2782 0 47
2783 0 8
2784 0 37
2785 0 39
2786 0 46
2787 4 0
2788 1 44
2789 0 18
2790 0 44
2791 0 6
2792 0 7
2793 0 5
2794 1 5
2795 0 41
2796 0 45
2797 0 27
2798 0 0
2799 1 4
2800 0 26
2801 0 25
2802 3 0
2803 0 24
2804 0 23
2805 0 4
2806 2 4
2807 1 44
2808 0 17
2809 1 0
2810 1 6
2811 1 8
2812 1 17
2813 0 33
2814 0 10
2815 1 47
2816 0 38
2817 1 18
2818 0 8
2819 0 47
2820 0 11
2821 1 48
2822 0 44
2823 4 0
2824 1 3
2825 1 10
2826 2 7
2827 0 9
2828 0 22
2829 0 32
2830 0 18
2831 0 43
2832 2 43
2833 0 6
2834 1 44
2835 0 7
2836 0 44
2837 0 40
2838 2 3
2839 1 15
2840 3 0
2841 0 15
2842 0 39
2843 1 47
2844 0 12
2845 0 17
2846 2 8
2847 1 4
2848 2 4
2849 0 33
2850 0 8
2851 0 48
2852 1 45
2853 1 4
2854 1 16
2855 0 6
2856 0 21
2857 0 16
2858 0 18
2859 0 40
2860 0 49
2861 2 7
2862 1 49
2863 0 35
2864 2 45
2865 0 45
2866 1 45
2867 0 41
2868 0 17
2869 1 17
2870 2 6
2871 0 45
2872 0 34
2873 1 16
2874 1 45
2875 1 7
2876 2 0
2877 1 2
2878 2 2
2879 0 11
2880 2 42
2881 0 14
2882 1 3
2883 0 48
2884 0 15
2885 0 40
2886 0 32
2887 0 45
2888 1 0
2889 0 20
2890 1 15
2891 6 0
2892 1 16
2893 1 15
2894 0 39
2895 0 19
2896 0 18
2897 1 4
2898 0 10
2899 5 0
2900 0 4
2901 1 45
2902 2 0
2903 1 16
2904 0 7
2905 0 17
2906 1 6
2907 1 5
2908 2 1
2909 0 47
2910 0 14
2911 0 45
2912 7 0
2913 6 0
2914 1 17
2915 1 45
2916 0 40
2917 7 0
2918 3 1
2919 2 3
2920 0 44
2921 0 18
2922 1 3
2923 1 4
2924 6 0
2925 5 0
2926 6 0
2927 0 36
2928 0 39
2929 0 48
2930 0 9
2931 0 45
2932 1 15
2933 0 49
2934 2 4
2935 0 10
2936 1 19
2937 0 46
2938 0 15
2939 0 37
2940 0 8
2941 0 17
2942 0 19
2943 1 4
2944 3 0
2945 1 8
2946 5 0
2947 0 38
2948 2 44
2949 0 13
2950 0 18
2951 1 44
2952 0 14
2953 0 8
2954 1 6
2955 0 7
2956 1 5
2957 1 48
2958 1 36
2959 0 33
2960 0 8
2961 1 42
2962 0 36
2963 0 43
2964 0 34
2965 0 45
2966 2 0
2967 0 44
2968 0 42
2969 8 0
2970 7 0
2971 0 37
2972 1 4
2973 0 38
2974 0 12
2975 0 43
2976 0 48
2977 0 33
2978 2 2
2979 0 13
2980 1 3
2981 0 42
2982 0 7
2983 1 43
2984 1 4
2985 2 1
2986 2 43
2987 0 5
2988 8 0
2989 0 19
2990 0 6
2991 0 31
2992 0 39
2993 0 14
2994 7 0
2995 1 44
2996 0 41
2997 0 46
2998 0 15
2999 1 1
3000 0 40
3001 0 7
3002 6 0
3003 1 5
3004 1 35
3005 3 2
3006 0 30
3007 0 18
3008 1 43
3009 2 4
3010 2 2
3011 0 49
3012 0 44
3013 3 1
3014 0 48
3015 0 45
3016 0 8
3017 3 0
3018 7 0
3019 0 16
3020 2 42
3021 0 19
3022 0 5
3023 4 0
3024 0 42
3025 1 2
3026 0 13
3027 0 35
3028 0 14
3029 1 7
3030 0 41
3031 1 14
3032 2 1
3033 0 15
3034 0 6
3035 0 14
3036 1 44
3037 2 0
3038 0 11
3039 1 0
3040 0 13
3041 1 42
3042 5 0
3043 0 5
3044 0 34
3045 6 0
3046 2 44
3047 2 42
3048 0 0
3049 0 9
3050 3 0
3051 0 29
3052 2 45
3053 0 28
3054 0 42
3055 0 41
3056 0 20
3057 0 16
3058 0 42
3059 0 1
3060 2 3
3061 8 0
3062 0 43
3063 0 27
3064 1 5
3065 1 3
3066 0 26
3067 0 25
3068 0 10
3069 0 11
3070 0 17
3071 1 42
3072 0 5
3073 0 4
3074 0 24
3075 2 3
3076 1 43
3077 7 0
3078 0 5
3079 1 34
3080 0 19
3081 1 5
3082 2 49
3083 0 18
3084 0 10
3085 1 48
3086 2 44
3087 0 48
3088 0 47
3089 0 35
3090 1 15
3091 0 44
3092 0 5
3093 0 34
3094 0 0
3095 1 44
3096 0 12
3097 1 3
3098 0 23
3099 0 11
3100 1 4
3101 0 22
3102 0 15
3103 2 5
3104 1 43
3105 0 7
3106 0 21
3107 0 12
3108 2 0
3109 0 20
3110 0 43
3111 2 4
3112 0 44
3113 0 46
3114 1 9
3115 0 17
3116 1 49
3117 0 41
3118 0 45
3119 0 49
3120 0 9
3121 1 49
3122 0 47
3123 0 46
3124 1 4
3125 0 36
3126 0 40
3127 0 47
3128 0 11
3129 0 43
3130 0 22
3131 3 5
3132 0 41
3133 1 1
3134 0 44
3135 1 5
3136 2 5
3137 3 0
3138 8 0
3139 2 48
3140 0 16
3141 0 15
3142 2 43
3143 0 49
3144 2 42
3145 0 4
3146 0 1
3147 0 46
3148 1 4
3149 0 21
3150 0 16
3151 1 44
3152 1 49
3153 2 0
3154 5 0
3155 1 7
3156 0 22
3157 7 0
3158 1 10
3159 0 15
3160 1 0
3161 1 8
3162 0 21
3163 3 4
3164 2 41
3165 0 7
3166 0 47
3167 0 4
3168 1 41
3169 0 6
3170 2 44
3171 1 42
3172 0 44
3173 0 16
3174 6 0
3175 0 12
3176 2 0
3177 0 3
3178 1 11
3179 0 35
3180 2 8
3181 1 8
3182 0 8
3183 3 5
3184 1 1
3185 0 14
3186 4 0
3187 0 23
3188 0 42
3189 3 0
3190 0 24
3191 2 0
3192 0 41
3193 0 1
3194 0 7
3195 2 45
3196 0 20
3197 1 45
3198 0 23
3199 0 22
3200 1 47
3201 1 34
3202 1 35
3203 0 8
3204 0 45
3205 1 44
3206 3 4
3207 2 6
3208 0 15
3209 0 34
3210 2 4
3211 0 0
3212 2 5
3213 0 1
3214 0 4
3215 0 9
3216 0 14
3217 0 11
3218 0 17
3219 1 48
3220 0 19
3221 3 0
3222 0 13
3223 1 3
3224 2 0
3225 3 6
3226 0 21
3227 0 5
3228 0 10
3229 1 34
3230 0 18
3231 0 14
3232 2 3
3233 0 48
3234 2 6
3235 1 48
3236 7 0
3237 0 19
3238 0 6
3239 1 10
3240 2 1
3241 1 43
3242 0 5
3243 0 11
3244 0 15
3245 0 22
3246 1 5
3247 0 18
3248 0 10
3249 0 33
3250 0 16
3251 2 2
3252 2 0
3253 0 48
3254 3 0
3255 1 48
3256 1 12
3257 1 8
3258 2 5
3259 0 19
3260 6 0
3261 0 12
3262 1 1
3263 0 1
3264 0 8
3265 0 40
3266 1 0
3267 0 2
3268 1 42
3269 2 0
3270 0 21
3271 5 0
3272 0 7
3273 0 48
3274 0 20
3275 0 47
3276 0 34
3277 1 9
3278 0 13
3279 1 11
3280 0 4
3281 0 18
3282 0 19
3283 1 43
3284 0 12
3285 2 49
3286 0 9
3287 2 1
3288 3 49
3289 4 0
3290 0 11
3291 0 5
3292 0 43
3293 0 36
3294 0 41
3295 0 3
3296 0 4
3297 2 4
3298 0 5
3299 0 13
3300 2 2
3301 0 20
3302 5 0
3303 0 40
3304 0 35
3305 0 46
3306 0 15
3307 4 49
3308 0 19
3309 4 0
3310 0 41
3311 1 4
3312 3 49
3313 0 44
3314 0 42
3315 0 10
3316 0 43
3317 4 49
3318 0 22
3319 0 4
3320 2 9
3321 0 2
3322 0 11
3323 0 18
3324 0 41
3325 0 47
3326 2 1
3327 1 6
3328 1 43
3329 2 3
3330 2 10
3331 0 21
3332 0 22
3333 0 3
3334 1 5
3335 1 3
3336 0 40
3337 0 2
3338 3 0
3339 0 19
3340 1 10
3341 0 21
3342 0 34
3343 0 5
3344 0 22
3345 1 46
3346 0 10
3347 2 3
3348 0 11
3349 2 6
3350 0 35
3351 0 14
3352 1 42
3353 2 7
3354 2 6
3355 1 9
3356 0 15
3357 0 1
3358 6 0
3359 1 43
3360 1 20
3361 1 42
3362 5 0
3363 2 46
3364 1 3
3365 0 6
3366 0 21
3367 0 32
3368 2 0
3369 0 20
3370 1 6
3371 1 1
3372 0 46
3373 0 14
3374 1 46
3375 0 12
3376 0 11
3377 1 43
3378 0 36
3379 3 0
3380 0 13
3381 0 14
3382 0 35
3383 0 18
3384 0 41
3385 1 45
3386 6 0
3387 0 31
3388 0 19
3389 0 12
3390 2 3
3391 1 42
3392 0 42
3393 3 1
3394 3 0
3395 5 0
3396 3 1
3397 2 0
3398 6 0
3399 1 0
3400 0 11
3401 0 41
3402 0 30
3403 0 17
3404 1 47
3405 0 45
3406 1 3
3407 0 10
3408 1 11
3409 0 44
3410 3 0
3411 0 16
3412 0 29
3413 3 49
3414 0 47
3415 5 0
3416 1 10
3417 6 0
3418 2 0
3419 1 21
3420 2 6
3421 2 1
3422 1 14
3423 0 39
3424 0 48
3425 1 4
3426 1 43
3427 0 18
3428 2 2
3429 0 13
3430 1 48
3431 2 43
3432 2 0
3433 0 19
3434 0 40
3435 0 21
3436 1 15
3437 1 5
3438 1 12
3439 2 5
3440 0 39
3441 0 14
3442 0 15
3443 7 0
3444 2 4
3445 0 45
3446 0 11
3447 1 2
3448 1 0
3449 0 42
3450 0 12
3451 1 47
3452 2 3
3453 3 0
3454 0 10
3455 0 44
3456 2 4
3457 1 16
3458 2 2
3459 0 47
3460 0 34
3461 1 47
3462 0 18
3463 0 45
3464 6 0
3465 0 35
3466 1 9
3467 1 41
3468 1 43
3469 0 43
3470 0 38
3471 3 4
3472 0 42
3473 1 2
3474 0 9
3475 0 13
3476 1 1
3477 0 37
3478 3 2
3479 3 1
3480 0 47
3481 0 36
3482 0 20
3483 0 48
3484 2 14
3485 2 1
3486 1 14
3487 0 17
3488 1 1
3489 0 14
3490 0 19
3491 0 37
3492 0 16
3493 0 33
3494 0 28
3495 0 41
3496 0 34
3497 4 1
3498 2 3
3499 2 0
3500 0 10
3501 2 47
3502 1 3
3503 2 1
3504 1 46
3505 1 17
3506 0 13
3507 3 1
3508 0 49
3509 1 1
3510 0 14
3511 0 18
3512 5 0
3513 0 43
3514 0 17
3515 0 13
3516 1 8
3517 0 46
3518 1 11
3519 1 18
3520 0 33
3521 0 11
3522 3 0
3523 0 42
3524 1 47
3525 0 43
3526 2 4
3527 1 7
3528 2 49
3529 1 4
3530 1 49
3531 6 0
3532 1 43
3533 0 9
3534 3 2
3535 0 38
3536 0 4
3537 2 0
3538 0 1
3539 1 12
3540 2 5
3541 0 3
3542 1 42
3543 2 4
3544 1 3
3545 0 34
3546 1 11
3547 5 0
3548 1 13
3549 0 2
3550 2 44
3551 0 8
3552 0 19
3553 2 49
3554 1 12
3555 2 12
3556 0 3
3557 0 47
3558 2 2
3559 1 49
3560 0 37
3561 2 11
3562 0 12
3563 0 43
3564 1 14
3565 1 19
3566 0 16
3567 0 42
3568 2 49
3569 3 2
3570 2 2
3571 0 1
3572 0 36
3573 2 3
3574 0 43
3575 0 0
3576 2 5
3577 3 2
3578 1 13
3579 1 36
3580 0 7
3581 1 18
3582 2 10
3583 0 18
3584 2 2
3585 0 36
3586 0 35
3587 0 48
3588 1 48
3589 1 3
3590 2 4
3591 4 0
3592 1 6
3593 2 6
3594 1 4
3595 1 49
3596 0 44
3597 0 2
3598 1 12
3599 3 2
3600 1 10
3601 1 16
3602 0 1
3603 0 37
3604 1 47
3605 1 5
3606 1 6
3607 0 45
3608 1 4
3609 0 36
3610 0 8
3611 3 1
3612 4 1
3613 1 9
3614 0 13
3615 0 6
3616 1 0
3617 1 10
3618 4 0
3619 0 47
3620 1 1
3621 1 47
3622 0 47
3623 0 4
3624 1 44
3625 1 2
3626 0 44
3627 0 14
3628 0 38
3629 0 37
3630 1 17
3631 3 4
3632 2 48
3633 2 5
3634 0 15
3635 2 2
3636 0 10
3637 0 9
3638 1 6
3639 1 43
3640 3 3
3641 0 17
3642 2 1
3643 1 5
3644 0 3
3645 0 38
3646 0 14
3647 0 37
3648 0 38
3649 0 18
3650 0 16
3651 2 47
3652 2 49
3653 1 47
3654 0 43
3655 0 15
3656 3 0
3657 0 10
3658 1 49
3659 0 42
3660 1 7
3661 0 19
3662 0 18
3663 1 14
3664 0 37
3665 2 2
3666 0 11
3667 0 12
3668 1 37
3669 0 27
3670 0 40
3671 0 17
3672 0 10
3673 2 1
3674 0 41
3675 0 13
3676 1 46
3677 4 0
3678 3 1
3679 0 9
3680 0 16
3681 0 43
3682 1 3
3683 1 15
3684 2 49
3685 0 39
3686 1 14
3687 0 12
3688 2 1
3689 1 12
3690 1 43
3691 1 44
3692 3 0
3693 1 1
3694 0 40
3695 1 10
3696 0 38
3697 1 15
3698 0 37
3699 0 1
3700 0 26
3701 2 14
3702 1 45
3703 0 12
3704 1 46
3705 0 2
3706 3 1
3707 0 48
3708 2 3
3709 1 2
3710 0 15
3711 1 49
3712 1 12
3713 0 17
3714 0 10
3715 0 49
3716 1 43
3717 1 45
3718 2 0
3719 4 0
3720 1 38
3721 1 39
3722 0 38
3723 0 35
3724 0 34
3725 0 12
3726 0 2
3727 3 0
3728 1 44
3729 1 4
3730 1 38
3731 1 15
3732 2 13
3733 0 15
3734 1 3
3735 1 39
3736 1 15
3737 3 2
3738 1 2
3739 1 13
3740 0 13
3741 0 33
3742 2 2
3743 4 0
3744 2 1
3745 2 12
3746 1 3
3747 2 39
3748 0 37
3749 1 49
3750 1 12
3751 3 2
3752 3 0
3753 0 39
3754 1 39
3755 2 5
3756 2 0
3757 1 10
3758 1 4
3759 2 1
3760 0 25
3761 1 6
3762 2 12
3763 2 0
3764 0 10
3765 2 49
3766 1 49
3767 0 11
3768 0 49
3769 0 38
3770 0 24
3771 0 12
3772 1 14
3773 0 48
3774 1 45
3775 0 47
3776 0 15
3777 0 6
3778 0 16
3779 0 4
3780 0 39
3781 1 12
3782 2 14
3783 1 46
3784 2 1
3785 0 32
3786 2 0
3787 0 15
3788 1 13
3789 1 47
3790 0 16
3791 0 31
3792 0 46
3793 0 18
3794 1 5
3795 0 30
3796 0 17
3797 0 13
3798 3 1
3799 1 46
3800 2 1
3801 3 0
3802 2 38
3803 0 36
3804 2 0
3805 0 5
3806 0 42
3807 2 13
3808 0 10
3809 2 2
3810 2 15
3811 1 16
3812 4 1
3813 1 11
3814 0 8
3815 0 16
3816 3 1
3817 2 14
3818 0 4
3819 3 0
3820 2 37
3821 1 47
3822 1 48
3823 0 43
3824 1 37
3825 0 15
3826 0 35
3827 0 37
3828 2 11
3829 3 1
3830 2 48
3831 1 2
3832 4 2
3833 1 12
3834 1 48
3835 1 42
3836 0 29
3837 0 7
3838 0 9
3839 0 5
3840 0 12
3841 1 0
3842 0 23
3843 0 8
3844 1 11
3845 5 1
3846 0 22
3847 2 1
3848 0 7
3849 0 14
3850 3 14
3851 2 4
3852 0 21
3853 0 28
3854 0 15
3855 2 0
3856 4 1
3857 0 14
3858 0 2
3859 0 36
3860 0 11
3861 3 0
3862 1 15
3863 1 49
3864 1 48
3865 0 10
3866 1 14
3867 1 2
3868 2 49
3869 0 20
3870 1 15
3871 0 37
3872 3 2
3873 5 0
3874 1 14
3875 0 15
3876 4 0
3877 3 15
3878 0 16
3879 1 15
3880 0 15
3881 0 19
3882 1 37
3883 0 8
3884 0 18
3885 2 2
3886 1 6
3887 0 38
3888 6 0
3889 0 27
3890 2 3
3891 0 9
3892 0 26
3893 3 14
3894 5 0
3895 0 39
3896 3 1
3897 0 17
3898 0 6
3899 3 3
3900 1 38
3901 0 38
3902 0 11
3903 3 13
3904 3 2
3905 2 14
3906 6 0
3907 0 5
3908 3 3
3909 1 9
3910 2 15
3911 2 13
3912 3 49
3913 1 4
3914 0 25
3915 1 1
3916 1 37
3917 2 48
3918 0 45
3919 0 10
3920 1 14
3921 0 44
3922 0 45
3923 0 14
3924 2 37
3925 1 2
3926 0 16
3927 3 0
3928 1 49
3929 0 49
3930 1 1
3931 2 14
3932 0 37
3933 0 6
3934 1 41
3935 1 16
3936 5 0
3937 1 3
3938 3 2
3939 2 47
3940 0 44
3941 2 0
3942 1 0
3943 1 8
3944 1 14
3945 4 0
3946 1 9
3947 3 0
3948 0 11
3949 0 43
3950 1 10
3951 4 0
3952 0 42
3953 0 39
3954 0 41
3955 0 46
3956 2 2
3957 1 47
3958 2 49
3959 1 49
3960 1 6
3961 0 12
3962 1 8
3963 2 36
3964 2 3
3965 0 0
3966 1 17
3967 2 35
3968 0 11
3969 0 47
3970 0 10
3971 2 1
3972 1 5
3973 0 43
3974 0 44
3975 3 0
3976 1 9
3977 1 47
3978 0 17
3979 0 6
3980 1 8
3981 2 49
3982 0 1
3983 0 9
3984 0 18
3985 0 47
3986 0 38
3987 1 1
3988 0 12
3989 1 47
3990 0 45
3991 1 13
3992 0 34
3993 0 13
3994 0 5
3995 1 14
3996 2 1
3997 0 8
3998 0 19
3999 3 3
4000 1 35
4001 1 8
4002 0 44
4003 1 15
4004 1 48
4005 0 4
4006 1 1
4007 4 3
4008 0 47
4009 1 16
4010 1 11
4011 0 7
4012 0 8
4013 3 3
4014 1 15
4015 0 12
4016 0 13
4017 1 49
4018 0 33
4019 2 3
4020 0 18
4021 0 24
4022 1 13
4023 0 9
4024 0 46
4025 0 19
4026 0 43
4027 0 35
4028 1 4
4029 0 18
4030 0 11
4031 0 10
4032 1 47
4033 1 16
4034 0 3
4035 0 6
4036 1 12
4037 0 42
4038 1 15
4039 1 10
4040 0 34
4041 0 7
4042 0 47
4043 0 4
4044 1 0
4045 0 17
4046 0 8
4047 3 1
4048 0 39
4049 0 3
4050 2 0
4051 1 34
4052 0 18
4053 0 10
4054 3 4
4055 1 47
4056 0 43
4057 0 12
4058 0 2
4059 2 47
4060 0 6
4061 0 13
4062 0 12
4063 0 19
4064 0 35
4065 1 45
4066 0 4
4067 0 47
4068 1 2
4069 0 38
4070 1 1
4071 0 34
4072 1 0
4073 0 23
4074 0 5
4075 1 34
4076 0 34
4077 0 45
4078 1 3
4079 1 14
4080 0 6
4081 1 13
4082 0 42
4083 0 13
4084 2 0
4085 1 6
4086 0 6
4087 2 49
4088 3 3
4089 1 34
4090 2 1
4091 1 10
4092 0 3
4093 1 15
4094 0 15
4095 1 15
4096 1 49
4097 2 49
4098 0 39
4099 0 32
4100 0 38
4101 0 22
4102 4 2
4103 0 43
4104 1 49
4105 3 2
4106 1 9
4107 0 34
4108 1 13
4109 0 18
4110 2 12
4111 1 11
4112 0 42
4113 2 13
4114 0 40
4115 0 13
4116 2 2
4117 0 11
4118 0 39
4119 1 14
4120 0 40
4121 1 8
4122 0 35
4123 0 4
4124 3 0
4125 0 39
4126 1 47
4127 0 31
4128 3 13
4129 0 10
4130 1 13
4131 0 11
4132 0 3
4133 0 10
4134 0 1
4135 0 15
4136 1 33
4137 0 33
4138 4 2
4139 0 11
4140 0 34
4141 2 13
4142 4 3
4143 0 2
4144 3 2
4145 0 43
4146 0 40
4147 2 0
4148 0 44
4149 0 41
4150 0 10
4151 1 12
4152 0 37
4153 2 14
4154 1 4
4155 0 32
4156 1 9
4157 3 1
4158 3 2
4159 0 19
4160 1 48
4161 1 8
4162 0 40
4163 0 9
4164 2 1
4165 0 10
4166 2 0
4167 1 3
4168 0 17
4169 0 12
4170 1 2
4171 0 11
4172 2 11
4173 0 43
4174 0 48
4175 1 10
4176 0 12
4177 0 42
4178 1 9
4179 2 15
4180 1 14
4181 0 1
4182 0 31
4183 0 11
4184 0 35
4185 0 21
4186 0 32
4187 2 16
4188 0 2
4189 1 43
4190 4 1
4191 1 45
4192 1 42
4193 1 1
4194 0 38
4195 3 1
4196 0 20
4197 0 45
4198 0 46
4199 1 0
4200 0 16
4201 0 12
4202 1 41
4203 0 34
4204 2 1
4205 0 41
4206 1 46
4207 0 42
4208 0 35
4209 0 34
4210 1 11
4211 0 13
4212 0 35
4213 0 47
4214 2 15
4215 2 46
4216 0 1
4217 2 0
4218 0 33
4219 0 48
4220 1 19
4221 0 34
4222 0 32
4223 1 46
4224 0 12
4225 0 2
4226 4 0
4227 2 2
4228 3 0
4229 0 18
4230 1 10
4231 3 3
4232 0 19
4233 0 13
4234 0 18
4235 0 39
4236 1 9
4237 3 2
4238 2 46
4239 1 46
4240 1 49
4241 2 49
4242 1 33
4243 2 2
4244 0 12
4245 0 1
4246 0 17
4247 0 14
4248 1 15
4249 2 1
4250 0 19
4251 0 13
4252 2 0
4253 0 9
4254 0 14
4255 3 2
4256 0 0
4257 0 10
4258 2 45
4259 1 45
4260 0 41
4261 0 33
4262 2 3
4263 2 14
4264 3 1
4265 0 47
4266 1 10
4267 0 15
4268 0 10
4269 0 16
4270 0 43
4271 0 17
4272 0 13
4273 0 18
4274 1 12
4275 1 14
4276 2 1
4277 1 15
4278 3 0
4279 3 1
4280 2 44
4281 0 19
4282 0 1
4283 0 9
4284 0 48
4285 0 12
4286 1 14
4287 1 17
4288 0 20
4289 1 13
4290 0 10
4291 1 46
4292 0 49
4293 0 17
4294 0 38
4295 0 46
4296 2 43
4297 1 43
4298 1 14
4299 0 11
4300 3 3
4301 0 12
4302 2 43
4303 2 0
4304 0 31
4305 1 6
4306 1 44
4307 0 6
4308 1 43
4309 2 1
4310 0 19
4311 1 10
4312 0 47
4313 0 2
4314 0 5
4315 0 13
4316 0 14
4317 3 0
4318 2 10
4319 0 48
4320 1 32
4321 1 3
4322 0 21
4323 3 1
4324 0 20
4325 0 39
4326 0 43
4327 0 44
4328 0 12
4329 0 34
4330 1 7
4331 1 6
4332 1 12
4333 0 38
4334 0 3
4335 0 46
4336 3 0
4337 0 32
4338 0 21
4339 1 49
4340 0 18
4341 0 33
4342 2 44
4343 0 49
4344 0 42
4345 0 43
4346 0 19
4347 2 2
4348 0 4
4349 0 42
4350 0 18
4351 1 10
4352 0 19
4353 2 0
4354 1 13
4355 0 10
4356 0 3
4357 0 43
4358 1 3
4359 0 32
4360 1 2
4361 0 48
4362 0 9
4363 1 43
4364 0 31
4365 4 1
4366 2 3
4367 3 1
4368 0 39
4369 1 14
4370 4 0
4371 0 13
4372 0 45
4373 0 12
4374 1 0
4375 0 49
4376 3 0
4377 0 46
4378 2 0
4379 2 10
4380 0 45
4381 0 10
4382 1 39
4383 2 1
4384 2 7
4385 0 35
4386 0 40
4387 1 15
4388 1 11
4389 0 9
4390 0 11
4391 1 7
4392 1 1
4393 0 32
4394 0 4
4395 0 31
4396 3 0
4397 0 20
4398 0 41
4399 0 5
4400 2 9
4401 1 44
4402 2 4
4403 2 6
4404 1 49
4405 0 47
4406 0 4
4407 0 37
4408 1 10
4409 0 39
4410 1 39
4411 1 11
4412 0 49
4413 1 8
4414 0 40
4415 4 2
4416 0 3
4417 0 48
4418 0 36
4419 0 41
4420 2 5
4421 0 30
4422 0 2
4423 4 0
4424 2 10
4425 0 1
4426 0 21
4427 0 32
4428 2 11
4429 0 18
4430 1 9
4431 1 43
4432 0 33
4433 0 34
4434 1 5
4435 2 3
4436 0 40
4437 0 29
4438 3 0
4439 0 13
4440 0 22
4441 1 4
4442 3 2
4443 3 1
4444 1 8
4445 0 20
4446 0 23
4447 0 4
4448 1 49
4449 0 28
4450 0 27
4451 3 0
4452 0 14
4453 3 10
4454 2 4
4455 2 5
4456 0 21
4457 0 49
4458 2 10
4459 2 2
4460 1 42
4461 0 42
4462 0 0
4463 2 0
4464 2 6
4465 2 1
4466 0 19
4467 0 39
4468 0 37
4469 0 41
4470 0 38
4471 0 8
4472 1 44
4473 1 11
4474 1 10
4475 3 1
4476 0 3
4477 2 1
4478 1 21
4479 2 2
4480 0 26
4481 0 42
4482 2 1
4483 1 14
4484 0 22
4485 0 35
4486 0 43
4487 0 4
4488 2 3
4489 0 44
4490 1 4
4491 1 40
4492 0 4
4493 1 0
4494 2 9
4495 1 20
4496 2 2
4497 2 1
4498 0 40
4499 0 10
4500 0 21
4501 1 49
4502 0 9
4503 1 15
4504 1 12
4505 2 8
4506 0 34
4507 1 21
4508 3 2
4509 0 12
4510 0 35
4511 0 34
4512 2 2
4513 0 20
4514 0 7
4515 0 8
4516 0 6
4517 0 15
4518 1 11
4519 2 15
4520 0 13
4521 2 9
4522 2 1
4523 0 0
4524 0 45
4525 0 12
4526 0 44
4527 1 10
4528 1 11
4529 0 49
4530 0 17
4531 0 25
4532 3 0
4533 2 0
4534 0 14
4535 0 16
4536 2 4
4537 0 32
4538 0 5
4539 0 9
4540 2 2
4541 0 1
4542 0 4
4543 1 15
4544 0 22
4545 0 2
4546 1 9
4547 1 4
4548 1 12
4549 0 12
4550 0 21
4551 1 12
4552 1 45
4553 0 13
4554 0 5
4555 2 9
4556 0 14
4557 0 3
4558 1 9
4559 0 45
4560 0 15
4561 2 1
4562 0 9
4563 0 6
4564 3 1
4565 0 23
4566 0 26
4567 0 46
4568 3 0
4569 2 0
4570 0 22
4571 2 49
4572 0 23
4573 1 20
4574 1 7
4575 0 12
4576 0 20
4577 0 22
4578 0 2
4579 2 3
4580 3 1
4581 0 14
4582 0 45
4583 0 25
4584 0 19
4585 0 31
4586 1 10
4587 3 3
4588 0 37
4589 0 10
4590 1 12
4591 0 20
4592 1 3
4593 0 3
4594 0 2
4595 0 24
4596 1 0
4597 1 9
4598 0 0
4599 0 7
4600 1 0
4601 1 14
4602 1 44
4603 0 30
4604 3 0
4605 0 12
4606 2 9
4607 0 19
4608 0 25
4609 0 29
4610 0 15
4611 0 23
4612 0 24
4613 1 2
4614 2 3
4615 0 3
4616 3 3
4617 0 8
4618 1 3
4619 0 4
4620 2 3
4621 2 0
4622 0 25
4623 0 26
4624 2 8
4625 0 22
4626 0 23
4627 1 13
4628 1 14
4629 3 0
4630 0 11
4631 0 25
4632 1 41
4633 0 24
4634 0 41
4635 1 49
4636 3 6
4637 2 5
4638 0 38
4639 0 28
4640 2 4
4641 1 13
4642 1 9
4643 0 49
4644 1 8
4645 1 38
4646 1 2
4647 2 5
4648 2 6
4649 0 5
4650 1 41
4651 2 2
4652 0 39
4653 1 6
4654 1 7
4655 0 38
4656 0 41
4657 2 0
4658 0 20
4659 0 9
4660 0 25
4661 3 2
4662 2 9
4663 0 4
4664 1 0
4665 1 3
4666 4 0
4667 0 36
4668 1 49
4669 2 1
4670 0 39
4671 0 24
4672 0 33
4673 0 10
4674 1 12
4675 0 0
4676 2 2
4677 0 49
4678 0 35
4679 3 0
4680 1 9
4681 0 16
4682 0 7
4683 2 3
4684 0 25
4685 1 13
4686 2 9
4687 2 4
4688 1 1
4689 1 4
4690 0 13
4691 2 7
4692 3 1
4693 2 6
4694 3 0
4695 0 46
4696 1 45
4697 0 18
4698 1 9
4699 0 45
4700 0 4
4701 0 12
4702 1 0
4703 1 2
4704 0 46
4705 0 38
4706 3 49
4707 2 3
4708 3 5
4709 1 1
4710 3 2
4711 3 3
4712 0 17
4713 0 34
4714 0 15
4715 1 3
4716 2 0
4717 0 13
4718 2 5
4719 0 8
4720 0 37
4721 1 2
4722 0 12
4723 2 2
4724 0 9
4725 0 5
4726 0 27
4727 0 19
4728 0 13
4729 1 2
4730 2 49
4731 3 4
4732 0 24
4733 1 19
4734 3 49
4735 2 49
4736 2 8
4737 0 26
4738 1 46
4739 2 2
4740 0 45
4741 0 44
4742 1 8
4743 0 38
4744 1 13
4745 0 19
4746 3 3
4747 2 4
4748 0 6
4749 1 4
4750 0 37
4751 0 42
4752 0 13
4753 0 14
4754 1 1
4755 0 18
4756 0 38
4757 0 10
4758 3 4
4759 0 47
4760 0 39
4761 1 25
4762 0 35
4763 2 7
4764 3 2
4765 3 0
4766 0 19
4767 0 34
4768 3 1
4769 0 40
4770 2 4
4771 2 5
4772 0 9
4773 0 1
4774 0 11
4775 0 39
4776 2 6
4777 0 41
4778 1 6
4779 1 11
4780 1 24
4781 3 2
4782 0 38
4783 1 5
4784 2 0
4785 0 20
4786 0 12
4787 0 37
4788 1 4
4789 0 13
4790 0 11
4791 2 4
4792 0 25
4793 0 45
4794 2 5
4795 2 6
4796 0 32
4797 2 5
4798 1 9
4799 2 11
4800 0 44
4801 4 1
4802 4 0
4803 0 38
4804 3 0
4805 0 10
4806 0 37
4807 0 48
4808 0 40
4809 0 9
4810 0 35
4811 2 10
4812 3 1
4813 1 10
4814 0 46
4815 2 8
4816 1 7
4817 0 27
4818 0 36
4819 0 31
4820 0 11
4821 1 11
4822 5 0
4823 2 7
4824 1 7
4825 6 0
4826 0 24
4827 0 26
4828 2 7
4829 4 0
4830 4 1
4831 0 10
4832 2 4
4833 4 0
4834 0 9
4835 2 6
4836 0 38
4837 0 34
4838 1 23
4839 0 23
4840 2 5
4841 0 22
4842 1 49
4843 4 1
4844 0 12
4845 0 8
4846 5 0
4847 1 12
4848 0 47
4849 1 6
4850 1 10
4851 0 35
4852 2 7
4853 1 7
4854 0 39
4855 0 23
4856 0 36
4857 0 25
4858 0 41
4859 0 9
4860 0 35
4861 5 1
4862 4 1
4863 0 45
4864 0 12
4865 2 6
4866 0 24
4867 4 2
4868 0 25
4869 1 9
4870 0 19
4871 4 1
4872 2 0
4873 1 40
4874 2 5
4875 0 21
4876 2 6
4877 2 11
4878 0 18
4879 4 0
4880 1 11
4881 0 22
4882 0 36
4883 1 1
4884 4 1
4885 2 5
4886 0 38
4887 0 40
4888 1 3
4889 3 1
4890 0 11
4891 1 11
4892 1 46
4893 0 6
4894 0 19
4895 0 35
4896 0 39
4897 6 0
4898 1 0
4899 3 4
4900 0 40
4901 0 3
4902 0 46
4903 0 8
4904 3 0
4905 2 4
4906 0 36
4907 1 18
4908 1 36
4909 0 23
4910 0 24
4911 0 18
4912 1 3
4913 0 37
4914 1 12
4915 0 33
4916 3 5
4917 2 0
4918 0 7
4919 2 1
4920 1 8
4921 2 0
4922 0 20
4923 0 36
4924 3 0
4925 0 25
4926 1 7
4927 0 32
4928 1 18
4929 1 10
4930 1 11
4931 0 48
4932 0 24
4933 1 2
4934 0 3
4935 1 48
4936 2 1
4937 2 6
4938 1 35
4939 2 0
4940 1 9
4941 2 10
4942 2 5
4943 1 1
4944 0 10
4945 1 4
4946 0 35
4947 0 11
4948 0 34
4949 0 47
4950 0 1
4951 2 1
4952 0 22
4953 2 7
4954 0 7
4955 0 2
4956 0 48
4957 0 23
4958 2 2
4959 0 47
4960 4 0
4961 2 9
4962 1 49
4963 1 48
4964 0 13
4965 0 46
4966 1 11
4967 1 21
4968 0 18
4969 2 8
4970 2 7
4971 1 49
4972 1 2
4973 1 5
4974 0 19
4975 0 24
4976 5 0
4977 0 18
4978 0 23
4979 0 9
4980 0 8
4981 1 36
4982 0 12
4983 0 47
4984 1 10
4985 2 6
4986 1 9
4987 0 33
4988 1 8
4989 0 24
4990 3 0
4991 0 21
4992 3 6
4993 0 46
4994 1 37
4995 0 20
4996 0 16
4997 0 23
4998 0 36
4999 0 8
5000 0 13
5001 0 4
5002 1 3
5003 2 3
5004 2 0
5005 0 34
5006 0 9
5007 0 37
5008 1 22
5009 0 35
5010 0 10
5011 0 36
5012 0 31
5013 1 2
5014 2 49
5015 0 19
5016 2 7
5017 2 5
5018 1 48
5019 1 47
5020 0 37
5021 4 0
5022 3 3
5023 0 5
5024 0 47
5025 0 48
5026 0 8
5027 0 38
5028 1 49
5029 0 2
5030 3 4
5031 3 7
5032 2 6
5033 0 4
5034 0 36
5035 0 5
5036 1 36
5037 0 39
5038 1 21
5039 3 3
5040 0 46
5041 1 12
5042 0 24
5043 2 5
5044 3 5
5045 2 6
5046 0 1
5047 0 11
5048 1 18
5049 2 3
5050 0 20
5051 0 0
5052 0 18
5053 0 4
5054 0 17
5055 2 5
5056 0 10
5057 1 37
5058 0 49
5059 3 8
5060 0 1
5061 0 21
5062 0 0
5063 3 5
5064 1 49
5065 3 2
5066 1 11
5067 2 7
5068 0 5
5069 2 9
5070 1 1
5071 3 1
5072 1 0
5073 1 35
5074 3 6
5075 0 37
5076 0 6
5077 0 7
5078 2 48
5079 0 19
5080 0 25
5081 0 24
5082 0 25
5083 0 49
5084 3 0
5085 1 3
5086 1 49
5087 2 0
5088 0 0
5089 0 14
5090 0 38
5091 0 9
5092 2 5
5093 3 7
5094 0 12
5095 1 4
5096 0 4
5097 3 6
5098 0 1
5099 0 49
5100 0 6
5101 0 45
5102 0 10
5103 0 13
5104 0 46
5105 0 35
5106 1 18
5107 0 34
5108 0 11
5109 0 44
5110 0 24
5111 0 20
5112 0 18
5113 1 4
5114 1 8
5115 1 48
5116 2 1
5117 0 47
5118 1 1
5119 0 35
5120 3 9
5121 1 3
5122 0 46
5123 1 18
5124 1 4
5125 5 0
5126 0 21
5127 2 49
5128 0 4
5129 0 8
5130 0 14
5131 4 0
5132 0 47
5133 1 0
5134 0 18
5135 0 23
5136 1 49
5137 4 8
5138 1 6
5139 2 6
5140 1 1
5141 1 0
5142 0 22
5143 3 1
5144 0 36
5145 0 46
5146 3 0
5147 3 49
5148 0 43
5149 0 6
5150 0 5
5151 3 8
5152 4 0
5153 0 42
5154 2 49
5155 0 35
5156 0 13
5157 0 47
5158 1 18
5159 0 34
5160 0 23
5161 1 9
5162 4 7
5163 1 1
5164 0 6
5165 1 8
5166 1 5
5167 0 7
5168 0 35
5169 0 12
5170 3 2
5171 4 6
5172 0 41
5173 1 2
5174 0 9
5175 0 18
5176 1 1
5177 0 10
5178 3 7
5179 1 7
5180 0 22
5181 2 2
5182 0 9
5183 3 8
5184 1 0
5185 0 10
5186 0 6
5187 1 48
5188 1 38
5189 1 49
5190 3 7
5191 0 13
5192 1 6
5193 0 5
5194 0 34
5195 0 9
5196 2 48
5197 0 40
5198 0 21
5199 2 1
5200 1 9
5201 0 35
5202 0 36
5203 0 4
5204 2 49
5205 0 8
5206 1 37
5207 2 0
5208 1 19
5209 0 12
5210 0 24
5211 2 7
5212 2 8
5213 3 6
5214 0 35
5215 3 7
5216 1 4
5217 3 0
5218 0 13
5219 1 2
5220 1 21
5221 0 21
5222 2 6
5223 0 7
5224 0 49
5225 1 1
5226 1 3
5227 3 5
5228 0 23
5229 3 49
5230 1 49
5231 1 0
5232 0 41
5233 0 9
5234 0 3
5235 0 20
5236 3 8
5237 0 46
5238 0 21
5239 3 4
5240 2 7
5241 0 33
5242 1 7
5243 1 6
5244 4 49
5245 2 9
5246 0 10
5247 1 21
5248 0 4
5249 3 9
5250 0 22
5251 1 36
5252 1 5
5253 0 2
5254 1 1
5255 0 23
5256 2 0
5257 0 5
5258 3 49
5259 0 12
5260 0 39
5261 0 47
5262 0 13
5263 3 0
5264 3 8
5265 2 49
5266 0 36
5267 1 22
5268 1 2
5269 2 0
5270 3 0
5271 1 6
5272 1 21
5273 0 40
5274 0 32
5275 0 22
5276 3 49
5277 3 10
5278 1 1
5279 2 6
5280 2 0
5281 3 3
5282 1 35
5283 1 22
5284 2 5
5285 3 7
5286 0 11
5287 0 6
5288 5 0
5289 0 37
5290 2 6
5291 0 21
5292 3 4
5293 0 20
5294 0 14
5295 0 36
5296 0 13
5297 0 21
5298 2 10
5299 0 14
5300 0 12
5301 1 10
5302 0 10
5303 0 30
5304 0 31
5305 1 21
5306 2 49
5307 0 7
5308 3 3
5309 0 20
5310 0 46
5311 3 2
5312 0 6
5313 0 11
5314 1 2
5315 0 23
5316 1 6
5317 1 22
5318 1 3
5319 1 20
5320 0 7
5321 0 22
5322 0 8
5323 4 0
5324 3 0
5325 0 7
5326 0 10
5327 0 21
5328 0 19
5329 2 20
5330 1 10
5331 0 30
5332 1 49
5333 2 0
5334 0 18
5335 2 7
5336 2 22
5337 1 9
5338 3 0
5339 0 3
5340 0 38
5341 1 7
5342 2 49
5343 1 36
5344 0 39
5345 0 22
5346 0 23
5347 1 20
5348 0 34
5349 1 13
5350 0 9
5351 0 31
5352 1 21
5353 0 2
5354 2 1
5355 0 35
5356 1 22
5357 0 3
5358 1 1
5359 3 1
5360 0 37
5361 1 48
5362 0 13
5363 0 45
5364 2 1
5365 0 34
5366 0 44
5367 3 0
5368 2 2
5369 0 12
5370 1 23
5371 0 19
5372 2 5
5373 0 20
5374 0 46
5375 0 2
5376 1 5
5377 0 3
5378 1 1
5379 1 6
5380 1 7
5381 1 10
5382 1 12
5383 0 8
5384 0 38
5385 3 3
5386 1 13
5387 0 10
5388 2 48
5389 0 22
5390 0 1
5391 0 42
5392 0 29
5393 0 11
5394 0 47
5395 0 21
5396 0 35
5397 1 49
5398 2 6
5399 3 1
5400 1 12
5401 1 9
5402 0 12
5403 0 49
5404 0 20
5405 0 19
5406 1 4
5407 1 20
5408 0 18
5409 0 37
5410 1 8
5411 0 32
5412 0 48
5413 2 1
5414 0 28
5415 0 49
5416 1 6
5417 1 24
5418 2 0
5419 0 23
5420 0 36
5421 1 7
5422 3 4
5423 1 38
5424 0 31
5425 0 7
5426 1 19
5427 1 49
5428 2 1
5429 0 24
5430 0 27
5431 0 8
5432 0 38
5433 1 3
5434 0 9
5435 4 0
5436 1 2
5437 0 25
5438 1 1
5439 1 11
5440 0 34
5441 0 7
5442 0 6
5443 1 10
5444 3 1
5445 0 28
5446 0 10
5447 0 43
5448 0 35
5449 3 2
5450 0 19
5451 0 24
5452 0 18
5453 1 37
5454 3 5
5455 0 30
5456 2 1
5457 0 13
5458 0 29
5459 0 14
5460 0 34
5461 2 49
5462 0 19
5463 0 5
5464 1 48
5465 2 5
5466 0 4
5467 0 48
5468 1 49
5469 0 13
5470 0 37
5471 0 12
5472 1 5
5473 1 48
5474 1 10
5475 0 42
5476 1 20
5477 3 3
5478 0 25
5479 4 3
5480 1 2
5481 1 49
5482 0 13
5483 0 35
5484 0 22
5485 1 3
5486 0 8
5487 3 0
5488 0 5
5489 0 43
5490 1 5
5491 0 42
5492 1 4
5493 1 2
5494 1 37
5495 2 8
5496 1 8
5497 3 1
5498 0 27
5499 3 0
5500 2 8
5501 0 5
5502 0 6
5503 2 0
5504 0 49
5505 0 45
5506 0 26
5507 0 46
5508 1 5
5509 1 19
5510 1 4
5511 1 11
5512 0 27
5513 0 2
5514 1 10
5515 0 37
5516 1 21
5517 1 0
5518 1 20
5519 0 26
5520 3 1
5521 1 2
5522 1 1
5523 2 6
5524 1 6
5525 1 9
5526 1 0
5527 0 12
5528 0 23
5529 1 8
5530 0 0
5531 0 38
5532 1 10
5533 1 49
5534 0 34
5535 0 21
5536 0 20
5537 0 11
5538 0 12
5539 1 7
5540 2 1
5541 2 5
5542 0 25
5543 0 35
5544 2 9
5545 2 0
5546 0 37
5547 1 25
5548 0 6
5549 0 5
5550 0 7
5551 0 36
5552 0 45
5553 1 48
5554 3 5
5555 0 24
5556 0 28
5557 0 37
5558 1 2
5559 1 8
5560 0 22
5561 0 33
5562 0 36
5563 0 2
5564 3 4
5565 0 6
5566 0 27
5567 0 26
5568 1 6
5569 3 3
5570 0 34
5571 0 48
5572 0 37
5573 1 3
5574 0 23
5575 1 37
5576 4 0
5577 0 21
5578 0 1
5579 0 2
5580 0 25
5581 0 36
5582 3 0
5583 0 20
5584 2 49
5585 1 9
5586 0 9
5587 1 9
5588 3 2
5589 1 49
5590 0 1
5591 0 49
5592 0 48
5593 0 44
5594 0 22
5595 0 2
5596 1 2
5597 0 37
5598 2 9
5599 1 0
5600 1 1
5601 1 9
5602 0 45
5603 0 3
5604 2 8
5605 4 0
5606 1 25
5607 1 37
5608 0 49
5609 0 41
5610 4 4
5611 0 9
5612 3 4
5613 1 49
5614 0 8
5615 3 3
5616 0 13
5617 2 1
5618 0 25
5619 0 21
5620 3 2
5621 1 5
5622 0 4
5623 0 37
5624 0 12
5625 0 11
5626 1 39
5627 3 3
5628 1 25
5629 0 25
5630 1 8
5631 0 3
5632 0 24
5633 1 7
5634 0 23
5635 0 10
5636 0 4
5637 1 1
5638 0 22
5639 1 9
5640 2 3
5641 0 21
5642 0 5
5643 0 15
5644 0 14
5645 0 27
5646 1 24
5647 1 25
5648 3 3
5649 1 24
5650 0 11
5651 0 12
5652 0 40
5653 1 6
5654 2 0
5655 0 20
5656 0 13
5657 2 9
5658 0 28
5659 0 24
5660 1 0
5661 1 3
5662 1 40
5663 1 8
5664 0 14
5665 0 39
5666 1 9
5667 1 39
5668 0 38
5669 0 37
5670 0 11
5671 1 5
5672 1 2
5673 0 25
5674 3 0
5675 1 4
5676 0 27
5677 2 4
5678 2 0
5679 1 1
5680 0 1
5681 0 8
5682 0 10
5683 1 10
5684 0 33
5685 0 21
5686 0 24
5687 1 11
5688 3 4
5689 2 3
5690 0 2
5691 1 46
5692 2 5
5693 0 4
5694 1 2
5695 1 9
5696 0 46
5697 1 22
5698 0 26
5699 1 10
5700 0 25
5701 1 40
5702 0 13
5703 0 24
5704 1 38
5705 3 3
5706 0 14
5707 0 32
5708 0 19
5709 0 20
5710 0 9
5711 0 38
5712 0 2
5713 1 39
5714 0 5
5715 1 24
5716 0 22
5717 3 0
5718 3 5
5719 1 11
5720 0 13
5721 1 22
5722 1 25
5723 3 4
5724 0 21
5725 1 7
5726 0 10
5727 0 20
5728 0 24
5729 0 22
5730 3 6
5731 0 41
5732 1 8
5733 3 1
5734 1 10
5735 1 2
5736 0 8
5737 0 40
5738 3 2
5739 0 44
5740 1 22
5741 0 23
5742 0 12
5743 0 4
5744 0 16
5745 0 9
5746 3 5
5747 1 26
5748 0 18
5749 0 15
5750 0 19
5751 0 2
5752 1 27
5753 1 25
5754 0 6
5755 0 20
5756 0 22
5757 0 36
5758 0 25
5759 0 11
5760 0 21
5761 2 4
5762 0 31
5763 0 22
5764 3 4
5765 0 21
5766 0 5
5767 0 19
5768 0 24
5769 0 37
5770 0 28
5771 0 18
5772 0 4
5773 2 2
5774 1 2
5775 2 6
5776 0 30
5777 0 22
5778 0 43
5779 0 8
5780 1 6
5781 0 27
5782 2 5
5783 0 25
5784 0 10
5785 1 11
5786 0 3
5787 0 23
5788 0 38
5789 0 37
5790 1 5
5791 3 0
5792 0 5
5793 0 11
5794 4 0
5795 1 11
5796 0 28
5797 0 27
5798 0 2
5799 0 36
5800 1 20
5801 0 6
5802 0 24
5803 3 0
5804 0 9
5805 0 7
5806 0 20
5807 0 26
5808 0 5
5809 0 27
5810 0 19
5811 0 42
5812 3 1
5813 0 20
5814 0 41
5815 0 23
5816 1 4
5817 0 24
5818 0 23
5819 0 1
5820 1 1
5821 0 29
5822 0 11
5823 0 37
5824 0 24
5825 1 19
5826 1 12
5827 1 8
5828 0 10
5829 1 3
5830 0 3
5831 1 3
5832 1 13
5833 0 36
5834 1 5
5835 0 37
5836 1 38
5837 2 49
5838 2 5
5839 2 25
5840 0 19
5841 1 12
5842 1 49
5843 1 9
5844 2 4
5845 0 0
5846 0 6
5847 0 1
5848 1 2
5849 0 23
5850 1 25
5851 1 6
5852 0 11
5853 0 16
5854 1 24
5855 0 6
5856 0 45
5857 1 3
5858 1 6
5859 0 28
5860 0 0
5861 1 4
5862 0 15
5863 0 9
5864 2 6
5865 1 28
5866 0 17
5867 0 14
5868 1 13
5869 1 25
5870 0 46
5871 0 6
5872 2 3
5873 0 24
5874 0 42
5875 0 45
5876 0 23
5877 0 13
5878 0 12
5879 1 6
5880 1 39
5881 0 18
5882 1 0
5883 0 28
5884 1 3
5885 0 29
5886 0 46
5887 2 25
5888 0 25
5889 0 39
5890 1 5
5891 1 7
5892 1 13
5893 0 30
5894 1 10
5895 1 4
5896 0 24
5897 0 26
5898 2 4
5899 0 36
5900 0 11
5901 1 5
5902 0 23
5903 0 13
5904 1 13
5905 2 5
5906 3 2
5907 0 10
5908 0 29
5909 1 48
5910 0 24
5911 1 4
5912 0 19
5913 1 5
5914 1 47
5915 1 49
5916 1 8
5917 0 7
5918 3 3
5919 0 5
5920 0 11
5921 2 26
5922 2 49
5923 0 0
5924 3 4
5925 0 4
5926 0 6
5927 0 37
5928 1 23
5929 0 7
5930 1 12
5931 2 3
5932 0 13
5933 3 5
5934 0 8
5935 2 4
5936 0 9
5937 1 24
5938 0 43
5939 0 45
5940 0 28
5941 3 6
5942 1 4
5943 2 12
5944 1 48
5945 0 20
5946 1 15
5947 1 14
5948 0 44
5949 0 10
5950 0 36
5951 0 25
5952 0 26
5953 0 12
5954 0 14
5955 1 49
5956 1 16
5957 0 25
5958 0 49
5959 0 35
5960 0 13
5961 0 34
5962 1 11
5963 0 26
5964 1 9
5965 0 46
5966 0 19
5967 1 23
5968 0 14
5969 0 30
5970 2 2
5971 0 16
5972 0 45
5973 0 8
5974 0 7
5975 0 20
5976 0 19
5977 0 33
5978 0 22
5979 0 20
5980 0 32
5981 1 8
5982 1 10
5983 3 4
5984 0 31
5985 0 15
5986 0 46
5987 0 27
5988 0 11
5989 1 9
5990 1 37
5991 0 8
5992 0 21
5993 0 28
5994 0 23
5995 0 37
5996 3 7
5997 1 49
5998 0 19
5999 0 16
6000 0 1
6001 0 36
6002 2 4
6003 0 37
6004 0 45
6005 2 10
6006 0 24
6007 0 12
6008 0 38
6009 1 21
6010 1 12
6011 2 3
6012 1 10
6013 1 11
6014 0 17
6015 1 38
6016 0 2
6017 0 39
6018 0 11
6019 0 9
6020 0 29
6021 0 18
6022 2 7
6023 3 4
6024 0 3
6025 0 49
6026 0 48
6027 0 27
6028 0 28
6029 3 3
6030 0 25
6031 0 36
6032 2 1
6033 0 35
6034 0 21
6035 1 3
6036 0 34
6037 1 5
6038 0 37
6039 0 44
6040 3 4
6041 0 17
6042 0 13
6043 0 49
6044 1 2
6045 1 30
6046 0 22
6047 2 2
6048 1 11
6049 1 12
6050 0 45
6051 1 9
6052 1 26
6053 1 49
6054 0 46
6055 1 7
6056 0 18
6057 1 6
6058 0 11
6059 1 3
6060 0 24
6061 0 38
6062 0 45
6063 0 21
6064 0 3
6065 0 8
6066 2 0
6067 1 10
6068 0 49
6069 0 14
6070 0 26
6071 0 2
6072 2 10
6073 0 33
6074 0 13
6075 0 16
6076 0 9
6077 0 10
6078 0 30
6079 2 6
6080 0 17
6081 1 30
6082 0 12
6083 1 10
6084 1 48
6085 1 22
6086 0 8
6087 0 25
6088 1 17
6089 0 20
6090 0 13
6091 0 19
6092 0 3
6093 2 7
6094 0 22
6095 0 32
6096 0 23
6097 0 11
6098 2 1
6099 3 5
6100 0 2
6101 0 48
6102 3 4
6103 0 10
6104 0 33
6105 1 11
6106 0 30
6107 3 3
6108 2 17
6109 0 12
6110 0 43
6111 0 21
6112 0 47
6113 3 2
6114 0 48
6115 1 7
6116 0 17
6117 2 9
6118 0 27
6119 1 14
6120 0 13
6121 1 1
6122 1 17
6123 1 8
6124 0 22
6125 0 7
6126 1 10
6127 2 10
6128 0 20
6129 0 44
6130 1 9
6131 0 14
6132 2 2
6133 0 21
6134 0 8
6135 2 9
6136 2 11
6137 0 7
6138 0 18
6139 0 3
6140 0 19
6141 0 26
6142 0 6
6143 0 4
6144 0 10
6145 1 11
6146 1 28
6147 1 9
6148 1 39
6149 2 7
6150 2 11
6151 0 5
6152 1 38
6153 1 10
6154 2 10
6155 3 10
6156 0 27
6157 0 32
6158 0 28
6159 3 9
6160 1 10
6161 1 23
6162 0 22
6163 0 31
6164 0 8
6165 1 27
6166 2 12
6167 0 24
6168 0 27
6169 2 30
6170 2 3
6171 1 15
6172 0 6
6173 0 15
6174 1 9
6175 1 7
6176 0 3
6177 0 2
6178 0 23
6179 0 10
6180 0 9
6181 0 14
6182 0 18
6183 0 17
6184 0 18
6185 0 22
6186 0 21
6187 3 4
6188 0 26
6189 1 22
6190 1 8
6191 1 23
6192 2 9
6193 0 22
6194 0 19
6195 0 21
6196 0 22
6197 0 25
6198 0 33
6199 0 32
6200 0 17
6201 1 16
6202 0 21
6203 1 12
6204 1 30
6205 2 8
6206 2 4
6207 0 13
6208 3 4
6209 1 15
6210 3 49
6211 0 30
6212 0 16
6213 1 30
6214 1 26
6215 1 18
6216 0 18
6217 1 49
6218 0 10
6219 2 7
6220 1 18
6221 1 31
6222 0 27
6223 0 5
6224 0 37
6225 0 28
6226 0 33
6227 1 39
6228 1 38
6229 0 38
6230 0 49
6231 1 2
6232 1 16
6233 3 1
6234 3 3
6235 0 11
6236 1 30
6237 2 6
6238 0 14
6239 0 9
6240 0 12
6241 1 15
6242 0 40
6243 1 7
6244 0 17
6245 2 5
6246 1 1
6247 0 30
6248 1 27
6249 1 17
6250 0 26
6251 0 18
6252 0 19
6253 1 6
6254 1 2
6255 0 11
6256 0 8
6257 1 26
6258 0 20
6259 0 13
6260 0 42
6261 0 12
6262 1 29
6263 1 5
6264 0 14
6265 2 1
6266 0 23
6267 1 27
6268 1 26
6269 1 18
6270 2 2
6271 0 15
6272 1 10
6273 1 49
6274 0 39
6275 1 30
6276 0 38
6277 0 49
6278 1 3
6279 0 39
6280 1 27
6281 0 41
6282 0 16
6283 3 2
6284 2 49
6285 0 3
6286 0 38
6287 0 42
6288 0 39
6289 0 27
6290 0 48
6291 0 21
6292 0 29
6293 0 7
6294 0 4
6295 2 11
6296 2 5
6297 0 22
6298 0 11
6299 1 14
6300 0 6
6301 0 23
6302 0 25
6303 3 3
6304 2 12
6305 0 49
6306 0 30
6307 0 10
6308 0 14
6309 1 12
6310 0 17
6311 0 31
6312 0 3
6313 2 6
6314 0 24
6315 1 6
6316 1 5
6317 0 2
6318 0 26
6319 0 1
6320 0 38
6321 1 21
6322 0 41
6323 0 40
6324 0 25
6325 0 18
6326 0 30
6327 3 1
6328 2 12
6329 0 21
6330 0 22
6331 2 1
6332 0 39
6333 0 24
6334 0 46
6335 2 6
6336 0 38
6337 2 0
6338 0 45
6339 1 17
6340 0 11
6341 0 20
6342 0 19
6343 1 9
6344 2 9
6345 0 7
6346 0 20
6347 2 3
6348 0 10
6349 0 13
6350 3 0
6351 0 14
6352 0 41
6353 0 43
6354 0 12
6355 0 0
6356 1 29
6357 0 40
6358 0 8
6359 0 1
6360 4 0
6361 2 5
6362 2 8
6363 1 12
6364 0 29
6365 0 37
6366 1 7
6367 0 7
6368 0 41
6369 0 23
6370 1 7
6371 0 19
6372 5 0
6373 0 42
6374 0 44
6375 0 15
6376 0 20
6377 1 1
6378 0 19
6379 0 9
6380 0 7
6381 0 14
6382 1 6
6383 1 27
6384 0 43
6385 1 13
6386 1 7
6387 1 26
6388 0 15
6389 0 21
6390 0 7
6391 1 2
6392 0 27
6393 0 10
6394 0 11
6395 4 0
6396 1 5
6397 1 7
6398 0 14
6399 0 38
6400 0 39
6401 0 12
6402 2 9
6403 0 7
6404 1 25
6405 1 24
6406 2 1
6407 1 7
6408 0 25
6409 0 26
6410 0 15
6411 0 20
6412 1 9
6413 1 3
6414 1 18
6415 0 40
6416 0 24
6417 1 24
6418 0 47
6419 0 24
6420 1 24
6421 1 1
6422 1 6
6423 3 0
6424 0 39
6425 0 38
6426 0 21
6427 0 45
6428 0 18
6429 1 28
6430 1 0
6431 0 22
6432 1 12
6433 1 7
6434 1 1
6435 0 44
6436 0 14
6437 0 30
6438 2 0
6439 0 19
6440 0 20
6441 1 25
6442 0 21
6443 1 19
6444 0 18
6445 1 4
6446 2 9
6447 0 37
6448 1 23
6449 0 38
6450 1 6
6451 0 22
6452 0 24
6453 2 8
6454 0 23
6455 0 25
6456 0 37
6457 5 0
6458 1 7
6459 0 7
6460 3 0
6461 1 25
6462 1 13
6463 0 29
6464 0 13
6465 0 19
6466 1 2
6467 2 0
6468 0 14
6469 0 38
6470 0 21
6471 2 7
6472 0 42
6473 1 21
6474 0 48
6475 0 25
6476 0 13
6477 0 28
6478 0 21
6479 1 14
6480 0 22
6481 1 7
6482 0 17
6483 0 23
6484 0 43
6485 1 28
6486 4 0
6487 1 27
6488 0 28
6489 1 26
6490 1 20
6491 0 42
6492 0 27
6493 1 16
6494 0 26
6495 0 24
6496 0 45
6497 1 3
6498 0 32
6499 3 0
6500 0 27
6501 1 18
6502 4 0
6503 0 16
6504 0 20
6505 1 1
6506 1 16
6507 0 18
6508 1 24
6509 1 23
6510 0 12
6511 0 37
6512 0 26
6513 6 0
6514 0 31
6515 0 13
6516 0 22
6517 0 21
6518 1 0
6519 0 1
6520 0 3
6521 2 16
6522 1 49
6523 1 16
6524 0 16
6525 0 0
6526 1 41
6527 1 6
6528 0 2
6529 1 12
6530 1 15
6531 0 38
6532 0 3
6533 1 3
6534 2 12
6535 1 40
6536 0 47
6537 0 41
6538 0 23
6539 2 3
6540 3 0
6541 0 48
6542 0 14
6543 0 17
6544 1 7
6545 2 0
6546 0 22
6547 1 8
6548 0 16
6549 5 0
6550 0 19
6551 0 49
6552 0 13
6553 1 49
6554 0 25
6555 1 7
6556 1 14
6557 0 7
6558 1 12
6559 0 6
6560 0 21
6561 0 24
6562 0 22
6563 2 4
6564 3 1
6565 2 3
6566 0 12
6567 2 2
6568 0 23
6569 0 26
6570 2 6
6571 2 1
6572 1 16
6573 0 16
6574 0 7
6575 0 2
6576 1 39
6577 1 23
6578 1 11
6579 0 23
6580 0 20
6581 1 6
6582 0 49
6583 3 0
6584 0 14
6585 1 10
6586 1 1
6587 0 46
6588 1 7
6589 4 0
6590 3 0
6591 0 7
6592 4 0
6593 2 8
6594 0 3
6595 1 9
6596 0 30
6597 0 29
6598 0 24
6599 0 39
6600 2 6
6601 0 15
6602 3 2
6603 0 23
6604 0 27
6605 1 2
6606 1 7
6607 0 7
6608 0 28
6609 1 47
6610 1 4
6611 0 2
6612 2 1
6613 1 10
6614 1 11
6615 3 0
6616 2 0
6617 1 48
6618 0 1
6619 1 24
6620 0 24
6621 0 47
6622 0 46
6623 1 3
6624 1 15
6625 1 24
6626 0 8
6627 2 7
6628 0 25
6629 3 3
6630 0 16
6631 3 1
6632 6 0
6633 0 38
6634 1 6
6635 1 27
6636 2 26
6637 0 24
6638 0 39
6639 0 9
6640 2 25
6641 4 1
6642 1 5
6643 2 1
6644 1 19
6645 0 19
6646 0 6
6647 0 29
6648 0 27
6649 0 7
6650 0 13
6651 1 10
6652 5 0
6653 1 21
6654 0 8
6655 1 23
6656 0 21
6657 0 22
6658 1 20
6659 1 49
6660 1 0
6661 0 47
6662 1 39
6663 1 19
6664 2 19
6665 3 1
6666 4 0
6667 0 17
6668 0 18
6669 1 1
6670 0 23
6671 0 28
6672 1 19
6673 0 20
6674 0 24
6675 1 6
6676 3 0
6677 1 38
6678 0 17
6679 1 9
6680 1 39
6681 1 38
6682 0 30
6683 0 21
6684 0 23
6685 0 20
6686 0 7
6687 2 4
6688 0 49
6689 0 0
6690 0 29
6691 0 39
6692 1 8
6693 1 23
6694 1 14
6695 1 24
6696 2 18
6697 0 40
6698 0 19
6699 0 8
6700 0 6
6701 0 28
6702 4 0
6703 1 18
6704 0 21
6705 1 2
6706 1 4
6707 2 6
6708 0 18
6709 0 5
6710 0 4
6711 0 19
6712 1 0
6713 0 2
6714 0 18
6715 0 37
6716 1 9
6717 0 9
6718 0 27
6719 0 19
6720 0 29
6721 3 2
6722 4 2
6723 2 0
6724 3 2
6725 0 3
6726 1 3
6727 1 23
6728 0 38
6729 2 7
6730 0 18
6731 3 0
6732 1 2
6733 0 37
6734 0 8
6735 1 25
6736 1 20
6737 1 15
6738 0 23
6739 0 46
6740 0 1
6741 1 1
6742 1 13
6743 1 8
6744 0 22
6745 4 0
6746 1 17
6747 0 45
6748 0 36
6749 0 6
6750 0 8
6751 0 17
6752 0 20
6753 2 6
6754 1 6
6755 0 0
6756 0 38
6757 1 0
6758 0 37
6759 1 8
6760 2 0
6761 1 0
6762 2 1
6763 0 1
6764 0 47
6765 0 19
6766 0 28
6767 1 17
6768 0 12
6769 0 7
6770 1 14
6771 1 47
6772 0 20
6773 0 8
6774 0 11
6775 1 10
6776 1 16
6777 0 2
6778 2 0
6779 0 25
6780 0 19
6781 0 23
6782 0 46
6783 0 47
6784 2 5
6785 0 24
6786 0 9
6787 0 10
6788 0 48
6789 2 7
6790 3 5
6791 0 29
6792 1 38
6793 2 2
6794 2 6
6795 1 27
6796 2 5
6797 0 6
6798 0 38
6799 2 3
6800 0 7
6801 1 2
6802 1 5
6803 0 23
6804 0 18
6805 0 28
6806 0 24
6807 1 38
6808 0 1
6809 0 0
6810 2 2
6811 1 9
6812 0 8
6813 1 18
6814 2 3
6815 1 6
6816 2 4
6817 0 17
6818 0 23
6819 0 47
6820 1 0
6821 0 27
6822 2 5
6823 2 16
6824 1 13
6825 0 16
6826 0 0
6827 1 4
6828 0 12
6829 0 1
6830 5 0
6831 0 9
6832 0 13
6833 1 20
6834 0 0
6835 0 18
6836 1 5
6837 0 7
6838 0 29
6839 1 13
6840 1 16
6841 0 10
6842 0 1
6843 0 17
6844 0 2
6845 0 3
6846 4 0
6847 1 3
6848 0 24
6849 0 11
6850 0 13
6851 0 28
6852 0 6
6853 0 18
6854 0 12
6855 3 0
6856 0 5
6857 1 47
6858 3 1
6859 0 29
6860 2 1
6861 0 30
6862 3 6
6863 0 17
6864 0 4
6865 1 46
6866 2 18
6867 0 46
6868 0 11
6869 3 1
6870 1 21
6871 2 10
6872 0 3
6873 1 18
6874 0 47
6875 1 14
6876 4 1
6877 0 26
6878 0 2
6879 3 1
6880 0 9
6881 4 0
6882 4 1
6883 2 11
6884 0 25
6885 3 0
6886 1 40
6887 1 15
6888 2 4
6889 0 23
6890 3 7
6891 2 0
6892 3 1
6893 0 48
6894 2 7
6895 0 19
6896 1 11
6897 2 1
6898 0 40
6899 1 25
6900 0 22
6901 0 36
6902 3 0
6903 2 5
6904 0 28
6905 3 5
6906 0 29
6907 0 35
6908 1 20
6909 0 25
6910 2 8
6911 1 8
6912 3 3
6913 0 3
6914 3 1
6915 0 24
6916 0 23
6917 0 2
6918 3 6
6919 1 5
6920 2 10
6921 3 2
6922 0 31
6923 1 10
6924 2 5
6925 2 8
6926 3 5
6927 1 14
6928 0 16
6929 3 4
6930 0 25
6931 1 1
6932 0 24
6933 0 22
6934 2 9
6935 0 10
6936 0 17
6937 0 20
6938 0 12
6939 0 21
6940 1 17
6941 2 1
6942 0 22
6943 0 30
6944 0 13
6945 1 5
6946 2 8
6947 0 16
6948 0 17
6949 0 23
6950 0 14
6951 0 34
6952 0 11
6953 3 3
6954 0 18
6955 0 15
6956 1 15
6957 1 18
6958 2 7
6959 0 31
6960 2 18
6961 0 47
6962 1 7
6963 0 1
6964 3 10
6965 2 10
6966 3 10
6967 0 48
6968 0 18
6969 3 0
6970 0 2
6971 0 19
6972 0 47
6973 2 5
6974 0 30
6975 0 24
6976 0 29
6977 1 5
6978 0 33
6979 0 15
6980 3 1
6981 0 12
6982 0 48
6983 0 38
6984 0 32
6985 0 21
6986 3 2
6987 0 20
6988 2 6
6989 0 47
6990 0 14
6991 1 18
6992 0 30
6993 0 48
6994 0 23
6995 1 17
6996 0 7
6997 0 6
6998 2 5
6999 2 4
7000 0 21
7001 0 1
7002 0 11
7003 2 10
7004 1 40
7005 0 10
7006 3 1
7007 0 7
7008 0 47
7009 0 20
7010 1 4
7011 0 44
7012 0 4
7013 2 9
7014 0 2
7015 2 17
7016 0 6
7017 1 1
7018 1 24
7019 2 18
7020 1 25
7021 0 22
7022 0 19
7023 0 20
7024 1 41
7025 1 0
7026 0 3
7027 3 2
7028 0 7
7029 2 17
7030 0 33
7031 3 1
7032 0 19
7033 0 20
7034 0 9
7035 1 40
7036 1 24
7037 0 40
7038 2 10
7039 0 19
7040 0 23
7041 1 9
7042 0 46
7043 0 24
7044 0 4
7045 0 6
7046 0 13
7047 0 22
7048 0 20
7049 4 3
7050 1 1
7051 0 11
7052 0 47
7053 1 22
7054 0 48
7055 0 21
7056 3 4
7057 1 4
7058 0 45
7059 0 23
7060 0 10
7061 0 24
7062 4 2
7063 0 9
7064 3 2
7065 2 4
7066 2 9
7067 2 16
7068 3 3
7069 1 16
7070 1 0
7071 1 2
7072 0 32
7073 4 3
7074 0 44
7075 0 11
7076 4 0
7077 0 22
7078 1 23
7079 3 0
7080 0 31
7081 2 5
7082 0 2
7083 2 10
7084 1 14
7085 3 1
7086 1 8
7087 3 3
7088 0 23
7089 1 5
7090 2 17
7091 2 16
7092 0 14
7093 2 17
7094 0 12
7095 0 32
7096 0 8
7097 1 24
7098 2 0
7099 2 11
7100 1 6
7101 0 11
7102 0 12
7103 0 31
7104 1 39
7105 0 22
7106 2 1
7107 0 45
7108 2 18
7109 1 23
7110 0 10
7111 0 49
7112 0 11
7113 0 30
7114 0 31
7115 1 7
7116 0 3
7117 2 16
7118 1 14
7119 2 19
7120 0 14
7121 0 2
7122 2 3
7123 4 2
7124 1 22
7125 0 15
7126 2 2
7127 0 9
7128 0 7
7129 0 14
7130 1 19
7131 0 12
7132 3 0
7133 1 10
7134 3 2
7135 3 1
7136 2 17
7137 0 15
7138 0 11
7139 0 10
7140 2 22
7141 4 1
7142 0 20
7143 4 2
7144 0 1
7145 1 13
7146 3 2
7147 3 1
7148 0 34
7149 2 4
7150 2 10
7151 0 12
7152 0 16
7153 0 9
7154 1 17
7155 0 48
7156 3 0
7157 0 15
7158 1 18
7159 0 13
7160 4 3
7161 1 23
7162 1 15
7163 2 0
7164 2 5
7165 3 3
7166 1 14
7167 0 37
7168 0 49
7169 0 33
7170 0 23
7171 1 5
7172 1 22
7173 0 16
7174 1 6
7175 1 1
7176 0 19
7177 2 9
7178 0 11
7179 0 10
7180 0 9
7181 4 3
7182 0 22
7183 2 6
7184 3 3
7185 1 19
7186 2 7
7187 0 10
7188 0 15
7189 0 30
7190 1 17
7191 1 6
7192 1 40
7193 0 6
7194 0 9
7195 3 7
7196 1 15
7197 0 21
7198 0 12
7199 1 9
7200 1 20
7201 4 1
7202 1 0
7203 0 23
7204 1 16
7205 1 5
7206 4 0
7207 0 13
7208 0 19
7209 2 20
7210 0 18
7211 1 8
7212 0 10
7213 0 7
7214 0 14
7215 0 38
7216 2 15
7217 0 31
7218 0 48
7219 0 0
7220 0 49
7221 1 14
7222 1 9
7223 1 4
7224 3 0
7225 1 20
7226 1 15
7227 1 8
7228 1 5
7229 0 9
7230 0 6
7231 1 46
7232 0 37
7233 3 1
7234 2 22
7235 3 4
7236 0 20
7237 0 10
7238 0 30
7239 2 2
7240 1 14
7241 4 1
7242 2 6
7243 1 4
7244 0 31
7245 1 22
7246 1 11
7247 2 7
7248 0 1
7249 2 16
7250 1 7
7251 0 14
7252 2 4
7253 3 0
7254 2 5
7255 2 1
7256 0 48
7257 0 49
7258 0 15
7259 3 1
7260 0 19
7261 0 38
7262 0 34
7263 0 39
7264 1 8
7265 0 14
7266 0 44
7267 0 0
7268 0 29
7269 0 25
7270 1 0
7271 1 21
7272 0 46
7273 2 1
7274 1 38
7275 1 9
7276 2 4
7277 0 24
7278 1 7
7279 2 7
7280 1 19
7281 0 40
7282 0 7
7283 0 45
7284 0 6
7285 1 12
7286 0 38
7287 0 7
7288 2 0
7289 0 15
7290 0 16
7291 0 11
7292 0 30
7293 1 13
7294 0 29
7295 0 30
7296 0 8
7297 1 6
7298 1 23
7299 1 4
7300 1 37
7301 1 5
7302 0 13
7303 0 12
7304 0 47
7305 2 1
7306 0 7
7307 0 8
7308 0 32
7309 2 0
7310 1 3
7311 0 23
7312 0 31
7313 2 15
7314 1 18
7315 1 7
7316 0 32
7317 0 22
7318 0 10
7319 0 11
7320 0 7
7321 2 46
7322 1 20
7323 0 41
7324 1 15
7325 0 48
7326 0 23
7327 1 7
7328 1 17
7329 1 8
7330 2 6
7331 0 33
7332 0 12
7333 0 20
7334 0 19
7335 0 40
7336 2 5
7337 1 12
7338 1 6
7339 0 41
7340 1 16
7341 0 16
7342 1 4
7343 0 47
7344 1 21
7345 1 46
7346 1 18
7347 1 7
7348 2 8
7349 0 12
7350 0 18
7351 2 2
7352 0 31
7353 0 37
7354 0 9
7355 0 7
7356 3 5
7357 0 42
7358 0 36
7359 1 7
7360 0 13
7361 4 0
7362 0 12
7363 0 6
7364 0 48
7365 0 32
7366 1 16
7367 2 9
7368 3 0
7369 0 31
7370 1 2
7371 2 8
7372 1 3
7373 1 47
7374 1 9
7375 0 21
7376 1 6
7377 0 5
7378 1 10
7379 1 9
7380 2 1
7381 2 9
7382 2 8
7383 1 2
7384 0 6
7385 1 3
7386 1 8
7387 0 13
7388 1 11
7389 3 1
7390 0 40
7391 0 7
7392 2 0
7393 1 7
7394 0 30
7395 0 47
7396 2 7
7397 2 2
7398 0 37
7399 1 49
7400 1 23
7401 0 7
7402 1 7
7403 0 6
7404 2 11
7405 1 14
7406 1 12
7407 2 10
7408 4 1
7409 2 16
7410 0 9
7411 0 14
7412 1 24
7413 0 12
7414 0 31
7415 0 32
7416 3 4
7417 0 5
7418 0 8
7419 1 8
7420 1 2
7421 2 4
7422 0 19
7423 1 0
7424 0 36
7425 0 35
7426 0 8
7427 1 8
7428 0 31
7429 0 8
7430 0 49
7431 0 20
7432 0 41
7433 2 3
7434 1 8
7435 1 13
7436 1 16
7437 1 14
7438 1 12
7439 1 9
7440 0 39
7441 0 34
7442 0 25
7443 2 0
7444 1 8
7445 1 5
7446 2 19
7447 0 46
7448 1 10
7449 0 21
7450 0 20
7451 0 24
7452 0 5
7453 4 0
7454 3 0
7455 1 9
7456 0 10
7457 1 8
7458 0 18
7459 0 15
7460 0 11
7461 0 4
7462 2 2
7463 0 14
7464 0 3
7465 1 32
7466 1 19
7467 0 10
7468 2 3
7469 2 6
7470 1 49
7471 0 49
7472 5 0
7473 2 5
7474 0 12
7475 1 18
7476 1 9
7477 2 6
7478 0 23
7479 0 38
7480 2 9
7481 0 32
7482 1 6
7483 0 4
7484 4 0
7485 0 9
7486 0 3
7487 0 19
7488 2 8
7489 1 9
7490 0 15
7491 0 16
7492 0 42
7493 1 17
7494 2 7
7495 1 8
7496 1 12
7497 0 41
7498 0 10
7499 0 12
# colocadas=7500 ocupadas=53 mayor=1674
