0 0 0
1 0 49
2 49 0
3 49 49
4 0 2
5 0 4
6 0 6
7 0 8
8 0 10
9 0 12
10 0 14
11 0 16
12 0 18
13 0 20
14 0 22
15 0 24
16 0 26
17 0 28
18 0 30
19 48 0
20 0 32
21 0 33
22 0 31
23 0 35
24 0 37
25 0 39
26 0 41
27 0 43
28 0 45
29 1 26
30 0 47
31 2 0
32 1 14
33 2 49
34 0 14
35 4 0
36 4 49
37 1 37
38 6 0
39 1 10
40 6 49
41 8 0
42 8 49
43 10 0
44 10 49
45 12 0
46 48 49
47 12 49
48 0 38
49 14 0
50 1 33
51 14 49
52 16 0
53 0 33
54 16 49
55 18 0
56 18 49
57 8 1
58 0 9
59 0 7
60 20 0
61 20 49
62 1 2
63 22 0
64 7 0
65 22 49
66 24 0
67 24 49
68 26 0
69 26 49
70 28 0
71 18 48
72 1 33
73 28 49
74 6 48
75 0 48
76 30 0
77 30 49
78 32 0
79 32 49
80 34 0
81 34 49
82 26 1
83 36 0
84 36 49
85 0 27
86 8 2
87 0 39
88 18 49
89 49 0
90 34 48
91 12 48
92 0 29
93 38 0
94 7 49
95 12 1
96 0 2
97 1 18
98 0 18
99 38 49
100 1 45
101 32 1
102 31 0
103 16 1
104 40 0
105 32 2
106 0 26
107 40 49
108 7 2
109 22 1
110 21 0
111 42 0
112 42 49
113 12 49
114 5 49
115 0 37
116 20 0
117 44 0
118 1 14
119 44 49
120 13 0
121 15 0
122 22 48
123 46 0
124 17 0
125 0 14
126 48 0
127 0 46
128 0 34
129 49 0
130 46 49
131 49 2
132 35 49
133 46 48
134 0 28
135 49 4
136 30 0
137 32 0
138 26 0
139 0 5
140 49 6
141 1 44
142 30 48
143 12 0
144 26 48
145 0 11
146 49 8
147 0 49
148 0 29
149 33 48
150 48 6
151 0 1
152 14 48
153 46 49
154 23 0
155 31 0
156 19 0
157 33 47
158 42 48
159 21 0
160 0 12
161 0 35
162 32 47
163 49 10
164 49 12
165 1 22
166 6 47
167 31 47
168 38 1
169 1 14
170 34 49
171 31 2
172 0 23
173 35 49
174 49 14
175 16 2
176 27 49
177 29 49
178 0 15
179 0 3
180 48 12
181 1 21
182 1 45
183 30 2
184 0 16
185 37 0
186 0 15
187 31 46
188 49 5
189 49 16
190 6 2
191 49 18
192 15 2
193 13 49
194 33 0
195 30 47
196 5 47
197 4 47
198 0 33
199 12 49
200 46 48
201 0 16
202 34 0
203 47 0
204 49 20
205 33 0
206 1 18
207 35 0
208 0 11
209 42 49
210 0 18
211 1 35
212 48 0
213 0 13
214 3 49
215 42 48
216 0 47
217 49 22
218 37 49
219 13 49
220 49 24
221 0 8
222 19 1
223 38 49
224 0 45
225 21 49
226 28 1
227 5 48
228 48 22
229 49 13
230 34 49
231 30 49
232 1 49
233 0 22
234 49 14
235 0 49
236 0 24
237 19 49
238 41 49
239 13 0
240 1 5
241 1 39
242 18 0
243 22 2
244 36 49
245 1 15
246 0 0
247 49 11
248 43 49
249 49 22
250 0 34
251 45 49
252 0 27
253 2 49
254 0 23
255 47 6
256 49 0
257 20 0
258 1 29
259 48 20
260 0 39
261 42 1
262 0 30
263 1 39
264 34 48
265 14 47
266 12 49
267 48 16
268 28 49
269 12 0
270 49 7
271 1 43
272 17 0
273 49 21
274 0 48
275 49 4
276 48 0
277 29 49
278 0 6
279 13 0
280 11 1
281 0 28
282 0 49
283 0 10
284 0 1
285 0 25
286 31 1
287 40 49
288 46 47
289 18 1
290 49 5
291 49 13
292 22 0
293 5 2
294 49 10
295 32 1
296 46 49
297 0 27
298 35 49
299 0 32
300 49 17
301 49 22
302 37 49
303 22 47
304 13 49
305 0 22
306 12 0
307 23 49
308 0 36
309 13 47
310 16 0
311 0 4
312 6 49
313 0 43
314 14 2
315 29 0
316 41 48
317 9 49
318 49 14
319 30 0
320 0 29
321 45 47
322 1 43
323 30 49
324 25 0
325 13 2
326 1 28
327 31 45
328 31 1
329 43 0
330 49 9
331 21 47
332 48 7
333 23 0
334 1 9
335 29 2
336 20 47
337 0 26
338 29 0
339 34 49
340 35 1
341 27 1
342 49 0
343 0 38
344 39 0
345 22 0
346 0 37
347 0 11
348 12 47
349 21 48
350 24 0
351 49 25
352 0 23
353 1 0
354 4 49
355 2 5
356 3 49
357 49 12
358 15 49
359 5 49
360 36 0
361 37 0
362 1 18
363 2 48
364 47 16
365 35 0
366 0 7
367 0 3
368 0 4
369 11 49
370 36 0
371 0 9
372 4 2
373 2 49
374 44 0
375 13 0
376 0 19
377 1 11
378 49 20
379 39 49
380 35 1
381 3 0
382 49 19
383 29 49
384 49 16
385 3 2
386 27 0
387 0 17
388 0 30
389 0 11
390 41 49
391 35 49
392 34 49
393 1 7
394 18 49
395 33 48
396 21 49
397 30 49
398 6 0
399 31 49
400 46 6
401 29 49
402 29 48
403 37 0
404 0 33
405 44 47
406 46 0
407 49 11
408 49 7
409 30 49
410 0 22
411 48 0
412 0 44
413 0 28
414 1 42
415 46 1
416 35 0
417 49 0
418 31 0
419 0 34
420 49 3
421 27 49
422 48 5
423 28 48
424 11 48
425 0 15
426 49 5
427 49 12
428 45 49
429 0 16
430 35 49
431 19 47
432 33 49
433 1 32
434 0 5
435 0 46
436 21 2
437 0 48
438 29 47
439 0 20
440 2 21
441 25 48
442 0 27
443 49 11
444 20 49
445 49 13
446 38 2
447 48 0
448 4 49
449 0 23
450 2 2
451 0 6
452 40 0
453 49 15
454 33 1
455 1 15
456 25 0
457 1 8
458 0 38
459 20 2
460 26 49
461 24 48
462 28 49
463 2 26
464 28 48
465 3 49
466 0 49
467 46 0
468 19 2
469 1 26
470 42 0
471 16 49
472 1 48
473 46 1
474 48 11
475 24 47
476 0 24
477 39 48
478 0 32
479 1 11
480 0 48
481 29 46
482 15 1
483 19 3
484 0 17
485 49 16
486 30 45
487 46 0
488 33 0
489 44 1
490 11 49
491 15 49
492 35 48
493 5 49
494 0 19
495 0 26
496 0 43
497 23 47
498 2 35
499 18 47
500 0 7
501 43 47
502 23 0
503 18 0
504 49 11
505 0 20
506 0 16
507 0 0
508 22 49
509 42 47
510 1 47
511 0 25
512 0 12
513 11 2
514 41 47
515 28 2
516 2 0
517 5 0
518 28 46
519 0 2
520 0 26
521 15 0
522 33 1
523 4 0
524 34 0
525 1 49
526 22 47
527 12 0
528 36 49
529 0 22
530 43 48
531 29 45
532 11 47
533 10 2
534 45 0
535 1 22
536 28 49
537 0 5
538 36 0
539 1 40
540 40 49
541 1 39
542 16 49
543 0 18
544 2 4
545 21 0
546 48 7
547 45 6
548 27 2
549 12 2
550 1 0
551 0 49
552 17 47
553 3 48
554 10 47
555 15 49
556 41 49
557 49 18
558 34 48
559 48 11
560 17 49
561 37 2
562 0 10
563 12 3
564 0 1
565 3 49
566 19 49
567 1 40
568 49 2
569 23 1
570 9 0
571 1 9
572 26 2
573 17 0
574 0 23
575 25 49
576 0 48
577 1 25
578 8 49
579 33 0
580 2 1
581 3 47
582 44 49
583 2 11
584 1 11
585 0 39
586 9 47
587 0 8
588 29 44
589 21 49
590 0 37
591 1 18
592 49 15
593 18 0
594 23 0
595 15 48
596 0 14
597 46 16
598 49 12
599 19 48
600 49 4
601 34 0
602 3 46
603 17 0
604 0 13
605 9 2
606 6 49
607 0 12
608 19 49
609 33 0
610 45 49
611 1 24
612 24 49
613 21 47
614 25 1
615 0 19
616 0 13
617 29 1
618 0 45
619 49 14
620 49 21
621 49 24
622 49 5
623 0 7
624 0 46
625 1 35
626 49 0
627 28 44
628 5 49
629 0 8
630 11 0
631 0 49
632 3 48
633 49 3
634 0 38
635 49 6
636 1 4
637 2 20
638 49 23
639 18 3
640 39 0
641 0 0
642 0 33
643 49 8
644 49 24
645 24 0
646 18 0
647 36 2
648 43 1
649 20 47
650 1 12
651 2 11
652 2 0
653 2 10
654 49 5
655 7 49
656 44 6
657 49 20
658 0 14
659 19 47
660 17 3
661 40 47
662 45 16
663 1 39
664 0 17
665 1 0
666 2 42
667 0 3
668 20 0
669 0 39
670 0 11
671 43 49
672 1 21
673 21 0
674 2 47
675 1 25
676 46 49
677 14 49
678 27 46
679 49 9
680 2 11
681 30 0
682 1 42
683 25 0
684 27 44
685 8 47
686 0 21
687 25 1
688 3 45
689 0 1
690 32 1
691 0 25
692 3 0
693 26 46
694 34 0
695 0 44
696 44 0
697 49 8
698 15 47
699 26 44
700 1 38
701 1 10
702 33 0
703 28 1
704 49 49
705 19 46
706 0 0
707 38 0
708 23 49
709 41 0
710 25 44
711 43 6
712 49 11
713 11 3
714 0 48
715 3 11
716 49 13
717 17 0
718 49 23
719 3 49
720 35 0
721 4 0
722 42 1
723 1 21
724 26 0
725 26 3
726 1 13
727 34 47
728 28 0
729 2 0
730 5 0
731 32 49
732 31 0
733 34 0
734 47 7
735 2 11
736 1 46
737 18 46
738 2 38
739 30 0
740 43 0
741 1 32
742 46 7
743 49 7
744 23 0
745 1 9
746 40 0
747 48 49
748 1 38
749 47 11
750 1 16
751 0 26
752 0 31
753 24 49
754 44 49
755 49 49
756 25 0
757 5 48
758 22 49
759 24 44
760 49 22
761 1 24
762 0 47
763 49 17
764 0 36
765 21 49
766 30 48
767 0 22
768 0 38
769 35 49
770 0 29
771 14 47
772 10 3
773 0 28
774 33 47
775 3 0
776 0 7
777 39 49
778 44 0
779 10 49
780 1 1
781 27 0
782 4 49
783 6 49
784 0 20
785 49 10
786 33 0
787 1 43
788 2 10
789 1 12
790 29 0
791 5 47
792 0 19
793 0 40
794 7 47
795 1 45
796 49 2
797 1 13
798 4 47
799 2 18
800 38 49
801 18 45
802 47 49
803 31 1
804 31 49
805 0 29
806 40 49
807 42 0
808 49 19
809 32 47
810 13 47
811 0 24
812 46 11
813 0 43
814 0 10
815 44 16
816 41 49
817 37 49
818 1 42
819 0 8
820 42 1
821 1 37
822 45 11
823 42 6
824 1 18
825 0 49
826 0 44
827 12 0
828 42 0
829 6 47
830 0 39
831 2 46
832 23 49
833 0 11
834 0 10
835 16 47
836 49 8
837 1 12
838 43 49
839 49 20
840 8 2
841 0 28
842 49 12
843 0 46
844 0 7
845 44 49
846 2 19
847 18 0
848 20 0
849 40 49
850 24 0
851 9 3
852 27 49
853 14 0
854 24 49
855 38 49
856 25 46
857 0 12
858 2 32
859 30 0
860 1 20
861 1 15
862 26 0
863 9 4
864 41 6
865 0 2
866 15 47
867 22 49
868 21 0
869 49 23
870 25 2
871 17 45
872 3 44
873 1 0
874 49 22
875 1 17
876 24 1
877 49 16
878 29 48
879 0 47
880 40 1
881 30 49
882 37 0
883 23 44
884 0 38
885 3 49
886 2 47
887 37 49
888 49 23
889 0 8
890 0 3
891 0 43
892 26 49
893 15 46
894 0 1
895 8 4
896 2 11
897 0 39
898 0 45
899 2 46
900 22 0
901 6 46
902 32 0
903 48 0
904 1 45
905 0 41
906 1 18
907 28 48
908 2 4
909 38 49
910 0 29
911 45 0
912 25 0
913 1 24
914 35 2
915 45 7
916 34 2
917 0 7
918 6 0
919 0 34
920 0 0
921 0 28
922 16 49
923 49 15
924 34 49
925 49 48
926 31 47
927 34 0
928 2 44
929 12 47
930 37 49
931 21 49
932 40 0
933 4 0
934 0 24
935 1 16
936 1 12
937 49 7
938 1 8
939 0 37
940 8 0
941 13 0
942 15 0
943 3 19
944 9 49
945 5 49
946 16 0
947 30 47
948 1 4
949 7 4
950 8 49
951 6 4
952 29 49
953 6 1
954 33 49
955 1 15
956 33 0
957 11 47
958 6 0
959 49 13
960 15 0
961 5 46
962 49 12
963 23 49
964 13 1
965 39 49
966 2 10
967 24 46
968 49 1
969 0 44
970 40 6
971 44 0
972 0 43
973 39 0
974 2 0
975 5 4
976 24 49
977 0 29
978 9 0
979 14 0
980 7 0
981 1 32
982 0 36
983 41 0
984 49 22
985 1 24
986 14 46
987 22 44
988 1 16
989 2 42
990 17 49
991 16 3
992 16 49
993 49 14
994 20 0
995 2 19
996 15 0
997 0 46
998 44 11
999 0 33
1000 0 25
1001 14 0
1002 13 46
1003 0 21
1004 31 2
1005 2 47
1006 39 47
1007 0 18
1008 33 2
1009 33 3
1010 29 47
1011 49 15
1012 6 0
1013 2 4
1014 4 48
1015 49 23
1016 0 28
1017 1 38
1018 32 3
1019 47 0
1020 1 47
1021 44 7
1022 1 9
1023 11 0
1024 26 0
1025 2 1
1026 1 8
1027 49 13
1028 13 49
1029 1 9
1030 15 49
1031 22 49
1032 10 47
1033 1 5
1034 7 49
1035 0 6
1036 39 1
1037 21 49
1038 0 45
1039 0 13
1040 12 49
1041 3 19
1042 0 27
1043 1 15
1044 0 5
1045 8 49
1046 1 44
1047 17 0
1048 23 0
1049 0 34
1050 1 37
1051 27 48
1052 2 49
1053 2 0
1054 29 0
1055 0 24
1056 40 49
1057 22 0
1058 1 8
1059 24 0
1060 36 0
1061 30 2
1062 28 0
1063 24 1
1064 0 42
1065 3 49
1066 46 49
1067 0 22
1068 12 0
1069 1 33
1070 49 9
1071 0 26
1072 1 4
1073 0 8
1074 28 47
1075 23 49
1076 1 23
1077 11 49
1078 0 38
1079 21 44
1080 19 0
1081 49 10
1082 0 33
1083 4 47
1084 9 47
1085 28 49
1086 2 35
1087 34 1
1088 47 49
1089 2 23
1090 34 2
1091 2 19
1092 16 45
1093 7 49
1094 49 16
1095 40 0
1096 49 49
1097 2 9
1098 28 46
1099 8 0
1100 0 34
1101 1 5
1102 15 3
1103 41 0
1104 15 0
1105 38 47
1106 2 41
1107 43 49
1108 0 47
1109 0 30
1110 49 4
1111 49 19
1112 43 0
1113 0 16
1114 33 2
1115 1 11
1116 43 11
1117 24 2
1118 1 14
1119 0 21
1120 0 33
1121 2 40
1122 12 46
1123 2 49
1124 2 43
1125 49 0
1126 0 23
1127 29 2
1128 0 43
1129 0 29
1130 37 47
1131 21 48
1132 0 28
1133 25 0
1134 2 42
1135 28 2
1136 0 25
1137 1 8
1138 39 6
1139 5 45
1140 49 6
1141 2 1
1142 27 47
1143 21 0
1144 6 1
1145 0 15
1146 49 48
1147 1 17
1148 17 1
1149 11 0
1150 42 49
1151 22 49
1152 10 0
1153 2 37
1154 0 2
1155 23 46
1156 38 6
1157 1 37
1158 11 0
1159 49 49
1160 39 49
1161 1 12
1162 20 48
1163 3 47
1164 0 20
1165 34 2
1166 3 0
1167 14 0
1168 0 42
1169 0 17
1170 0 12
1171 1 47
1172 0 47
1173 0 26
1174 0 40
1175 15 0
1176 49 15
1177 14 3
1178 1 1
1179 41 49
1180 27 2
1181 4 45
1182 0 32
1183 0 9
1184 11 46
1185 0 3
1186 4 49
1187 2 10
1188 29 49
1189 39 48
1190 13 0
1191 8 47
1192 43 7
1193 49 9
1194 28 45
1195 49 48
1196 7 47
1197 10 46
1198 39 49
1199 2 5
1200 0 29
1201 0 2
1202 1 16
1203 0 4
1204 0 39
1205 6 0
1206 49 16
1207 26 0
1208 2 43
1209 2 37
1210 1 7
1211 10 0
1212 49 3
1213 2 0
1214 16 0
1215 5 0
1216 40 0
1217 0 3
1218 33 2
1219 0 14
1220 1 8
1221 12 0
1222 3 0
1223 0 35
1224 49 12
1225 0 1
1226 2 16
1227 36 47
1228 0 15
1229 0 44
1230 1 4
1231 1 19
1232 28 49
1233 38 1
1234 49 8
1235 49 15
1236 49 5
1237 3 45
1238 13 0
1239 1 7
1240 25 0
1241 35 47
1242 20 47
1243 36 49
1244 7 0
1245 35 49
1246 1 11
1247 0 8
1248 15 0
1249 22 46
1250 16 0
1251 0 46
1252 42 49
1253 0 9
1254 8 0
1255 41 49
1256 36 49
1257 0 5
1258 0 41
1259 0 13
1260 11 0
1261 38 0
1262 19 47
1263 37 6
1264 1 0
1265 1 21
1266 31 3
1267 0 2
1268 42 11
1269 42 49
1270 49 18
1271 3 1
1272 14 0
1273 49 14
1274 1 22
1275 6 47
1276 32 0
1277 1 40
1278 49 11
1279 10 0
1280 17 2
1281 0 12
1282 10 49
1283 21 49
1284 0 48
1285 5 47
1286 9 49
1287 7 0
1288 10 49
1289 49 1
1290 0 21
1291 0 25
1292 2 24
1293 25 49
1294 0 13
1295 23 1
1296 25 3
1297 2 22
1298 2 6
1299 21 46
1300 42 0
1301 0 6
1302 1 22
1303 1 39
1304 25 4
1305 2 14
1306 1 14
1307 2 14
1308 0 4
1309 2 34
1310 18 49
1311 42 7
1312 2 39
1313 40 1
1314 1 45
1315 20 49
1316 24 4
1317 2 22
1318 1 49
1319 0 5
1320 2 49
1321 49 6
1322 0 49
1323 0 47
1324 9 0
1325 4 4
1326 49 13
1327 0 46
1328 1 15
1329 25 2
1330 49 14
1331 18 0
1332 14 49
1333 2 47
1334 1 24
1335 13 49
1336 5 49
1337 34 47
1338 35 49
1339 0 6
1340 24 49
1341 2 0
1342 1 37
1343 0 15
1344 49 17
1345 1 4
1346 23 4
1347 12 49
1348 15 45
1349 14 45
1350 1 15
1351 24 0
1352 0 39
1353 0 42
1354 40 0
1355 33 47
1356 43 16
1357 13 45
1358 10 0
1359 12 45
1360 41 7
1361 38 1
1362 22 1
1363 8 49
1364 0 33
1365 4 0
1366 40 7
1367 2 5
1368 19 0
1369 36 49
1370 1 44
1371 0 19
1372 0 16
1373 1 8
1374 0 31
1375 49 13
1376 0 5
1377 49 22
1378 43 0
1379 46 49
1380 2 42
1381 0 11
1382 11 45
1383 26 47
1384 32 49
1385 49 9
1386 3 4
1387 49 5
1388 30 3
1389 9 0
1390 27 49
1391 1 41
1392 27 45
1393 16 2
1394 0 3
1395 1 7
1396 39 7
1397 2 17
1398 17 49
1399 18 0
1400 42 16
1401 2 13
1402 15 0
1403 0 2
1404 49 49
1405 2 6
1406 49 21
1407 49 6
1408 32 2
1409 48 49
1410 0 22
1411 9 46
1412 2 5
1413 0 41
1414 41 11
1415 6 0
1416 38 49
1417 2 45
1418 31 0
1419 1 47
1420 23 49
1421 49 20
1422 1 43
1423 31 49
1424 4 49
1425 25 47
1426 20 0
1427 5 49
1428 2 6
1429 31 2
1430 36 6
1431 1 17
1432 0 43
1433 13 49
1434 41 49
1435 38 0
1436 0 23
1437 40 11
1438 49 5
1439 15 2
1440 41 16
1441 0 36
1442 26 45
1443 0 45
1444 16 2
1445 5 0
1446 24 2
1447 26 2
1448 49 8
1449 1 18
1450 15 2
1451 49 0
1452 49 49
1453 3 2
1454 24 47
1455 2 43
1456 3 5
1457 42 0
1458 10 45
1459 1 38
1460 21 0
1461 7 0
1462 2 2
1463 1 22
1464 32 2
1465 2 12
1466 0 47
1467 18 47
1468 8 46
1469 40 16
1470 45 49
1471 49 7
1472 2 42
1473 1 3
1474 13 0
1475 40 1
1476 35 49
1477 1 43
1478 48 5
1479 2 22
1480 1 10
1481 16 49
1482 1 22
1483 13 3
1484 4 47
1485 3 49
1486 12 49
1487 25 45
1488 32 47
1489 0 0
1490 0 28
1491 0 20
1492 38 7
1493 3 2
1494 10 48
1495 31 2
1496 46 0
1497 4 0
1498 10 49
1499 2 1
1500 1 47
1501 0 1
1502 16 0
1503 48 49
1504 3 4
1505 14 2
1506 9 45
1507 2 44
1508 22 2
1509 0 48
1510 0 18
1511 0 42
1512 39 16
1513 40 49
1514 20 44
1515 0 21
1516 0 7
1517 3 42
1518 0 22
1519 1 12
1520 29 3
1521 12 3
1522 39 11
1523 40 0
1524 10 48
1525 26 49
1526 0 10
1527 49 2
1528 0 46
1529 38 16
1530 2 10
1531 48 0
1532 30 2
1533 11 3
1534 49 6
1535 49 49
1536 49 7
1537 2 40
1538 2 45
1539 0 40
1540 0 35
1541 17 47
1542 30 49
1543 19 0
1544 10 3
1545 30 1
1546 31 47
1547 18 0
1548 0 11
1549 27 0
1550 4 2
1551 48 49
1552 49 10
1553 1 6
1554 37 16
1555 1 0
1556 1 45
1557 11 49
1558 1 33
1559 0 30
1560 0 38
1561 2 35
1562 7 46
1563 7 49
1564 26 1
1565 0 3
1566 49 16
1567 16 47
1568 32 0
1569 0 34
1570 35 0
1571 29 49
1572 13 2
1573 1 35
1574 49 12
1575 0 39
1576 6 46
1577 3 2
1578 49 9
1579 2 45
1580 30 47
1581 40 1
1582 49 10
1583 40 0
1584 1 45
1585 12 49
1586 23 47
1587 49 0
1588 20 46
1589 49 19
1590 1 32
1591 24 45
1592 15 49
1593 34 49
1594 2 45
1595 3 47
1596 28 0
1597 20 0
1598 26 0
1599 11 49
1600 1 36
1601 24 3
1602 30 0
1603 38 11
1604 15 47
1605 2 42
1606 49 49
1607 29 47
1608 34 0
1609 0 23
1610 28 47
1611 26 1
1612 9 48
1613 8 45
1614 22 49
1615 2 12
1616 0 0
1617 0 45
1618 28 49
1619 25 49
1620 49 9
1621 5 46
1622 10 0
1623 21 2
1624 1 14
1625 49 18
1626 24 49
1627 22 4
1628 32 1
1629 1 9
1630 2 44
1631 0 41
1632 3 46
1633 0 26
1634 31 0
1635 0 31
1636 0 24
1637 22 48
1638 10 49
1639 37 7
1640 11 49
1641 2 4
1642 28 3
1643 26 0
1644 49 3
1645 0 8
1646 9 49
1647 23 3
1648 48 0
1649 1 33
1650 33 0
1651 37 11
1652 37 49
1653 21 4
1654 19 44
1655 23 0
1656 27 3
1657 26 3
1658 20 2
1659 2 22
1660 40 1
1661 48 49
1662 7 45
1663 18 1
1664 30 0
1665 0 2
1666 12 0
1667 6 0
1668 49 10
1669 33 49
1670 1 4
1671 14 47
1672 2 4
1673 31 1
1674 0 23
1675 0 49
1676 3 42
1677 0 29
1678 39 49
1679 1 2
1680 0 22
1681 7 0
1682 1 15
1683 18 0
1684 32 49
1685 21 0
1686 0 47
1687 36 16
1688 12 2
1689 20 0
1690 0 4
1691 3 10
1692 49 2
1693 2 0
1694 2 1
1695 1 17
1696 25 3
1697 6 0
1698 23 49
1699 2 42
1700 3 3
1701 37 0
1702 49 0
1703 0 10
1704 36 11
1705 49 49
1706 49 3
1707 0 1
1708 0 0
1709 18 1
1710 11 2
1711 0 46
1712 45 0
1713 0 1
1714 49 6
1715 2 21
1716 31 2
1717 0 5
1718 28 1
1719 2 39
1720 36 49
1721 0 35
1722 9 3
1723 18 44
1724 12 49
1725 2 46
1726 7 48
1727 47 5
1728 3 44
1729 10 2
1730 49 5
1731 21 48
1732 7 2
1733 0 4
1734 0 33
1735 0 44
1736 48 0
1737 1 33
1738 27 47
1739 0 0
1740 18 0
1741 0 12
1742 9 0
1743 6 49
1744 0 40
1745 22 0
1746 0 43
1747 38 49
1748 39 49
1749 1 43
1750 8 3
1751 46 5
1752 2 10
1753 49 15
1754 3 2
1755 2 17
1756 0 25
1757 18 1
1758 0 13
1759 1 17
1760 2 45
1761 31 49
1762 49 14
1763 19 46
1764 35 11
1765 1 14
1766 11 49
1767 19 2
1768 22 49
1769 1 23
1770 0 43
1771 2 20
1772 34 11
1773 19 0
1774 1 45
1775 3 10
1776 0 24
1777 18 46
1778 6 2
1779 23 49
1780 22 49
1781 2 45
1782 5 2
1783 19 3
1784 2 10
1785 2 49
1786 49 0
1787 49 17
1788 30 49
1789 28 0
1790 35 6
1791 2 3
1792 21 47
1793 17 1
1794 2 17
1795 49 9
1796 23 49
1797 3 43
1798 0 3
1799 22 49
1800 17 44
1801 0 11
1802 0 4
1803 49 15
1804 41 0
1805 19 49
1806 0 33
1807 3 10
1808 1 22
1809 0 12
1810 13 47
1811 16 44
1812 0 14
1813 1 16
1814 1 37
1815 1 31
1816 39 1
1817 2 23
1818 49 18
1819 2 11
1820 1 39
1821 36 0
1822 12 47
1823 31 0
1824 11 0
1825 27 49
1826 6 45
1827 3 1
1828 11 47
1829 34 0
1830 3 44
1831 2 0
1832 3 49
1833 0 37
1834 2 24
1835 22 3
1836 6 44
1837 0 32
1838 25 0
1839 49 2
1840 1 20
1841 2 12
1842 2 23
1843 3 2
1844 17 46
1845 14 49
1846 39 0
1847 49 14
1848 0 17
1849 0 33
1850 45 5
1851 0 42
1852 30 2
1853 1 45
1854 1 10
1855 38 0
1856 1 48
1857 0 48
1858 35 49
1859 1 1
1860 33 0
1861 0 39
1862 1 36
1863 2 44
1864 35 16
1865 0 15
1866 0 28
1867 0 14
1868 34 16
1869 23 45
1870 0 20
1871 2 24
1872 0 13
1873 38 49
1874 0 18
1875 36 7
1876 0 27
1877 49 15
1878 1 13
1879 26 49
1880 7 0
1881 0 38
1882 37 49
1883 0 41
1884 22 45
1885 0 13
1886 13 49
1887 2 4
1888 25 49
1889 9 1
1890 29 49
1891 0 1
1892 0 45
1893 0 7
1894 49 8
1895 1 3
1896 34 0
1897 21 49
1898 0 5
1899 1 40
1900 0 17
1901 1 42
1902 0 49
1903 0 48
1904 34 6
1905 17 2
1906 1 49
1907 5 1
1908 21 45
1909 33 11
1910 0 34
1911 22 2
1912 36 1
1913 49 11
1914 22 49
1915 10 0
1916 8 1
1917 0 8
1918 1 46
1919 26 47
1920 34 49
1921 0 18
1922 40 0
1923 2 41
1924 0 0
1925 1 13
1926 18 49
1927 2 11
1928 10 49
1929 2 40
1930 8 49
1931 1 47
1932 4 49
1933 3 0
1934 41 0
1935 21 0
1936 44 5
1937 5 49
1938 0 26
1939 6 48
1940 37 0
1941 49 10
1942 0 31
1943 10 47
1944 18 0
1945 2 23
1946 15 44
1947 35 1
1948 0 36
1949 0 15
1950 1 7
1951 0 13
1952 27 0
1953 0 44
1954 0 3
1955 1 2
1956 0 27
1957 3 41
1958 43 5
1959 16 2
1960 2 24
1961 24 49
1962 1 43
1963 6 0
1964 21 49
1965 3 9
1966 49 17
1967 21 2
1968 36 49
1969 1 33
1970 0 43
1971 12 49
1972 2 18
1973 2 17
1974 1 9
1975 49 7
1976 33 49
1977 33 16
1978 32 16
1979 23 46
1980 2 49
1981 28 49
1982 9 0
1983 0 21
1984 0 23
1985 29 2
1986 2 45
1987 49 9
1988 49 4
1989 49 10
1990 20 2
1991 20 47
1992 1 49
1993 35 2
1994 18 3
1995 2 44
1996 1 19
1997 1 24
1998 17 3
1999 30 0
2000 0 10
2001 48 49
2002 44 0
2003 19 0
2004 19 47
2005 48 2
2006 36 0
2007 2 1
2008 0 2
2009 0 37
2010 1 1
2011 1 2
2012 6 47
2013 25 47
2014 42 5
2015 7 49
2016 10 0
2017 43 0
2018 49 6
2019 1 36
2020 6 48
2021 49 7
2022 22 0
2023 0 1
2024 1 41
2025 0 6
2026 3 42
2027 0 14
2028 7 0
2029 32 11
2030 2 49
2031 9 2
2032 19 2
2033 17 4
2034 6 0
2035 18 47
2036 7 0
2037 15 0
2038 2 18
2039 1 32
2040 4 48
2041 1 42
2042 1 25
2043 33 0
2044 31 11
2045 44 0
2046 1 4
2047 28 0
2048 49 3
2049 0 30
2050 0 33
2051 35 7
2052 20 45
2053 21 0
2054 0 24
2055 0 16
2056 13 49
2057 6 0
2058 32 49
2059 22 0
2060 47 2
2061 12 49
2062 48 0
2063 49 6
2064 1 38
2065 22 46
2066 31 16
2067 8 49
2068 1 0
2069 3 3
2070 0 42
2071 2 7
2072 30 11
2073 17 49
2074 35 49
2075 0 0
2076 4 1
2077 0 23
2078 0 43
2079 35 8
2080 31 49
2081 13 49
2082 2 22
2083 15 2
2084 0 20
2085 0 42
2086 1 22
2087 0 26
2088 34 2
2089 1 16
2090 24 3
2091 14 2
2092 49 9
2093 1 5
2094 6 47
2095 23 3
2096 34 8
2097 0 5
2098 0 41
2099 16 4
2100 18 48
2101 18 47
2102 2 0
2103 0 46
2104 1 44
2105 5 44
2106 1 49
2107 41 5
2108 0 12
2109 13 2
2110 0 16
2111 0 7
2112 0 4
2113 0 42
2114 0 40
2115 27 0
2116 0 44
2117 0 9
2118 49 2
2119 3 0
2120 12 49
2121 15 4
2122 49 0
2123 49 5
2124 14 4
2125 19 45
2126 23 49
2127 7 3
2128 49 4
2129 13 49
2130 2 6
2131 7 49
2132 3 8
2133 44 49
2134 49 1
2135 1 24
2136 0 6
2137 0 25
2138 0 11
2139 27 49
2140 40 0
2141 4 2
2142 49 18
2143 2 0
2144 49 17
2145 2 39
2146 33 2
2147 0 7
2148 14 44
2149 30 16
2150 0 5
2151 0 21
2152 12 2
2153 29 16
2154 24 47
2155 1 20
2156 28 0
2157 34 49
2158 14 0
2159 4 46
2160 0 26
2161 2 40
2162 35 0
2163 43 49
2164 48 0
2165 32 2
2166 1 1
2167 9 3
2168 18 48
2169 2 10
2170 2 8
2171 30 49
2172 0 25
2173 1 7
2174 46 2
2175 1 4
2176 49 14
2177 43 0
2178 2 5
2179 0 20
2180 24 0
2181 49 8
2182 16 49
2183 31 0
2184 16 46
2185 2 22
2186 49 13
2187 49 2
2188 9 0
2189 11 2
2190 15 49
2191 49 1
2192 4 49
2193 1 19
2194 26 49
2195 0 27
2196 31 2
2197 3 49
2198 20 49
2199 10 0
2200 9 47
2201 9 49
2202 2 4
2203 4 44
2204 33 8
2205 9 2
2206 47 0
2207 0 28
2208 1 16
2209 2 24
2210 45 2
2211 42 0
2212 27 0
2213 0 39
2214 6 49
2215 13 4
2216 1 24
2217 0 26
2218 23 47
2219 25 0
2220 8 0
2221 31 3
2222 19 49
2223 2 47
2224 0 2
2225 16 49
2226 1 31
2227 0 4
2228 5 0
2229 36 0
2230 0 16
2231 0 36
2232 13 0
2233 1 20
2234 20 4
2235 22 49
2236 1 46
2237 28 16
2238 2 48
2239 29 49
2240 2 3
2241 1 5
2242 1 22
2243 11 1
2244 3 46
2245 33 6
2246 2 22
2247 0 35
2248 3 3
2249 32 6
2250 46 0
2251 0 45
2252 0 25
2253 12 4
2254 2 42
2255 1 16
2256 8 49
2257 15 46
2258 1 40
2259 2 3
2260 17 48
2261 0 13
2262 19 4
2263 28 2
2264 14 46
2265 3 0
2266 45 0
2267 18 45
2268 4 49
2269 39 0
2270 0 26
2271 5 49
2272 1 0
2273 4 47
2274 6 46
2275 29 11
2276 2 17
2277 32 8
2278 23 48
2279 3 8
2280 2 8
2281 17 47
2282 0 17
2283 21 46
2284 18 2
2285 41 0
2286 0 3
2287 6 49
2288 20 46
2289 0 29
2290 17 45
2291 33 49
2292 0 18
2293 0 8
2294 49 16
2295 17 2
2296 31 8
2297 35 0
2298 0 7
2299 27 2
2300 49 7
2301 22 3
2302 2 2
2303 8 2
2304 30 8
2305 3 8
2306 42 49
2307 0 9
2308 30 0
2309 16 47
2310 15 47
2311 6 48
2312 25 49
2313 19 46
2314 18 4
2315 2 36
2316 1 37
2317 0 17
2318 0 30
2319 42 0
2320 41 49
2321 29 8
2322 40 49
2323 9 2
2324 1 11
2325 11 2
2326 0 37
2327 18 49
2328 5 46
2329 2 43
2330 36 0
2331 0 5
2332 35 0
2333 17 4
2334 49 0
2335 7 0
2336 11 4
2337 8 47
2338 0 19
2339 49 6
2340 7 49
2341 44 2
2342 29 0
2343 5 45
2344 3 49
2345 48 0
2346 10 4
2347 21 3
2348 16 2
2349 0 11
2350 15 2
2351 16 4
2352 0 16
2353 0 0
2354 1 28
2355 20 3
2356 49 15
2357 49 7
2358 19 49
2359 6 3
2360 2 8
2361 1 37
2362 15 4
2363 0 47
2364 30 3
2365 41 0
2366 1 45
2367 4 48
2368 1 43
2369 8 2
2370 0 29
2371 0 1
2372 1 10
2373 3 44
2374 0 37
2375 49 16
2376 19 3
2377 14 2
2378 31 6
2379 1 22
2380 36 0
2381 8 0
2382 39 49
2383 2 47
2384 5 3
2385 15 49
2386 0 31
2387 2 4
2388 0 28
2389 4 45
2390 38 0
2391 18 0
2392 28 8
2393 16 49
2394 21 0
2395 12 0
2396 6 47
2397 20 0
2398 5 47
2399 3 4
2400 21 0
2401 16 45
2402 15 48
2403 1 25
2404 1 5
2405 32 0
2406 24 0
2407 28 49
2408 0 24
2409 1 36
2410 0 48
2411 0 8
2412 10 1
2413 0 5
2414 26 0
2415 4 1
2416 27 49
2417 1 39
2418 1 5
2419 1 33
2420 0 34
2421 27 0
2422 11 3
2423 40 0
2424 1 35
2425 49 49
2426 7 47
2427 1 9
2428 43 2
2429 0 4
2430 1 32
2431 4 2
2432 0 27
2433 1 26
2434 0 22
2435 30 0
2436 14 48
2437 28 11
2438 0 26
2439 2 3
2440 1 15
2441 1 0
2442 1 2
2443 49 15
2444 49 0
2445 48 0
2446 42 2
2447 2 5
2448 10 0
2449 3 8
2450 44 0
2451 1 21
2452 13 44
2453 14 4
2454 6 0
2455 1 47
2456 23 0
2457 18 49
2458 49 16
2459 17 0
2460 20 0
2461 24 49
2462 0 2
2463 13 46
2464 0 49
2465 11 2
2466 1 6
2467 2 8
2468 43 0
2469 2 41
2470 42 0
2471 27 16
2472 15 49
2473 2 1
2474 38 1
2475 5 0
2476 49 0
2477 5 4
2478 0 33
2479 5 46
2480 5 47
2481 13 0
2482 43 0
2483 33 0
2484 49 3
2485 7 0
2486 0 47
2487 35 0
2488 0 9
2489 7 2
2490 0 5
2491 1 24
2492 8 0
2493 0 30
2494 1 17
2495 0 38
2496 1 31
2497 0 48
2498 9 4
2499 0 4
2500 2 40
2501 0 5
2502 39 0
2503 7 46
2504 16 0
2505 1 3
2506 18 3
2507 6 2
2508 48 49
2509 48 0
2510 37 1
2511 13 4
2512 6 0
2513 2 43
2514 2 26
2515 13 2
2516 12 46
2517 4 0
2518 1 10
2519 2 2
2520 2 4
2521 17 49
2522 5 45
2523 2 5
2524 36 0
2525 0 0
2526 1 44
2527 0 4
2528 5 0
2529 49 49
2530 19 0
2531 38 49
2532 6 47
2533 1 14
2534 1 5
2535 26 16
2536 6 49
2537 11 46
2538 0 44
2539 0 5
2540 49 6
2541 0 3
2542 0 18
2543 48 49
2544 2 4
2545 0 40
2546 26 0
2547 40 5
2548 1 20
2549 0 8
2550 0 20
2551 14 2
2552 1 27
2553 42 0
2554 4 45
2555 27 8
2556 2 1
2557 0 41
2558 26 49
2559 0 29
2560 1 43
2561 16 49
2562 4 4
2563 49 0
2564 0 19
2565 2 2
2566 2 46
2567 15 0
2568 7 45
2569 2 25
2570 4 46
2571 0 49
2572 2 1
2573 21 49
2574 1 45
2575 2 47
2576 0 40
2577 5 49
2578 0 30
2579 1 9
2580 2 2
2581 0 7
2582 29 3
2583 41 0
2584 0 25
2585 8 4
2586 0 29
2587 0 41
2588 0 27
2589 1 15
2590 38 0
2591 27 49
2592 40 0
2593 0 32
2594 18 49
2595 22 0
2596 1 49
2597 2 46
2598 1 14
2599 2 7
2600 10 46
2601 0 26
2602 2 0
2603 0 1
2604 1 1
2605 2 44
2606 3 0
2607 37 2
2608 1 20
2609 1 38
2610 0 28
2611 1 4
2612 0 35
2613 49 49
2614 0 36
2615 2 4
2616 2 47
2617 0 10
2618 0 33
2619 0 1
2620 1 8
2621 14 47
2622 1 0
2623 28 3
2624 12 44
2625 29 0
2626 41 2
2627 3 46
2628 12 4
2629 6 49
2630 2 49
2631 1 4
2632 6 1
2633 0 24
2634 0 23
2635 1 47
2636 0 49
2637 0 9
2638 2 47
2639 17 3
2640 5 47
2641 0 25
2642 18 0
2643 26 8
2644 5 46
2645 1 26
2646 0 15
2647 5 2
2648 25 16
2649 0 0
2650 12 49
2651 10 2
2652 4 3
2653 30 6
2654 1 47
2655 1 1
2656 26 2
2657 9 46
2658 15 49
2659 11 0
2660 41 0
2661 4 49
2662 2 48
2663 11 44
2664 2 0
2665 3 3
2666 2 5
2667 27 3
2668 0 12
2669 0 10
2670 15 45
2671 0 46
2672 7 0
2673 27 11
2674 0 42
2675 0 13
2676 0 9
2677 49 5
2678 0 31
2679 32 49
2680 0 6
2681 1 42
2682 29 6
2683 10 0
2684 7 49
2685 0 17
2686 5 45
2687 0 1
2688 16 0
2689 0 47
2690 3 49
2691 6 0
2692 0 4
2693 24 16
2694 15 0
2695 1 49
2696 3 25
2697 0 27
2698 25 8
2699 1 35
2700 22 48
2701 0 28
2702 0 2
2703 40 2
2704 0 10
2705 17 49
2706 4 49
2707 5 0
2708 8 46
2709 39 0
2710 28 0
2711 4 1
2712 6 49
2713 49 6
2714 0 18
2715 38 0
2716 26 49
2717 1 1
2718 32 0
2719 1 3
2720 1 5
2721 20 49
2722 0 8
2723 2 25
2724 27 49
2725 0 38
2726 0 19
2727 1 38
2728 3 48
2729 16 0
2730 48 49
2731 2 48
2732 7 4
2733 1 7
2734 0 9
2735 0 41
2736 3 25
2737 0 7
2738 1 34
2739 39 0
2740 38 0
2741 11 4
2742 0 32
2743 1 8
2744 2 46
2745 0 18
2746 31 49
2747 8 0
2748 31 0
2749 3 0
2750 9 2
2751 2 14
2752 7 44
2753 49 2
2754 1 37
2755 7 49
2756 2 25
2757 1 0
2758 2 8
2759 19 49
2760 0 11
2761 2 39
2762 22 49
2763 49 49
2764 10 4
2765 1 8
2766 2 8
2767 16 3
2768 3 46
2769 0 0
2770 12 0
2771 7 46
2772 0 27
2773 25 2
2774 21 0
2775 48 0
2776 0 20
2777 1 18
2778 1 39
2779 13 0
2780 0 3
2781 0 6
2782 0 16
2783 2 46
2784 24 2
2785 0 34
2786 39 5
2787 20 49
2788 3 4
2789 25 0
2790 1 13
2791 0 48
2792 1 0
2793 1 8
2794 0 1
2795 40 0
2796 8 2
2797 49 5
2798 0 7
2799 38 5
2800 0 49
2801 3 1
2802 3 25
2803 7 2
2804 2 4
2805 2 49
2806 1 2
2807 3 46
2808 0 47
2809 2 6
2810 0 0
2811 0 13
2812 0 2
2813 38 1
2814 4 2
2815 1 32
2816 49 15
2817 0 30
2818 5 49
2819 24 0
2820 2 25
2821 39 2
2822 37 49
2823 19 0
2824 36 2
2825 0 32
2826 2 39
2827 1 32
2828 0 29
2829 26 49
2830 0 32
2831 2 0
2832 0 19
2833 6 4
2834 0 6
2835 8 49
2836 0 5
2837 2 46
2838 30 0
2839 49 1
2840 35 2
2841 4 3
2842 36 49
2843 1 23
2844 18 49
2845 0 20
2846 47 0
2847 30 49
2848 1 39
2849 3 4
2850 1 1
2851 0 43
2852 1 14
2853 0 12
2854 39 0
2855 29 49
2856 14 49
2857 0 24
2858 2 10
2859 2 37
2860 0 28
2861 0 1
2862 7 49
2863 48 49
2864 0 21
2865 0 30
2866 49 16
2867 2 7
2868 0 45
2869 22 48
2870 1 46
2871 2 24
2872 6 0
2873 0 48
2874 3 48
2875 2 39
2876 13 47
2877 23 2
2878 4 1
2879 18 0
2880 0 19
2881 23 0
2882 0 27
2883 0 0
2884 0 23
2885 1 49
2886 13 2
2887 12 47
2888 23 16
2889 1 39
2890 21 49
2891 1 11
2892 8 1
2893 18 46
2894 22 16
2895 1 36
2896 26 11
2897 1 13
2898 0 1
2899 8 49
2900 20 0
2901 3 0
2902 0 8
2903 1 47
2904 4 45
2905 1 41
2906 23 49
2907 4 49
2908 7 49
2909 1 17
2910 6 44
2911 0 24
2912 0 2
2913 6 49
2914 40 0
2915 1 8
2916 1 22
2917 35 49
2918 15 3
2919 39 3
2920 2 4
2921 7 49
2922 6 2
2923 17 46
2924 5 49
2925 0 7
2926 0 47
2927 0 28
2928 17 49
2929 0 18
2930 26 3
2931 5 4
2932 5 44
2933 14 45
2934 0 1
2935 25 3
2936 10 44
2937 1 0
2938 1 45
2939 9 44
2940 1 9
2941 0 37
2942 49 0
2943 1 16
2944 3 49
2945 1 35
2946 22 47
2947 25 11
2948 0 27
2949 21 0
2950 2 36
2951 1 6
2952 2 22
2953 1 47
2954 12 2
2955 3 48
2956 3 1
2957 0 49
2958 9 4
2959 49 4
2960 20 0
2961 34 2
2962 2 42
2963 5 1
2964 6 46
2965 3 10
2966 21 0
2967 39 0
2968 1 38
2969 11 47
2970 38 3
2971 1 2
2972 5 46
2973 25 49
2974 1 8
2975 4 0
2976 0 6
2977 2 37
2978 0 4
2979 2 49
2980 8 49
2981 2 1
2982 37 3
2983 0 8
2984 21 47
2985 24 8
2986 2 0
2987 2 8
2988 1 49
2989 1 3
2990 49 49
2991 28 49
2992 2 5
2993 2 2
2994 37 1
2995 16 46
2996 37 5
2997 49 3
2998 38 0
2999 0 11
3000 1 22
3001 0 47
3002 0 29
3003 0 30
3004 1 44
3005 3 42
3006 0 28
3007 1 2
3008 11 2
3009 23 48
3010 3 3
3011 1 23
3012 0 25
3013 0 0
3014 24 0
3015 1 42
3016 0 14
3017 15 46
3018 1 9
3019 0 27
3020 2 11
3021 23 49
3022 8 0
3023 33 2
3024 8 44
3025 22 2
3026 1 0
3027 27 49
3028 6 3
3029 0 3
3030 5 43
3031 28 6
3032 2 2
3033 2 17
3034 4 4
3035 20 0
3036 28 49
3037 27 49
3038 1 36
3039 0 46
3040 0 29
3041 1 45
3042 2 43
3043 10 2
3044 0 24
3045 11 49
3046 25 48
3047 0 48
3048 4 43
3049 3 41
3050 1 44
3051 23 0
3052 25 49
3053 0 49
3054 49 1
3055 0 20
3056 2 25
3057 9 2
3058 2 45
3059 5 2
3060 20 49
3061 21 16
3062 6 4
3063 4 1
3064 28 49
3065 0 17
3066 3 49
3067 1 10
3068 0 4
3069 4 42
3070 3 0
3071 11 0
3072 5 0
3073 49 0
3074 5 47
3075 1 48
3076 2 7
3077 36 3
3078 35 0
3079 21 0
3080 2 41
3081 22 49
3082 39 0
3083 0 5
3084 2 40
3085 6 3
3086 0 6
3087 0 44
3088 27 49
3089 4 47
3090 3 47
3091 20 0
3092 2 39
3093 14 0
3094 6 1
3095 2 18
3096 27 0
3097 19 49
3098 7 1
3099 46 0
3100 0 35
3101 1 5
3102 0 2
3103 23 8
3104 29 0
3105 34 0
3106 13 0
3107 0 1
3108 0 9
3109 15 47
3110 24 11
3111 1 45
3112 33 0
3113 1 6
3114 3 45
3115 0 3
3116 0 7
3117 22 0
3118 34 49
3119 6 0
3120 28 49
3121 0 15
3122 24 49
3123 20 1
3124 0 30
3125 8 4
3126 3 44
3127 1 46
3128 20 49
3129 0 0
3130 0 8
3131 7 44
3132 2 8
3133 0 14
3134 30 0
3135 19 49
3136 0 12
3137 0 18
3138 0 6
3139 3 9
3140 49 15
3141 2 46
3142 0 16
3143 13 49
3144 20 0
3145 45 0
3146 2 23
3147 4 47
3148 10 49
3149 0 33
3150 27 6
3151 0 21
3152 12 49
3153 0 45
3154 1 5
3155 0 38
3156 3 10
3157 8 2
3158 2 49
3159 33 49
3160 6 1
3161 23 0
3162 0 36
3163 48 0
3164 2 47
3165 15 0
3166 21 0
3167 2 0
3168 0 29
3169 23 11
3170 13 45
3171 29 0
3172 32 2
3173 1 35
3174 13 49
3175 49 2
3176 0 35
3177 16 49
3178 18 49
3179 0 32
3180 7 4
3181 11 49
3182 2 7
3183 0 19
3184 10 0
3185 2 3
3186 2 13
3187 2 6
3188 4 49
3189 1 11
3190 10 47
3191 4 0
3192 16 0
3193 7 49
3194 19 0
3195 0 11
3196 0 23
3197 1 1
3198 3 25
3199 0 1
3200 2 24
3201 3 26
3202 24 0
3203 31 2
3204 1 4
3205 0 2
3206 1 9
3207 44 0
3208 5 49
3209 9 47
3210 0 5
3211 14 47
3212 0 37
3213 23 0
3214 0 44
3215 0 10
3216 0 30
3217 21 1
3218 25 49
3219 4 46
3220 1 18
3221 1 12
3222 37 0
3223 12 0
3224 7 2
3225 0 48
3226 0 3
3227 40 0
3228 1 8
3229 2 22
3230 18 0
3231 49 1
3232 3 25
3233 3 49
3234 47 0
3235 8 49
3236 6 49
3237 13 0
3238 10 49
3239 1 0
3240 21 0
3241 19 49
3242 7 5
3243 1 41
3244 0 29
3245 18 49
3246 26 0
3247 0 25
3248 21 2
3249 12 49
3250 19 0
3251 35 3
3252 1 2
3253 6 44
3254 2 46
3255 2 10
3256 0 49
3257 0 2
3258 15 49
3259 3 42
3260 27 49
3261 1 1
3262 0 24
3263 2 2
3264 0 6
3265 1 22
3266 0 8
3267 5 49
3268 13 49
3269 0 42
3270 0 30
3271 1 7
3272 0 13
3273 0 29
3274 0 34
3275 24 0
3276 0 43
3277 39 0
3278 8 1
3279 0 44
3280 0 39
3281 6 5
3282 0 43
3283 2 9
3284 1 3
3285 20 47
3286 2 0
3287 2 47
3288 18 0
3289 2 40
3290 36 0
3291 3 41
3292 0 33
3293 20 16
3294 1 49
3295 7 3
3296 3 4
3297 6 49
3298 34 3
3299 0 1
3300 0 30
3301 26 6
3302 7 0
3303 0 49
3304 28 0
3305 0 15
3306 49 16
3307 6 0
3308 3 26
3309 0 34
3310 32 0
3311 14 3
3312 1 11
3313 20 0
3314 2 22
3315 0 18
3316 3 46
3317 4 2
3318 16 49
3319 24 3
3320 48 49
3321 49 0
3322 12 0
3323 0 9
3324 1 49
3325 21 0
3326 49 12
3327 20 0
3328 8 0
3329 0 28
3330 2 3
3331 0 26
3332 35 0
3333 4 44
3334 29 0
3335 1 1
3336 0 11
3337 3 10
3338 1 22
3339 7 0
3340 0 41
3341 1 42
3342 5 3
3343 0 10
3344 6 43
3345 2 26
3346 0 40
3347 0 1
3348 3 44
3349 2 22
3350 49 11
3351 0 49
3352 15 49
3353 0 8
3354 3 5
3355 0 3
3356 5 43
3357 3 24
3358 49 1
3359 16 49
3360 1 0
3361 1 12
3362 1 28
3363 1 9
3364 0 7
3365 6 1
3366 22 11
3367 6 0
3368 1 17
3369 0 41
3370 12 49
3371 3 2
3372 28 49
3373 0 33
3374 4 3
3375 28 0
3376 3 0
3377 2 36
3378 26 1
3379 0 35
3380 2 46
3381 1 35
3382 0 8
3383 1 40
3384 13 49
3385 23 3
3386 1 22
3387 26 0
3388 0 5
3389 2 10
3390 19 49
3391 29 0
3392 0 36
3393 0 6
3394 0 27
3395 32 49
3396 22 3
3397 24 49
3398 4 1
3399 13 3
3400 31 49
3401 13 0
3402 1 5
3403 4 43
3404 2 49
3405 22 8
3406 23 0
3407 0 37
3408 5 49
3409 0 0
3410 0 48
3411 20 2
3412 3 47
3413 21 8
3414 0 16
3415 0 44
3416 1 23
3417 34 0
3418 3 49
3419 1 4
3420 0 5
3421 2 11
3422 19 16
3423 0 45
3424 18 49
3425 15 0
3426 13 47
3427 4 0
3428 4 1
3429 12 47
3430 6 2
3431 19 49
3432 1 2
3433 46 0
3434 21 11
3435 5 2
3436 25 6
3437 2 4
3438 0 19
3439 16 0
3440 6 2
3441 2 10
3442 7 49
3443 9 0
3444 1 1
3445 12 0
3446 0 29
3447 0 43
3448 1 3
3449 0 6
3450 9 49
3451 0 2
3452 2 1
3453 18 16
3454 31 0
3455 0 49
3456 27 49
3457 2 48
3458 2 23
3459 24 6
3460 2 3
3461 2 14
3462 11 47
3463 0 36
3464 26 49
3465 32 0
3466 1 0
3467 1 18
3468 0 23
3469 2 41
3470 0 5
3471 0 37
3472 1 46
3473 21 0
3474 49 10
3475 0 6
3476 25 0
3477 2 40
3478 2 9
3479 5 0
3480 1 2
3481 0 11
3482 18 49
3483 1 9
3484 49 9
3485 49 0
3486 30 49
3487 26 0
3488 5 1
3489 21 3
3490 0 31
3491 24 48
3492 7 48
3493 36 5
3494 5 5
3495 7 4
3496 49 8
3497 11 46
3498 10 0
3499 12 3
3500 2 7
3501 2 38
3502 0 20
3503 20 8
3504 3 36
3505 1 17
3506 0 42
3507 30 2
3508 1 40
3509 9 0
3510 1 43
3511 10 0
3512 0 18
3513 10 46
3514 0 19
3515 1 49
3516 6 0
3517 24 49
3518 13 0
3519 8 47
3520 0 0
3521 0 26
3522 1 38
3523 43 0
3524 20 0
3525 0 2
3526 19 2
3527 0 40
3528 1 18
3529 2 46
3530 1 21
3531 45 0
3532 1 48
3533 23 6
3534 19 47
3535 15 0
3536 0 44
3537 12 0
3538 0 46
3539 27 49
3540 48 0
3541 1 1
3542 1 4
3543 1 31
3544 0 18
3545 6 4
3546 5 6
3547 0 32
3548 2 36
3549 3 4
3550 4 0
3551 0 22
3552 8 49
3553 35 5
3554 15 49
3555 0 25
3556 2 45
3557 25 49
3558 3 5
3559 9 0
3560 21 0
3561 35 0
3562 4 6
3563 0 3
3564 4 42
3565 3 1
3566 12 45
3567 3 2
3568 4 7
3569 3 42
3570 49 49
3571 10 0
3572 7 0
3573 1 45
3574 20 0
3575 1 7
3576 28 49
3577 25 0
3578 0 41
3579 2 12
3580 9 0
3581 26 0
3582 0 23
3583 2 5
3584 11 0
3585 0 2
3586 24 49
3587 17 0
3588 0 9
3589 18 2
3590 46 0
3591 18 0
3592 0 22
3593 0 14
3594 2 43
3595 25 49
3596 17 2
3597 0 48
3598 0 47
3599 0 36
3600 42 0
3601 34 5
3602 9 49
3603 1 0
3604 7 2
3605 6 49
3606 1 42
3607 38 0
3608 12 49
3609 14 0
3610 0 49
3611 6 0
3612 2 15
3613 11 45
3614 12 0
3615 18 47
3616 11 0
3617 2 40
3618 1 12
3619 1 8
3620 45 0
3621 1 16
3622 12 0
3623 2 46
3624 5 4
3625 2 21
3626 21 0
3627 1 40
3628 29 2
3629 3 45
3630 34 0
3631 0 16
3632 10 0
3633 24 0
3634 1 13
3635 17 49
3636 1 46
3637 0 30
3638 0 23
3639 31 0
3640 19 8
3641 0 12
3642 0 22
3643 28 0
3644 6 2
3645 49 7
3646 27 49
3647 2 37
3648 49 6
3649 48 49
3650 2 46
3651 14 49
3652 0 37
3653 44 0
3654 8 46
3655 17 47
3656 1 15
3657 4 2
3658 8 49
3659 0 36
3660 1 3
3661 2 40
3662 3 4
3663 7 0
3664 1 26
3665 33 0
3666 49 5
3667 23 0
3668 2 15
3669 3 44
3670 15 49
3671 0 24
3672 5 49
3673 0 40
3674 20 0
3675 28 2
3676 21 0
3677 5 0
3678 3 0
3679 20 11
3680 2 2
3681 1 22
3682 29 49
3683 9 0
3684 1 49
3685 33 3
3686 25 0
3687 0 1
3688 0 33
3689 0 5
3690 0 43
3691 49 15
3692 0 32
3693 4 0
3694 0 38
3695 24 49
3696 14 49
3697 4 3
3698 0 49
3699 0 6
3700 30 49
3701 0 15
3702 17 16
3703 49 0
3704 6 0
3705 2 20
3706 3 5
3707 0 48
3708 2 19
3709 0 26
3710 1 37
3711 7 1
3712 1 41
3713 0 49
3714 4 47
3715 32 3
3716 20 0
3717 7 46
3718 5 1
3719 3 2
3720 8 0
3721 0 46
3722 11 0
3723 49 4
3724 6 3
3725 1 42
3726 22 6
3727 2 49
3728 11 49
3729 41 0
3730 21 0
3731 5 5
3732 0 45
3733 1 10
3734 0 47
3735 19 11
3736 3 45
3737 49 3
3738 13 0
3739 1 2
3740 18 8
3741 9 49
3742 20 0
3743 0 11
3744 20 3
3745 16 2
3746 0 17
3747 34 0
3748 12 49
3749 9 46
3750 1 47
3751 3 25
3752 0 35
3753 0 5
3754 29 49
3755 0 23
3756 1 16
3757 1 41
3758 33 5
3759 2 47
3760 30 0
3761 3 7
3762 22 0
3763 21 49
3764 0 3
3765 1 34
3766 2 24
3767 7 49
3768 49 49
3769 10 0
3770 11 3
3771 16 47
3772 0 25
3773 2 8
3774 32 5
3775 0 18
3776 10 45
3777 0 47
3778 0 26
3779 0 25
3780 0 8
3781 27 2
3782 3 1
3783 3 4
3784 0 2
3785 4 46
3786 15 2
3787 10 3
3788 9 0
3789 17 8
3790 1 3
3791 3 41
3792 21 6
3793 1 21
3794 48 0
3795 4 47
3796 20 49
3797 19 3
3798 4 5
3799 49 2
3800 26 49
3801 1 24
3802 0 29
3803 15 49
3804 10 44
3805 0 6
3806 11 49
3807 0 37
3808 3 0
3809 0 44
3810 2 4
3811 6 46
3812 49 1
3813 4 0
3814 9 3
3815 2 14
3816 3 42
3817 9 44
3818 49 2
3819 8 46
3820 7 0
3821 1 2
3822 14 2
3823 0 12
3824 0 0
3825 1 5
3826 14 49
3827 8 3
3828 48 49
3829 2 46
3830 49 14
3831 31 0
3832 0 42
3833 12 0
3834 4 49
3835 0 45
3836 2 15
3837 0 22
3838 1 3
3839 40 0
3840 43 0
3841 2 44
3842 6 2
3843 1 19
3844 1 14
3845 1 42
3846 3 0
3847 0 5
3848 10 1
3849 0 41
3850 0 23
3851 7 3
3852 1 30
3853 1 40
3854 0 14
3855 33 0
3856 1 2
3857 3 2
3858 4 0
3859 15 47
3860 49 1
3861 0 44
3862 4 45
3863 1 27
3864 2 19
3865 0 16
3866 49 49
3867 1 36
3868 41 0
3869 17 0
3870 1 46
3871 27 49
3872 0 27
3873 0 7
3874 1 45
3875 1 3
3876 49 2
3877 0 43
3878 49 0
3879 11 0
3880 5 49
3881 0 45
3882 26 49
3883 23 49
3884 13 2
3885 16 49
3886 16 16
3887 1 19
3888 0 48
3889 0 11
3890 16 8
3891 0 44
3892 2 39
3893 1 31
3894 1 9
3895 40 0
3896 3 15
3897 13 49
3898 1 43
3899 3 0
3900 25 49
3901 41 0
3902 5 3
3903 26 2
3904 40 0
3905 11 48
3906 4 2
3907 1 13
3908 3 4
3909 7 4
3910 0 10
3911 1 30
3912 30 0
3913 0 9
3914 31 0
3915 2 38
3916 0 1
3917 1 49
3918 0 2
3919 2 36
3920 6 3
3921 7 48
3922 6 2
3923 3 44
3924 1 8
3925 1 31
3926 0 26
3927 2 43
3928 0 25
3929 30 0
3930 2 9
3931 32 0
3932 2 25
3933 1 33
3934 0 49
3935 2 2
3936 6 4
3937 0 1
3938 1 12
3939 2 26
3940 2 7
3941 1 2
3942 2 3
3943 15 49
3944 0 31
3945 0 42
3946 8 1
3947 8 2
3948 1 26
3949 1 41
3950 8 49
3951 30 1
3952 1 29
3953 4 49
3954 9 49
3955 8 1
3956 0 2
3957 4 3
3958 0 24
3959 3 2
3960 49 3
3961 2 44
3962 1 36
3963 27 0
3964 5 0
3965 5 3
3966 5 46
3967 0 34
3968 0 36
3969 5 49
3970 0 28
3971 0 33
3972 0 26
3973 37 0
3974 0 41
3975 1 38
3976 0 22
3977 2 6
3978 49 13
3979 0 1
3980 1 4
3981 4 6
3982 2 47
3983 2 0
3984 1 26
3985 1 23
3986 23 0
3987 12 49
3988 7 49
3989 4 3
3990 10 49
3991 28 0
3992 0 12
3993 19 49
3994 5 4
3995 3 5
3996 10 2
3997 8 49
3998 2 38
3999 1 42
4000 1 10
4001 1 15
4002 39 0
4003 42 0
4004 6 46
4005 49 12
4006 1 5
4007 3 9
4008 2 23
4009 3 4
4010 0 26
4011 20 6
4012 49 11
4013 4 2
4014 5 3
4015 5 4
4016 18 11
4017 1 1
4018 14 49
4019 1 49
4020 0 2
4021 5 46
4022 9 2
4023 1 38
4024 22 0
4025 0 17
4026 18 49
4027 7 1
4028 3 45
4029 8 44
4030 1 23
4031 0 35
4032 15 49
4033 36 0
4034 15 8
4035 2 8
4036 18 3
4037 0 3
4038 38 0
4039 0 19
4040 2 4
4041 3 46
4042 35 0
4043 2 2
4044 14 47
4045 1 7
4046 25 2
4047 3 1
4048 3 10
4049 37 0
4050 41 0
4051 27 0
4052 3 45
4053 3 6
4054 7 49
4055 12 0
4056 10 0
4057 8 0
4058 0 30
4059 3 41
4060 4 0
4061 5 0
4062 0 7
4063 1 47
4064 0 1
4065 1 17
4066 0 46
4067 2 23
4068 8 2
4069 0 34
4070 31 0
4071 2 17
4072 0 42
4073 1 3
4074 22 49
4075 0 13
4076 19 0
4077 31 3
4078 11 47
4079 6 3
4080 13 49
4081 16 0
4082 3 49
4083 0 11
4084 2 6
4085 8 3
4086 1 0
4087 2 31
4088 2 47
4089 8 2
4090 8 3
4091 4 3
4092 0 18
4093 1 26
4094 0 31
4095 1 8
4096 0 8
4097 0 26
4098 2 41
4099 4 48
4100 6 2
4101 1 23
4102 2 8
4103 4 5
4104 24 49
4105 0 0
4106 10 1
4107 0 30
4108 6 49
4109 3 14
4110 14 8
4111 29 1
4112 28 0
4113 3 0
4114 7 0
4115 10 0
4116 5 1
4117 0 25
4118 48 49
4119 13 0
4120 15 0
4121 24 2
4122 13 47
4123 7 3
4124 2 9
4125 4 2
4126 21 0
4127 0 21
4128 38 0
4129 2 1
4130 3 11
4131 0 49
4132 49 2
4133 2 21
4134 12 49
4135 2 29
4136 5 3
4137 0 40
4138 0 43
4139 0 20
4140 13 8
4141 0 41
4142 2 7
4143 0 3
4144 1 6
4145 5 49
4146 3 7
4147 24 0
4148 0 2
4149 1 28
4150 12 0
4151 0 15
4152 49 3
4153 3 29
4154 22 0
4155 5 0
4156 1 2
4157 0 17
4158 15 16
4159 0 44
4160 2 38
4161 0 28
4162 18 0
4163 13 46
4164 14 0
4165 1 48
4166 0 1
4167 1 26
4168 0 32
4169 9 49
4170 21 49
4171 0 42
4172 1 3
4173 23 2
4174 23 49
4175 37 0
4176 2 2
4177 3 46
4178 0 14
4179 11 49
4180 10 1
4181 2 45
4182 1 44
4183 12 46
4184 7 44
4185 11 0
4186 2 14
4187 0 21
4188 21 0
4189 34 0
4190 1 38
4191 0 0
4192 27 0
4193 2 5
4194 1 1
4195 4 6
4196 5 45
4197 2 0
4198 4 47
4199 2 16
4200 17 49
4201 6 44
4202 1 30
4203 23 0
4204 29 0
4205 2 3
4206 1 47
4207 2 11
4208 49 2
4209 2 8
4210 0 23
4211 48 0
4212 1 13
4213 33 0
4214 1 27
4215 14 49
4216 1 26
4217 7 4
4218 2 40
4219 17 3
4220 31 1
4221 3 1
4222 49 0
4223 3 2
4224 2 29
4225 16 3
4226 7 48
4227 1 7
4228 3 14
4229 0 1
4230 30 3
4231 0 15
4232 26 0
4233 7 46
4234 48 0
4235 4 0
4236 0 7
4237 12 45
4238 14 16
4239 25 0
4240 11 45
4241 2 47
4242 1 41
4243 0 36
4244 4 1
4245 4 3
4246 3 5
4247 12 0
4248 40 0
4249 36 0
4250 6 46
4251 29 3
4252 10 47
4253 2 12
4254 2 28
4255 0 45
4256 6 43
4257 0 3
4258 5 2
4259 0 13
4260 2 7
4261 49 0
4262 13 16
4263 9 47
4264 0 18
4265 49 10
4266 22 0
4267 8 47
4268 13 49
4269 28 49
4270 6 4
4271 2 32
4272 12 8
4273 4 45
4274 3 1
4275 0 46
4276 0 37
4277 17 0
4278 2 14
4279 6 0
4280 1 42
4281 12 16
4282 5 1
4283 3 7
4284 3 0
4285 14 49
4286 5 43
4287 0 24
4288 2 49
4289 1 45
4290 1 47
4291 8 49
4292 15 0
4293 31 5
4294 28 0
4295 2 27
4296 2 9
4297 2 38
4298 0 41
4299 2 8
4300 5 0
4301 1 34
4302 3 43
4303 0 40
4304 2 41
4305 23 0
4306 2 46
4307 2 31
4308 3 49
4309 10 0
4310 49 9
4311 27 0
4312 1 40
4313 2 2
4314 0 41
4315 1 20
4316 49 3
4317 3 41
4318 1 14
4319 0 36
4320 0 26
4321 30 5
4322 1 9
4323 0 33
4324 1 3
4325 2 7
4326 2 42
4327 1 19
4328 10 45
4329 0 47
4330 8 46
4331 31 0
4332 3 2
4333 17 11
4334 0 2
4335 1 24
4336 2 47
4337 3 4
4338 1 38
4339 1 16
4340 25 1
4341 9 49
4342 49 2
4343 35 0
4344 0 43
4345 0 42
4346 5 46
4347 0 30
4348 19 6
4349 13 49
4350 24 49
4351 11 48
4352 2 4
4353 18 6
4354 6 0
4355 5 4
4356 4 1
4357 36 0
4358 3 6
4359 12 49
4360 28 3
4361 2 5
4362 0 10
4363 0 11
4364 3 45
4365 2 49
4366 15 3
4367 2 46
4368 0 35
4369 1 31
4370 1 47
4371 48 0
4372 0 16
4373 0 48
4374 0 15
4375 1 48
4376 3 49
4377 3 7
4378 49 8
4379 2 3
4380 0 44
4381 2 48
4382 5 3
4383 2 49
4384 27 3
4385 23 49
4386 1 10
4387 1 5
4388 2 1
4389 0 16
4390 0 9
4391 0 12
4392 2 10
4393 4 6
4394 13 49
4395 0 48
4396 2 0
4397 5 0
4398 2 20
4399 2 40
4400 27 49
4401 2 34
4402 7 0
4403 49 49
4404 0 3
4405 26 49
4406 11 8
4407 5 5
4408 4 41
4409 14 0
4410 0 17
4411 5 42
4412 25 49
4413 17 6
4414 4 45
4415 29 5
4416 0 36
4417 26 3
4418 25 3
4419 1 40
4420 4 2
4421 3 5
4422 2 31
4423 22 2
4424 21 2
4425 30 0
4426 0 8
4427 3 12
4428 1 41
4429 0 2
4430 1 44
4431 20 49
4432 0 19
4433 6 46
4434 11 49
4435 1 11
4436 0 41
4437 0 10
4438 2 1
4439 0 3
4440 49 1
4441 0 49
4442 19 49
4443 1 34
4444 1 41
4445 49 2
4446 0 48
4447 20 2
4448 1 3
4449 24 0
4450 5 43
4451 2 41
4452 10 8
4453 0 47
4454 0 41
4455 1 47
4456 20 0
4457 19 2
4458 0 45
4459 23 0
4460 29 0
4461 1 28
4462 1 0
4463 2 16
4464 9 8
4465 16 11
4466 2 40
4467 2 7
4468 49 1
4469 8 0
4470 20 49
4471 0 35
4472 1 25
4473 3 3
4474 1 31
4475 1 21
4476 22 49
4477 2 31
4478 0 49
4479 3 48
4480 2 5
4481 0 40
4482 30 0
4483 0 20
4484 1 32
4485 11 48
4486 0 15
4487 6 5
4488 18 2
4489 29 0
4490 12 1
4491 1 37
4492 9 45
4493 0 29
4494 3 8
4495 3 4
4496 0 48
4497 0 41
4498 0 43
4499 1 16
4500 1 2
4501 1 12
4502 4 40
4503 26 0
4504 49 2
4505 2 26
4506 15 11
4507 11 16
4508 9 44
4509 12 49
4510 16 0
4511 3 45
4512 2 13
4513 8 44
4514 24 1
4515 0 9
4516 0 6
4517 1 40
4518 0 10
4519 5 46
4520 49 7
4521 23 49
4522 7 49
4523 19 0
4524 0 14
4525 1 11
4526 5 5
4527 0 3
4528 5 45
4529 0 36
4530 28 0
4531 32 0
4532 2 0
4533 0 9
4534 2 42
4535 24 2
4536 35 0
4537 16 6
4538 1 8
4539 10 16
4540 1 42
4541 3 6
4542 1 0
4543 1 38
4544 10 48
4545 0 49
4546 7 0
4547 0 32
4548 14 11
4549 1 5
4550 25 4
4551 49 0
4552 5 46
4553 0 47
4554 2 16
4555 0 46
4556 0 15
4557 2 41
4558 5 1
4559 1 27
4560 0 0
4561 2 47
4562 0 48
4563 0 18
4564 0 13
4565 22 0
4566 10 47
4567 0 1
4568 0 22
4569 4 6
4570 2 45
4571 14 3
4572 0 44
4573 1 47
4574 2 19
4575 0 0
4576 0 19
4577 29 0
4578 12 2
4579 1 46
4580 1 31
4581 0 20
4582 1 15
4583 13 0
4584 3 2
4585 0 2
4586 1 47
4587 3 41
4588 1 30
4589 1 7
4590 0 7
4591 2 6
4592 0 35
4593 26 49
4594 22 49
4595 0 12
4596 0 31
4597 7 46
4598 19 49
4599 13 11
4600 3 11
4601 0 43
4602 0 25
4603 16 49
4604 6 0
4605 3 5
4606 0 40
4607 0 5
4608 15 49
4609 28 0
4610 2 4
4611 11 1
4612 18 49
4613 0 1
4614 9 16
4615 1 37
4616 0 49
4617 48 49
4618 13 3
4619 2 9
4620 0 38
4621 0 41
4622 6 3
4623 0 17
4624 9 0
4625 0 40
4626 11 49
4627 3 45
4628 3 7
4629 24 4
4630 7 44
4631 49 3
4632 5 42
4633 25 49
4634 1 39
4635 23 4
4636 3 49
4637 1 48
4638 5 0
4639 1 3
4640 11 0
4641 4 42
4642 5 42
4643 0 28
4644 17 2
4645 49 6
4646 0 42
4647 4 39
4648 28 5
4649 22 4
4650 1 6
4651 29 0
4652 11 2
4653 0 36
4654 1 49
4655 0 48
4656 49 49
4657 0 14
4658 0 10
4659 15 0
4660 4 1
4661 14 49
4662 0 23
4663 7 0
4664 16 49
4665 27 5
4666 0 35
4667 15 6
4668 5 48
4669 0 9
4670 10 0
4671 2 45
4672 0 11
4673 23 2
4674 7 1
4675 12 3
4676 2 10
4677 22 2
4678 6 0
4679 4 0
4680 21 0
4681 48 0
4682 13 49
4683 2 6
4684 5 45
4685 0 26
4686 3 0
4687 11 48
4688 3 26
4689 15 49
4690 5 0
4691 0 30
4692 4 46
4693 0 16
4694 0 29
4695 0 17
4696 21 2
4697 0 28
4698 17 49
4699 15 48
4700 0 10
4701 10 2
4702 4 42
4703 1 1
4704 1 19
4705 5 3
4706 10 49
4707 16 2
4708 0 15
4709 5 42
4710 1 9
4711 11 3
4712 0 43
4713 1 6
4714 12 11
4715 20 2
4716 0 9
4717 2 26
4718 4 3
4719 0 12
4720 28 0
4721 29 0
4722 12 49
4723 2 39
4724 15 2
4725 6 0
4726 1 16
4727 1 47
4728 0 41
4729 0 31
4730 18 0
4731 5 4
4732 5 49
4733 2 49
4734 6 44
4735 26 5
4736 49 5
4737 49 2
4738 3 12
4739 5 6
4740 4 42
4741 1 39
4742 6 4
4743 0 25
4744 0 45
4745 21 4
4746 49 1
4747 0 26
4748 28 0
4749 49 2
4750 2 48
4751 1 28
4752 0 29
4753 8 16
4754 19 2
4755 2 16
4756 4 4
4757 6 43
4758 1 24
4759 1 15
4760 2 25
4761 3 46
4762 0 42
4763 3 39
4764 9 49
4765 0 44
4766 14 6
4767 1 5
4768 1 22
4769 1 43
4770 3 38
4771 7 16
4772 18 2
4773 3 11
4774 1 2
4775 1 8
4776 0 46
4777 3 44
4778 3 47
4779 2 3
4780 21 49
4781 0 16
4782 4 45
4783 31 0
4784 14 2
4785 1 13
4786 9 47
4787 0 17
4788 0 24
4789 13 49
4790 0 22
4791 11 0
4792 25 0
4793 0 45
4794 20 4
4795 30 0
4796 0 32
4797 6 16
4798 2 38
4799 4 46
4800 5 1
4801 12 49
4802 1 33
4803 4 1
4804 13 49
4805 13 6
4806 48 49
4807 0 31
4808 0 5
4809 0 16
4810 7 48
4811 5 1
4812 4 1
4813 5 1
4814 2 9
4815 0 3
4816 2 6
4817 49 1
4818 4 6
4819 1 6
4820 0 21
4821 2 13
4822 49 4
4823 13 1
4824 20 49
4825 1 1
4826 4 1
4827 11 11
4828 0 46
4829 9 2
4830 1 45
4831 2 45
4832 3 38
4833 2 41
4834 31 0
4835 10 3
4836 17 2
4837 1 5
4838 5 6
4839 19 4
4840 4 3
4841 0 19
4842 2 1
4843 4 0
4844 16 49
4845 49 2
4846 2 30
4847 2 43
4848 0 47
4849 17 0
4850 2 17
4851 27 0
4852 1 30
4853 6 49
4854 1 1
4855 8 2
4856 2 49
4857 0 28
4858 0 32
4859 4 49
4860 7 0
4861 0 23
4862 8 48
4863 7 2
4864 2 6
4865 0 40
4866 8 8
4867 2 4
4868 0 25
4869 12 6
4870 0 45
4871 1 18
4872 0 13
4873 1 27
4874 0 14
4875 49 1
4876 0 13
4877 0 5
4878 3 9
4879 18 4
4880 0 26
4881 19 49
4882 2 48
4883 0 36
4884 1 42
4885 5 1
4886 4 6
4887 0 24
4888 12 0
4889 2 1
4890 17 49
4891 2 3
4892 0 31
4893 4 44
4894 4 4
4895 10 0
4896 2 49
4897 3 1
4898 5 43
4899 6 46
4900 11 0
4901 18 0
4902 0 11
4903 1 0
4904 17 4
4905 0 10
4906 24 49
4907 8 0
4908 3 44
4909 16 49
4910 6 45
4911 5 44
4912 1 4
4913 16 2
4914 0 41
4915 14 0
4916 2 46
4917 47 0
4918 7 49
4919 8 1
4920 1 40
4921 1 29
4922 4 9
4923 28 0
4924 6 3
4925 2 12
4926 1 11
4927 1 43
4928 0 35
4929 34 0
4930 0 18
4931 20 0
4932 0 29
4933 1 17
4934 0 28
4935 2 0
4936 3 0
4937 0 29
4938 5 16
4939 2 45
4940 11 49
4941 0 39
4942 0 20
4943 6 46
4944 2 13
4945 3 48
4946 18 49
4947 4 2
4948 5 43
4949 15 49
4950 3 47
4951 0 28
4952 11 6
4953 1 12
4954 30 0
4955 1 9
4956 2 17
4957 14 48
4958 0 43
4959 14 47
4960 2 42
4961 1 0
4962 1 11
4963 1 25
4964 1 19
4965 1 8
4966 24 0
4967 33 0
4968 17 0
4969 9 0
4970 2 1
4971 14 3
4972 4 0
4973 5 6
4974 0 9
4975 1 44
4976 11 48
4977 2 38
4978 8 0
4979 3 2
4980 0 42
4981 3 41
4982 10 49
4983 11 47
4984 2 46
4985 13 3
4986 0 2
4987 5 44
4988 0 37
4989 0 15
4990 1 41
4991 1 30
4992 1 43
4993 6 49
4994 5 2
4995 1 3
4996 2 45
4997 6 4
4998 2 46
4999 10 0
5000 10 11
5001 0 46
5002 0 32
5003 2 34
5004 7 3
5005 12 1
5006 0 41
5007 3 48
5008 3 9
5009 19 0
5010 9 3
5011 0 31
5012 5 43
5013 0 3
5014 0 21
5015 1 20
5016 2 4
5017 39 0
5018 7 1
5019 6 3
5020 9 49
5021 10 49
5022 0 14
5023 2 8
5024 0 16
5025 7 49
5026 7 8
5027 0 32
5028 5 0
5029 2 0
5030 6 45
5031 4 5
5032 0 13
5033 6 49
5034 1 49
5035 2 12
5036 20 0
5037 15 2
5038 3 40
5039 4 1
5040 4 11
5041 1 45
5042 13 0
5043 10 6
5044 14 0
5045 12 49
5046 0 11
5047 0 25
5048 27 0
5049 2 2
5050 25 5
5051 1 1
5052 3 2
5053 0 44
5054 2 41
5055 0 34
5056 6 0
5057 19 0
5058 1 14
5059 49 49
5060 2 42
5061 0 19
5062 5 0
5063 4 0
5064 1 6
5065 2 3
5066 2 45
5067 1 32
5068 2 41
5069 23 0
5070 8 3
5071 4 45
5072 4 2
5073 48 49
5074 12 3
5075 0 18
5076 16 0
5077 7 49
5078 2 48
5079 38 0
5080 4 9
5081 1 17
5082 3 42
5083 3 48
5084 5 49
5085 3 4
5086 4 49
5087 4 16
5088 1 38
5089 0 12
5090 2 17
5091 0 48
5092 14 2
5093 2 25
5094 49 0
5095 6 8
5096 0 35
5097 9 11
5098 17 49
5099 3 5
5100 19 49
5101 0 31
5102 8 2
5103 2 38
5104 16 4
5105 8 3
5106 6 0
5107 9 0
5108 11 46
5109 2 44
5110 3 1
5111 10 46
5112 0 42
5113 22 0
5114 4 7
5115 0 4
5116 2 24
5117 6 49
5118 0 45
5119 26 0
5120 2 5
5121 2 6
5122 1 45
5123 8 11
5124 37 0
5125 13 0
5126 3 46
5127 4 3
5128 3 7
5129 3 44
5130 1 9
5131 6 44
5132 24 5
5133 1 40
5134 14 0
5135 2 2
5136 2 47
5137 8 0
5138 9 0
5139 36 0
5140 5 8
5141 2 13
5142 5 0
5143 6 45
5144 0 6
5145 0 14
5146 1 17
5147 3 10
5148 0 43
5149 15 4
5150 1 23
5151 1 37
5152 0 5
5153 2 44
5154 6 0
5155 0 30
5156 4 7
5157 1 42
5158 5 4
5159 1 6
5160 11 0
5161 2 17
5162 2 10
5163 3 3
5164 2 25
5165 4 1
5166 2 43
5167 0 32
5168 0 13
5169 49 1
5170 0 6
5171 1 3
5172 10 0
5173 2 6
5174 2 12
5175 0 29
5176 0 46
5177 0 45
5178 0 47
5179 1 19
5180 8 49
5181 23 5
5182 1 44
5183 7 2
5184 35 0
5185 10 45
5186 0 27
5187 0 31
5188 5 3
5189 2 46
5190 6 6
5191 3 4
5192 2 39
5193 3 0
5194 0 10
5195 14 4
5196 3 49
5197 17 48
5198 0 37
5199 2 38
5200 46 0
5201 13 4
5202 0 46
5203 1 16
5204 0 45
5205 0 9
5206 13 49
5207 0 11
5208 49 0
5209 0 20
5210 3 10
5211 2 24
5212 2 3
5213 1 7
5214 3 16
5215 0 5
5216 25 0
5217 29 0
5218 1 13
5219 24 0
5220 1 25
5221 0 21
5222 21 0
5223 1 34
5224 4 2
5225 6 44
5226 2 5
5227 0 26
5228 4 43
5229 0 40
5230 6 48
5231 1 41
5232 3 2
5233 2 1
5234 0 44
5235 13 0
5236 0 3
5237 0 20
5238 15 0
5239 2 0
5240 0 17
5241 1 40
5242 2 1
5243 17 49
5244 3 3
5245 2 6
5246 0 8
5247 49 49
5248 5 43
5249 23 0
5250 2 9
5251 0 40
5252 12 49
5253 1 38
5254 5 0
5255 45 0
5256 0 7
5257 22 5
5258 6 4
5259 1 9
5260 10 48
5261 3 4
5262 13 5
5263 23 49
5264 6 49
5265 9 6
5266 1 46
5267 11 1
5268 8 0
5269 2 30
5270 1 40
5271 21 5
5272 0 18
5273 10 49
5274 4 48
5275 0 6
5276 1 33
5277 6 2
5278 2 41
5279 0 32
5280 3 12
5281 2 0
5282 44 0
5283 1 30
5284 16 0
5285 8 47
5286 3 9
5287 0 9
5288 2 2
5289 4 0
5290 43 0
5291 20 5
5292 6 0
5293 1 31
5294 2 5
5295 0 28
5296 2 6
5297 0 25
5298 7 3
5299 8 3
5300 9 45
5301 2 5
5302 0 16
5303 4 43
5304 3 0
5305 28 0
5306 3 24
5307 7 4
5308 0 41
5309 24 0
5310 3 39
5311 10 48
5312 8 2
5313 0 1
5314 4 1
5315 0 23
5316 0 13
5317 20 49
5318 0 42
5319 15 0
5320 32 0
5321 2 11
5322 0 17
5323 5 11
5324 42 0
5325 5 43
5326 0 2
5327 34 0
5328 7 0
5329 31 0
5330 6 45
5331 6 4
5332 2 48
5333 5 5
5334 0 15
5335 3 45
5336 1 8
5337 8 1
5338 3 13
5339 3 3
5340 5 45
5341 2 8
5342 0 22
5343 1 30
5344 5 0
5345 1 15
5346 0 36
5347 7 4
5348 5 49
5349 2 3
5350 8 0
5351 12 5
5352 19 5
5353 0 49
5354 13 47
5355 4 42
5356 1 6
5357 22 0
5358 5 9
5359 4 4
5360 18 5
5361 7 11
5362 3 5
5363 0 29
5364 7 49
5365 2 9
5366 1 9
5367 8 49
5368 1 10
5369 18 49
5370 3 9
5371 0 5
5372 5 1
5373 1 37
5374 48 0
5375 7 1
5376 7 2
5377 8 45
5378 22 49
5379 7 49
5380 30 0
5381 0 31
5382 2 49
5383 7 10
5384 0 8
5385 1 7
5386 21 0
5387 3 43
5388 41 0
5389 3 3
5390 2 25
5391 9 0
5392 1 12
5393 10 49
5394 0 14
5395 0 34
5396 7 45
5397 49 0
5398 3 10
5399 23 0
5400 11 3
5401 2 12
5402 2 43
5403 5 6
5404 4 5
5405 40 0
5406 6 5
5407 1 1
5408 7 47
5409 0 13
5410 13 49
5411 0 48
5412 33 0
5413 0 35
5414 0 36
5415 2 11
5416 17 5
5417 0 15
5418 32 0
5419 2 3
5420 1 0
5421 11 0
5422 2 13
5423 3 9
5424 0 49
5425 23 49
5426 1 15
5427 2 45
5428 27 0
5429 7 44
5430 2 18
5431 3 49
5432 2 26
5433 0 24
5434 5 0
5435 3 3
5436 9 1
5437 9 49
5438 0 41
5439 0 16
5440 0 33
5441 0 38
5442 3 45
5443 49 3
5444 16 49
5445 3 42
5446 6 4
5447 26 0
5448 0 21
5449 10 0
5450 29 0
5451 6 44
5452 1 49
5453 4 3
5454 1 3
5455 7 5
5456 1 14
5457 15 49
5458 0 10
5459 3 10
5460 2 24
5461 4 9
5462 0 34
5463 7 6
5464 2 49
5465 7 5
5466 11 0
5467 3 2
5468 3 9
5469 10 3
5470 25 0
5471 0 28
5472 16 49
5473 3 10
5474 1 29
5475 48 0
5476 6 10
5477 0 22
5478 2 6
5479 5 9
5480 2 1
5481 0 33
5482 4 42
5483 3 26
5484 2 44
5485 0 48
5486 2 25
5487 28 0
5488 7 6
5489 0 19
5490 2 37
5491 0 15
5492 49 2
5493 0 7
5494 1 18
5495 12 49
5496 6 49
5497 3 49
5498 0 8
5499 5 1
5500 1 9
5501 0 47
5502 11 49
5503 8 49
5504 9 49
5505 18 0
5506 2 3
5507 1 20
5508 18 48
5509 1 3
5510 7 49
5511 11 5
5512 1 44
5513 7 44
5514 13 2
5515 0 7
5516 4 1
5517 3 41
5518 39 0
5519 6 49
5520 5 2
5521 15 49
5522 0 12
5523 7 1
5524 0 46
5525 4 0
5526 5 4
5527 2 16
5528 14 49
5529 2 47
5530 9 2
5531 31 0
5532 0 39
5533 0 30
5534 2 2
5535 48 49
5536 49 0
5537 3 43
5538 0 35
5539 26 0
5540 2 45
5541 0 13
5542 3 27
5543 10 5
5544 7 2
5545 30 0
5546 1 43
5547 2 44
5548 8 49
5549 1 32
5550 5 1
5551 1 16
5552 25 0
5553 19 49
5554 3 13
5555 9 49
5556 0 0
5557 16 0
5558 22 49
5559 0 27
5560 0 49
5561 6 4
5562 0 38
5563 1 11
5564 1 21
5565 0 26
5566 20 49
5567 9 1
5568 0 43
5569 5 2
5570 3 26
5571 0 40
5572 2 13
5573 4 9
5574 4 47
5575 20 0
5576 7 5
5577 8 49
5578 0 41
5579 19 49
5580 2 18
5581 0 18
5582 16 5
5583 5 1
5584 1 6
5585 2 17
5586 7 0
5587 0 12
5588 2 12
5589 21 0
5590 1 43
5591 2 10
5592 2 5
5593 49 49
5594 0 8
5595 2 0
5596 9 49
5597 1 45
5598 6 0
5599 10 0
5600 12 47
5601 19 0
5602 6 2
5603 3 1
5604 2 42
5605 0 43
5606 1 46
5607 2 48
5608 8 49
5609 6 44
5610 48 49
5611 2 46
5612 0 37
5613 3 3
5614 7 6
5615 4 45
5616 2 29
5617 5 42
5618 9 2
5619 5 4
5620 0 3
5621 12 0
5622 2 18
5623 0 11
5624 1 31
5625 1 11
5626 3 13
5627 3 0
5628 3 27
5629 0 45
5630 3 7
5631 0 11
5632 5 3
5633 0 6
5634 7 5
5635 0 29
5636 5 48
5637 0 9
5638 1 28
5639 1 10
5640 3 47
5641 3 6
5642 3 45
5643 8 6
5644 1 46
5645 5 7
5646 3 4
5647 7 2
5648 1 42
5649 1 17
5650 2 7
5651 0 40
5652 13 49
5653 1 44
5654 1 25
5655 4 41
5656 5 44
5657 0 16
5658 6 42
5659 18 0
5660 2 30
5661 4 43
5662 8 7
5663 19 0
5664 1 48
5665 17 48
5666 4 3
5667 21 1
5668 2 36
5669 1 20
5670 3 3
5671 17 49
5672 15 5
5673 2 4
5674 1 11
5675 1 5
5676 7 7
5677 12 2
5678 18 0
5679 0 20
5680 4 40
5681 2 41
5682 3 14
5683 0 15
5684 19 0
5685 2 6
5686 0 1
5687 49 49
5688 5 45
5689 0 2
5690 0 38
5691 1 39
5692 0 0
5693 0 5
5694 6 9
5695 5 49
5696 2 40
5697 0 16
5698 3 38
5699 0 36
5700 49 3
5701 5 42
5702 48 49
5703 31 0
5704 2 46
5705 5 0
5706 9 5
5707 2 38
5708 4 47
5709 2 43
5710 2 27
5711 2 35
5712 16 49
5713 14 5
5714 5 3
5715 21 49
5716 3 10
5717 1 49
5718 3 44
5719 10 4
5720 6 5
5721 2 48
5722 15 49
5723 0 35
5724 0 42
5725 5 41
5726 2 29
5727 6 4
5728 0 39
5729 3 2
5730 0 21
5731 10 3
5732 0 15
5733 0 48
5734 5 2
5735 2 1
5736 2 9
5737 0 11
5738 49 49
5739 6 1
5740 11 2
5741 2 2
5742 0 3
5743 0 49
5744 18 49
5745 3 6
5746 2 6
5747 2 26
5748 1 46
5749 4 39
5750 49 2
5751 1 41
5752 1 2
5753 0 17
5754 0 30
5755 6 48
5756 7 3
5757 0 44
5758 4 42
5759 2 1
5760 3 47
5761 0 2
5762 13 48
5763 1 49
5764 2 8
5765 2 25
5766 1 16
5767 1 9
5768 2 0
5769 6 5
5770 2 2
5771 3 13
5772 0 22
5773 0 4
5774 22 0
5775 1 18
5776 1 0
5777 4 11
5778 7 0
5779 3 5
5780 9 0
5781 10 49
5782 7 2
5783 0 18
5784 2 0
5785 0 49
5786 17 49
5787 1 39
5788 0 29
5789 1 7
5790 11 1
5791 10 1
5792 11 0
5793 13 5
5794 7 6
5795 0 30
5796 7 49
5797 0 3
5798 10 4
5799 4 8
5800 3 39
5801 18 0
5802 4 2
5803 3 2
5804 0 25
5805 12 0
5806 4 45
5807 0 46
5808 1 49
5809 8 0
5810 9 49
5811 0 49
5812 2 10
5813 0 28
5814 6 0
5815 13 49
5816 2 42
5817 7 3
5818 2 37
5819 3 11
5820 7 7
5821 0 39
5822 18 49
5823 10 49
5824 3 14
5825 23 0
5826 1 43
5827 3 40
5828 3 6
5829 0 13
5830 2 27
5831 20 49
5832 5 0
5833 5 5
5834 0 6
5835 0 5
5836 0 16
5837 0 21
5838 6 0
5839 7 6
5840 1 3
5841 1 29
5842 1 46
5843 8 1
5844 0 31
5845 2 1
5846 5 9
5847 1 10
5848 3 38
5849 8 0
5850 16 49
5851 12 49
5852 0 12
5853 1 33
5854 1 49
5855 49 3
5856 11 0
5857 0 24
5858 30 0
5859 3 4
5860 1 11
5861 19 0
5862 22 0
5863 12 0
5864 8 5
5865 1 20
5866 0 30
5867 0 33
5868 2 3
5869 4 46
5870 4 3
5871 2 2
5872 4 49
5873 31 0
5874 6 7
5875 4 5
5876 3 1
5877 0 11
5878 5 48
5879 1 3
5880 2 29
5881 0 41
5882 5 0
5883 7 1
5884 20 1
5885 2 40
5886 5 3
5887 0 29
5888 6 6
5889 9 4
5890 11 0
5891 2 6
5892 4 3
5893 0 49
5894 48 0
5895 48 49
5896 1 44
5897 4 6
5898 1 0
5899 2 13
5900 2 47
5901 4 43
5902 8 2
5903 7 0
5904 6 49
5905 2 9
5906 5 7
5907 1 27
5908 3 8
5909 6 3
5910 9 3
5911 2 8
5912 27 0
5913 2 18
5914 3 39
5915 3 46
5916 0 36
5917 1 11
5918 0 43
5919 7 5
5920 0 19
5921 2 3
5922 21 49
5923 6 4
5924 0 3
5925 20 2
5926 0 22
5927 28 0
5928 1 18
5929 4 9
5930 9 1
5931 10 1
5932 19 49
5933 0 47
5934 18 49
5935 2 10
5936 1 48
5937 15 49
5938 0 4
5939 3 15
5940 18 0
5941 2 16
5942 19 2
5943 1 17
5944 3 5
5945 49 0
5946 12 5
5947 0 10
5948 1 40
5949 0 21
5950 2 27
5951 27 0
5952 2 48
5953 2 15
5954 3 12
5955 3 47
5956 4 10
5957 19 0
5958 18 2
5959 0 31
5960 48 0
5961 6 7
5962 20 49
5963 1 6
5964 1 35
5965 14 49
5966 0 14
5967 0 35
5968 18 0
5969 0 36
5970 3 46
5971 1 28
5972 6 47
5973 15 0
5974 0 9
5975 1 38
5976 2 36
5977 0 23
5978 4 42
5979 1 31
5980 0 45
5981 21 49
5982 1 9
5983 2 47
5984 1 37
5985 2 5
5986 2 49
5987 0 42
5988 0 48
5989 2 11
5990 17 0
5991 0 6
5992 17 2
5993 2 9
5994 2 30
5995 2 6
5996 0 30
5997 14 0
5998 6 2
5999 17 49
6000 6 46
6001 24 0
6002 1 14
6003 2 41
6004 11 5
6005 25 0
6006 2 42
6007 1 13
6008 0 35
6009 5 46
6010 7 2
6011 49 49
6012 4 43
6013 1 43
6014 6 6
6015 6 7
6016 0 29
6017 2 39
6018 28 0
6019 2 29
6020 0 7
6021 0 36
6022 0 22
6023 13 0
6024 1 9
6025 5 4
6026 2 30
6027 1 48
6028 49 2
6029 3 49
6030 3 14
6031 0 15
6032 16 49
6033 0 44
6034 2 49
6035 2 44
6036 1 45
6037 4 48
6038 4 41
6039 0 17
6040 3 49
6041 0 25
6042 0 24
6043 3 44
6044 0 3
6045 0 5
6046 0 45
6047 14 48
6048 2 13
6049 3 7
6050 2 24
6051 2 25
6052 38 0
6053 21 0
6054 3 36
6055 14 49
6056 2 37
6057 4 14
6058 0 41
6059 0 13
6060 7 49
6061 48 49
6062 16 2
6063 5 49
6064 4 47
6065 6 0
6066 0 46
6067 11 49
6068 11 47
6069 9 0
6070 8 49
6071 1 34
6072 2 0
6073 1 49
6074 5 2
6075 3 35
6076 1 41
6077 8 0
6078 5 0
6079 3 14
6080 6 6
6081 3 42
6082 5 45
6083 0 26
6084 16 0
6085 10 47
6086 18 0
6087 9 0
6088 1 25
6089 3 3
6090 4 0
6091 0 44
6092 4 5
6093 4 45
6094 9 47
6095 3 0
6096 5 6
6097 1 6
6098 0 28
6099 2 42
6100 3 42
6101 3 48
6102 13 49
6103 4 3
6104 1 46
6105 7 49
6106 4 49
6107 0 4
6108 1 40
6109 0 31
6110 4 40
6111 19 0
6112 15 49
6113 9 49
6114 27 0
6115 0 12
6116 10 2
6117 6 0
6118 2 35
6119 20 49
6120 3 1
6121 2 10
6122 0 48
6123 49 0
6124 5 43
6125 1 37
6126 0 5
6127 49 49
6128 30 0
6129 17 49
6130 5 0
6131 18 0
6132 3 3
6133 15 0
6134 2 38
6135 13 1
6136 2 44
6137 8 3
6138 1 30
6139 18 49
6140 6 4
6141 4 14
6142 0 45
6143 1 45
6144 6 6
6145 2 40
6146 5 49
6147 48 49
6148 0 21
6149 17 49
6150 13 0
6151 1 7
6152 7 0
6153 19 49
6154 1 22
6155 4 0
6156 11 48
6157 20 49
6158 0 18
6159 4 43
6160 3 14
6161 0 34
6162 3 8
6163 17 0
6164 2 42
6165 2 8
6166 1 3
6167 1 35
6168 6 2
6169 37 0
6170 1 23
6171 48 0
6172 6 0
6173 8 47
6174 18 49
6175 9 2
6176 0 49
6177 2 35
6178 8 5
6179 7 3
6180 3 8
6181 0 4
6182 1 40
6183 28 0
6184 3 4
6185 10 5
6186 1 29
6187 2 16
6188 49 1
6189 4 1
6190 2 9
6191 0 6
6192 11 1
6193 16 49
6194 2 25
6195 2 39
6196 3 2
6197 2 4
6198 3 4
6199 2 41
6200 5 3
6201 18 48
6202 3 49
6203 5 4
6204 3 11
6205 2 37
6206 3 3
6207 6 5
6208 3 43
6209 8 4
6210 24 0
6211 8 5
6212 31 0
6213 12 49
6214 3 6
6215 1 6
6216 0 40
6217 1 27
6218 4 3
6219 1 35
6220 1 22
6221 2 12
6222 2 48
6223 15 2
6224 1 37
6225 0 14
6226 47 0
6227 15 49
6228 4 6
6229 3 4
6230 0 7
6231 8 2
6232 49 0
6233 4 48
6234 11 0
6235 10 48
6236 27 0
6237 19 49
6238 1 42
6239 3 40
6240 0 1
6241 2 6
6242 7 4
6243 0 25
6244 10 4
6245 46 0
6246 5 8
6247 1 43
6248 4 44
6249 2 4
6250 17 48
6251 6 49
6252 2 1
6253 45 0
6254 20 0
6255 4 47
6256 5 1
6257 30 0
6258 3 13
6259 2 2
6260 1 5
6261 2 7
6262 14 49
6263 1 42
6264 4 9
6265 0 26
6266 0 29
6267 2 30
6268 7 0
6269 1 8
6270 1 43
6271 5 0
6272 44 0
6273 0 8
6274 1 33
6275 16 49
6276 3 45
6277 2 13
6278 0 2
6279 9 1
6280 4 2
6281 4 3
6282 0 15
6283 3 2
6284 1 32
6285 3 3
6286 6 6
6287 8 6
6288 4 40
6289 3 2
6290 1 9
6291 1 48
6292 0 42
6293 3 40
6294 5 7
6295 7 3
6296 0 23
6297 1 49
6298 5 44
6299 7 48
6300 0 33
6301 13 1
6302 26 0
6303 0 41
6304 23 0
6305 2 37
6306 1 19
6307 29 0
6308 8 49
6309 3 14
6310 0 43
6311 5 2
6312 7 4
6313 3 5
6314 18 49
6315 5 1
6316 8 46
6317 0 25
6318 8 3
6319 15 49
6320 0 1
6321 9 49
6322 0 30
6323 0 2
6324 3 47
6325 7 5
6326 9 4
6327 1 44
6328 0 24
6329 1 16
6330 4 40
6331 9 5
6332 1 48
6333 0 42
6334 4 4
6335 3 10
6336 2 8
6337 0 48
6338 4 3
6339 22 0
6340 0 34
6341 6 5
6342 0 3
6343 2 2
6344 4 4
6345 3 39
6346 0 14
6347 0 45
6348 0 32
6349 16 48
6350 0 19
6351 2 47
6352 17 49
6353 23 0
6354 7 4
6355 2 39
6356 7 46
6357 1 6
6358 19 49
6359 19 0
6360 0 41
6361 2 11
6362 4 3
6363 0 49
6364 0 1
6365 3 40
6366 4 5
6367 2 5
6368 3 15
6369 0 44
6370 2 35
6371 5 3
6372 2 42
6373 7 2
6374 3 4
6375 1 49
6376 1 18
6377 2 24
6378 2 44
6379 1 5
6380 17 1
6381 6 4
6382 2 41
6383 14 48
6384 3 1
6385 0 42
6386 0 45
6387 2 16
6388 1 15
6389 0 49
6390 1 7
6391 4 2
6392 4 40
6393 43 0
6394 6 2
6395 8 0
6396 2 17
6397 1 32
6398 2 1
6399 36 0
6400 20 49
6401 3 47
6402 2 49
6403 0 44
6404 0 48
6405 4 6
6406 1 2
6407 0 49
6408 35 0
6409 3 3
6410 5 5
6411 18 49
6412 1 28
6413 34 0
6414 21 49
6415 7 4
6416 1 13
6417 16 47
6418 0 41
6419 0 20
6420 4 1
6421 5 4
6422 25 0
6423 42 0
6424 17 0
6425 4 49
6426 11 49
6427 2 3
6428 0 15
6429 1 36
6430 2 42
6431 6 0
6432 8 48
6433 6 5
6434 0 2
6435 2 45
6436 12 49
6437 4 45
6438 2 6
6439 21 0
6440 26 0
6441 14 2
6442 7 6
6443 23 49
6444 2 44
6445 0 27
6446 13 0
6447 1 19
6448 0 21
6449 8 49
6450 2 10
6451 7 7
6452 1 29
6453 10 49
6454 0 9
6455 16 49
6456 33 0
6457 0 33
6458 2 31
6459 9 2
6460 49 49
6461 13 1
6462 28 0
6463 7 48
6464 48 0
6465 15 49
6466 2 30
6467 17 1
6468 14 3
6469 2 48
6470 3 9
6471 41 0
6472 6 3
6473 4 48
6474 3 5
6475 1 8
6476 0 23
6477 7 6
6478 5 43
6479 5 0
6480 0 26
6481 1 18
6482 5 8
6483 5 1
6484 5 5
6485 3 45
6486 3 14
6487 4 4
6488 9 1
6489 24 0
6490 4 3
6491 48 49
6492 4 49
6493 4 9
6494 18 0
6495 0 34
6496 2 13
6497 1 25
6498 1 48
6499 0 33
6500 1 13
6501 17 49
6502 6 4
6503 0 48
6504 2 41
6505 4 4
6506 1 42
6507 0 20
6508 3 42
6509 5 3
6510 24 49
6511 1 43
6512 0 11
6513 0 28
6514 2 16
6515 10 48
6516 4 45
6517 2 23
6518 7 3
6519 13 3
6520 23 0
6521 0 14
6522 5 7
6523 3 43
6524 6 48
6525 1 49
6526 32 0
6527 25 0
6528 10 0
6529 6 0
6530 2 47
6531 9 2
6532 3 37
6533 5 49
6534 5 8
6535 20 49
6536 2 24
6537 3 40
6538 49 49
6539 1 12
6540 18 49
6541 13 48
6542 2 9
6543 2 10
6544 1 40
6545 4 48
6546 6 5
6547 3 11
6548 4 0
6549 0 19
6550 1 42
6551 3 12
6552 1 4
6553 0 7
6554 3 4
6555 20 0
6556 2 45
6557 48 49
6558 1 31
6559 0 40
6560 0 31
6561 0 25
6562 0 13
6563 7 2
6564 11 49
6565 2 17
6566 9 1
6567 1 11
6568 6 1
6569 1 9
6570 0 20
6571 12 49
6572 1 26
6573 0 15
6574 3 11
6575 31 0
6576 2 5
6577 10 49
6578 0 37
6579 7 0
6580 1 19
6581 2 42
6582 22 0
6583 0 27
6584 2 12
6585 30 0
6586 12 3
6587 7 49
6588 3 48
6589 8 49
6590 3 44
6591 1 8
6592 0 38
6593 0 12
6594 4 5
6595 3 41
6596 3 3
6597 1 38
6598 0 28
6599 1 27
6600 3 0
6601 5 6
6602 23 49
6603 2 2
6604 8 0
6605 0 42
6606 17 49
6607 4 0
6608 3 43
6609 0 14
6610 1 21
6611 3 49
6612 3 6
6613 7 7
6614 3 30
6615 4 4
6616 6 3
6617 2 0
6618 49 49
6619 0 27
6620 19 49
6621 4 49
6622 6 46
6623 1 3
6624 17 48
6625 22 49
6626 10 48
6627 0 29
6628 9 2
6629 17 49
6630 1 25
6631 5 2
6632 0 36
6633 2 13
6634 5 1
6635 1 28
6636 2 4
6637 0 39
6638 3 5
6639 48 49
6640 4 5
6641 5 3
6642 0 13
6643 0 40
6644 27 0
6645 3 15
6646 2 28
6647 4 1
6648 1 29
6649 2 6
6650 6 4
6651 3 2
6652 3 12
6653 2 48
6654 20 1
6655 2 15
6656 6 7
6657 0 3
6658 2 41
6659 16 1
6660 1 7
6661 20 49
6662 3 5
6663 2 43
6664 2 9
6665 0 7
6666 1 6
6667 3 43
6668 0 34
6669 2 3
6670 3 39
6671 1 7
6672 1 22
6673 0 46
6674 2 43
6675 2 40
6676 4 43
6677 0 21
6678 3 11
6679 0 41
6680 2 27
6681 2 18
6682 2 37
6683 4 3
6684 0 24
6685 3 4
6686 13 0
6687 5 49
6688 23 49
6689 11 0
6690 3 10
6691 3 38
6692 10 0
6693 2 17
6694 1 6
6695 1 3
6696 0 18
6697 28 0
6698 0 29
6699 10 49
6700 2 2
6701 0 3
6702 4 6
6703 0 40
6704 4 5
6705 0 19
6706 3 42
6707 2 18
6708 11 3
6709 0 18
6710 5 43
6711 17 0
6712 7 49
6713 21 0
6714 24 0
6715 22 0
6716 1 30
6717 7 1
6718 18 49
6719 6 2
6720 0 41
6721 0 8
6722 25 0
6723 0 9
6724 0 40
6725 6 6
6726 0 26
6727 1 45
6728 2 36
6729 2 23
6730 4 49
6731 5 7
6732 31 0
6733 9 0
6734 8 2
6735 0 28
6736 3 1
6737 3 6
6738 0 8
6739 3 2
6740 2 4
6741 5 2
6742 3 1
6743 0 16
6744 1 41
6745 2 39
6746 3 48
6747 2 6
6748 3 49
6749 13 47
6750 49 49
6751 1 46
6752 0 2
6753 8 3
6754 19 0
6755 21 49
6756 1 6
6757 5 4
6758 7 2
6759 0 46
6760 16 2
6761 17 49
6762 0 49
6763 17 1
6764 13 49
6765 7 1
6766 8 0
6767 1 46
6768 3 3
6769 2 40
6770 40 0
6771 1 12
6772 1 16
6773 3 13
6774 48 49
6775 5 0
6776 2 5
6777 1 35
6778 1 5
6779 39 0
6780 15 2
6781 2 5
6782 8 5
6783 27 0
6784 0 17
6785 5 8
6786 1 11
6787 3 11
6788 4 2
6789 21 0
6790 15 47
6791 18 49
6792 2 13
6793 0 29
6794 4 43
6795 6 2
6796 3 37
6797 0 9
6798 2 35
6799 0 11
6800 2 24
6801 2 34
6802 1 23
6803 5 5
6804 1 7
6805 2 4
6806 4 5
6807 2 49
6808 14 2
6809 24 0
6810 2 17
6811 1 22
6812 30 0
6813 2 5
6814 0 16
6815 1 43
6816 2 4
6817 7 3
6818 7 4
6819 0 8
6820 2 23
6821 0 19
6822 5 43
6823 3 45
6824 4 43
6825 1 36
6826 5 6
6827 6 8
6828 23 0
6829 0 22
6830 1 2
6831 24 0
6832 1 39
6833 29 0
6834 15 46
6835 1 6
6836 0 43
6837 3 0
6838 14 46
6839 0 3
6840 0 35
6841 17 0
6842 20 49
6843 0 2
6844 2 25
6845 1 49
6846 0 45
6847 6 0
6848 14 45
6849 49 49
6850 13 45
6851 48 49
6852 0 42
6853 13 2
6854 2 41
6855 1 21
6856 0 33
6857 4 8
6858 1 14
6859 5 46
6860 0 27
6861 1 42
6862 0 14
6863 3 48
6864 5 2
6865 3 49
6866 5 0
6867 12 2
6868 0 26
6869 16 49
6870 1 27
6871 1 29
6872 0 25
6873 2 36
6874 1 33
6875 0 10
6876 3 2
6877 0 28
6878 6 4
6879 2 18
6880 0 39
6881 26 0
6882 6 9
6883 22 49
6884 2 49
6885 28 0
6886 12 47
6887 2 3
6888 3 10
6889 1 5
6890 12 49
6891 1 15
6892 15 1
6893 2 6
6894 26 1
6895 26 0
6896 5 9
6897 38 0
6898 10 3
6899 4 44
6900 4 43
6901 23 0
6902 0 11
6903 18 48
6904 13 49
6905 19 49
6906 37 0
6907 1 10
6908 11 2
6909 5 10
6910 11 47
6911 1 45
6912 4 46
6913 0 46
6914 11 1
6915 0 30
6916 1 46
6917 0 10
6918 0 3
6919 3 5
6920 2 12
6921 1 14
6922 36 0
6923 6 7
6924 2 29
6925 2 46
6926 6 2
6927 6 0
6928 4 4
6929 1 6
6930 35 0
6931 29 0
6932 0 45
6933 5 9
6934 2 26
6935 1 12
6936 0 27
6937 2 25
6938 0 9
6939 4 1
6940 24 0
6941 2 48
6942 49 49
6943 1 26
6944 1 4
6945 0 20
6946 12 45
6947 0 7
6948 2 14
6949 6 5
6950 16 0
6951 0 15
6952 1 23
6953 1 37
6954 2 4
6955 2 24
6956 4 6
6957 9 0
6958 12 49
6959 1 16
6960 0 18
6961 15 49
6962 9 3
6963 4 44
6964 0 32
6965 1 36
6966 2 49
6967 18 0
6968 5 7
6969 20 49
6970 1 7
6971 9 2
6972 3 47
6973 5 46
6974 15 0
6975 3 43
6976 0 14
6977 23 49
6978 1 38
6979 1 45
6980 0 31
6981 0 10
6982 8 49
6983 22 49
6984 3 9
6985 0 42
6986 12 0
6987 2 42
6988 2 35
6989 14 0
6990 10 1
6991 6 49
6992 0 33
6993 3 31
6994 19 1
6995 8 4
6996 14 49
6997 0 49
6998 8 5
6999 2 48
7000 1 29
7001 8 4
7002 0 29
7003 3 8
7004 2 6
7005 1 33
7006 17 0
7007 0 19
7008 10 47
7009 3 49
7010 8 0
7011 1 48
7012 1 40
7013 0 2
7014 5 1
7015 1 25
7016 8 5
7017 2 49
7018 8 2
7019 5 44
7020 3 11
7021 2 9
7022 4 44
7023 2 17
7024 2 12
7025 1 3
7026 5 49
7027 7 49
7028 0 28
7029 2 34
7030 0 45
7031 2 18
7032 2 31
7033 18 49
7034 9 49
7035 5 0
7036 5 10
7037 2 38
7038 2 5
7039 3 4
7040 2 41
7041 9 0
7042 2 39
7043 23 49
7044 20 0
7045 5 5
7046 2 38
7047 1 5
7048 7 48
7049 22 49
7050 8 0
7051 2 47
7052 2 23
7053 1 13
7054 9 0
7055 3 1
7056 49 0
7057 1 49
7058 3 5
7059 1 20
7060 4 46
7061 3 6
7062 11 0
7063 34 0
7064 0 15
7065 12 0
7066 18 1
7067 23 0
7068 0 33
7069 11 0
7070 15 2
7071 7 49
7072 0 13
7073 14 2
7074 13 2
7075 3 0
7076 2 5
7077 23 49
7078 9 2
7079 0 17
7080 2 26
7081 1 18
7082 0 25
7083 48 0
7084 3 1
7085 2 39
7086 2 3
7087 33 0
7088 0 30
7089 1 13
7090 4 9
7091 0 29
7092 16 0
7093 0 16
7094 5 2
7095 1 26
7096 1 34
7097 22 0
7098 2 36
7099 49 0
7100 1 12
7101 6 1
7102 0 18
7103 2 11
7104 6 3
7105 4 8
7106 1 6
7107 2 16
7108 0 44
7109 5 48
7110 12 0
7111 0 13
7112 3 9
7113 0 28
7114 1 9
7115 17 49
7116 0 21
7117 32 0
7118 3 38
7119 0 29
7120 1 31
7121 6 4
7122 0 9
7123 0 3
7124 8 0
7125 2 45
7126 2 26
7127 1 26
7128 1 8
7129 18 0
7130 11 45
7131 1 28
7132 0 36
7133 2 42
7134 2 26
7135 48 0
7136 1 23
7137 0 38
7138 6 7
7139 2 8
7140 1 26
7141 12 2
7142 3 5
7143 0 35
7144 3 7
7145 25 0
7146 0 17
7147 9 0
7148 1 14
7149 2 48
7150 5 49
7151 6 0
7152 1 25
7153 0 26
7154 2 26
7155 0 40
7156 11 0
7157 3 24
7158 2 34
7159 0 12
7160 0 43
7161 3 42
7162 3 6
7163 2 4
7164 2 41
7165 18 1
7166 4 7
7167 5 6
7168 0 19
7169 1 13
7170 1 47
7171 1 11
7172 2 2
7173 8 2
7174 0 27
7175 19 0
7176 1 5
7177 1 48
7178 7 48
7179 2 49
7180 2 24
7181 9 47
7182 2 3
7183 3 8
7184 3 44
7185 31 0
7186 0 42
7187 24 0
7188 8 3
7189 0 36
7190 10 45
7191 1 2
7192 0 46
7193 17 1
7194 0 23
7195 4 42
7196 2 9
7197 2 47
7198 2 10
7199 11 2
7200 1 40
7201 9 1
7202 1 16
7203 25 0
7204 3 43
7205 0 22
7206 2 43
7207 0 16
7208 0 48
7209 2 27
7210 1 29
7211 17 2
7212 1 9
7213 1 46
7214 1 48
7215 9 2
7216 2 4
7217 5 1
7218 6 3
7219 28 0
7220 10 0
7221 16 2
7222 9 45
7223 3 3
7224 1 7
7225 0 32
7226 1 43
7227 8 0
7228 5 0
7229 15 2
7230 2 43
7231 0 2
7232 16 49
7233 1 49
7234 0 11
7235 19 49
7236 4 10
7237 1 12
7238 1 43
7239 7 0
7240 0 9
7241 6 1
7242 5 5
7243 21 0
7244 18 49
7245 2 9
7246 3 36
7247 5 6
7248 6 0
7249 1 9
7250 11 49
7251 2 31
7252 0 40
7253 2 26
7254 2 27
7255 14 2
7256 1 31
7257 4 5
7258 5 5
7259 3 2
7260 7 3
7261 2 6
7262 6 6
7263 0 45
7264 1 42
7265 22 0
7266 13 2
7267 0 43
7268 0 7
7269 2 31
7270 1 8
7271 8 49
7272 5 6
7273 30 0
7274 8 1
7275 0 3
7276 17 0
7277 12 2
7278 1 40
7279 3 41
7280 0 18
7281 0 26
7282 3 3
7283 2 48
7284 2 10
7285 5 0
7286 8 0
7287 3 9
7288 4 38
7289 3 38
7290 4 8
7291 0 2
7292 10 1
7293 1 10
7294 11 2
7295 31 0
7296 9 49
7297 7 49
7298 0 17
7299 3 46
7300 2 44
7301 2 42
7302 2 18
7303 0 31
7304 4 43
7305 1 39
7306 0 32
7307 2 12
7308 2 3
7309 2 16
7310 19 49
7311 7 2
7312 3 5
7313 0 3
7314 6 0
7315 1 9
7316 4 11
7317 24 0
7318 4 42
7319 0 39
7320 2 36
7321 2 19
7322 20 0
7323 8 45
7324 1 22
7325 8 47
7326 0 14
7327 1 34
7328 0 42
7329 2 43
7330 1 41
7331 0 12
7332 25 0
7333 6 4
7334 0 2
7335 1 45
7336 0 16
7337 1 7
7338 0 34
7339 1 31
7340 7 3
7341 0 27
7342 0 7
7343 0 15
7344 4 43
7345 0 16
7346 3 48
7347 9 3
7348 9 48
7349 1 2
7350 1 15
7351 7 45
7352 2 31
7353 3 45
7354 17 49
7355 4 7
7356 2 8
7357 7 5
7358 7 6
7359 11 0
7360 21 0
7361 6 1
7362 0 35
7363 5 5
7364 16 0
7365 18 49
7366 0 9
7367 6 45
7368 22 0
7369 0 20
7370 27 0
7371 22 49
7372 0 31
7373 48 49
7374 1 1
7375 0 36
7376 4 6
7377 2 17
7378 3 44
7379 4 44
7380 49 49
7381 1 44
7382 0 38
7383 5 48
7384 3 11
7385 0 19
7386 0 24
7387 0 44
7388 2 49
7389 6 0
7390 2 38
7391 5 0
7392 2 23
7393 4 49
7394 1 49
7395 1 43
7396 1 0
7397 1 11
7398 21 49
7399 3 49
7400 2 7
7401 3 48
7402 4 3
7403 0 28
7404 49 0
7405 4 2
7406 4 43
7407 0 33
7408 13 0
7409 0 46
7410 2 6
7411 6 5
7412 2 48
7413 0 41
7414 2 2
7415 12 2
7416 5 47
7417 0 39
7418 5 2
7419 2 39
7420 6 2
7421 2 35
7422 3 8
7423 7 5
7424 0 11
7425 0 47
7426 6 5
7427 0 48
7428 0 35
7429 1 3
7430 0 45
7431 7 0
7432 0 3
7433 2 43
7434 2 38
7435 8 0
7436 1 3
7437 4 44
7438 13 49
7439 2 0
7440 3 0
7441 4 11
7442 0 26
7443 1 0
7444 0 21
7445 8 3
7446 3 42
7447 0 36
7448 19 49
7449 3 9
7450 3 49
7451 2 9
7452 1 1
7453 4 45
7454 11 2
7455 1 12
7456 4 0
7457 0 40
7458 2 3
7459 0 17
7460 1 4
7461 2 18
7462 0 25
7463 9 49
7464 0 18
7465 48 49
7466 0 3
7467 2 47
7468 0 32
7469 0 39
7470 0 49
7471 2 5
7472 3 11
7473 0 29
7474 1 42
7475 3 10
7476 1 0
7477 0 19
7478 4 47
7479 10 0
7480 2 11
7481 6 1
7482 0 10
7483 12 49
7484 3 6
7485 0 15
7486 6 49
7487 26 0
7488 0 22
7489 0 33
7490 21 0
7491 1 1
7492 5 49
7493 1 7
7494 27 0
7495 8 49
7496 3 41
7497 0 7
7498 1 47
7499 0 6
# colocadas=7500 ocupadas=113 mayor=492
