0 0 0
1 0 1
2 0 49
3 0 48
4 0 49
5 49 0
6 0 48
7 0 0
8 0 49
9 48 0
10 0 1
11 0 0
12 49 0
13 49 49
14 0 48
15 0 2
16 0 3
17 0 49
18 48 0
19 0 48
20 0 1
21 48 49
22 0 0
23 0 1
24 49 0
25 48 0
26 49 0
27 0 49
28 0 48
29 0 4
30 0 3
31 0 4
32 0 49
33 0 0
34 0 3
35 49 49
36 48 0
37 0 2
38 49 0
39 48 49
40 48 0
41 49 49
42 0 48
43 49 0
44 0 49
45 0 48
46 48 49
47 49 49
48 48 49
49 49 49
50 48 0
51 0 49
52 1 0
53 0 1
54 0 2
55 49 0
56 48 0
57 49 0
58 48 49
59 0 1
60 2 0
61 48 0
62 0 48
63 0 49
64 49 49
65 0 48
66 48 49
67 0 49
68 49 49
69 49 0
70 0 0
71 48 0
72 0 48
73 48 49
74 0 1
75 0 0
76 3 0
77 2 0
78 0 1
79 0 0
80 49 49
81 0 49
82 0 1
83 1 0
84 2 0
85 1 0
86 48 49
87 0 48
88 0 2
89 49 0
90 49 49
91 0 0
92 0 3
93 48 49
94 0 49
95 0 2
96 0 3
97 49 49
98 0 48
99 48 0
100 0 49
101 49 0
102 48 0
103 49 0
104 48 49
105 0 1
106 49 49
107 0 48
108 48 0
109 0 0
110 49 0
111 0 2
112 0 3
113 48 49
114 49 49
115 48 49
116 0 49
117 48 0
118 49 49
119 48 49
120 0 48
121 0 1
122 0 49
123 49 0
124 0 48
125 0 4
126 0 3
127 48 0
128 0 4
129 0 0
130 0 49
131 0 1
132 0 3
133 49 49
134 0 48
135 48 49
136 0 0
137 0 49
138 0 48
139 49 49
140 0 2
141 48 49
142 49 49
143 48 49
144 49 0
145 49 49
146 0 49
147 0 3
148 0 2
149 0 3
150 48 0
151 0 2
152 1 0
153 49 0
154 0 0
155 48 49
156 49 49
157 48 49
158 48 0
159 49 0
160 0 48
161 49 49
162 48 0
163 49 0
164 48 0
165 1 0
166 0 49
167 0 48
168 49 0
169 48 0
170 48 49
171 0 1
172 0 2
173 49 0
174 0 49
175 49 49
176 0 48
177 48 49
178 48 0
179 0 0
180 49 49
181 48 49
182 49 0
183 49 49
184 48 49
185 49 49
186 0 3
187 48 49
188 0 49
189 0 48
190 49 49
191 48 49
192 49 49
193 0 2
194 48 49
195 1 0
196 48 0
197 0 1
198 0 49
199 0 2
200 49 0
201 48 0
202 0 0
203 1 0
204 0 48
205 49 0
206 48 0
207 0 0
208 49 0
209 0 49
210 0 48
211 1 0
212 0 0
213 0 49
214 0 3
215 0 48
216 48 0
217 0 1
218 49 49
219 49 0
220 0 0
221 0 49
222 0 1
223 48 0
224 49 0
225 0 48
226 48 0
227 48 49
228 49 49
229 48 49
230 0 0
231 49 49
232 0 2
233 1 0
234 0 0
235 0 49
236 0 3
237 48 49
238 0 1
239 49 49
240 48 49
241 0 4
242 49 49
243 49 0
244 48 49
245 0 3
246 48 0
247 49 0
248 0 0
249 48 0
250 0 48
251 49 49
252 48 49
253 49 49
254 0 49
255 48 49
256 0 2
257 49 0
258 0 3
259 0 2
260 0 48
261 48 0
262 0 3
263 0 2
264 1 0
265 0 1
266 49 49
267 0 49
268 0 2
269 0 48
270 0 0
271 49 0
272 1 0
273 48 49
274 0 49
275 0 48
276 0 1
277 0 2
278 48 0
279 0 0
280 49 0
281 0 3
282 0 49
283 0 2
284 48 0
285 49 49
286 49 0
287 1 0
288 0 48
289 48 49
290 0 0
291 0 49
292 48 0
293 0 48
294 49 0
295 0 49
296 1 0
297 0 0
298 0 3
299 49 49
300 48 0
301 0 2
302 0 48
303 49 0
304 0 3
305 48 49
306 49 49
307 0 1
308 0 0
309 48 0
310 0 1
311 0 0
312 0 49
313 48 49
314 0 1
315 49 0
316 0 48
317 49 49
318 0 49
319 0 48
320 48 0
321 48 49
322 0 4
323 0 3
324 49 49
325 48 49
326 0 0
327 0 1
328 0 0
329 0 2
330 49 49
331 48 49
332 1 0
333 49 0
334 49 49
335 48 0
336 49 0
337 48 49
338 48 0
339 49 0
340 48 0
341 0 1
342 0 2
343 0 49
344 0 48
345 0 0
346 1 0
347 0 1
348 49 0
349 2 0
350 1 0
351 2 0
352 0 49
353 49 49
354 48 49
355 48 0
356 1 0
357 49 49
358 49 0
359 48 0
360 48 49
361 49 0
362 48 0
363 49 49
364 2 0
365 49 0
366 1 0
367 0 2
368 0 1
369 0 48
370 0 2
371 48 0
372 49 0
373 0 49
374 48 49
375 0 1
376 49 49
377 48 0
378 0 48
379 48 49
380 49 49
381 2 0
382 48 49
383 49 49
384 0 49
385 1 0
386 0 2
387 0 1
388 49 0
389 0 48
390 48 49
391 2 0
392 49 49
393 48 0
394 0 0
395 49 0
396 48 0
397 0 1
398 0 0
399 49 0
400 48 0
401 0 1
402 1 0
403 0 49
404 49 0
405 2 0
406 48 49
407 49 49
408 0 0
409 0 48
410 0 49
411 48 0
412 0 1
413 48 49
414 1 0
415 49 49
416 0 48
417 48 49
418 49 49
419 2 0
420 1 0
421 0 49
422 48 49
423 0 2
424 0 0
425 0 48
426 0 49
427 0 48
428 49 0
429 0 49
430 49 49
431 0 48
432 48 49
433 0 3
434 49 49
435 48 0
436 0 49
437 49 0
438 48 0
439 48 49
440 0 48
441 49 0
442 49 49
443 48 49
444 0 2
445 0 3
446 0 1
447 49 49
448 0 4
449 48 49
450 0 0
451 0 3
452 0 2
453 48 0
454 49 49
455 1 0
456 0 0
457 1 0
458 0 49
459 0 1
460 0 48
461 49 0
462 48 0
463 0 2
464 0 0
465 48 49
466 0 3
467 0 49
468 49 0
469 0 1
470 0 4
471 48 0
472 0 3
473 0 0
474 0 1
475 49 0
476 48 0
477 49 49
478 0 0
479 0 2
480 0 3
481 49 0
482 48 0
483 0 48
484 0 1
485 0 4
486 48 49
487 0 3
488 0 4
489 0 49
490 49 49
491 0 48
492 0 49
493 0 0
494 48 49
495 49 0
496 0 3
497 49 49
498 0 1
499 48 49
500 48 0
501 49 49
502 48 49
503 0 4
504 0 0
505 49 0
506 0 3
507 49 49
508 48 49
509 0 48
510 0 1
511 0 49
512 0 48
513 0 4
514 0 0
515 49 49
516 48 49
517 48 0
518 0 49
519 49 0
520 0 48
521 0 3
522 49 49
523 0 49
524 48 0
525 49 0
526 0 2
527 48 0
528 0 48
529 0 49
530 1 0
531 48 49
532 49 0
533 48 0
534 49 49
535 0 48
536 48 49
537 0 0
538 0 3
539 49 0
540 0 2
541 0 49
542 48 0
543 0 3
544 0 1
545 49 0
546 49 49
547 0 0
548 0 2
549 0 48
550 0 49
551 48 49
552 48 0
553 49 0
554 48 0
555 1 0
556 0 48
557 49 49
558 0 1
559 49 0
560 48 0
561 0 2
562 0 49
563 48 49
564 0 0
565 1 0
566 0 0
567 49 0
568 49 49
569 48 0
570 1 0
571 0 1
572 2 0
573 48 49
574 1 0
575 2 0
576 49 49
577 49 0
578 48 49
579 49 49
580 48 49
581 0 0
582 48 0
583 0 48
584 3 0
585 0 1
586 49 0
587 49 49
588 0 49
589 48 49
590 48 0
591 0 0
592 49 0
593 48 0
594 0 48
595 49 0
596 0 49
597 48 0
598 0 48
599 2 0
600 3 0
601 0 1
602 2 0
603 0 49
604 49 0
605 49 49
606 1 0
607 48 0
608 0 48
609 48 49
610 0 49
611 0 2
612 0 48
613 0 1
614 0 49
615 0 2
616 0 48
617 0 1
618 0 2
619 0 0
620 0 49
621 1 0
622 0 0
623 49 0
624 48 0
625 49 0
626 0 48
627 0 49
628 0 48
629 0 49
630 49 49
631 48 0
632 0 48
633 48 49
634 49 0
635 1 0
636 0 1
637 2 0
638 0 49
639 49 49
640 48 0
641 0 0
642 0 1
643 0 48
644 49 0
645 0 0
646 0 49
647 3 0
648 2 0
649 0 1
650 0 48
651 1 0
652 2 0
653 48 0
654 1 0
655 48 49
656 0 2
657 49 0
658 0 0
659 0 3
660 0 49
661 0 1
662 0 0
663 0 2
664 1 0
665 0 0
666 48 0
667 0 3
668 49 49
669 0 1
670 0 4
671 49 0
672 0 48
673 0 49
674 48 0
675 48 49
676 49 49
677 0 3
678 48 49
679 49 0
680 49 49
681 48 0
682 0 4
683 49 0
684 48 49
685 49 49
686 0 48
687 0 49
688 0 0
689 48 0
690 49 0
691 0 3
692 0 48
693 0 1
694 0 4
695 0 49
696 0 3
697 0 4
698 0 48
699 0 0
700 48 49
701 0 3
702 48 0
703 0 1
704 49 0
705 0 49
706 0 0
707 0 1
708 0 4
709 0 0
710 49 49
711 48 0
712 49 0
713 0 1
714 0 3
715 0 4
716 0 3
717 0 0
718 0 2
719 1 0
720 0 0
721 1 0
722 0 1
723 2 0
724 48 0
725 49 0
726 0 0
727 0 1
728 48 49
729 48 0
730 49 49
731 0 0
732 49 0
733 3 0
734 0 48
735 0 1
736 0 49
737 2 0
738 48 0
739 1 0
740 48 49
741 0 48
742 0 2
743 0 49
744 49 0
745 48 0
746 0 48
747 0 0
748 0 49
749 0 48
750 0 49
751 49 0
752 49 49
753 0 48
754 48 0
755 0 3
756 0 1
757 0 0
758 48 49
759 0 49
760 0 2
761 1 0
762 49 0
763 0 0
764 0 48
765 49 49
766 0 49
767 1 0
768 0 48
769 48 49
770 0 49
771 49 49
772 0 48
773 0 1
774 0 2
775 48 0
776 0 1
777 0 2
778 0 0
779 49 0
780 48 0
781 0 3
782 0 1
783 0 49
784 0 0
785 0 1
786 0 4
787 48 49
788 0 0
789 0 1
790 0 3
791 0 4
792 0 0
793 49 0
794 0 48
795 0 3
796 48 0
797 0 49
798 49 0
799 0 2
800 0 3
801 0 1
802 49 49
803 48 0
804 0 0
805 0 48
806 0 2
807 48 49
808 0 49
809 1 0
810 0 0
811 49 49
812 49 0
813 1 0
814 0 48
815 0 49
816 0 1
817 48 49
818 2 0
819 49 49
820 0 48
821 48 0
822 0 49
823 0 0
824 48 49
825 0 1
826 1 0
827 49 49
828 0 48
829 0 2
830 48 49
831 49 0
832 0 49
833 0 1
834 48 0
835 2 0
836 0 0
837 3 0
838 49 0
839 49 49
840 0 1
841 0 48
842 0 0
843 48 49
844 49 49
845 2 0
846 48 0
847 0 1
848 1 0
849 0 49
850 0 2
851 0 0
852 0 48
853 48 49
854 0 49
855 49 0
856 1 0
857 0 48
858 0 0
859 0 49
860 49 49
861 48 0
862 49 0
863 48 0
864 48 49
865 49 0
866 49 49
867 48 0
868 48 49
869 0 3
870 49 0
871 0 2
872 1 0
873 0 48
874 48 0
875 49 49
876 0 0
877 1 0
878 0 49
879 0 0
880 48 49
881 0 48
882 49 49
883 48 49
884 49 0
885 48 0
886 0 49
887 49 0
888 0 3
889 0 2
890 48 0
891 49 0
892 1 0
893 49 49
894 48 0
895 49 0
896 0 1
897 2 0
898 0 48
899 1 0
900 2 0
901 48 49
902 0 49
903 0 0
904 48 0
905 49 0
906 49 49
907 48 0
908 49 0
909 0 48
910 3 0
911 2 0
912 48 0
913 0 49
914 49 0
915 48 0
916 0 48
917 49 0
918 48 0
919 48 49
920 3 0
921 2 0
922 3 0
923 0 49
924 49 49
925 0 48
926 0 1
927 2 0
928 49 0
929 1 0
930 48 0
931 0 2
932 0 49
933 0 1
934 48 49
935 0 2
936 49 0
937 49 49
938 0 0
939 1 0
940 0 0
941 0 3
942 48 49
943 0 48
944 0 1
945 0 0
946 48 0
947 0 49
948 0 1
949 0 4
950 0 3
951 0 0
952 0 1
953 0 0
954 0 48
955 49 0
956 0 2
957 0 49
958 0 3
959 0 48
960 48 0
961 0 2
962 49 49
963 49 0
964 0 3
965 0 2
966 0 49
967 48 49
968 0 3
969 0 48
970 0 1
971 49 49
972 0 4
973 48 49
974 0 3
975 0 4
976 48 0
977 49 0
978 48 0
979 49 49
980 0 3
981 0 4
982 0 49
983 49 0
984 48 0
985 0 3
986 0 48
987 49 0
988 0 49
989 48 49
990 49 49
991 0 0
992 0 48
993 0 1
994 0 4
995 48 49
996 0 49
997 0 0
998 49 49
999 48 0
1000 48 49
1001 49 0
1002 48 0
1003 49 0
1004 0 48
1005 49 49
1006 48 49
1007 49 49
1008 48 49
1009 49 49
1010 48 49
1011 49 49
1012 0 49
1013 0 3
1014 0 48
1015 0 2
1016 1 0
1017 48 49
1018 0 49
1019 0 0
1020 48 0
1021 0 48
1022 49 0
1023 0 49
1024 0 3
1025 0 1
1026 0 48
1027 48 0
1028 0 0
1029 0 49
1030 0 2
1031 0 3
1032 0 2
1033 49 49
1034 49 0
1035 0 48
1036 48 0
1037 49 0
1038 48 49
1039 49 49
1040 48 0
1041 49 0
1042 0 49
1043 0 48
1044 0 49
1045 48 0
1046 0 3
1047 48 49
1048 49 0
1049 0 1
1050 0 4
1051 0 48
1052 49 49
1053 0 0
1054 48 0
1055 0 3
1056 0 1
1057 48 49
1058 0 4
1059 0 3
1060 0 49
1061 0 4
1062 0 0
1063 0 48
1064 0 3
1065 49 0
1066 0 1
1067 0 0
1068 49 49
1069 0 49
1070 0 2
1071 1 0
1072 48 0
1073 0 1
1074 2 0
1075 0 48
1076 49 0
1077 0 49
1078 48 49
1079 1 0
1080 2 0
1081 0 48
1082 0 0
1083 0 49
1084 3 0
1085 48 0
1086 49 49
1087 49 0
1088 0 48
1089 0 1
1090 0 0
1091 48 49
1092 2 0
1093 48 0
1094 49 0
1095 3 0
1096 48 0
1097 0 1
1098 2 0
1099 0 0
1100 49 49
1101 0 49
1102 0 48
1103 49 0
1104 0 1
1105 0 49
1106 1 0
1107 48 49
1108 2 0
1109 0 0
1110 3 0
1111 0 48
1112 2 0
1113 0 1
1114 0 49
1115 49 49
1116 48 0
1117 1 0
1118 0 2
1119 0 1
1120 0 48
1121 2 0
1122 0 49
1123 0 0
1124 0 48
1125 3 0
1126 49 0
1127 2 0
1128 3 0
1129 0 49
1130 48 0
1131 48 49
1132 0 48
1133 0 49
1134 49 49
1135 0 48
1136 0 1
1137 2 0
1138 1 0
1139 2 0
1140 49 0
1141 0 49
1142 1 0
1143 48 49
1144 0 2
1145 0 48
1146 49 49
1147 48 0
1148 48 49
1149 0 1
1150 0 2
1151 0 49
1152 49 49
1153 0 0
1154 0 3
1155 48 49
1156 0 48
1157 0 1
1158 0 4
1159 0 0
1160 49 0
1161 49 49
1162 0 1
1163 0 49
1164 48 49
1165 0 3
1166 0 48
1167 0 0
1168 0 49
1169 49 49
1170 0 2
1171 48 0
1172 1 0
1173 48 49
1174 49 49
1175 0 1
1176 2 0
1177 1 0
1178 0 2
1179 49 0
1180 0 0
1181 1 0
1182 48 0
1183 49 0
1184 0 0
1185 0 3
1186 0 1
1187 0 48
1188 48 0
1189 0 0
1190 0 1
1191 0 49
1192 0 0
1193 49 0
1194 0 2
1195 48 0
1196 0 48
1197 1 0
1198 49 0
1199 0 0
1200 0 3
1201 0 1
1202 48 0
1203 0 49
1204 48 49
1205 0 48
1206 0 0
1207 49 49
1208 48 49
1209 0 1
1210 0 49
1211 49 0
1212 0 4
1213 49 49
1214 0 48
1215 48 49
1216 0 3
1217 49 49
1218 0 4
1219 48 49
1220 0 49
1221 49 49
1222 48 0
1223 0 3
1224 0 0
1225 0 2
1226 48 49
1227 0 48
1228 0 49
1229 1 0
1230 0 1
1231 0 48
1232 49 0
1233 49 49
1234 0 2
1235 0 49
1236 0 48
1237 0 0
1238 1 0
1239 0 49
1240 48 0
1241 0 0
1242 0 48
1243 1 0
1244 0 49
1245 0 1
1246 0 48
1247 49 0
1248 0 49
1249 48 0
1250 49 0
1251 48 49
1252 49 49
1253 48 0
1254 0 2
1255 0 1
1256 2 0
1257 0 48
1258 1 0
1259 0 49
1260 49 0
1261 48 0
1262 48 49
1263 0 2
1264 0 0
1265 49 49
1266 49 0
1267 0 48
1268 0 49
1269 48 0
1270 1 0
1271 49 0
1272 48 0
1273 0 0
1274 1 0
1275 48 49
1276 0 1
1277 0 2
1278 49 49
1279 49 0
1280 48 49
1281 48 0
1282 0 1
1283 49 49
1284 0 2
1285 48 49
1286 49 0
1287 48 0
1288 0 1
1289 0 48
1290 49 0
1291 2 0
1292 0 49
1293 49 49
1294 48 49
1295 49 49
1296 0 0
1297 48 0
1298 48 49
1299 3 0
1300 0 1
1301 49 0
1302 48 0
1303 0 0
1304 0 1
1305 0 48
1306 49 49
1307 49 0
1308 0 0
1309 0 1
1310 48 49
1311 48 0
1312 0 0
1313 0 49
1314 0 48
1315 49 0
1316 2 0
1317 49 49
1318 0 1
1319 1 0
1320 2 0
1321 48 49
1322 1 0
1323 0 2
1324 49 49
1325 48 0
1326 0 0
1327 0 3
1328 0 2
1329 0 3
1330 0 49
1331 0 2
1332 0 48
1333 0 3
1334 0 2
1335 1 0
1336 0 1
1337 0 2
1338 49 0
1339 0 49
1340 0 0
1341 1 0
1342 0 1
1343 0 48
1344 48 49
1345 0 2
1346 0 1
1347 0 49
1348 2 0
1349 0 0
1350 0 1
1351 0 48
1352 0 0
1353 48 0
1354 49 0
1355 0 49
1356 0 1
1357 1 0
1358 49 49
1359 48 0
1360 0 2
1361 0 0
1362 49 0
1363 48 49
1364 48 0
1365 0 48
1366 0 49
1367 0 48
1368 1 0
1369 0 1
1370 49 49
1371 2 0
1372 49 0
1373 0 49
1374 0 0
1375 3 0
1376 48 49
1377 49 49
1378 2 0
1379 0 48
1380 48 0
1381 49 0
1382 0 49
1383 3 0
1384 0 1
1385 0 0
1386 0 1
1387 2 0
1388 0 48
1389 0 49
1390 0 48
1391 48 0
1392 0 0
1393 0 1
1394 0 0
1395 0 1
1396 0 49
1397 0 0
1398 0 48
1399 48 49
1400 0 1
1401 0 49
1402 0 0
1403 0 1
1404 49 0
1405 0 48
1406 0 0
1407 0 1
1408 0 0
1409 0 1
1410 1 0
1411 2 0
1412 0 0
1413 49 49
1414 0 49
1415 0 48
1416 0 1
1417 0 49
1418 0 0
1419 48 0
1420 0 48
1421 0 49
1422 3 0
1423 2 0
1424 0 1
1425 1 0
1426 0 48
1427 49 0
1428 0 2
1429 0 0
1430 0 49
1431 0 48
1432 48 49
1433 0 49
1434 48 0
1435 1 0
1436 0 1
1437 2 0
1438 0 48
1439 0 49
1440 49 0
1441 0 0
1442 0 48
1443 0 49
1444 0 1
1445 0 48
1446 1 0
1447 0 2
1448 0 1
1449 2 0
1450 0 49
1451 48 0
1452 49 49
1453 48 49
1454 49 0
1455 0 48
1456 48 0
1457 0 0
1458 0 1
1459 0 0
1460 49 49
1461 48 49
1462 0 1
1463 49 0
1464 48 0
1465 49 49
1466 1 0
1467 0 49
1468 0 2
1469 0 0
1470 49 0
1471 1 0
1472 0 0
1473 0 48
1474 1 0
1475 0 1
1476 0 2
1477 0 49
1478 48 49
1479 48 0
1480 0 1
1481 49 49
1482 48 49
1483 49 49
1484 49 0
1485 48 0
1486 49 0
1487 48 49
1488 48 0
1489 0 2
1490 0 48
1491 49 49
1492 0 49
1493 0 48
1494 0 1
1495 48 49
1496 0 2
1497 0 49
1498 49 0
1499 0 48
1500 48 0
1501 49 0
1502 49 49
1503 0 1
1504 0 2
1505 0 49
1506 0 1
1507 0 2
1508 0 48
1509 48 49
1510 0 49
1511 0 48
1512 0 1
1513 0 49
1514 2 0
1515 1 0
1516 2 0
1517 49 49
1518 0 48
1519 48 0
1520 0 49
1521 0 48
1522 1 0
1523 0 49
1524 49 0
1525 0 2
1526 0 48
1527 48 49
1528 48 0
1529 0 0
1530 49 0
1531 49 49
1532 0 3
1533 48 49
1534 0 2
1535 1 0
1536 48 0
1537 0 1
1538 0 49
1539 0 2
1540 49 0
1541 0 48
1542 0 0
1543 0 3
1544 48 0
1545 0 49
1546 49 49
1547 49 0
1548 0 48
1549 48 49
1550 0 2
1551 0 3
1552 0 1
1553 48 0
1554 0 49
1555 0 48
1556 49 0
1557 49 49
1558 0 0
1559 0 2
1560 0 49
1561 0 3
1562 0 2
1563 1 0
1564 0 1
1565 0 48
1566 48 49
1567 0 49
1568 48 0
1569 2 0
1570 49 49
1571 0 0
1572 0 48
1573 0 49
1574 0 48
1575 48 49
1576 0 1
1577 1 0
1578 49 49
1579 0 2
1580 48 49
1581 49 49
1582 0 0
1583 0 49
1584 49 0
1585 48 49
1586 48 0
1587 49 49
1588 49 0
1589 1 0
1590 48 0
1591 49 0
1592 0 48
1593 48 0
1594 48 49
1595 49 0
1596 0 49
1597 0 0
1598 0 3
1599 0 1
1600 0 4
1601 48 0
1602 0 48
1603 49 49
1604 0 0
1605 0 49
1606 0 48
1607 0 49
1608 49 0
1609 0 1
1610 0 48
1611 48 0
1612 0 3
1613 48 49
1614 49 0
1615 0 4
1616 0 49
1617 0 3
1618 0 0
1619 49 49
1620 48 49
1621 0 48
1622 49 49
1623 0 1
1624 0 49
1625 0 4
1626 0 0
1627 0 3
1628 48 0
1629 48 49
1630 0 1
1631 0 48
1632 0 4
1633 0 49
1634 49 0
1635 49 49
1636 48 49
1637 49 49
1638 48 0
1639 0 0
1640 0 1
1641 0 3
1642 48 49
1643 0 0
1644 0 1
1645 49 49
1646 0 4
1647 49 0
1648 0 48
1649 0 0
1650 48 0
1651 0 1
1652 0 49
1653 0 48
1654 0 49
1655 0 0
1656 48 49
1657 0 48
1658 49 0
1659 0 1
1660 0 0
1661 0 49
1662 49 49
1663 0 1
1664 0 3
1665 0 4
1666 0 0
1667 0 3
1668 0 2
1669 0 3
1670 0 48
1671 48 0
1672 0 2
1673 49 0
1674 1 0
1675 0 0
1676 48 49
1677 49 49
1678 48 0
1679 48 49
1680 1 0
1681 0 0
1682 49 49
1683 0 3
1684 48 49
1685 0 1
1686 0 4
1687 0 3
1688 49 0
1689 0 49
1690 0 0
1691 0 2
1692 1 0
1693 0 1
1694 48 0
1695 49 0
1696 0 2
1697 49 49
1698 48 0
1699 49 0
1700 48 49
1701 0 48
1702 0 49
1703 49 49
1704 0 1
1705 2 0
1706 1 0
1707 2 0
1708 0 0
1709 48 49
1710 3 0
1711 0 1
1712 0 48
1713 49 49
1714 48 0
1715 0 49
1716 0 0
1717 2 0
1718 49 0
1719 0 48
1720 48 0
1721 48 49
1722 49 49
1723 3 0
1724 48 49
1725 49 0
1726 2 0
1727 3 0
1728 0 49
1729 48 0
1730 49 49
1731 0 48
1732 48 49
1733 2 0
1734 49 49
1735 0 49
1736 0 48
1737 0 1
1738 1 0
1739 48 49
1740 2 0
1741 49 0
1742 48 0
1743 0 49
1744 0 0
1745 49 49
1746 48 49
1747 3 0
1748 0 1
1749 0 48
1750 49 49
1751 0 0
1752 48 49
1753 49 0
1754 2 0
1755 3 0
1756 2 0
1757 0 1
1758 1 0
1759 0 49
1760 2 0
1761 49 49
1762 1 0
1763 48 49
1764 2 0
1765 48 0
1766 49 49
1767 0 0
1768 48 49
1769 0 48
1770 49 49
1771 0 1
1772 0 0
1773 0 49
1774 49 0
1775 0 48
1776 3 0
1777 48 49
1778 48 0
1779 49 0
1780 49 49
1781 0 1
1782 2 0
1783 48 0
1784 0 49
1785 49 0
1786 48 49
1787 48 0
1788 0 48
1789 0 49
1790 0 0
1791 0 1
1792 49 0
1793 1 0
1794 0 2
1795 48 0
1796 0 1
1797 49 0
1798 49 49
1799 2 0
1800 0 48
1801 1 0
1802 0 49
1803 2 0
1804 48 49
1805 0 0
1806 49 49
1807 0 48
1808 48 49
1809 49 49
1810 3 0
1811 2 0
1812 0 49
1813 0 48
1814 48 49
1815 49 49
1816 3 0
1817 0 49
1818 2 0
1819 0 48
1820 0 1
1821 48 0
1822 1 0
1823 48 49
1824 49 49
1825 49 0
1826 48 49
1827 49 49
1828 48 0
1829 48 49
1830 49 0
1831 48 0
1832 2 0
1833 49 49
1834 49 0
1835 1 0
1836 48 0
1837 48 49
1838 0 49
1839 2 0
1840 0 0
1841 49 0
1842 48 0
1843 49 49
1844 49 0
1845 48 0
1846 48 49
1847 3 0
1848 0 48
1849 49 0
1850 48 0
1851 49 49
1852 0 49
1853 0 1
1854 49 0
1855 48 49
1856 2 0
1857 49 49
1858 48 0
1859 1 0
1860 0 2
1861 0 1
1862 49 0
1863 0 2
1864 0 1
1865 0 48
1866 0 2
1867 0 1
1868 0 49
1869 0 2
1870 0 1
1871 0 2
1872 0 0
1873 48 49
1874 49 49
1875 48 49
1876 0 48
1877 49 49
1878 0 3
1879 48 0
1880 48 49
1881 0 2
1882 49 0
1883 0 3
1884 0 49
1885 0 1
1886 48 0
1887 49 49
1888 49 0
1889 48 0
1890 0 0
1891 0 48
1892 49 0
1893 48 0
1894 0 2
1895 0 49
1896 0 3
1897 0 1
1898 49 0
1899 0 4
1900 0 48
1901 0 3
1902 0 0
1903 48 49
1904 48 0
1905 0 49
1906 0 48
1907 0 2
1908 49 0
1909 1 0
1910 0 49
1911 49 49
1912 48 0
1913 48 49
1914 49 0
1915 49 49
1916 0 48
1917 0 49
1918 48 49
1919 0 0
1920 0 48
1921 0 3
1922 0 1
1923 0 4
1924 0 3
1925 48 0
1926 49 49
1927 0 0
1928 0 1
1929 49 0
1930 48 49
1931 0 0
1932 48 0
1933 0 1
1934 0 49
1935 0 48
1936 49 0
1937 48 0
1938 0 4
1939 49 49
1940 0 0
1941 0 1
1942 0 49
1943 0 0
1944 49 0
1945 0 1
1946 0 3
1947 48 49
1948 49 49
1949 48 49
1950 48 0
1951 0 0
1952 49 49
1953 49 0
1954 0 2
1955 0 48
1956 48 49
1957 0 49
1958 0 3
1959 0 2
1960 0 3
1961 0 1
1962 0 4
1963 48 0
1964 0 3
1965 0 48
1966 0 49
1967 49 49
1968 49 0
1969 0 0
1970 48 49
1971 0 1
1972 0 0
1973 49 49
1974 0 1
1975 48 0
1976 49 0
1977 48 0
1978 0 4
1979 49 0
1980 0 3
1981 0 0
1982 48 49
1983 49 49
1984 0 2
1985 0 3
1986 0 1
1987 48 49
1988 0 0
1989 0 48
1990 0 1
1991 48 0
1992 0 4
1993 49 0
1994 48 0
1995 0 3
1996 49 49
1997 0 49
1998 0 0
1999 0 48
2000 48 49
2001 49 0
2002 0 1
2003 0 49
2004 0 4
2005 0 3
2006 48 0
2007 49 49
2008 49 0
2009 0 4
2010 0 3
2011 0 0
2012 48 0
2013 49 0
2014 48 49
2015 0 48
2016 0 1
2017 48 0
2018 0 0
2019 49 49
2020 48 49
2021 49 49
2022 0 1
2023 0 4
2024 49 0
2025 48 0
2026 48 49
2027 49 49
2028 49 0
2029 0 0
2030 0 3
2031 48 49
2032 0 2
2033 49 49
2034 1 0
2035 0 0
2036 0 49
2037 1 0
2038 0 48
2039 0 49
2040 0 1
2041 2 0
2042 48 0
2043 49 0
2044 0 48
2045 0 0
2046 0 1
2047 48 49
2048 48 0
2049 0 0
2050 49 0
2051 0 1
2052 0 0
2053 0 49
2054 49 49
2055 0 1
2056 1 0
2057 0 2
2058 0 48
2059 0 49
2060 0 1
2061 2 0
2062 0 48
2063 0 49
2064 0 0
2065 48 0
2066 49 0
2067 0 1
2068 48 0
2069 49 0
2070 48 0
2071 48 49
2072 1 0
2073 49 0
2074 2 0
2075 0 48
2076 1 0
2077 49 49
2078 48 0
2079 0 49
2080 0 48
2081 0 49
2082 49 0
2083 48 0
2084 0 2
2085 0 1
2086 48 49
2087 0 2
2088 0 0
2089 0 3
2090 49 0
2091 49 49
2092 48 0
2093 0 2
2094 1 0
2095 49 0
2096 48 0
2097 49 0
2098 0 0
2099 0 48
2100 0 3
2101 0 2
2102 1 0
2103 0 1
2104 2 0
2105 48 49
2106 0 0
2107 0 1
2108 1 0
2109 0 2
2110 48 0
2111 0 1
2112 49 49
2113 48 49
2114 49 49
2115 0 2
2116 49 0
2117 0 1
2118 0 49
2119 2 0
2120 1 0
2121 2 0
2122 1 0
2123 0 48
2124 0 2
2125 48 49
2126 0 49
2127 49 49
2128 0 1
2129 0 2
2130 0 0
2131 48 49
2132 49 49
2133 0 3
2134 0 2
2135 48 49
2136 0 48
2137 1 0
2138 49 49
2139 0 1
2140 48 0
2141 0 49
2142 48 49
2143 0 48
2144 0 49
2145 49 49
2146 0 2
2147 0 0
2148 48 49
2149 1 0
2150 49 49
2151 0 48
2152 0 1
2153 48 49
2154 49 49
2155 2 0
2156 0 0
2157 49 0
2158 48 49
2159 0 49
2160 3 0
2161 2 0
2162 0 48
2163 48 0
2164 3 0
2165 2 0
2166 49 49
2167 3 0
2168 0 1
2169 48 49
2170 0 49
2171 49 49
2172 0 0
2173 0 48
2174 2 0
2175 48 49
2176 0 1
2177 0 0
2178 0 49
2179 0 48
2180 49 0
2181 0 1
2182 1 0
2183 48 0
2184 49 0
2185 0 2
2186 49 49
2187 0 1
2188 2 0
2189 1 0
2190 0 2
2191 48 49
2192 0 0
2193 49 49
2194 48 49
2195 49 49
2196 48 49
2197 0 49
2198 0 48
2199 49 49
2200 0 3
2201 0 1
2202 48 0
2203 49 0
2204 0 0
2205 48 49
2206 49 49
2207 0 2
2208 0 3
2209 48 49
2210 0 49
2211 0 2
2212 48 0
2213 1 0
2214 49 0
2215 0 48
2216 49 49
2217 48 49
2218 0 1
2219 2 0
2220 48 0
2221 1 0
2222 0 2
2223 0 0
2224 49 0
2225 49 49
2226 0 3
2227 0 49
2228 0 48
2229 48 0
2230 0 1
2231 48 49
2232 0 0
2233 0 2
2234 1 0
2235 0 49
2236 0 48
2237 0 49
2238 0 0
2239 1 0
2240 49 0
2241 49 49
2242 0 0
2243 1 0
2244 0 1
2245 48 0
2246 48 49
2247 0 2
2248 0 1
2249 2 0
2250 0 0
2251 3 0
2252 0 48
2253 0 1
2254 0 0
2255 2 0
2256 3 0
2257 0 1
2258 2 0
2259 1 0
2260 49 0
2261 49 49
2262 48 0
2263 0 2
2264 0 0
2265 49 0
2266 0 3
2267 0 2
2268 0 3
2269 0 49
2270 0 2
2271 48 49
2272 0 48
2273 1 0
2274 0 49
2275 48 0
2276 0 0
2277 49 49
2278 1 0
2279 0 1
2280 2 0
2281 0 48
2282 0 49
2283 0 48
2284 0 49
2285 49 0
2286 48 0
2287 48 49
2288 49 49
2289 0 0
2290 3 0
2291 48 49
2292 49 49
2293 0 48
2294 48 49
2295 49 49
2296 0 49
2297 49 0
2298 2 0
2299 3 0
2300 48 0
2301 49 0
2302 48 49
2303 2 0
2304 0 1
2305 49 49
2306 0 0
2307 48 0
2308 0 1
2309 1 0
2310 49 0
2311 0 2
2312 0 1
2313 48 49
2314 48 0
2315 49 0
2316 0 48
2317 48 0
2318 49 0
2319 48 0
2320 49 49
2321 48 49
2322 49 49
2323 0 2
2324 0 0
2325 0 49
2326 0 48
2327 49 0
2328 0 3
2329 0 1
2330 0 0
2331 48 0
2332 0 2
2333 1 0
2334 0 1
2335 0 49
2336 0 2
2337 49 0
2338 0 1
2339 48 0
2340 48 49
2341 49 0
2342 2 0
2343 48 0
2344 0 48
2345 0 49
2346 0 48
2347 0 0
2348 49 0
2349 3 0
2350 0 49
2351 0 1
2352 0 48
2353 0 0
2354 49 49
2355 2 0
2356 0 1
2357 48 49
2358 49 49
2359 0 49
2360 1 0
2361 0 48
2362 0 2
2363 0 1
2364 2 0
2365 0 0
2366 48 0
2367 0 49
2368 48 49
2369 49 49
2370 3 0
2371 49 0
2372 0 48
2373 0 49
2374 0 48
2375 48 49
2376 0 49
2377 0 48
2378 48 0
2379 0 49
2380 2 0
2381 0 1
2382 0 0
2383 3 0
2384 2 0
2385 49 49
2386 0 48
2387 48 49
2388 49 49
2389 0 49
2390 0 1
2391 49 0
2392 48 0
2393 49 0
2394 48 0
2395 48 49
2396 0 0
2397 49 49
2398 49 0
2399 3 0
2400 0 48
2401 48 0
2402 0 1
2403 0 0
2404 48 49
2405 2 0
2406 0 49
2407 0 48
2408 3 0
2409 49 0
2410 0 1
2411 0 0
2412 2 0
2413 49 49
2414 48 49
2415 3 0
2416 48 0
2417 2 0
2418 0 49
2419 0 48
2420 49 49
2421 3 0
2422 0 49
2423 0 1
2424 0 48
2425 0 0
2426 0 1
2427 2 0
2428 0 49
2429 49 0
2430 48 49
2431 49 49
2432 48 0
2433 49 0
2434 48 49
2435 49 49
2436 48 49
2437 49 49
2438 48 0
2439 0 0
2440 3 0
2441 0 48
2442 49 0
2443 0 1
2444 0 0
2445 0 1
2446 2 0
2447 0 0
2448 0 49
2449 3 0
2450 48 0
2451 49 0
2452 48 0
2453 0 48
2454 0 49
2455 2 0
2456 0 48
2457 0 49
2458 3 0
2459 0 1
2460 0 48
2461 2 0
2462 48 49
2463 49 49
2464 0 49
2465 49 0
2466 0 48
2467 0 0
2468 3 0
2469 48 0
2470 49 0
2471 0 1
2472 0 0
2473 0 49
2474 48 49
2475 2 0
2476 49 49
2477 0 1
2478 0 0
2479 0 1
2480 0 0
2481 0 48
2482 48 49
2483 0 49
2484 0 1
2485 0 0
2486 0 1
2487 0 0
2488 49 49
2489 48 0
2490 0 48
2491 0 49
2492 3 0
2493 0 1
2494 2 0
2495 49 0
2496 0 48
2497 1 0
2498 2 0
2499 0 0
2500 3 0
2501 0 1
2502 0 0
2503 48 49
2504 49 49
2505 48 49
2506 48 0
2507 49 0
2508 49 49
2509 48 49
2510 49 49
2511 0 1
2512 48 0
2513 2 0
2514 48 49
2515 49 49
2516 49 0
2517 0 0
2518 3 0
2519 0 49
2520 48 0
2521 0 1
2522 2 0
2523 1 0
2524 49 0
2525 0 48
2526 0 2
2527 0 49
2528 48 0
2529 0 48
2530 49 0
2531 48 0
2532 48 49
2533 49 49
2534 0 49
2535 0 0
2536 0 3
2537 49 0
2538 0 48
2539 0 2
2540 0 49
2541 48 49
2542 48 0
2543 49 0
2544 0 48
2545 1 0
2546 48 0
2547 49 0
2548 0 0
2549 0 49
2550 0 3
2551 0 1
2552 0 4
2553 49 49
2554 0 0
2555 0 48
2556 0 3
2557 0 2
2558 0 3
2559 0 1
2560 48 49
2561 0 49
2562 0 48
2563 49 49
2564 48 0
2565 48 49
2566 49 0
2567 49 49
2568 48 0
2569 0 49
2570 0 0
2571 0 1
2572 0 4
2573 0 3
2574 0 4
2575 48 49
2576 49 0
2577 0 3
2578 48 0
2579 0 48
2580 0 0
2581 49 0
2582 49 49
2583 48 0
2584 0 1
2585 0 4
2586 48 49
2587 0 49
2588 0 0
2589 0 1
2590 0 3
2591 0 48
2592 49 49
2593 48 49
2594 0 4
2595 49 0
2596 48 0
2597 0 3
2598 0 4
2599 0 3
2600 49 0
2601 0 4
2602 48 0
2603 0 3
2604 0 0
2605 49 0
2606 0 2
2607 0 3
2608 0 1
2609 48 0
2610 49 49
2611 0 49
2612 49 0
2613 0 0
2614 0 2
2615 0 48
2616 48 49
2617 0 3
2618 0 2
2619 0 3
2620 0 2
2621 1 0
2622 0 1
2623 0 2
2624 48 0
2625 49 49
2626 0 1
2627 2 0
2628 0 0
2629 3 0
2630 0 49
2631 0 1
2632 0 48
2633 48 49
2634 2 0
2635 1 0
2636 0 2
2637 0 0
2638 0 49
2639 49 49
2640 49 0
2641 0 3
2642 48 49
2643 49 49
2644 48 0
2645 49 0
2646 0 2
2647 48 0
2648 1 0
2649 48 49
2650 49 49
2651 0 0
2652 1 0
2653 0 1
2654 0 48
2655 48 49
2656 0 49
2657 0 2
2658 49 0
2659 0 1
2660 48 0
2661 2 0
2662 0 0
2663 49 0
2664 0 1
2665 49 49
2666 1 0
2667 48 0
2668 48 49
2669 49 0
2670 49 49
2671 0 2
2672 48 49
2673 48 0
2674 0 1
2675 49 49
2676 2 0
2677 1 0
2678 49 0
2679 2 0
2680 48 0
2681 1 0
2682 49 0
2683 2 0
2684 0 0
2685 48 49
2686 0 1
2687 48 0
2688 1 0
2689 49 0
2690 48 0
2691 49 49
2692 49 0
2693 0 48
2694 0 49
2695 48 49
2696 48 0
2697 49 0
2698 2 0
2699 49 49
2700 0 0
2701 3 0
2702 0 1
2703 48 49
2704 2 0
2705 0 0
2706 48 0
2707 0 1
2708 0 48
2709 49 0
2710 1 0
2711 0 2
2712 0 1
2713 0 2
2714 49 49
2715 48 0
2716 0 0
2717 1 0
2718 0 49
2719 48 49
2720 49 49
2721 49 0
2722 48 0
2723 48 49
2724 0 48
2725 0 1
2726 0 49
2727 49 0
2728 0 2
2729 49 49
2730 48 49
2731 48 0
2732 0 1
2733 0 48
2734 49 0
2735 0 49
2736 49 49
2737 48 49
2738 0 2
2739 49 49
2740 0 48
2741 0 49
2742 0 1
2743 48 49
2744 2 0
2745 0 0
2746 49 49
2747 48 49
2748 3 0
2749 0 1
2750 48 0
2751 2 0
2752 49 49
2753 1 0
2754 2 0
2755 1 0
2756 48 49
2757 0 48
2758 0 49
2759 49 49
2760 48 49
2761 0 2
2762 49 0
2763 0 1
2764 2 0
2765 1 0
2766 2 0
2767 49 49
2768 0 48
2769 48 49
2770 1 0
2771 48 0
2772 0 49
2773 2 0
2774 0 0
2775 49 0
2776 48 0
2777 3 0
2778 2 0
2779 0 1
2780 49 0
2781 48 0
2782 1 0
2783 49 49
2784 0 48
2785 0 49
2786 0 48
2787 49 0
2788 2 0
2789 1 0
2790 48 49
2791 2 0
2792 48 0
2793 1 0
2794 49 49
2795 2 0
2796 0 49
2797 0 0
2798 48 49
2799 3 0
2800 0 1
2801 0 0
2802 2 0
2803 49 49
2804 0 48
2805 3 0
2806 0 1
2807 49 0
2808 0 0
2809 0 49
2810 0 1
2811 0 48
2812 0 0
2813 48 0
2814 0 49
2815 0 48
2816 0 49
2817 49 0
2818 2 0
2819 0 48
2820 48 0
2821 0 1
2822 48 49
2823 0 49
2824 49 0
2825 1 0
2826 2 0
2827 1 0
2828 0 48
2829 49 49
2830 0 2
2831 48 49
2832 48 0
2833 0 1
2834 2 0
2835 49 49
2836 0 0
2837 0 49
2838 0 48
2839 0 1
2840 0 49
2841 48 49
2842 0 48
2843 49 49
2844 48 49
2845 0 0
2846 0 49
2847 0 1
2848 1 0
2849 0 2
2850 0 0
2851 1 0
2852 49 49
2853 48 49
2854 0 1
2855 49 49
2856 2 0
2857 1 0
2858 0 2
2859 49 0
2860 48 0
2861 49 0
2862 0 48
2863 48 49
2864 0 0
2865 1 0
2866 49 49
2867 0 1
2868 48 49
2869 48 0
2870 49 49
2871 0 49
2872 48 49
2873 49 0
2874 2 0
2875 48 0
2876 1 0
2877 0 2
2878 0 48
2879 0 1
2880 2 0
2881 49 0
2882 0 0
2883 49 49
2884 0 49
2885 0 48
2886 3 0
2887 48 0
2888 48 49
2889 0 1
2890 0 49
2891 49 49
2892 49 0
2893 48 0
2894 49 0
2895 48 49
2896 0 0
2897 48 0
2898 0 48
2899 49 0
2900 48 0
2901 0 1
2902 49 0
2903 48 0
2904 2 0
2905 0 49
2906 49 0
2907 1 0
2908 48 0
2909 0 48
2910 49 0
2911 48 0
2912 0 2
2913 0 1
2914 2 0
2915 49 0
2916 49 49
2917 48 49
2918 49 49
2919 48 0
2920 49 0
2921 0 49
2922 0 48
2923 1 0
2924 48 0
2925 2 0
2926 1 0
2927 48 49
2928 0 2
2929 0 49
2930 49 0
2931 0 1
2932 2 0
2933 0 0
2934 48 0
2935 0 1
2936 49 49
2937 49 0
2938 48 0
2939 48 49
2940 0 0
2941 0 1
2942 49 0
2943 48 0
2944 49 49
2945 1 0
2946 48 49
2947 0 2
2948 0 1
2949 49 0
2950 0 48
2951 48 0
2952 0 49
2953 49 0
2954 48 0
2955 0 2
2956 49 49
2957 0 0
2958 1 0
2959 49 0
2960 48 0
2961 0 48
2962 0 1
2963 49 0
2964 48 0
2965 0 49
2966 0 48
2967 2 0
2968 49 0
2969 1 0
2970 0 2
2971 48 0
2972 0 1
2973 2 0
2974 49 0
2975 0 0
2976 48 49
2977 0 1
2978 0 0
2979 3 0
2980 48 0
2981 0 49
2982 49 49
2983 0 1
2984 0 48
2985 49 0
2986 0 49
2987 2 0
2988 1 0
2989 2 0
2990 1 0
2991 48 49
2992 48 0
2993 49 0
2994 48 0
2995 0 2
2996 49 49
2997 0 0
2998 0 3
2999 48 49
3000 0 1
3001 49 49
3002 0 48
3003 49 0
3004 0 4
3005 0 0
3006 0 49
3007 48 49
3008 0 48
3009 0 1
3010 49 49
3011 0 0
3012 0 49
3013 48 0
3014 49 0
3015 0 3
3016 0 48
3017 48 49
3018 0 2
3019 49 49
3020 48 49
3021 1 0
3022 0 1
3023 49 49
3024 48 0
3025 2 0
3026 0 0
3027 49 0
3028 48 0
3029 0 1
3030 0 0
3031 3 0
3032 48 49
3033 49 0
3034 0 49
3035 2 0
3036 0 1
3037 0 0
3038 48 0
3039 0 48
3040 3 0
3041 49 49
3042 0 1
3043 48 49
3044 0 0
3045 0 1
3046 49 49
3047 0 0
3048 0 49
3049 2 0
3050 0 1
3051 0 48
3052 0 49
3053 1 0
3054 2 0
3055 48 49
3056 0 0
3057 49 49
3058 3 0
3059 49 0
3060 0 1
3061 48 49
3062 48 0
3063 2 0
3064 0 48
3065 1 0
3066 49 0
3067 48 0
3068 0 49
3069 49 0
3070 0 2
3071 48 0
3072 0 48
3073 49 0
3074 0 0
3075 49 49
3076 0 3
3077 0 49
3078 0 2
3079 0 3
3080 0 48
3081 0 1
3082 0 0
3083 0 2
3084 48 49
3085 48 0
3086 49 0
3087 1 0
3088 48 0
3089 0 0
3090 49 49
3091 49 0
3092 0 3
3093 0 1
3094 0 0
3095 0 49
3096 0 1
3097 48 0
3098 0 4
3099 48 49
3100 0 48
3101 0 3
3102 49 49
3103 49 0
3104 48 0
3105 48 49
3106 0 49
3107 0 4
3108 0 0
3109 0 1
3110 0 48
3111 0 0
3112 0 1
3113 49 49
3114 49 0
3115 0 3
3116 48 49
3117 49 49
3118 0 49
3119 0 4
3120 0 3
3121 48 0
3122 0 48
3123 49 0
3124 48 49
3125 48 0
3126 0 0
3127 0 49
3128 0 2
3129 1 0
3130 0 48
3131 0 49
3132 0 1
3133 2 0
3134 0 0
3135 3 0
3136 49 49
3137 0 48
3138 0 1
3139 0 0
3140 49 0
3141 2 0
3142 48 0
3143 0 1
3144 0 0
3145 0 1
3146 48 49
3147 1 0
3148 49 0
3149 0 49
3150 49 49
3151 48 0
3152 0 48
3153 48 49
3154 0 2
3155 0 49
3156 0 48
3157 49 49
3158 0 49
3159 0 0
3160 48 49
3161 1 0
3162 0 1
3163 49 49
3164 0 2
3165 49 0
3166 0 48
3167 0 1
3168 0 49
3169 0 2
3170 48 49
3171 48 0
3172 0 1
3173 49 49
3174 0 48
3175 48 49
3176 2 0
3177 49 0
3178 0 0
3179 48 0
3180 0 1
3181 49 0
3182 0 49
3183 1 0
3184 0 48
3185 48 0
3186 49 49
3187 0 49
3188 2 0
3189 0 48
3190 0 0
3191 0 49
3192 0 48
3193 3 0
3194 0 49
3195 49 0
3196 48 0
3197 2 0
3198 49 0
3199 0 1
3200 48 49
3201 49 49
3202 0 48
3203 48 49
3204 48 0
3205 49 49
3206 0 0
3207 3 0
3208 0 1
3209 0 49
3210 2 0
3211 48 49
3212 1 0
3213 49 0
3214 48 0
3215 0 48
3216 49 0
3217 48 0
3218 0 49
3219 0 2
3220 0 1
3221 0 48
3222 49 0
3223 49 49
3224 0 49
3225 2 0
3226 0 48
3227 0 0
3228 0 49
3229 48 0
3230 0 1
3231 0 48
3232 1 0
3233 0 2
3234 48 49
3235 49 0
3236 0 49
3237 49 49
3238 48 0
3239 48 49
3240 0 0
3241 49 49
3242 49 0
3243 1 0
3244 0 48
3245 0 49
3246 48 0
3247 0 48
3248 49 0
3249 0 49
3250 0 0
3251 1 0
3252 0 1
3253 0 48
3254 2 0
3255 0 0
3256 48 0
3257 49 0
3258 48 0
3259 48 49
3260 49 0
3261 48 0
3262 0 49
3263 3 0
3264 0 1
3265 0 48
3266 49 49
3267 0 0
3268 49 0
3269 48 0
3270 0 1
3271 0 0
3272 2 0
3273 49 0
3274 3 0
3275 48 0
3276 0 1
3277 0 49
3278 0 48
3279 0 0
3280 48 49
3281 0 49
3282 2 0
3283 49 49
3284 48 49
3285 3 0
3286 49 0
3287 2 0
3288 3 0
3289 48 0
3290 2 0
3291 49 49
3292 0 48
3293 48 49
3294 0 1
3295 49 49
3296 48 49
3297 1 0
3298 0 2
3299 0 1
3300 0 2
3301 0 1
3302 49 0
3303 48 0
3304 2 0
3305 49 0
3306 49 49
3307 48 49
3308 0 0
3309 0 49
3310 0 1
3311 48 0
3312 49 0
3313 49 49
3314 1 0
3315 0 2
3316 48 49
3317 0 0
3318 1 0
3319 0 0
3320 49 49
3321 48 49
3322 0 48
3323 48 0
3324 49 49
3325 49 0
3326 48 49
3327 49 49
3328 1 0
3329 0 0
3330 0 49
3331 0 48
3332 48 49
3333 48 0
3334 0 3
3335 0 2
3336 49 49
3337 0 3
3338 49 0
3339 48 49
3340 0 49
3341 0 48
3342 0 2
3343 0 3
3344 0 2
3345 48 0
3346 49 0
3347 49 49
3348 1 0
3349 0 0
3350 0 3
3351 0 1
3352 48 49
3353 0 49
3354 49 49
3355 0 4
3356 0 48
3357 0 49
3358 0 48
3359 0 0
3360 48 0
3361 0 3
3362 0 2
3363 48 49
3364 49 0
3365 0 3
3366 48 0
3367 49 0
3368 49 49
3369 0 49
3370 0 2
3371 48 0
3372 1 0
3373 48 49
3374 49 49
3375 0 1
3376 48 49
3377 49 0
3378 48 0
3379 49 0
3380 0 2
3381 0 0
3382 49 49
3383 0 3
3384 48 0
3385 0 2
3386 48 49
3387 49 49
3388 0 48
3389 0 3
3390 0 1
3391 48 49
3392 0 49
3393 49 0
3394 49 49
3395 0 48
3396 0 49
3397 0 48
3398 48 49
3399 49 49
3400 0 49
3401 0 48
3402 48 0
3403 49 0
3404 0 49
3405 0 48
3406 48 49
3407 49 49
3408 0 4
3409 0 3
3410 48 49
3411 0 49
3412 0 0
3413 0 2
3414 48 0
3415 0 48
3416 49 0
3417 0 3
3418 0 2
3419 1 0
3420 0 49
3421 48 0
3422 0 48
3423 49 0
3424 49 49
3425 0 1
3426 0 2
3427 48 0
3428 48 49
3429 0 0
3430 0 3
3431 0 49
3432 0 1
3433 49 0
3434 0 4
3435 0 48
3436 0 49
3437 0 3
3438 48 0
3439 0 0
3440 49 49
3441 0 48
3442 49 0
3443 0 49
3444 0 1
3445 48 0
3446 49 0
3447 0 0
3448 0 1
3449 0 48
3450 0 0
3451 48 0
3452 0 1
3453 49 0
3454 48 49
3455 0 0
3456 48 0
3457 0 49
3458 0 1
3459 49 0
3460 48 0
3461 0 0
3462 49 0
3463 0 48
3464 49 49
3465 48 0
3466 0 49
3467 0 2
3468 0 48
3469 0 3
3470 48 49
3471 0 2
3472 49 49
3473 49 0
3474 48 49
3475 1 0
3476 48 0
3477 0 0
3478 49 0
3479 0 49
3480 48 0
3481 0 3
3482 0 48
3483 0 49
3484 0 2
3485 1 0
3486 0 48
3487 49 49
3488 0 49
3489 0 48
3490 0 0
3491 49 0
3492 48 0
3493 1 0
3494 49 0
3495 0 1
3496 0 2
3497 48 0
3498 0 49
3499 48 49
3500 49 49
3501 0 1
3502 0 2
3503 0 0
3504 49 0
3505 48 0
3506 1 0
3507 0 1
3508 0 48
3509 0 49
3510 0 2
3511 0 48
3512 49 0
3513 0 49
3514 0 48
3515 0 1
3516 48 0
3517 2 0
3518 0 49
3519 0 0
3520 0 48
3521 48 49
3522 3 0
3523 49 49
3524 0 1
3525 2 0
3526 0 49
3527 0 48
3528 0 0
3529 49 0
3530 0 1
3531 0 0
3532 0 49
3533 0 48
3534 48 49
3535 0 49
3536 3 0
3537 48 0
3538 49 49
3539 0 1
3540 49 0
3541 48 0
3542 49 0
3543 0 0
3544 0 1
3545 48 0
3546 0 48
3547 2 0
3548 0 0
3549 48 49
3550 0 1
3551 1 0
3552 49 0
3553 2 0
3554 0 49
3555 1 0
3556 2 0
3557 1 0
3558 0 2
3559 0 0
3560 0 3
3561 0 48
3562 49 49
3563 48 0
3564 0 2
3565 49 0
3566 1 0
3567 0 0
3568 48 49
3569 0 49
3570 48 0
3571 0 48
3572 0 3
3573 0 49
3574 49 0
3575 0 48
3576 0 49
3577 0 1
3578 0 4
3579 48 0
3580 49 49
3581 48 49
3582 49 49
3583 0 3
3584 0 48
3585 48 49
3586 49 0
3587 49 49
3588 48 49
3589 0 4
3590 49 49
3591 48 0
3592 49 0
3593 48 0
3594 0 49
3595 49 0
3596 48 49
3597 0 48
3598 0 3
3599 48 0
3600 49 0
3601 48 0
3602 49 0
3603 0 4
3604 0 3
3605 48 0
3606 49 49
3607 49 0
3608 0 49
3609 0 48
3610 0 49
3611 0 4
3612 48 49
3613 48 0
3614 49 0
3615 49 49
3616 0 0
3617 48 0
3618 49 0
3619 0 3
3620 0 48
3621 48 49
3622 0 1
3623 0 4
3624 0 3
3625 0 49
3626 0 48
3627 48 0
3628 0 4
3629 49 0
3630 48 0
3631 49 0
3632 48 0
3633 0 49
3634 49 49
3635 0 3
3636 0 0
3637 48 49
3638 0 48
3639 49 0
3640 49 49
3641 0 1
3642 48 49
3643 48 0
3644 0 49
3645 0 4
3646 0 0
3647 49 0
3648 0 3
3649 0 48
3650 49 49
3651 48 0
3652 0 2
3653 0 3
3654 49 0
3655 0 1
3656 48 49
3657 0 4
3658 49 49
3659 0 0
3660 0 1
3661 0 0
3662 48 49
3663 48 0
3664 0 3
3665 0 2
3666 49 49
3667 1 0
3668 48 49
3669 49 49
3670 48 49
3671 0 1
3672 0 49
3673 49 49
3674 0 48
3675 0 49
3676 0 2
3677 0 48
3678 48 49
3679 49 49
3680 0 0
3681 0 49
3682 0 3
3683 49 0
3684 0 48
3685 48 49
3686 0 2
3687 0 49
3688 0 48
3689 0 49
3690 0 3
3691 0 2
3692 48 0
3693 49 49
3694 1 0
3695 0 1
3696 0 2
3697 0 1
3698 48 49
3699 0 48
3700 2 0
3701 0 0
3702 3 0
3703 49 49
3704 49 0
3705 0 1
3706 48 0
3707 49 0
3708 48 49
3709 0 0
3710 2 0
3711 0 49
3712 3 0
3713 2 0
3714 49 49
3715 0 1
3716 1 0
3717 0 48
3718 48 0
3719 49 0
3720 48 49
3721 0 49
3722 0 2
3723 0 1
3724 48 0
3725 0 2
3726 49 49
3727 0 48
3728 0 0
3729 49 0
3730 1 0
3731 0 1
3732 0 2
3733 48 49
3734 0 49
3735 0 48
3736 0 0
3737 49 49
3738 48 0
3739 48 49
3740 1 0
3741 49 0
3742 0 1
3743 49 49
3744 0 2
3745 48 49
3746 48 0
3747 0 49
3748 49 49
3749 49 0
3750 0 1
3751 0 48
3752 2 0
3753 1 0
3754 2 0
3755 0 0
3756 0 1
3757 48 49
3758 0 49
3759 49 49
3760 48 49
3761 0 48
3762 0 0
3763 49 49
3764 0 1
3765 0 0
3766 3 0
3767 48 0
3768 2 0
3769 48 49
3770 49 49
3771 0 1
3772 1 0
3773 48 49
3774 49 0
3775 0 2
3776 0 1
3777 0 2
3778 48 0
3779 0 49
3780 49 0
3781 0 0
3782 0 48
3783 1 0
3784 0 49
3785 49 49
3786 0 0
3787 0 48
3788 1 0
3789 0 1
3790 0 2
3791 0 0
3792 0 3
3793 48 0
3794 0 1
3795 48 49
3796 49 0
3797 48 0
3798 0 4
3799 49 49
3800 0 3
3801 0 4
3802 0 3
3803 0 49
3804 0 0
3805 48 49
3806 49 49
3807 49 0
3808 48 0
3809 0 1
3810 0 4
3811 0 3
3812 49 0
3813 0 4
3814 0 3
3815 0 4
3816 48 0
3817 0 48
3818 0 49
3819 49 0
3820 0 3
3821 0 4
3822 48 49
3823 0 0
3824 0 1
3825 0 48
3826 48 0
3827 0 49
3828 0 48
3829 0 0
3830 0 49
3831 0 1
3832 0 48
3833 49 0
3834 48 0
3835 49 49
3836 0 3
3837 0 0
3838 49 0
3839 0 49
3840 0 48
3841 48 0
3842 0 49
3843 0 2
3844 1 0
3845 0 48
3846 0 1
3847 2 0
3848 0 49
3849 0 0
3850 48 49
3851 3 0
3852 0 48
3853 0 49
3854 2 0
3855 0 48
3856 49 0
3857 0 1
3858 49 49
3859 48 49
3860 0 49
3861 48 0
3862 49 49
3863 48 49
3864 49 0
3865 1 0
3866 0 48
3867 48 0
3868 0 2
3869 49 0
3870 49 49
3871 48 49
3872 0 0
3873 0 3
3874 0 1
3875 48 0
3876 0 0
3877 49 0
3878 0 2
3879 0 49
3880 0 3
3881 48 0
3882 49 0
3883 0 48
3884 0 49
3885 48 0
3886 0 2
3887 0 48
3888 49 49
3889 1 0
3890 49 0
3891 0 1
3892 48 0
3893 0 49
3894 0 2
3895 48 49
3896 49 49
3897 0 0
3898 0 48
3899 48 49
3900 1 0
3901 49 0
3902 0 49
3903 49 49
3904 0 0
3905 0 3
3906 0 48
3907 0 2
3908 0 49
3909 0 3
3910 0 1
3911 0 0
3912 0 1
3913 0 48
3914 0 0
3915 48 0
3916 0 2
3917 1 0
3918 48 49
3919 0 49
3920 49 0
3921 0 1
3922 0 2
3923 48 0
3924 0 1
3925 49 49
3926 0 48
3927 0 2
3928 0 0
3929 48 49
3930 49 0
3931 1 0
3932 49 49
3933 48 49
3934 0 49
3935 48 0
3936 0 48
3937 0 1
3938 0 2
3939 49 49
3940 0 0
3941 0 49
3942 0 48
3943 0 3
3944 0 49
3945 48 49
3946 0 2
3947 0 48
3948 49 0
3949 48 0
3950 49 49
3951 0 3
3952 49 0
3953 0 2
3954 48 0
3955 49 0
3956 1 0
3957 48 49
3958 0 1
3959 49 49
3960 2 0
3961 48 49
3962 48 0
3963 49 49
3964 0 49
3965 48 49
3966 49 0
3967 1 0
3968 0 48
3969 0 49
3970 2 0
3971 0 48
3972 1 0
3973 0 49
3974 2 0
3975 49 49
3976 48 49
3977 48 0
3978 49 0
3979 49 49
3980 0 0
3981 3 0
3982 2 0
3983 48 49
3984 3 0
3985 48 0
3986 0 48
3987 0 49
3988 2 0
3989 0 48
3990 3 0
3991 0 1
3992 49 49
3993 0 0
3994 49 0
3995 0 1
3996 48 0
3997 2 0
3998 48 49
3999 0 0
4000 0 49
4001 49 49
4002 3 0
4003 48 49
4004 49 0
4005 0 48
4006 0 1
4007 48 0
4008 49 49
4009 0 0
4010 2 0
4011 48 49
4012 49 0
4013 0 1
4014 0 0
4015 0 49
4016 49 49
4017 3 0
4018 0 48
4019 0 49
4020 48 49
4021 49 49
4022 0 1
4023 0 0
4024 48 49
4025 0 48
4026 49 49
4027 0 1
4028 48 0
4029 48 49
4030 0 0
4031 49 49
4032 0 49
4033 2 0
4034 0 48
4035 3 0
4036 48 49
4037 2 0
4038 3 0
4039 0 1
4040 49 49
4041 2 0
4042 0 0
4043 3 0
4044 49 0
4045 48 49
4046 2 0
4047 0 49
4048 0 48
4049 0 1
4050 0 49
4051 0 48
4052 1 0
4053 2 0
4054 0 0
4055 3 0
4056 0 49
4057 2 0
4058 49 49
4059 3 0
4060 48 0
4061 48 49
4062 49 49
4063 0 48
4064 0 1
4065 2 0
4066 0 0
4067 0 49
4068 49 0
4069 48 49
4070 3 0
4071 49 49
4072 0 48
4073 0 49
4074 0 48
4075 0 1
4076 2 0
4077 48 0
4078 0 49
4079 1 0
4080 0 2
4081 48 49
4082 0 48
4083 0 49
4084 0 1
4085 2 0
4086 1 0
4087 0 2
4088 0 48
4089 49 0
4090 0 0
4091 0 3
4092 0 1
4093 0 0
4094 0 2
4095 1 0
4096 49 49
4097 48 49
4098 0 0
4099 0 3
4100 0 49
4101 0 1
4102 48 0
4103 0 4
4104 0 48
4105 0 3
4106 0 4
4107 49 0
4108 48 0
4109 49 0
4110 0 0
4111 0 3
4112 48 0
4113 0 49
4114 49 0
4115 0 2
4116 49 49
4117 48 49
4118 48 0
4119 49 49
4120 48 49
4121 0 3
4122 0 1
4123 49 0
4124 0 0
4125 0 1
4126 48 0
4127 0 4
4128 0 3
4129 49 0
4130 0 48
4131 0 4
4132 0 3
4133 0 4
4134 0 3
4135 0 4
4136 48 0
4137 49 49
4138 49 0
4139 0 0
4140 48 49
4141 48 0
4142 0 3
4143 0 1
4144 0 0
4145 49 49
4146 49 0
4147 0 2
4148 1 0
4149 0 49
4150 48 0
4151 0 48
4152 0 49
4153 0 0
4154 48 49
4155 49 0
4156 49 49
4157 0 3
4158 0 2
4159 0 3
4160 48 49
4161 48 0
4162 49 0
4163 0 48
4164 49 49
4165 48 0
4166 0 1
4167 49 0
4168 0 0
4169 0 1
4170 0 0
4171 0 2
4172 48 0
4173 0 49
4174 48 49
4175 0 3
4176 0 1
4177 49 0
4178 0 4
4179 0 3
4180 48 0
4181 0 4
4182 49 49
4183 0 48
4184 49 0
4185 48 0
4186 0 3
4187 0 4
4188 0 49
4189 49 0
4190 48 49
4191 0 0
4192 48 0
4193 49 0
4194 48 0
4195 0 48
4196 0 49
4197 49 0
4198 0 1
4199 0 3
4200 0 4
4201 0 3
4202 0 4
4203 49 49
4204 48 0
4205 0 3
4206 0 48
4207 48 49
4208 0 49
4209 49 49
4210 0 4
4211 48 49
4212 0 3
4213 49 49
4214 0 48
4215 0 49
4216 49 0
4217 48 0
4218 0 0
4219 0 2
4220 0 3
4221 48 49
4222 49 49
4223 0 2
4224 0 3
4225 0 1
4226 0 48
4227 0 4
4228 49 0
4229 0 0
4230 0 1
4231 0 0
4232 0 49
4233 0 3
4234 0 48
4235 0 49
4236 48 49
4237 48 0
4238 0 2
4239 1 0
4240 0 0
4241 49 49
4242 0 48
4243 49 0
4244 0 3
4245 0 49
4246 48 0
4247 48 49
4248 0 1
4249 0 48
4250 0 0
4251 49 0
4252 0 49
4253 0 2
4254 1 0
4255 0 0
4256 49 49
4257 0 3
4258 0 48
4259 48 0
4260 0 49
4261 0 1
4262 49 0
4263 48 0
4264 0 0
4265 49 0
4266 48 0
4267 0 1
4268 0 48
4269 49 0
4270 48 0
4271 0 0
4272 0 49
4273 0 48
4274 0 1
4275 48 49
4276 0 0
4277 49 49
4278 49 0
4279 48 49
4280 0 49
4281 0 48
4282 48 0
4283 0 1
4284 49 49
4285 0 0
4286 0 1
4287 0 49
4288 0 0
4289 0 1
4290 0 4
4291 0 48
4292 48 49
4293 0 49
4294 49 49
4295 0 0
4296 0 1
4297 0 0
4298 0 48
4299 0 1
4300 49 0
4301 0 3
4302 0 49
4303 48 0
4304 0 48
4305 0 4
4306 0 3
4307 48 49
4308 49 49
4309 0 4
4310 0 3
4311 48 49
4312 49 49
4313 0 0
4314 0 1
4315 0 49
4316 0 0
4317 0 48
4318 49 0
4319 0 2
4320 0 3
4321 48 49
4322 0 49
4323 0 48
4324 0 1
4325 0 49
4326 48 0
4327 49 0
4328 49 49
4329 0 48
4330 0 4
4331 0 3
4332 48 0
4333 48 49
4334 49 49
4335 48 49
4336 49 0
4337 0 0
4338 0 49
4339 49 49
4340 0 1
4341 0 48
4342 48 49
4343 49 49
4344 0 0
4345 0 2
4346 48 0
4347 1 0
4348 0 0
4349 49 0
4350 1 0
4351 0 49
4352 48 0
4353 48 49
4354 0 1
4355 0 48
4356 0 49
4357 2 0
4358 49 0
4359 0 48
4360 48 0
4361 49 0
4362 0 49
4363 48 0
4364 0 48
4365 1 0
4366 2 0
4367 1 0
4368 49 0
4369 2 0
4370 49 49
4371 0 0
4372 3 0
4373 0 1
4374 0 0
4375 2 0
4376 48 49
4377 48 0
4378 0 1
4379 49 0
4380 0 0
4381 0 49
4382 3 0
4383 2 0
4384 3 0
4385 0 1
4386 2 0
4387 48 0
4388 0 48
4389 0 0
4390 3 0
4391 49 0
4392 0 49
4393 2 0
4394 0 48
4395 0 49
4396 0 1
4397 0 48
4398 1 0
4399 49 49
4400 48 0
4401 0 2
4402 48 49
4403 0 0
4404 0 3
4405 0 2
4406 1 0
4407 0 1
4408 49 49
4409 48 49
4410 0 49
4411 49 49
4412 0 48
4413 0 49
4414 2 0
4415 48 49
4416 0 0
4417 0 1
4418 1 0
4419 49 49
4420 49 0
4421 48 0
4422 49 0
4423 0 48
4424 48 49
4425 48 0
4426 0 2
4427 0 1
4428 0 2
4429 49 0
4430 0 1
4431 48 0
4432 49 49
4433 0 49
4434 0 2
4435 49 0
4436 0 48
4437 0 1
4438 0 2
4439 48 0
4440 0 1
4441 0 2
4442 48 49
4443 49 0
4444 0 1
4445 48 0
4446 49 49
4447 48 49
4448 49 49
4449 48 49
4450 49 49
4451 48 49
4452 2 0
4453 49 0
4454 0 0
4455 48 0
4456 49 49
4457 0 49
4458 3 0
4459 49 0
4460 2 0
4461 3 0
4462 48 0
4463 0 48
4464 0 49
4465 0 48
4466 49 0
4467 48 49
4468 0 1
4469 49 49
4470 0 49
4471 48 0
4472 0 48
4473 48 49
4474 0 0
4475 49 0
4476 0 49
4477 0 1
4478 48 0
4479 0 48
4480 2 0
4481 49 0
4482 48 0
4483 1 0
4484 2 0
4485 1 0
4486 49 0
4487 0 2
4488 48 0
4489 0 1
4490 0 49
4491 2 0
4492 49 49
4493 0 0
4494 48 49
4495 0 48
4496 49 49
4497 0 1
4498 0 0
4499 0 1
4500 0 0
4501 0 49
4502 0 1
4503 0 48
4504 48 49
4505 49 0
4506 1 0
4507 48 0
4508 0 2
4509 0 49
4510 0 48
4511 0 49
4512 0 1
4513 2 0
4514 1 0
4515 0 48
4516 49 49
4517 0 49
4518 49 0
4519 2 0
4520 0 0
4521 48 0
4522 0 48
4523 48 49
4524 0 49
4525 0 1
4526 0 0
4527 49 0
4528 3 0
4529 0 1
4530 0 48
4531 0 0
4532 2 0
4533 49 49
4534 0 1
4535 1 0
4536 48 0
4537 49 0
4538 0 2
4539 0 0
4540 0 49
4541 0 3
4542 0 2
4543 1 0
4544 48 49
4545 48 0
4546 49 49
4547 48 49
4548 0 1
4549 49 0
4550 48 0
4551 0 2
4552 0 1
4553 49 49
4554 49 0
4555 2 0
4556 1 0
4557 2 0
4558 0 0
4559 0 1
4560 48 0
4561 1 0
4562 2 0
4563 0 48
4564 0 0
4565 0 1
4566 0 49
4567 1 0
4568 2 0
4569 1 0
4570 0 2
4571 0 0
4572 48 49
4573 49 0
4574 1 0
4575 49 49
4576 0 48
4577 0 0
4578 1 0
4579 48 0
4580 49 0
4581 0 49
4582 0 48
4583 0 49
4584 48 49
4585 0 1
4586 48 0
4587 49 49
4588 0 48
4589 0 49
4590 2 0
4591 0 0
4592 49 0
4593 0 1
4594 0 48
4595 48 0
4596 0 0
4597 0 1
4598 1 0
4599 48 49
4600 49 49
4601 0 49
4602 49 0
4603 0 48
4604 48 0
4605 48 49
4606 0 49
4607 0 2
4608 0 0
4609 0 48
4610 1 0
4611 49 49
4612 0 49
4613 0 1
4614 0 2
4615 0 48
4616 49 0
4617 0 49
4618 0 48
4619 0 0
4620 1 0
4621 48 49
4622 0 0
4623 0 49
4624 0 3
4625 0 48
4626 0 49
4627 0 2
4628 49 49
4629 1 0
4630 0 1
4631 0 48
4632 0 49
4633 2 0
4634 1 0
4635 2 0
4636 0 0
4637 0 1
4638 0 48
4639 48 0
4640 48 49
4641 0 49
4642 0 0
4643 3 0
4644 0 48
4645 0 1
4646 49 0
4647 48 0
4648 49 0
4649 49 49
4650 48 49
4651 2 0
4652 0 0
4653 0 1
4654 49 49
4655 48 0
4656 0 0
4657 3 0
4658 0 1
4659 49 0
4660 0 0
4661 0 49
4662 0 48
4663 48 49
4664 0 1
4665 0 0
4666 0 1
4667 49 49
4668 0 49
4669 0 48
4670 48 0
4671 49 0
4672 48 0
4673 49 0
4674 48 0
4675 0 0
4676 48 49
4677 0 1
4678 2 0
4679 1 0
4680 0 2
4681 0 0
4682 0 49
4683 49 0
4684 49 49
4685 0 3
4686 0 1
4687 48 49
4688 0 4
4689 0 48
4690 0 0
4691 48 0
4692 49 49
4693 0 49
4694 49 0
4695 0 1
4696 0 48
4697 0 0
4698 48 49
4699 48 0
4700 49 0
4701 48 0
4702 0 49
4703 0 48
4704 49 49
4705 0 49
4706 0 1
4707 48 49
4708 49 49
4709 0 3
4710 0 4
4711 0 0
4712 48 49
4713 0 48
4714 0 49
4715 0 1
4716 49 0
4717 0 3
4718 48 0
4719 0 48
4720 0 0
4721 49 0
4722 0 49
4723 49 49
4724 0 1
4725 0 48
4726 0 49
4727 48 49
4728 0 4
4729 49 49
4730 48 0
4731 0 3
4732 49 0
4733 0 48
4734 48 49
4735 0 49
4736 0 4
4737 0 48
4738 0 0
4739 0 49
4740 49 49
4741 0 3
4742 0 2
4743 0 48
4744 48 49
4745 0 3
4746 0 49
4747 48 0
4748 0 48
4749 0 2
4750 1 0
4751 0 49
4752 49 49
4753 49 0
4754 0 0
4755 48 0
4756 49 0
4757 1 0
4758 0 1
4759 2 0
4760 0 48
4761 48 0
4762 48 49
4763 49 0
4764 48 0
4765 0 49
4766 49 0
4767 0 0
4768 3 0
4769 49 49
4770 48 0
4771 0 48
4772 0 1
4773 2 0
4774 0 49
4775 1 0
4776 48 49
4777 49 49
4778 49 0
4779 48 49
4780 0 48
4781 0 49
4782 0 2
4783 0 1
4784 0 2
4785 48 0
4786 0 0
4787 49 0
4788 49 49
4789 48 49
4790 1 0
4791 49 49
4792 48 0
4793 0 1
4794 0 2
4795 48 49
4796 49 49
4797 0 48
4798 49 0
4799 0 0
4800 0 3
4801 0 2
4802 48 0
4803 48 49
4804 0 3
4805 0 1
4806 0 49
4807 49 49
4808 48 49
4809 0 4
4810 0 0
4811 49 49
4812 0 3
4813 0 1
4814 0 48
4815 0 4
4816 0 3
4817 49 0
4818 48 0
4819 0 49
4820 0 48
4821 0 4
4822 0 3
4823 49 0
4824 0 49
4825 0 0
4826 0 2
4827 0 48
4828 0 49
4829 1 0
4830 48 49
4831 0 48
4832 49 49
4833 0 0
4834 0 3
4835 48 0
4836 0 1
4837 49 0
4838 0 49
4839 0 4
4840 0 3
4841 0 48
4842 48 49
4843 0 4
4844 49 49
4845 0 49
4846 48 0
4847 49 0
4848 48 49
4849 48 0
4850 0 3
4851 49 49
4852 49 0
4853 0 4
4854 0 48
4855 0 0
4856 48 49
4857 0 1
4858 0 3
4859 0 49
4860 0 4
4861 48 0
4862 0 3
4863 0 48
4864 0 49
4865 0 0
4866 0 1
4867 0 0
4868 0 1
4869 0 0
4870 49 49
4871 48 49
4872 0 1
4873 49 0
4874 0 4
4875 0 48
4876 0 0
4877 0 49
4878 0 3
4879 0 1
4880 0 4
4881 0 3
4882 0 0
4883 49 49
4884 0 2
4885 48 49
4886 1 0
4887 49 49
4888 0 48
4889 0 49
4890 0 1
4891 48 49
4892 2 0
4893 48 0
4894 49 49
4895 1 0
4896 2 0
4897 49 0
4898 1 0
4899 0 48
4900 2 0
4901 1 0
4902 48 49
4903 48 0
4904 49 49
4905 49 0
4906 0 49
4907 2 0
4908 1 0
4909 0 2
4910 48 0
4911 49 0
4912 0 1
4913 0 2
4914 0 48
4915 0 0
4916 0 3
4917 0 1
4918 0 49
4919 0 4
4920 0 0
4921 0 48
4922 48 49
4923 48 0
4924 0 1
4925 0 49
4926 49 0
4927 0 48
4928 0 49
4929 49 49
4930 0 0
4931 0 1
4932 0 48
4933 48 49
4934 0 49
4935 0 3
4936 48 0
4937 0 0
4938 49 49
4939 0 2
4940 0 48
4941 49 0
4942 48 49
4943 48 0
4944 49 0
4945 0 49
4946 0 48
4947 0 3
4948 0 1
4949 0 49
4950 0 0
4951 0 2
4952 0 48
4953 48 0
4954 49 0
4955 0 3
4956 0 1
4957 48 0
4958 0 0
4959 0 2
4960 49 0
4961 0 49
4962 0 48
4963 0 3
4964 48 0
4965 0 2
4966 49 49
4967 48 49
4968 49 49
4969 49 0
4970 48 0
4971 49 0
4972 0 3
4973 0 1
4974 48 49
4975 0 4
4976 0 49
4977 49 49
4978 48 0
4979 0 48
4980 48 49
4981 0 49
4982 0 48
4983 49 0
4984 0 0
4985 0 1
4986 0 3
4987 0 4
4988 0 0
4989 49 49
4990 0 1
4991 0 0
4992 0 49
4993 48 0
4994 0 3
4995 0 2
4996 1 0
4997 0 48
4998 48 49
4999 49 0
5000 0 1
5001 48 0
5002 0 49
5003 0 2
5004 0 48
5005 0 0
5006 0 49
5007 0 48
5008 49 0
5009 48 0
5010 49 0
5011 49 49
5012 48 0
5013 48 49
5014 49 49
5015 48 49
5016 0 49
5017 0 48
5018 1 0
5019 49 0
5020 48 0
5021 0 0
5022 0 49
5023 0 48
5024 49 49
5025 49 0
5026 48 0
5027 49 0
5028 0 3
5029 48 0
5030 0 49
5031 0 2
5032 49 0
5033 48 0
5034 0 3
5035 49 0
5036 48 49
5037 0 2
5038 1 0
5039 0 48
5040 48 0
5041 0 49
5042 0 1
5043 2 0
5044 49 49
5045 48 49
5046 1 0
5047 0 48
5048 2 0
5049 0 0
5050 49 0
5051 0 1
5052 0 0
5053 0 1
5054 48 0
5055 1 0
5056 0 49
5057 49 49
5058 49 0
5059 48 0
5060 2 0
5061 0 0
5062 0 48
5063 48 49
5064 0 1
5065 49 49
5066 0 0
5067 0 1
5068 48 49
5069 49 49
5070 48 49
5071 1 0
5072 0 49
5073 49 0
5074 49 49
5075 2 0
5076 48 0
5077 0 48
5078 48 49
5079 1 0
5080 0 49
5081 2 0
5082 1 0
5083 0 48
5084 49 49
5085 48 49
5086 2 0
5087 49 0
5088 48 0
5089 0 0
5090 49 0
5091 0 49
5092 3 0
5093 0 48
5094 0 49
5095 48 0
5096 0 1
5097 49 49
5098 48 49
5099 49 0
5100 48 0
5101 49 49
5102 0 0
5103 48 49
5104 0 1
5105 0 0
5106 0 1
5107 49 49
5108 49 0
5109 48 0
5110 0 48
5111 48 49
5112 49 49
5113 48 49
5114 49 49
5115 0 0
5116 49 0
5117 0 1
5118 48 0
5119 48 49
5120 49 49
5121 0 49
5122 2 0
5123 1 0
5124 0 2
5125 48 49
5126 49 49
5127 0 0
5128 0 48
5129 0 49
5130 49 0
5131 0 3
5132 0 48
5133 0 1
5134 0 0
5135 0 49
5136 48 49
5137 49 49
5138 0 1
5139 0 0
5140 0 1
5141 0 4
5142 48 0
5143 0 48
5144 0 49
5145 0 0
5146 0 48
5147 49 0
5148 48 49
5149 49 49
5150 48 0
5151 0 49
5152 0 48
5153 48 49
5154 0 3
5155 0 1
5156 0 0
5157 0 2
5158 49 0
5159 48 0
5160 49 0
5161 0 49
5162 0 3
5163 0 48
5164 0 1
5165 0 4
5166 0 49
5167 0 0
5168 49 49
5169 48 49
5170 0 3
5171 49 49
5172 48 0
5173 48 49
5174 0 2
5175 49 49
5176 1 0
5177 48 49
5178 0 0
5179 49 49
5180 49 0
5181 1 0
5182 0 0
5183 48 49
5184 49 49
5185 0 48
5186 48 0
5187 48 49
5188 1 0
5189 0 0
5190 49 0
5191 49 49
5192 0 49
5193 0 3
5194 48 49
5195 0 48
5196 0 49
5197 48 0
5198 0 2
5199 0 3
5200 0 48
5201 0 2
5202 0 3
5203 0 49
5204 49 0
5205 0 48
5206 0 2
5207 0 49
5208 1 0
5209 0 0
5210 0 3
5211 0 1
5212 0 0
5213 0 1
5214 49 49
5215 48 49
5216 48 0
5217 0 0
5218 0 2
5219 0 3
5220 49 0
5221 0 48
5222 49 49
5223 0 49
5224 0 2
5225 1 0
5226 48 49
5227 48 0
5228 0 0
5229 0 48
5230 1 0
5231 0 0
5232 49 0
5233 1 0
5234 0 1
5235 2 0
5236 1 0
5237 0 49
5238 2 0
5239 0 48
5240 48 0
5241 1 0
5242 0 2
5243 49 49
5244 0 1
5245 49 0
5246 2 0
5247 0 0
5248 3 0
5249 2 0
5250 0 1
5251 0 0
5252 3 0
5253 48 0
5254 0 1
5255 49 0
5256 48 0
5257 48 49
5258 49 49
5259 0 0
5260 49 0
5261 0 49
5262 48 49
5263 2 0
5264 3 0
5265 2 0
5266 0 1
5267 1 0
5268 0 48
5269 0 2
5270 0 49
5271 0 0
5272 0 3
5273 48 0
5274 0 2
5275 0 48
5276 0 49
5277 1 0
5278 49 0
5279 0 1
5280 0 48
5281 48 0
5282 0 2
5283 0 49
5284 0 1
5285 49 0
5286 2 0
5287 48 0
5288 49 49
5289 49 0
5290 48 49
5291 49 49
5292 48 49
5293 1 0
5294 2 0
5295 49 49
5296 0 48
5297 48 49
5298 1 0
5299 0 49
5300 0 2
5301 0 48
5302 0 1
5303 0 49
5304 48 0
5305 49 0
5306 48 0
5307 2 0
5308 0 48
5309 0 0
5310 49 49
5311 48 49
5312 49 49
5313 48 49
5314 3 0
5315 2 0
5316 0 1
5317 0 0
5318 0 49
5319 49 49
5320 3 0
5321 48 49
5322 49 0
5323 0 1
5324 49 49
5325 0 0
5326 0 1
5327 0 48
5328 0 49
5329 0 0
5330 0 48
5331 0 1
5332 2 0
5333 48 49
5334 1 0
5335 2 0
5336 49 49
5337 1 0
5338 0 2
5339 48 49
5340 48 0
5341 0 0
5342 49 49
5343 0 49
5344 0 3
5345 48 49
5346 0 2
5347 0 3
5348 0 1
5349 0 48
5350 0 0
5351 0 2
5352 0 3
5353 49 49
5354 49 0
5355 48 0
5356 48 49
5357 49 49
5358 0 1
5359 0 0
5360 0 2
5361 0 3
5362 0 2
5363 49 0
5364 48 0
5365 1 0
5366 49 0
5367 0 49
5368 0 1
5369 2 0
5370 0 0
5371 48 0
5372 3 0
5373 2 0
5374 3 0
5375 49 0
5376 0 1
5377 0 48
5378 0 49
5379 48 49
5380 49 49
5381 48 0
5382 0 48
5383 48 49
5384 2 0
5385 49 49
5386 49 0
5387 1 0
5388 48 49
5389 48 0
5390 0 2
5391 49 0
5392 0 49
5393 48 0
5394 49 49
5395 0 0
5396 0 3
5397 49 0
5398 48 0
5399 0 2
5400 1 0
5401 0 0
5402 48 49
5403 0 3
5404 49 0
5405 49 49
5406 0 48
5407 48 0
5408 0 1
5409 49 0
5410 0 4
5411 0 49
5412 0 0
5413 0 48
5414 48 49
5415 49 49
5416 48 0
5417 0 3
5418 0 1
5419 0 0
5420 0 49
5421 48 49
5422 49 49
5423 0 1
5424 0 0
5425 49 0
5426 0 2
5427 48 0
5428 48 49
5429 0 3
5430 49 0
5431 0 48
5432 48 0
5433 0 2
5434 49 49
5435 0 3
5436 0 49
5437 48 49
5438 49 0
5439 49 49
5440 48 0
5441 0 1
5442 0 4
5443 0 48
5444 0 49
5445 0 0
5446 0 3
5447 0 48
5448 0 1
5449 0 49
5450 48 49
5451 0 48
5452 49 49
5453 49 0
5454 48 0
5455 49 0
5456 48 0
5457 48 49
5458 0 0
5459 49 49
5460 0 2
5461 0 3
5462 0 2
5463 48 49
5464 0 3
5465 0 2
5466 1 0
5467 0 1
5468 0 49
5469 49 0
5470 0 48
5471 2 0
5472 0 0
5473 48 0
5474 0 49
5475 3 0
5476 49 49
5477 0 1
5478 2 0
5479 1 0
5480 2 0
5481 1 0
5482 2 0
5483 1 0
5484 49 0
5485 48 0
5486 48 49
5487 49 0
5488 49 49
5489 48 49
5490 0 48
5491 2 0
5492 48 0
5493 1 0
5494 49 49
5495 2 0
5496 0 0
5497 0 49
5498 0 1
5499 0 0
5500 49 0
5501 3 0
5502 0 48
5503 0 49
5504 0 1
5505 48 49
5506 48 0
5507 49 0
5508 2 0
5509 48 0
5510 49 0
5511 0 0
5512 48 0
5513 49 0
5514 0 1
5515 48 0
5516 0 48
5517 0 0
5518 49 0
5519 0 49
5520 0 1
5521 0 48
5522 0 0
5523 0 1
5524 0 0
5525 49 49
5526 0 1
5527 0 0
5528 0 1
5529 1 0
5530 2 0
5531 48 0
5532 0 0
5533 0 1
5534 1 0
5535 2 0
5536 1 0
5537 2 0
5538 0 49
5539 48 49
5540 49 0
5541 1 0
5542 2 0
5543 48 0
5544 49 49
5545 49 0
5546 48 0
5547 0 0
5548 0 48
5549 49 0
5550 48 0
5551 3 0
5552 48 49
5553 0 1
5554 0 49
5555 49 49
5556 48 49
5557 49 0
5558 48 0
5559 0 0
5560 0 1
5561 2 0
5562 0 0
5563 0 1
5564 49 49
5565 1 0
5566 48 49
5567 0 48
5568 0 2
5569 0 1
5570 0 49
5571 0 48
5572 2 0
5573 49 49
5574 48 49
5575 0 49
5576 0 0
5577 3 0
5578 2 0
5579 49 49
5580 0 48
5581 0 49
5582 0 1
5583 49 0
5584 0 48
5585 0 49
5586 0 0
5587 48 49
5588 0 1
5589 48 0
5590 0 0
5591 0 1
5592 0 0
5593 49 0
5594 49 49
5595 0 1
5596 0 48
5597 48 0
5598 0 49
5599 0 0
5600 3 0
5601 2 0
5602 3 0
5603 49 0
5604 2 0
5605 0 48
5606 0 49
5607 48 49
5608 48 0
5609 49 0
5610 0 1
5611 49 49
5612 48 0
5613 1 0
5614 49 0
5615 0 2
5616 48 0
5617 0 0
5618 0 48
5619 0 3
5620 0 1
5621 0 0
5622 0 2
5623 49 0
5624 48 49
5625 48 0
5626 49 0
5627 49 49
5628 0 49
5629 48 49
5630 49 49
5631 0 3
5632 0 1
5633 48 49
5634 48 0
5635 0 48
5636 0 0
5637 0 2
5638 0 3
5639 49 49
5640 0 2
5641 48 49
5642 0 3
5643 0 1
5644 49 0
5645 48 0
5646 49 0
5647 49 49
5648 0 4
5649 0 0
5650 0 49
5651 0 1
5652 48 49
5653 49 49
5654 0 48
5655 0 0
5656 0 1
5657 48 49
5658 0 49
5659 0 3
5660 0 0
5661 0 48
5662 0 1
5663 0 4
5664 0 0
5665 48 0
5666 49 0
5667 0 49
5668 0 3
5669 0 2
5670 0 3
5671 0 48
5672 0 1
5673 49 49
5674 0 4
5675 0 49
5676 48 0
5677 0 48
5678 0 49
5679 0 0
5680 0 1
5681 0 48
5682 0 0
5683 0 3
5684 0 1
5685 49 0
5686 0 49
5687 0 0
5688 0 48
5689 0 2
5690 48 0
5691 0 49
5692 0 3
5693 48 49
5694 0 2
5695 49 0
5696 1 0
5697 0 48
5698 0 1
5699 48 0
5700 0 49
5701 0 2
5702 0 0
5703 1 0
5704 0 1
5705 49 49
5706 49 0
5707 2 0
5708 0 48
5709 0 0
5710 48 0
5711 3 0
5712 49 0
5713 0 49
5714 0 48
5715 2 0
5716 3 0
5717 48 49
5718 0 49
5719 0 48
5720 2 0
5721 0 49
5722 3 0
5723 2 0
5724 49 49
5725 48 49
5726 0 48
5727 49 49
5728 3 0
5729 48 49
5730 0 49
5731 48 0
5732 49 49
5733 49 0
5734 48 0
5735 48 49
5736 0 48
5737 2 0
5738 49 0
5739 3 0
5740 48 0
5741 49 49
5742 0 49
5743 49 0
5744 0 48
5745 0 49
5746 2 0
5747 0 48
5748 48 49
5749 49 49
5750 0 1
5751 0 49
5752 0 48
5753 0 49
5754 48 49
5755 49 49
5756 1 0
5757 0 48
5758 48 0
5759 48 49
5760 49 0
5761 0 49
5762 0 2
5763 0 48
5764 49 49
5765 0 0
5766 0 49
5767 48 49
5768 0 48
5769 48 0
5770 0 3
5771 0 2
5772 49 49
5773 49 0
5774 48 0
5775 1 0
5776 0 49
5777 0 1
5778 48 49
5779 49 49
5780 0 2
5781 0 48
5782 0 49
5783 0 1
5784 49 0
5785 0 48
5786 0 2
5787 48 0
5788 48 49
5789 0 49
5790 0 48
5791 49 0
5792 0 0
5793 49 49
5794 48 0
5795 0 49
5796 48 49
5797 49 49
5798 49 0
5799 48 0
5800 48 49
5801 49 0
5802 0 3
5803 0 2
5804 0 48
5805 48 0
5806 0 3
5807 0 1
5808 49 49
5809 49 0
5810 48 49
5811 0 49
5812 0 0
5813 49 49
5814 0 48
5815 0 1
5816 0 49
5817 0 0
5818 0 2
5819 48 49
5820 1 0
5821 0 1
5822 0 48
5823 49 49
5824 48 49
5825 48 0
5826 49 49
5827 0 2
5828 49 0
5829 48 49
5830 0 49
5831 0 48
5832 48 0
5833 49 0
5834 48 0
5835 0 0
5836 49 49
5837 0 3
5838 0 49
5839 0 48
5840 48 49
5841 0 2
5842 0 3
5843 49 49
5844 0 2
5845 0 49
5846 48 49
5847 0 48
5848 49 49
5849 0 49
5850 1 0
5851 0 0
5852 0 48
5853 0 3
5854 0 1
5855 48 49
5856 49 49
5857 0 0
5858 0 49
5859 0 2
5860 48 49
5861 0 3
5862 0 48
5863 49 49
5864 49 0
5865 0 2
5866 0 3
5867 48 49
5868 0 49
5869 48 0
5870 49 0
5871 48 0
5872 0 2
5873 0 48
5874 49 0
5875 0 49
5876 48 0
5877 1 0
5878 0 48
5879 0 1
5880 49 49
5881 48 49
5882 49 0
5883 48 0
5884 49 0
5885 48 0
5886 2 0
5887 0 49
5888 49 49
5889 1 0
5890 2 0
5891 0 48
5892 0 49
5893 1 0
5894 0 2
5895 0 48
5896 49 0
5897 48 0
5898 0 1
5899 49 0
5900 2 0
5901 48 49
5902 0 49
5903 48 0
5904 0 0
5905 0 48
5906 3 0
5907 0 1
5908 49 0
5909 48 0
5910 0 49
5911 0 0
5912 0 1
5913 0 48
5914 49 0
5915 2 0
5916 0 49
5917 1 0
5918 0 2
5919 49 49
5920 0 1
5921 0 2
5922 0 1
5923 2 0
5924 1 0
5925 48 0
5926 2 0
5927 48 49
5928 1 0
5929 0 2
5930 49 49
5931 49 0
5932 0 48
5933 0 0
5934 0 3
5935 0 1
5936 48 49
5937 49 49
5938 0 4
5939 48 0
5940 48 49
5941 49 0
5942 0 49
5943 0 3
5944 49 49
5945 0 48
5946 0 0
5947 0 49
5948 0 2
5949 1 0
5950 48 0
5951 49 0
5952 0 0
5953 1 0
5954 48 49
5955 49 49
5956 48 0
5957 0 0
5958 0 3
5959 0 1
5960 0 48
5961 0 49
5962 0 48
5963 49 0
5964 0 0
5965 48 0
5966 49 0
5967 0 2
5968 48 49
5969 0 49
5970 1 0
5971 0 48
5972 0 49
5973 0 0
5974 49 49
5975 0 48
5976 48 49
5977 49 49
5978 48 49
5979 49 49
5980 48 0
5981 0 3
5982 48 49
5983 0 1
5984 0 49
5985 49 49
5986 49 0
5987 0 0
5988 48 0
5989 0 2
5990 49 0
5991 1 0
5992 0 0
5993 48 0
5994 48 49
5995 1 0
5996 0 0
5997 49 0
5998 49 49
5999 48 0
6000 1 0
6001 0 0
6002 49 0
6003 48 49
6004 49 49
6005 1 0
6006 0 0
6007 0 3
6008 48 0
6009 48 49
6010 49 49
6011 0 2
6012 0 3
6013 0 1
6014 0 0
6015 0 1
6016 49 0
6017 48 0
6018 0 0
6019 0 48
6020 0 1
6021 48 49
6022 49 49
6023 49 0
6024 0 4
6025 0 0
6026 0 3
6027 0 1
6028 48 0
6029 0 4
6030 0 3
6031 0 0
6032 0 1
6033 0 49
6034 0 4
6035 48 49
6036 0 0
6037 49 0
6038 0 48
6039 0 1
6040 0 0
6041 49 49
6042 48 49
6043 0 1
6044 48 0
6045 49 49
6046 0 0
6047 0 3
6048 0 2
6049 0 3
6050 0 49
6051 0 48
6052 0 49
6053 0 1
6054 0 48
6055 48 49
6056 49 0
6057 0 0
6058 0 1
6059 49 49
6060 0 49
6061 0 4
6062 48 0
6063 48 49
6064 0 48
6065 0 0
6066 49 0
6067 49 49
6068 0 49
6069 0 1
6070 0 0
6071 0 3
6072 48 0
6073 0 1
6074 0 48
6075 0 0
6076 0 49
6077 0 1
6078 0 4
6079 0 0
6080 49 0
6081 0 3
6082 48 49
6083 0 1
6084 48 0
6085 49 0
6086 0 4
6087 0 48
6088 0 49
6089 0 48
6090 0 3
6091 48 0
6092 0 4
6093 0 0
6094 0 49
6095 0 3
6096 49 0
6097 0 48
6098 0 1
6099 0 4
6100 49 49
6101 0 3
6102 0 49
6103 48 0
6104 0 4
6105 0 3
6106 0 48
6107 0 4
6108 0 3
6109 0 4
6110 0 49
6111 49 0
6112 0 48
6113 48 0
6114 0 0
6115 48 49
6116 0 49
6117 0 1
6118 0 0
6119 0 48
6120 0 49
6121 0 1
6122 0 0
6123 49 0
6124 49 49
6125 0 48
6126 48 0
6127 49 0
6128 0 3
6129 48 49
6130 0 49
6131 0 48
6132 48 0
6133 49 0
6134 0 2
6135 1 0
6136 0 0
6137 0 3
6138 0 2
6139 0 49
6140 48 0
6141 49 49
6142 48 49
6143 49 49
6144 0 3
6145 0 48
6146 0 1
6147 0 4
6148 0 3
6149 0 4
6150 0 3
6151 0 4
6152 48 49
6153 0 0
6154 0 1
6155 0 49
6156 0 3
6157 49 0
6158 48 0
6159 0 0
6160 0 2
6161 49 49
6162 1 0
6163 0 0
6164 49 0
6165 48 49
6166 1 0
6167 48 0
6168 49 49
6169 48 49
6170 0 0
6171 1 0
6172 0 48
6173 0 0
6174 0 3
6175 0 1
6176 0 4
6177 0 3
6178 49 49
6179 0 0
6180 0 49
6181 0 2
6182 1 0
6183 0 1
6184 0 48
6185 49 0
6186 2 0
6187 0 49
6188 1 0
6189 0 48
6190 48 49
6191 49 49
6192 2 0
6193 1 0
6194 0 2
6195 0 1
6196 2 0
6197 1 0
6198 0 2
6199 0 1
6200 2 0
6201 0 49
6202 1 0
6203 48 49
6204 48 0
6205 0 48
6206 49 49
6207 2 0
6208 1 0
6209 48 49
6210 49 49
6211 0 2
6212 49 0
6213 0 49
6214 48 49
6215 0 1
6216 0 48
6217 49 49
6218 48 0
6219 0 2
6220 48 49
6221 0 49
6222 0 48
6223 0 0
6224 49 0
6225 48 0
6226 0 49
6227 0 48
6228 0 3
6229 0 1
6230 0 4
6231 49 0
6232 0 3
6233 48 0
6234 49 49
6235 0 49
6236 48 49
6237 0 0
6238 0 2
6239 1 0
6240 49 49
6241 49 0
6242 48 49
6243 0 1
6244 2 0
6245 0 0
6246 49 49
6247 0 48
6248 48 0
6249 0 49
6250 0 1
6251 0 48
6252 0 49
6253 49 0
6254 1 0
6255 48 0
6256 0 48
6257 0 49
6258 48 49
6259 0 48
6260 2 0
6261 1 0
6262 0 49
6263 49 0
6264 0 2
6265 48 0
6266 0 0
6267 49 49
6268 48 49
6269 1 0
6270 0 1
6271 0 2
6272 0 48
6273 0 0
6274 0 49
6275 49 49
6276 0 48
6277 48 49
6278 49 0
6279 48 0
6280 0 3
6281 0 49
6282 49 49
6283 0 48
6284 48 49
6285 49 0
6286 0 49
6287 0 1
6288 48 0
6289 0 0
6290 49 0
6291 0 2
6292 48 0
6293 0 3
6294 0 1
6295 0 48
6296 49 0
6297 0 4
6298 48 0
6299 49 0
6300 48 0
6301 0 3
6302 0 0
6303 49 0
6304 49 49
6305 48 49
6306 0 49
6307 49 49
6308 0 48
6309 48 49
6310 48 0
6311 0 49
6312 49 49
6313 0 48
6314 0 49
6315 0 2
6316 48 49
6317 0 3
6318 0 48
6319 0 49
6320 0 48
6321 49 0
6322 0 2
6323 0 3
6324 48 0
6325 0 2
6326 49 49
6327 49 0
6328 48 49
6329 48 0
6330 1 0
6331 49 49
6332 0 49
6333 0 1
6334 48 49
6335 2 0
6336 0 48
6337 1 0
6338 49 0
6339 0 2
6340 0 49
6341 0 1
6342 0 48
6343 49 49
6344 0 2
6345 0 0
6346 48 49
6347 1 0
6348 48 0
6349 0 1
6350 2 0
6351 49 49
6352 49 0
6353 48 0
6354 0 49
6355 1 0
6356 2 0
6357 0 0
6358 0 1
6359 0 48
6360 49 0
6361 0 49
6362 0 0
6363 48 0
6364 49 0
6365 48 49
6366 48 0
6367 49 0
6368 0 48
6369 48 0
6370 49 49
6371 0 49
6372 49 0
6373 48 0
6374 3 0
6375 0 48
6376 49 0
6377 0 49
6378 2 0
6379 3 0
6380 48 49
6381 0 1
6382 49 49
6383 0 48
6384 0 49
6385 0 48
6386 48 49
6387 48 0
6388 0 0
6389 2 0
6390 3 0
6391 0 1
6392 49 0
6393 49 49
6394 48 49
6395 48 0
6396 49 49
6397 0 0
6398 49 0
6399 0 1
6400 48 49
6401 0 0
6402 2 0
6403 0 1
6404 48 0
6405 0 0
6406 49 49
6407 49 0
6408 3 0
6409 0 49
6410 48 0
6411 0 48
6412 49 0
6413 0 49
6414 2 0
6415 3 0
6416 0 48
6417 0 1
6418 2 0
6419 0 0
6420 48 0
6421 3 0
6422 0 1
6423 49 0
6424 0 49
6425 48 49
6426 49 49
6427 48 0
6428 2 0
6429 1 0
6430 48 49
6431 0 2
6432 49 0
6433 48 0
6434 49 49
6435 0 0
6436 49 0
6437 0 3
6438 48 49
6439 0 2
6440 1 0
6441 0 48
6442 0 1
6443 2 0
6444 48 0
6445 0 0
6446 49 0
6447 3 0
6448 0 1
6449 48 0
6450 49 0
6451 2 0
6452 49 49
6453 1 0
6454 48 49
6455 0 2
6456 49 49
6457 48 0
6458 48 49
6459 0 0
6460 0 49
6461 0 3
6462 0 48
6463 0 1
6464 0 49
6465 0 0
6466 49 49
6467 49 0
6468 48 49
6469 0 2
6470 1 0
6471 0 0
6472 0 3
6473 0 1
6474 0 4
6475 0 3
6476 0 0
6477 48 0
6478 49 0
6479 49 49
6480 48 0
6481 49 0
6482 0 2
6483 0 3
6484 0 1
6485 0 4
6486 48 49
6487 49 49
6488 48 49
6489 0 0
6490 48 0
6491 0 3
6492 0 1
6493 0 0
6494 0 48
6495 0 1
6496 0 49
6497 0 48
6498 49 0
6499 48 0
6500 0 0
6501 0 49
6502 0 1
6503 0 48
6504 0 4
6505 0 3
6506 49 49
6507 0 0
6508 0 2
6509 1 0
6510 49 0
6511 0 49
6512 0 1
6513 0 2
6514 0 48
6515 0 0
6516 0 3
6517 0 2
6518 48 49
6519 1 0
6520 0 0
6521 0 49
6522 48 0
6523 0 3
6524 49 49
6525 49 0
6526 48 49
6527 0 1
6528 0 4
6529 49 49
6530 0 3
6531 48 0
6532 0 48
6533 49 0
6534 48 0
6535 49 0
6536 0 0
6537 48 0
6538 48 49
6539 49 0
6540 49 49
6541 48 49
6542 0 49
6543 49 49
6544 0 2
6545 0 3
6546 48 49
6547 49 49
6548 0 48
6549 0 49
6550 0 48
6551 48 49
6552 0 2
6553 0 49
6554 1 0
6555 49 49
6556 48 0
6557 48 49
6558 0 0
6559 49 0
6560 0 3
6561 0 48
6562 0 49
6563 0 48
6564 0 2
6565 49 49
6566 0 3
6567 48 49
6568 0 2
6569 48 0
6570 49 49
6571 48 49
6572 49 0
6573 0 3
6574 49 49
6575 0 49
6576 0 48
6577 0 2
6578 1 0
6579 48 0
6580 0 1
6581 0 49
6582 0 48
6583 49 0
6584 0 2
6585 0 49
6586 0 48
6587 0 1
6588 48 49
6589 2 0
6590 0 0
6591 3 0
6592 2 0
6593 0 1
6594 0 0
6595 0 49
6596 0 48
6597 0 1
6598 0 0
6599 3 0
6600 48 0
6601 2 0
6602 49 0
6603 0 49
6604 0 1
6605 0 48
6606 1 0
6607 0 2
6608 0 1
6609 49 49
6610 48 0
6611 48 49
6612 2 0
6613 49 0
6614 0 0
6615 49 49
6616 3 0
6617 0 49
6618 48 49
6619 49 49
6620 2 0
6621 48 49
6622 0 1
6623 0 0
6624 3 0
6625 49 49
6626 48 49
6627 2 0
6628 48 0
6629 0 1
6630 0 48
6631 1 0
6632 49 0
6633 0 2
6634 48 0
6635 0 0
6636 49 49
6637 49 0
6638 1 0
6639 48 49
6640 49 49
6641 48 49
6642 48 0
6643 0 1
6644 49 49
6645 48 49
6646 0 2
6647 49 0
6648 0 49
6649 0 48
6650 0 49
6651 0 0
6652 1 0
6653 0 0
6654 1 0
6655 48 0
6656 0 48
6657 0 0
6658 0 3
6659 49 49
6660 0 49
6661 0 1
6662 0 48
6663 0 49
6664 0 4
6665 49 0
6666 0 3
6667 0 48
6668 0 49
6669 0 4
6670 48 49
6671 0 3
6672 48 0
6673 49 49
6674 0 0
6675 0 2
6676 0 3
6677 48 49
6678 0 1
6679 49 49
6680 0 48
6681 0 4
6682 49 0
6683 48 0
6684 0 0
6685 0 49
6686 0 1
6687 0 0
6688 0 48
6689 48 49
6690 0 49
6691 0 1
6692 49 0
6693 48 0
6694 0 0
6695 0 3
6696 0 2
6697 49 49
6698 0 3
6699 0 48
6700 0 49
6701 49 0
6702 0 1
6703 0 4
6704 48 0
6705 0 48
6706 49 0
6707 48 49
6708 0 0
6709 0 1
6710 0 49
6711 0 0
6712 0 3
6713 0 1
6714 0 48
6715 0 0
6716 49 49
6717 48 49
6718 0 49
6719 0 48
6720 0 1
6721 0 4
6722 48 0
6723 0 3
6724 49 49
6725 0 0
6726 0 2
6727 0 3
6728 0 1
6729 0 4
6730 49 0
6731 0 3
6732 0 0
6733 0 1
6734 0 49
6735 48 0
6736 48 49
6737 0 48
6738 49 0
6739 49 49
6740 48 0
6741 48 49
6742 0 0
6743 0 1
6744 0 49
6745 0 4
6746 49 49
6747 0 0
6748 0 48
6749 0 49
6750 48 49
6751 0 1
6752 0 3
6753 0 4
6754 49 0
6755 0 0
6756 0 3
6757 0 48
6758 0 1
6759 0 0
6760 0 1
6761 48 0
6762 0 4
6763 0 3
6764 0 4
6765 0 49
6766 0 3
6767 0 48
6768 49 0
6769 0 49
6770 0 48
6771 0 4
6772 0 0
6773 0 49
6774 0 1
6775 0 3
6776 0 4
6777 0 48
6778 48 0
6779 0 3
6780 49 0
6781 48 0
6782 0 4
6783 0 0
6784 0 49
6785 0 48
6786 0 1
6787 49 49
6788 0 0
6789 0 1
6790 0 0
6791 48 49
6792 49 0
6793 48 0
6794 49 49
6795 0 49
6796 49 0
6797 0 48
6798 0 49
6799 0 3
6800 48 0
6801 0 2
6802 1 0
6803 0 48
6804 0 49
6805 49 0
6806 0 48
6807 48 49
6808 48 0
6809 0 49
6810 0 0
6811 0 3
6812 49 0
6813 0 1
6814 0 48
6815 48 0
6816 49 49
6817 48 49
6818 49 49
6819 48 49
6820 0 49
6821 0 4
6822 49 49
6823 0 0
6824 0 1
6825 48 49
6826 49 0
6827 0 0
6828 0 48
6829 49 49
6830 0 1
6831 48 0
6832 49 0
6833 48 0
6834 0 49
6835 48 49
6836 0 3
6837 49 0
6838 0 0
6839 0 2
6840 49 49
6841 48 0
6842 48 49
6843 0 48
6844 0 3
6845 0 2
6846 0 49
6847 0 3
6848 49 0
6849 48 0
6850 0 48
6851 0 1
6852 0 4
6853 0 49
6854 0 3
6855 0 48
6856 49 49
6857 49 0
6858 0 4
6859 48 0
6860 48 49
6861 49 49
6862 0 49
6863 48 49
6864 0 0
6865 49 49
6866 0 3
6867 0 1
6868 0 48
6869 48 49
6870 49 0
6871 0 0
6872 0 1
6873 48 0
6874 0 4
6875 0 3
6876 49 0
6877 48 0
6878 49 49
6879 48 49
6880 49 49
6881 0 49
6882 0 48
6883 48 49
6884 49 0
6885 0 0
6886 0 49
6887 0 1
6888 0 48
6889 49 49
6890 0 4
6891 0 0
6892 0 3
6893 0 2
6894 1 0
6895 48 49
6896 0 49
6897 0 1
6898 0 48
6899 48 0
6900 49 0
6901 0 49
6902 49 49
6903 0 2
6904 48 49
6905 0 48
6906 49 49
6907 0 1
6908 2 0
6909 0 49
6910 48 0
6911 48 49
6912 0 0
6913 49 0
6914 0 48
6915 49 49
6916 0 1
6917 48 49
6918 49 49
6919 1 0
6920 0 49
6921 2 0
6922 48 49
6923 0 48
6924 49 49
6925 0 49
6926 0 48
6927 48 49
6928 1 0
6929 48 0
6930 49 49
6931 48 49
6932 49 0
6933 48 0
6934 0 49
6935 2 0
6936 49 0
6937 49 49
6938 0 0
6939 48 0
6940 3 0
6941 0 48
6942 49 0
6943 48 49
6944 49 49
6945 0 1
6946 0 49
6947 0 0
6948 0 48
6949 48 0
6950 0 1
6951 0 49
6952 0 0
6953 48 49
6954 2 0
6955 49 0
6956 0 48
6957 3 0
6958 2 0
6959 49 49
6960 3 0
6961 0 1
6962 0 49
6963 0 48
6964 0 0
6965 0 49
6966 48 0
6967 49 0
6968 2 0
6969 48 49
6970 0 1
6971 0 48
6972 49 49
6973 48 49
6974 48 0
6975 49 0
6976 49 49
6977 48 0
6978 49 0
6979 1 0
6980 48 0
6981 0 49
6982 49 0
6983 0 48
6984 0 49
6985 0 48
6986 48 0
6987 0 2
6988 48 49
6989 0 0
6990 49 49
6991 0 49
6992 1 0
6993 0 48
6994 0 0
6995 48 49
6996 1 0
6997 0 1
6998 0 2
6999 0 0
7000 0 3
7001 0 2
7002 49 49
7003 48 49
7004 49 0
7005 0 49
7006 48 0
7007 49 49
7008 0 48
7009 0 49
7010 1 0
7011 49 0
7012 0 48
7013 0 0
7014 1 0
7015 48 0
7016 0 49
7017 0 0
7018 1 0
7019 0 1
7020 48 49
7021 0 2
7022 49 0
7023 0 48
7024 48 0
7025 49 49
7026 0 49
7027 49 0
7028 0 0
7029 0 3
7030 0 1
7031 0 48
7032 48 49
7033 48 0
7034 0 49
7035 49 49
7036 49 0
7037 0 48
7038 0 0
7039 0 1
7040 48 49
7041 49 49
7042 0 0
7043 48 0
7044 0 1
7045 0 49
7046 0 0
7047 0 48
7048 0 49
7049 0 1
7050 0 0
7051 0 1
7052 0 48
7053 0 4
7054 0 0
7055 0 49
7056 48 49
7057 0 3
7058 0 2
7059 1 0
7060 49 49
7061 49 0
7062 0 48
7063 0 1
7064 48 49
7065 49 49
7066 0 2
7067 48 0
7068 49 0
7069 0 49
7070 0 1
7071 0 48
7072 0 49
7073 0 48
7074 48 0
7075 2 0
7076 0 0
7077 3 0
7078 2 0
7079 0 49
7080 49 0
7081 0 48
7082 0 1
7083 0 0
7084 48 49
7085 49 49
7086 0 49
7087 0 1
7088 0 0
7089 3 0
7090 0 1
7091 0 0
7092 0 48
7093 48 0
7094 0 49
7095 49 0
7096 48 0
7097 49 0
7098 0 48
7099 0 1
7100 0 49
7101 2 0
7102 0 48
7103 48 49
7104 0 49
7105 0 48
7106 0 0
7107 0 1
7108 0 49
7109 49 49
7110 0 48
7111 0 0
7112 0 49
7113 48 0
7114 0 1
7115 0 48
7116 49 0
7117 1 0
7118 0 49
7119 0 48
7120 48 0
7121 49 0
7122 0 2
7123 48 49
7124 0 1
7125 49 49
7126 0 49
7127 48 0
7128 49 0
7129 2 0
7130 0 48
7131 48 49
7132 48 0
7133 1 0
7134 49 49
7135 0 2
7136 0 49
7137 49 0
7138 0 48
7139 48 49
7140 0 1
7141 49 49
7142 2 0
7143 0 49
7144 0 48
7145 0 49
7146 0 0
7147 3 0
7148 0 1
7149 0 0
7150 0 1
7151 48 0
7152 0 0
7153 2 0
7154 0 48
7155 0 49
7156 0 48
7157 0 1
7158 49 0
7159 1 0
7160 0 49
7161 0 48
7162 0 49
7163 0 48
7164 2 0
7165 48 49
7166 0 0
7167 3 0
7168 49 49
7169 0 49
7170 0 1
7171 48 0
7172 48 49
7173 2 0
7174 49 0
7175 49 49
7176 48 0
7177 49 0
7178 0 48
7179 48 49
7180 48 0
7181 49 0
7182 1 0
7183 48 0
7184 2 0
7185 1 0
7186 49 0
7187 49 49
7188 0 49
7189 0 48
7190 2 0
7191 48 0
7192 0 0
7193 3 0
7194 2 0
7195 0 1
7196 48 49
7197 49 49
7198 49 0
7199 0 49
7200 1 0
7201 0 2
7202 0 48
7203 0 49
7204 48 0
7205 0 1
7206 0 48
7207 48 49
7208 2 0
7209 0 49
7210 49 49
7211 48 49
7212 0 48
7213 49 0
7214 49 49
7215 0 0
7216 0 1
7217 1 0
7218 0 49
7219 48 0
7220 0 48
7221 49 0
7222 0 49
7223 0 48
7224 2 0
7225 48 0
7226 0 49
7227 0 0
7228 0 48
7229 48 49
7230 3 0
7231 0 1
7232 0 0
7233 49 0
7234 49 49
7235 0 1
7236 0 0
7237 0 49
7238 0 48
7239 0 49
7240 48 49
7241 48 0
7242 49 49
7243 49 0
7244 2 0
7245 48 49
7246 0 1
7247 1 0
7248 49 49
7249 0 48
7250 0 2
7251 48 49
7252 49 49
7253 48 49
7254 0 0
7255 0 3
7256 0 2
7257 48 0
7258 0 3
7259 49 49
7260 0 1
7261 49 0
7262 0 0
7263 48 49
7264 0 1
7265 0 49
7266 49 49
7267 0 4
7268 0 48
7269 0 3
7270 48 0
7271 0 4
7272 49 0
7273 48 49
7274 49 49
7275 0 0
7276 0 1
7277 48 0
7278 0 49
7279 0 3
7280 48 49
7281 0 4
7282 49 0
7283 0 0
7284 0 1
7285 0 48
7286 48 0
7287 49 0
7288 0 3
7289 0 4
7290 0 49
7291 0 3
7292 0 48
7293 48 0
7294 0 4
7295 0 3
7296 0 4
7297 49 0
7298 0 0
7299 0 1
7300 48 0
7301 0 0
7302 49 49
7303 0 49
7304 48 49
7305 0 48
7306 0 1
7307 0 3
7308 0 4
7309 0 0
7310 49 0
7311 48 0
7312 49 0
7313 49 49
7314 0 1
7315 0 0
7316 0 49
7317 48 0
7318 0 3
7319 48 49
7320 0 1
7321 49 0
7322 0 48
7323 0 4
7324 0 3
7325 0 4
7326 48 0
7327 0 3
7328 0 4
7329 0 49
7330 0 3
7331 0 0
7332 49 49
7333 0 1
7334 49 0
7335 0 48
7336 0 0
7337 0 49
7338 48 0
7339 0 1
7340 49 0
7341 0 0
7342 0 1
7343 0 48
7344 0 49
7345 0 4
7346 48 0
7347 48 49
7348 0 0
7349 49 0
7350 48 0
7351 0 3
7352 0 1
7353 0 0
7354 0 48
7355 0 49
7356 49 49
7357 48 49
7358 49 0
7359 49 49
7360 0 48
7361 48 0
7362 0 1
7363 0 49
7364 48 49
7365 0 4
7366 49 0
7367 0 48
7368 48 0
7369 0 0
7370 49 49
7371 0 3
7372 0 49
7373 49 0
7374 0 2
7375 48 0
7376 49 0
7377 0 3
7378 0 48
7379 48 0
7380 0 49
7381 49 0
7382 0 1
7383 0 4
7384 48 49
7385 0 3
7386 49 49
7387 0 4
7388 48 49
7389 49 49
7390 0 3
7391 48 0
7392 48 49
7393 0 48
7394 0 4
7395 49 49
7396 48 49
7397 0 49
7398 49 49
7399 49 0
7400 48 0
7401 0 48
7402 0 3
7403 0 4
7404 0 49
7405 0 48
7406 0 3
7407 0 4
7408 0 49
7409 49 0
7410 0 0
7411 0 48
7412 0 49
7413 0 48
7414 48 0
7415 0 1
7416 49 0
7417 0 0
7418 0 49
7419 0 3
7420 48 49
7421 49 49
7422 0 1
7423 0 4
7424 48 0
7425 49 0
7426 48 49
7427 48 0
7428 0 48
7429 0 3
7430 49 0
7431 49 49
7432 0 49
7433 0 48
7434 48 49
7435 49 49
7436 48 0
7437 49 0
7438 0 0
7439 48 49
7440 49 49
7441 48 0
7442 0 49
7443 0 1
7444 0 4
7445 49 0
7446 0 48
7447 0 0
7448 0 3
7449 0 1
7450 0 4
7451 0 49
7452 0 48
7453 0 49
7454 48 0
7455 0 3
7456 48 49
7457 0 0
7458 49 49
7459 0 48
7460 0 1
7461 0 49
7462 49 0
7463 0 0
7464 0 1
7465 48 0
7466 0 4
7467 49 0
7468 48 49
7469 48 0
7470 0 0
7471 0 1
7472 0 48
7473 0 3
7474 0 4
7475 0 3
7476 49 49
7477 0 4
7478 0 0
7479 0 3
7480 49 0
7481 48 49
7482 0 49
7483 48 0
7484 0 48
7485 0 49
7486 49 49
7487 0 2
7488 1 0
7489 0 1
7490 0 2
7491 0 1
7492 48 49
7493 0 2
7494 0 0
7495 0 1
7496 49 49
7497 49 0
7498 48 0
7499 0 48
# colocadas=7500 ocupadas=5 mayor=7763
