0 19 21
1 37 24
2 4 14
3 12 33
4 8 24
5 16 21
6 47 27
7 37 3
8 49 34
9 25 26
10 32 2
11 26 16
12 17 5
13 26 20
14 10 46
15 5 17
16 26 35
17 28 22
18 9 20
19 5 14
20 25 37
21 24 37
22 9 19
23 35 37
24 15 20
25 17 43
26 47 47
27 11 0
28 6 9
29 27 35
30 17 0
31 37 45
32 32 3
33 8 33
34 32 2
35 31 25
36 41 18
37 14 20
38 1 30
39 48 34
40 6 4
41 45 42
42 10 41
43 0 32
44 49 23
45 19 25
46 13 33
47 1 23
48 17 42
49 42 29
50 25 37
51 22 11
52 36 4
53 24 37
54 43 30
55 41 40
56 12 7
57 45 41
58 38 3
59 47 28
60 15 24
61 32 48
62 8 25
63 0 0
64 2 30
65 37 49
66 48 10
67 4 2
68 2 8
69 24 34
70 19 29
71 12 8
72 25 37
73 4 24
74 6 3
75 37 23
76 31 13
77 18 26
78 13 49
79 47 9
80 2 2
81 28 49
82 3 8
83 33 49
84 38 41
85 29 22
86 45 42
87 17 43
88 12 7
89 4 14
90 29 49
91 1 24
92 10 16
93 11 34
94 11 41
95 19 24
96 8 24
97 17 4
98 17 5
99 29 47
100 7 9
101 12 49
102 30 13
103 35 4
104 47 11
105 13 49
106 28 22
107 0 16
108 45 41
109 1 0
110 15 25
111 45 22
112 32 44
113 1 23
114 42 18
115 15 20
116 15 24
117 46 24
118 32 3
119 45 18
120 41 29
121 13 37
122 36 49
123 16 48
124 42 40
125 32 2
126 5 14
127 16 0
128 35 36
129 4 14
130 41 32
131 11 49
132 38 40
133 41 31
134 11 16
135 15 38
136 31 13
137 3 18
138 2 8
139 16 22
140 1 19
141 6 9
142 18 27
143 42 29
144 24 33
145 25 27
146 30 0
147 37 24
148 10 16
149 28 49
150 1 18
151 18 21
152 23 11
153 41 32
154 49 10
155 3 19
156 15 25
157 29 49
158 31 44
159 42 37
160 25 26
161 35 37
162 28 49
163 21 43
164 46 26
165 9 46
166 6 4
167 29 49
168 12 34
169 32 3
170 38 41
171 13 48
172 5 16
173 38 40
174 4 11
175 36 4
176 3 24
177 31 19
178 25 16
179 8 25
180 45 26
181 10 46
182 7 9
183 13 49
184 26 16
185 34 49
186 25 16
187 28 49
188 16 38
189 49 7
190 45 42
191 13 20
192 35 4
193 1 24
194 2 3
195 18 26
196 6 3
197 6 4
198 24 37
199 1 23
200 41 31
201 26 16
202 2 2
203 16 49
204 49 26
205 2 3
206 17 4
207 35 20
208 25 27
209 32 44
210 17 5
211 35 36
212 5 14
213 5 47
214 7 33
215 31 44
216 17 0
217 4 39
218 28 47
219 1 24
220 46 38
221 37 3
222 15 24
223 29 47
224 6 9
225 31 48
226 20 29
227 41 18
228 3 39
229 4 10
230 38 41
231 31 20
232 37 23
233 5 17
234 4 11
235 37 24
236 24 8
237 12 8
238 1 16
239 41 29
240 16 21
241 17 42
242 41 40
243 0 0
244 2 32
245 32 2
246 19 21
247 22 43
248 44 18
249 4 39
250 25 37
251 32 4
252 29 22
253 8 33
254 5 16
255 1 19
256 4 14
257 42 38
258 11 16
259 49 25
260 17 43
261 44 22
262 9 20
263 17 42
264 38 40
265 22 11
266 1 23
267 49 8
268 4 24
269 42 29
270 31 0
271 12 0
272 42 40
273 3 39
274 37 23
275 15 38
276 5 14
277 31 19
278 47 27
279 41 29
280 19 25
281 28 22
282 37 24
283 25 26
284 18 21
285 24 7
286 3 18
287 0 16
288 41 32
289 15 25
290 16 38
291 4 10
292 48 10
293 45 41
294 21 43
295 3 19
296 32 5
297 29 22
298 3 32
299 41 34
300 13 21
301 4 39
302 28 47
303 37 49
304 1 24
305 5 17
306 42 29
307 4 1
308 14 20
309 23 11
310 41 40
311 8 24
312 10 41
313 11 0
314 36 4
315 30 13
316 32 44
317 49 22
318 4 11
319 31 13
320 9 19
321 41 31
322 12 0
323 31 20
324 3 8
325 35 4
326 10 16
327 29 49
328 3 18
329 46 25
330 22 43
331 36 49
332 30 0
333 49 10
334 49 34
335 13 48
336 37 49
337 28 22
338 30 13
339 2 32
340 34 20
341 19 29
342 4 14
343 12 13
344 47 12
345 48 10
346 12 14
347 25 27
348 22 11
349 32 48
350 2 8
351 46 39
352 5 16
353 38 45
354 34 28
355 16 22
356 35 28
357 45 27
358 43 31
359 42 18
360 33 49
361 34 49
362 17 4
363 7 33
364 49 7
365 35 20
366 36 3
367 8 25
368 8 24
369 27 24
370 33 49
371 48 34
372 45 42
373 34 28
374 46 24
375 41 29
376 27 20
377 25 26
378 49 26
379 1 16
380 34 20
381 31 24
382 49 25
383 31 19
384 13 22
385 45 41
386 20 29
387 25 16
388 9 20
389 25 27
390 31 44
391 3 32
392 2 32
393 37 3
394 12 7
395 38 41
396 31 48
397 31 20
398 1 30
399 47 8
400 1 18
401 31 19
402 31 20
403 33 48
404 24 37
405 41 32
406 16 48
407 44 27
408 31 0
409 47 9
410 5 17
411 5 14
412 7 9
413 11 16
414 11 0
415 16 49
416 35 20
417 4 14
418 3 19
419 25 37
420 12 49
421 3 24
422 15 38
423 31 19
424 28 24
425 32 3
426 16 38
427 45 27
428 33 5
429 26 16
430 3 32
431 36 49
432 38 40
433 42 34
434 47 28
435 16 0
436 1 0
437 37 23
438 18 27
439 26 20
440 9 46
441 24 34
442 29 22
443 44 27
444 31 47
445 4 10
446 11 34
447 5 14
448 41 18
449 5 16
450 45 42
451 47 27
452 47 11
453 14 22
454 2 2
455 32 2
456 3 8
457 36 3
458 12 13
459 0 0
460 4 24
461 24 33
462 31 20
463 26 35
464 31 19
465 42 18
466 37 24
467 16 48
468 1 0
469 27 35
470 45 22
471 43 30
472 8 33
473 16 49
474 45 27
475 24 34
476 24 8
477 0 16
478 41 34
479 25 26
480 37 23
481 18 26
482 13 36
483 0 0
484 25 16
485 14 23
486 28 49
487 16 48
488 2 3
489 46 25
490 27 24
491 43 31
492 2 32
493 11 41
494 27 20
495 28 22
496 6 9
497 24 33
498 35 37
499 37 49
500 47 28
501 41 31
502 49 10
503 15 24
504 44 27
505 26 20
506 26 16
507 37 45
508 4 2
509 41 32
510 7 33
511 29 22
512 6 47
513 19 24
514 41 31
515 14 48
516 31 25
517 2 30
518 18 27
519 19 21
520 28 22
521 42 40
522 2 2
523 1 30
524 34 20
525 35 28
526 24 34
527 42 29
528 29 47
529 5 17
530 45 18
531 29 49
532 23 11
533 19 25
534 16 49
535 5 16
536 31 20
537 8 25
538 32 48
539 17 43
540 32 44
541 17 42
542 43 30
543 17 5
544 16 21
545 42 37
546 30 0
547 1 19
548 14 47
549 35 5
550 31 24
551 37 24
552 36 49
553 41 18
554 22 11
555 43 31
556 31 44
557 49 26
558 3 32
559 45 27
560 12 8
561 12 34
562 49 34
563 35 4
564 38 45
565 42 18
566 31 46
567 17 43
568 13 49
569 48 10
570 1 32
571 37 3
572 14 48
573 15 25
574 24 7
575 3 24
576 37 23
577 26 35
578 49 23
579 35 20
580 45 41
581 6 3
582 32 5
583 25 27
584 25 26
585 12 14
586 23 11
587 47 27
588 28 49
589 4 1
590 15 20
591 17 4
592 14 22
593 15 24
594 49 10
595 43 30
596 33 49
597 49 8
598 4 11
599 32 46
600 15 38
601 34 20
602 6 4
603 15 25
604 5 47
605 19 24
606 10 41
607 6 47
608 31 46
609 35 20
610 32 4
611 27 35
612 4 24
613 24 33
614 2 8
615 27 20
616 34 49
617 31 13
618 17 0
619 15 22
620 3 39
621 46 38
622 16 38
623 47 28
624 16 0
625 35 36
626 4 14
627 29 49
628 11 41
629 47 27
630 41 29
631 37 24
632 41 18
633 12 49
634 12 13
635 15 38
636 17 21
637 10 46
638 46 39
639 1 0
640 47 12
641 37 45
642 24 37
643 21 43
644 46 38
645 48 10
646 15 24
647 11 34
648 46 24
649 24 34
650 5 47
651 25 27
652 31 25
653 25 26
654 16 38
655 49 22
656 1 18
657 4 39
658 33 49
659 24 33
660 0 0
661 41 32
662 49 7
663 17 42
664 25 16
665 31 24
666 12 0
667 19 22
668 42 38
669 12 14
670 48 34
671 44 18
672 5 17
673 42 37
674 8 33
675 26 35
676 32 5
677 1 23
678 18 26
679 22 43
680 25 27
681 3 18
682 11 0
683 3 8
684 28 49
685 22 11
686 5 16
687 2 8
688 6 3
689 38 45
690 2 3
691 29 22
692 2 30
693 18 27
694 34 20
695 7 9
696 16 48
697 21 43
698 43 31
699 29 49
700 17 43
701 36 3
702 35 20
703 30 13
704 12 33
705 24 34
706 37 45
707 47 11
708 3 24
709 44 22
710 28 49
711 1 19
712 4 10
713 35 5
714 37 23
715 25 26
716 14 22
717 15 25
718 46 39
719 42 18
720 31 48
721 1 30
722 46 25
723 5 17
724 19 29
725 14 47
726 6 47
727 3 31
728 31 13
729 31 25
730 2 30
731 38 41
732 3 19
733 34 20
734 31 0
735 25 27
736 17 0
737 24 33
738 17 42
739 3 18
740 16 49
741 42 34
742 30 0
743 22 43
744 49 10
745 37 3
746 45 22
747 13 33
748 17 43
749 44 27
750 32 3
751 28 22
752 9 19
753 4 24
754 45 18
755 12 33
756 20 29
757 10 41
758 4 2
759 29 49
760 46 38
761 27 35
762 37 24
763 49 25
764 16 20
765 4 1
766 48 9
767 24 8
768 12 13
769 28 47
770 10 16
771 43 30
772 35 4
773 11 16
774 4 31
775 31 24
776 47 28
777 1 16
778 16 48
779 28 24
780 45 42
781 30 13
782 41 18
783 49 23
784 26 20
785 4 11
786 35 20
787 12 0
788 25 26
789 5 47
790 3 19
791 11 41
792 27 20
793 47 46
794 23 11
795 16 0
796 13 49
797 6 47
798 10 41
799 17 5
800 0 16
801 24 34
802 33 5
803 2 2
804 38 40
805 10 16
806 32 44
807 46 24
808 3 39
809 3 31
810 43 31
811 26 35
812 45 27
813 6 9
814 49 34
815 49 8
816 31 44
817 1 16
818 11 0
819 47 27
820 46 25
821 17 42
822 44 27
823 1 18
824 17 4
825 34 28
826 7 9
827 42 29
828 46 24
829 22 11
830 12 14
831 7 33
832 3 24
833 48 34
834 49 34
835 37 49
836 21 43
837 5 47
838 44 18
839 4 39
840 19 25
841 11 16
842 15 22
843 37 23
844 47 28
845 45 18
846 9 46
847 15 24
848 42 38
849 32 44
850 19 29
851 36 4
852 31 19
853 41 40
854 4 24
855 0 16
856 18 26
857 6 47
858 41 34
859 3 18
860 5 16
861 32 2
862 31 13
863 35 4
864 1 19
865 19 21
866 36 49
867 4 2
868 42 37
869 46 39
870 3 8
871 24 33
872 6 4
873 38 45
874 46 38
875 17 5
876 20 29
877 49 26
878 47 9
879 37 24
880 44 22
881 38 41
882 47 12
883 28 49
884 12 13
885 42 18
886 8 33
887 1 16
888 46 39
889 47 27
890 19 22
891 6 9
892 31 20
893 37 49
894 45 41
895 36 4
896 25 27
897 12 14
898 17 0
899 7 33
900 48 10
901 23 11
902 34 20
903 5 14
904 16 0
905 47 47
906 17 4
907 47 8
908 18 21
909 0 16
910 10 16
911 16 49
912 30 13
913 27 35
914 11 35
915 31 0
916 11 34
917 47 28
918 1 30
919 25 37
920 45 42
921 11 16
922 12 7
923 49 25
924 29 47
925 13 33
926 4 31
927 32 48
928 6 3
929 43 30
930 1 16
931 4 1
932 45 22
933 31 25
934 26 35
935 32 3
936 5 47
937 22 43
938 38 3
939 16 21
940 0 32
941 42 40
942 13 37
943 10 46
944 27 24
945 49 22
946 13 36
947 3 31
948 18 20
949 35 4
950 28 24
951 36 4
952 38 40
953 2 30
954 28 47
955 32 2
956 35 20
957 43 31
958 1 30
959 14 22
960 13 37
961 22 11
962 15 22
963 3 24
964 41 40
965 31 44
966 25 26
967 18 27
968 12 49
969 7 9
970 1 18
971 16 48
972 6 9
973 44 22
974 37 45
975 35 4
976 4 24
977 10 16
978 1 32
979 13 36
980 2 30
981 42 34
982 16 20
983 46 25
984 46 38
985 27 35
986 36 49
987 29 49
988 32 3
989 12 0
990 12 8
991 1 0
992 12 7
993 49 26
994 42 38
995 9 46
996 13 37
997 37 23
998 45 27
999 24 37
1000 29 22
1001 13 36
1002 37 49
1003 24 7
1004 2 3
1005 8 33
1006 41 31
1007 26 20
1008 12 34
1009 11 34
1010 4 31
1011 49 25
1012 1 30
1013 18 21
1014 11 41
1015 46 39
1016 11 16
1017 17 43
1018 12 34
1019 4 14
1020 7 33
1021 30 0
1022 37 3
1023 41 29
1024 31 13
1025 38 45
1026 36 3
1027 14 22
1028 1 24
1029 37 3
1030 12 8
1031 4 2
1032 43 30
1033 8 24
1034 27 24
1035 47 27
1036 45 22
1037 4 1
1038 37 24
1039 34 49
1040 1 23
1041 10 46
1042 10 16
1043 32 2
1044 8 25
1045 28 24
1046 17 0
1047 15 25
1048 48 9
1049 25 37
1050 17 42
1051 47 7
1052 41 18
1053 37 45
1054 3 19
1055 28 22
1056 32 44
1057 48 10
1058 36 3
1059 19 29
1060 47 11
1061 2 2
1062 3 18
1063 20 29
1064 7 9
1065 42 18
1066 32 5
1067 24 8
1068 42 29
1069 41 34
1070 4 10
1071 11 16
1072 18 20
1073 37 3
1074 3 31
1075 3 24
1076 26 35
1077 1 24
1078 12 13
1079 28 49
1080 42 37
1081 4 11
1082 24 37
1083 10 41
1084 43 31
1085 38 41
1086 35 37
1087 31 48
1088 32 4
1089 27 35
1090 32 48
1091 9 46
1092 24 34
1093 27 24
1094 49 26
1095 46 24
1096 14 33
1097 25 27
1098 4 31
1099 0 32
1100 25 37
1101 8 24
1102 0 0
1103 46 25
1104 13 37
1105 41 32
1106 11 0
1107 44 18
1108 8 33
1109 9 20
1110 15 38
1111 3 39
1112 16 49
1113 26 16
1114 31 48
1115 6 47
1116 44 27
1117 2 8
1118 33 2
1119 24 7
1120 24 37
1121 12 0
1122 36 49
1123 41 18
1124 6 4
1125 13 49
1126 29 22
1127 2 3
1128 6 9
1129 9 19
1130 41 31
1131 4 2
1132 9 20
1133 30 13
1134 6 3
1135 2 2
1136 10 16
1137 36 3
1138 1 19
1139 23 11
1140 21 43
1141 38 45
1142 47 6
1143 48 9
1144 2 30
1145 25 16
1146 13 33
1147 17 5
1148 15 24
1149 41 29
1150 45 18
1151 4 24
1152 42 29
1153 17 43
1154 19 21
1155 18 26
1156 1 18
1157 17 42
1158 41 29
1159 14 33
1160 31 44
1161 5 47
1162 4 1
1163 11 41
1164 5 17
1165 32 48
1166 31 24
1167 13 36
1168 7 9
1169 27 20
1170 33 49
1171 7 33
1172 8 33
1173 11 16
1174 47 46
1175 13 37
1176 49 25
1177 1 0
1178 37 45
1179 44 18
1180 2 3
1181 22 11
1182 25 37
1183 48 34
1184 37 49
1185 19 22
1186 49 23
1187 25 26
1188 38 40
1189 32 44
1190 42 40
1191 43 30
1192 31 0
1193 4 10
1194 3 31
1195 13 33
1196 43 31
1197 36 49
1198 31 44
1199 8 25
1200 9 19
1201 19 21
1202 17 4
1203 18 19
1204 47 47
1205 1 30
1206 49 26
1207 31 13
1208 6 4
1209 17 43
1210 37 3
1211 42 29
1212 16 38
1213 31 25
1214 13 36
1215 2 30
1216 46 24
1217 18 21
1218 31 48
1219 26 16
1220 36 3
1221 41 40
1222 31 24
1223 16 21
1224 15 22
1225 45 41
1226 17 5
1227 41 32
1228 25 16
1229 37 23
1230 18 18
1231 10 46
1232 38 41
1233 44 22
1234 4 11
1235 49 25
1236 22 43
1237 23 11
1238 42 40
1239 37 3
1240 30 13
1241 41 31
1242 4 2
1243 0 16
1244 1 32
1245 1 16
1246 6 47
1247 49 34
1248 13 37
1249 18 27
1250 13 36
1251 7 33
1252 45 18
1253 48 34
1254 0 32
1255 44 18
1256 0 16
1257 47 28
1258 6 9
1259 33 48
1260 41 29
1261 45 22
1262 4 1
1263 1 19
1264 38 45
1265 24 8
1266 11 34
1267 19 21
1268 45 27
1269 45 18
1270 4 39
1271 31 25
1272 41 40
1273 49 26
1274 24 7
1275 43 30
1276 34 20
1277 11 0
1278 14 22
1279 42 29
1280 15 25
1281 33 49
1282 1 23
1283 3 24
1284 35 28
1285 43 31
1286 1 24
1287 1 32
1288 1 23
1289 12 49
1290 5 16
1291 10 16
1292 26 35
1293 31 19
1294 33 48
1295 19 29
1296 14 48
1297 24 8
1298 8 24
1299 18 26
1300 16 48
1301 47 27
1302 24 7
1303 47 46
1304 14 47
1305 32 2
1306 33 2
1307 32 2
1308 18 17
1309 35 36
1310 32 46
1311 30 0
1312 47 47
1313 46 25
1314 16 0
1315 4 24
1316 14 48
1317 24 8
1318 42 18
1319 47 28
1320 41 18
1321 21 43
1322 34 28
1323 8 33
1324 41 29
1325 36 4
1326 49 25
1327 7 33
1328 26 16
1329 3 8
1330 49 26
1331 42 38
1332 12 7
1333 10 41
1334 27 35
1335 12 8
1336 49 22
1337 41 32
1338 1 16
1339 47 27
1340 31 20
1341 37 45
1342 17 42
1343 25 16
1344 3 39
1345 18 16
1346 14 47
1347 12 7
1348 24 33
1349 24 34
1350 26 16
1351 31 13
1352 12 14
1353 7 9
1354 46 24
1355 41 31
1356 49 7
1357 24 33
1358 42 29
1359 24 34
1360 31 0
1361 44 22
1362 20 29
1363 28 24
1364 42 34
1365 1 30
1366 30 0
1367 8 25
1368 42 37
1369 0 16
1370 17 0
1371 9 46
1372 26 20
1373 38 3
1374 24 37
1375 49 25
1376 47 28
1377 46 38
1378 16 49
1379 32 5
1380 6 3
1381 5 47
1382 24 33
1383 46 6
1384 29 47
1385 4 10
1386 35 4
1387 22 43
1388 12 34
1389 41 29
1390 38 40
1391 12 0
1392 4 31
1393 15 24
1394 18 21
1395 37 3
1396 31 0
1397 17 4
1398 31 46
1399 42 38
1400 49 8
1401 32 3
1402 13 37
1403 19 21
1404 14 33
1405 8 24
1406 46 39
1407 21 43
1408 30 48
1409 13 33
1410 28 22
1411 37 49
1412 8 25
1413 6 9
1414 44 27
1415 0 32
1416 32 44
1417 22 11
1418 35 20
1419 11 41
1420 31 19
1421 46 38
1422 16 0
1423 28 47
1424 49 23
1425 47 6
1426 48 10
1427 49 22
1428 8 24
1429 30 49
1430 1 18
1431 17 5
1432 17 0
1433 12 8
1434 44 18
1435 45 22
1436 29 22
1437 45 27
1438 22 43
1439 15 25
1440 49 7
1441 16 22
1442 3 31
1443 8 33
1444 15 24
1445 2 30
1446 2 8
1447 2 2
1448 4 11
1449 17 4
1450 15 25
1451 13 49
1452 14 33
1453 31 24
1454 46 6
1455 6 4
1456 36 4
1457 16 48
1458 24 34
1459 17 43
1460 48 9
1461 1 32
1462 31 25
1463 24 7
1464 30 48
1465 32 2
1466 10 41
1467 4 2
1468 36 49
1469 49 8
1470 32 4
1471 4 10
1472 6 3
1473 18 17
1474 42 40
1475 46 25
1476 1 16
1477 16 0
1478 21 43
1479 24 8
1480 25 27
1481 32 46
1482 24 7
1483 0 0
1484 43 30
1485 42 18
1486 12 7
1487 4 31
1488 41 32
1489 45 42
1490 9 20
1491 5 17
1492 30 0
1493 31 24
1494 1 24
1495 30 49
1496 5 14
1497 1 30
1498 1 23
1499 38 45
1500 11 41
1501 18 21
1502 13 36
1503 13 33
1504 35 4
1505 15 24
1506 24 33
1507 23 11
1508 19 29
1509 35 28
1510 10 46
1511 7 9
1512 49 7
1513 45 18
1514 27 49
1515 5 16
1516 36 3
1517 6 4
1518 28 22
1519 33 2
1520 11 34
1521 1 0
1522 44 27
1523 46 24
1524 1 24
1525 38 41
1526 6 47
1527 15 38
1528 7 33
1529 49 8
1530 25 26
1531 12 49
1532 29 49
1533 0 0
1534 4 11
1535 12 33
1536 4 10
1537 47 46
1538 22 11
1539 12 13
1540 16 21
1541 4 1
1542 29 47
1543 42 37
1544 1 0
1545 30 49
1546 41 31
1547 42 38
1548 5 47
1549 3 19
1550 31 25
1551 13 33
1552 15 22
1553 8 25
1554 49 7
1555 45 41
1556 23 11
1557 12 8
1558 41 34
1559 25 37
1560 17 42
1561 35 37
1562 37 49
1563 27 24
1564 2 3
1565 18 16
1566 4 39
1567 4 2
1568 34 20
1569 16 20
1570 47 12
1571 28 47
1572 15 25
1573 35 36
1574 49 26
1575 12 14
1576 36 49
1577 31 24
1578 14 22
1579 22 11
1580 41 32
1581 46 25
1582 15 22
1583 46 24
1584 23 11
1585 12 7
1586 47 6
1587 13 49
1588 18 27
1589 46 39
1590 42 34
1591 3 31
1592 31 46
1593 0 16
1594 22 11
1595 43 31
1596 3 18
1597 48 10
1598 2 2
1599 12 8
1600 35 37
1601 3 8
1602 29 49
1603 45 27
1604 4 1
1605 6 3
1606 12 33
1607 41 31
1608 47 11
1609 29 22
1610 41 32
1611 2 3
1612 1 23
1613 24 34
1614 31 20
1615 32 2
1616 45 42
1617 37 24
1618 29 47
1619 38 40
1620 14 22
1621 37 49
1622 42 29
1623 20 29
1624 25 16
1625 46 38
1626 38 41
1627 14 48
1628 35 20
1629 49 34
1630 23 11
1631 6 9
1632 43 30
1633 11 16
1634 30 49
1635 24 37
1636 28 22
1637 31 19
1638 12 7
1639 31 0
1640 12 8
1641 35 5
1642 11 35
1643 2 2
1644 16 38
1645 37 3
1646 1 24
1647 2 8
1648 12 49
1649 41 34
1650 47 12
1651 44 27
1652 31 44
1653 14 47
1654 28 49
1655 30 13
1656 11 34
1657 11 35
1658 19 29
1659 24 8
1660 46 25
1661 13 33
1662 24 33
1663 42 37
1664 30 48
1665 19 21
1666 41 40
1667 0 32
1668 15 22
1669 1 16
1670 35 4
1671 4 2
1672 36 4
1673 34 20
1674 29 22
1675 34 28
1676 6 4
1677 9 19
1678 44 18
1679 18 21
1680 28 22
1681 1 32
1682 26 16
1683 42 38
1684 0 16
1685 48 9
1686 8 33
1687 49 8
1688 15 24
1689 48 10
1690 47 27
1691 25 27
1692 15 38
1693 37 45
1694 38 45
1695 17 5
1696 11 34
1697 0 32
1698 38 40
1699 6 3
1700 31 25
1701 44 22
1702 13 49
1703 6 47
1704 45 27
1705 12 33
1706 16 38
1707 45 41
1708 45 42
1709 42 37
1710 15 25
1711 7 33
1712 4 14
1713 45 41
1714 4 11
1715 24 7
1716 35 20
1717 47 28
1718 3 19
1719 47 47
1720 32 44
1721 16 21
1722 0 0
1723 29 49
1724 12 7
1725 43 31
1726 28 24
1727 22 43
1728 22 11
1729 15 24
1730 4 10
1731 31 20
1732 19 24
1733 18 17
1734 42 34
1735 37 23
1736 12 49
1737 41 34
1738 41 31
1739 45 42
1740 42 38
1741 32 48
1742 41 29
1743 49 23
1744 12 13
1745 31 13
1746 17 0
1747 45 18
1748 44 18
1749 16 0
1750 1 0
1751 21 43
1752 25 26
1753 3 39
1754 31 24
1755 17 4
1756 10 16
1757 42 37
1758 32 47
1759 17 5
1760 43 30
1761 1 16
1762 4 39
1763 18 26
1764 44 27
1765 25 16
1766 12 8
1767 20 29
1768 38 41
1769 26 35
1770 37 24
1771 24 8
1772 45 27
1773 48 9
1774 43 31
1775 25 27
1776 11 16
1777 18 27
1778 19 25
1779 38 40
1780 38 41
1781 43 30
1782 19 24
1783 19 29
1784 25 26
1785 41 18
1786 13 49
1787 46 39
1788 0 16
1789 3 18
1790 1 19
1791 35 4
1792 31 19
1793 42 38
1794 17 4
1795 14 22
1796 38 40
1797 23 11
1798 18 16
1799 38 41
1800 28 49
1801 5 47
1802 47 27
1803 3 39
1804 16 49
1805 3 24
1806 42 34
1807 25 27
1808 29 22
1809 32 48
1810 4 1
1811 29 49
1812 26 16
1813 27 20
1814 35 36
1815 25 37
1816 46 24
1817 27 35
1818 46 38
1819 33 2
1820 47 46
1821 45 22
1822 4 2
1823 30 49
1824 42 40
1825 28 47
1826 24 34
1827 31 25
1828 4 1
1829 47 11
1830 22 11
1831 37 45
1832 42 18
1833 17 43
1834 26 35
1835 3 8
1836 24 33
1837 41 34
1838 2 3
1839 15 38
1840 24 7
1841 32 2
1842 27 35
1843 31 24
1844 18 26
1845 32 46
1846 46 25
1847 4 39
1848 9 46
1849 42 34
1850 22 43
1851 7 9
1852 34 20
1853 43 31
1854 48 34
1855 46 24
1856 10 41
1857 35 28
1858 31 44
1859 19 21
1860 47 12
1861 12 14
1862 35 37
1863 23 11
1864 49 7
1865 25 16
1866 9 20
1867 26 16
1868 49 8
1869 4 31
1870 5 17
1871 26 35
1872 31 48
1873 45 18
1874 10 46
1875 30 0
1876 9 19
1877 3 39
1878 32 48
1879 29 47
1880 1 32
1881 17 42
1882 44 18
1883 6 9
1884 3 31
1885 31 48
1886 31 46
1887 36 4
1888 28 47
1889 42 29
1890 1 16
1891 45 41
1892 8 33
1893 38 3
1894 15 22
1895 18 17
1896 47 11
1897 38 40
1898 47 28
1899 11 0
1900 9 46
1901 17 0
1902 34 28
1903 35 28
1904 1 18
1905 42 37
1906 11 41
1907 19 25
1908 4 31
1909 44 27
1910 16 20
1911 2 8
1912 44 22
1913 49 25
1914 38 41
1915 41 40
1916 41 29
1917 37 3
1918 43 30
1919 41 32
1920 32 44
1921 10 46
1922 16 48
1923 6 4
1924 45 42
1925 32 48
1926 4 24
1927 33 2
1928 12 7
1929 12 0
1930 1 23
1931 43 31
1932 41 18
1933 2 30
1934 16 49
1935 30 13
1936 21 43
1937 49 22
1938 9 20
1939 27 24
1940 46 25
1941 49 26
1942 24 37
1943 4 2
1944 48 10
1945 27 35
1946 28 49
1947 45 22
1948 35 36
1949 25 16
1950 8 24
1951 31 48
1952 3 19
1953 37 23
1954 18 16
1955 18 21
1956 9 19
1957 6 3
1958 22 43
1959 42 38
1960 26 35
1961 29 47
1962 16 0
1963 0 32
1964 38 40
1965 25 26
1966 46 39
1967 3 8
1968 45 18
1969 41 34
1970 37 24
1971 32 46
1972 17 5
1973 17 4
1974 49 34
1975 14 22
1976 31 44
1977 49 7
1978 49 8
1979 46 6
1980 10 41
1981 0 16
1982 42 40
1983 5 16
1984 10 16
1985 35 20
1986 22 11
1987 49 25
1988 4 11
1989 49 26
1990 2 8
1991 31 20
1992 11 41
1993 44 22
1994 20 29
1995 23 11
1996 24 8
1997 27 35
1998 19 29
1999 29 49
2000 6 47
2001 13 33
2002 5 14
2003 48 9
2004 31 19
2005 16 38
2006 46 24
2007 38 45
2008 19 21
2009 17 43
2010 37 45
2011 18 21
2012 28 24
2013 41 31
2014 21 43
2015 1 24
2016 41 40
2017 4 14
2018 15 22
2019 35 37
2020 27 24
2021 14 22
2022 31 13
2023 45 41
2024 7 9
2025 47 27
2026 6 4
2027 26 16
2028 1 32
2029 45 27
2030 10 41
2031 15 25
2032 3 8
2033 20 29
2034 0 32
2035 31 20
2036 1 32
2037 13 37
2038 17 5
2039 42 34
2040 42 18
2041 17 0
2042 26 35
2043 47 12
2044 44 27
2045 5 14
2046 35 4
2047 3 18
2048 4 10
2049 25 37
2050 16 21
2051 31 0
2052 3 31
2053 30 13
2054 11 16
2055 26 20
2056 31 46
2057 0 32
2058 32 44
2059 31 13
2060 15 38
2061 32 46
2062 12 49
2063 15 22
2064 47 47
2065 47 6
2066 49 7
2067 1 23
2068 38 45
2069 31 25
2070 37 23
2071 8 25
2072 45 27
2073 3 24
2074 44 18
2075 37 45
2076 19 24
2077 10 16
2078 37 24
2079 30 0
2080 31 44
2081 31 46
2082 28 22
2083 42 37
2084 5 17
2085 16 0
2086 29 22
2087 9 20
2088 45 22
2089 27 20
2090 12 34
2091 42 38
2092 49 25
2093 36 4
2094 28 24
2095 11 34
2096 31 0
2097 47 28
2098 17 0
2099 19 29
2100 31 19
2101 31 20
2102 1 30
2103 7 33
2104 22 11
2105 24 34
2106 11 41
2107 22 43
2108 32 48
2109 42 37
2110 26 20
2111 38 3
2112 47 27
2113 37 23
2114 12 13
2115 3 19
2116 23 11
2117 5 47
2118 4 11
2119 2 30
2120 32 46
2121 20 29
2122 13 49
2123 14 22
2124 19 29
2125 4 31
2126 28 47
2127 0 0
2128 15 22
2129 31 46
2130 8 24
2131 1 24
2132 25 27
2133 32 3
2134 4 10
2135 27 35
2136 37 3
2137 9 19
2138 31 48
2139 1 16
2140 16 48
2141 19 25
2142 46 38
2143 1 30
2144 46 39
2145 11 0
2146 44 22
2147 38 3
2148 27 49
2149 49 8
2150 47 28
2151 5 16
2152 42 38
2153 49 7
2154 41 32
2155 24 7
2156 3 18
2157 45 18
2158 13 36
2159 36 49
2160 9 20
2161 12 0
2162 46 25
2163 32 4
2164 12 49
2165 45 22
2166 45 42
2167 15 24
2168 31 19
2169 32 2
2170 25 26
2171 32 44
2172 9 19
2173 37 3
2174 16 38
2175 35 4
2176 4 39
2177 4 14
2178 8 25
2179 5 17
2180 2 2
2181 49 26
2182 4 24
2183 30 49
2184 18 27
2185 28 22
2186 3 39
2187 4 11
2188 42 40
2189 42 37
2190 3 24
2191 4 10
2192 49 23
2193 24 8
2194 0 16
2195 16 0
2196 44 22
2197 49 22
2198 38 41
2199 41 40
2200 4 1
2201 12 8
2202 36 4
2203 24 33
2204 30 0
2205 15 25
2206 13 49
2207 17 0
2208 27 20
2209 26 35
2210 15 38
2211 5 14
2212 3 19
2213 12 14
2214 1 23
2215 20 29
2216 27 35
2217 9 20
2218 41 31
2219 2 3
2220 42 29
2221 45 22
2222 38 40
2223 43 30
2224 18 17
2225 4 24
2226 41 34
2227 47 27
2228 1 32
2229 46 24
2230 26 20
2231 17 42
2232 13 37
2233 24 7
2234 14 48
2235 29 47
2236 8 33
2237 49 8
2238 43 31
2239 31 44
2240 31 24
2241 8 24
2242 29 22
2243 42 38
2244 37 49
2245 1 19
2246 28 22
2247 17 43
2248 31 25
2249 1 18
2250 12 49
2251 22 11
2252 9 19
2253 19 29
2254 6 3
2255 27 20
2256 12 7
2257 18 26
2258 6 9
2259 35 4
2260 31 20
2261 25 16
2262 14 47
2263 34 20
2264 18 27
2265 2 30
2266 13 49
2267 3 31
2268 49 23
2269 16 49
2270 9 20
2271 1 24
2272 38 45
2273 41 18
2274 27 24
2275 44 27
2276 17 4
2277 31 0
2278 41 32
2279 25 27
2280 25 26
2281 31 19
2282 9 46
2283 46 6
2284 2 8
2285 4 14
2286 47 28
2287 1 23
2288 47 6
2289 24 37
2290 4 31
2291 44 18
2292 10 46
2293 6 47
2294 46 38
2295 3 8
2296 30 0
2297 46 25
2298 5 47
2299 35 20
2300 49 25
2301 12 34
2302 19 21
2303 15 24
2304 31 0
2305 25 27
2306 32 5
2307 48 34
2308 29 49
2309 31 20
2310 31 19
2311 1 24
2312 1 16
2313 46 6
2314 14 48
2315 35 36
2316 47 46
2317 9 46
2318 25 37
2319 5 14
2320 32 4
2321 30 0
2322 32 5
2323 15 25
2324 32 48
2325 42 37
2326 47 47
2327 38 41
2328 28 24
2329 6 4
2330 46 24
2331 8 25
2332 46 25
2333 14 47
2334 4 11
2335 41 29
2336 20 29
2337 4 2
2338 5 16
2339 49 26
2340 12 8
2341 16 38
2342 30 49
2343 27 24
2344 49 22
2345 4 10
2346 19 29
2347 11 34
2348 2 8
2349 31 48
2350 3 8
2351 14 48
2352 10 46
2353 37 45
2354 16 0
2355 12 34
2356 46 39
2357 49 25
2358 38 40
2359 1 0
2360 25 26
2361 47 46
2362 14 47
2363 34 28
2364 44 22
2365 4 14
2366 7 33
2367 42 18
2368 6 3
2369 15 24
2370 24 37
2371 18 16
2372 32 3
2373 24 34
2374 47 47
2375 46 38
2376 11 34
2377 2 8
2378 1 19
2379 29 22
2380 46 24
2381 42 29
2382 33 5
2383 43 30
2384 0 0
2385 3 24
2386 42 34
2387 36 4
2388 25 37
2389 28 24
2390 16 48
2391 48 10
2392 31 0
2393 4 24
2394 30 13
2395 13 36
2396 1 23
2397 31 13
2398 1 24
2399 31 24
2400 30 13
2401 3 31
2402 31 20
2403 26 35
2404 8 24
2405 47 11
2406 2 2
2407 32 44
2408 11 16
2409 35 37
2410 35 28
2411 49 34
2412 42 40
2413 8 25
2414 3 18
2415 19 24
2416 31 44
2417 7 9
2418 8 24
2419 16 20
2420 17 42
2421 3 19
2422 42 38
2423 5 14
2424 35 36
2425 12 33
2426 4 1
2427 32 2
2428 15 38
2429 47 27
2430 16 21
2431 19 25
2432 9 19
2433 27 35
2434 28 22
2435 29 49
2436 31 19
2437 45 27
2438 9 20
2439 35 4
2440 26 20
2441 38 45
2442 18 21
2443 46 39
2444 4 11
2445 4 10
2446 16 38
2447 8 25
2448 41 40
2449 25 27
2450 12 49
2451 24 8
2452 27 48
2453 14 48
2454 0 32
2455 43 31
2456 2 3
2457 38 41
2458 46 38
2459 48 9
2460 31 13
2461 0 16
2462 19 21
2463 18 26
2464 34 28
2465 42 37
2466 36 3
2467 25 26
2468 13 49
2469 11 0
2470 12 49
2471 49 7
2472 3 24
2473 45 41
2474 16 49
2475 1 32
2476 4 11
2477 1 0
2478 17 43
2479 1 23
2480 1 24
2481 13 37
2482 13 49
2483 47 12
2484 14 22
2485 41 29
2486 43 30
2487 46 25
2488 48 34
2489 15 25
2490 47 28
2491 10 16
2492 42 29
2493 41 34
2494 17 5
2495 12 13
2496 16 22
2497 35 28
2498 20 29
2499 47 27
2500 12 0
2501 47 28
2502 4 14
2503 4 2
2504 48 10
2505 35 5
2506 11 35
2507 15 24
2508 13 33
2509 4 10
2510 16 48
2511 14 47
2512 0 32
2513 6 4
2514 26 35
2515 3 8
2516 18 27
2517 1 30
2518 32 3
2519 45 42
2520 8 24
2521 38 40
2522 27 24
2523 8 25
2524 46 24
2525 18 17
2526 8 33
2527 47 27
2528 1 32
2529 12 33
2530 30 13
2531 32 5
2532 1 23
2533 27 20
2534 8 24
2535 49 8
2536 12 7
2537 18 26
2538 7 33
2539 47 28
2540 49 26
2541 35 4
2542 5 17
2543 13 33
2544 31 25
2545 17 0
2546 3 18
2547 21 43
2548 24 7
2549 6 47
2550 24 8
2551 2 8
2552 16 0
2553 12 49
2554 28 24
2555 30 0
2556 45 41
2557 17 0
2558 32 44
2559 42 34
2560 6 3
2561 4 24
2562 0 0
2563 4 11
2564 5 16
2565 45 42
2566 36 49
2567 48 9
2568 4 1
2569 27 35
2570 27 24
2571 10 41
2572 45 41
2573 28 47
2574 23 11
2575 37 49
2576 16 0
2577 12 8
2578 41 34
2579 49 34
2580 45 42
2581 5 47
2582 45 22
2583 13 49
2584 9 19
2585 19 29
2586 42 34
2587 37 24
2588 24 37
2589 26 20
2590 5 14
2591 31 44
2592 12 49
2593 17 42
2594 38 41
2595 2 2
2596 11 41
2597 36 49
2598 27 20
2599 25 27
2600 18 27
2601 25 37
2602 37 45
2603 18 21
2604 19 21
2605 24 33
2606 38 45
2607 16 49
2608 24 7
2609 12 14
2610 41 34
2611 31 24
2612 35 37
2613 12 33
2614 47 46
2615 31 25
2616 37 49
2617 32 48
2618 17 43
2619 18 21
2620 48 34
2621 31 20
2622 18 16
2623 44 22
2624 26 48
2625 28 49
2626 15 38
2627 28 24
2628 14 48
2629 12 7
2630 49 23
2631 8 25
2632 15 25
2633 9 20
2634 9 19
2635 36 49
2636 10 41
2637 31 48
2638 37 49
2639 11 34
2640 1 24
2641 24 37
2642 31 13
2643 31 0
2644 1 23
2645 17 0
2646 9 46
2647 19 24
2648 49 7
2649 18 17
2650 32 46
2651 42 38
2652 1 0
2653 1 18
2654 36 49
2655 19 21
2656 34 20
2657 18 26
2658 3 24
2659 42 40
2660 13 49
2661 41 18
2662 49 22
2663 25 48
2664 37 45
2665 0 0
2666 31 24
2667 45 22
2668 26 16
2669 32 48
2670 4 31
2671 43 31
2672 41 29
2673 44 27
2674 37 23
2675 25 16
2676 31 48
2677 49 25
2678 16 21
2679 45 18
2680 37 3
2681 6 4
2682 1 19
2683 41 40
2684 12 8
2685 17 4
2686 1 24
2687 18 21
2688 48 10
2689 34 28
2690 42 18
2691 0 32
2692 47 27
2693 49 8
2694 48 9
2695 11 41
2696 26 35
2697 42 34
2698 30 0
2699 35 36
2700 41 31
2701 41 34
2702 36 4
2703 16 38
2704 32 48
2705 38 40
2706 41 18
2707 1 32
2708 18 27
2709 4 14
2710 29 49
2711 2 30
2712 12 7
2713 49 26
2714 5 17
2715 5 14
2716 32 44
2717 19 21
2718 47 11
2719 8 24
2720 31 25
2721 29 47
2722 49 34
2723 27 35
2724 31 44
2725 12 13
2726 5 16
2727 6 9
2728 49 23
2729 48 10
2730 13 33
2731 49 22
2732 20 29
2733 6 47
2734 48 34
2735 37 24
2736 26 35
2737 38 3
2738 35 37
2739 4 14
2740 5 14
2741 14 47
2742 17 42
2743 5 47
2744 27 24
2745 5 17
2746 44 18
2747 42 29
2748 47 12
2749 38 45
2750 42 37
2751 26 20
2752 4 2
2753 15 22
2754 7 9
2755 12 8
2756 27 35
2757 18 16
2758 6 47
2759 28 47
2760 31 48
2761 11 0
2762 41 32
2763 12 33
2764 14 48
2765 5 47
2766 6 47
2767 11 35
2768 28 24
2769 18 17
2770 13 36
2771 18 26
2772 42 34
2773 35 20
2774 2 3
2775 4 10
2776 24 8
2777 5 16
2778 12 0
2779 13 37
2780 8 25
2781 37 3
2782 17 5
2783 27 24
2784 34 20
2785 35 36
2786 22 43
2787 29 47
2788 1 0
2789 3 19
2790 26 16
2791 35 28
2792 18 21
2793 5 47
2794 18 16
2795 12 49
2796 42 38
2797 49 25
2798 38 3
2799 21 43
2800 34 28
2801 1 30
2802 26 35
2803 42 37
2804 0 0
2805 10 41
2806 35 4
2807 28 24
2808 37 49
2809 25 26
2810 18 17
2811 25 16
2812 36 4
2813 4 14
2814 19 25
2815 17 43
2816 46 39
2817 16 20
2818 42 18
2819 3 18
2820 27 35
2821 15 38
2822 33 5
2823 30 13
2824 16 48
2825 17 42
2826 11 0
2827 17 43
2828 16 21
2829 32 44
2830 17 42
2831 37 45
2832 24 7
2833 19 29
2834 37 3
2835 12 7
2836 47 28
2837 27 24
2838 47 11
2839 14 22
2840 16 49
2841 19 24
2842 32 5
2843 11 16
2844 38 41
2845 24 8
2846 4 11
2847 45 18
2848 12 0
2849 1 0
2850 19 21
2851 8 33
2852 27 20
2853 26 16
2854 13 49
2855 44 18
2856 4 24
2857 9 20
2858 32 2
2859 6 9
2860 41 34
2861 18 16
2862 12 8
2863 13 33
2864 29 22
2865 16 22
2866 46 38
2867 25 27
2868 22 11
2869 41 31
2870 43 30
2871 26 35
2872 15 24
2873 35 28
2874 49 23
2875 11 0
2876 31 19
2877 35 20
2878 2 30
2879 31 13
2880 24 7
2881 3 19
2882 42 34
2883 18 17
2884 9 19
2885 11 41
2886 3 8
2887 31 20
2888 49 7
2889 12 0
2890 28 47
2891 32 48
2892 41 29
2893 47 6
2894 49 8
2895 47 47
2896 45 27
2897 26 20
2898 35 4
2899 12 7
2900 2 2
2901 38 45
2902 6 47
2903 36 49
2904 1 23
2905 37 23
2906 1 16
2907 41 18
2908 12 8
2909 5 17
2910 4 1
2911 25 37
2912 36 4
2913 12 7
2914 12 49
2915 5 47
2916 10 16
2917 32 4
2918 11 34
2919 16 38
2920 0 0
2921 12 8
2922 42 38
2923 46 6
2924 42 18
2925 38 3
2926 37 49
2927 41 34
2928 38 40
2929 24 8
2930 44 22
2931 20 29
2932 4 2
2933 3 31
2934 35 4
2935 45 22
2936 25 47
2937 18 16
2938 43 31
2939 25 48
2940 6 47
2941 12 14
2942 14 23
2943 17 4
2944 49 22
2945 47 46
2946 41 32
2947 44 27
2948 42 34
2949 2 3
2950 7 9
2951 31 24
2952 11 16
2953 36 49
2954 2 8
2955 49 23
2956 1 30
2957 34 28
2958 14 47
2959 49 26
2960 2 2
2961 16 48
2962 6 3
2963 0 32
2964 18 27
2965 33 2
2966 2 3
2967 13 49
2968 11 0
2969 31 19
2970 15 38
2971 18 21
2972 18 26
2973 31 44
2974 5 47
2975 37 45
2976 37 3
2977 6 9
2978 47 27
2979 10 41
2980 12 7
2981 45 41
2982 16 38
2983 6 47
2984 41 31
2985 31 0
2986 45 42
2987 25 26
2988 11 41
2989 8 24
2990 12 33
2991 45 18
2992 1 0
2993 19 21
2994 5 14
2995 47 6
2996 22 43
2997 49 25
2998 12 49
2999 25 16
3000 10 16
3001 37 49
3002 16 21
3003 16 22
3004 43 30
3005 6 4
3006 41 34
3007 18 21
3008 3 8
3009 0 16
3010 19 25
3011 9 20
3012 24 37
3013 18 17
3014 3 18
3015 37 24
3016 10 46
3017 46 6
3018 49 34
3019 42 34
3020 31 48
3021 1 16
3022 42 29
3023 16 49
3024 25 47
3025 34 20
3026 18 16
3027 44 18
3028 42 37
3029 47 28
3030 4 1
3031 1 18
3032 19 21
3033 5 16
3034 19 29
3035 2 2
3036 45 18
3037 44 18
3038 47 47
3039 23 11
3040 16 21
3041 43 31
3042 24 34
3043 2 8
3044 25 37
3045 31 46
3046 32 44
3047 35 28
3048 4 2
3049 6 3
3050 43 30
3051 3 19
3052 31 44
3053 34 28
3054 14 22
3055 28 22
3056 27 35
3057 3 8
3058 28 24
3059 1 32
3060 29 47
3061 49 7
3062 42 38
3063 2 30
3064 45 18
3065 24 7
3066 49 22
3067 48 34
3068 47 27
3069 4 1
3070 45 41
3071 42 40
3072 38 45
3073 15 22
3074 18 27
3075 10 41
3076 25 27
3077 15 38
3078 46 25
3079 2 3
3080 6 4
3081 0 16
3082 13 49
3083 36 3
3084 6 3
3085 42 37
3086 31 25
3087 43 31
3088 44 18
3089 18 26
3090 18 27
3091 2 2
3092 6 4
3093 13 36
3094 15 25
3095 5 17
3096 28 49
3097 28 47
3098 15 24
3099 4 10
3100 35 37
3101 37 3
3102 36 4
3103 30 0
3104 47 12
3105 46 24
3106 13 37
3107 35 4
3108 5 47
3109 47 6
3110 45 27
3111 27 24
3112 46 25
3113 36 3
3114 1 24
3115 8 25
3116 31 24
3117 3 18
3118 32 3
3119 37 45
3120 45 18
3121 9 46
3122 32 44
3123 2 3
3124 16 20
3125 14 48
3126 1 23
3127 22 11
3128 29 47
3129 18 17
3130 6 47
3131 25 48
3132 25 26
3133 10 46
3134 47 11
3135 28 47
3136 26 16
3137 24 8
3138 37 3
3139 33 1
3140 46 39
3141 23 11
3142 17 5
3143 3 24
3144 2 2
3145 4 11
3146 9 19
3147 18 26
3148 32 46
3149 17 43
3150 1 19
3151 29 22
3152 4 24
3153 43 30
3154 0 0
3155 12 13
3156 33 0
3157 2 8
3158 49 23
3159 32 2
3160 15 25
3161 3 19
3162 47 46
3163 14 22
3164 22 11
3165 48 9
3166 2 3
3167 45 42
3168 16 21
3169 44 27
3170 4 31
3171 47 12
3172 16 48
3173 35 36
3174 3 24
3175 49 26
3176 47 47
3177 38 41
3178 29 47
3179 17 42
3180 14 47
3181 31 46
3182 25 27
3183 24 7
3184 41 40
3185 19 24
3186 27 20
3187 25 26
3188 41 18
3189 32 48
3190 31 20
3191 1 30
3192 48 10
3193 12 8
3194 30 13
3195 25 16
3196 24 37
3197 36 4
3198 26 35
3199 35 4
3200 9 20
3201 27 35
3202 3 18
3203 16 49
3204 1 0
3205 8 24
3206 49 34
3207 4 10
3208 42 18
3209 31 19
3210 36 3
3211 46 6
3212 12 14
3213 3 19
3214 43 31
3215 26 16
3216 16 22
3217 2 2
3218 31 44
3219 18 27
3220 5 16
3221 31 48
3222 4 14
3223 13 36
3224 3 8
3225 35 28
3226 8 25
3227 12 49
3228 5 47
3229 11 16
3230 31 13
3231 49 25
3232 26 35
3233 49 22
3234 14 23
3235 12 7
3236 41 18
3237 13 37
3238 32 46
3239 45 41
3240 2 3
3241 28 47
3242 14 48
3243 37 23
3244 16 21
3245 29 47
3246 29 49
3247 47 28
3248 35 20
3249 4 24
3250 30 13
3251 16 38
3252 18 21
3253 25 47
3254 23 11
3255 32 0
3256 34 28
3257 35 5
3258 38 40
3259 4 2
3260 44 18
3261 19 21
3262 47 27
3263 19 25
3264 37 3
3265 10 16
3266 31 25
3267 42 18
3268 3 24
3269 7 33
3270 16 22
3271 6 47
3272 9 46
3273 16 21
3274 47 46
3275 3 18
3276 43 30
3277 13 49
3278 41 29
3279 43 31
3280 16 0
3281 14 47
3282 43 30
3283 48 34
3284 8 24
3285 41 32
3286 45 42
3287 22 11
3288 31 13
3289 6 3
3290 5 14
3291 4 1
3292 47 47
3293 49 8
3294 35 28
3295 2 8
3296 20 29
3297 41 18
3298 15 38
3299 18 21
3300 16 22
3301 1 18
3302 38 45
3303 34 28
3304 47 11
3305 17 4
3306 46 38
3307 15 24
3308 27 35
3309 47 46
3310 46 24
3311 11 35
3312 32 48
3313 2 2
3314 11 16
3315 24 8
3316 18 26
3317 0 32
3318 38 41
3319 44 22
3320 13 33
3321 49 26
3322 13 36
3323 31 24
3324 35 28
3325 2 3
3326 4 39
3327 2 2
3328 37 45
3329 41 34
3330 8 25
3331 17 0
3332 4 14
3333 1 24
3334 47 12
3335 19 21
3336 25 16
3337 33 0
3338 10 16
3339 38 45
3340 37 24
3341 8 33
3342 42 38
3343 26 16
3344 25 48
3345 26 35
3346 37 23
3347 18 21
3348 1 23
3349 11 16
3350 3 39
3351 34 28
3352 38 40
3353 31 25
3354 19 29
3355 35 4
3356 25 47
3357 9 19
3358 49 25
3359 38 41
3360 18 16
3361 31 48
3362 42 34
3363 49 34
3364 31 24
3365 15 25
3366 45 27
3367 37 45
3368 5 17
3369 37 24
3370 4 24
3371 1 32
3372 45 18
3373 47 47
3374 42 37
3375 47 11
3376 45 41
3377 7 9
3378 28 49
3379 35 37
3380 23 11
3381 35 36
3382 31 25
3383 6 4
3384 3 24
3385 45 22
3386 10 16
3387 29 49
3388 36 3
3389 32 0
3390 28 47
3391 47 12
3392 12 13
3393 37 3
3394 16 0
3395 32 3
3396 44 22
3397 32 44
3398 2 30
3399 11 34
3400 32 2
3401 13 37
3402 0 0
3403 25 48
3404 49 23
3405 30 1
3406 3 19
3407 12 14
3408 42 18
3409 18 17
3410 35 28
3411 34 20
3412 18 27
3413 30 0
3414 17 5
3415 43 31
3416 25 37
3417 5 14
3418 49 22
3419 1 0
3420 36 3
3421 33 0
3422 49 7
3423 28 24
3424 29 47
3425 48 9
3426 47 6
3427 1 30
3428 2 30
3429 46 6
3430 15 24
3431 28 47
3432 19 24
3433 14 22
3434 44 27
3435 15 25
3436 1 19
3437 8 24
3438 24 7
3439 48 10
3440 15 24
3441 32 0
3442 12 8
3443 42 40
3444 19 25
3445 13 36
3446 16 21
3447 43 30
3448 0 0
3449 37 3
3450 31 46
3451 36 4
3452 19 24
3453 49 8
3454 46 25
3455 34 28
3456 44 18
3457 11 41
3458 24 37
3459 1 18
3460 8 25
3461 26 20
3462 47 6
3463 12 13
3464 45 18
3465 46 24
3466 18 16
3467 5 16
3468 47 28
3469 4 2
3470 38 3
3471 12 14
3472 22 11
3473 2 3
3474 4 39
3475 37 3
3476 28 49
3477 6 3
3478 48 34
3479 38 45
3480 35 4
3481 25 16
3482 29 47
3483 49 34
3484 3 39
3485 49 26
3486 32 3
3487 29 49
3488 1 30
3489 45 22
3490 17 43
3491 31 44
3492 12 7
3493 21 43
3494 14 48
3495 3 8
3496 4 39
3497 46 6
3498 41 40
3499 12 34
3500 5 47
3501 12 0
3502 28 22
3503 30 1
3504 6 9
3505 5 17
3506 7 33
3507 16 48
3508 6 4
3509 42 40
3510 24 33
3511 41 40
3512 24 8
3513 47 6
3514 24 7
3515 35 28
3516 37 45
3517 32 44
3518 13 37
3519 31 20
3520 18 17
3521 17 0
3522 11 0
3523 4 11
3524 2 2
3525 36 4
3526 35 20
3527 37 23
3528 5 16
3529 23 11
3530 11 16
3531 15 22
3532 10 41
3533 1 19
3534 41 31
3535 48 9
3536 43 31
3537 13 36
3538 36 49
3539 44 18
3540 49 25
3541 19 21
3542 1 0
3543 17 42
3544 24 8
3545 2 8
3546 14 47
3547 47 46
3548 7 9
3549 20 29
3550 45 42
3551 47 27
3552 32 46
3553 22 43
3554 38 40
3555 16 0
3556 22 11
3557 31 44
3558 19 29
3559 42 40
3560 2 3
3561 4 14
3562 14 48
3563 35 4
3564 25 47
3565 0 32
3566 3 31
3567 1 32
3568 14 47
3569 25 48
3570 14 33
3571 41 40
3572 38 45
3573 27 24
3574 2 2
3575 6 47
3576 45 18
3577 28 49
3578 37 24
3579 32 48
3580 42 40
3581 29 49
3582 47 28
3583 25 27
3584 13 37
3585 36 4
3586 32 44
3587 30 13
3588 31 24
3589 34 20
3590 14 22
3591 31 13
3592 47 27
3593 10 46
3594 24 34
3595 31 44
3596 35 20
3597 11 41
3598 37 49
3599 12 13
3600 4 10
3601 21 43
3602 31 46
3603 18 16
3604 15 25
3605 41 18
3606 8 33
3607 12 49
3608 4 24
3609 48 10
3610 34 28
3611 37 45
3612 27 20
3613 4 31
3614 13 36
3615 41 32
3616 13 37
3617 6 3
3618 31 48
3619 48 34
3620 15 22
3621 17 4
3622 13 36
3623 23 11
3624 3 8
3625 10 16
3626 2 3
3627 6 4
3628 16 49
3629 1 24
3630 5 14
3631 17 5
3632 41 40
3633 3 18
3634 32 48
3635 28 47
3636 22 11
3637 16 20
3638 47 28
3639 46 25
3640 30 0
3641 26 16
3642 47 27
3643 47 11
3644 15 24
3645 3 39
3646 44 18
3647 6 9
3648 4 39
3649 13 33
3650 23 11
3651 38 41
3652 12 14
3653 14 22
3654 31 19
3655 41 31
3656 26 20
3657 42 38
3658 32 46
3659 12 13
3660 0 0
3661 4 1
3662 20 29
3663 38 45
3664 27 35
3665 4 14
3666 3 39
3667 3 19
3668 27 20
3669 1 23
3670 38 40
3671 17 0
3672 42 18
3673 6 3
3674 2 2
3675 16 48
3676 2 3
3677 2 30
3678 45 41
3679 45 27
3680 0 32
3681 47 28
3682 32 2
3683 42 40
3684 35 28
3685 16 38
3686 28 49
3687 18 21
3688 47 47
3689 38 3
3690 43 30
3691 46 39
3692 47 46
3693 45 42
3694 12 0
3695 32 44
3696 38 41
3697 42 37
3698 10 41
3699 37 3
3700 32 3
3701 9 46
3702 49 7
3703 49 26
3704 37 45
3705 11 16
3706 19 29
3707 11 41
3708 10 16
3709 26 35
3710 7 9
3711 42 29
3712 7 33
3713 34 28
3714 18 26
3715 15 38
3716 2 2
3717 31 20
3718 1 30
3719 1 32
3720 41 40
3721 36 49
3722 13 37
3723 4 39
3724 15 25
3725 8 33
3726 1 18
3727 49 23
3728 3 24
3729 4 11
3730 2 3
3731 2 8
3732 37 49
3733 33 0
3734 10 41
3735 44 27
3736 1 24
3737 3 39
3738 48 9
3739 35 4
3740 31 0
3741 31 46
3742 2 2
3743 25 16
3744 44 22
3745 34 20
3746 24 7
3747 5 14
3748 4 24
3749 46 6
3750 11 41
3751 9 20
3752 12 14
3753 36 3
3754 32 2
3755 16 0
3756 17 4
3757 7 33
3758 22 43
3759 22 11
3760 46 24
3761 14 48
3762 3 18
3763 1 16
3764 1 0
3765 35 37
3766 25 37
3767 12 8
3768 14 33
3769 13 36
3770 12 33
3771 41 32
3772 27 35
3773 49 34
3774 21 43
3775 5 17
3776 3 31
3777 10 41
3778 26 35
3779 27 35
3780 31 25
3781 16 49
3782 0 32
3783 20 29
3784 0 0
3785 18 27
3786 35 20
3787 12 34
3788 42 40
3789 30 0
3790 35 5
3791 25 47
3792 1 19
3793 47 27
3794 49 25
3795 18 26
3796 0 16
3797 45 22
3798 3 8
3799 4 39
3800 45 18
3801 24 37
3802 16 21
3803 38 40
3804 4 31
3805 37 3
3806 3 24
3807 11 0
3808 45 41
3809 36 49
3810 19 29
3811 31 19
3812 3 39
3813 45 42
3814 12 33
3815 26 20
3816 25 48
3817 3 31
3818 4 39
3819 47 6
3820 38 45
3821 35 4
3822 34 20
3823 26 16
3824 19 21
3825 25 26
3826 38 41
3827 12 34
3828 13 33
3829 23 11
3830 46 38
3831 46 25
3832 37 23
3833 48 10
3834 41 18
3835 37 49
3836 27 20
3837 17 0
3838 36 4
3839 4 10
3840 15 22
3841 24 33
3842 15 24
3843 11 16
3844 31 48
3845 37 24
3846 45 41
3847 38 3
3848 13 37
3849 6 4
3850 16 0
3851 11 34
3852 17 43
3853 8 33
3854 10 46
3855 4 14
3856 35 4
3857 1 32
3858 45 42
3859 41 31
3860 3 39
3861 43 31
3862 1 23
3863 41 34
3864 10 16
3865 24 8
3866 12 33
3867 6 9
3868 4 11
3869 30 13
3870 28 24
3871 44 18
3872 42 34
3873 5 47
3874 36 49
3875 36 4
3876 4 39
3877 43 30
3878 49 26
3879 48 9
3880 42 18
3881 37 49
3882 45 18
3883 31 44
3884 35 20
3885 29 47
3886 49 8
3887 11 16
3888 11 41
3889 25 16
3890 31 0
3891 36 49
3892 4 2
3893 17 42
3894 34 0
3895 4 10
3896 26 20
3897 38 40
3898 43 31
3899 45 41
3900 44 18
3901 4 11
3902 42 38
3903 16 48
3904 4 10
3905 4 24
3906 0 32
3907 32 48
3908 20 29
3909 11 35
3910 26 16
3911 17 43
3912 46 24
3913 31 24
3914 46 25
3915 4 1
3916 1 0
3917 35 28
3918 0 0
3919 7 9
3920 15 25
3921 12 7
3922 15 24
3923 24 34
3924 33 0
3925 17 42
3926 26 35
3927 43 30
3928 27 35
3929 46 24
3930 48 34
3931 5 14
3932 9 19
3933 35 36
3934 34 28
3935 8 24
3936 11 34
3937 1 0
3938 31 48
3939 9 20
3940 14 47
3941 8 25
3942 35 4
3943 28 47
3944 47 47
3945 6 3
3946 41 29
3947 42 29
3948 9 19
3949 37 23
3950 32 46
3951 46 25
3952 16 20
3953 41 18
3954 31 46
3955 41 29
3956 0 0
3957 42 37
3958 26 35
3959 1 32
3960 3 39
3961 24 33
3962 6 9
3963 47 12
3964 2 30
3965 42 38
3966 31 20
3967 12 13
3968 12 0
3969 42 18
3970 41 34
3971 12 14
3972 9 20
3973 13 49
3974 6 4
3975 4 2
3976 17 0
3977 14 48
3978 46 39
3979 1 0
3980 25 27
3981 2 8
3982 22 11
3983 18 17
3984 9 19
3985 25 37
3986 3 19
3987 38 41
3988 12 8
3989 42 37
3990 32 46
3991 47 11
3992 32 48
3993 1 16
3994 11 35
3995 19 29
3996 13 36
3997 12 7
3998 4 1
3999 37 24
4000 25 16
4001 17 5
4002 4 11
4003 14 22
4004 31 19
4005 46 38
4006 25 26
4007 49 34
4008 24 37
4009 20 29
4010 9 20
4011 1 18
4012 46 39
4013 42 38
4014 11 34
4015 11 35
4016 45 27
4017 19 25
4018 29 47
4019 35 28
4020 0 0
4021 31 20
4022 13 37
4023 4 2
4024 3 18
4025 5 16
4026 0 16
4027 42 29
4028 1 24
4029 4 31
4030 25 37
4031 11 0
4032 28 47
4033 12 49
4034 30 0
4035 32 0
4036 44 22
4037 1 0
4038 4 10
4039 29 22
4040 36 4
4041 1 23
4042 13 49
4043 0 32
4044 41 32
4045 6 47
4046 16 49
4047 45 42
4048 48 34
4049 4 11
4050 15 22
4051 47 12
4052 1 24
4053 14 47
4054 12 8
4055 48 10
4056 41 40
4057 37 45
4058 47 46
4059 25 47
4060 1 30
4061 2 30
4062 5 47
4063 23 11
4064 19 24
4065 5 17
4066 27 24
4067 24 37
4068 13 36
4069 12 0
4070 4 14
4071 5 16
4072 6 3
4073 0 0
4074 32 44
4075 9 46
4076 2 3
4077 16 38
4078 3 24
4079 15 25
4080 38 40
4081 31 13
4082 49 22
4083 31 48
4084 14 48
4085 13 37
4086 18 21
4087 17 43
4088 22 11
4089 13 36
4090 13 37
4091 42 37
4092 28 22
4093 9 19
4094 47 47
4095 33 0
4096 31 25
4097 9 20
4098 25 48
4099 18 27
4100 15 24
4101 25 37
4102 32 0
4103 3 8
4104 45 18
4105 19 25
4106 42 40
4107 47 46
4108 41 18
4109 27 20
4110 30 1
4111 46 24
4112 47 11
4113 18 16
4114 41 29
4115 41 40
4116 1 30
4117 27 35
4118 13 33
4119 48 9
4120 30 13
4121 16 48
4122 41 31
4123 13 36
4124 33 0
4125 42 38
4126 3 19
4127 16 0
4128 4 10
4129 45 41
4130 49 34
4131 10 41
4132 4 39
4133 47 28
4134 38 41
4135 16 21
4136 11 34
4137 7 33
4138 37 49
4139 17 0
4140 30 0
4141 6 4
4142 14 47
4143 1 0
4144 25 27
4145 42 18
4146 14 48
4147 29 49
4148 8 24
4149 42 34
4150 48 10
4151 24 7
4152 3 39
4153 16 20
4154 3 18
4155 2 30
4156 1 32
4157 29 22
4158 49 7
4159 36 49
4160 4 1
4161 41 34
4162 2 2
4163 41 32
4164 31 13
4165 34 28
4166 19 24
4167 9 19
4168 12 13
4169 31 46
4170 31 44
4171 37 23
4172 0 0
4173 16 49
4174 44 18
4175 4 11
4176 0 32
4177 1 23
4178 24 8
4179 38 40
4180 42 40
4181 24 34
4182 37 49
4183 41 31
4184 3 31
4185 48 9
4186 26 20
4187 16 0
4188 3 19
4189 12 49
4190 4 2
4191 19 21
4192 47 12
4193 35 4
4194 19 25
4195 2 8
4196 31 19
4197 45 42
4198 18 26
4199 5 17
4200 1 16
4201 4 31
4202 47 47
4203 28 49
4204 46 25
4205 1 32
4206 23 11
4207 48 34
4208 4 39
4209 32 0
4210 24 37
4211 49 25
4212 10 46
4213 13 49
4214 9 20
4215 29 47
4216 9 19
4217 13 37
4218 25 47
4219 45 22
4220 5 14
4221 18 17
4222 49 26
4223 42 37
4224 16 21
4225 44 22
4226 12 7
4227 6 47
4228 27 20
4229 8 25
4230 15 38
4231 17 4
4232 47 11
4233 46 6
4234 49 25
4235 1 30
4236 5 47
4237 41 32
4238 49 8
4239 47 12
4240 41 31
4241 22 11
4242 6 3
4243 7 9
4244 18 16
4245 12 34
4246 19 29
4247 48 10
4248 14 22
4249 4 10
4250 47 6
4251 16 38
4252 4 24
4253 49 34
4254 16 22
4255 28 24
4256 3 31
4257 1 0
4258 15 25
4259 9 46
4260 14 47
4261 49 26
4262 49 7
4263 3 24
4264 28 22
4265 46 38
4266 29 49
4267 4 24
4268 28 47
4269 32 3
4270 13 36
4271 17 42
4272 30 1
4273 31 20
4274 18 17
4275 27 24
4276 6 9
4277 2 3
4278 26 20
4279 42 29
4280 6 4
4281 49 8
4282 15 24
4283 14 48
4284 2 30
4285 29 47
4286 4 31
4287 26 35
4288 49 23
4289 24 33
4290 23 11
4291 32 46
4292 30 13
4293 22 43
4294 46 24
4295 16 21
4296 33 0
4297 4 1
4298 8 33
4299 32 0
4300 41 29
4301 35 37
4302 43 31
4303 7 33
4304 25 48
4305 28 49
4306 1 24
4307 17 43
4308 49 22
4309 41 40
4310 46 39
4311 46 25
4312 8 33
4313 42 38
4314 37 24
4315 10 16
4316 3 39
4317 25 47
4318 24 7
4319 7 9
4320 9 20
4321 21 43
4322 26 16
4323 11 0
4324 0 32
4325 14 47
4326 6 3
4327 11 16
4328 41 32
4329 22 11
4330 3 24
4331 4 14
4332 18 16
4333 44 27
4334 0 0
4335 27 35
4336 1 23
4337 20 29
4338 4 2
4339 5 16
4340 47 11
4341 31 46
4342 4 39
4343 4 11
4344 8 24
4345 8 25
4346 46 6
4347 47 46
4348 1 19
4349 28 47
4350 45 18
4351 38 41
4352 36 4
4353 1 18
4354 42 29
4355 13 37
4356 15 25
4357 4 10
4358 3 8
4359 29 47
4360 15 38
4361 35 4
4362 32 48
4363 31 48
4364 31 19
4365 49 23
4366 45 22
4367 1 24
4368 6 9
4369 17 42
4370 35 28
4371 49 25
4372 17 5
4373 23 11
4374 17 4
4375 22 11
4376 49 22
4377 14 48
4378 46 38
4379 42 37
4380 36 49
4381 23 11
4382 11 34
4383 49 23
4384 16 38
4385 44 18
4386 25 16
4387 36 4
4388 45 41
4389 17 5
4390 31 24
4391 10 46
4392 26 16
4393 2 8
4394 28 47
4395 11 41
4396 45 42
4397 41 29
4398 47 27
4399 7 33
4400 32 2
4401 35 36
4402 38 45
4403 12 33
4404 1 0
4405 32 3
4406 30 0
4407 13 36
4408 25 48
4409 31 13
4410 29 22
4411 3 31
4412 32 2
4413 1 19
4414 31 20
4415 22 43
4416 7 9
4417 15 38
4418 16 38
4419 8 33
4420 15 24
4421 19 29
4422 17 43
4423 16 48
4424 16 49
4425 5 14
4426 6 47
4427 48 34
4428 37 23
4429 0 0
4430 24 34
4431 32 44
4432 10 16
4433 47 6
4434 38 40
4435 32 48
4436 37 24
4437 31 25
4438 45 41
4439 1 32
4440 3 39
4441 10 41
4442 31 44
4443 35 37
4444 37 23
4445 4 39
4446 11 41
4447 16 48
4448 0 32
4449 29 49
4450 4 31
4451 6 4
4452 30 1
4453 34 28
4454 37 24
4455 35 28
4456 3 18
4457 16 49
4458 28 24
4459 28 49
4460 4 14
4461 42 34
4462 19 24
4463 5 17
4464 30 0
4465 45 27
4466 7 33
4467 14 47
4468 3 39
4469 37 45
4470 32 44
4471 6 9
4472 26 35
4473 18 17
4474 17 42
4475 17 0
4476 45 18
4477 17 43
4478 10 41
4479 22 11
4480 35 4
4481 37 23
4482 5 14
4483 11 16
4484 12 14
4485 38 41
4486 17 4
4487 13 37
4488 16 48
4489 4 14
4490 48 9
4491 4 1
4492 41 31
4493 47 47
4494 33 0
4495 20 29
4496 11 41
4497 37 24
4498 37 49
4499 5 16
4500 1 32
4501 31 48
4502 25 47
4503 46 24
4504 4 39
4505 16 22
4506 44 27
4507 49 7
4508 41 32
4509 29 47
4510 2 2
4511 31 19
4512 27 20
4513 41 31
4514 47 12
4515 31 24
4516 25 26
4517 8 33
4518 31 25
4519 46 6
4520 46 39
4521 44 18
4522 12 8
4523 3 19
4524 17 5
4525 32 48
4526 13 36
4527 1 0
4528 47 6
4529 7 9
4530 5 14
4531 12 49
4532 19 25
4533 31 24
4534 6 3
4535 47 11
4536 4 11
4537 1 18
4538 5 47
4539 49 8
4540 8 24
4541 3 8
4542 18 21
4543 4 2
4544 38 40
4545 10 41
4546 38 45
4547 12 13
4548 45 27
4549 37 3
4550 15 38
4551 49 26
4552 46 6
4553 34 28
4554 5 17
4555 27 24
4556 17 4
4557 6 4
4558 42 29
4559 41 34
4560 8 25
4561 1 23
4562 11 41
4563 28 22
4564 9 46
4565 29 49
4566 38 41
4567 8 24
4568 25 37
4569 2 8
4570 31 20
4571 44 22
4572 36 49
4573 35 28
4574 47 28
4575 8 25
4576 10 16
4577 4 14
4578 34 20
4579 34 28
4580 17 42
4581 11 16
4582 24 8
4583 30 13
4584 18 16
4585 0 0
4586 35 28
4587 6 3
4588 17 43
4589 14 48
4590 25 27
4591 36 4
4592 6 9
4593 32 3
4594 45 18
4595 10 46
4596 12 14
4597 4 24
4598 31 44
4599 44 27
4600 49 34
4601 37 49
4602 9 19
4603 0 16
4604 37 45
4605 19 29
4606 37 23
4607 38 3
4608 1 16
4609 5 14
4610 42 38
4611 48 10
4612 32 44
4613 1 0
4614 49 7
4615 4 1
4616 10 41
4617 13 33
4618 45 22
4619 25 16
4620 16 0
4621 37 24
4622 12 34
4623 29 22
4624 42 40
4625 37 23
4626 28 47
4627 31 19
4628 32 0
4629 16 38
4630 41 32
4631 3 39
4632 3 31
4633 32 2
4634 7 33
4635 15 38
4636 23 11
4637 34 28
4638 41 29
4639 0 32
4640 48 9
4641 4 31
4642 3 31
4643 47 46
4644 16 49
4645 46 38
4646 36 49
4647 25 48
4648 21 43
4649 16 38
4650 35 4
4651 4 14
4652 35 20
4653 7 9
4654 49 22
4655 35 28
4656 14 33
4657 17 5
4658 31 25
4659 2 3
4660 15 25
4661 0 16
4662 24 37
4663 38 45
4664 11 41
4665 22 43
4666 6 9
4667 1 19
4668 41 18
4669 31 24
4670 48 10
4671 31 20
4672 9 46
4673 47 12
4674 37 45
4675 44 22
4676 26 16
4677 47 11
4678 42 29
4679 1 30
4680 28 49
4681 49 25
4682 1 16
4683 36 4
4684 47 6
4685 9 20
4686 2 30
4687 29 47
4688 16 21
4689 10 41
4690 41 29
4691 12 13
4692 18 27
4693 28 22
4694 47 47
4695 29 22
4696 47 12
4697 47 46
4698 31 44
4699 11 41
4700 31 25
4701 34 20
4702 4 31
4703 19 21
4704 47 27
4705 12 33
4706 32 46
4707 16 48
4708 24 7
4709 3 31
4710 6 47
4711 45 22
4712 37 49
4713 35 4
4714 45 27
4715 47 11
4716 31 24
4717 16 22
4718 12 34
4719 10 46
4720 5 14
4721 4 14
4722 0 16
4723 8 33
4724 16 49
4725 42 29
4726 5 16
4727 1 24
4728 37 24
4729 12 14
4730 3 18
4731 13 37
4732 42 18
4733 49 23
4734 41 31
4735 21 43
4736 46 39
4737 4 39
4738 48 34
4739 3 8
4740 4 31
4741 7 33
4742 13 36
4743 9 19
4744 28 24
4745 15 38
4746 3 39
4747 9 20
4748 5 14
4749 4 39
4750 49 22
4751 42 34
4752 47 47
4753 49 8
4754 47 12
4755 5 17
4756 12 33
4757 41 32
4758 27 35
4759 24 8
4760 16 21
4761 18 26
4762 36 49
4763 25 47
4764 31 46
4765 24 33
4766 1 18
4767 37 3
4768 17 0
4769 8 24
4770 25 48
4771 49 7
4772 47 11
4773 49 34
4774 18 21
4775 14 47
4776 27 24
4777 43 30
4778 18 27
4779 42 37
4780 44 18
4781 28 22
4782 46 6
4783 13 49
4784 16 48
4785 26 20
4786 38 40
4787 29 22
4788 26 35
4789 1 16
4790 25 37
4791 48 9
4792 46 25
4793 28 24
4794 16 38
4795 12 49
4796 12 13
4797 49 8
4798 25 47
4799 47 6
4800 15 24
4801 0 16
4802 12 0
4803 15 25
4804 1 16
4805 1 19
4806 14 32
4807 12 14
4808 36 3
4809 28 22
4810 12 7
4811 15 24
4812 15 25
4813 15 24
4814 5 47
4815 1 32
4816 35 5
4817 3 39
4818 2 8
4819 35 4
4820 24 37
4821 27 20
4822 46 38
4823 31 13
4824 45 18
4825 45 42
4826 15 25
4827 44 27
4828 27 24
4829 35 20
4830 31 19
4831 31 20
4832 25 48
4833 6 4
4834 13 49
4835 44 22
4836 47 12
4837 37 3
4838 3 8
4839 15 38
4840 13 33
4841 10 16
4842 45 41
4843 1 30
4844 32 44
4845 4 39
4846 17 42
4847 8 25
4848 34 28
4849 3 19
4850 5 16
4851 4 14
4852 17 43
4853 41 18
4854 45 42
4855 34 20
4856 49 23
4857 47 46
4858 12 13
4859 22 11
4860 38 45
4861 27 35
4862 12 8
4863 35 20
4864 36 4
4865 37 23
4866 30 1
4867 42 38
4868 9 19
4869 1 18
4870 28 24
4871 47 28
4872 17 4
4873 41 34
4874 17 5
4875 3 39
4876 17 4
4877 38 3
4878 6 47
4879 16 38
4880 9 20
4881 44 18
4882 49 22
4883 7 9
4884 37 49
4885 15 24
4886 2 8
4887 26 35
4888 48 10
4889 45 41
4890 31 44
4891 42 37
4892 12 14
4893 43 31
4894 12 33
4895 41 40
4896 49 23
4897 45 42
4898 41 31
4899 3 24
4900 48 9
4901 3 18
4902 31 48
4903 19 24
4904 15 38
4905 31 25
4906 32 3
4907 37 45
4908 43 30
4909 32 44
4910 4 24
4911 41 32
4912 47 27
4913 47 11
4914 37 24
4915 2 2
4916 31 19
4917 49 26
4918 42 18
4919 38 45
4920 8 33
4921 17 42
4922 5 47
4923 5 14
4924 13 37
4925 26 20
4926 32 48
4927 8 24
4928 6 9
4929 4 10
4930 47 28
4931 29 49
4932 47 47
4933 5 17
4934 47 46
4935 19 25
4936 2 30
4937 47 47
4938 49 7
4939 31 20
4940 28 47
4941 16 0
4942 25 37
4943 3 24
4944 27 20
4945 18 26
4946 45 18
4947 18 17
4948 41 31
4949 31 44
4950 18 27
4951 47 46
4952 1 19
4953 31 48
4954 12 49
4955 14 48
4956 5 16
4957 10 41
4958 24 34
4959 11 41
4960 36 49
4961 19 24
4962 32 48
4963 16 22
4964 11 16
4965 14 47
4966 46 24
4967 4 11
4968 3 19
4969 42 40
4970 45 41
4971 16 49
4972 1 30
4973 3 8
4974 31 24
4975 8 25
4976 29 47
4977 25 47
4978 41 40
4979 18 16
4980 37 23
4981 6 3
4982 32 46
4983 28 47
4984 31 19
4985 16 48
4986 0 32
4987 41 32
4988 4 2
4989 29 22
4990 7 33
4991 17 43
4992 8 24
4993 41 18
4994 15 25
4995 19 21
4996 31 20
4997 13 36
4998 31 19
4999 48 10
5000 45 27
5001 35 28
5002 12 13
5003 35 36
5004 34 20
5005 30 13
5006 37 24
5007 18 26
5008 6 47
5009 28 49
5010 45 22
5011 12 14
5012 41 31
5013 18 21
5014 24 37
5015 10 16
5016 42 38
5017 14 23
5018 37 45
5019 35 20
5020 31 46
5021 32 46
5022 17 5
5023 14 48
5024 28 22
5025 42 18
5026 30 0
5027 12 13
5028 41 29
5029 45 42
5030 4 24
5031 20 29
5032 17 4
5033 41 18
5034 49 22
5035 26 20
5036 29 49
5037 47 12
5038 6 4
5039 2 30
5040 48 34
5041 27 24
5042 2 3
5043 1 18
5044 2 2
5045 0 16
5046 9 46
5047 9 19
5048 4 14
5049 18 17
5050 22 43
5051 0 0
5052 18 16
5053 24 33
5054 37 49
5055 7 9
5056 42 29
5057 28 49
5058 24 7
5059 14 33
5060 36 49
5061 47 27
5062 41 29
5063 1 30
5064 35 4
5065 42 37
5066 28 24
5067 11 0
5068 37 49
5069 46 25
5070 44 22
5071 46 6
5072 15 24
5073 14 32
5074 16 49
5075 47 28
5076 3 18
5077 42 18
5078 18 27
5079 14 22
5080 5 47
5081 5 17
5082 3 31
5083 18 26
5084 23 11
5085 13 33
5086 22 11
5087 49 8
5088 25 48
5089 17 5
5090 5 16
5091 10 41
5092 47 11
5093 16 21
5094 4 39
5095 30 1
5096 6 9
5097 44 27
5098 44 18
5099 12 33
5100 19 25
5101 12 14
5102 45 22
5103 25 47
5104 16 38
5105 44 22
5106 42 29
5107 42 40
5108 29 47
5109 43 31
5110 18 17
5111 28 47
5112 37 23
5113 46 24
5114 33 0
5115 37 3
5116 16 22
5117 41 18
5118 34 28
5119 5 14
5120 13 33
5121 12 33
5122 27 24
5123 45 27
5124 14 23
5125 2 3
5126 31 20
5127 15 25
5128 32 0
5129 43 30
5130 31 25
5131 3 24
5132 21 43
5133 8 33
5134 2 2
5135 42 38
5136 1 23
5137 41 40
5138 42 40
5139 14 22
5140 30 0
5141 27 20
5142 41 29
5143 4 24
5144 36 4
5145 24 8
5146 5 17
5147 25 16
5148 24 34
5149 15 38
5150 17 0
5151 4 1
5152 35 4
5153 43 31
5154 42 29
5155 12 13
5156 33 0
5157 8 25
5158 13 37
5159 13 33
5160 48 9
5161 5 16
5162 26 16
5163 15 24
5164 16 21
5165 18 16
5166 43 30
5167 12 0
5168 17 4
5169 3 39
5170 36 4
5171 19 21
5172 48 10
5173 12 33
5174 26 20
5175 12 14
5176 35 28
5177 34 28
5178 11 41
5179 11 16
5180 12 7
5181 22 43
5182 28 24
5183 38 45
5184 15 22
5185 29 47
5186 47 47
5187 11 0
5188 34 20
5189 31 19
5190 2 8
5191 15 25
5192 25 48
5193 2 30
5194 10 46
5195 16 38
5196 18 27
5197 45 18
5198 4 2
5199 25 47
5200 49 25
5201 15 38
5202 35 28
5203 29 22
5204 34 28
5205 31 24
5206 1 16
5207 9 46
5208 4 39
5209 25 37
5210 25 16
5211 16 20
5212 18 21
5213 25 26
5214 49 7
5215 35 4
5216 4 14
5217 13 49
5218 17 5
5219 5 14
5220 9 20
5221 24 37
5222 46 25
5223 35 37
5224 18 17
5225 3 24
5226 13 33
5227 47 46
5228 41 32
5229 7 33
5230 42 18
5231 36 49
5232 42 37
5233 45 41
5234 24 33
5235 2 3
5236 1 32
5237 25 37
5238 3 19
5239 45 42
5240 47 27
5241 8 33
5242 45 41
5243 44 18
5244 15 24
5245 12 33
5246 31 25
5247 14 33
5248 41 31
5249 4 14
5250 14 47
5251 7 33
5252 0 16
5253 25 48
5254 41 29
5255 49 26
5256 25 27
5257 21 43
5258 13 36
5259 14 48
5260 31 46
5261 15 25
5262 16 38
5263 32 2
5264 41 18
5265 1 19
5266 31 20
5267 31 13
5268 41 40
5269 17 42
5270 8 33
5271 22 43
5272 47 28
5273 32 46
5274 23 11
5275 36 4
5276 35 36
5277 37 45
5278 37 49
5279 12 0
5280 27 20
5281 45 42
5282 49 25
5283 17 43
5284 3 18
5285 38 41
5286 6 47
5287 31 24
5288 19 21
5289 1 30
5290 49 26
5291 21 43
5292 42 29
5293 17 42
5294 12 34
5295 12 13
5296 12 33
5297 47 47
5298 45 22
5299 44 22
5300 28 47
5301 12 34
5302 28 22
5303 41 32
5304 45 41
5305 12 49
5306 16 21
5307 13 37
5308 37 24
5309 5 14
5310 6 3
5311 31 46
5312 45 22
5313 1 0
5314 18 16
5315 27 35
5316 24 7
5317 19 24
5318 37 23
5319 3 19
5320 4 10
5321 31 48
5322 47 27
5323 49 34
5324 49 25
5325 41 31
5326 0 0
5327 14 22
5328 42 40
5329 4 11
5330 4 24
5331 13 36
5332 1 24
5333 19 29
5334 29 22
5335 47 6
5336 14 47
5337 44 22
5338 26 20
5339 42 38
5340 3 24
5341 14 48
5342 26 35
5343 17 43
5344 2 30
5345 28 22
5346 4 1
5347 13 37
5348 42 18
5349 42 37
5350 41 40
5351 15 38
5352 22 43
5353 49 23
5354 10 41
5355 4 31
5356 35 4
5357 46 24
5358 31 0
5359 15 24
5360 21 43
5361 44 27
5362 12 33
5363 12 14
5364 12 8
5365 5 47
5366 6 47
5367 12 7
5368 5 47
5369 45 18
5370 26 16
5371 36 3
5372 1 30
5373 25 47
5374 3 39
5375 45 22
5376 44 22
5377 29 47
5378 32 3
5379 12 8
5380 4 10
5381 11 0
5382 18 26
5383 45 27
5384 31 25
5385 25 26
5386 46 25
5387 43 31
5388 49 26
5389 42 38
5390 9 19
5391 48 9
5392 17 4
5393 32 46
5394 24 8
5395 7 9
5396 28 47
5397 4 39
5398 25 16
5399 4 14
5400 16 48
5401 32 48
5402 43 30
5403 20 29
5404 15 25
5405 49 25
5406 3 8
5407 19 25
5408 38 40
5409 24 7
5410 1 16
5411 49 22
5412 15 22
5413 4 2
5414 4 1
5415 31 48
5416 22 43
5417 29 22
5418 14 22
5419 42 37
5420 8 24
5421 30 13
5422 27 20
5423 26 16
5424 49 23
5425 32 2
5426 28 22
5427 46 6
5428 13 49
5429 29 47
5430 5 17
5431 18 27
5432 9 20
5433 47 46
5434 2 30
5435 42 38
5436 48 10
5437 31 46
5438 37 24
5439 47 28
5440 6 9
5441 16 0
5442 47 6
5443 46 39
5444 32 44
5445 3 31
5446 2 8
5447 12 49
5448 27 35
5449 31 13
5450 4 11
5451 28 47
5452 49 22
5453 35 20
5454 0 32
5455 13 36
5456 29 22
5457 31 44
5458 10 46
5459 25 16
5460 16 22
5461 30 0
5462 7 9
5463 13 37
5464 18 26
5465 13 36
5466 30 13
5467 42 37
5468 26 16
5469 16 49
5470 13 49
5471 12 13
5472 32 44
5473 25 16
5474 17 42
5475 3 39
5476 44 27
5477 26 35
5478 35 5
5479 31 0
5480 18 21
5481 6 9
5482 4 31
5483 9 19
5484 27 24
5485 11 41
5486 16 21
5487 4 10
5488 13 37
5489 10 16
5490 25 48
5491 47 27
5492 46 38
5493 31 24
5494 5 16
5495 0 16
5496 12 7
5497 18 27
5498 31 25
5499 18 17
5500 6 47
5501 10 41
5502 1 16
5503 32 46
5504 31 46
5505 29 49
5506 1 32
5507 24 37
5508 44 18
5509 0 32
5510 12 8
5511 16 38
5512 28 24
5513 29 47
5514 47 12
5515 31 24
5516 18 16
5517 36 49
5518 49 26
5519 12 7
5520 38 45
5521 31 44
5522 24 8
5523 45 22
5524 35 28
5525 1 30
5526 3 8
5527 49 8
5528 32 44
5529 1 23
5530 48 9
5531 15 22
5532 17 0
5533 12 0
5534 42 38
5535 14 32
5536 4 39
5537 43 31
5538 4 2
5539 12 49
5540 46 6
5541 24 7
5542 9 20
5543 15 38
5544 44 22
5545 14 22
5546 27 24
5547 47 6
5548 32 46
5549 35 37
5550 37 45
5551 49 7
5552 13 49
5553 19 24
5554 26 20
5555 31 46
5556 8 25
5557 3 18
5558 32 3
5559 12 14
5560 49 23
5561 2 8
5562 16 0
5563 32 48
5564 25 37
5565 12 13
5566 19 25
5567 48 10
5568 28 24
5569 38 45
5570 9 19
5571 37 23
5572 27 20
5573 30 0
5574 22 11
5575 46 24
5576 13 36
5577 32 46
5578 37 24
5579 19 24
5580 5 17
5581 11 16
5582 21 43
5583 37 45
5584 35 4
5585 5 16
5586 41 29
5587 24 8
5588 17 5
5589 46 25
5590 27 24
5591 26 16
5592 13 33
5593 15 32
5594 31 25
5595 45 42
5596 31 46
5597 31 19
5598 42 29
5599 31 13
5600 11 41
5601 28 49
5602 45 22
5603 19 21
5604 8 24
5605 28 24
5606 34 28
5607 1 24
5608 32 46
5609 28 47
5610 14 32
5611 35 28
5612 17 0
5613 34 20
5614 13 37
5615 4 24
5616 17 43
5617 41 32
5618 48 9
5619 3 8
5620 1 0
5621 2 2
5622 5 17
5623 31 48
5624 35 36
5625 32 48
5626 26 20
5627 18 21
5628 9 20
5629 31 20
5630 32 0
5631 31 48
5632 2 8
5633 37 3
5634 13 36
5635 11 0
5636 41 18
5637 5 47
5638 42 34
5639 9 46
5640 23 11
5641 33 0
5642 3 24
5643 1 18
5644 34 28
5645 19 29
5646 35 20
5647 44 22
5648 8 25
5649 49 8
5650 25 27
5651 37 23
5652 31 44
5653 24 34
5654 16 22
5655 3 31
5656 29 47
5657 47 28
5658 41 31
5659 29 49
5660 17 42
5661 43 30
5662 1 19
5663 28 49
5664 1 23
5665 45 18
5666 3 8
5667 46 24
5668 25 47
5669 24 37
5670 34 20
5671 44 18
5672 22 43
5673 12 33
5674 32 48
5675 36 4
5676 1 18
5677 47 11
5678 29 49
5679 25 37
5680 4 31
5681 37 49
5682 27 20
5683 47 27
5684 28 49
5685 32 0
5686 8 24
5687 14 33
5688 28 47
5689 0 0
5690 16 0
5691 7 33
5692 8 25
5693 38 3
5694 45 27
5695 12 8
5696 36 49
5697 47 28
5698 6 4
5699 4 1
5700 46 39
5701 41 32
5702 14 32
5703 14 23
5704 35 28
5705 2 30
5706 16 38
5707 6 3
5708 22 11
5709 46 6
5710 9 19
5711 25 48
5712 45 18
5713 21 43
5714 2 8
5715 32 2
5716 25 16
5717 49 22
5718 4 24
5719 16 48
5720 13 37
5721 1 24
5722 44 18
5723 4 2
5724 27 24
5725 41 31
5726 17 43
5727 13 36
5728 8 33
5729 35 20
5730 27 35
5731 16 49
5732 47 27
5733 10 41
5734 38 45
5735 42 37
5736 14 47
5737 31 48
5738 14 33
5739 41 29
5740 47 12
5741 42 38
5742 1 0
5743 49 23
5744 19 25
5745 33 0
5746 32 0
5747 9 20
5748 34 28
5749 3 31
5750 46 38
5751 8 24
5752 42 37
5753 10 16
5754 12 0
5755 42 18
5756 45 22
5757 31 19
5758 43 31
5759 45 41
5760 23 11
5761 42 38
5762 32 44
5763 49 22
5764 14 48
5765 16 21
5766 49 7
5767 10 46
5768 45 42
5769 13 37
5770 34 20
5771 26 20
5772 26 35
5773 0 0
5774 5 14
5775 5 16
5776 45 41
5777 48 34
5778 42 40
5779 15 24
5780 30 13
5781 0 16
5782 44 22
5783 11 16
5784 45 42
5785 49 23
5786 19 24
5787 7 33
5788 11 0
5789 25 26
5790 47 11
5791 47 12
5792 2 3
5793 22 43
5794 1 19
5795 12 0
5796 31 46
5797 1 32
5798 16 48
5799 30 1
5800 4 31
5801 29 49
5802 37 45
5803 38 45
5804 47 47
5805 2 2
5806 29 47
5807 35 28
5808 49 22
5809 41 40
5810 1 16
5811 49 23
5812 26 16
5813 41 34
5814 1 30
5815 31 44
5816 47 6
5817 45 22
5818 6 4
5819 49 34
5820 1 18
5821 37 24
5822 19 25
5823 0 16
5824 27 20
5825 4 14
5826 24 33
5827 37 49
5828 33 0
5829 24 7
5830 9 19
5831 32 3
5832 2 30
5833 13 36
5834 37 3
5835 38 3
5836 47 28
5837 27 35
5838 1 30
5839 1 19
5840 0 32
5841 17 42
5842 34 28
5843 42 40
5844 11 0
5845 35 20
5846 44 27
5847 25 16
5848 3 31
5849 31 13
5850 45 18
5851 32 44
5852 24 8
5853 7 9
5854 49 22
5855 46 39
5856 2 3
5857 47 46
5858 14 22
5859 15 25
5860 32 48
5861 28 49
5862 5 14
5863 2 2
5864 15 38
5865 24 37
5866 12 0
5867 6 9
5868 1 32
5869 28 47
5870 3 8
5871 34 20
5872 12 7
5873 15 22
5874 20 29
5875 13 37
5876 37 45
5877 31 48
5878 41 18
5879 0 32
5880 17 43
5881 8 25
5882 2 30
5883 41 40
5884 46 25
5885 36 49
5886 2 8
5887 11 0
5888 1 18
5889 16 49
5890 2 3
5891 32 0
5892 3 8
5893 49 23
5894 3 39
5895 14 32
5896 24 34
5897 13 36
5898 45 41
5899 17 4
5900 22 11
5901 43 30
5902 48 10
5903 42 40
5904 32 46
5905 14 47
5906 19 29
5907 9 20
5908 30 0
5909 44 22
5910 16 48
5911 14 48
5912 4 11
5913 5 17
5914 4 31
5915 29 47
5916 4 1
5917 32 48
5918 28 24
5919 16 38
5920 10 16
5921 13 33
5922 32 2
5923 45 22
5924 1 0
5925 46 24
5926 26 35
5927 4 10
5928 5 16
5929 45 27
5930 47 11
5931 47 12
5932 19 24
5933 11 41
5934 19 25
5935 26 16
5936 1 23
5937 44 18
5938 0 0
5939 26 20
5940 29 49
5941 49 8
5942 46 25
5943 5 17
5944 15 24
5945 4 39
5946 21 43
5947 6 47
5948 37 49
5949 27 35
5950 9 19
5951 4 11
5952 23 11
5953 49 7
5954 48 34
5955 28 47
5956 44 27
5957 28 49
5958 46 24
5959 35 37
5960 3 39
5961 1 19
5962 32 3
5963 35 4
5964 25 47
5965 45 18
5966 28 22
5967 4 2
5968 29 49
5969 4 1
5970 29 47
5971 42 34
5972 38 41
5973 3 19
5974 9 46
5975 8 33
5976 6 3
5977 47 47
5978 43 31
5979 35 36
5980 31 20
5981 32 2
5982 10 46
5983 22 11
5984 7 33
5985 33 0
5986 18 26
5987 8 24
5988 1 24
5989 25 16
5990 28 49
5991 37 3
5992 46 25
5993 9 46
5994 17 42
5995 36 4
5996 12 0
5997 3 18
5998 42 29
5999 19 24
6000 38 40
6001 12 49
6002 29 22
6003 46 6
6004 22 43
6005 13 49
6006 47 6
6007 17 5
6008 4 2
6009 38 41
6010 48 9
6011 15 32
6012 43 30
6013 24 33
6014 1 18
6015 1 19
6016 11 0
6017 3 31
6018 4 10
6019 17 43
6020 25 27
6021 4 1
6022 26 35
6023 3 19
6024 10 46
6025 44 22
6026 17 42
6027 1 23
6028 46 38
6029 18 27
6030 27 20
6031 47 27
6032 19 25
6033 27 24
6034 18 26
6035 3 24
6036 31 19
6037 42 18
6038 41 32
6039 5 16
6040 18 27
6041 12 14
6042 47 46
6043 4 24
6044 1 32
6045 1 0
6046 28 24
6047 44 18
6048 17 4
6049 31 0
6050 16 20
6051 16 21
6052 49 25
6053 4 14
6054 6 4
6055 45 18
6056 8 33
6057 26 20
6058 8 25
6059 24 7
6060 31 46
6061 14 32
6062 46 24
6063 12 8
6064 41 18
6065 1 30
6066 35 28
6067 31 44
6068 10 41
6069 30 13
6070 32 46
6071 25 48
6072 19 21
6073 49 22
6074 41 29
6075 6 3
6076 36 49
6077 31 13
6078 2 30
6079 27 20
6080 1 18
6081 46 6
6082 38 40
6083 12 13
6084 29 49
6085 11 41
6086 45 42
6087 30 13
6088 16 20
6089 2 8
6090 1 30
6091 27 24
6092 13 37
6093 38 41
6094 10 41
6095 38 45
6096 1 19
6097 38 3
6098 41 34
6099 47 6
6100 46 6
6101 18 26
6102 44 18
6103 3 8
6104 34 28
6105 31 46
6106 12 7
6107 0 0
6108 37 49
6109 35 37
6110 41 31
6111 45 41
6112 19 24
6113 1 16
6114 4 11
6115 24 8
6116 47 11
6117 41 40
6118 6 4
6119 32 3
6120 18 17
6121 26 16
6122 1 24
6123 4 39
6124 43 31
6125 7 33
6126 1 0
6127 15 32
6128 14 22
6129 37 45
6130 2 30
6131 45 42
6132 12 33
6133 28 49
6134 4 31
6135 3 18
6136 3 24
6137 16 49
6138 17 43
6139 38 45
6140 45 22
6141 26 20
6142 31 20
6143 31 19
6144 1 18
6145 36 49
6146 12 8
6147 14 32
6148 27 35
6149 37 45
6150 3 19
6151 25 26
6152 42 40
6153 32 2
6154 17 0
6155 1 30
6156 32 44
6157 32 3
6158 11 16
6159 43 30
6160 27 20
6161 25 47
6162 14 47
6163 45 41
6164 47 6
6165 14 48
6166 0 32
6167 6 3
6168 48 10
6169 49 26
6170 16 0
6171 3 39
6172 41 40
6173 11 41
6174 38 45
6175 47 12
6176 1 23
6177 6 4
6178 15 38
6179 16 48
6180 14 47
6181 47 28
6182 37 49
6183 4 10
6184 15 25
6185 21 43
6186 12 0
6187 49 8
6188 46 39
6189 18 16
6190 25 16
6191 37 3
6192 2 2
6193 19 25
6194 16 21
6195 3 31
6196 35 20
6197 15 24
6198 13 33
6199 46 6
6200 2 8
6201 37 45
6202 18 27
6203 44 22
6204 49 34
6205 8 33
6206 12 33
6207 1 19
6208 43 31
6209 16 38
6210 12 49
6211 15 38
6212 15 22
6213 45 18
6214 35 4
6215 25 27
6216 36 49
6217 9 20
6218 3 8
6219 6 3
6220 17 0
6221 17 5
6222 23 11
6223 46 25
6224 7 33
6225 47 27
6226 4 39
6227 19 24
6228 13 36
6229 15 25
6230 31 24
6231 47 11
6232 46 38
6233 42 18
6234 2 3
6235 31 44
6236 4 11
6237 32 2
6238 24 34
6239 41 32
6240 42 37
6241 36 4
6242 16 49
6243 12 14
6244 22 43
6245 3 39
6246 20 29
6247 24 33
6248 38 40
6249 34 0
6250 38 45
6251 12 7
6252 18 21
6253 4 39
6254 5 14
6255 41 18
6256 42 29
6257 14 22
6258 26 20
6259 34 20
6260 25 26
6261 35 4
6262 19 25
6263 24 34
6264 45 27
6265 12 13
6266 42 34
6267 17 42
6268 42 40
6269 9 46
6270 24 33
6271 2 30
6272 3 39
6273 10 46
6274 7 9
6275 0 0
6276 28 47
6277 17 4
6278 42 38
6279 31 13
6280 2 8
6281 3 8
6282 47 28
6283 13 33
6284 6 9
6285 12 33
6286 1 18
6287 16 38
6288 41 31
6289 35 20
6290 26 16
6291 49 23
6292 8 24
6293 41 32
6294 19 29
6295 16 48
6296 47 47
6297 49 22
6298 38 41
6299 32 46
6300 25 48
6301 3 18
6302 4 10
6303 8 25
6304 13 49
6305 8 33
6306 25 37
6307 15 22
6308 0 16
6309 27 20
6310 28 24
6311 41 29
6312 16 49
6313 15 24
6314 32 3
6315 42 29
6316 10 41
6317 12 14
6318 47 12
6319 1 0
6320 42 37
6321 1 16
6322 35 36
6323 42 38
6324 42 18
6325 16 48
6326 21 43
6327 4 24
6328 47 46
6329 49 7
6330 41 31
6331 22 43
6332 22 11
6333 8 24
6334 2 8
6335 48 34
6336 14 48
6337 1 24
6338 3 8
6339 12 49
6340 25 47
6341 1 19
6342 1 32
6343 19 21
6344 2 8
6345 4 31
6346 28 22
6347 31 20
6348 7 9
6349 37 45
6350 10 16
6351 41 18
6352 32 2
6353 13 49
6354 16 49
6355 3 31
6356 11 41
6357 25 27
6358 36 3
6359 4 14
6360 8 25
6361 31 48
6362 3 8
6363 49 23
6364 42 37
6365 41 32
6366 13 37
6367 15 25
6368 26 20
6369 31 19
6370 6 4
6371 45 22
6372 47 6
6373 48 9
6374 13 33
6375 49 22
6376 24 37
6377 16 20
6378 3 24
6379 15 24
6380 45 42
6381 16 48
6382 46 6
6383 19 24
6384 34 20
6385 8 24
6386 31 20
6387 49 8
6388 47 27
6389 1 23
6390 31 25
6391 18 17
6392 41 31
6393 4 39
6394 48 10
6395 41 40
6396 49 7
6397 6 9
6398 35 20
6399 49 25
6400 37 3
6401 42 18
6402 49 23
6403 31 19
6404 1 24
6405 13 36
6406 18 21
6407 1 23
6408 49 26
6409 2 8
6410 1 18
6411 32 3
6412 11 0
6413 49 25
6414 36 3
6415 16 49
6416 17 5
6417 38 45
6418 8 25
6419 26 35
6420 41 29
6421 44 22
6422 4 11
6423 3 39
6424 45 41
6425 18 26
6426 44 18
6427 3 8
6428 29 22
6429 4 2
6430 47 6
6431 1 30
6432 31 46
6433 1 19
6434 0 32
6435 4 24
6436 45 18
6437 29 47
6438 25 26
6439 42 38
6440 4 10
6441 46 24
6442 15 38
6443 35 5
6444 3 24
6445 9 19
6446 3 19
6447 25 37
6448 27 35
6449 0 16
6450 49 34
6451 16 38
6452 41 34
6453 32 44
6454 25 16
6455 0 0
6456 49 26
6457 25 48
6458 17 43
6459 30 13
6460 15 32
6461 3 18
6462 14 22
6463 32 46
6464 46 39
6465 1 0
6466 17 42
6467 45 42
6468 46 25
6469 23 11
6470 44 27
6471 4 39
6472 48 9
6473 18 27
6474 12 33
6475 14 47
6476 47 47
6477 15 38
6478 38 40
6479 2 30
6480 9 20
6481 24 37
6482 20 29
6483 42 29
6484 1 18
6485 28 47
6486 27 20
6487 45 22
6488 31 13
6489 12 49
6490 44 22
6491 14 32
6492 18 26
6493 45 27
6494 5 14
6495 25 47
6496 17 4
6497 12 13
6498 22 11
6499 25 48
6500 17 5
6501 32 2
6502 16 48
6503 1 24
6504 46 6
6505 45 22
6506 24 34
6507 11 16
6508 43 30
6509 48 10
6510 35 4
6511 24 33
6512 24 7
6513 12 0
6514 49 8
6515 31 44
6516 29 47
6517 16 21
6518 47 11
6519 46 24
6520 13 49
6521 28 22
6522 19 29
6523 43 31
6524 31 46
6525 23 11
6526 49 25
6527 4 11
6528 2 2
6529 1 30
6530 41 18
6531 30 13
6532 7 33
6533 12 8
6534 20 29
6535 37 3
6536 16 22
6537 41 32
6538 14 33
6539 17 4
6540 32 3
6541 19 25
6542 48 34
6543 49 34
6544 37 49
6545 18 27
6546 16 49
6547 32 48
6548 37 45
6549 10 16
6550 24 34
6551 31 48
6552 33 0
6553 31 24
6554 44 22
6555 42 37
6556 4 24
6557 14 32
6558 7 9
6559 8 24
6560 35 37
6561 12 14
6562 29 22
6563 47 12
6564 44 18
6565 49 7
6566 31 13
6567 24 8
6568 41 29
6569 14 48
6570 26 35
6571 45 18
6572 9 19
6573 47 28
6574 32 48
6575 49 26
6576 13 33
6577 32 44
6578 16 0
6579 42 40
6580 25 37
6581 47 6
6582 12 49
6583 11 0
6584 17 5
6585 49 25
6586 46 25
6587 1 16
6588 18 26
6589 0 16
6590 43 30
6591 14 47
6592 37 23
6593 28 22
6594 1 19
6595 41 31
6596 2 8
6597 37 24
6598 12 0
6599 9 20
6600 38 45
6601 13 37
6602 36 4
6603 34 20
6604 41 40
6605 27 24
6606 32 2
6607 37 45
6608 43 31
6609 47 27
6610 17 0
6611 49 22
6612 25 27
6613 16 38
6614 17 43
6615 45 22
6616 48 9
6617 45 41
6618 15 32
6619 11 0
6620 38 3
6621 12 7
6622 10 41
6623 19 21
6624 32 3
6625 35 4
6626 31 44
6627 42 34
6628 30 13
6629 32 2
6630 12 13
6631 18 16
6632 4 1
6633 17 4
6634 42 29
6635 9 19
6636 34 0
6637 8 25
6638 1 18
6639 14 32
6640 1 19
6641 48 10
6642 29 22
6643 36 49
6644 14 23
6645 26 20
6646 9 20
6647 41 29
6648 41 34
6649 25 26
6650 16 48
6651 3 8
6652 31 48
6653 18 27
6654 42 38
6655 27 20
6656 15 38
6657 18 21
6658 46 6
6659 45 42
6660 31 25
6661 37 3
6662 1 18
6663 43 30
6664 48 34
6665 9 46
6666 31 24
6667 43 31
6668 25 47
6669 35 20
6670 4 31
6671 31 25
6672 16 0
6673 35 28
6674 43 30
6675 47 6
6676 38 41
6677 27 35
6678 32 48
6679 37 49
6680 9 19
6681 49 8
6682 8 33
6683 44 22
6684 47 46
6685 33 0
6686 3 19
6687 12 8
6688 36 4
6689 2 3
6690 31 48
6691 3 31
6692 2 2
6693 49 7
6694 31 24
6695 19 21
6696 11 16
6697 14 22
6698 42 34
6699 32 44
6700 34 20
6701 1 32
6702 13 36
6703 36 49
6704 1 19
6705 10 16
6706 41 32
6707 49 8
6708 46 24
6709 11 16
6710 38 40
6711 4 14
6712 1 16
6713 13 49
6714 4 10
6715 12 49
6716 6 9
6717 47 11
6718 32 3
6719 18 17
6720 37 49
6721 26 16
6722 4 11
6723 25 16
6724 8 24
6725 16 38
6726 12 0
6727 3 24
6728 7 33
6729 16 21
6730 12 7
6731 19 29
6732 49 26
6733 42 40
6734 31 13
6735 41 34
6736 2 8
6737 25 27
6738 26 16
6739 3 8
6740 12 33
6741 18 16
6742 42 29
6743 5 17
6744 24 33
6745 46 6
6746 49 23
6747 31 25
6748 49 22
6749 19 24
6750 14 33
6751 34 28
6752 0 32
6753 30 13
6754 36 49
6755 38 3
6756 15 25
6757 48 9
6758 47 12
6759 35 28
6760 45 41
6761 32 2
6762 22 11
6763 5 14
6764 44 18
6765 47 11
6766 41 40
6767 34 28
6768 45 22
6769 47 6
6770 3 39
6771 24 7
6772 5 16
6773 17 5
6774 14 32
6775 2 30
6776 31 24
6777 6 3
6778 31 25
6779 4 39
6780 45 42
6781 13 33
6782 21 43
6783 15 22
6784 10 16
6785 20 29
6786 24 8
6787 32 48
6788 2 8
6789 13 49
6790 38 45
6791 32 3
6792 17 4
6793 42 34
6794 38 41
6795 18 17
6796 4 31
6797 25 16
6798 8 33
6799 5 47
6800 16 20
6801 7 33
6802 17 0
6803 1 18
6804 15 24
6805 12 33
6806 13 37
6807 18 26
6808 45 41
6809 4 10
6810 49 7
6811 16 0
6812 49 25
6813 13 33
6814 5 17
6815 43 31
6816 34 0
6817 31 13
6818 16 49
6819 10 46
6820 16 21
6821 24 37
6822 38 40
6823 28 47
6824 38 41
6825 4 2
6826 1 19
6827 19 29
6828 4 11
6829 17 0
6830 35 20
6831 4 10
6832 37 23
6833 49 26
6834 37 45
6835 31 24
6836 28 24
6837 41 29
6838 38 45
6839 1 32
6840 6 4
6841 4 14
6842 37 3
6843 0 32
6844 12 14
6845 23 11
6846 4 24
6847 1 30
6848 37 45
6849 15 32
6850 38 45
6851 14 32
6852 27 24
6853 45 42
6854 24 34
6855 26 35
6856 25 48
6857 44 27
6858 47 28
6859 11 41
6860 11 0
6861 28 24
6862 47 27
6863 49 23
6864 18 16
6865 18 27
6866 2 30
6867 45 41
6868 12 0
6869 0 0
6870 9 20
6871 7 9
6872 11 0
6873 4 1
6874 25 47
6875 6 47
6876 44 22
6877 41 34
6878 16 48
6879 49 8
6880 8 25
6881 14 22
6882 20 29
6883 35 4
6884 18 26
6885 49 25
6886 19 25
6887 18 21
6888 31 48
6889 12 33
6890 45 18
6891 26 20
6892 29 49
6893 31 25
6894 15 22
6895 14 22
6896 19 29
6897 3 39
6898 46 25
6899 38 40
6900 38 41
6901 4 11
6902 5 47
6903 32 2
6904 44 18
6905 36 3
6906 4 39
6907 24 7
6908 45 42
6909 20 29
6910 19 24
6911 35 28
6912 10 41
6913 3 24
6914 45 41
6915 35 36
6916 4 24
6917 26 16
6918 1 32
6919 13 36
6920 17 5
6921 47 28
6922 3 39
6923 15 38
6924 6 9
6925 42 18
6926 18 17
6927 1 30
6928 48 10
6929 31 24
6930 4 39
6931 49 26
6932 34 28
6933 19 29
6934 12 13
6935 17 4
6936 42 34
6937 12 14
6938 25 16
6939 3 8
6940 4 10
6941 18 27
6942 14 33
6943 9 19
6944 33 0
6945 25 37
6946 37 45
6947 15 25
6948 47 27
6949 16 49
6950 5 14
6951 27 20
6952 16 22
6953 16 0
6954 19 21
6955 12 13
6956 1 18
6957 42 40
6958 45 18
6959 5 16
6960 11 16
6961 1 0
6962 46 24
6963 38 40
6964 9 46
6965 4 2
6966 18 26
6967 37 49
6968 16 38
6969 37 3
6970 15 24
6971 46 25
6972 49 22
6973 11 41
6974 4 14
6975 41 31
6976 26 20
6977 36 4
6978 37 24
6979 35 28
6980 10 46
6981 26 16
6982 0 16
6983 35 4
6984 49 34
6985 27 24
6986 3 18
6987 24 33
6988 8 33
6989 5 14
6990 2 3
6991 32 46
6992 25 48
6993 17 42
6994 42 37
6995 22 43
6996 0 0
6997 1 23
6998 21 43
6999 18 27
7000 7 9
7001 22 43
7002 35 37
7003 30 0
7004 25 26
7005 25 47
7006 36 49
7007 24 37
7008 19 25
7009 12 8
7010 41 40
7011 22 11
7012 46 6
7013 0 32
7014 2 8
7015 12 0
7016 21 43
7017 18 26
7018 46 24
7019 38 41
7020 32 48
7021 48 34
7022 38 40
7023 49 7
7024 17 5
7025 34 20
7026 31 46
7027 1 16
7028 35 36
7029 7 33
7030 31 20
7031 49 8
7032 17 43
7033 32 3
7034 31 44
7035 2 30
7036 20 29
7037 37 23
7038 12 34
7039 13 37
7040 24 34
7041 42 40
7042 37 24
7043 36 4
7044 12 49
7045 16 48
7046 37 23
7047 31 25
7048 0 16
7049 35 4
7050 41 40
7051 41 18
7052 16 21
7053 28 22
7054 42 40
7055 42 29
7056 46 38
7057 18 27
7058 12 33
7059 27 35
7060 10 41
7061 12 34
7062 3 19
7063 3 39
7064 27 20
7065 3 18
7066 42 38
7067 4 11
7068 25 48
7069 3 19
7070 28 49
7071 1 16
7072 29 22
7073 29 49
7074 28 49
7075 41 29
7076 25 27
7077 36 4
7078 46 25
7079 10 16
7080 9 20
7081 49 7
7082 11 0
7083 46 39
7084 42 29
7085 37 24
7086 18 21
7087 4 39
7088 9 46
7089 28 22
7090 45 27
7091 35 37
7092 37 49
7093 11 16
7094 18 16
7095 9 19
7096 8 33
7097 4 10
7098 4 1
7099 46 38
7100 17 4
7101 3 8
7102 25 37
7103 31 48
7104 30 13
7105 31 0
7106 31 24
7107 5 17
7108 31 19
7109 32 46
7110 3 18
7111 29 22
7112 44 27
7113 35 36
7114 14 48
7115 32 2
7116 17 0
7117 3 39
7118 3 31
7119 35 37
7120 17 42
7121 31 13
7122 14 47
7123 1 32
7124 41 40
7125 29 47
7126 9 20
7127 9 19
7128 15 25
7129 42 37
7130 38 45
7131 6 9
7132 6 3
7133 24 33
7134 9 20
7135 46 39
7136 16 22
7137 8 24
7138 15 38
7139 49 34
7140 9 19
7141 29 49
7142 25 26
7143 6 4
7144 12 33
7145 14 23
7146 10 16
7147 42 40
7148 47 28
7149 23 11
7150 31 46
7151 2 8
7152 12 0
7153 41 34
7154 9 20
7155 47 6
7156 45 42
7157 12 14
7158 7 33
7159 6 47
7160 28 24
7161 41 32
7162 1 19
7163 13 36
7164 24 34
7165 42 38
7166 30 0
7167 16 49
7168 24 37
7169 17 5
7170 42 18
7171 24 8
7172 19 21
7173 46 24
7174 42 34
7175 13 49
7176 31 25
7177 41 18
7178 0 16
7179 18 26
7180 12 13
7181 19 24
7182 13 37
7183 48 34
7184 38 41
7185 4 39
7186 27 24
7187 14 22
7188 46 25
7189 6 3
7190 37 45
7191 18 21
7192 3 24
7193 42 37
7194 47 47
7195 41 31
7196 45 27
7197 49 23
7198 44 27
7199 28 49
7200 46 6
7201 2 2
7202 5 16
7203 14 23
7204 38 40
7205 16 0
7206 43 30
7207 11 16
7208 42 18
7209 9 19
7210 7 9
7211 42 38
7212 14 48
7213 4 24
7214 22 11
7215 2 3
7216 32 0
7217 1 30
7218 30 13
7219 49 25
7220 45 41
7221 42 37
7222 38 45
7223 45 22
7224 15 24
7225 25 47
7226 43 31
7227 41 40
7228 3 8
7229 42 38
7230 43 30
7231 0 32
7232 32 3
7233 23 11
7234 24 7
7235 38 3
7236 19 29
7237 5 47
7238 43 31
7239 42 40
7240 14 47
7241 2 30
7242 16 48
7243 4 11
7244 37 3
7245 45 27
7246 4 2
7247 16 49
7248 2 8
7249 44 27
7250 44 18
7251 17 43
7252 47 6
7253 9 20
7254 9 19
7255 42 37
7256 17 42
7257 25 27
7258 16 48
7259 44 22
7260 46 24
7261 1 18
7262 16 38
7263 34 28
7264 28 24
7265 4 10
7266 42 38
7267 31 20
7268 15 25
7269 17 43
7270 45 27
7271 32 44
7272 16 49
7273 3 39
7274 47 12
7275 1 32
7276 36 49
7277 29 49
7278 46 6
7279 24 33
7280 25 37
7281 41 34
7282 13 36
7283 18 27
7284 32 48
7285 3 8
7286 41 40
7287 49 34
7288 4 31
7289 3 31
7290 30 1
7291 0 32
7292 45 42
7293 25 16
7294 28 49
7295 4 39
7296 31 44
7297 1 16
7298 10 16
7299 11 41
7300 28 47
7301 27 24
7302 49 8
7303 25 48
7304 41 32
7305 37 23
7306 25 47
7307 6 47
7308 35 20
7309 5 17
7310 38 3
7311 46 25
7312 25 26
7313 1 32
7314 1 30
7315 14 48
7316 20 29
7317 14 22
7318 41 31
7319 8 25
7320 4 1
7321 49 7
7322 12 49
7323 37 45
7324 16 21
7325 19 25
7326 26 20
7327 8 33
7328 37 49
7329 43 30
7330 47 6
7331 24 8
7332 15 22
7333 31 13
7334 19 21
7335 3 24
7336 11 16
7337 15 24
7338 7 33
7339 17 42
7340 46 24
7341 42 34
7342 15 25
7343 10 16
7344 41 32
7345 11 16
7346 18 26
7347 2 2
7348 32 44
7349 19 24
7350 47 27
7351 38 45
7352 17 43
7353 10 41
7354 32 2
7355 30 0
7356 35 4
7357 22 43
7358 21 43
7359 3 19
7360 4 11
7361 2 30
7362 6 4
7363 16 48
7364 36 49
7365 37 3
7366 14 47
7367 37 45
7368 4 10
7369 26 35
7370 49 26
7371 36 4
7372 25 48
7373 13 33
7374 19 25
7375 6 3
7376 30 1
7377 5 16
7378 29 47
7379 41 31
7380 14 33
7381 4 24
7382 8 24
7383 32 46
7384 19 29
7385 24 37
7386 47 46
7387 35 28
7388 22 11
7389 2 8
7390 4 31
7391 38 45
7392 12 14
7393 12 7
7394 23 11
7395 43 31
7396 45 41
7397 26 16
7398 35 4
7399 18 27
7400 1 19
7401 18 26
7402 48 9
7403 35 36
7404 46 38
7405 18 17
7406 41 32
7407 8 33
7408 4 14
7409 11 41
7410 1 18
7411 30 13
7412 49 22
7413 46 6
7414 34 20
7415 29 49
7416 31 46
7417 37 24
7418 18 16
7419 3 31
7420 1 30
7421 4 2
7422 48 34
7423 31 13
7424 25 16
7425 41 18
7426 30 13
7427 1 24
7428 6 4
7429 0 32
7430 34 28
7431 42 40
7432 1 32
7433 43 30
7434 4 31
7435 47 11
7436 0 32
7437 41 31
7438 1 0
7439 45 42
7440 41 29
7441 20 29
7442 41 34
7443 19 24
7444 17 0
7445 2 3
7446 24 34
7447 6 3
7448 36 3
7449 49 34
7450 12 8
7451 31 48
7452 19 25
7453 10 41
7454 28 49
7455 17 4
7456 37 45
7457 37 23
7458 33 0
7459 10 16
7460 31 24
7461 49 8
7462 11 0
7463 31 44
7464 25 37
7465 13 33
7466 47 28
7467 49 23
7468 7 33
7469 37 24
7470 22 11
7471 25 27
7472 19 29
7473 6 9
7474 37 49
7475 20 29
7476 19 24
7477 24 37
7478 32 46
7479 3 18
7480 5 47
7481 2 30
7482 14 48
7483 45 18
7484 30 0
7485 27 20
7486 0 16
7487 49 25
7488 16 22
7489 8 33
7490 4 11
7491 19 25
7492 1 16
7493 15 24
7494 49 26
7495 32 44
7496 24 33
7497 37 3
7498 42 18
7499 36 3
# colocadas=7500 ocupadas=100 mayor=528
