0 0 0
1 0 49
2 49 0
3 49 49
4 48 0
5 0 2
6 0 4
7 0 6
8 0 8
9 1 2
10 0 10
11 0 12
12 0 14
13 0 16
14 0 18
15 0 20
16 0 22
17 0 24
18 0 26
19 0 28
20 0 30
21 0 32
22 0 34
23 1 32
24 0 36
25 0 38
26 0 40
27 0 42
28 0 44
29 0 46
30 2 0
31 2 49
32 4 0
33 4 49
34 1 8
35 1 28
36 0 9
37 6 0
38 6 49
39 0 10
40 8 0
41 7 49
42 9 49
43 10 0
44 11 49
45 12 0
46 49 0
47 13 49
48 0 3
49 14 0
50 15 49
51 16 0
52 17 49
53 15 48
54 18 0
55 19 49
56 9 48
57 2 48
58 20 0
59 14 49
60 21 49
61 1 44
62 16 49
63 1 24
64 0 9
65 0 23
66 22 0
67 0 22
68 2 49
69 0 43
70 23 49
71 18 49
72 24 0
73 25 49
74 1 38
75 48 0
76 1 16
77 23 48
78 0 38
79 26 0
80 48 49
81 0 23
82 27 49
83 28 0
84 29 49
85 0 25
86 0 22
87 17 49
88 0 27
89 30 0
90 31 49
91 0 1
92 28 1
93 32 0
94 16 49
95 33 49
96 34 0
97 35 49
98 0 16
99 0 26
100 1 23
101 12 1
102 36 0
103 37 49
104 4 1
105 38 0
106 39 49
107 40 0
108 0 42
109 1 14
110 24 49
111 0 10
112 11 0
113 0 27
114 15 47
115 9 49
116 16 1
117 40 49
118 42 0
119 1 29
120 14 47
121 42 49
122 5 0
123 2 48
124 6 49
125 12 2
126 44 0
127 44 49
128 46 0
129 46 49
130 49 1
131 49 3
132 49 5
133 0 21
134 49 7
135 36 1
136 17 0
137 19 49
138 2 49
139 49 9
140 49 11
141 49 13
142 46 1
143 0 45
144 48 5
145 3 1
146 15 1
147 49 49
148 0 47
149 49 15
150 39 49
151 0 14
152 1 47
153 49 17
154 24 1
155 45 0
156 0 47
157 48 11
158 1 28
159 49 19
160 49 21
161 1 20
162 49 23
163 1 43
164 40 1
165 19 0
166 0 5
167 0 7
168 0 48
169 15 2
170 35 48
171 44 0
172 22 49
173 13 49
174 40 49
175 1 47
176 48 49
177 29 48
178 0 41
179 21 49
180 48 15
181 0 44
182 44 48
183 0 6
184 0 7
185 0 46
186 25 0
187 21 0
188 25 49
189 23 0
190 14 49
191 22 0
192 0 26
193 17 49
194 2 2
195 0 0
196 45 0
197 7 0
198 49 6
199 28 49
200 1 49
201 0 45
202 1 38
203 3 49
204 1 0
205 8 0
206 12 49
207 36 0
208 16 49
209 49 4
210 0 2
211 0 3
212 0 27
213 49 24
214 28 0
215 22 49
216 49 8
217 0 24
218 49 10
219 0 42
220 13 49
221 0 1
222 49 3
223 0 41
224 49 26
225 8 49
226 9 49
227 0 33
228 49 4
229 4 49
230 34 1
231 1 31
232 43 49
233 49 28
234 36 49
235 44 47
236 0 39
237 0 19
238 0 25
239 0 35
240 23 47
241 47 11
242 46 2
243 0 26
244 0 0
245 46 11
246 0 42
247 3 49
248 24 49
249 0 46
250 0 37
251 26 49
252 24 48
253 0 1
254 1 35
255 0 0
256 0 40
257 1 32
258 39 49
259 48 8
260 44 0
261 27 0
262 7 0
263 11 2
264 21 1
265 13 47
266 9 0
267 14 2
268 34 49
269 41 0
270 49 22
271 41 49
272 0 29
273 1 9
274 10 2
275 48 24
276 0 31
277 35 0
278 0 34
279 4 49
280 1 39
281 44 49
282 12 0
283 15 49
284 1 38
285 36 0
286 0 18
287 49 20
288 23 1
289 1 39
290 39 0
291 27 49
292 33 0
293 9 2
294 17 49
295 33 49
296 17 48
297 38 0
298 21 49
299 29 0
300 23 49
301 16 49
302 43 49
303 1 8
304 49 12
305 0 23
306 2 43
307 1 33
308 45 11
309 1 23
310 3 49
311 49 13
312 25 49
313 1 9
314 49 12
315 0 32
316 0 23
317 49 25
318 0 27
319 27 1
320 0 26
321 0 19
322 49 3
323 39 1
324 0 30
325 1 8
326 47 5
327 45 2
328 24 0
329 0 45
330 16 0
331 37 49
332 2 0
333 0 9
334 35 0
335 0 18
336 0 46
337 21 0
338 15 49
339 49 23
340 36 0
341 44 2
342 35 0
343 12 47
344 37 0
345 0 31
346 49 5
347 1 32
348 7 1
349 0 45
350 39 48
351 13 0
352 26 0
353 22 47
354 49 16
355 49 9
356 35 49
357 0 28
358 1 16
359 40 49
360 43 2
361 4 49
362 49 22
363 16 49
364 15 0
365 42 2
366 1 30
367 1 2
368 1 44
369 41 49
370 0 20
371 24 47
372 44 49
373 34 2
374 21 48
375 0 36
376 18 0
377 8 0
378 17 0
379 30 49
380 40 49
381 23 0
382 21 49
383 1 5
384 41 49
385 46 5
386 13 1
387 0 10
388 1 33
389 47 0
390 33 2
391 27 2
392 21 47
393 9 0
394 14 0
395 23 48
396 0 1
397 43 0
398 25 0
399 31 49
400 0 33
401 2 2
402 45 5
403 39 49
404 49 10
405 1 25
406 20 0
407 4 1
408 0 21
409 47 15
410 0 24
411 2 49
412 37 48
413 23 2
414 7 0
415 15 49
416 49 26
417 20 47
418 12 1
419 44 11
420 0 5
421 33 48
422 43 49
423 1 49
424 49 9
425 13 48
426 44 49
427 7 1
428 26 2
429 0 30
430 2 42
431 33 49
432 49 25
433 28 49
434 1 3
435 25 2
436 0 43
437 1 12
438 0 41
439 49 10
440 44 5
441 0 37
442 49 23
443 8 49
444 23 49
445 23 47
446 29 47
447 37 49
448 2 25
449 18 49
450 8 0
451 19 0
452 22 0
453 47 24
454 26 49
455 2 49
456 0 31
457 35 48
458 0 0
459 9 49
460 3 0
461 0 30
462 6 0
463 30 49
464 49 19
465 11 1
466 2 44
467 22 47
468 39 48
469 44 0
470 1 25
471 0 32
472 49 8
473 14 49
474 25 49
475 49 26
476 38 0
477 28 47
478 26 49
479 0 40
480 11 0
481 13 47
482 0 29
483 13 2
484 0 22
485 1 49
486 0 4
487 43 49
488 0 3
489 0 6
490 46 0
491 0 35
492 48 10
493 32 49
494 40 0
495 35 49
496 0 34
497 43 5
498 0 36
499 0 16
500 1 28
501 0 42
502 1 4
503 43 11
504 1 2
505 10 0
506 25 3
507 0 44
508 9 0
509 0 13
510 0 9
511 43 0
512 48 3
513 4 2
514 41 0
515 49 10
516 0 15
517 49 3
518 49 29
519 32 2
520 13 0
521 46 24
522 8 49
523 27 47
524 13 46
525 0 20
526 28 0
527 1 1
528 1 7
529 16 0
530 5 0
531 22 46
532 49 13
533 48 3
534 0 12
535 49 0
536 49 49
537 9 49
538 19 47
539 1 46
540 40 49
541 49 12
542 0 2
543 49 22
544 1 0
545 3 2
546 2 49
547 45 0
548 0 31
549 27 0
550 46 15
551 0 41
552 1 49
553 0 43
554 11 47
555 26 47
556 1 32
557 49 18
558 0 3
559 2 2
560 42 5
561 18 47
562 37 0
563 20 49
564 0 11
565 1 41
566 0 10
567 10 0
568 45 24
569 0 2
570 12 0
571 31 2
572 2 3
573 7 0
574 35 1
575 45 49
576 1 33
577 10 47
578 49 21
579 21 49
580 0 42
581 46 49
582 0 28
583 0 47
584 24 49
585 15 49
586 0 17
587 23 0
588 49 19
589 42 49
590 0 4
591 48 10
592 32 0
593 2 30
594 1 45
595 0 33
596 38 49
597 19 49
598 17 49
599 9 47
600 2 41
601 13 0
602 25 1
603 41 2
604 3 49
605 0 29
606 48 49
607 5 1
608 40 0
609 42 11
610 0 23
611 1 8
612 0 45
613 0 0
614 41 5
615 8 49
616 43 47
617 1 38
618 36 0
619 49 28
620 0 44
621 25 47
622 26 0
623 31 0
624 49 29
625 34 1
626 2 45
627 12 46
628 41 0
629 24 3
630 1 3
631 0 46
632 49 28
633 0 47
634 49 11
635 0 5
636 22 0
637 41 11
638 5 49
639 1 7
640 14 49
641 2 1
642 0 14
643 34 0
644 0 27
645 21 46
646 1 45
647 30 2
648 1 46
649 2 43
650 43 49
651 49 3
652 1 22
653 37 49
654 40 2
655 0 45
656 12 0
657 0 30
658 0 19
659 26 48
660 33 0
661 7 2
662 1 8
663 49 15
664 39 0
665 49 14
666 11 2
667 0 8
668 38 0
669 3 48
670 42 47
671 5 0
672 0 24
673 9 1
674 30 48
675 18 0
676 5 1
677 0 23
678 0 48
679 31 49
680 27 49
681 0 11
682 38 48
683 4 49
684 1 6
685 19 48
686 22 2
687 11 46
688 0 34
689 15 0
690 0 33
691 0 1
692 8 1
693 17 0
694 1 29
695 14 0
696 1 21
697 10 2
698 26 49
699 23 0
700 4 0
701 49 29
702 29 48
703 22 0
704 19 49
705 1 32
706 39 49
707 40 0
708 39 2
709 0 43
710 16 0
711 1 47
712 0 13
713 0 35
714 29 2
715 49 25
716 49 18
717 29 49
718 2 32
719 5 2
720 0 4
721 27 48
722 41 0
723 47 10
724 12 2
725 23 3
726 1 2
727 2 44
728 49 17
729 39 0
730 41 1
731 1 31
732 5 49
733 42 49
734 4 49
735 49 13
736 0 6
737 49 6
738 35 0
739 3 0
740 49 14
741 36 0
742 7 3
743 35 0
744 0 42
745 33 1
746 45 49
747 23 4
748 2 0
749 3 30
750 46 10
751 49 5
752 2 12
753 44 49
754 2 49
755 4 0
756 14 1
757 49 10
758 11 49
759 40 49
760 22 3
761 27 0
762 25 0
763 23 5
764 22 49
765 9 2
766 0 32
767 22 5
768 49 13
769 45 15
770 49 24
771 1 0
772 14 0
773 28 49
774 4 2
775 45 10
776 0 44
777 17 0
778 39 49
779 0 21
780 27 47
781 44 15
782 3 47
783 0 33
784 46 0
785 27 46
786 2 30
787 1 6
788 49 49
789 28 2
790 21 3
791 1 46
792 49 20
793 5 0
794 0 24
795 1 41
796 29 49
797 9 3
798 44 10
799 38 47
800 24 47
801 0 29
802 1 49
803 4 0
804 13 49
805 33 0
806 0 22
807 48 49
808 7 49
809 23 0
810 42 0
811 0 7
812 37 47
813 2 47
814 38 0
815 5 0
816 1 9
817 11 0
818 48 0
819 0 38
820 0 14
821 1 5
822 22 0
823 43 15
824 2 48
825 0 26
826 1 28
827 49 12
828 0 20
829 0 36
830 26 46
831 2 29
832 38 2
833 0 0
834 14 49
835 45 0
836 2 47
837 40 5
838 0 16
839 8 2
840 0 1
841 8 1
842 16 49
843 36 49
844 1 3
845 40 11
846 49 23
847 1 12
848 8 2
849 0 30
850 23 0
851 49 28
852 22 0
853 20 1
854 37 2
855 42 15
856 43 10
857 13 49
858 23 49
859 41 49
860 28 49
861 30 49
862 49 13
863 39 5
864 0 17
865 0 23
866 2 33
867 27 2
868 9 4
869 40 1
870 9 0
871 0 24
872 6 49
873 8 47
874 40 0
875 0 32
876 8 4
877 2 48
878 49 7
879 49 49
880 0 27
881 36 2
882 0 19
883 0 13
884 49 19
885 0 14
886 7 49
887 0 9
888 0 16
889 20 0
890 6 3
891 49 22
892 2 31
893 2 47
894 48 49
895 3 29
896 0 2
897 19 0
898 2 48
899 3 49
900 49 21
901 38 5
902 7 47
903 0 10
904 13 0
905 43 0
906 2 43
907 0 46
908 0 17
909 49 49
910 26 2
911 0 0
912 42 10
913 0 12
914 2 41
915 1 31
916 37 49
917 1 9
918 9 1
919 1 42
920 0 42
921 28 48
922 21 49
923 20 0
924 48 5
925 0 9
926 0 6
927 4 49
928 8 0
929 33 1
930 3 2
931 25 2
932 0 49
933 0 8
934 28 49
935 33 0
936 7 2
937 24 0
938 39 11
939 0 15
940 17 47
941 16 47
942 36 47
943 20 3
944 38 11
945 1 44
946 1 38
947 26 0
948 48 19
949 0 39
950 0 48
951 48 49
952 25 49
953 0 29
954 0 1
955 0 20
956 33 1
957 1 33
958 34 49
959 49 16
960 11 2
961 3 49
962 1 37
963 33 49
964 0 18
965 15 49
966 41 0
967 0 49
968 49 12
969 37 11
970 1 0
971 39 48
972 1 30
973 49 2
974 1 41
975 40 49
976 0 35
977 1 26
978 49 5
979 4 0
980 18 49
981 0 0
982 21 5
983 1 31
984 7 4
985 49 8
986 1 40
987 10 46
988 43 1
989 16 0
990 14 0
991 0 25
992 27 49
993 0 11
994 10 49
995 34 0
996 17 0
997 44 0
998 36 11
999 9 46
1000 7 5
1001 40 0
1002 2 0
1003 19 3
1004 2 28
1005 15 47
1006 0 28
1007 1 34
1008 0 38
1009 0 30
1010 12 49
1011 9 2
1012 0 47
1013 41 0
1014 1 20
1015 41 47
1016 24 1
1017 49 49
1018 49 15
1019 49 7
1020 14 47
1021 36 49
1022 2 42
1023 7 1
1024 35 2
1025 38 48
1026 41 15
1027 29 49
1028 0 14
1029 30 49
1030 0 21
1031 1 10
1032 14 49
1033 11 3
1034 35 0
1035 0 1
1036 39 49
1037 5 0
1038 49 8
1039 37 48
1040 6 49
1041 0 33
1042 48 49
1043 0 29
1044 2 5
1045 18 3
1046 3 30
1047 4 0
1048 33 0
1049 9 0
1050 25 0
1051 0 17
1052 12 48
1053 9 49
1054 2 27
1055 30 0
1056 49 7
1057 45 0
1058 0 41
1059 35 49
1060 0 26
1061 28 49
1062 0 44
1063 0 39
1064 44 0
1065 4 49
1066 31 49
1067 8 2
1068 49 19
1069 0 38
1070 8 49
1071 35 11
1072 7 0
1073 23 0
1074 2 3
1075 0 9
1076 20 49
1077 1 0
1078 2 49
1079 16 0
1080 2 10
1081 34 11
1082 1 46
1083 49 0
1084 44 24
1085 20 5
1086 1 45
1087 49 4
1088 25 46
1089 36 49
1090 13 0
1091 10 3
1092 30 49
1093 17 49
1094 8 46
1095 12 49
1096 9 1
1097 48 2
1098 48 0
1099 1 36
1100 29 0
1101 0 13
1102 11 49
1103 0 16
1104 34 2
1105 1 3
1106 49 3
1107 0 42
1108 0 43
1109 6 47
1110 49 14
1111 48 12
1112 47 2
1113 9 49
1114 2 48
1115 0 5
1116 36 0
1117 0 32
1118 0 46
1119 25 3
1120 0 8
1121 0 15
1122 1 33
1123 49 49
1124 43 24
1125 23 47
1126 1 10
1127 24 3
1128 0 0
1129 2 49
1130 35 49
1131 0 48
1132 8 49
1133 7 2
1134 42 24
1135 2 41
1136 1 26
1137 26 49
1138 40 0
1139 1 30
1140 9 3
1141 23 3
1142 28 0
1143 32 0
1144 35 47
1145 1 44
1146 46 2
1147 0 37
1148 0 22
1149 40 47
1150 49 18
1151 3 29
1152 33 2
1153 2 28
1154 13 49
1155 8 3
1156 32 2
1157 19 49
1158 6 2
1159 49 2
1160 0 9
1161 8 2
1162 22 3
1163 49 17
1164 0 7
1165 5 2
1166 48 49
1167 3 0
1168 26 0
1169 1 1
1170 1 0
1171 31 2
1172 5 47
1173 1 45
1174 41 10
1175 24 46
1176 2 1
1177 49 12
1178 37 5
1179 4 0
1180 2 0
1181 1 7
1182 17 3
1183 38 49
1184 0 12
1185 49 27
1186 14 49
1187 40 10
1188 5 0
1189 6 48
1190 2 4
1191 16 3
1192 25 49
1193 35 0
1194 0 24
1195 25 0
1196 8 0
1197 19 5
1198 10 0
1199 3 30
1200 22 47
1201 49 20
1202 41 0
1203 19 0
1204 18 5
1205 0 16
1206 11 0
1207 0 11
1208 49 15
1209 45 2
1210 22 0
1211 2 2
1212 0 12
1213 0 14
1214 40 15
1215 49 18
1216 0 4
1217 0 27
1218 22 48
1219 37 0
1220 36 5
1221 49 6
1222 21 48
1223 6 4
1224 7 46
1225 36 48
1226 49 9
1227 0 21
1228 34 0
1229 0 38
1230 6 49
1231 0 8
1232 3 2
1233 45 0
1234 15 0
1235 0 5
1236 27 0
1237 28 0
1238 0 9
1239 21 0
1240 10 1
1241 27 0
1242 44 2
1243 49 14
1244 49 1
1245 4 47
1246 4 0
1247 24 0
1248 0 45
1249 0 46
1250 23 46
1251 9 49
1252 18 0
1253 0 0
1254 1 37
1255 32 49
1256 49 8
1257 0 26
1258 15 3
1259 0 40
1260 0 28
1261 34 49
1262 0 22
1263 0 7
1264 41 24
1265 0 4
1266 49 21
1267 21 3
1268 17 0
1269 3 49
1270 36 0
1271 39 10
1272 21 49
1273 5 0
1274 10 0
1275 40 24
1276 49 26
1277 34 47
1278 26 0
1279 30 2
1280 35 5
1281 8 49
1282 34 5
1283 7 6
1284 13 47
1285 49 11
1286 6 46
1287 0 37
1288 10 49
1289 5 4
1290 13 49
1291 1 36
1292 17 5
1293 16 5
1294 39 47
1295 39 24
1296 6 6
1297 49 25
1298 27 49
1299 1 2
1300 2 36
1301 0 11
1302 1 36
1303 4 49
1304 0 20
1305 9 1
1306 8 48
1307 9 49
1308 1 34
1309 35 49
1310 12 49
1311 1 42
1312 4 4
1313 39 15
1314 19 48
1315 7 0
1316 43 49
1317 28 49
1318 1 24
1319 0 45
1320 11 0
1321 44 0
1322 0 29
1323 2 10
1324 44 3
1325 4 3
1326 3 0
1327 23 45
1328 49 10
1329 2 0
1330 6 2
1331 10 49
1332 37 0
1333 12 47
1334 34 49
1335 3 49
1336 18 0
1337 0 42
1338 49 20
1339 49 49
1340 0 39
1341 1 43
1342 0 49
1343 0 1
1344 36 49
1345 49 11
1346 1 10
1347 5 49
1348 49 5
1349 38 47
1350 49 17
1351 4 4
1352 23 0
1353 16 49
1354 0 2
1355 49 19
1356 0 5
1357 0 8
1358 20 46
1359 37 47
1360 6 49
1361 0 1
1362 5 6
1363 20 0
1364 36 0
1365 43 3
1366 49 13
1367 0 23
1368 1 46
1369 0 22
1370 1 28
1371 9 49
1372 1 41
1373 17 0
1374 0 23
1375 0 12
1376 0 25
1377 0 19
1378 4 0
1379 2 28
1380 0 31
1381 0 22
1382 1 14
1383 2 36
1384 38 24
1385 37 0
1386 0 34
1387 42 1
1388 10 0
1389 1 40
1390 40 0
1391 5 49
1392 5 46
1393 9 0
1394 38 15
1395 2 48
1396 35 0
1397 0 28
1398 25 0
1399 48 49
1400 22 0
1401 1 7
1402 26 0
1403 49 16
1404 39 49
1405 37 49
1406 2 27
1407 49 4
1408 32 48
1409 49 10
1410 2 49
1411 49 49
1412 8 1
1413 11 47
1414 9 1
1415 1 33
1416 37 15
1417 39 0
1418 1 29
1419 37 24
1420 36 15
1421 35 15
1422 33 49
1423 0 3
1424 11 0
1425 36 24
1426 0 27
1427 25 0
1428 5 45
1429 34 49
1430 49 7
1431 11 49
1432 0 29
1433 20 3
1434 0 48
1435 38 10
1436 4 3
1437 1 0
1438 0 21
1439 0 9
1440 4 6
1441 2 30
1442 0 6
1443 35 24
1444 49 3
1445 34 0
1446 22 45
1447 48 49
1448 0 28
1449 29 2
1450 1 8
1451 40 49
1452 34 24
1453 26 49
1454 34 15
1455 23 0
1456 19 0
1457 20 0
1458 1 47
1459 0 49
1460 0 24
1461 0 48
1462 3 48
1463 3 0
1464 28 48
1465 22 0
1466 36 47
1467 8 49
1468 0 27
1469 23 1
1470 0 49
1471 1 44
1472 14 3
1473 8 2
1474 0 22
1475 18 0
1476 43 0
1477 1 36
1478 4 49
1479 0 8
1480 0 26
1481 0 9
1482 2 48
1483 49 9
1484 24 49
1485 0 38
1486 42 49
1487 49 4
1488 1 32
1489 10 47
1490 19 3
1491 49 10
1492 36 49
1493 27 49
1494 9 47
1495 49 2
1496 4 4
1497 49 24
1498 3 6
1499 0 0
1500 29 49
1501 3 48
1502 1 30
1503 49 0
1504 2 6
1505 0 2
1506 48 2
1507 0 18
1508 9 46
1509 0 14
1510 21 45
1511 0 32
1512 0 39
1513 18 3
1514 36 46
1515 7 48
1516 0 1
1517 49 9
1518 1 7
1519 49 12
1520 0 41
1521 4 0
1522 10 49
1523 44 0
1524 35 0
1525 42 3
1526 19 46
1527 33 5
1528 39 49
1529 37 10
1530 49 3
1531 0 47
1532 33 49
1533 1 26
1534 0 42
1535 49 4
1536 20 49
1537 0 28
1538 17 3
1539 9 0
1540 31 48
1541 1 2
1542 1 43
1543 1 4
1544 28 47
1545 5 49
1546 2 0
1547 11 49
1548 1 49
1549 8 46
1550 49 15
1551 3 1
1552 3 49
1553 1 23
1554 18 48
1555 49 11
1556 2 5
1557 15 5
1558 6 49
1559 36 10
1560 0 5
1561 2 6
1562 19 49
1563 17 0
1564 48 9
1565 8 1
1566 7 46
1567 3 4
1568 37 1
1569 38 0
1570 0 44
1571 35 10
1572 20 45
1573 15 49
1574 10 49
1575 1 35
1576 24 0
1577 0 21
1578 1 16
1579 32 49
1580 49 6
1581 49 18
1582 34 0
1583 19 0
1584 0 45
1585 49 49
1586 15 1
1587 0 38
1588 18 46
1589 0 29
1590 48 0
1591 0 16
1592 10 0
1593 16 3
1594 5 2
1595 49 7
1596 41 3
1597 0 19
1598 1 44
1599 1 43
1600 20 0
1601 31 0
1602 36 1
1603 8 2
1604 35 49
1605 5 0
1606 0 22
1607 0 11
1608 26 49
1609 0 36
1610 0 7
1611 49 17
1612 0 6
1613 0 31
1614 0 37
1615 2 28
1616 15 0
1617 0 21
1618 49 10
1619 8 0
1620 25 0
1621 4 49
1622 4 2
1623 42 0
1624 3 3
1625 33 24
1626 40 3
1627 6 46
1628 1 33
1629 0 17
1630 0 26
1631 20 49
1632 48 49
1633 28 49
1634 1 25
1635 7 0
1636 45 0
1637 49 49
1638 2 2
1639 49 18
1640 11 49
1641 0 8
1642 1 0
1643 0 2
1644 4 45
1645 48 49
1646 49 2
1647 7 2
1648 47 9
1649 49 49
1650 26 48
1651 0 22
1652 1 2
1653 0 33
1654 18 49
1655 5 49
1656 49 6
1657 19 0
1658 0 23
1659 34 49
1660 0 13
1661 30 0
1662 5 46
1663 21 49
1664 15 1
1665 49 9
1666 1 9
1667 2 25
1668 35 46
1669 10 49
1670 0 39
1671 14 0
1672 15 2
1673 32 24
1674 3 45
1675 38 49
1676 1 41
1677 28 2
1678 20 0
1679 37 49
1680 0 36
1681 0 48
1682 7 49
1683 29 0
1684 0 5
1685 4 0
1686 0 3
1687 35 9
1688 37 0
1689 0 16
1690 14 5
1691 16 0
1692 2 30
1693 3 49
1694 5 45
1695 16 4
1696 1 10
1697 0 28
1698 19 0
1699 48 4
1700 0 30
1701 33 11
1702 1 9
1703 14 49
1704 2 27
1705 41 49
1706 49 0
1707 0 0
1708 13 0
1709 3 48
1710 31 49
1711 2 1
1712 27 2
1713 15 0
1714 1 6
1715 2 3
1716 44 0
1717 1 40
1718 27 47
1719 4 46
1720 16 0
1721 3 49
1722 13 49
1723 40 49
1724 8 49
1725 3 1
1726 0 31
1727 49 17
1728 2 0
1729 49 8
1730 26 2
1731 0 18
1732 1 47
1733 1 30
1734 1 7
1735 0 41
1736 15 4
1737 1 1
1738 27 46
1739 2 7
1740 0 15
1741 2 35
1742 17 49
1743 49 9
1744 11 1
1745 0 43
1746 16 49
1747 11 49
1748 0 46
1749 1 24
1750 13 5
1751 15 0
1752 35 45
1753 33 15
1754 35 1
1755 6 0
1756 24 0
1757 3 2
1758 0 6
1759 3 25
1760 49 14
1761 25 2
1762 49 8
1763 3 0
1764 16 0
1765 31 24
1766 2 45
1767 6 48
1768 49 13
1769 0 30
1770 0 25
1771 30 48
1772 49 9
1773 33 49
1774 45 0
1775 0 27
1776 0 1
1777 1 23
1778 21 0
1779 19 45
1780 0 21
1781 9 0
1782 0 44
1783 1 5
1784 0 23
1785 0 49
1786 33 47
1787 1 45
1788 3 46
1789 1 35
1790 34 9
1791 26 49
1792 29 48
1793 32 5
1794 0 47
1795 2 24
1796 32 47
1797 19 44
1798 0 0
1799 7 49
1800 1 2
1801 20 49
1802 3 26
1803 1 23
1804 34 45
1805 2 25
1806 17 46
1807 30 49
1808 18 44
1809 44 0
1810 12 5
1811 0 16
1812 0 5
1813 28 0
1814 22 0
1815 36 49
1816 0 10
1817 0 6
1818 41 0
1819 0 11
1820 1 1
1821 21 0
1822 0 10
1823 2 2
1824 1 2
1825 12 0
1826 35 49
1827 0 4
1828 2 9
1829 15 1
1830 0 32
1831 26 48
1832 49 5
1833 33 9
1834 0 15
1835 2 49
1836 16 46
1837 0 24
1838 49 23
1839 2 5
1840 0 31
1841 1 7
1842 22 0
1843 4 45
1844 4 49
1845 25 0
1846 27 49
1847 17 44
1848 18 0
1849 15 0
1850 2 7
1851 14 0
1852 16 44
1853 49 6
1854 0 16
1855 15 5
1856 0 15
1857 0 48
1858 2 46
1859 2 0
1860 2 40
1861 49 16
1862 31 5
1863 0 12
1864 0 43
1865 30 5
1866 26 46
1867 3 2
1868 21 0
1869 36 49
1870 48 49
1871 0 37
1872 1 49
1873 29 5
1874 3 48
1875 2 28
1876 1 22
1877 3 46
1878 1 39
1879 35 2
1880 3 1
1881 15 44
1882 39 3
1883 0 17
1884 1 7
1885 35 49
1886 7 0
1887 6 0
1888 23 49
1889 3 27
1890 28 48
1891 0 39
1892 5 49
1893 1 5
1894 3 26
1895 23 0
1896 8 49
1897 0 2
1898 13 3
1899 25 46
1900 28 47
1901 2 47
1902 5 0
1903 13 0
1904 0 33
1905 49 15
1906 24 46
1907 32 15
1908 49 8
1909 12 3
1910 49 3
1911 49 5
1912 2 4
1913 33 45
1914 15 49
1915 1 10
1916 32 45
1917 10 49
1918 48 0
1919 49 6
1920 6 2
1921 14 5
1922 14 44
1923 31 15
1924 49 22
1925 1 3
1926 24 2
1927 4 0
1928 23 2
1929 7 49
1930 49 2
1931 2 8
1932 22 0
1933 0 32
1934 0 36
1935 0 46
1936 1 47
1937 36 0
1938 1 41
1939 40 0
1940 17 0
1941 1 34
1942 5 2
1943 23 0
1944 43 0
1945 30 15
1946 0 14
1947 13 44
1948 33 0
1949 1 0
1950 0 42
1951 0 11
1952 1 25
1953 1 35
1954 2 0
1955 34 2
1956 49 16
1957 1 23
1958 0 41
1959 1 0
1960 33 2
1961 0 5
1962 0 20
1963 1 34
1964 12 49
1965 10 1
1966 28 5
1967 22 49
1968 1 22
1969 14 4
1970 11 0
1971 0 3
1972 1 41
1973 1 6
1974 0 1
1975 4 49
1976 2 47
1977 0 16
1978 0 7
1979 1 9
1980 32 2
1981 4 44
1982 1 35
1983 0 37
1984 0 13
1985 2 7
1986 0 4
1987 2 26
1988 0 15
1989 32 0
1990 49 9
1991 49 0
1992 7 0
1993 0 17
1994 36 49
1995 23 49
1996 0 34
1997 49 8
1998 1 28
1999 1 31
2000 0 23
2001 0 2
2002 12 44
2003 0 45
2004 32 49
2005 0 5
2006 2 8
2007 2 0
2008 16 0
2009 39 0
2010 30 24
2011 0 40
2012 11 44
2013 49 5
2014 27 47
2015 25 48
2016 49 6
2017 0 29
2018 26 49
2019 22 0
2020 0 3
2021 2 28
2022 11 5
2023 1 15
2024 13 4
2025 24 0
2026 49 21
2027 9 49
2028 14 49
2029 8 0
2030 1 42
2031 0 36
2032 1 2
2033 0 25
2034 0 47
2035 9 0
2036 8 0
2037 1 27
2038 32 9
2039 0 4
2040 4 2
2041 38 3
2042 9 1
2043 29 49
2044 14 0
2045 0 6
2046 49 4
2047 2 3
2048 0 7
2049 31 9
2050 17 0
2051 3 3
2052 10 5
2053 1 41
2054 31 45
2055 1 47
2056 27 49
2057 38 0
2058 46 9
2059 22 49
2060 9 0
2061 31 49
2062 1 0
2063 9 5
2064 32 11
2065 0 31
2066 49 20
2067 15 49
2068 26 47
2069 2 0
2070 15 46
2071 0 33
2072 10 49
2073 14 49
2074 15 49
2075 12 0
2076 2 25
2077 11 0
2078 0 28
2079 48 2
2080 5 2
2081 9 49
2082 8 5
2083 0 43
2084 2 46
2085 2 5
2086 30 9
2087 2 48
2088 2 24
2089 0 19
2090 35 0
2091 37 3
2092 27 5
2093 15 2
2094 0 14
2095 31 0
2096 34 0
2097 1 42
2098 14 46
2099 0 49
2100 1 21
2101 10 49
2102 0 42
2103 3 49
2104 1 48
2105 0 46
2106 1 5
2107 45 9
2108 5 48
2109 7 5
2110 29 15
2111 0 21
2112 22 2
2113 0 16
2114 8 1
2115 1 23
2116 0 17
2117 14 2
2118 5 49
2119 1 16
2120 49 9
2121 13 49
2122 33 0
2123 34 0
2124 29 48
2125 4 2
2126 23 46
2127 28 15
2128 0 22
2129 0 44
2130 1 3
2131 0 37
2132 0 9
2133 0 39
2134 5 2
2135 0 16
2136 29 24
2137 9 49
2138 2 2
2139 0 40
2140 1 41
2141 26 46
2142 1 0
2143 42 0
2144 5 0
2145 29 49
2146 44 9
2147 30 45
2148 0 43
2149 3 0
2150 32 49
2151 26 49
2152 43 9
2153 2 0
2154 6 0
2155 7 1
2156 0 35
2157 16 0
2158 23 49
2159 31 49
2160 0 17
2161 2 49
2162 4 0
2163 49 49
2164 49 7
2165 0 13
2166 1 44
2167 2 39
2168 25 0
2169 28 24
2170 49 3
2171 48 0
2172 33 0
2173 36 3
2174 7 48
2175 49 4
2176 27 49
2177 24 0
2178 48 49
2179 1 42
2180 10 44
2181 0 21
2182 3 48
2183 0 3
2184 20 0
2185 22 49
2186 0 22
2187 21 0
2188 29 48
2189 37 0
2190 31 2
2191 26 5
2192 1 47
2193 1 26
2194 0 39
2195 6 5
2196 30 2
2197 3 1
2198 26 49
2199 1 3
2200 1 11
2201 49 10
2202 1 6
2203 0 45
2204 29 9
2205 0 27
2206 0 40
2207 16 49
2208 2 26
2209 0 3
2210 0 42
2211 1 39
2212 49 19
2213 5 0
2214 27 24
2215 25 46
2216 0 5
2217 0 20
2218 2 44
2219 0 39
2220 1 26
2221 36 0
2222 24 48
2223 1 33
2224 4 1
2225 0 48
2226 25 49
2227 11 3
2228 0 4
2229 1 15
2230 12 49
2231 0 10
2232 39 49
2233 0 21
2234 49 6
2235 5 5
2236 31 11
2237 4 49
2238 23 49
2239 0 8
2240 19 0
2241 42 9
2242 26 24
2243 1 0
2244 3 1
2245 24 47
2246 17 0
2247 28 9
2248 0 47
2249 25 24
2250 13 0
2251 27 15
2252 19 49
2253 49 9
2254 0 34
2255 0 43
2256 21 2
2257 30 0
2258 27 0
2259 41 0
2260 49 3
2261 29 45
2262 5 49
2263 1 44
2264 28 45
2265 24 48
2266 11 49
2267 8 0
2268 6 1
2269 2 26
2270 4 5
2271 4 49
2272 29 0
2273 0 9
2274 1 47
2275 3 47
2276 6 0
2277 49 12
2278 38 49
2279 0 2
2280 23 0
2281 0 10
2282 0 12
2283 1 49
2284 2 1
2285 0 15
2286 49 18
2287 35 49
2288 14 0
2289 0 9
2290 3 4
2291 0 36
2292 0 18
2293 0 5
2294 2 2
2295 0 23
2296 3 0
2297 49 11
2298 13 2
2299 1 30
2300 30 0
2301 49 19
2302 29 2
2303 49 5
2304 16 0
2305 49 18
2306 18 0
2307 4 6
2308 2 42
2309 3 49
2310 41 9
2311 22 46
2312 0 37
2313 1 7
2314 29 49
2315 1 4
2316 0 42
2317 10 0
2318 8 49
2319 19 0
2320 49 0
2321 1 29
2322 3 28
2323 40 0
2324 21 46
2325 47 2
2326 39 0
2327 0 10
2328 49 49
2329 37 49
2330 22 49
2331 31 47
2332 18 0
2333 35 3
2334 0 28
2335 48 0
2336 27 9
2337 26 9
2338 0 9
2339 10 3
2340 0 49
2341 0 46
2342 11 0
2343 1 26
2344 38 49
2345 0 17
2346 0 48
2347 16 1
2348 0 49
2349 49 15
2350 2 9
2351 3 44
2352 1 21
2353 1 22
2354 24 46
2355 0 45
2356 0 18
2357 4 2
2358 20 2
2359 18 49
2360 3 43
2361 13 0
2362 23 46
2363 2 45
2364 0 43
2365 17 0
2366 1 43
2367 2 6
2368 46 2
2369 34 3
2370 32 49
2371 0 6
2372 1 1
2373 5 1
2374 0 10
2375 49 17
2376 0 41
2377 3 46
2378 49 6
2379 1 27
2380 30 47
2381 5 0
2382 28 49
2383 27 45
2384 26 45
2385 0 9
2386 12 2
2387 14 0
2388 40 9
2389 10 49
2390 49 8
2391 30 11
2392 49 5
2393 0 5
2394 32 0
2395 0 7
2396 13 46
2397 33 3
2398 1 10
2399 0 21
2400 6 48
2401 0 26
2402 29 11
2403 27 49
2404 2 8
2405 0 35
2406 1 6
2407 0 24
2408 9 3
2409 49 0
2410 49 7
2411 11 49
2412 35 0
2413 0 20
2414 25 45
2415 19 2
2416 2 44
2417 0 34
2418 1 49
2419 6 1
2420 0 22
2421 24 24
2422 13 0
2423 32 3
2424 10 49
2425 4 43
2426 0 1
2427 25 9
2428 12 46
2429 21 49
2430 39 9
2431 2 1
2432 1 32
2433 9 44
2434 0 23
2435 24 49
2436 26 49
2437 29 0
2438 26 15
2439 23 49
2440 19 49
2441 1 7
2442 1 30
2443 4 1
2444 48 5
2445 26 0
2446 7 49
2447 1 11
2448 15 49
2449 23 45
2450 48 0
2451 25 5
2452 18 0
2453 2 3
2454 29 47
2455 2 0
2456 8 44
2457 21 48
2458 0 30
2459 0 4
2460 23 24
2461 49 14
2462 2 2
2463 37 49
2464 49 5
2465 20 0
2466 8 3
2467 25 49
2468 1 10
2469 2 46
2470 1 1
2471 0 42
2472 0 32
2473 49 2
2474 3 5
2475 0 6
2476 4 7
2477 3 2
2478 2 7
2479 5 48
2480 1 4
2481 31 0
2482 25 0
2483 31 49
2484 3 43
2485 1 20
2486 0 36
2487 0 20
2488 49 1
2489 0 44
2490 0 29
2491 2 28
2492 22 45
2493 0 31
2494 28 0
2495 10 0
2496 6 2
2497 24 5
2498 1 26
2499 0 10
2500 2 2
2501 0 9
2502 1 22
2503 1 21
2504 0 47
2505 0 46
2506 0 43
2507 30 0
2508 1 25
2509 7 3
2510 49 2
2511 7 44
2512 3 1
2513 24 45
2514 0 45
2515 1 41
2516 49 0
2517 45 2
2518 24 47
2519 25 15
2520 0 32
2521 48 49
2522 34 0
2523 30 49
2524 1 38
2525 49 13
2526 26 49
2527 7 4
2528 24 9
2529 1 37
2530 1 45
2531 11 2
2532 14 49
2533 0 11
2534 3 2
2535 0 25
2536 49 49
2537 22 24
2538 0 13
2539 1 5
2540 16 0
2541 0 41
2542 1 31
2543 29 49
2544 23 47
2545 1 30
2546 11 46
2547 3 4
2548 34 49
2549 3 0
2550 28 47
2551 0 35
2552 49 10
2553 1 40
2554 21 0
2555 26 0
2556 18 2
2557 1 9
2558 1 7
2559 15 0
2560 28 2
2561 3 5
2562 0 36
2563 21 49
2564 38 9
2565 2 27
2566 0 16
2567 13 49
2568 6 4
2569 0 9
2570 1 26
2571 0 26
2572 3 8
2573 24 49
2574 0 12
2575 22 47
2576 2 47
2577 1 22
2578 16 0
2579 1 21
2580 23 49
2581 4 49
2582 31 0
2583 48 49
2584 49 3
2585 5 4
2586 33 0
2587 25 0
2588 49 16
2589 2 49
2590 19 0
2591 12 0
2592 23 5
2593 48 5
2594 0 44
2595 49 6
2596 48 0
2597 2 45
2598 0 42
2599 12 4
2600 6 49
2601 33 49
2602 22 44
2603 49 49
2604 4 1
2605 2 8
2606 2 1
2607 22 48
2608 1 1
2609 23 45
2610 3 8
2611 7 49
2612 49 9
2613 4 2
2614 1 34
2615 27 0
2616 1 18
2617 32 49
2618 2 41
2619 2 43
2620 0 3
2621 0 11
2622 1 38
2623 48 49
2624 44 2
2625 47 5
2626 46 5
2627 0 19
2628 49 5
2629 12 49
2630 0 49
2631 22 47
2632 0 47
2633 1 31
2634 0 20
2635 25 49
2636 0 12
2637 1 37
2638 0 15
2639 30 0
2640 28 11
2641 26 49
2642 2 9
2643 22 5
2644 0 46
2645 1 44
2646 1 25
2647 27 47
2648 0 35
2649 21 48
2650 11 4
2651 0 41
2652 2 23
2653 49 6
2654 3 41
2655 1 28
2656 2 8
2657 22 49
2658 9 49
2659 23 49
2660 49 2
2661 17 2
2662 2 0
2663 0 7
2664 49 15
2665 0 27
2666 0 2
2667 0 30
2668 49 8
2669 0 22
2670 0 48
2671 0 5
2672 2 42
2673 21 1
2674 25 49
2675 1 7
2676 49 5
2677 49 7
2678 45 5
2679 0 36
2680 2 26
2681 1 43
2682 28 49
2683 2 5
2684 6 49
2685 49 16
2686 0 43
2687 0 4
2688 43 2
2689 28 0
2690 0 8
2691 36 49
2692 20 46
2693 0 9
2694 0 29
2695 21 49
2696 10 2
2697 3 1
2698 8 49
2699 3 9
2700 49 0
2701 1 42
2702 31 49
2703 23 46
2704 9 2
2705 49 3
2706 13 0
2707 24 15
2708 8 2
2709 27 2
2710 42 2
2711 11 0
2712 15 0
2713 0 7
2714 0 23
2715 21 5
2716 0 6
2717 10 0
2718 1 5
2719 3 0
2720 0 25
2721 49 12
2722 1 44
2723 26 2
2724 25 2
2725 30 49
2726 21 24
2727 49 8
2728 0 3
2729 3 2
2730 49 6
2731 26 47
2732 1 2
2733 27 0
2734 20 24
2735 0 5
2736 0 19
2737 24 0
2738 6 44
2739 0 30
2740 23 15
2741 3 10
2742 3 49
2743 19 46
2744 7 0
2745 2 41
2746 0 38
2747 49 11
2748 0 35
2749 25 47
2750 3 41
2751 1 13
2752 27 11
2753 1 39
2754 19 24
2755 4 49
2756 0 36
2757 12 0
2758 1 14
2759 1 47
2760 41 2
2761 0 44
2762 0 20
2763 49 9
2764 1 49
2765 27 49
2766 25 0
2767 21 0
2768 44 5
2769 20 5
2770 0 6
2771 1 11
2772 0 7
2773 23 48
2774 0 34
2775 40 2
2776 5 2
2777 49 5
2778 10 4
2779 10 46
2780 32 0
2781 49 49
2782 33 0
2783 16 2
2784 3 49
2785 14 0
2786 0 39
2787 24 0
2788 9 0
2789 38 0
2790 29 49
2791 31 3
2792 11 49
2793 1 13
2794 0 29
2795 25 0
2796 49 15
2797 24 49
2798 1 6
2799 0 14
2800 24 2
2801 37 9
2802 49 14
2803 39 2
2804 6 2
2805 0 31
2806 49 6
2807 1 40
2808 1 4
2809 49 2
2810 2 22
2811 15 2
2812 2 41
2813 8 1
2814 0 21
2815 4 49
2816 2 4
2817 5 47
2818 0 45
2819 4 47
2820 0 11
2821 38 2
2822 37 0
2823 1 38
2824 22 49
2825 0 8
2826 22 15
2827 30 3
2828 49 8
2829 0 15
2830 1 7
2831 5 1
2832 1 37
2833 10 0
2834 0 43
2835 0 2
2836 26 49
2837 0 33
2838 18 49
2839 3 41
2840 0 13
2841 21 15
2842 9 0
2843 3 47
2844 1 21
2845 14 2
2846 1 46
2847 1 26
2848 13 2
2849 5 0
2850 2 41
2851 0 24
2852 9 4
2853 0 34
2854 2 9
2855 48 49
2856 23 45
2857 8 4
2858 15 0
2859 0 42
2860 3 49
2861 7 4
2862 4 0
2863 1 6
2864 18 46
2865 21 49
2866 37 2
2867 29 0
2868 21 44
2869 5 1
2870 19 5
2871 5 0
2872 1 3
2873 32 0
2874 0 3
2875 1 2
2876 0 7
2877 0 19
2878 0 10
2879 10 0
2880 49 3
2881 17 49
2882 1 17
2883 0 2
2884 6 0
2885 2 3
2886 0 16
2887 2 8
2888 0 30
2889 1 12
2890 7 3
2891 0 40
2892 25 1
2893 24 0
2894 1 18
2895 18 5
2896 36 9
2897 49 49
2898 12 2
2899 23 49
2900 17 5
2901 0 21
2902 48 0
2903 0 43
2904 29 3
2905 0 14
2906 49 5
2907 23 0
2908 7 0
2909 49 7
2910 43 5
2911 26 11
2912 1 29
2913 0 42
2914 49 0
2915 1 47
2916 28 3
2917 0 49
2918 49 2
2919 2 49
2920 18 24
2921 0 33
2922 16 5
2923 4 4
2924 0 8
2925 16 49
2926 0 13
2927 0 7
2928 14 0
2929 6 0
2930 24 48
2931 3 46
2932 20 15
2933 1 32
2934 2 42
2935 1 2
2936 3 47
2937 23 9
2938 20 44
2939 21 1
2940 0 25
2941 2 46
2942 17 46
2943 25 49
2944 9 46
2945 1 11
2946 36 2
2947 20 49
2948 22 49
2949 0 12
2950 2 44
2951 3 1
2952 23 49
2953 49 10
2954 18 0
2955 5 2
2956 2 26
2957 1 22
2958 49 8
2959 1 38
2960 17 24
2961 22 0
2962 23 2
2963 1 8
2964 0 20
2965 1 46
2966 20 1
2967 21 47
2968 0 34
2969 3 4
2970 42 5
2971 8 46
2972 49 7
2973 9 0
2974 10 0
2975 0 21
2976 9 0
2977 25 11
2978 0 18
2979 3 0
2980 2 6
2981 9 49
2982 1 28
2983 7 1
2984 49 9
2985 28 49
2986 1 26
2987 41 5
2988 1 41
2989 1 37
2990 1 29
2991 26 49
2992 49 4
2993 1 6
2994 5 49
2995 20 47
2996 1 17
2997 0 32
2998 0 24
2999 0 2
3000 5 44
3001 2 2
3002 2 11
3003 11 0
3004 0 47
3005 0 4
3006 7 46
3007 22 9
3008 0 44
3009 12 49
3010 2 0
3011 31 0
3012 3 3
3013 0 25
3014 3 42
3015 35 49
3016 34 49
3017 3 49
3018 2 41
3019 21 0
3020 11 2
3021 2 4
3022 0 24
3023 1 10
3024 29 1
3025 33 49
3026 21 9
3027 1 31
3028 3 7
3029 1 49
3030 49 10
3031 1 40
3032 49 13
3033 0 33
3034 27 3
3035 19 49
3036 0 45
3037 36 0
3038 48 0
3039 4 1
3040 13 0
3041 0 38
3042 22 49
3043 1 28
3044 3 9
3045 19 15
3046 35 2
3047 0 19
3048 49 0
3049 18 49
3050 6 49
3051 3 0
3052 0 40
3053 8 0
3054 11 49
3055 6 3
3056 16 46
3057 0 6
3058 35 9
3059 1 43
3060 1 32
3061 1 40
3062 30 0
3063 2 8
3064 2 1
3065 35 0
3066 6 46
3067 2 26
3068 15 49
3069 48 49
3070 1 23
3071 3 46
3072 1 18
3073 12 49
3074 3 10
3075 1 45
3076 0 32
3077 22 45
3078 22 2
3079 3 2
3080 21 45
3081 0 22
3082 4 44
3083 2 2
3084 14 49
3085 7 2
3086 4 43
3087 1 41
3088 25 0
3089 21 46
3090 31 0
3091 0 44
3092 14 0
3093 22 0
3094 17 49
3095 19 47
3096 29 0
3097 4 44
3098 15 46
3099 2 42
3100 15 5
3101 0 8
3102 0 10
3103 2 0
3104 32 0
3105 4 43
3106 1 25
3107 3 9
3108 3 6
3109 9 0
3110 25 49
3111 0 29
3112 2 47
3113 10 2
3114 0 21
3115 7 1
3116 30 0
3117 0 40
3118 28 0
3119 0 39
3120 3 0
3121 18 15
3122 48 0
3123 13 0
3124 16 49
3125 25 46
3126 17 0
3127 0 45
3128 33 0
3129 2 0
3130 0 23
3131 4 3
3132 23 48
3133 0 3
3134 8 0
3135 14 5
3136 27 0
3137 27 49
3138 3 10
3139 1 40
3140 0 41
3141 2 41
3142 20 9
3143 1 34
3144 0 49
3145 9 2
3146 0 31
3147 21 49
3148 6 2
3149 2 32
3150 7 0
3151 1 21
3152 0 46
3153 8 2
3154 1 5
3155 6 0
3156 1 47
3157 24 0
3158 0 20
3159 23 49
3160 0 38
3161 0 35
3162 3 1
3163 49 6
3164 0 32
3165 17 49
3166 4 1
3167 3 1
3168 2 6
3169 16 0
3170 2 27
3171 0 2
3172 49 12
3173 0 3
3174 2 26
3175 0 7
3176 0 8
3177 3 43
3178 24 11
3179 0 40
3180 4 0
3181 21 2
3182 3 3
3183 0 13
3184 49 7
3185 28 49
3186 5 3
3187 2 31
3188 36 0
3189 1 3
3190 0 7
3191 1 4
3192 0 43
3193 1 44
3194 26 3
3195 0 39
3196 29 0
3197 32 49
3198 1 8
3199 49 49
3200 3 4
3201 49 0
3202 1 48
3203 2 44
3204 0 15
3205 0 25
3206 4 1
3207 13 5
3208 2 3
3209 27 49
3210 2 49
3211 14 0
3212 1 2
3213 5 46
3214 49 5
3215 14 46
3216 0 44
3217 0 31
3218 49 9
3219 7 0
3220 1 47
3221 25 48
3222 2 46
3223 24 49
3224 0 1
3225 1 36
3226 49 3
3227 2 7
3228 2 2
3229 1 11
3230 0 4
3231 49 10
3232 20 46
3233 1 48
3234 2 1
3235 3 49
3236 48 0
3237 1 25
3238 19 9
3239 4 46
3240 4 45
3241 0 47
3242 1 6
3243 1 3
3244 15 49
3245 20 0
3246 18 9
3247 0 3
3248 0 6
3249 25 3
3250 3 0
3251 11 49
3252 18 49
3253 49 0
3254 2 42
3255 0 34
3256 3 7
3257 8 3
3258 18 47
3259 23 11
3260 48 5
3261 2 2
3262 0 12
3263 12 49
3264 0 45
3265 24 46
3266 2 5
3267 2 30
3268 0 22
3269 12 5
3270 49 13
3271 2 48
3272 0 32
3273 49 12
3274 49 13
3275 2 41
3276 48 0
3277 4 4
3278 0 30
3279 2 4
3280 4 2
3281 25 0
3282 1 47
3283 23 0
3284 17 47
3285 2 27
3286 19 46
3287 2 42
3288 2 10
3289 2 7
3290 27 1
3291 5 49
3292 20 2
3293 48 49
3294 0 9
3295 0 4
3296 28 0
3297 34 2
3298 4 5
3299 0 47
3300 19 2
3301 4 43
3302 9 0
3303 32 0
3304 1 32
3305 1 44
3306 8 49
3307 0 37
3308 34 9
3309 1 5
3310 6 49
3311 0 3
3312 2 26
3313 1 41
3314 1 49
3315 0 10
3316 18 46
3317 2 9
3318 5 49
3319 3 45
3320 22 11
3321 0 25
3322 22 0
3323 0 29
3324 16 24
3325 0 24
3326 0 21
3327 0 33
3328 4 1
3329 23 46
3330 3 5
3331 0 41
3332 14 49
3333 13 0
3334 6 1
3335 0 9
3336 4 45
3337 49 6
3338 14 0
3339 23 49
3340 3 43
3341 1 46
3342 26 1
3343 2 6
3344 23 0
3345 7 1
3346 0 40
3347 40 5
3348 1 30
3349 6 0
3350 2 10
3351 1 42
3352 18 45
3353 0 18
3354 31 0
3355 17 9
3356 21 11
3357 1 39
3358 30 0
3359 24 49
3360 5 1
3361 13 46
3362 3 2
3363 0 44
3364 2 34
3365 49 12
3366 2 46
3367 0 25
3368 4 2
3369 1 48
3370 6 3
3371 1 44
3372 5 0
3373 0 13
3374 0 5
3375 0 30
3376 1 3
3377 7 49
3378 19 0
3379 6 2
3380 2 21
3381 11 49
3382 49 2
3383 3 48
3384 3 3
3385 4 1
3386 0 38
3387 19 44
3388 31 49
3389 1 20
3390 1 7
3391 13 49
3392 5 4
3393 2 28
3394 2 32
3395 11 5
3396 0 41
3397 25 47
3398 2 41
3399 0 40
3400 49 7
3401 4 3
3402 1 8
3403 8 0
3404 0 29
3405 1 31
3406 13 0
3407 2 7
3408 3 32
3409 18 2
3410 0 17
3411 0 12
3412 3 6
3413 49 49
3414 0 11
3415 0 2
3416 1 11
3417 0 46
3418 2 22
3419 7 2
3420 20 11
3421 17 45
3422 1 26
3423 0 11
3424 3 1
3425 24 47
3426 1 10
3427 26 2
3428 8 4
3429 2 43
3430 0 30
3431 23 49
3432 6 3
3433 49 9
3434 0 19
3435 0 32
3436 10 0
3437 18 44
3438 8 49
3439 3 49
3440 27 0
3441 2 10
3442 19 11
3443 15 24
3444 2 31
3445 3 48
3446 33 2
3447 2 0
3448 16 9
3449 1 7
3450 1 45
3451 0 3
3452 3 0
3453 12 46
3454 8 1
3455 11 46
3456 0 47
3457 7 49
3458 15 9
3459 49 1
3460 0 29
3461 0 23
3462 2 40
3463 28 0
3464 14 9
3465 1 11
3466 1 41
3467 9 0
3468 49 5
3469 1 22
3470 48 49
3471 0 28
3472 10 5
3473 2 42
3474 1 34
3475 2 22
3476 1 38
3477 24 49
3478 0 45
3479 2 8
3480 3 3
3481 49 4
3482 3 10
3483 47 0
3484 25 47
3485 49 0
3486 3 4
3487 0 24
3488 0 36
3489 1 23
3490 3 1
3491 26 0
3492 1 2
3493 14 49
3494 22 46
3495 2 5
3496 0 49
3497 8 0
3498 1 37
3499 0 7
3500 0 34
3501 3 3
3502 0 6
3503 18 11
3504 0 39
3505 0 5
3506 2 10
3507 20 49
3508 49 49
3509 1 49
3510 0 35
3511 0 13
3512 3 10
3513 2 2
3514 13 9
3515 3 7
3516 31 0
3517 2 43
3518 0 2
3519 10 46
3520 0 3
3521 0 12
3522 4 4
3523 9 5
3524 0 4
3525 23 49
3526 14 24
3527 13 24
3528 0 2
3529 5 2
3530 0 42
3531 0 46
3532 8 1
3533 48 49
3534 8 0
3535 1 43
3536 2 39
3537 1 4
3538 17 15
3539 4 5
3540 0 37
3541 1 3
3542 0 36
3543 1 10
3544 0 31
3545 0 1
3546 22 49
3547 8 1
3548 2 21
3549 17 49
3550 23 49
3551 29 0
3552 0 33
3553 4 49
3554 0 8
3555 4 1
3556 2 9
3557 10 49
3558 15 0
3559 25 0
3560 2 27
3561 12 9
3562 0 18
3563 4 4
3564 30 49
3565 1 5
3566 9 49
3567 2 45
3568 0 48
3569 0 22
3570 7 1
3571 3 33
3572 0 3
3573 1 45
3574 0 30
3575 16 47
3576 33 9
3577 1 2
3578 1 8
3579 1 3
3580 46 0
3581 17 2
3582 13 49
3583 10 49
3584 16 15
3585 12 0
3586 0 31
3587 4 5
3588 18 0
3589 0 47
3590 4 4
3591 1 35
3592 0 2
3593 16 45
3594 3 1
3595 2 4
3596 35 0
3597 0 46
3598 0 25
3599 7 2
3600 49 10
3601 11 0
3602 2 46
3603 8 0
3604 0 11
3605 2 33
3606 0 21
3607 0 34
3608 9 0
3609 2 49
3610 21 46
3611 2 7
3612 0 38
3613 2 45
3614 3 11
3615 0 27
3616 17 44
3617 49 13
3618 15 47
3619 1 33
3620 0 14
3621 7 1
3622 24 47
3623 15 45
3624 0 3
3625 2 5
3626 49 3
3627 15 15
3628 0 35
3629 1 19
3630 1 4
3631 12 24
3632 12 0
3633 9 6
3634 49 49
3635 17 0
3636 0 41
3637 0 9
3638 2 3
3639 4 2
3640 0 33
3641 0 39
3642 0 30
3643 17 11
3644 19 49
3645 12 49
3646 28 0
3647 2 35
3648 0 38
3649 9 46
3650 0 32
3651 4 44
3652 0 1
3653 13 49
3654 0 16
3655 8 6
3656 0 39
3657 32 2
3658 5 2
3659 24 3
3660 0 4
3661 0 8
3662 2 20
3663 7 2
3664 16 44
3665 0 20
3666 2 42
3667 23 47
3668 49 2
3669 49 3
3670 4 2
3671 3 5
3672 0 49
3673 2 11
3674 0 24
3675 5 2
3676 45 0
3677 0 17
3678 3 42
3679 0 2
3680 14 0
3681 22 49
3682 1 1
3683 16 0
3684 17 0
3685 44 0
3686 48 49
3687 4 3
3688 22 47
3689 3 44
3690 39 5
3691 5 49
3692 43 0
3693 21 49
3694 3 47
3695 8 0
3696 4 4
3697 7 6
3698 16 11
3699 1 2
3700 22 49
3701 3 48
3702 14 15
3703 7 1
3704 0 42
3705 0 31
3706 6 4
3707 3 3
3708 1 30
3709 2 6
3710 15 11
3711 23 47
3712 0 38
3713 49 49
3714 14 11
3715 2 3
3716 48 49
3717 13 11
3718 2 34
3719 2 32
3720 31 2
3721 2 47
3722 23 3
3723 1 40
3724 15 0
3725 6 3
3726 1 18
3727 1 47
3728 0 40
3729 2 19
3730 2 43
3731 1 39
3732 0 26
3733 12 49
3734 22 47
3735 2 39
3736 0 45
3737 34 0
3738 25 2
3739 1 16
3740 10 0
3741 0 18
3742 4 49
3743 0 28
3744 9 0
3745 0 25
3746 16 49
3747 2 12
3748 7 2
3749 9 49
3750 7 4
3751 1 40
3752 1 22
3753 0 1
3754 49 12
3755 32 9
3756 12 11
3757 49 2
3758 3 4
3759 11 24
3760 49 6
3761 3 47
3762 3 41
3763 3 9
3764 2 31
3765 14 45
3766 14 47
3767 0 46
3768 21 49
3769 2 10
3770 0 22
3771 2 32
3772 0 39
3773 22 48
3774 14 0
3775 16 2
3776 13 15
3777 5 3
3778 0 2
3779 26 0
3780 22 0
3781 31 9
3782 7 1
3783 49 9
3784 15 49
3785 13 45
3786 2 28
3787 22 47
3788 0 27
3789 5 49
3790 0 13
3791 16 0
3792 0 34
3793 1 28
3794 1 12
3795 3 8
3796 6 6
3797 26 49
3798 0 38
3799 24 2
3800 7 2
3801 4 0
3802 49 8
3803 15 2
3804 49 5
3805 20 46
3806 6 4
3807 7 0
3808 12 15
3809 29 49
3810 5 6
3811 10 49
3812 1 45
3813 10 24
3814 0 3
3815 1 7
3816 1 24
3817 1 19
3818 18 49
3819 0 5
3820 30 9
3821 30 0
3822 4 5
3823 4 2
3824 21 47
3825 17 0
3826 1 15
3827 0 4
3828 2 7
3829 6 2
3830 38 5
3831 1 3
3832 14 2
3833 17 49
3834 0 33
3835 2 45
3836 49 49
3837 1 1
3838 2 4
3839 19 46
3840 2 12
3841 0 35
3842 3 5
3843 30 2
3844 0 3
3845 18 49
3846 3 9
3847 3 46
3848 16 0
3849 13 2
3850 42 0
3851 41 0
3852 12 1
3853 1 6
3854 2 38
3855 1 32
3856 1 34
3857 0 28
3858 12 0
3859 6 1
3860 0 23
3861 8 49
3862 1 18
3863 2 19
3864 3 6
3865 1 45
3866 25 49
3867 37 5
3868 0 41
3869 8 46
3870 4 49
3871 1 10
3872 29 2
3873 49 3
3874 5 0
3875 7 46
3876 22 3
3877 0 32
3878 1 4
3879 0 10
3880 1 48
3881 11 15
3882 17 0
3883 24 49
3884 17 49
3885 29 9
3886 2 30
3887 0 42
3888 2 5
3889 13 49
3890 7 49
3891 49 11
3892 2 32
3893 1 47
3894 15 0
3895 3 5
3896 18 0
3897 17 0
3898 0 18
3899 0 27
3900 3 7
3901 1 19
3902 33 0
3903 2 6
3904 21 3
3905 18 49
3906 40 0
3907 1 7
3908 2 39
3909 0 11
3910 0 14
3911 1 2
3912 0 7
3913 10 15
3914 0 33
3915 20 49
3916 6 46
3917 1 6
3918 25 0
3919 0 4
3920 1 32
3921 2 26
3922 3 0
3923 2 41
3924 4 44
3925 11 9
3926 5 49
3927 2 19
3928 8 0
3929 23 2
3930 4 7
3931 0 6
3932 32 0
3933 0 36
3934 18 46
3935 12 2
3936 0 34
3937 17 49
3938 2 32
3939 0 16
3940 0 40
3941 15 44
3942 3 1
3943 1 19
3944 14 44
3945 4 3
3946 4 0
3947 2 2
3948 10 1
3949 9 24
3950 18 0
3951 49 6
3952 0 9
3953 5 4
3954 9 15
3955 0 13
3956 2 24
3957 21 0
3958 18 49
3959 6 0
3960 3 7
3961 8 15
3962 2 45
3963 2 19
3964 11 0
3965 3 3
3966 2 37
3967 1 36
3968 20 0
3969 1 48
3970 0 22
3971 0 30
3972 20 3
3973 1 47
3974 4 5
3975 0 36
3976 39 0
3977 0 14
3978 22 2
3979 1 36
3980 20 47
3981 1 20
3982 16 49
3983 24 0
3984 0 19
3985 13 47
3986 1 26
3987 4 49
3988 1 3
3989 3 4
3990 3 0
3991 0 36
3992 12 45
3993 4 3
3994 7 15
3995 10 2
3996 0 17
3997 21 0
3998 0 8
3999 13 44
4000 1 21
4001 1 42
4002 9 49
4003 0 41
4004 2 29
4005 3 1
4006 0 20
4007 5 49
4008 12 49
4009 5 0
4010 49 2
4011 8 1
4012 48 0
4013 2 10
4014 4 0
4015 0 45
4016 2 26
4017 0 19
4018 0 5
4019 3 5
4020 0 13
4021 4 2
4022 0 1
4023 13 43
4024 3 41
4025 0 6
4026 5 3
4027 0 47
4028 0 42
4029 3 0
4030 0 20
4031 2 21
4032 1 6
4033 21 2
4034 12 43
4035 0 46
4036 1 47
4037 12 0
4038 4 9
4039 3 47
4040 36 5
4041 1 45
4042 0 19
4043 0 2
4044 1 48
4045 5 0
4046 0 14
4047 33 0
4048 11 49
4049 48 49
4050 2 5
4051 2 45
4052 5 1
4053 1 5
4054 0 3
4055 3 9
4056 49 9
4057 1 9
4058 1 47
4059 3 46
4060 9 48
4061 38 0
4062 5 46
4063 1 43
4064 1 10
4065 7 0
4066 49 49
4067 5 0
4068 12 3
4069 1 26
4070 1 36
4071 0 9
4072 0 36
4073 4 1
4074 23 49
4075 2 43
4076 49 5
4077 3 44
4078 0 40
4079 14 0
4080 0 13
4081 0 2
4082 0 28
4083 0 33
4084 8 24
4085 35 5
4086 1 28
4087 8 49
4088 2 6
4089 4 44
4090 7 24
4091 49 1
4092 10 9
4093 28 9
4094 2 30
4095 6 15
4096 1 12
4097 1 21
4098 0 32
4099 12 47
4100 19 47
4101 11 11
4102 32 0
4103 47 0
4104 1 8
4105 2 12
4106 2 18
4107 5 45
4108 6 0
4109 0 12
4110 19 3
4111 3 49
4112 20 2
4113 3 44
4114 5 15
4115 0 3
4116 1 24
4117 1 37
4118 0 34
4119 2 5
4120 7 1
4121 1 18
4122 0 11
4123 10 0
4124 23 0
4125 4 15
4126 0 14
4127 0 8
4128 9 9
4129 18 48
4130 1 48
4131 33 0
4132 1 7
4133 0 28
4134 0 39
4135 28 49
4136 9 0
4137 1 40
4138 15 0
4139 4 0
4140 4 6
4141 2 33
4142 1 16
4143 0 38
4144 0 47
4145 9 2
4146 1 49
4147 3 47
4148 24 0
4149 0 40
4150 0 29
4151 8 9
4152 27 9
4153 27 0
4154 11 3
4155 1 33
4156 2 41
4157 0 23
4158 2 26
4159 29 0
4160 37 0
4161 1 12
4162 10 49
4163 10 3
4164 1 41
4165 49 8
4166 1 15
4167 18 49
4168 0 4
4169 1 27
4170 0 30
4171 19 48
4172 18 3
4173 11 0
4174 0 27
4175 48 49
4176 17 49
4177 0 20
4178 32 0
4179 21 49
4180 7 9
4181 3 0
4182 27 49
4183 19 49
4184 3 2
4185 2 29
4186 26 0
4187 1 13
4188 11 49
4189 2 7
4190 1 7
4191 6 9
4192 1 1
4193 11 47
4194 0 5
4195 17 48
4196 5 9
4197 10 47
4198 2 3
4199 3 6
4200 1 5
4201 1 2
4202 14 0
4203 0 26
4204 0 29
4205 1 22
4206 2 41
4207 4 3
4208 24 49
4209 7 49
4210 10 4
4211 4 45
4212 2 6
4213 1 39
4214 26 49
4215 49 4
4216 7 2
4217 28 2
4218 2 37
4219 2 8
4220 49 10
4221 10 46
4222 2 4
4223 2 1
4224 6 2
4225 49 0
4226 22 49
4227 1 28
4228 27 49
4229 49 49
4230 15 49
4231 0 31
4232 3 6
4233 34 5
4234 25 49
4235 4 46
4236 2 49
4237 0 1
4238 49 1
4239 0 32
4240 2 6
4241 27 0
4242 1 43
4243 2 47
4244 9 49
4245 18 49
4246 17 3
4247 5 0
4248 2 0
4249 2 2
4250 49 3
4251 2 30
4252 5 3
4253 26 0
4254 7 0
4255 9 46
4256 0 46
4257 1 9
4258 3 2
4259 1 16
4260 11 43
4261 26 9
4262 4 2
4263 9 4
4264 6 1
4265 13 0
4266 4 49
4267 0 19
4268 17 0
4269 27 0
4270 48 49
4271 31 0
4272 3 5
4273 21 49
4274 2 25
4275 1 15
4276 0 13
4277 3 49
4278 0 7
4279 14 49
4280 46 0
4281 49 4
4282 1 45
4283 33 5
4284 2 7
4285 17 46
4286 4 1
4287 4 3
4288 1 6
4289 1 37
4290 0 15
4291 8 2
4292 13 49
4293 49 0
4294 0 41
4295 0 9
4296 16 48
4297 2 6
4298 7 2
4299 0 35
4300 11 1
4301 1 12
4302 1 15
4303 49 11
4304 1 6
4305 0 49
4306 1 4
4307 24 49
4308 8 0
4309 0 31
4310 7 0
4311 16 0
4312 11 45
4313 2 37
4314 49 49
4315 10 45
4316 3 8
4317 10 11
4318 29 1
4319 2 1
4320 1 8
4321 1 21
4322 2 3
4323 10 43
4324 48 0
4325 11 48
4326 29 0
4327 0 21
4328 23 0
4329 0 30
4330 2 5
4331 10 2
4332 11 49
4333 0 24
4334 49 0
4335 0 34
4336 26 49
4337 2 0
4338 1 25
4339 0 32
4340 11 48
4341 1 37
4342 10 0
4343 2 1
4344 0 35
4345 0 4
4346 0 48
4347 9 0
4348 9 11
4349 2 0
4350 2 44
4351 2 33
4352 3 15
4353 29 1
4354 8 0
4355 0 37
4356 2 29
4357 30 0
4358 1 26
4359 2 4
4360 0 16
4361 16 3
4362 0 2
4363 8 46
4364 0 28
4365 16 46
4366 15 46
4367 15 49
4368 14 46
4369 2 49
4370 11 49
4371 1 46
4372 2 12
4373 1 30
4374 1 42
4375 0 39
4376 0 3
4377 4 7
4378 25 9
4379 0 26
4380 1 49
4381 4 4
4382 3 3
4383 3 14
4384 1 33
4385 1 5
4386 1 17
4387 3 46
4388 5 49
4389 17 49
4390 12 0
4391 29 0
4392 1 9
4393 14 0
4394 27 2
4395 0 43
4396 20 0
4397 3 49
4398 0 27
4399 3 0
4400 7 48
4401 4 9
4402 13 46
4403 6 24
4404 0 29
4405 0 15
4406 2 25
4407 0 26
4408 22 0
4409 1 3
4410 48 49
4411 2 14
4412 32 5
4413 8 49
4414 2 43
4415 1 4
4416 1 6
4417 1 31
4418 49 49
4419 31 0
4420 8 4
4421 0 36
4422 1 12
4423 27 49
4424 2 28
4425 9 49
4426 1 8
4427 6 0
4428 8 1
4429 0 27
4430 8 49
4431 5 0
4432 5 24
4433 4 10
4434 2 44
4435 0 26
4436 1 24
4437 13 48
4438 4 24
4439 6 0
4440 10 0
4441 0 30
4442 0 49
4443 0 38
4444 0 29
4445 3 10
4446 19 0
4447 15 3
4448 0 30
4449 9 0
4450 2 12
4451 9 45
4452 0 17
4453 2 6
4454 23 49
4455 24 49
4456 0 22
4457 6 48
4458 2 2
4459 24 9
4460 14 3
4461 2 43
4462 1 34
4463 1 2
4464 10 49
4465 2 10
4466 0 29
4467 0 23
4468 1 16
4469 1 44
4470 5 4
4471 4 5
4472 36 0
4473 0 45
4474 1 27
4475 0 31
4476 0 18
4477 1 17
4478 8 0
4479 2 4
4480 13 49
4481 2 0
4482 0 39
4483 14 49
4484 7 49
4485 0 32
4486 6 2
4487 1 19
4488 0 28
4489 0 4
4490 32 0
4491 0 29
4492 15 48
4493 3 24
4494 18 0
4495 0 46
4496 0 42
4497 1 12
4498 5 7
4499 20 49
4500 26 49
4501 1 3
4502 16 49
4503 0 43
4504 2 7
4505 0 10
4506 45 0
4507 2 40
4508 2 26
4509 9 49
4510 5 3
4511 0 3
4512 27 49
4513 11 0
4514 2 1
4515 0 12
4516 8 11
4517 19 2
4518 23 49
4519 0 17
4520 2 6
4521 0 22
4522 15 47
4523 3 43
4524 26 2
4525 9 1
4526 4 49
4527 12 1
4528 10 0
4529 7 46
4530 26 0
4531 0 24
4532 4 2
4533 4 0
4534 1 4
4535 0 37
4536 2 25
4537 0 36
4538 3 2
4539 0 18
4540 5 0
4541 17 49
4542 1 40
4543 2 34
4544 31 5
4545 11 0
4546 16 1
4547 22 49
4548 26 49
4549 9 0
4550 19 49
4551 1 24
4552 10 0
4553 9 2
4554 12 49
4555 3 0
4556 13 0
4557 5 48
4558 0 31
4559 1 9
4560 3 5
4561 48 49
4562 49 7
4563 21 49
4564 15 49
4565 5 4
4566 4 1
4567 22 49
4568 35 0
4569 3 45
4570 2 35
4571 6 49
4572 4 48
4573 31 0
4574 11 49
4575 48 0
4576 2 3
4577 0 37
4578 14 49
4579 2 43
4580 0 23
4581 30 5
4582 1 36
4583 6 46
4584 2 42
4585 0 22
4586 1 30
4587 0 14
4588 3 23
4589 0 25
4590 2 34
4591 0 38
4592 12 49
4593 17 0
4594 0 33
4595 0 34
4596 5 47
4597 25 2
4598 4 2
4599 1 20
4600 16 49
4601 3 43
4602 29 5
4603 28 5
4604 2 33
4605 23 9
4606 3 2
4607 0 19
4608 25 0
4609 2 32
4610 22 9
4611 1 1
4612 0 27
4613 1 8
4614 0 35
4615 2 7
4616 3 3
4617 3 9
4618 4 47
4619 1 42
4620 2 30
4621 1 29
4622 1 47
4623 0 34
4624 2 27
4625 4 4
4626 8 2
4627 21 9
4628 0 8
4629 2 28
4630 2 11
4631 1 21
4632 5 49
4633 2 0
4634 0 23
4635 0 48
4636 1 46
4637 2 23
4638 3 0
4639 0 28
4640 0 27
4641 2 20
4642 13 3
4643 2 2
4644 0 16
4645 2 4
4646 1 3
4647 1 18
4648 3 7
4649 25 49
4650 0 4
4651 2 44
4652 9 43
4653 11 1
4654 2 0
4655 21 49
4656 18 49
4657 3 48
4658 3 30
4659 2 27
4660 1 44
4661 1 13
4662 11 49
4663 1 12
4664 3 1
4665 12 3
4666 18 0
4667 2 48
4668 24 2
4669 28 0
4670 2 30
4671 2 5
4672 2 8
4673 1 13
4674 0 7
4675 24 0
4676 3 0
4677 34 0
4678 5 4
4679 8 49
4680 12 46
4681 1 33
4682 27 0
4683 0 11
4684 11 46
4685 0 30
4686 4 5
4687 2 46
4688 2 0
4689 0 28
4690 0 31
4691 17 0
4692 0 21
4693 1 2
4694 1 5
4695 0 3
4696 10 46
4697 20 49
4698 0 46
4699 5 3
4700 6 49
4701 10 47
4702 0 33
4703 5 49
4704 23 2
4705 2 42
4706 2 4
4707 1 42
4708 13 49
4709 3 0
4710 0 18
4711 0 49
4712 0 40
4713 11 3
4714 2 45
4715 9 2
4716 27 5
4717 2 15
4718 3 1
4719 2 42
4720 49 49
4721 1 15
4722 44 0
4723 1 42
4724 12 1
4725 26 5
4726 0 29
4727 1 6
4728 1 12
4729 2 49
4730 0 27
4731 0 19
4732 4 3
4733 3 46
4734 3 25
4735 3 48
4736 1 17
4737 21 0
4738 49 10
4739 3 5
4740 20 9
4741 7 4
4742 1 4
4743 1 49
4744 7 0
4745 48 49
4746 2 26
4747 33 0
4748 8 43
4749 2 7
4750 21 49
4751 11 1
4752 7 43
4753 0 8
4754 4 4
4755 2 3
4756 1 8
4757 6 4
4758 4 7
4759 2 49
4760 6 1
4761 49 6
4762 19 49
4763 1 25
4764 0 37
4765 1 49
4766 1 45
4767 1 31
4768 1 9
4769 2 46
4770 7 11
4771 25 5
4772 49 49
4773 0 45
4774 19 9
4775 18 9
4776 22 49
4777 2 29
4778 0 41
4779 2 22
4780 0 36
4781 0 32
4782 1 18
4783 49 0
4784 26 0
4785 1 17
4786 3 24
4787 0 47
4788 3 4
4789 1 18
4790 8 0
4791 0 7
4792 10 3
4793 49 9
4794 4 6
4795 4 49
4796 0 38
4797 24 49
4798 6 11
4799 34 0
4800 1 20
4801 3 8
4802 0 18
4803 2 28
4804 30 0
4805 5 46
4806 3 9
4807 23 0
4808 4 0
4809 22 2
4810 6 5
4811 8 45
4812 29 0
4813 3 47
4814 18 2
4815 20 0
4816 2 20
4817 25 0
4818 3 3
4819 14 47
4820 1 39
4821 5 0
4822 4 46
4823 12 0
4824 11 2
4825 1 13
4826 28 0
4827 1 10
4828 17 9
4829 2 5
4830 8 2
4831 2 3
4832 1 46
4833 25 49
4834 0 37
4835 0 8
4836 43 0
4837 0 9
4838 0 31
4839 3 8
4840 2 2
4841 1 12
4842 4 0
4843 0 44
4844 14 49
4845 3 9
4846 1 3
4847 1 20
4848 9 3
4849 0 8
4850 0 46
4851 2 24
4852 15 1
4853 13 0
4854 0 38
4855 4 3
4856 3 6
4857 0 20
4858 9 47
4859 0 42
4860 0 13
4861 0 24
4862 48 0
4863 0 40
4864 1 7
4865 11 0
4866 49 8
4867 0 33
4868 26 0
4869 48 6
4870 0 5
4871 2 48
4872 0 4
4873 14 0
4874 0 35
4875 0 34
4876 15 2
4877 3 11
4878 2 8
4879 1 47
4880 0 35
4881 1 29
4882 24 49
4883 6 0
4884 14 2
4885 24 5
4886 2 4
4887 3 3
4888 8 47
4889 16 9
4890 5 11
4891 21 49
4892 6 43
4893 0 47
4894 1 21
4895 4 45
4896 10 0
4897 0 41
4898 3 28
4899 49 7
4900 0 9
4901 11 0
4902 2 42
4903 10 49
4904 25 0
4905 0 26
4906 23 5
4907 42 0
4908 23 49
4909 33 0
4910 2 12
4911 49 3
4912 41 0
4913 2 33
4914 0 45
4915 3 0
4916 0 29
4917 0 30
4918 47 6
4919 46 6
4920 9 4
4921 2 10
4922 3 24
4923 5 5
4924 27 0
4925 4 47
4926 16 0
4927 10 2
4928 19 0
4929 5 2
4930 4 9
4931 1 42
4932 0 17
4933 21 48
4934 9 0
4935 1 11
4936 6 49
4937 15 9
4938 3 1
4939 1 40
4940 6 48
4941 13 2
4942 12 2
4943 17 2
4944 1 24
4945 0 21
4946 5 10
4947 25 1
4948 2 25
4949 8 4
4950 4 3
4951 3 45
4952 14 9
4953 2 5
4954 0 43
4955 4 2
4956 8 0
4957 3 23
4958 0 19
4959 17 0
4960 2 4
4961 4 45
4962 20 0
4963 10 0
4964 4 5
4965 1 2
4966 22 49
4967 32 0
4968 49 2
4969 2 28
4970 7 45
4971 45 6
4972 0 7
4973 1 23
4974 3 47
4975 21 2
4976 1 7
4977 1 47
4978 20 48
4979 2 45
4980 3 7
4981 0 15
4982 1 25
4983 3 49
4984 12 1
4985 0 40
4986 22 5
4987 3 3
4988 0 34
4989 26 0
4990 0 46
4991 4 4
4992 0 41
4993 7 0
4994 1 4
4995 2 39
4996 10 3
4997 0 14
4998 1 21
4999 2 13
5000 0 35
5001 0 40
5002 2 49
5003 0 8
5004 3 10
5005 2 43
5006 9 0
5007 2 18
5008 2 3
5009 1 10
5010 2 10
5011 0 20
5012 0 22
5013 1 39
5014 4 49
5015 2 21
5016 3 4
5017 0 41
5018 49 1
5019 5 11
5020 18 49
5021 3 12
5022 6 45
5023 1 41
5024 2 1
5025 12 0
5026 0 15
5027 0 4
5028 10 0
5029 5 0
5030 0 14
5031 47 0
5032 3 2
5033 11 49
5034 49 6
5035 2 42
5036 7 47
5037 0 37
5038 0 28
5039 2 14
5040 6 2
5041 3 3
5042 5 43
5043 5 1
5044 1 3
5045 1 20
5046 20 2
5047 0 42
5048 13 49
5049 49 5
5050 2 43
5051 5 0
5052 0 43
5053 0 21
5054 6 44
5055 14 49
5056 3 2
5057 13 47
5058 44 6
5059 2 3
5060 21 49
5061 0 42
5062 6 49
5063 13 9
5064 23 49
5065 40 0
5066 1 4
5067 24 49
5068 2 27
5069 7 4
5070 8 0
5071 13 49
5072 2 36
5073 0 47
5074 1 48
5075 23 49
5076 3 9
5077 25 49
5078 0 48
5079 0 22
5080 1 19
5081 1 28
5082 20 49
5083 0 28
5084 0 19
5085 0 16
5086 12 9
5087 11 9
5088 6 47
5089 2 41
5090 1 6
5091 4 9
5092 0 38
5093 2 38
5094 31 0
5095 15 49
5096 27 0
5097 3 49
5098 1 40
5099 4 48
5100 1 39
5101 0 23
5102 3 22
5103 16 2
5104 0 47
5105 0 17
5106 4 0
5107 5 47
5108 1 32
5109 4 2
5110 9 49
5111 21 49
5112 2 23
5113 1 20
5114 8 49
5115 19 2
5116 1 24
5117 1 46
5118 3 9
5119 0 31
5120 1 3
5121 6 0
5122 1 40
5123 0 12
5124 0 13
5125 1 27
5126 49 0
5127 1 36
5128 4 22
5129 0 11
5130 0 18
5131 2 46
5132 1 9
5133 46 0
5134 0 10
5135 17 49
5136 0 30
5137 3 23
5138 0 7
5139 0 8
5140 23 48
5141 10 9
5142 4 9
5143 4 21
5144 1 4
5145 4 49
5146 2 13
5147 1 3
5148 6 4
5149 0 7
5150 0 16
5151 22 0
5152 7 0
5153 6 0
5154 1 25
5155 3 0
5156 2 27
5157 5 0
5158 15 0
5159 39 0
5160 15 48
5161 6 45
5162 3 43
5163 1 47
5164 5 46
5165 22 49
5166 2 34
5167 1 37
5168 9 9
5169 6 5
5170 9 3
5171 0 39
5172 18 0
5173 21 49
5174 0 38
5175 48 0
5176 3 1
5177 0 43
5178 2 42
5179 15 49
5180 1 7
5181 49 4
5182 3 3
5183 15 2
5184 0 8
5185 4 11
5186 2 11
5187 10 49
5188 14 0
5189 2 17
5190 7 0
5191 48 49
5192 23 0
5193 43 6
5194 1 10
5195 5 11
5196 2 9
5197 8 9
5198 3 6
5199 0 36
5200 45 0
5201 3 0
5202 2 14
5203 24 49
5204 12 47
5205 6 44
5206 4 44
5207 17 0
5208 4 1
5209 8 48
5210 6 0
5211 4 47
5212 0 47
5213 2 13
5214 4 8
5215 22 49
5216 30 0
5217 2 2
5218 1 36
5219 1 34
5220 11 47
5221 0 32
5222 0 21
5223 2 4
5224 26 0
5225 38 0
5226 0 20
5227 2 14
5228 16 0
5229 0 45
5230 18 2
5231 1 24
5232 2 43
5233 3 7
5234 0 46
5235 2 1
5236 3 47
5237 1 42
5238 4 0
5239 5 2
5240 0 21
5241 1 11
5242 6 45
5243 42 6
5244 0 25
5245 7 1
5246 1 4
5247 0 35
5248 4 11
5249 29 0
5250 18 49
5251 14 1
5252 0 45
5253 4 48
5254 2 3
5255 25 49
5256 23 47
5257 2 48
5258 22 47
5259 2 0
5260 4 2
5261 0 34
5262 2 6
5263 27 0
5264 0 40
5265 12 49
5266 1 8
5267 3 2
5268 0 46
5269 3 9
5270 2 23
5271 0 41
5272 2 42
5273 20 49
5274 21 47
5275 21 5
5276 0 40
5277 1 47
5278 0 9
5279 2 1
5280 4 1
5281 6 44
5282 4 20
5283 0 35
5284 9 49
5285 2 7
5286 1 25
5287 22 0
5288 0 41
5289 3 0
5290 10 49
5291 0 45
5292 3 13
5293 0 33
5294 13 49
5295 1 24
5296 4 0
5297 1 19
5298 44 0
5299 5 42
5300 1 14
5301 0 31
5302 30 0
5303 0 17
5304 2 9
5305 37 0
5306 2 16
5307 4 42
5308 1 25
5309 2 49
5310 25 0
5311 7 2
5312 17 49
5313 24 49
5314 6 1
5315 1 7
5316 4 46
5317 3 0
5318 2 13
5319 20 47
5320 41 6
5321 3 7
5322 1 1
5323 40 6
5324 0 10
5325 29 0
5326 0 48
5327 0 22
5328 24 0
5329 1 12
5330 1 46
5331 8 1
5332 49 0
5333 0 37
5334 2 8
5335 0 23
5336 3 6
5337 2 34
5338 14 0
5339 2 0
5340 17 2
5341 2 1
5342 2 20
5343 5 48
5344 6 43
5345 0 47
5346 0 44
5347 0 34
5348 8 3
5349 3 5
5350 17 1
5351 4 0
5352 26 0
5353 0 38
5354 0 22
5355 2 32
5356 36 0
5357 27 0
5358 8 4
5359 2 35
5360 1 23
5361 0 46
5362 1 33
5363 1 46
5364 2 5
5365 1 27
5366 2 31
5367 0 29
5368 0 49
5369 0 46
5370 1 39
5371 12 49
5372 3 44
5373 9 0
5374 0 20
5375 49 3
5376 4 7
5377 18 49
5378 2 46
5379 3 13
5380 7 9
5381 0 15
5382 5 5
5383 2 0
5384 6 9
5385 2 37
5386 17 49
5387 2 48
5388 13 49
5389 18 49
5390 2 9
5391 3 0
5392 4 2
5393 22 1
5394 4 41
5395 2 14
5396 1 14
5397 25 49
5398 1 15
5399 3 7
5400 2 38
5401 2 30
5402 2 0
5403 2 34
5404 30 0
5405 14 2
5406 0 47
5407 2 37
5408 0 9
5409 0 40
5410 3 43
5411 5 1
5412 20 5
5413 2 23
5414 3 8
5415 49 2
5416 7 4
5417 0 15
5418 43 0
5419 1 2
5420 12 49
5421 0 19
5422 3 41
5423 11 0
5424 9 49
5425 17 2
5426 1 16
5427 22 0
5428 4 3
5429 4 49
5430 2 39
5431 0 11
5432 1 49
5433 26 0
5434 17 0
5435 4 1
5436 2 45
5437 1 17
5438 0 32
5439 0 10
5440 19 49
5441 0 36
5442 0 16
5443 2 35
5444 2 21
5445 2 7
5446 4 44
5447 5 3
5448 2 49
5449 7 0
5450 1 38
5451 42 0
5452 1 15
5453 10 0
5454 13 2
5455 41 0
5456 3 40
5457 0 12
5458 3 4
5459 3 6
5460 1 35
5461 3 45
5462 9 1
5463 12 0
5464 16 0
5465 0 45
5466 2 44
5467 2 2
5468 2 45
5469 7 48
5470 0 21
5471 0 18
5472 1 39
5473 0 9
5474 8 49
5475 2 12
5476 1 42
5477 1 24
5478 24 1
5479 0 24
5480 29 0
5481 12 2
5482 49 3
5483 3 49
5484 14 1
5485 3 42
5486 7 47
5487 25 0
5488 0 17
5489 49 49
5490 4 4
5491 3 43
5492 0 38
5493 6 47
5494 3 20
5495 1 47
5496 49 2
5497 0 48
5498 5 6
5499 0 33
5500 0 15
5501 3 2
5502 6 3
5503 3 19
5504 1 30
5505 0 28
5506 35 0
5507 1 23
5508 0 16
5509 1 46
5510 0 31
5511 3 14
5512 0 30
5513 0 14
5514 1 22
5515 40 0
5516 3 3
5517 39 0
5518 5 43
5519 2 14
5520 2 20
5521 1 23
5522 34 0
5523 1 5
5524 39 6
5525 23 1
5526 2 2
5527 0 17
5528 38 6
5529 1 4
5530 1 29
5531 4 48
5532 24 49
5533 1 47
5534 0 11
5535 5 9
5536 14 0
5537 4 2
5538 17 0
5539 5 5
5540 2 48
5541 3 42
5542 10 47
5543 21 0
5544 4 9
5545 5 1
5546 25 49
5547 5 2
5548 8 2
5549 24 49
5550 5 0
5551 7 2
5552 33 0
5553 4 6
5554 48 49
5555 19 0
5556 32 0
5557 49 3
5558 49 49
5559 3 5
5560 16 2
5561 1 37
5562 2 49
5563 2 37
5564 9 47
5565 6 5
5566 1 13
5567 37 6
5568 31 0
5569 3 14
5570 11 0
5571 0 27
5572 19 1
5573 28 0
5574 48 0
5575 0 31
5576 2 15
5577 8 47
5578 0 42
5579 11 2
5580 0 16
5581 0 18
5582 1 15
5583 4 1
5584 2 35
5585 1 11
5586 0 34
5587 0 22
5588 2 46
5589 5 46
5590 19 47
5591 1 44
5592 1 37
5593 3 1
5594 3 46
5595 5 5
5596 2 39
5597 2 45
5598 11 49
5599 0 13
5600 4 49
5601 0 15
5602 3 49
5603 0 35
5604 0 12
5605 18 47
5606 1 32
5607 1 1
5608 25 49
5609 0 43
5610 3 16
5611 3 47
5612 1 10
5613 2 3
5614 48 49
5615 2 23
5616 2 5
5617 2 2
5618 3 11
5619 1 41
5620 5 42
5621 2 17
5622 1 0
5623 0 21
5624 7 5
5625 1 26
5626 0 23
5627 8 1
5628 1 43
5629 3 44
5630 5 48
5631 1 3
5632 0 49
5633 4 40
5634 27 0
5635 0 36
5636 1 11
5637 0 33
5638 4 46
5639 20 49
5640 6 4
5641 1 10
5642 2 48
5643 15 2
5644 0 46
5645 3 7
5646 4 16
5647 0 47
5648 9 1
5649 36 6
5650 1 44
5651 2 4
5652 3 16
5653 23 49
5654 19 0
5655 6 46
5656 23 0
5657 17 47
5658 2 46
5659 1 11
5660 4 45
5661 0 17
5662 10 2
5663 4 2
5664 21 49
5665 25 1
5666 0 16
5667 2 45
5668 7 47
5669 5 41
5670 30 0
5671 3 4
5672 4 3
5673 38 0
5674 12 0
5675 20 49
5676 0 18
5677 2 1
5678 4 0
5679 1 48
5680 0 19
5681 1 21
5682 19 5
5683 4 16
5684 1 16
5685 17 49
5686 12 1
5687 3 0
5688 5 46
5689 2 46
5690 2 14
5691 37 0
5692 35 6
5693 4 49
5694 4 5
5695 0 30
5696 0 15
5697 5 4
5698 0 18
5699 14 2
5700 9 49
5701 18 5
5702 13 0
5703 2 6
5704 3 40
5705 17 5
5706 14 0
5707 1 28
5708 0 22
5709 3 18
5710 19 49
5711 13 2
5712 0 48
5713 0 24
5714 36 0
5715 0 29
5716 0 39
5717 25 0
5718 0 35
5719 3 8
5720 4 41
5721 2 0
5722 0 21
5723 0 38
5724 0 8
5725 2 34
5726 1 1
5727 1 8
5728 6 47
5729 0 49
5730 35 0
5731 2 10
5732 12 49
5733 22 49
5734 6 2
5735 0 39
5736 3 45
5737 6 1
5738 8 1
5739 0 13
5740 24 49
5741 1 7
5742 8 2
5743 2 48
5744 3 5
5745 1 36
5746 0 10
5747 2 15
5748 34 6
5749 13 0
5750 19 1
5751 1 22
5752 1 34
5753 0 22
5754 5 2
5755 0 11
5756 7 2
5757 8 0
5758 0 41
5759 1 17
5760 0 36
5761 3 3
5762 7 47
5763 2 28
5764 23 1
5765 4 1
5766 4 4
5767 3 2
5768 0 9
5769 1 20
5770 19 0
5771 4 7
5772 1 19
5773 1 23
5774 4 3
5775 1 37
5776 2 8
5777 1 46
5778 3 3
5779 4 11
5780 1 10
5781 4 2
5782 1 4
5783 3 6
5784 3 9
5785 13 3
5786 12 3
5787 2 6
5788 11 0
5789 0 7
5790 49 2
5791 2 23
5792 6 47
5793 49 1
5794 4 48
5795 0 40
5796 11 3
5797 0 48
5798 5 41
5799 5 2
5800 1 14
5801 1 0
5802 1 23
5803 4 44
5804 0 12
5805 0 45
5806 49 2
5807 3 16
5808 4 4
5809 6 0
5810 1 28
5811 1 8
5812 2 23
5813 2 45
5814 49 1
5815 49 49
5816 0 13
5817 0 47
5818 2 1
5819 2 7
5820 9 2
5821 1 47
5822 4 41
5823 6 1
5824 3 11
5825 12 2
5826 16 5
5827 0 12
5828 33 6
5829 7 3
5830 0 46
5831 0 45
5832 20 49
5833 2 21
5834 1 41
5835 1 39
5836 14 0
5837 0 46
5838 2 37
5839 1 46
5840 3 21
5841 0 42
5842 0 32
5843 0 16
5844 2 49
5845 2 20
5846 0 19
5847 5 41
5848 0 30
5849 22 0
5850 2 42
5851 2 41
5852 3 6
5853 23 2
5854 6 3
5855 2 0
5856 4 41
5857 1 1
5858 0 26
5859 1 0
5860 13 0
5861 2 43
5862 3 39
5863 7 0
5864 3 22
5865 7 49
5866 0 8
5867 3 44
5868 6 48
5869 4 11
5870 2 1
5871 0 7
5872 1 24
5873 2 0
5874 1 2
5875 0 43
5876 14 49
5877 1 20
5878 19 49
5879 1 11
5880 1 37
5881 4 40
5882 0 14
5883 0 48
5884 2 46
5885 1 10
5886 10 0
5887 0 45
5888 1 31
5889 0 37
5890 1 13
5891 2 47
5892 1 15
5893 0 39
5894 6 47
5895 2 20
5896 8 2
5897 3 48
5898 2 18
5899 7 1
5900 2 26
5901 16 49
5902 16 0
5903 4 2
5904 3 12
5905 12 1
5906 2 1
5907 0 17
5908 0 38
5909 4 41
5910 3 18
5911 32 6
5912 4 46
5913 10 49
5914 28 0
5915 3 21
5916 3 45
5917 31 6
5918 4 8
5919 0 29
5920 1 5
5921 0 8
5922 0 33
5923 8 3
5924 6 5
5925 3 47
5926 49 2
5927 0 46
5928 0 47
5929 49 0
5930 6 0
5931 1 21
5932 24 0
5933 27 0
5934 26 0
5935 48 49
5936 2 15
5937 3 5
5938 2 18
5939 5 2
5940 0 15
5941 22 2
5942 4 0
5943 3 17
5944 0 46
5945 3 43
5946 8 2
5947 1 41
5948 0 32
5949 1 30
5950 14 0
5951 1 38
5952 29 0
5953 4 10
5954 0 34
5955 3 6
5956 1 27
5957 1 31
5958 0 23
5959 0 42
5960 0 31
5961 1 4
5962 10 3
5963 1 18
5964 12 0
5965 0 25
5966 0 28
5967 2 14
5968 1 5
5969 1 16
5970 1 46
5971 2 2
5972 9 49
5973 3 5
5974 10 49
5975 21 0
5976 28 0
5977 0 10
5978 1 4
5979 2 3
5980 2 4
5981 3 6
5982 3 48
5983 14 48
5984 2 43
5985 1 48
5986 48 0
5987 0 30
5988 5 0
5989 2 45
5990 34 0
5991 1 6
5992 9 0
5993 30 6
5994 1 1
5995 3 45
5996 14 1
5997 25 49
5998 3 22
5999 16 47
6000 1 25
6001 0 43
6002 0 20
6003 5 5
6004 18 0
6005 0 48
6006 29 0
6007 0 9
6008 0 8
6009 2 11
6010 49 0
6011 0 29
6012 1 9
6013 3 21
6014 15 0
6015 0 32
6016 1 11
6017 8 3
6018 0 27
6019 0 18
6020 0 11
6021 1 19
6022 5 47
6023 2 46
6024 28 0
6025 2 9
6026 0 35
6027 49 49
6028 1 10
6029 2 19
6030 6 49
6031 5 48
6032 2 47
6033 1 47
6034 2 16
6035 24 49
6036 0 22
6037 26 1
6038 6 6
6039 20 0
6040 21 49
6041 0 30
6042 15 49
6043 0 14
6044 4 3
6045 1 22
6046 13 1
6047 0 10
6048 0 37
6049 0 36
6050 0 7
6051 1 28
6052 3 10
6053 0 38
6054 22 49
6055 3 22
6056 2 27
6057 1 29
6058 0 47
6059 4 10
6060 1 16
6061 0 23
6062 13 48
6063 6 1
6064 0 17
6065 8 0
6066 6 7
6067 2 45
6068 1 28
6069 1 45
6070 0 42
6071 5 7
6072 0 45
6073 3 10
6074 2 41
6075 1 29
6076 8 2
6077 1 24
6078 15 47
6079 1 40
6080 1 34
6081 3 45
6082 6 4
6083 21 0
6084 33 0
6085 6 0
6086 3 43
6087 32 0
6088 2 15
6089 1 21
6090 1 22
6091 14 49
6092 15 49
6093 2 14
6094 1 43
6095 3 5
6096 23 0
6097 7 0
6098 2 8
6099 1 15
6100 1 37
6101 2 31
6102 5 0
6103 3 14
6104 29 6
6105 7 49
6106 2 39
6107 20 0
6108 0 29
6109 1 31
6110 7 2
6111 9 49
6112 22 0
6113 4 9
6114 1 11
6115 14 47
6116 0 22
6117 14 46
6118 3 42
6119 14 49
6120 31 0
6121 4 1
6122 2 6
6123 0 15
6124 2 38
6125 4 7
6126 30 0
6127 0 33
6128 2 3
6129 20 1
6130 48 0
6131 1 19
6132 3 47
6133 1 6
6134 3 21
6135 11 0
6136 0 32
6137 2 39
6138 1 44
6139 2 1
6140 2 4
6141 15 49
6142 27 0
6143 2 44
6144 5 6
6145 0 14
6146 25 1
6147 2 0
6148 21 0
6149 5 4
6150 7 3
6151 22 0
6152 0 8
6153 3 6
6154 1 3
6155 1 44
6156 2 46
6157 4 0
6158 3 43
6159 2 5
6160 2 4
6161 14 49
6162 14 0
6163 0 15
6164 1 28
6165 12 1
6166 1 46
6167 6 3
6168 21 2
6169 2 19
6170 2 1
6171 0 24
6172 15 5
6173 0 41
6174 2 45
6175 2 5
6176 5 47
6177 1 16
6178 2 26
6179 28 6
6180 0 48
6181 20 0
6182 3 5
6183 0 7
6184 2 47
6185 0 44
6186 0 30
6187 13 46
6188 1 33
6189 4 2
6190 2 4
6191 2 10
6192 1 1
6193 12 48
6194 0 29
6195 2 16
6196 4 12
6197 0 13
6198 4 4
6199 3 2
6200 1 16
6201 6 49
6202 9 1
6203 10 0
6204 2 3
6205 1 5
6206 49 0
6207 0 46
6208 21 49
6209 0 30
6210 1 3
6211 6 0
6212 0 8
6213 1 14
6214 2 21
6215 25 0
6216 11 49
6217 5 3
6218 13 49
6219 0 29
6220 5 2
6221 2 38
6222 3 13
6223 0 47
6224 23 49
6225 4 40
6226 2 3
6227 5 5
6228 12 0
6229 1 0
6230 4 3
6231 48 49
6232 23 0
6233 5 9
6234 0 21
6235 1 2
6236 3 3
6237 4 48
6238 1 3
6239 4 3
6240 0 34
6241 12 1
6242 22 0
6243 1 36
6244 17 0
6245 2 28
6246 5 1
6247 0 7
6248 11 0
6249 19 0
6250 5 4
6251 2 13
6252 4 6
6253 1 39
6254 1 20
6255 0 48
6256 24 0
6257 3 8
6258 0 43
6259 2 40
6260 21 48
6261 2 2
6262 2 17
6263 12 47
6264 2 4
6265 0 19
6266 0 44
6267 0 39
6268 0 20
6269 1 26
6270 10 0
6271 1 8
6272 4 9
6273 4 7
6274 0 30
6275 9 3
6276 48 0
6277 27 6
6278 4 45
6279 26 0
6280 24 1
6281 4 6
6282 0 28
6283 3 6
6284 0 9
6285 3 49
6286 2 24
6287 2 12
6288 49 49
6289 0 16
6290 2 23
6291 0 47
6292 3 2
6293 5 2
6294 3 42
6295 1 2
6296 0 22
6297 4 49
6298 2 44
6299 0 10
6300 5 46
6301 49 0
6302 4 48
6303 1 35
6304 0 43
6305 2 49
6306 1 41
6307 0 9
6308 3 3
6309 0 11
6310 3 21
6311 8 3
6312 1 6
6313 13 45
6314 1 10
6315 0 14
6316 4 4
6317 0 45
6318 1 3
6319 0 19
6320 2 33
6321 1 45
6322 3 2
6323 3 19
6324 0 15
6325 11 0
6326 5 5
6327 0 33
6328 1 40
6329 3 44
6330 0 29
6331 1 2
6332 1 12
6333 4 8
6334 5 0
6335 2 32
6336 0 26
6337 49 3
6338 6 4
6339 7 3
6340 2 9
6341 21 0
6342 0 10
6343 5 6
6344 1 19
6345 16 0
6346 11 47
6347 3 3
6348 2 46
6349 3 49
6350 22 0
6351 0 20
6352 2 43
6353 3 45
6354 1 43
6355 48 0
6356 2 37
6357 22 49
6358 1 22
6359 5 5
6360 1 25
6361 8 0
6362 1 34
6363 0 11
6364 3 40
6365 2 44
6366 18 49
6367 2 2
6368 2 43
6369 14 49
6370 2 24
6371 1 37
6372 0 27
6373 4 2
6374 1 17
6375 3 5
6376 3 13
6377 0 22
6378 0 32
6379 1 2
6380 4 46
6381 17 0
6382 21 0
6383 5 46
6384 2 47
6385 20 48
6386 1 26
6387 3 18
6388 3 1
6389 1 3
6390 2 49
6391 19 1
6392 5 49
6393 6 3
6394 2 13
6395 0 21
6396 3 11
6397 1 15
6398 3 7
6399 5 6
6400 16 0
6401 2 8
6402 1 44
6403 2 15
6404 1 16
6405 1 17
6406 1 8
6407 2 33
6408 6 4
6409 20 2
6410 4 3
6411 17 49
6412 9 2
6413 24 0
6414 0 14
6415 4 1
6416 23 0
6417 3 39
6418 0 15
6419 0 25
6420 20 49
6421 4 10
6422 4 0
6423 3 1
6424 1 25
6425 4 6
6426 3 49
6427 0 30
6428 2 1
6429 2 31
6430 12 2
6431 4 46
6432 1 31
6433 2 19
6434 8 49
6435 0 41
6436 2 7
6437 3 2
6438 2 32
6439 1 30
6440 10 47
6441 13 0
6442 9 0
6443 5 6
6444 3 9
6445 1 46
6446 0 33
6447 2 0
6448 13 49
6449 1 2
6450 5 8
6451 16 49
6452 1 14
6453 29 0
6454 0 19
6455 7 49
6456 20 3
6457 1 0
6458 4 7
6459 1 4
6460 0 10
6461 8 0
6462 2 42
6463 1 38
6464 49 2
6465 2 38
6466 48 49
6467 11 2
6468 5 1
6469 0 8
6470 2 4
6471 2 6
6472 8 2
6473 5 46
6474 10 2
6475 3 17
6476 0 28
6477 4 13
6478 3 3
6479 7 0
6480 0 42
6481 23 49
6482 0 44
6483 19 0
6484 1 48
6485 0 43
6486 5 2
6487 4 2
6488 21 1
6489 6 3
6490 4 5
6491 5 4
6492 18 0
6493 1 32
6494 4 47
6495 21 0
6496 2 44
6497 0 17
6498 0 31
6499 3 15
6500 2 15
6501 2 7
6502 20 0
6503 0 25
6504 0 38
6505 2 6
6506 1 29
6507 0 40
6508 2 17
6509 2 46
6510 2 35
6511 2 37
6512 26 6
6513 18 1
6514 3 7
6515 2 7
6516 2 48
6517 14 49
6518 18 0
6519 1 5
6520 2 39
6521 5 10
6522 3 35
6523 1 6
6524 0 27
6525 10 49
6526 1 21
6527 4 10
6528 1 44
6529 9 47
6530 0 30
6531 1 4
6532 2 0
6533 2 45
6534 4 7
6535 4 1
6536 2 26
6537 8 47
6538 1 1
6539 0 16
6540 3 17
6541 49 49
6542 17 49
6543 1 40
6544 1 20
6545 2 16
6546 1 0
6547 3 28
6548 1 3
6549 1 49
6550 3 7
6551 0 28
6552 4 4
6553 18 1
6554 3 47
6555 5 4
6556 7 2
6557 9 2
6558 2 4
6559 2 35
6560 28 0
6561 5 0
6562 9 49
6563 0 40
6564 18 0
6565 3 35
6566 6 4
6567 10 0
6568 1 36
6569 12 45
6570 19 3
6571 2 15
6572 2 10
6573 0 27
6574 2 9
6575 29 0
6576 11 0
6577 1 26
6578 5 3
6579 0 41
6580 3 9
6581 9 0
6582 2 6
6583 7 47
6584 2 9
6585 1 41
6586 1 25
6587 2 1
6588 4 49
6589 18 3
6590 1 22
6591 2 21
6592 1 10
6593 0 20
6594 11 45
6595 2 12
6596 22 0
6597 1 39
6598 0 23
6599 1 4
6600 0 49
6601 3 44
6602 11 1
6603 1 23
6604 2 11
6605 3 8
6606 2 46
6607 2 16
6608 4 4
6609 1 22
6610 5 2
6611 9 3
6612 10 49
6613 1 9
6614 2 41
6615 0 31
6616 0 6
6617 3 10
6618 1 10
6619 0 29
6620 0 44
6621 1 49
6622 0 11
6623 2 18
6624 0 42
6625 13 49
6626 2 32
6627 8 49
6628 2 34
6629 6 5
6630 25 0
6631 4 17
6632 4 5
6633 0 9
6634 3 13
6635 0 37
6636 0 41
6637 1 2
6638 2 20
6639 19 49
6640 1 16
6641 8 3
6642 17 3
6643 2 40
6644 6 0
6645 0 25
6646 10 0
6647 0 10
6648 2 41
6649 12 49
6650 2 13
6651 6 47
6652 2 15
6653 1 42
6654 6 3
6655 1 21
6656 1 10
6657 2 45
6658 2 4
6659 49 1
6660 1 17
6661 1 35
6662 3 46
6663 8 4
6664 5 9
6665 20 49
6666 0 49
6667 6 48
6668 8 2
6669 1 24
6670 3 17
6671 28 0
6672 27 0
6673 3 2
6674 2 16
6675 19 49
6676 0 35
6677 47 0
6678 0 10
6679 0 46
6680 7 4
6681 2 22
6682 8 0
6683 1 29
6684 1 3
6685 0 12
6686 0 8
6687 10 48
6688 0 28
6689 2 43
6690 5 1
6691 18 1
6692 0 14
6693 1 11
6694 14 49
6695 3 6
6696 3 36
6697 19 0
6698 3 35
6699 3 49
6700 15 49
6701 4 9
6702 10 49
6703 1 30
6704 2 24
6705 0 48
6706 10 48
6707 4 44
6708 1 19
6709 4 0
6710 22 49
6711 4 2
6712 17 48
6713 25 6
6714 6 2
6715 3 2
6716 3 5
6717 20 0
6718 4 4
6719 0 42
6720 4 17
6721 1 43
6722 1 6
6723 2 28
6724 9 0
6725 1 35
6726 7 0
6727 0 13
6728 1 9
6729 0 18
6730 3 20
6731 0 39
6732 5 3
6733 11 49
6734 6 0
6735 1 47
6736 0 41
6737 1 45
6738 0 40
6739 2 11
6740 3 11
6741 23 0
6742 1 8
6743 3 36
6744 14 5
6745 1 2
6746 2 40
6747 0 17
6748 3 35
6749 46 0
6750 2 36
6751 1 38
6752 10 45
6753 0 22
6754 28 0
6755 0 9
6756 2 0
6757 0 8
6758 2 49
6759 6 3
6760 1 29
6761 0 41
6762 1 10
6763 22 0
6764 5 4
6765 7 0
6766 13 5
6767 0 40
6768 2 39
6769 0 49
6770 1 3
6771 8 4
6772 1 24
6773 2 7
6774 1 16
6775 2 12
6776 12 5
6777 6 2
6778 10 0
6779 9 0
6780 1 8
6781 2 6
6782 0 34
6783 6 47
6784 0 35
6785 0 27
6786 0 42
6787 2 40
6788 5 0
6789 6 49
6790 2 46
6791 2 21
6792 7 47
6793 0 24
6794 3 46
6795 0 41
6796 2 33
6797 9 48
6798 3 41
6799 2 1
6800 0 30
6801 3 10
6802 0 19
6803 2 8
6804 6 47
6805 5 9
6806 0 10
6807 2 46
6808 1 9
6809 8 1
6810 0 43
6811 0 18
6812 7 5
6813 3 17
6814 2 27
6815 4 46
6816 0 21
6817 1 11
6818 0 9
6819 2 0
6820 0 31
6821 2 9
6822 9 4
6823 8 4
6824 5 49
6825 0 25
6826 1 23
6827 0 36
6828 49 0
6829 0 19
6830 1 25
6831 1 42
6832 4 47
6833 3 34
6834 2 10
6835 0 23
6836 7 1
6837 4 1
6838 9 45
6839 0 14
6840 1 2
6841 3 35
6842 4 3
6843 2 37
6844 1 3
6845 2 13
6846 1 12
6847 0 15
6848 23 0
6849 1 0
6850 12 0
6851 18 49
6852 2 2
6853 1 11
6854 48 49
6855 0 44
6856 4 9
6857 16 48
6858 1 12
6859 3 11
6860 2 44
6861 5 1
6862 0 28
6863 6 5
6864 2 0
6865 1 10
6866 2 43
6867 4 1
6868 4 11
6869 10 49
6870 3 46
6871 10 1
6872 1 2
6873 3 48
6874 0 33
6875 3 3
6876 11 49
6877 0 22
6878 0 10
6879 0 48
6880 2 12
6881 2 14
6882 1 49
6883 0 23
6884 0 37
6885 4 2
6886 8 45
6887 3 34
6888 4 46
6889 3 49
6890 0 42
6891 3 44
6892 2 46
6893 6 49
6894 1 22
6895 1 44
6896 1 18
6897 4 49
6898 22 0
6899 15 0
6900 4 4
6901 1 0
6902 1 27
6903 2 16
6904 16 3
6905 0 20
6906 3 42
6907 5 47
6908 15 3
6909 0 49
6910 2 3
6911 3 7
6912 3 18
6913 0 21
6914 48 0
6915 3 49
6916 23 0
6917 27 0
6918 2 36
6919 3 41
6920 1 10
6921 3 17
6922 14 0
6923 1 23
6924 11 5
6925 4 0
6926 6 4
6927 11 0
6928 1 39
6929 2 7
6930 5 49
6931 10 2
6932 1 16
6933 1 5
6934 49 49
6935 7 49
6936 1 6
6937 0 36
6938 6 47
6939 19 0
6940 10 1
6941 6 0
6942 1 45
6943 2 39
6944 2 41
6945 6 3
6946 5 47
6947 2 8
6948 0 30
6949 0 14
6950 3 19
6951 0 47
6952 0 43
6953 20 0
6954 0 32
6955 16 47
6956 1 13
6957 9 2
6958 2 25
6959 13 0
6960 3 22
6961 0 26
6962 2 20
6963 2 5
6964 3 45
6965 0 15
6966 14 0
6967 0 41
6968 5 2
6969 8 49
6970 0 13
6971 0 25
6972 4 6
6973 0 38
6974 5 6
6975 12 0
6976 14 49
6977 1 34
6978 0 31
6979 25 1
6980 0 22
6981 3 10
6982 1 40
6983 7 2
6984 4 19
6985 9 47
6986 0 8
6987 0 45
6988 45 0
6989 10 49
6990 1 47
6991 0 40
6992 4 45
6993 3 48
6994 0 42
6995 2 11
6996 0 20
6997 3 19
6998 2 22
6999 4 19
7000 1 44
7001 1 41
7002 3 41
7003 0 37
7004 1 30
7005 21 49
7006 1 21
7007 3 35
7008 0 34
7009 1 24
7010 2 26
7011 6 5
7012 49 0
7013 18 0
7014 0 47
7015 1 7
7016 0 9
7017 0 21
7018 15 47
7019 4 44
7020 7 1
7021 2 25
7022 7 5
7023 7 45
7024 0 26
7025 3 12
7026 14 3
7027 21 0
7028 3 5
7029 1 1
7030 0 33
7031 6 5
7032 4 6
7033 2 26
7034 4 43
7035 0 18
7036 5 11
7037 2 5
7038 0 48
7039 7 3
7040 0 14
7041 14 47
7042 0 8
7043 4 1
7044 0 30
7045 2 18
7046 48 49
7047 2 10
7048 0 16
7049 1 3
7050 25 0
7051 2 6
7052 2 25
7053 2 23
7054 13 3
7055 7 49
7056 11 0
7057 1 35
7058 10 5
7059 3 13
7060 6 3
7061 2 9
7062 3 5
7063 2 22
7064 13 49
7065 20 0
7066 8 0
7067 1 38
7068 0 35
7069 5 1
7070 2 31
7071 12 49
7072 28 0
7073 6 45
7074 1 21
7075 3 40
7076 1 4
7077 0 17
7078 4 3
7079 2 37
7080 0 19
7081 24 6
7082 3 34
7083 5 0
7084 3 12
7085 0 44
7086 9 0
7087 3 13
7088 3 49
7089 22 0
7090 1 46
7091 1 18
7092 5 45
7093 13 49
7094 48 0
7095 2 1
7096 2 12
7097 0 23
7098 2 36
7099 4 42
7100 4 11
7101 44 0
7102 4 8
7103 1 39
7104 1 33
7105 2 34
7106 2 37
7107 0 34
7108 0 9
7109 2 18
7110 3 9
7111 3 34
7112 5 8
7113 1 11
7114 17 49
7115 2 32
7116 1 29
7117 0 10
7118 2 23
7119 0 24
7120 15 49
7121 2 2
7122 3 8
7123 0 43
7124 2 40
7125 5 5
7126 7 0
7127 19 0
7128 24 0
7129 49 49
7130 3 11
7131 3 4
7132 1 16
7133 12 3
7134 0 38
7135 0 31
7136 1 10
7137 0 49
7138 4 4
7139 2 27
7140 3 42
7141 20 49
7142 1 13
7143 1 9
7144 4 1
7145 3 40
7146 2 39
7147 1 48
7148 5 44
7149 43 0
7150 0 22
7151 5 7
7152 2 34
7153 0 35
7154 3 19
7155 6 5
7156 0 12
7157 4 3
7158 2 3
7159 1 45
7160 48 49
7161 2 11
7162 15 48
7163 8 49
7164 15 49
7165 11 3
7166 4 11
7167 3 44
7168 1 18
7169 4 10
7170 4 42
7171 2 1
7172 13 47
7173 0 20
7174 3 5
7175 6 2
7176 3 7
7177 3 8
7178 2 15
7179 4 47
7180 0 34
7181 49 0
7182 1 39
7183 4 5
7184 3 45
7185 11 49
7186 7 4
7187 0 42
7188 1 36
7189 1 30
7190 6 0
7191 2 12
7192 1 43
7193 1 29
7194 1 42
7195 13 0
7196 14 0
7197 1 27
7198 1 2
7199 7 5
7200 3 4
7201 12 47
7202 4 7
7203 2 2
7204 49 49
7205 5 0
7206 4 2
7207 1 25
7208 1 41
7209 3 2
7210 1 30
7211 1 23
7212 6 1
7213 5 7
7214 0 36
7215 7 4
7216 2 46
7217 0 23
7218 1 32
7219 0 30
7220 5 5
7221 5 1
7222 0 9
7223 3 16
7224 0 29
7225 2 23
7226 1 35
7227 7 49
7228 18 49
7229 1 42
7230 48 49
7231 0 15
7232 9 5
7233 1 8
7234 8 47
7235 2 14
7236 2 39
7237 5 2
7238 4 5
7239 4 2
7240 0 43
7241 2 5
7242 3 7
7243 25 0
7244 0 18
7245 10 49
7246 10 3
7247 3 6
7248 2 47
7249 0 25
7250 1 1
7251 4 44
7252 1 37
7253 2 15
7254 3 42
7255 4 46
7256 2 11
7257 1 41
7258 1 42
7259 4 0
7260 2 27
7261 2 8
7262 42 0
7263 4 43
7264 0 46
7265 23 6
7266 0 30
7267 7 5
7268 2 17
7269 0 14
7270 12 0
7271 2 31
7272 16 49
7273 0 29
7274 3 7
7275 1 10
7276 1 12
7277 18 48
7278 5 0
7279 3 6
7280 0 41
7281 0 15
7282 0 35
7283 7 1
7284 0 19
7285 2 2
7286 3 44
7287 1 39
7288 5 5
7289 15 0
7290 8 2
7291 0 21
7292 7 47
7293 9 4
7294 0 8
7295 2 46
7296 2 0
7297 27 0
7298 18 49
7299 0 20
7300 2 6
7301 8 4
7302 7 4
7303 5 48
7304 4 3
7305 2 9
7306 0 9
7307 0 47
7308 0 19
7309 1 24
7310 18 48
7311 5 6
7312 3 17
7313 5 49
7314 1 0
7315 0 8
7316 0 11
7317 1 34
7318 4 45
7319 4 2
7320 14 0
7321 0 10
7322 0 45
7323 3 7
7324 1 40
7325 0 11
7326 9 3
7327 19 49
7328 0 16
7329 2 16
7330 7 5
7331 5 2
7332 2 1
7333 0 24
7334 9 4
7335 11 47
7336 1 35
7337 3 41
7338 2 44
7339 22 6
7340 3 9
7341 21 6
7342 1 41
7343 2 33
7344 2 2
7345 0 13
7346 0 26
7347 10 2
7348 0 46
7349 11 0
7350 6 0
7351 3 45
7352 41 0
7353 2 37
7354 1 34
7355 1 42
7356 3 11
7357 8 3
7358 0 25
7359 1 22
7360 1 8
7361 13 0
7362 0 10
7363 7 4
7364 8 2
7365 4 42
7366 5 1
7367 3 33
7368 20 6
7369 1 7
7370 0 22
7371 1 16
7372 0 12
7373 5 2
7374 1 27
7375 5 0
7376 3 6
7377 2 30
7378 0 11
7379 1 6
7380 2 3
7381 6 47
7382 1 1
7383 2 34
7384 1 3
7385 2 11
7386 15 49
7387 2 49
7388 4 19
7389 1 31
7390 21 0
7391 0 12
7392 1 8
7393 6 1
7394 3 49
7395 2 49
7396 2 6
7397 5 47
7398 6 6
7399 4 2
7400 4 1
7401 2 42
7402 1 9
7403 2 33
7404 4 49
7405 2 2
7406 2 9
7407 0 27
7408 7 1
7409 0 17
7410 1 5
7411 4 47
7412 7 5
7413 1 17
7414 28 0
7415 1 42
7416 3 44
7417 1 35
7418 4 43
7419 0 9
7420 9 3
7421 0 34
7422 24 0
7423 5 6
7424 0 11
7425 6 6
7426 6 49
7427 2 8
7428 3 16
7429 3 10
7430 10 47
7431 0 28
7432 1 20
7433 14 49
7434 1 28
7435 2 13
7436 9 4
7437 3 49
7438 0 33
7439 1 46
7440 0 18
7441 48 0
7442 0 21
7443 6 4
7444 10 48
7445 0 14
7446 0 10
7447 1 4
7448 0 40
7449 0 31
7450 4 48
7451 0 35
7452 2 29
7453 0 24
7454 3 1
7455 0 25
7456 2 10
7457 4 2
7458 2 41
7459 1 5
7460 2 4
7461 3 43
7462 1 23
7463 0 44
7464 3 39
7465 7 2
7466 1 41
7467 49 49
7468 0 24
7469 27 0
7470 2 3
7471 7 3
7472 5 49
7473 12 0
7474 9 48
7475 0 12
7476 6 49
7477 26 0
7478 0 37
7479 49 0
7480 5 6
7481 6 0
7482 1 4
7483 1 13
7484 2 16
7485 1 45
7486 9 2
7487 2 15
7488 3 44
7489 0 41
7490 0 22
7491 3 48
7492 22 0
7493 0 19
7494 3 2
7495 0 21
7496 9 49
7497 0 32
7498 0 1
7499 0 6
# colocadas=7500 ocupadas=114 mayor=532
