0 19 21
1 37 24
2 4 14
3 5 14
4 18 21
5 4 14
6 5 14
7 19 21
8 4 14
9 18 20
10 37 23
11 37 24
12 18 21
13 5 14
14 4 14
15 19 21
16 5 14
17 18 21
18 36 23
19 19 20
20 37 23
21 4 14
22 37 25
23 37 24
24 37 23
25 5 14
26 19 21
27 37 24
28 18 20
29 18 21
30 4 14
31 5 14
32 19 22
33 19 21
34 36 25
35 18 21
36 19 21
37 4 14
38 5 14
39 4 14
40 37 23
41 19 22
42 19 21
43 35 25
44 18 21
45 19 21
46 18 20
47 18 21
48 5 14
49 18 20
50 4 14
51 18 21
52 19 20
53 5 14
54 4 14
55 19 21
56 18 20
57 5 14
58 37 24
59 37 23
60 18 21
61 19 21
62 4 14
63 18 21
64 19 22
65 35 24
66 37 24
67 35 23
68 36 23
69 37 23
70 19 21
71 36 23
72 37 23
73 35 23
74 18 21
75 19 21
76 37 24
77 5 14
78 4 14
79 36 23
80 37 23
81 37 24
82 18 20
83 37 23
84 18 21
85 19 21
86 36 23
87 37 23
88 18 21
89 18 20
90 18 21
91 19 21
92 18 21
93 19 20
94 36 23
95 19 21
96 5 14
97 37 23
98 18 20
99 37 24
100 37 23
101 37 25
102 4 14
103 18 21
104 19 22
105 19 21
106 19 22
107 19 21
108 37 24
109 18 21
110 37 23
111 19 21
112 19 22
113 5 14
114 4 14
115 19 21
116 37 24
117 19 22
118 36 25
119 19 21
120 35 25
121 35 24
122 18 21
123 37 23
124 19 21
125 19 22
126 19 21
127 37 24
128 37 23
129 18 20
130 18 21
131 35 23
132 19 21
133 36 23
134 35 23
135 37 24
136 18 21
137 18 20
138 37 23
139 37 24
140 37 23
141 18 21
142 36 23
143 19 22
144 37 24
145 19 21
146 37 23
147 36 23
148 37 23
149 35 23
150 37 24
151 37 23
152 37 24
153 37 23
154 18 21
155 19 21
156 18 20
157 5 14
158 18 21
159 37 24
160 4 14
161 36 23
162 37 23
163 36 23
164 18 20
165 37 23
166 37 24
167 18 21
168 5 14
169 37 23
170 37 25
171 37 24
172 36 25
173 19 20
174 4 14
175 37 23
176 19 21
177 37 24
178 18 20
179 35 25
180 35 24
181 35 23
182 18 21
183 37 23
184 37 24
185 37 23
186 18 20
187 36 23
188 18 21
189 19 20
190 35 23
191 5 14
192 37 24
193 36 23
194 37 23
195 37 25
196 4 14
197 19 21
198 18 20
199 37 24
200 18 21
201 19 21
202 36 25
203 37 23
204 18 21
205 19 22
206 19 21
207 37 24
208 18 20
209 18 21
210 35 25
211 19 20
212 37 23
213 35 24
214 5 14
215 19 21
216 19 22
217 19 21
218 37 24
219 35 23
220 36 23
221 37 23
222 19 22
223 37 24
224 19 21
225 19 22
226 19 21
227 37 23
228 18 22
229 18 21
230 19 21
231 37 25
232 18 21
233 18 20
234 18 21
235 37 24
236 4 14
237 5 14
238 19 20
239 19 21
240 36 25
241 37 23
242 18 20
243 37 24
244 37 23
245 37 24
246 4 14
247 35 25
248 18 21
249 19 22
250 37 23
251 19 21
252 5 14
253 37 24
254 18 20
255 18 21
256 18 20
257 37 23
258 37 24
259 18 21
260 4 14
261 5 14
262 4 14
263 37 23
264 19 21
265 18 21
266 5 14
267 4 14
268 37 24
269 19 21
270 18 21
271 19 22
272 5 14
273 35 24
274 37 23
275 19 21
276 19 22
277 19 21
278 37 24
279 4 14
280 18 20
281 5 14
282 35 23
283 18 21
284 19 22
285 36 23
286 37 23
287 19 21
288 18 22
289 18 21
290 19 21
291 4 14
292 37 25
293 37 24
294 36 23
295 5 14
296 37 23
297 4 14
298 18 21
299 35 23
300 5 14
301 19 21
302 37 24
303 18 21
304 19 22
305 4 14
306 19 21
307 18 22
308 18 21
309 18 23
310 5 14
311 4 14
312 18 22
313 5 14
314 37 23
315 4 14
316 5 14
317 19 21
318 18 21
319 37 24
320 4 14
321 37 23
322 5 14
323 4 14
324 5 14
325 36 23
326 18 20
327 18 21
328 35 23
329 36 23
330 35 23
331 18 20
332 36 23
333 37 24
334 18 21
335 19 21
336 37 23
337 35 23
338 18 21
339 4 14
340 18 20
341 18 21
342 19 20
343 37 24
344 5 14
345 4 14
346 5 14
347 19 21
348 18 20
349 18 21
350 36 23
351 37 23
352 19 20
353 19 21
354 19 22
355 19 21
356 18 21
357 4 14
358 19 21
359 19 22
360 37 24
361 5 14
362 37 23
363 37 25
364 37 24
365 4 14
366 5 14
367 19 21
368 37 23
369 19 22
370 4 14
371 19 21
372 37 24
373 36 23
374 37 23
375 5 14
376 4 14
377 5 14
378 18 22
379 37 25
380 18 21
381 18 23
382 37 24
383 4 14
384 18 22
385 36 23
386 37 23
387 37 25
388 19 21
389 18 21
390 18 20
391 37 24
392 5 14
393 18 21
394 19 21
395 36 25
396 37 23
397 35 25
398 37 24
399 37 23
400 18 21
401 35 24
402 4 14
403 18 20
404 5 14
405 35 23
406 4 14
407 36 23
408 35 23
409 18 21
410 19 22
411 36 23
412 19 21
413 19 22
414 35 23
415 5 14
416 19 21
417 4 14
418 36 23
419 35 23
420 37 24
421 37 23
422 5 14
423 37 24
424 18 22
425 18 21
426 37 23
427 37 24
428 18 20
429 4 14
430 5 14
431 37 23
432 36 23
433 35 23
434 37 24
435 37 23
436 37 24
437 36 23
438 37 23
439 37 25
440 37 24
441 18 21
442 19 20
443 36 23
444 19 21
445 19 22
446 37 23
447 4 14
448 19 21
449 19 22
450 35 23
451 19 21
452 5 14
453 36 23
454 4 14
455 18 21
456 37 24
457 19 21
458 5 14
459 37 23
460 36 23
461 19 22
462 37 23
463 37 24
464 37 23
465 36 23
466 4 14
467 5 14
468 37 23
469 37 25
470 19 21
471 18 22
472 18 21
473 19 22
474 37 24
475 4 14
476 5 14
477 19 21
478 18 22
479 18 21
480 18 20
481 36 25
482 4 14
483 35 25
484 37 23
485 18 21
486 35 24
487 35 23
488 18 20
489 18 21
490 36 23
491 5 14
492 19 20
493 19 21
494 18 20
495 4 14
496 18 21
497 5 14
498 37 24
499 19 20
500 19 21
501 18 21
502 37 23
503 19 21
504 18 21
505 36 23
506 4 14
507 19 21
508 37 23
509 36 23
510 18 20
511 18 21
512 37 23
513 5 14
514 18 20
515 18 21
516 4 14
517 19 22
518 5 14
519 19 21
520 37 24
521 4 14
522 37 23
523 5 14
524 35 23
525 36 23
526 4 14
527 5 14
528 37 24
529 37 23
530 4 14
531 5 14
532 18 22
533 18 21
534 18 20
535 37 24
536 18 21
537 4 14
538 19 21
539 5 14
540 4 14
541 5 14
542 4 14
543 5 14
544 37 23
545 18 21
546 18 20
547 36 23
548 18 21
549 37 23
550 18 20
551 36 23
552 18 21
553 19 21
554 18 21
555 37 23
556 35 23
557 4 14
558 37 24
559 19 20
560 36 23
561 37 23
562 36 23
563 37 23
564 5 14
565 35 23
566 36 23
567 4 14
568 19 21
569 37 24
570 18 20
571 5 14
572 18 21
573 4 14
574 37 23
575 37 25
576 19 20
577 37 24
578 19 21
579 37 25
580 18 21
581 19 21
582 37 24
583 5 14
584 18 20
585 18 21
586 19 22
587 37 25
588 4 14
589 37 24
590 19 21
591 37 25
592 19 22
593 19 21
594 18 20
595 18 21
596 37 24
597 36 25
598 19 22
599 35 25
600 5 14
601 37 23
602 19 21
603 19 22
604 19 21
605 18 21
606 37 24
607 19 21
608 18 21
609 4 14
610 37 23
611 35 24
612 37 24
613 35 23
614 36 23
615 5 14
616 37 23
617 35 23
618 37 24
619 19 21
620 36 23
621 37 23
622 35 23
623 19 22
624 19 21
625 36 23
626 37 24
627 4 14
628 18 22
629 37 23
630 37 25
631 37 24
632 37 23
633 18 21
634 5 14
635 19 21
636 4 14
637 18 21
638 37 24
639 37 23
640 18 23
641 19 21
642 37 24
643 18 22
644 5 14
645 18 21
646 36 23
647 37 23
648 36 23
649 18 23
650 37 23
651 37 24
652 37 23
653 19 21
654 18 21
655 19 21
656 4 14
657 18 22
658 18 21
659 18 23
660 36 23
661 37 23
662 18 22
663 5 14
664 37 25
665 37 24
666 19 21
667 18 21
668 18 23
669 19 21
670 4 14
671 5 14
672 37 23
673 4 14
674 18 21
675 37 24
676 5 14
677 37 25
678 37 24
679 19 21
680 36 23
681 37 23
682 4 14
683 18 21
684 37 25
685 37 24
686 36 25
687 37 23
688 37 24
689 35 25
690 5 14
691 37 23
692 37 24
693 18 22
694 18 23
695 37 23
696 19 21
697 18 21
698 37 24
699 19 21
700 4 14
701 5 14
702 4 14
703 35 24
704 37 23
705 18 22
706 5 14
707 4 14
708 5 14
709 4 14
710 35 23
711 37 24
712 18 21
713 5 14
714 36 23
715 37 23
716 4 14
717 19 22
718 19 21
719 18 22
720 37 25
721 5 14
722 18 21
723 4 14
724 18 23
725 5 14
726 19 21
727 18 21
728 18 22
729 19 21
730 4 14
731 18 21
732 5 14
733 37 24
734 19 22
735 19 21
736 37 23
737 4 14
738 37 24
739 5 14
740 18 21
741 4 14
742 19 21
743 37 23
744 37 24
745 37 25
746 18 22
747 18 21
748 19 21
749 18 21
750 19 21
751 5 14
752 18 21
753 37 24
754 18 20
755 18 21
756 19 20
757 37 25
758 19 21
759 37 24
760 37 25
761 37 24
762 36 23
763 19 22
764 19 21
765 37 23
766 18 20
767 18 21
768 19 22
769 19 21
770 4 14
771 36 23
772 18 22
773 37 23
774 5 14
775 18 21
776 19 22
777 36 23
778 4 14
779 37 23
780 5 14
781 19 21
782 37 24
783 37 23
784 18 22
785 35 23
786 37 24
787 4 14
788 37 23
789 18 21
790 5 14
791 18 20
792 36 23
793 18 21
794 35 23
795 4 14
796 19 21
797 18 21
798 36 23
799 5 14
800 19 22
801 35 23
802 19 21
803 4 14
804 18 20
805 37 24
806 18 21
807 19 20
808 5 14
809 4 14
810 37 23
811 36 23
812 19 21
813 35 23
814 36 23
815 18 21
816 19 21
817 18 20
818 35 23
819 5 14
820 18 21
821 19 22
822 19 21
823 4 14
824 37 24
825 18 21
826 19 21
827 37 23
828 5 14
829 19 22
830 19 21
831 4 14
832 18 22
833 36 23
834 35 23
835 18 21
836 5 14
837 37 24
838 36 23
839 4 14
840 5 14
841 18 20
842 18 21
843 37 23
844 19 20
845 4 14
846 19 21
847 19 22
848 35 23
849 36 23
850 37 24
851 37 23
852 35 23
853 19 21
854 5 14
855 19 22
856 37 24
857 19 21
858 18 20
859 37 23
860 18 21
861 19 22
862 4 14
863 19 21
864 37 24
865 37 23
866 36 23
867 18 20
868 5 14
869 37 24
870 37 23
871 37 25
872 37 24
873 36 25
874 35 25
875 18 21
876 35 24
877 37 23
878 35 23
879 19 22
880 19 21
881 36 23
882 19 22
883 37 24
884 37 23
885 37 25
886 4 14
887 19 21
888 19 22
889 5 14
890 19 21
891 37 24
892 18 22
893 37 25
894 4 14
895 37 24
896 5 14
897 18 21
898 19 22
899 37 25
900 37 24
901 36 23
902 37 23
903 19 21
904 18 20
905 37 24
906 18 21
907 4 14
908 19 21
909 18 21
910 37 23
911 37 25
912 18 20
913 18 21
914 19 20
915 19 21
916 37 24
917 5 14
918 36 25
919 19 22
920 37 23
921 4 14
922 19 21
923 19 22
924 19 21
925 19 22
926 19 21
927 18 20
928 18 21
929 19 21
930 18 21
931 37 24
932 37 23
933 19 21
934 5 14
935 37 24
936 18 21
937 19 20
938 37 23
939 4 14
940 35 25
941 37 24
942 37 23
943 35 24
944 5 14
945 37 24
946 37 23
947 19 21
948 37 24
949 35 23
950 37 23
951 18 20
952 18 21
953 19 21
954 18 21
955 37 24
956 4 14
957 18 20
958 36 23
959 5 14
960 18 21
961 18 20
962 18 21
963 4 14
964 19 21
965 37 23
966 35 23
967 5 14
968 18 21
969 36 23
970 4 14
971 37 24
972 5 14
973 19 20
974 19 21
975 19 22
976 4 14
977 37 23
978 5 14
979 19 21
980 19 22
981 4 14
982 19 21
983 35 23
984 18 22
985 18 21
986 37 24
987 36 23
988 37 23
989 5 14
990 36 23
991 37 23
992 18 23
993 37 25
994 18 22
995 18 23
996 4 14
997 37 24
998 18 22
999 18 23
1000 19 21
1001 18 21
1002 36 23
1003 18 22
1004 37 23
1005 37 25
1006 37 24
1007 18 23
1008 18 22
1009 19 21
1010 18 21
1011 36 25
1012 37 23
1013 19 21
1014 5 14
1015 18 21
1016 35 25
1017 37 24
1018 4 14
1019 19 21
1020 37 23
1021 18 21
1022 37 24
1023 19 21
1024 35 24
1025 5 14
1026 37 23
1027 18 21
1028 35 23
1029 4 14
1030 5 14
1031 4 14
1032 5 14
1033 19 21
1034 18 21
1035 4 14
1036 18 23
1037 36 23
1038 5 14
1039 35 23
1040 36 23
1041 4 14
1042 37 24
1043 19 21
1044 18 21
1045 18 22
1046 18 23
1047 19 21
1048 18 21
1049 19 21
1050 18 22
1051 18 21
1052 37 23
1053 36 23
1054 37 23
1055 5 14
1056 18 23
1057 4 14
1058 19 21
1059 37 25
1060 5 14
1061 37 24
1062 18 21
1063 36 23
1064 37 23
1065 36 23
1066 37 23
1067 4 14
1068 35 23
1069 37 24
1070 36 23
1071 18 22
1072 19 21
1073 37 23
1074 35 23
1075 18 21
1076 19 21
1077 36 23
1078 35 23
1079 18 21
1080 37 24
1081 18 23
1082 18 22
1083 18 23
1084 5 14
1085 18 22
1086 4 14
1087 18 23
1088 19 21
1089 37 23
1090 18 21
1091 19 21
1092 18 21
1093 19 21
1094 36 23
1095 37 24
1096 37 23
1097 18 21
1098 5 14
1099 18 22
1100 19 21
1101 18 21
1102 4 14
1103 37 24
1104 37 23
1105 18 23
1106 19 21
1107 37 25
1108 37 24
1109 18 22
1110 18 21
1111 5 14
1112 4 14
1113 37 23
1114 37 24
1115 19 22
1116 19 21
1117 37 23
1118 37 24
1119 5 14
1120 37 23
1121 37 24
1122 36 25
1123 4 14
1124 37 23
1125 18 20
1126 18 21
1127 18 20
1128 18 21
1129 19 21
1130 35 25
1131 37 24
1132 18 21
1133 5 14
1134 19 22
1135 19 21
1136 19 22
1137 35 24
1138 19 21
1139 4 14
1140 37 23
1141 18 22
1142 5 14
1143 4 14
1144 18 21
1145 18 23
1146 35 23
1147 37 24
1148 18 22
1149 37 23
1150 5 14
1151 18 23
1152 18 22
1153 36 23
1154 19 21
1155 18 21
1156 4 14
1157 19 22
1158 19 21
1159 5 14
1160 19 22
1161 4 14
1162 35 23
1163 37 24
1164 19 21
1165 18 21
1166 19 21
1167 37 23
1168 19 22
1169 5 14
1170 19 21
1171 37 24
1172 19 22
1173 37 23
1174 37 24
1175 36 23
1176 37 23
1177 4 14
1178 19 21
1179 5 14
1180 4 14
1181 18 21
1182 36 23
1183 37 23
1184 5 14
1185 4 14
1186 19 21
1187 5 14
1188 18 22
1189 18 21
1190 18 20
1191 4 14
1192 37 25
1193 18 21
1194 19 21
1195 18 21
1196 37 24
1197 19 22
1198 36 25
1199 35 25
1200 5 14
1201 4 14
1202 5 14
1203 35 24
1204 37 23
1205 4 14
1206 5 14
1207 19 21
1208 35 23
1209 36 23
1210 18 21
1211 19 21
1212 4 14
1213 37 24
1214 5 14
1215 4 14
1216 37 23
1217 36 23
1218 5 14
1219 4 14
1220 5 14
1221 37 23
1222 36 23
1223 19 22
1224 4 14
1225 5 14
1226 4 14
1227 19 21
1228 18 21
1229 37 23
1230 19 21
1231 18 21
1232 19 21
1233 36 23
1234 5 14
1235 18 22
1236 18 21
1237 18 20
1238 37 23
1239 18 21
1240 35 23
1241 37 24
1242 36 23
1243 19 21
1244 18 21
1245 18 20
1246 4 14
1247 18 21
1248 5 14
1249 19 22
1250 19 21
1251 18 22
1252 4 14
1253 37 23
1254 5 14
1255 36 23
1256 4 14
1257 37 23
1258 18 21
1259 19 21
1260 5 14
1261 18 21
1262 35 23
1263 19 22
1264 19 21
1265 19 22
1266 37 24
1267 19 21
1268 18 22
1269 18 21
1270 19 22
1271 19 21
1272 37 23
1273 18 20
1274 18 21
1275 19 22
1276 37 24
1277 19 21
1278 4 14
1279 18 21
1280 19 21
1281 36 23
1282 5 14
1283 37 23
1284 4 14
1285 18 21
1286 37 24
1287 37 23
1288 19 21
1289 37 24
1290 37 23
1291 35 23
1292 5 14
1293 4 14
1294 18 20
1295 36 23
1296 5 14
1297 4 14
1298 18 21
1299 19 20
1300 19 21
1301 19 22
1302 19 21
1303 5 14
1304 18 20
1305 37 24
1306 18 21
1307 37 23
1308 35 23
1309 19 22
1310 36 23
1311 35 23
1312 19 21
1313 18 22
1314 36 23
1315 35 23
1316 18 21
1317 4 14
1318 37 24
1319 18 20
1320 36 23
1321 5 14
1322 4 14
1323 18 21
1324 37 23
1325 19 21
1326 37 24
1327 18 21
1328 19 21
1329 5 14
1330 18 21
1331 4 14
1332 5 14
1333 37 23
1334 19 21
1335 37 24
1336 37 23
1337 18 21
1338 19 22
1339 37 25
1340 4 14
1341 37 24
1342 5 14
1343 19 21
1344 19 22
1345 4 14
1346 19 21
1347 36 23
1348 5 14
1349 37 23
1350 4 14
1351 19 22
1352 36 23
1353 19 21
1354 5 14
1355 18 22
1356 37 23
1357 4 14
1358 18 21
1359 5 14
1360 36 23
1361 37 23
1362 4 14
1363 35 23
1364 36 23
1365 35 23
1366 37 24
1367 19 22
1368 37 23
1369 5 14
1370 19 21
1371 18 22
1372 18 21
1373 36 23
1374 4 14
1375 37 24
1376 19 21
1377 18 21
1378 37 23
1379 35 23
1380 37 24
1381 19 21
1382 18 21
1383 18 23
1384 37 23
1385 37 24
1386 19 21
1387 36 23
1388 18 22
1389 18 21
1390 18 20
1391 18 21
1392 19 21
1393 37 23
1394 36 23
1395 37 23
1396 37 24
1397 5 14
1398 4 14
1399 5 14
1400 18 21
1401 37 23
1402 4 14
1403 35 23
1404 18 20
1405 18 21
1406 37 24
1407 37 23
1408 36 23
1409 18 20
1410 18 21
1411 5 14
1412 4 14
1413 5 14
1414 35 23
1415 18 20
1416 4 14
1417 5 14
1418 18 21
1419 19 20
1420 4 14
1421 36 23
1422 19 21
1423 35 23
1424 19 22
1425 5 14
1426 19 21
1427 36 23
1428 4 14
1429 5 14
1430 4 14
1431 5 14
1432 37 24
1433 4 14
1434 37 23
1435 18 20
1436 5 14
1437 35 23
1438 37 24
1439 18 21
1440 19 20
1441 37 23
1442 37 24
1443 4 14
1444 37 23
1445 19 21
1446 5 14
1447 37 24
1448 18 20
1449 18 21
1450 4 14
1451 18 20
1452 5 14
1453 4 14
1454 18 21
1455 5 14
1456 36 23
1457 37 23
1458 37 25
1459 37 24
1460 36 23
1461 37 23
1462 4 14
1463 35 23
1464 36 23
1465 19 21
1466 18 21
1467 19 22
1468 35 23
1469 19 21
1470 36 23
1471 5 14
1472 18 22
1473 18 21
1474 37 24
1475 4 14
1476 18 20
1477 18 21
1478 37 23
1479 19 20
1480 37 25
1481 19 21
1482 37 24
1483 19 22
1484 19 21
1485 36 23
1486 37 23
1487 18 22
1488 18 21
1489 19 21
1490 37 24
1491 5 14
1492 18 21
1493 18 23
1494 18 22
1495 18 23
1496 19 21
1497 37 23
1498 36 23
1499 37 23
1500 37 25
1501 4 14
1502 18 22
1503 37 24
1504 37 23
1505 18 21
1506 18 20
1507 18 21
1508 19 22
1509 5 14
1510 19 21
1511 4 14
1512 19 22
1513 19 21
1514 37 24
1515 18 21
1516 19 21
1517 19 22
1518 36 23
1519 5 14
1520 19 21
1521 37 23
1522 19 22
1523 4 14
1524 19 21
1525 5 14
1526 37 25
1527 4 14
1528 18 20
1529 18 21
1530 19 21
1531 37 24
1532 18 21
1533 5 14
1534 4 14
1535 19 22
1536 36 25
1537 19 21
1538 19 22
1539 19 21
1540 19 22
1541 19 21
1542 37 23
1543 37 24
1544 35 25
1545 18 21
1546 19 21
1547 18 20
1548 35 24
1549 5 14
1550 35 23
1551 37 23
1552 18 21
1553 36 23
1554 4 14
1555 18 20
1556 35 23
1557 18 21
1558 18 20
1559 18 21
1560 5 14
1561 37 24
1562 19 21
1563 4 14
1564 5 14
1565 4 14
1566 5 14
1567 18 21
1568 36 23
1569 4 14
1570 37 23
1571 36 23
1572 5 14
1573 19 22
1574 37 23
1575 37 24
1576 19 21
1577 18 20
1578 4 14
1579 5 14
1580 4 14
1581 37 23
1582 37 25
1583 37 24
1584 36 23
1585 37 23
1586 18 21
1587 37 24
1588 18 20
1589 37 23
1590 5 14
1591 35 23
1592 18 21
1593 36 23
1594 35 23
1595 36 23
1596 37 24
1597 19 21
1598 18 21
1599 37 23
1600 37 25
1601 19 20
1602 37 24
1603 4 14
1604 19 21
1605 19 22
1606 19 21
1607 5 14
1608 19 22
1609 37 23
1610 19 21
1611 18 22
1612 4 14
1613 37 24
1614 5 14
1615 36 23
1616 4 14
1617 18 21
1618 37 23
1619 37 24
1620 37 23
1621 5 14
1622 4 14
1623 19 21
1624 18 21
1625 19 21
1626 37 25
1627 5 14
1628 37 24
1629 4 14
1630 5 14
1631 18 21
1632 19 22
1633 19 21
1634 37 25
1635 37 24
1636 4 14
1637 36 25
1638 5 14
1639 18 20
1640 37 23
1641 18 21
1642 4 14
1643 18 20
1644 37 24
1645 18 21
1646 37 23
1647 35 25
1648 19 21
1649 18 21
1650 19 22
1651 37 24
1652 35 24
1653 5 14
1654 37 23
1655 4 14
1656 35 23
1657 5 14
1658 19 21
1659 18 20
1660 37 24
1661 36 23
1662 37 23
1663 18 21
1664 19 20
1665 19 21
1666 4 14
1667 35 23
1668 18 20
1669 36 23
1670 18 21
1671 5 14
1672 35 23
1673 19 22
1674 37 24
1675 19 21
1676 18 21
1677 4 14
1678 19 21
1679 5 14
1680 4 14
1681 37 23
1682 18 20
1683 5 14
1684 37 24
1685 37 23
1686 18 21
1687 18 20
1688 4 14
1689 18 21
1690 36 23
1691 5 14
1692 4 14
1693 19 20
1694 35 23
1695 19 21
1696 5 14
1697 36 23
1698 37 24
1699 37 23
1700 18 21
1701 4 14
1702 19 21
1703 37 25
1704 5 14
1705 18 21
1706 37 24
1707 19 21
1708 36 23
1709 4 14
1710 18 20
1711 18 21
1712 19 20
1713 37 23
1714 37 25
1715 19 21
1716 18 20
1717 18 21
1718 5 14
1719 18 20
1720 37 24
1721 36 23
1722 4 14
1723 37 23
1724 36 23
1725 37 23
1726 36 23
1727 37 23
1728 5 14
1729 4 14
1730 18 21
1731 18 20
1732 37 24
1733 37 23
1734 37 24
1735 5 14
1736 37 23
1737 37 25
1738 18 21
1739 19 20
1740 19 21
1741 18 20
1742 18 21
1743 19 21
1744 37 24
1745 36 25
1746 35 25
1747 35 24
1748 35 23
1749 36 23
1750 18 21
1751 19 21
1752 4 14
1753 37 23
1754 37 25
1755 18 21
1756 37 24
1757 5 14
1758 4 14
1759 36 25
1760 35 25
1761 19 20
1762 19 21
1763 18 21
1764 19 21
1765 18 20
1766 35 24
1767 5 14
1768 4 14
1769 37 23
1770 37 24
1771 35 23
1772 36 23
1773 18 21
1774 18 20
1775 37 23
1776 37 25
1777 18 21
1778 5 14
1779 37 24
1780 36 23
1781 19 20
1782 4 14
1783 19 21
1784 5 14
1785 19 22
1786 19 21
1787 37 23
1788 36 23
1789 18 20
1790 37 23
1791 35 23
1792 18 21
1793 37 24
1794 37 23
1795 19 22
1796 19 21
1797 4 14
1798 36 23
1799 37 24
1800 5 14
1801 18 20
1802 4 14
1803 18 21
1804 5 14
1805 37 23
1806 4 14
1807 18 20
1808 36 23
1809 37 23
1810 18 21
1811 37 24
1812 18 20
1813 18 21
1814 37 23
1815 5 14
1816 37 25
1817 19 22
1818 4 14
1819 5 14
1820 4 14
1821 5 14
1822 37 24
1823 36 25
1824 37 23
1825 37 24
1826 37 23
1827 19 21
1828 37 24
1829 37 23
1830 37 24
1831 37 23
1832 18 20
1833 4 14
1834 37 24
1835 37 23
1836 37 24
1837 37 23
1838 5 14
1839 18 21
1840 35 25
1841 19 20
1842 37 24
1843 19 21
1844 35 24
1845 35 23
1846 18 20
1847 37 23
1848 18 21
1849 19 21
1850 18 21
1851 36 23
1852 37 24
1853 4 14
1854 18 20
1855 18 21
1856 5 14
1857 19 20
1858 37 23
1859 4 14
1860 36 23
1861 37 23
1862 35 23
1863 37 24
1864 19 21
1865 18 21
1866 19 21
1867 36 23
1868 5 14
1869 18 20
1870 4 14
1871 5 14
1872 18 21
1873 37 23
1874 36 23
1875 37 23
1876 19 22
1877 4 14
1878 37 25
1879 37 24
1880 5 14
1881 37 25
1882 19 21
1883 37 24
1884 18 22
1885 18 21
1886 36 25
1887 4 14
1888 37 23
1889 19 22
1890 37 24
1891 19 21
1892 18 21
1893 19 21
1894 37 23
1895 18 20
1896 18 21
1897 37 24
1898 5 14
1899 19 22
1900 37 23
1901 19 21
1902 35 25
1903 18 22
1904 18 21
1905 4 14
1906 35 24
1907 18 23
1908 35 23
1909 19 21
1910 18 22
1911 37 24
1912 18 21
1913 18 20
1914 18 21
1915 37 23
1916 5 14
1917 36 23
1918 35 23
1919 37 24
1920 18 20
1921 4 14
1922 36 23
1923 37 23
1924 36 23
1925 37 23
1926 18 21
1927 19 21
1928 18 21
1929 37 25
1930 37 24
1931 5 14
1932 4 14
1933 36 25
1934 37 23
1935 19 22
1936 5 14
1937 4 14
1938 19 21
1939 18 20
1940 5 14
1941 35 25
1942 18 21
1943 37 24
1944 4 14
1945 5 14
1946 4 14
1947 35 24
1948 5 14
1949 18 20
1950 18 21
1951 37 23
1952 19 22
1953 19 21
1954 4 14
1955 35 23
1956 18 21
1957 19 21
1958 37 24
1959 36 23
1960 37 23
1961 18 21
1962 37 24
1963 19 21
1964 18 21
1965 37 23
1966 35 23
1967 19 21
1968 18 21
1969 19 21
1970 18 20
1971 5 14
1972 18 21
1973 18 20
1974 18 21
1975 19 22
1976 36 23
1977 35 23
1978 19 21
1979 18 20
1980 4 14
1981 18 21
1982 19 20
1983 19 21
1984 5 14
1985 37 24
1986 4 14
1987 5 14
1988 18 21
1989 36 23
1990 37 23
1991 19 21
1992 18 20
1993 37 24
1994 4 14
1995 18 21
1996 18 20
1997 18 21
1998 19 22
1999 37 23
2000 35 23
2001 5 14
2002 19 21
2003 4 14
2004 5 14
2005 36 23
2006 37 24
2007 4 14
2008 5 14
2009 4 14
2010 37 23
2011 18 20
2012 5 14
2013 36 23
2014 4 14
2015 37 23
2016 5 14
2017 18 21
2018 4 14
2019 18 20
2020 18 21
2021 19 22
2022 35 23
2023 5 14
2024 4 14
2025 19 21
2026 18 20
2027 36 23
2028 35 23
2029 5 14
2030 37 24
2031 36 23
2032 4 14
2033 5 14
2034 18 21
2035 19 21
2036 37 23
2037 4 14
2038 18 21
2039 37 24
2040 19 20
2041 37 23
2042 36 23
2043 19 21
2044 18 20
2045 5 14
2046 18 21
2047 19 22
2048 37 23
2049 19 21
2050 4 14
2051 5 14
2052 35 23
2053 19 22
2054 37 24
2055 36 23
2056 4 14
2057 19 21
2058 19 22
2059 37 23
2060 35 23
2061 36 23
2062 19 21
2063 37 24
2064 37 23
2065 37 24
2066 18 22
2067 18 21
2068 37 23
2069 5 14
2070 4 14
2071 37 24
2072 18 20
2073 18 21
2074 19 21
2075 37 23
2076 18 21
2077 18 20
2078 36 23
2079 18 21
2080 19 20
2081 5 14
2082 19 21
2083 18 20
2084 18 21
2085 18 20
2086 18 21
2087 37 23
2088 35 23
2089 36 23
2090 4 14
2091 5 14
2092 19 20
2093 4 14
2094 5 14
2095 37 24
2096 19 21
2097 37 23
2098 19 22
2099 4 14
2100 36 23
2101 19 21
2102 37 23
2103 18 22
2104 18 21
2105 18 23
2106 18 22
2107 18 23
2108 37 25
2109 37 24
2110 19 21
2111 18 22
2112 18 21
2113 5 14
2114 4 14
2115 18 23
2116 19 21
2117 36 25
2118 5 14
2119 4 14
2120 18 22
2121 37 23
2122 35 25
2123 35 24
2124 5 14
2125 18 21
2126 18 23
2127 35 23
2128 4 14
2129 37 24
2130 36 23
2131 18 22
2132 5 14
2133 18 23
2134 19 21
2135 18 22
2136 37 23
2137 35 23
2138 18 21
2139 4 14
2140 5 14
2141 37 24
2142 4 14
2143 19 22
2144 5 14
2145 19 21
2146 18 20
2147 18 21
2148 4 14
2149 19 22
2150 19 21
2151 18 20
2152 18 21
2153 37 23
2154 18 20
2155 18 21
2156 5 14
2157 4 14
2158 19 20
2159 19 21
2160 18 20
2161 18 21
2162 37 24
2163 19 21
2164 36 23
2165 37 23
2166 18 21
2167 36 23
2168 37 23
2169 19 20
2170 5 14
2171 36 23
2172 37 23
2173 36 23
2174 4 14
2175 37 23
2176 37 24
2177 37 23
2178 37 24
2179 19 21
2180 37 23
2181 35 23
2182 36 23
2183 5 14
2184 18 20
2185 18 21
2186 4 14
2187 37 24
2188 37 23
2189 19 21
2190 5 14
2191 18 21
2192 4 14
2193 19 22
2194 5 14
2195 36 23
2196 4 14
2197 37 23
2198 19 21
2199 18 22
2200 5 14
2201 4 14
2202 18 21
2203 5 14
2204 19 22
2205 37 25
2206 19 21
2207 18 22
2208 18 21
2209 4 14
2210 37 24
2211 19 22
2212 5 14
2213 19 21
2214 4 14
2215 18 22
2216 18 21
2217 19 22
2218 37 23
2219 37 24
2220 5 14
2221 36 25
2222 4 14
2223 19 21
2224 19 22
2225 19 21
2226 18 21
2227 19 21
2228 35 25
2229 5 14
2230 18 21
2231 35 24
2232 4 14
2233 19 21
2234 18 22
2235 37 23
2236 37 24
2237 35 23
2238 37 23
2239 5 14
2240 36 23
2241 35 23
2242 18 21
2243 4 14
2244 36 23
2245 37 24
2246 37 23
2247 5 14
2248 37 25
2249 18 20
2250 37 24
2251 18 21
2252 19 20
2253 19 21
2254 36 23
2255 18 20
2256 37 23
2257 4 14
2258 37 24
2259 37 23
2260 18 21
2261 5 14
2262 4 14
2263 19 21
2264 5 14
2265 35 23
2266 4 14
2267 5 14
2268 37 24
2269 4 14
2270 18 21
2271 19 20
2272 19 21
2273 5 14
2274 4 14
2275 36 23
2276 5 14
2277 18 20
2278 37 23
2279 4 14
2280 37 25
2281 37 24
2282 36 25
2283 18 21
2284 37 23
2285 18 20
2286 18 21
2287 35 25
2288 19 21
2289 18 21
2290 5 14
2291 18 20
2292 4 14
2293 18 21
2294 5 14
2295 19 22
2296 19 21
2297 19 22
2298 19 21
2299 19 22
2300 19 21
2301 4 14
2302 18 20
2303 5 14
2304 18 21
2305 4 14
2306 35 24
2307 19 22
2308 5 14
2309 35 23
2310 4 14
2311 19 21
2312 5 14
2313 36 23
2314 19 22
2315 19 21
2316 35 23
2317 18 21
2318 19 21
2319 37 24
2320 37 23
2321 37 24
2322 18 22
2323 36 23
2324 18 21
2325 37 23
2326 36 23
2327 18 20
2328 37 23
2329 37 24
2330 4 14
2331 18 21
2332 37 23
2333 19 20
2334 19 21
2335 18 20
2336 18 21
2337 19 22
2338 35 23
2339 36 23
2340 5 14
2341 37 24
2342 19 21
2343 18 22
2344 37 23
2345 35 23
2346 18 21
2347 18 23
2348 4 14
2349 37 24
2350 36 23
2351 19 21
2352 18 21
2353 18 22
2354 37 23
2355 19 21
2356 18 21
2357 37 24
2358 37 23
2359 5 14
2360 18 23
2361 36 23
2362 37 23
2363 37 25
2364 18 22
2365 19 21
2366 4 14
2367 37 24
2368 5 14
2369 36 23
2370 4 14
2371 18 21
2372 5 14
2373 19 21
2374 18 21
2375 19 22
2376 19 21
2377 4 14
2378 37 23
2379 37 24
2380 37 23
2381 19 22
2382 35 23
2383 5 14
2384 4 14
2385 36 23
2386 19 21
2387 19 22
2388 37 24
2389 19 21
2390 37 23
2391 19 22
2392 5 14
2393 35 23
2394 36 23
2395 37 24
2396 19 21
2397 37 23
2398 37 25
2399 37 24
2400 18 21
2401 4 14
2402 36 25
2403 19 21
2404 35 25
2405 18 22
2406 18 21
2407 18 20
2408 5 14
2409 35 24
2410 18 21
2411 19 21
2412 37 23
2413 37 24
2414 35 23
2415 4 14
2416 37 23
2417 18 21
2418 37 24
2419 5 14
2420 4 14
2421 19 21
2422 18 21
2423 19 20
2424 36 23
2425 37 23
2426 37 24
2427 37 23
2428 5 14
2429 19 21
2430 18 21
2431 36 23
2432 19 21
2433 18 20
2434 4 14
2435 37 23
2436 37 25
2437 18 21
2438 5 14
2439 4 14
2440 5 14
2441 37 24
2442 37 23
2443 4 14
2444 37 24
2445 5 14
2446 37 23
2447 19 20
2448 37 24
2449 37 25
2450 37 24
2451 19 21
2452 18 20
2453 37 23
2454 37 24
2455 18 21
2456 36 23
2457 4 14
2458 37 23
2459 37 25
2460 5 14
2461 19 21
2462 37 24
2463 18 21
2464 19 21
2465 36 23
2466 18 21
2467 4 14
2468 18 20
2469 18 21
2470 37 23
2471 37 25
2472 37 24
2473 37 25
2474 5 14
2475 4 14
2476 37 24
2477 19 22
2478 19 21
2479 5 14
2480 37 25
2481 18 22
2482 18 21
2483 37 24
2484 4 14
2485 5 14
2486 4 14
2487 5 14
2488 19 22
2489 36 23
2490 19 21
2491 18 22
2492 4 14
2493 37 23
2494 18 21
2495 5 14
2496 35 23
2497 4 14
2498 5 14
2499 4 14
2500 5 14
2501 18 23
2502 18 22
2503 4 14
2504 36 23
2505 18 23
2506 19 21
2507 18 21
2508 5 14
2509 35 23
2510 4 14
2511 37 24
2512 37 23
2513 5 14
2514 18 22
2515 19 21
2516 4 14
2517 18 21
2518 5 14
2519 4 14
2520 37 24
2521 37 23
2522 37 24
2523 19 22
2524 19 21
2525 36 23
2526 37 23
2527 5 14
2528 37 24
2529 37 23
2530 18 20
2531 35 23
2532 4 14
2533 37 24
2534 5 14
2535 18 21
2536 18 20
2537 4 14
2538 37 23
2539 18 21
2540 19 22
2541 19 21
2542 37 24
2543 5 14
2544 37 23
2545 4 14
2546 18 20
2547 36 23
2548 35 23
2549 18 21
2550 37 24
2551 19 20
2552 37 23
2553 5 14
2554 37 24
2555 19 21
2556 4 14
2557 18 21
2558 19 21
2559 5 14
2560 18 20
2561 36 23
2562 18 21
2563 19 20
2564 19 21
2565 37 23
2566 37 25
2567 18 21
2568 37 24
2569 4 14
2570 5 14
2571 37 25
2572 4 14
2573 19 21
2574 18 21
2575 5 14
2576 4 14
2577 37 24
2578 19 21
2579 36 23
2580 19 22
2581 37 23
2582 37 25
2583 19 21
2584 5 14
2585 4 14
2586 18 20
2587 37 24
2588 37 23
2589 18 21
2590 19 20
2591 5 14
2592 19 21
2593 18 20
2594 18 21
2595 18 20
2596 18 21
2597 19 21
2598 18 21
2599 19 20
2600 37 24
2601 4 14
2602 36 23
2603 19 21
2604 37 23
2605 18 20
2606 35 23
2607 18 21
2608 37 24
2609 19 20
2610 19 21
2611 37 23
2612 36 23
2613 37 24
2614 5 14
2615 4 14
2616 5 14
2617 4 14
2618 37 23
2619 5 14
2620 18 20
2621 36 23
2622 37 23
2623 4 14
2624 18 21
2625 5 14
2626 18 20
2627 4 14
2628 18 21
2629 36 23
2630 5 14
2631 19 22
2632 19 21
2633 18 20
2634 37 23
2635 18 21
2636 18 20
2637 37 24
2638 37 23
2639 4 14
2640 18 21
2641 5 14
2642 37 24
2643 18 20
2644 18 21
2645 4 14
2646 37 23
2647 19 20
2648 37 24
2649 37 23
2650 19 21
2651 19 22
2652 36 23
2653 5 14
2654 19 21
2655 37 23
2656 18 20
2657 18 21
2658 36 23
2659 19 21
2660 4 14
2661 37 23
2662 18 21
2663 37 25
2664 18 20
2665 18 21
2666 37 24
2667 37 23
2668 5 14
2669 18 20
2670 37 24
2671 18 21
2672 4 14
2673 37 23
2674 37 24
2675 19 20
2676 37 23
2677 19 21
2678 37 24
2679 36 25
2680 37 23
2681 5 14
2682 35 25
2683 18 21
2684 35 24
2685 35 23
2686 36 23
2687 4 14
2688 5 14
2689 19 21
2690 18 20
2691 37 24
2692 37 23
2693 18 21
2694 37 24
2695 19 21
2696 18 21
2697 37 23
2698 37 25
2699 4 14
2700 5 14
2701 18 20
2702 4 14
2703 5 14
2704 18 21
2705 37 24
2706 19 21
2707 18 21
2708 4 14
2709 36 25
2710 5 14
2711 4 14
2712 19 21
2713 18 21
2714 37 23
2715 19 22
2716 5 14
2717 37 24
2718 19 21
2719 37 23
2720 37 24
2721 35 25
2722 18 21
2723 4 14
2724 19 21
2725 37 23
2726 37 24
2727 37 23
2728 37 24
2729 18 21
2730 5 14
2731 4 14
2732 19 21
2733 35 24
2734 35 23
2735 18 20
2736 37 23
2737 5 14
2738 36 23
2739 18 21
2740 4 14
2741 5 14
2742 37 24
2743 37 23
2744 19 22
2745 36 23
2746 19 21
2747 18 20
2748 18 21
2749 37 23
2750 36 23
2751 4 14
2752 5 14
2753 19 21
2754 18 21
2755 4 14
2756 37 23
2757 18 20
2758 18 21
2759 5 14
2760 18 20
2761 18 21
2762 19 21
2763 18 21
2764 18 20
2765 35 23
2766 37 24
2767 37 23
2768 4 14
2769 37 24
2770 36 23
2771 5 14
2772 37 23
2773 35 23
2774 18 21
2775 4 14
2776 36 23
2777 5 14
2778 37 24
2779 19 21
2780 4 14
2781 37 23
2782 37 24
2783 18 21
2784 19 20
2785 37 23
2786 37 25
2787 19 21
2788 5 14
2789 37 24
2790 19 22
2791 19 21
2792 37 25
2793 18 21
2794 37 24
2795 37 25
2796 37 24
2797 37 23
2798 37 24
2799 19 21
2800 18 20
2801 18 21
2802 36 23
2803 4 14
2804 37 23
2805 19 20
2806 35 23
2807 19 21
2808 5 14
2809 18 20
2810 18 21
2811 36 23
2812 35 23
2813 19 22
2814 36 23
2815 35 23
2816 19 21
2817 4 14
2818 36 23
2819 5 14
2820 4 14
2821 5 14
2822 35 23
2823 18 20
2824 18 21
2825 18 20
2826 18 21
2827 36 23
2828 18 20
2829 18 21
2830 4 14
2831 19 21
2832 5 14
2833 35 23
2834 37 24
2835 18 21
2836 4 14
2837 5 14
2838 36 23
2839 37 23
2840 19 20
2841 35 23
2842 36 23
2843 19 21
2844 4 14
2845 5 14
2846 37 24
2847 37 23
2848 4 14
2849 18 20
2850 18 21
2851 36 23
2852 37 23
2853 35 23
2854 19 20
2855 19 21
2856 37 24
2857 5 14
2858 18 20
2859 18 21
2860 4 14
2861 36 23
2862 18 20
2863 18 21
2864 5 14
2865 37 23
2866 36 23
2867 37 23
2868 19 21
2869 18 21
2870 35 23
2871 19 21
2872 37 24
2873 18 21
2874 37 23
2875 37 24
2876 36 23
2877 19 22
2878 4 14
2879 19 21
2880 37 23
2881 19 22
2882 19 21
2883 5 14
2884 4 14
2885 35 23
2886 18 20
2887 18 21
2888 36 23
2889 19 21
2890 5 14
2891 18 21
2892 19 21
2893 18 21
2894 35 23
2895 19 21
2896 37 24
2897 4 14
2898 18 21
2899 19 22
2900 37 23
2901 5 14
2902 19 21
2903 4 14
2904 19 22
2905 19 21
2906 37 24
2907 18 22
2908 18 21
2909 5 14
2910 19 21
2911 4 14
2912 18 21
2913 19 21
2914 36 23
2915 37 23
2916 18 21
2917 18 20
2918 18 21
2919 19 21
2920 18 21
2921 37 25
2922 5 14
2923 19 21
2924 37 24
2925 4 14
2926 18 21
2927 36 23
2928 37 23
2929 5 14
2930 4 14
2931 36 23
2932 37 23
2933 5 14
2934 18 20
2935 37 24
2936 18 21
2937 37 23
2938 37 24
2939 4 14
2940 37 23
2941 37 24
2942 5 14
2943 37 23
2944 19 22
2945 35 23
2946 19 21
2947 18 21
2948 4 14
2949 37 24
2950 5 14
2951 19 21
2952 36 23
2953 4 14
2954 5 14
2955 18 22
2956 4 14
2957 37 23
2958 5 14
2959 4 14
2960 18 21
2961 5 14
2962 18 20
2963 18 21
2964 37 25
2965 19 20
2966 19 21
2967 4 14
2968 18 21
2969 37 24
2970 5 14
2971 19 21
2972 4 14
2973 18 20
2974 36 23
2975 18 21
2976 37 23
2977 35 23
2978 36 23
2979 37 24
2980 19 21
2981 18 21
2982 37 23
2983 19 21
2984 5 14
2985 18 21
2986 35 23
2987 18 20
2988 37 24
2989 4 14
2990 5 14
2991 18 21
2992 19 21
2993 37 23
2994 36 23
2995 4 14
2996 37 24
2997 18 21
2998 18 20
2999 18 21
3000 19 22
3001 37 23
3002 37 25
3003 19 21
3004 37 24
3005 36 23
3006 5 14
3007 37 23
3008 4 14
3009 37 25
3010 5 14
3011 18 21
3012 37 24
3013 4 14
3014 36 25
3015 35 25
3016 37 23
3017 35 24
3018 19 21
3019 35 23
3020 19 22
3021 37 24
3022 5 14
3023 4 14
3024 19 21
3025 19 22
3026 19 21
3027 36 23
3028 37 23
3029 19 22
3030 35 23
3031 36 23
3032 37 24
3033 19 21
3034 37 23
3035 18 20
3036 36 23
3037 37 23
3038 36 23
3039 18 21
3040 19 22
3041 37 23
3042 37 25
3043 5 14
3044 37 24
3045 19 21
3046 37 23
3047 37 24
3048 19 22
3049 4 14
3050 19 21
3051 5 14
3052 18 20
3053 18 21
3054 36 25
3055 35 25
3056 19 22
3057 4 14
3058 35 24
3059 19 21
3060 5 14
3061 18 22
3062 35 23
3063 37 23
3064 18 21
3065 37 24
3066 19 21
3067 18 21
3068 19 21
3069 18 21
3070 18 20
3071 37 23
3072 18 21
3073 19 22
3074 37 24
3075 36 23
3076 4 14
3077 19 21
3078 18 22
3079 18 21
3080 37 23
3081 37 25
3082 37 24
3083 18 20
3084 18 21
3085 19 22
3086 19 21
3087 18 22
3088 18 21
3089 18 20
3090 37 23
3091 5 14
3092 4 14
3093 18 21
3094 5 14
3095 18 20
3096 4 14
3097 37 24
3098 18 21
3099 5 14
3100 36 23
3101 4 14
3102 5 14
3103 4 14
3104 37 23
3105 19 21
3106 36 23
3107 18 21
3108 19 20
3109 5 14
3110 37 23
3111 35 23
3112 19 21
3113 18 21
3114 19 21
3115 19 22
3116 4 14
3117 37 24
3118 37 23
3119 37 24
3120 5 14
3121 36 23
3122 37 23
3123 37 25
3124 37 24
3125 19 21
3126 19 22
3127 19 21
3128 4 14
3129 5 14
3130 19 22
3131 19 21
3132 4 14
3133 18 21
3134 37 23
3135 19 21
3136 37 24
3137 19 22
3138 36 23
3139 19 21
3140 5 14
3141 4 14
3142 5 14
3143 18 21
3144 19 21
3145 37 23
3146 18 22
3147 18 21
3148 18 20
3149 4 14
3150 18 21
3151 19 22
3152 5 14
3153 36 23
3154 4 14
3155 37 23
3156 5 14
3157 19 21
3158 18 21
3159 19 21
3160 36 23
3161 37 23
3162 19 22
3163 19 21
3164 36 23
3165 37 23
3166 18 22
3167 18 21
3168 18 23
3169 36 23
3170 37 23
3171 37 25
3172 37 24
3173 18 22
3174 4 14
3175 18 23
3176 36 25
3177 5 14
3178 35 25
3179 19 21
3180 18 22
3181 18 21
3182 19 22
3183 19 21
3184 37 23
3185 18 20
3186 18 21
3187 18 20
3188 18 21
3189 35 24
3190 35 23
3191 19 20
3192 19 21
3193 19 22
3194 19 21
3195 4 14
3196 19 22
3197 19 21
3198 19 22
3199 36 23
3200 37 24
3201 37 23
3202 19 21
3203 18 22
3204 35 23
3205 18 21
3206 5 14
3207 19 22
3208 19 21
3209 4 14
3210 36 23
3211 35 23
3212 36 23
3213 35 23
3214 37 24
3215 18 22
3216 36 23
3217 5 14
3218 18 21
3219 37 23
3220 18 23
3221 19 21
3222 18 21
3223 18 22
3224 37 24
3225 37 23
3226 37 24
3227 19 21
3228 37 23
3229 18 21
3230 19 22
3231 19 21
3232 36 23
3233 37 23
3234 18 21
3235 37 25
3236 37 24
3237 19 21
3238 19 22
3239 19 21
3240 4 14
3241 5 14
3242 18 22
3243 37 25
3244 18 21
3245 18 20
3246 18 21
3247 4 14
3248 37 24
3249 5 14
3250 18 20
3251 36 23
3252 37 23
3253 18 21
3254 19 21
3255 18 21
3256 37 25
3257 37 24
3258 18 20
3259 36 25
3260 4 14
3261 37 23
3262 35 25
3263 18 21
3264 35 24
3265 5 14
3266 19 22
3267 35 23
3268 4 14
3269 5 14
3270 36 23
3271 19 21
3272 35 23
3273 4 14
3274 36 23
3275 18 22
3276 5 14
3277 35 23
3278 36 23
3279 4 14
3280 18 21
3281 18 20
3282 5 14
3283 35 23
3284 36 23
3285 18 21
3286 18 20
3287 35 23
3288 18 21
3289 36 23
3290 37 24
3291 37 23
3292 36 23
3293 19 21
3294 4 14
3295 5 14
3296 4 14
3297 37 23
3298 37 24
3299 37 23
3300 18 21
3301 35 23
3302 36 23
3303 37 24
3304 5 14
3305 37 23
3306 19 22
3307 4 14
3308 19 21
3309 19 22
3310 5 14
3311 4 14
3312 19 21
3313 19 22
3314 37 25
3315 5 14
3316 19 21
3317 4 14
3318 37 24
3319 36 25
3320 35 25
3321 5 14
3322 18 21
3323 19 21
3324 37 23
3325 35 24
3326 18 22
3327 18 21
3328 19 21
3329 37 24
3330 35 23
3331 18 21
3332 36 23
3333 4 14
3334 5 14
3335 19 22
3336 4 14
3337 37 23
3338 36 23
3339 37 23
3340 36 23
3341 5 14
3342 37 23
3343 36 23
3344 37 23
3345 19 21
3346 37 24
3347 18 21
3348 4 14
3349 37 23
3350 19 21
3351 5 14
3352 18 22
3353 37 24
3354 18 21
3355 18 20
3356 18 21
3357 19 21
3358 4 14
3359 37 23
3360 37 25
3361 37 24
3362 18 21
3363 18 20
3364 37 25
3365 18 21
3366 37 24
3367 37 25
3368 19 20
3369 37 24
3370 37 23
3371 19 21
3372 37 24
3373 36 23
3374 5 14
3375 18 20
3376 37 23
3377 35 23
3378 18 21
3379 37 24
3380 19 22
3381 19 21
3382 18 22
3383 18 21
3384 37 23
3385 19 22
3386 37 24
3387 19 21
3388 19 22
3389 19 21
3390 18 22
3391 36 23
3392 18 21
3393 4 14
3394 18 23
3395 37 23
3396 18 22
3397 19 21
3398 37 25
3399 37 24
3400 36 23
3401 18 21
3402 5 14
3403 19 22
3404 19 21
3405 19 22
3406 37 23
3407 4 14
3408 19 21
3409 37 24
3410 5 14
3411 18 22
3412 18 21
3413 37 23
3414 19 21
3415 18 21
3416 37 24
3417 4 14
3418 19 22
3419 37 23
3420 19 21
3421 5 14
3422 18 22
3423 37 25
3424 18 21
3425 4 14
3426 37 24
3427 36 23
3428 18 23
3429 19 21
3430 5 14
3431 18 21
3432 37 23
3433 35 23
3434 18 22
3435 36 23
3436 19 21
3437 37 24
3438 4 14
3439 5 14
3440 4 14
3441 37 23
3442 18 21
3443 19 21
3444 37 24
3445 37 23
3446 5 14
3447 18 21
3448 19 22
3449 19 21
3450 19 22
3451 37 24
3452 19 21
3453 4 14
3454 18 22
3455 37 23
3456 5 14
3457 37 24
3458 37 23
3459 18 21
3460 18 23
3461 19 21
3462 4 14
3463 18 21
3464 18 22
3465 18 23
3466 18 22
3467 37 25
3468 5 14
3469 37 24
3470 18 23
3471 19 21
3472 18 22
3473 18 21
3474 36 25
3475 18 23
3476 19 21
3477 18 22
3478 4 14
3479 5 14
3480 35 25
3481 37 23
3482 37 24
3483 18 21
3484 19 22
3485 19 21
3486 4 14
3487 5 14
3488 18 20
3489 37 23
3490 4 14
3491 37 24
3492 37 23
3493 18 21
3494 18 20
3495 5 14
3496 37 24
3497 18 21
3498 19 22
3499 37 23
3500 4 14
3501 35 24
3502 19 21
3503 35 23
3504 36 23
3505 18 22
3506 18 21
3507 19 22
3508 35 23
3509 5 14
3510 19 21
3511 19 22
3512 36 23
3513 4 14
3514 35 23
3515 19 21
3516 37 24
3517 36 23
3518 37 23
3519 5 14
3520 4 14
3521 18 20
3522 35 23
3523 37 24
3524 18 21
3525 36 23
3526 19 20
3527 19 21
3528 18 20
3529 18 21
3530 19 20
3531 19 21
3532 5 14
3533 19 22
3534 19 21
3535 18 22
3536 37 23
3537 4 14
3538 18 21
3539 5 14
3540 19 21
3541 4 14
3542 36 23
3543 18 21
3544 37 23
3545 5 14
3546 4 14
3547 18 23
3548 19 21
3549 18 22
3550 35 23
3551 5 14
3552 18 21
3553 36 23
3554 4 14
3555 18 23
3556 18 22
3557 19 21
3558 18 21
3559 37 24
3560 37 23
3561 36 23
3562 37 23
3563 5 14
3564 18 23
3565 36 23
3566 37 23
3567 18 22
3568 4 14
3569 37 24
3570 37 23
3571 37 25
3572 37 24
3573 37 23
3574 5 14
3575 37 24
3576 36 25
3577 18 23
3578 18 22
3579 4 14
3580 5 14
3581 4 14
3582 19 21
3583 18 21
3584 19 22
3585 37 23
3586 37 24
3587 5 14
3588 19 21
3589 18 20
3590 18 21
3591 19 21
3592 37 23
3593 18 21
3594 19 21
3595 4 14
3596 35 25
3597 18 21
3598 5 14
3599 37 24
3600 19 22
3601 37 23
3602 19 21
3603 4 14
3604 18 20
3605 18 21
3606 19 20
3607 5 14
3608 35 24
3609 19 21
3610 18 20
3611 37 24
3612 35 23
3613 36 23
3614 37 23
3615 37 24
3616 37 23
3617 37 25
3618 4 14
3619 37 24
3620 18 21
3621 36 23
3622 19 22
3623 5 14
3624 37 23
3625 4 14
3626 5 14
3627 19 21
3628 4 14
3629 18 22
3630 18 21
3631 19 21
3632 5 14
3633 18 21
3634 37 24
3635 4 14
3636 37 23
3637 36 23
3638 37 23
3639 37 25
3640 5 14
3641 37 24
3642 36 25
3643 37 23
3644 18 20
3645 18 21
3646 19 21
3647 35 25
3648 18 21
3649 19 20
3650 19 21
3651 19 22
3652 35 24
3653 37 24
3654 35 23
3655 19 21
3656 36 23
3657 37 23
3658 18 22
3659 36 23
3660 18 21
3661 37 23
3662 37 24
3663 19 21
3664 37 23
3665 18 21
3666 18 23
3667 35 23
3668 18 22
3669 37 24
3670 19 21
3671 18 21
3672 36 23
3673 37 23
3674 4 14
3675 19 21
3676 18 21
3677 37 25
3678 37 24
3679 19 21
3680 37 25
3681 18 21
3682 37 24
3683 18 20
3684 5 14
3685 36 25
3686 18 21
3687 35 25
3688 4 14
3689 5 14
3690 4 14
3691 19 21
3692 35 24
3693 18 21
3694 37 23
3695 35 23
3696 36 23
3697 18 20
3698 37 24
3699 5 14
3700 18 21
3701 37 23
3702 37 25
3703 19 20
3704 4 14
3705 37 24
3706 37 25
3707 37 24
3708 37 25
3709 19 21
3710 19 22
3711 19 21
3712 18 22
3713 18 21
3714 37 24
3715 37 25
3716 5 14
3717 37 24
3718 18 20
3719 36 23
3720 37 23
3721 37 24
3722 18 21
3723 19 22
3724 19 21
3725 18 20
3726 18 21
3727 4 14
3728 37 23
3729 19 21
3730 36 23
3731 18 21
3732 37 23
3733 36 23
3734 19 22
3735 37 23
3736 19 21
3737 18 22
3738 18 21
3739 18 20
3740 37 25
3741 18 21
3742 37 24
3743 37 23
3744 5 14
3745 4 14
3746 5 14
3747 37 24
3748 19 22
3749 19 21
3750 18 20
3751 18 21
3752 19 22
3753 4 14
3754 37 25
3755 19 21
3756 18 21
3757 37 24
3758 36 23
3759 37 23
3760 5 14
3761 19 21
3762 4 14
3763 37 25
3764 19 22
3765 19 21
3766 18 20
3767 37 24
3768 5 14
3769 37 25
3770 37 24
3771 18 21
3772 36 25
3773 19 21
3774 18 21
3775 19 21
3776 4 14
3777 37 23
3778 18 21
3779 35 25
3780 37 24
3781 35 24
3782 5 14
3783 19 20
3784 19 21
3785 37 23
3786 35 23
3787 18 21
3788 37 24
3789 19 21
3790 4 14
3791 19 22
3792 19 21
3793 36 23
3794 37 23
3795 35 23
3796 36 23
3797 18 22
3798 5 14
3799 18 21
3800 37 24
3801 4 14
3802 19 22
3803 19 21
3804 18 21
3805 19 21
3806 37 23
3807 18 20
3808 5 14
3809 4 14
3810 5 14
3811 37 24
3812 37 23
3813 18 21
3814 37 24
3815 37 23
3816 37 25
3817 19 21
3818 37 24
3819 37 23
3820 18 21
3821 19 21
3822 37 24
3823 18 21
3824 18 20
3825 36 25
3826 18 21
3827 19 20
3828 19 21
3829 18 20
3830 37 23
3831 35 25
3832 35 24
3833 18 21
3834 37 24
3835 37 23
3836 37 24
3837 4 14
3838 5 14
3839 19 20
3840 19 21
3841 4 14
3842 37 23
3843 5 14
3844 18 21
3845 19 21
3846 18 21
3847 19 21
3848 4 14
3849 5 14
3850 35 23
3851 18 21
3852 36 23
3853 35 23
3854 36 23
3855 19 21
3856 37 24
3857 4 14
3858 18 21
3859 19 21
3860 5 14
3861 37 23
3862 4 14
3863 5 14
3864 37 25
3865 37 24
3866 4 14
3867 36 23
3868 19 22
3869 37 23
3870 19 21
3871 37 24
3872 5 14
3873 18 22
3874 37 23
3875 37 24
3876 18 21
3877 37 23
3878 18 23
3879 19 21
3880 37 24
3881 37 23
3882 18 22
3883 18 21
3884 37 24
3885 37 23
3886 19 22
3887 19 21
3888 19 22
3889 36 23
3890 37 23
3891 19 21
3892 4 14
3893 35 23
3894 19 22
3895 19 21
3896 5 14
3897 36 23
3898 18 21
3899 37 24
3900 37 23
3901 37 24
3902 19 21
3903 4 14
3904 18 21
3905 37 23
3906 19 21
3907 18 21
3908 19 21
3909 36 23
3910 18 20
3911 18 21
3912 37 23
3913 37 24
3914 37 23
3915 5 14
3916 36 23
3917 19 22
3918 19 21
3919 18 21
3920 19 21
3921 37 23
3922 36 23
3923 19 22
3924 37 23
3925 4 14
3926 5 14
3927 35 23
3928 36 23
3929 37 24
3930 19 21
3931 4 14
3932 37 23
3933 35 23
3934 36 23
3935 37 24
3936 18 22
3937 18 21
3938 37 23
3939 18 20
3940 37 25
3941 37 24
3942 18 21
3943 37 23
3944 37 24
3945 37 25
3946 37 24
3947 37 23
3948 19 20
3949 5 14
3950 19 21
3951 19 22
3952 19 21
3953 18 20
3954 18 21
3955 19 20
3956 19 21
3957 18 21
3958 37 24
3959 19 21
3960 4 14
3961 36 23
3962 18 21
3963 19 21
3964 18 20
3965 18 21
3966 37 23
3967 36 23
3968 19 20
3969 19 21
3970 37 23
3971 5 14
3972 37 24
3973 37 23
3974 37 24
3975 37 23
3976 4 14
3977 37 25
3978 37 24
3979 18 20
3980 18 21
3981 37 23
3982 19 21
3983 18 21
3984 37 24
3985 18 20
3986 5 14
3987 18 21
3988 36 25
3989 4 14
3990 18 20
3991 37 23
3992 18 21
3993 35 25
3994 37 24
3995 35 24
3996 35 23
3997 5 14
3998 19 20
3999 37 23
4000 37 24
4001 4 14
4002 36 23
4003 37 23
4004 19 21
4005 36 23
4006 37 23
4007 19 22
4008 36 23
4009 37 23
4010 19 21
4011 5 14
4012 37 25
4013 18 21
4014 19 21
4015 18 22
4016 18 21
4017 18 23
4018 37 24
4019 4 14
4020 37 23
4021 18 22
4022 19 21
4023 5 14
4024 18 21
4025 37 24
4026 4 14
4027 19 21
4028 5 14
4029 18 21
4030 36 25
4031 35 25
4032 19 21
4033 18 21
4034 19 22
4035 37 23
4036 37 24
4037 35 24
4038 35 23
4039 19 21
4040 37 23
4041 37 24
4042 18 20
4043 37 23
4044 18 21
4045 37 24
4046 18 20
4047 4 14
4048 36 23
4049 5 14
4050 4 14
4051 37 23
4052 35 23
4053 37 24
4054 5 14
4055 37 23
4056 4 14
4057 18 21
4058 37 24
4059 18 20
4060 5 14
4061 18 21
4062 36 23
4063 37 23
4064 19 20
4065 4 14
4066 5 14
4067 4 14
4068 19 21
4069 19 22
4070 19 21
4071 18 22
4072 35 23
4073 5 14
4074 36 23
4075 37 24
4076 18 21
4077 37 23
4078 37 24
4079 37 23
4080 4 14
4081 5 14
4082 35 23
4083 36 23
4084 19 22
4085 19 21
4086 18 21
4087 37 24
4088 37 23
4089 19 21
4090 19 22
4091 19 21
4092 18 21
4093 19 21
4094 18 22
4095 4 14
4096 18 21
4097 37 25
4098 37 24
4099 18 23
4100 36 23
4101 19 21
4102 5 14
4103 37 23
4104 18 22
4105 36 23
4106 18 21
4107 19 21
4108 4 14
4109 18 21
4110 19 22
4111 5 14
4112 4 14
4113 37 23
4114 37 24
4115 19 21
4116 19 22
4117 5 14
4118 4 14
4119 37 23
4120 5 14
4121 37 25
4122 37 24
4123 4 14
4124 19 21
4125 18 21
4126 37 23
4127 37 24
4128 36 23
4129 19 21
4130 37 23
4131 37 25
4132 18 21
4133 19 21
4134 37 24
4135 18 22
4136 18 21
4137 18 23
4138 5 14
4139 36 23
4140 37 23
4141 37 25
4142 37 24
4143 19 21
4144 37 25
4145 18 21
4146 37 24
4147 36 25
4148 18 22
4149 35 25
4150 35 24
4151 19 21
4152 18 21
4153 19 21
4154 37 23
4155 37 24
4156 4 14
4157 35 23
4158 18 21
4159 5 14
4160 37 23
4161 19 21
4162 4 14
4163 36 23
4164 37 24
4165 37 23
4166 5 14
4167 18 21
4168 4 14
4169 35 23
4170 5 14
4171 36 23
4172 19 22
4173 19 21
4174 19 22
4175 37 24
4176 37 23
4177 19 21
4178 36 23
4179 37 23
4180 37 24
4181 4 14
4182 18 21
4183 37 23
4184 5 14
4185 4 14
4186 37 25
4187 19 21
4188 37 24
4189 18 21
4190 5 14
4191 4 14
4192 19 21
4193 5 14
4194 36 23
4195 37 23
4196 19 22
4197 19 21
4198 36 23
4199 19 22
4200 19 21
4201 37 23
4202 37 25
4203 19 22
4204 19 21
4205 18 21
4206 37 24
4207 19 21
4208 36 23
4209 19 22
4210 37 23
4211 19 21
4212 18 20
4213 35 23
4214 18 21
4215 19 22
4216 4 14
4217 36 23
4218 37 24
4219 37 23
4220 37 25
4221 19 21
4222 18 22
4223 37 24
4224 36 25
4225 18 21
4226 37 23
4227 35 25
4228 18 23
4229 19 21
4230 5 14
4231 4 14
4232 37 24
4233 37 23
4234 35 24
4235 37 24
4236 35 23
4237 37 23
4238 18 21
4239 37 24
4240 37 23
4241 37 24
4242 19 21
4243 37 23
4244 36 23
4245 18 22
4246 18 21
4247 5 14
4248 4 14
4249 37 24
4250 37 23
4251 36 23
4252 37 23
4253 35 23
4254 37 24
4255 36 23
4256 18 23
4257 18 22
4258 5 14
4259 19 21
4260 18 21
4261 37 23
4262 18 23
4263 4 14
4264 37 25
4265 18 22
4266 37 24
4267 5 14
4268 19 21
4269 18 21
4270 19 22
4271 19 21
4272 4 14
4273 5 14
4274 37 25
4275 37 24
4276 18 21
4277 19 21
4278 4 14
4279 18 21
4280 19 21
4281 37 23
4282 18 20
4283 18 21
4284 37 24
4285 18 20
4286 18 21
4287 37 25
4288 37 24
4289 19 21
4290 18 21
4291 36 25
4292 18 20
4293 18 21
4294 5 14
4295 4 14
4296 19 21
4297 35 25
4298 18 21
4299 5 14
4300 4 14
4301 19 22
4302 5 14
4303 35 24
4304 19 21
4305 4 14
4306 5 14
4307 4 14
4308 18 21
4309 5 14
4310 37 23
4311 19 21
4312 35 23
4313 36 23
4314 35 23
4315 19 22
4316 19 21
4317 18 22
4318 4 14
4319 18 21
4320 37 24
4321 36 23
4322 19 21
4323 5 14
4324 18 21
4325 37 23
4326 36 23
4327 19 22
4328 37 23
4329 37 24
4330 19 21
4331 4 14
4332 37 23
4333 18 21
4334 19 21
4335 18 20
4336 37 25
4337 18 21
4338 37 24
4339 36 25
4340 19 21
4341 5 14
4342 35 25
4343 18 21
4344 37 23
4345 19 22
4346 19 21
4347 18 21
4348 19 21
4349 35 24
4350 37 24
4351 35 23
4352 18 22
4353 18 21
4354 4 14
4355 5 14
4356 18 23
4357 4 14
4358 19 21
4359 36 23
4360 18 22
4361 37 23
4362 37 25
4363 37 24
4364 37 25
4365 5 14
4366 37 24
4367 18 21
4368 18 23
4369 4 14
4370 18 22
4371 5 14
4372 19 21
4373 18 21
4374 19 21
4375 4 14
4376 18 21
4377 18 20
4378 18 21
4379 18 20
4380 18 21
4381 19 21
4382 18 21
4383 36 23
4384 19 22
4385 19 21
4386 18 21
4387 19 21
4388 18 21
4389 19 21
4390 18 22
4391 18 21
4392 5 14
4393 19 21
4394 37 23
4395 37 24
4396 4 14
4397 37 23
4398 18 21
4399 35 23
4400 19 22
4401 19 21
4402 36 23
4403 35 23
4404 37 24
4405 19 22
4406 5 14
4407 19 21
4408 4 14
4409 5 14
4410 36 23
4411 18 20
4412 37 23
4413 37 25
4414 4 14
4415 5 14
4416 37 24
4417 18 21
4418 37 23
4419 4 14
4420 5 14
4421 4 14
4422 18 20
4423 37 24
4424 18 21
4425 19 22
4426 19 21
4427 18 22
4428 37 23
4429 5 14
4430 37 24
4431 37 25
4432 37 24
4433 18 21
4434 37 25
4435 19 22
4436 19 21
4437 18 21
4438 4 14
4439 37 24
4440 19 21
4441 36 25
4442 18 22
4443 37 23
4444 5 14
4445 4 14
4446 18 21
4447 5 14
4448 37 24
4449 18 23
4450 19 21
4451 18 22
4452 37 23
4453 37 24
4454 18 21
4455 37 23
4456 35 25
4457 19 22
4458 19 21
4459 18 22
4460 4 14
4461 35 24
4462 37 24
4463 18 21
4464 35 23
4465 19 21
4466 37 23
4467 5 14
4468 18 21
4469 37 24
4470 18 23
4471 19 21
4472 18 21
4473 36 23
4474 4 14
4475 37 23
4476 18 22
4477 5 14
4478 35 23
4479 4 14
4480 18 23
4481 37 24
4482 5 14
4483 4 14
4484 5 14
4485 19 21
4486 18 22
4487 4 14
4488 18 21
4489 5 14
4490 19 22
4491 19 21
4492 18 21
4493 37 23
4494 19 21
4495 36 23
4496 18 22
4497 4 14
4498 37 24
4499 37 23
4500 36 23
4501 18 21
4502 19 21
4503 18 21
4504 37 23
4505 5 14
4506 35 23
4507 37 24
4508 37 23
4509 37 24
4510 4 14
4511 36 23
4512 37 23
4513 5 14
4514 4 14
4515 19 22
4516 37 25
4517 19 21
4518 18 21
4519 5 14
4520 37 24
4521 36 25
4522 4 14
4523 5 14
4524 19 21
4525 19 22
4526 37 23
4527 4 14
4528 35 25
4529 37 24
4530 19 21
4531 18 22
4532 18 21
4533 19 22
4534 19 21
4535 35 24
4536 35 23
4537 19 22
4538 19 21
4539 36 23
4540 19 22
4541 19 21
4542 18 21
4543 37 23
4544 37 25
4545 5 14
4546 37 24
4547 4 14
4548 19 21
4549 19 22
4550 5 14
4551 36 23
4552 37 23
4553 19 21
4554 37 24
4555 37 23
4556 4 14
4557 18 21
4558 5 14
4559 35 23
4560 37 24
4561 19 21
4562 4 14
4563 5 14
4564 4 14
4565 36 23
4566 5 14
4567 4 14
4568 5 14
4569 18 22
4570 4 14
4571 18 21
4572 18 23
4573 18 22
4574 37 23
4575 37 24
4576 37 23
4577 37 24
4578 37 23
4579 18 23
4580 19 21
4581 35 23
4582 18 21
4583 19 21
4584 18 21
4585 5 14
4586 37 24
4587 36 23
4588 37 23
4589 4 14
4590 37 24
4591 37 23
4592 36 23
4593 18 22
4594 19 21
4595 5 14
4596 18 21
4597 37 23
4598 4 14
4599 5 14
4600 19 22
4601 4 14
4602 19 21
4603 35 23
4604 18 20
4605 18 21
4606 36 23
4607 37 24
4608 19 21
4609 18 21
4610 37 23
4611 19 22
4612 35 23
4613 5 14
4614 37 24
4615 19 21
4616 37 23
4617 37 24
4618 36 23
4619 19 22
4620 37 23
4621 37 24
4622 37 23
4623 19 21
4624 4 14
4625 18 22
4626 18 21
4627 19 21
4628 35 23
4629 5 14
4630 18 21
4631 19 22
4632 19 21
4633 37 24
4634 18 21
4635 37 23
4636 37 24
4637 37 23
4638 19 21
4639 37 24
4640 18 21
4641 19 21
4642 18 20
4643 18 21
4644 4 14
4645 19 20
4646 36 23
4647 19 21
4648 18 21
4649 19 21
4650 5 14
4651 37 23
4652 4 14
4653 37 25
4654 37 24
4655 36 25
4656 5 14
4657 18 20
4658 18 21
4659 4 14
4660 19 20
4661 19 21
4662 18 21
4663 5 14
4664 19 21
4665 37 23
4666 18 21
4667 19 21
4668 19 22
4669 37 24
4670 19 21
4671 18 21
4672 37 23
4673 19 21
4674 4 14
4675 37 24
4676 18 21
4677 19 21
4678 5 14
4679 37 23
4680 35 25
4681 18 21
4682 19 21
4683 37 24
4684 18 20
4685 18 21
4686 19 22
4687 19 21
4688 19 22
4689 35 24
4690 19 21
4691 4 14
4692 35 23
4693 19 22
4694 19 21
4695 18 20
4696 18 21
4697 36 23
4698 19 20
4699 37 23
4700 19 21
4701 18 20
4702 18 21
4703 5 14
4704 19 21
4705 4 14
4706 5 14
4707 4 14
4708 36 23
4709 37 23
4710 5 14
4711 37 24
4712 37 23
4713 37 24
4714 37 23
4715 18 21
4716 19 21
4717 35 23
4718 4 14
4719 37 24
4720 18 21
4721 19 22
4722 36 23
4723 37 23
4724 35 23
4725 19 21
4726 36 23
4727 18 20
4728 37 24
4729 37 23
4730 18 21
4731 19 22
4732 5 14
4733 19 21
4734 4 14
4735 5 14
4736 4 14
4737 36 23
4738 18 22
4739 18 21
4740 37 23
4741 5 14
4742 18 20
4743 37 24
4744 18 21
4745 37 23
4746 18 20
4747 37 24
4748 37 23
4749 35 23
4750 18 21
4751 19 22
4752 37 24
4753 4 14
4754 19 21
4755 18 20
4756 18 21
4757 37 23
4758 19 22
4759 36 23
4760 19 21
4761 18 21
4762 19 21
4763 18 20
4764 18 21
4765 19 20
4766 5 14
4767 19 21
4768 4 14
4769 19 22
4770 19 21
4771 18 22
4772 18 21
4773 5 14
4774 4 14
4775 37 24
4776 5 14
4777 4 14
4778 19 22
4779 5 14
4780 37 23
4781 19 21
4782 18 22
4783 37 25
4784 37 24
4785 36 23
4786 4 14
4787 5 14
4788 4 14
4789 18 21
4790 37 23
4791 36 23
4792 19 22
4793 5 14
4794 19 21
4795 19 22
4796 37 23
4797 19 21
4798 4 14
4799 18 21
4800 37 24
4801 37 23
4802 19 21
4803 35 23
4804 19 22
4805 19 21
4806 5 14
4807 18 21
4808 19 21
4809 19 22
4810 4 14
4811 19 21
4812 37 24
4813 18 20
4814 37 23
4815 18 21
4816 5 14
4817 4 14
4818 19 21
4819 18 21
4820 36 23
4821 35 23
4822 19 21
4823 18 21
4824 19 20
4825 37 24
4826 19 21
4827 37 23
4828 5 14
4829 36 23
4830 37 24
4831 4 14
4832 37 23
4833 19 22
4834 36 23
4835 37 23
4836 5 14
4837 4 14
4838 5 14
4839 4 14
4840 19 21
4841 18 21
4842 19 21
4843 5 14
4844 4 14
4845 37 25
4846 37 24
4847 36 25
4848 18 22
4849 5 14
4850 18 21
4851 37 23
4852 35 25
4853 18 20
4854 18 21
4855 19 22
4856 19 21
4857 37 24
4858 19 22
4859 19 21
4860 4 14
4861 5 14
4862 18 22
4863 37 23
4864 18 21
4865 4 14
4866 35 24
4867 18 23
4868 19 21
4869 18 22
4870 35 23
4871 36 23
4872 37 24
4873 18 21
4874 19 21
4875 18 21
4876 19 21
4877 18 21
4878 37 23
4879 37 25
4880 18 20
4881 37 24
4882 37 25
4883 37 24
4884 18 21
4885 18 20
4886 18 21
4887 36 23
4888 19 22
4889 37 23
4890 37 25
4891 19 21
4892 37 24
4893 37 25
4894 18 21
4895 37 24
4896 5 14
4897 4 14
4898 37 25
4899 37 24
4900 37 25
4901 5 14
4902 37 24
4903 19 21
4904 19 22
4905 19 21
4906 18 20
4907 18 21
4908 4 14
4909 37 23
4910 5 14
4911 4 14
4912 19 20
4913 37 24
4914 19 21
4915 37 25
4916 37 24
4917 18 20
4918 18 21
4919 19 22
4920 19 21
4921 37 23
4922 37 24
4923 5 14
4924 18 22
4925 37 23
4926 37 24
4927 18 21
4928 36 25
4929 19 22
4930 19 21
4931 37 23
4932 19 22
4933 37 24
4934 19 21
4935 18 21
4936 37 23
4937 37 24
4938 37 23
4939 35 25
4940 19 21
4941 4 14
4942 37 24
4943 18 20
4944 35 24
4945 35 23
4946 18 21
4947 36 23
4948 37 23
4949 5 14
4950 37 24
4951 4 14
4952 19 22
4953 5 14
4954 37 23
4955 19 21
4956 37 25
4957 37 24
4958 4 14
4959 5 14
4960 4 14
4961 18 20
4962 18 21
4963 5 14
4964 19 21
4965 36 23
4966 18 21
4967 37 23
4968 36 23
4969 37 23
4970 4 14
4971 19 21
4972 18 21
4973 37 24
4974 37 23
4975 36 23
4976 18 20
4977 37 23
4978 35 23
4979 37 24
4980 18 21
4981 19 21
4982 37 23
4983 37 24
4984 18 21
4985 36 23
4986 5 14
4987 19 21
4988 18 21
4989 19 20
4990 19 21
4991 37 23
4992 35 23
4993 37 24
4994 4 14
4995 5 14
4996 18 21
4997 37 23
4998 36 23
4999 4 14
5000 37 24
5001 5 14
5002 4 14
5003 5 14
5004 37 23
5005 4 14
5006 5 14
5007 19 21
5008 36 23
5009 4 14
5010 37 23
5011 35 23
5012 18 20
5013 18 21
5014 19 20
5015 19 21
5016 5 14
5017 18 20
5018 37 24
5019 18 21
5020 36 23
5021 18 20
5022 37 23
5023 18 21
5024 19 21
5025 4 14
5026 37 24
5027 37 23
5028 5 14
5029 36 23
5030 4 14
5031 37 23
5032 37 24
5033 18 21
5034 37 23
5035 5 14
5036 37 25
5037 19 22
5038 37 24
5039 19 21
5040 4 14
5041 18 21
5042 19 21
5043 36 25
5044 35 25
5045 18 20
5046 35 24
5047 18 21
5048 37 23
5049 35 23
5050 36 23
5051 35 23
5052 36 23
5053 35 23
5054 5 14
5055 36 23
5056 18 20
5057 18 21
5058 4 14
5059 37 24
5060 37 23
5061 5 14
5062 18 20
5063 37 24
5064 18 21
5065 37 23
5066 36 23
5067 19 21
5068 37 23
5069 35 23
5070 4 14
5071 37 24
5072 18 21
5073 37 23
5074 19 20
5075 37 24
5076 19 21
5077 5 14
5078 4 14
5079 37 23
5080 18 20
5081 18 21
5082 5 14
5083 37 24
5084 19 20
5085 36 23
5086 37 23
5087 19 21
5088 4 14
5089 5 14
5090 37 25
5091 4 14
5092 18 20
5093 37 24
5094 37 23
5095 18 21
5096 37 24
5097 37 25
5098 19 20
5099 19 21
5100 5 14
5101 37 24
5102 4 14
5103 37 23
5104 19 22
5105 5 14
5106 4 14
5107 37 24
5108 19 21
5109 18 20
5110 5 14
5111 37 25
5112 37 24
5113 36 23
5114 18 21
5115 4 14
5116 19 22
5117 37 23
5118 37 24
5119 19 21
5120 18 22
5121 37 23
5122 18 21
5123 37 25
5124 37 24
5125 18 20
5126 18 21
5127 37 25
5128 37 24
5129 36 23
5130 19 20
5131 19 21
5132 5 14
5133 18 20
5134 4 14
5135 37 23
5136 18 21
5137 19 21
5138 35 23
5139 18 21
5140 37 24
5141 18 20
5142 5 14
5143 18 21
5144 19 22
5145 4 14
5146 36 23
5147 37 23
5148 19 21
5149 18 21
5150 19 21
5151 37 24
5152 37 23
5153 18 20
5154 36 23
5155 18 21
5156 37 23
5157 19 22
5158 5 14
5159 19 21
5160 35 23
5161 18 22
5162 18 21
5163 18 20
5164 36 23
5165 37 24
5166 18 21
5167 19 22
5168 19 21
5169 18 21
5170 4 14
5171 19 21
5172 18 20
5173 5 14
5174 18 21
5175 37 23
5176 18 20
5177 18 21
5178 19 22
5179 19 21
5180 37 24
5181 4 14
5182 18 20
5183 5 14
5184 37 23
5185 35 23
5186 18 21
5187 36 23
5188 4 14
5189 37 24
5190 37 23
5191 19 22
5192 5 14
5193 36 23
5194 4 14
5195 37 23
5196 19 21
5197 35 23
5198 36 23
5199 37 24
5200 37 23
5201 36 23
5202 19 22
5203 37 23
5204 37 24
5205 37 23
5206 19 21
5207 36 23
5208 37 23
5209 36 23
5210 5 14
5211 19 22
5212 37 23
5213 37 24
5214 19 21
5215 37 23
5216 4 14
5217 18 20
5218 5 14
5219 4 14
5220 18 21
5221 19 21
5222 5 14
5223 37 25
5224 18 21
5225 37 24
5226 36 23
5227 18 20
5228 18 21
5229 4 14
5230 37 23
5231 19 20
5232 19 21
5233 18 20
5234 36 23
5235 37 23
5236 18 21
5237 37 24
5238 19 22
5239 19 21
5240 18 21
5241 37 23
5242 35 23
5243 5 14
5244 4 14
5245 5 14
5246 19 21
5247 37 24
5248 4 14
5249 5 14
5250 36 23
5251 19 22
5252 4 14
5253 5 14
5254 19 21
5255 18 21
5256 37 23
5257 19 21
5258 18 21
5259 19 21
5260 18 20
5261 4 14
5262 18 21
5263 37 24
5264 37 23
5265 5 14
5266 19 20
5267 36 23
5268 19 21
5269 37 23
5270 35 23
5271 19 22
5272 19 21
5273 18 21
5274 19 21
5275 37 24
5276 36 23
5277 37 23
5278 18 22
5279 18 21
5280 18 20
5281 4 14
5282 36 23
5283 18 21
5284 5 14
5285 37 23
5286 36 23
5287 37 23
5288 35 23
5289 37 24
5290 19 20
5291 4 14
5292 36 23
5293 19 21
5294 37 23
5295 36 23
5296 5 14
5297 4 14
5298 18 20
5299 18 21
5300 19 20
5301 5 14
5302 37 23
5303 19 21
5304 18 20
5305 37 24
5306 18 21
5307 18 20
5308 4 14
5309 5 14
5310 37 23
5311 18 21
5312 19 20
5313 19 21
5314 18 21
5315 37 25
5316 4 14
5317 37 24
5318 36 23
5319 19 21
5320 18 20
5321 37 23
5322 5 14
5323 4 14
5324 18 21
5325 19 20
5326 19 21
5327 35 23
5328 19 22
5329 36 23
5330 19 21
5331 18 22
5332 18 21
5333 35 23
5334 19 22
5335 37 24
5336 19 21
5337 19 22
5338 19 21
5339 36 23
5340 5 14
5341 4 14
5342 37 23
5343 18 22
5344 37 25
5345 37 24
5346 36 25
5347 18 21
5348 37 23
5349 35 25
5350 5 14
5351 18 20
5352 18 21
5353 37 24
5354 35 24
5355 19 21
5356 35 23
5357 18 21
5358 19 20
5359 37 23
5360 37 24
5361 19 21
5362 4 14
5363 18 20
5364 36 23
5365 5 14
5366 18 21
5367 19 22
5368 19 21
5369 37 23
5370 4 14
5371 37 24
5372 37 23
5373 36 23
5374 37 23
5375 5 14
5376 4 14
5377 36 23
5378 19 22
5379 37 23
5380 37 24
5381 37 23
5382 35 23
5383 5 14
5384 37 24
5385 4 14
5386 5 14
5387 37 23
5388 37 24
5389 37 23
5390 19 21
5391 36 23
5392 18 22
5393 18 21
5394 35 23
5395 37 24
5396 37 23
5397 19 22
5398 36 23
5399 35 23
5400 19 21
5401 37 24
5402 37 23
5403 18 20
5404 18 21
5405 37 24
5406 18 20
5407 18 21
5408 4 14
5409 37 23
5410 18 20
5411 37 24
5412 18 21
5413 36 23
5414 37 23
5415 19 22
5416 37 25
5417 19 21
5418 18 21
5419 37 24
5420 19 21
5421 37 23
5422 19 22
5423 19 21
5424 37 24
5425 36 23
5426 37 23
5427 18 20
5428 35 23
5429 18 21
5430 5 14
5431 36 23
5432 19 22
5433 35 23
5434 19 21
5435 18 22
5436 37 24
5437 18 21
5438 4 14
5439 19 21
5440 18 21
5441 18 20
5442 36 23
5443 18 21
5444 37 23
5445 37 24
5446 37 23
5447 19 20
5448 19 21
5449 36 23
5450 18 20
5451 18 21
5452 37 23
5453 19 20
5454 37 24
5455 19 21
5456 37 23
5457 18 20
5458 18 21
5459 37 24
5460 37 23
5461 37 24
5462 37 23
5463 37 25
5464 5 14
5465 4 14
5466 5 14
5467 37 24
5468 19 22
5469 4 14
5470 37 23
5471 5 14
5472 4 14
5473 37 24
5474 36 23
5475 19 21
5476 37 23
5477 5 14
5478 18 21
5479 35 23
5480 19 21
5481 37 24
5482 4 14
5483 5 14
5484 4 14
5485 18 22
5486 36 23
5487 37 23
5488 18 21
5489 37 25
5490 37 24
5491 37 23
5492 37 24
5493 36 25
5494 19 21
5495 18 21
5496 37 23
5497 35 25
5498 19 21
5499 37 24
5500 18 21
5501 5 14
5502 4 14
5503 19 21
5504 5 14
5505 37 23
5506 18 21
5507 19 21
5508 18 21
5509 18 23
5510 19 21
5511 18 22
5512 18 21
5513 19 22
5514 37 24
5515 35 24
5516 4 14
5517 37 23
5518 37 24
5519 19 21
5520 19 22
5521 37 23
5522 19 21
5523 35 23
5524 18 21
5525 37 24
5526 19 21
5527 18 21
5528 19 21
5529 18 21
5530 5 14
5531 4 14
5532 37 23
5533 37 24
5534 36 23
5535 5 14
5536 37 23
5537 36 23
5538 37 23
5539 37 25
5540 19 21
5541 37 24
5542 36 23
5543 18 21
5544 19 21
5545 37 23
5546 19 22
5547 37 24
5548 37 23
5549 36 23
5550 4 14
5551 37 23
5552 5 14
5553 4 14
5554 19 21
5555 37 24
5556 18 20
5557 37 23
5558 5 14
5559 35 23
5560 18 21
5561 19 22
5562 37 24
5563 37 23
5564 4 14
5565 36 23
5566 35 23
5567 19 21
5568 18 22
5569 18 21
5570 37 24
5571 5 14
5572 36 23
5573 37 23
5574 36 23
5575 18 20
5576 18 21
5577 37 23
5578 18 20
5579 4 14
5580 18 21
5581 37 24
5582 37 23
5583 19 22
5584 19 21
5585 5 14
5586 19 22
5587 19 21
5588 4 14
5589 5 14
5590 4 14
5591 35 23
5592 5 14
5593 36 23
5594 18 20
5595 37 24
5596 18 21
5597 19 21
5598 37 23
5599 18 21
5600 36 23
5601 19 20
5602 37 23
5603 4 14
5604 19 21
5605 5 14
5606 18 20
5607 37 24
5608 4 14
5609 18 21
5610 5 14
5611 4 14
5612 37 23
5613 35 23
5614 36 23
5615 35 23
5616 37 24
5617 36 23
5618 18 20
5619 5 14
5620 4 14
5621 18 21
5622 5 14
5623 19 21
5624 37 23
5625 37 25
5626 4 14
5627 5 14
5628 37 24
5629 18 21
5630 19 22
5631 19 21
5632 18 21
5633 4 14
5634 19 21
5635 19 22
5636 19 21
5637 19 22
5638 37 23
5639 37 24
5640 37 25
5641 19 21
5642 18 22
5643 18 21
5644 19 22
5645 19 21
5646 37 24
5647 18 21
5648 37 23
5649 19 21
5650 19 22
5651 37 24
5652 19 21
5653 36 25
5654 5 14
5655 18 21
5656 35 25
5657 37 23
5658 19 21
5659 35 24
5660 4 14
5661 5 14
5662 35 23
5663 18 21
5664 4 14
5665 19 21
5666 5 14
5667 18 20
5668 36 23
5669 18 21
5670 35 23
5671 37 24
5672 36 23
5673 37 23
5674 18 20
5675 37 25
5676 37 24
5677 18 21
5678 19 22
5679 19 21
5680 18 20
5681 18 21
5682 37 25
5683 4 14
5684 19 20
5685 19 21
5686 5 14
5687 37 24
5688 18 20
5689 37 25
5690 37 24
5691 18 21
5692 19 22
5693 36 25
5694 19 21
5695 37 23
5696 4 14
5697 37 24
5698 18 21
5699 37 23
5700 19 21
5701 35 25
5702 18 22
5703 37 24
5704 18 21
5705 37 23
5706 18 23
5707 37 24
5708 18 22
5709 37 23
5710 5 14
5711 4 14
5712 19 21
5713 35 24
5714 18 21
5715 18 20
5716 18 21
5717 35 23
5718 5 14
5719 36 23
5720 35 23
5721 18 20
5722 36 23
5723 18 21
5724 37 24
5725 19 20
5726 37 23
5727 19 21
5728 19 22
5729 19 21
5730 18 20
5731 36 23
5732 37 23
5733 4 14
5734 5 14
5735 18 21
5736 35 23
5737 4 14
5738 36 23
5739 5 14
5740 18 20
5741 4 14
5742 18 21
5743 5 14
5744 19 21
5745 18 21
5746 37 24
5747 18 20
5748 18 21
5749 4 14
5750 37 23
5751 19 21
5752 37 25
5753 37 24
5754 37 23
5755 37 24
5756 5 14
5757 37 23
5758 37 24
5759 4 14
5760 5 14
5761 36 25
5762 4 14
5763 37 23
5764 37 24
5765 37 23
5766 35 25
5767 18 21
5768 19 20
5769 19 21
5770 37 24
5771 18 20
5772 18 21
5773 35 24
5774 37 23
5775 37 24
5776 18 20
5777 35 23
5778 37 23
5779 36 23
5780 18 21
5781 35 23
5782 37 24
5783 18 20
5784 5 14
5785 18 21
5786 36 23
5787 37 23
5788 19 20
5789 37 24
5790 4 14
5791 19 21
5792 18 20
5793 18 21
5794 37 23
5795 36 23
5796 37 23
5797 18 20
5798 18 21
5799 18 20
5800 35 23
5801 37 24
5802 5 14
5803 37 23
5804 36 23
5805 37 24
5806 4 14
5807 18 21
5808 19 22
5809 5 14
5810 4 14
5811 37 23
5812 36 23
5813 37 23
5814 19 21
5815 37 25
5816 18 21
5817 19 21
5818 5 14
5819 18 22
5820 18 21
5821 4 14
5822 37 24
5823 37 25
5824 37 24
5825 19 22
5826 36 25
5827 19 21
5828 35 25
5829 18 22
5830 37 23
5831 37 24
5832 18 21
5833 19 21
5834 37 23
5835 37 24
5836 35 24
5837 18 21
5838 5 14
5839 18 20
5840 37 23
5841 4 14
5842 18 21
5843 19 22
5844 37 24
5845 19 21
5846 35 23
5847 19 22
5848 36 23
5849 37 23
5850 19 21
5851 18 21
5852 19 21
5853 19 22
5854 19 21
5855 18 20
5856 35 23
5857 18 21
5858 5 14
5859 19 22
5860 19 21
5861 18 22
5862 18 21
5863 36 23
5864 37 24
5865 4 14
5866 5 14
5867 18 20
5868 18 21
5869 37 23
5870 19 20
5871 37 25
5872 4 14
5873 5 14
5874 37 24
5875 4 14
5876 5 14
5877 4 14
5878 36 23
5879 19 21
5880 37 23
5881 37 24
5882 18 20
5883 37 23
5884 37 24
5885 37 23
5886 37 25
5887 37 24
5888 18 21
5889 5 14
5890 19 22
5891 19 21
5892 19 22
5893 36 23
5894 37 23
5895 37 24
5896 19 21
5897 19 22
5898 19 21
5899 37 23
5900 37 25
5901 37 24
5902 36 25
5903 4 14
5904 35 25
5905 35 24
5906 5 14
5907 35 23
5908 36 23
5909 4 14
5910 37 23
5911 36 23
5912 37 23
5913 36 23
5914 37 23
5915 37 24
5916 37 23
5917 37 25
5918 19 22
5919 19 21
5920 37 24
5921 36 25
5922 18 21
5923 5 14
5924 37 23
5925 37 24
5926 37 23
5927 19 21
5928 35 25
5929 18 20
5930 35 24
5931 18 21
5932 18 20
5933 18 21
5934 4 14
5935 18 20
5936 5 14
5937 18 21
5938 35 23
5939 19 21
5940 18 21
5941 4 14
5942 18 20
5943 18 21
5944 5 14
5945 36 23
5946 4 14
5947 37 24
5948 37 23
5949 19 22
5950 5 14
5951 37 24
5952 37 23
5953 19 21
5954 36 23
5955 37 23
5956 18 20
5957 37 25
5958 4 14
5959 37 24
5960 18 21
5961 19 20
5962 5 14
5963 36 23
5964 37 23
5965 37 25
5966 19 21
5967 4 14
5968 18 20
5969 5 14
5970 18 21
5971 4 14
5972 5 14
5973 19 22
5974 4 14
5975 19 21
5976 18 22
5977 18 21
5978 37 24
5979 18 23
5980 19 21
5981 37 25
5982 37 24
5983 5 14
5984 18 21
5985 18 22
5986 4 14
5987 37 25
5988 5 14
5989 18 23
5990 4 14
5991 37 24
5992 18 22
5993 19 21
5994 37 23
5995 37 24
5996 37 23
5997 37 24
5998 36 23
5999 37 23
6000 35 23
6001 5 14
6002 18 21
6003 36 23
6004 37 24
6005 37 23
6006 18 23
6007 4 14
6008 18 22
6009 36 23
6010 5 14
6011 18 23
6012 37 23
6013 4 14
6014 35 23
6015 37 24
6016 36 23
6017 5 14
6018 37 23
6019 19 21
6020 37 24
6021 18 22
6022 37 23
6023 37 24
6024 37 23
6025 18 21
6026 4 14
6027 5 14
6028 4 14
6029 19 22
6030 37 24
6031 19 21
6032 18 22
6033 18 21
6034 5 14
6035 18 20
6036 4 14
6037 18 21
6038 19 20
6039 37 23
6040 36 23
6041 19 21
6042 37 23
6043 35 23
6044 37 24
6045 36 23
6046 5 14
6047 37 23
6048 19 22
6049 19 21
6050 19 22
6051 19 21
6052 37 24
6053 18 22
6054 18 21
6055 19 22
6056 37 23
6057 37 25
6058 37 24
6059 4 14
6060 5 14
6061 4 14
6062 5 14
6063 36 23
6064 37 23
6065 19 21
6066 18 21
6067 4 14
6068 37 25
6069 5 14
6070 19 21
6071 19 22
6072 37 24
6073 19 21
6074 18 22
6075 4 14
6076 5 14
6077 18 21
6078 19 22
6079 36 23
6080 19 21
6081 37 23
6082 35 23
6083 18 20
6084 36 23
6085 35 23
6086 37 24
6087 37 23
6088 4 14
6089 18 21
6090 37 24
6091 19 22
6092 19 21
6093 36 23
6094 37 23
6095 37 25
6096 18 20
6097 37 24
6098 18 21
6099 5 14
6100 4 14
6101 37 23
6102 5 14
6103 37 24
6104 19 21
6105 36 25
6106 4 14
6107 18 21
6108 37 23
6109 5 14
6110 37 24
6111 19 21
6112 18 21
6113 35 25
6114 19 20
6115 19 21
6116 4 14
6117 5 14
6118 19 22
6119 19 21
6120 19 22
6121 35 24
6122 37 23
6123 19 21
6124 4 14
6125 18 21
6126 19 21
6127 18 22
6128 5 14
6129 18 21
6130 19 21
6131 35 23
6132 37 24
6133 4 14
6134 37 23
6135 18 21
6136 5 14
6137 19 21
6138 36 23
6139 18 21
6140 18 23
6141 19 21
6142 4 14
6143 5 14
6144 35 23
6145 36 23
6146 4 14
6147 18 21
6148 35 23
6149 5 14
6150 36 23
6151 18 22
6152 19 21
6153 4 14
6154 37 24
6155 5 14
6156 37 23
6157 18 21
6158 37 24
6159 37 23
6160 18 20
6161 4 14
6162 18 21
6163 37 25
6164 37 24
6165 37 25
6166 19 20
6167 5 14
6168 4 14
6169 5 14
6170 4 14
6171 37 24
6172 37 23
6173 19 21
6174 37 24
6175 36 23
6176 5 14
6177 37 23
6178 18 20
6179 18 21
6180 4 14
6181 19 20
6182 19 21
6183 18 21
6184 5 14
6185 19 21
6186 35 23
6187 36 23
6188 35 23
6189 37 24
6190 4 14
6191 18 20
6192 36 23
6193 18 21
6194 19 21
6195 18 21
6196 37 23
6197 36 23
6198 5 14
6199 19 20
6200 19 21
6201 19 22
6202 19 21
6203 37 23
6204 19 22
6205 19 21
6206 4 14
6207 35 23
6208 18 22
6209 18 21
6210 5 14
6211 37 24
6212 4 14
6213 37 23
6214 18 23
6215 37 24
6216 19 21
6217 36 23
6218 5 14
6219 18 21
6220 19 21
6221 4 14
6222 18 21
6223 37 23
6224 37 24
6225 5 14
6226 37 23
6227 4 14
6228 37 24
6229 19 21
6230 18 21
6231 37 23
6232 19 21
6233 37 24
6234 5 14
6235 37 23
6236 4 14
6237 37 25
6238 37 24
6239 18 22
6240 37 23
6241 5 14
6242 37 24
6243 36 23
6244 37 23
6245 4 14
6246 36 23
6247 37 23
6248 35 23
6249 18 21
6250 36 23
6251 35 23
6252 36 23
6253 19 22
6254 19 21
6255 37 24
6256 18 22
6257 18 21
6258 37 23
6259 18 20
6260 5 14
6261 18 21
6262 19 21
6263 18 21
6264 18 20
6265 36 23
6266 4 14
6267 37 23
6268 37 24
6269 18 21
6270 19 22
6271 19 21
6272 18 22
6273 18 21
6274 5 14
6275 18 20
6276 37 23
6277 18 21
6278 19 21
6279 18 21
6280 4 14
6281 19 22
6282 19 21
6283 18 20
6284 18 21
6285 36 23
6286 37 23
6287 19 22
6288 37 24
6289 19 21
6290 37 23
6291 36 23
6292 5 14
6293 18 20
6294 18 21
6295 18 20
6296 4 14
6297 37 23
6298 5 14
6299 4 14
6300 18 21
6301 19 22
6302 5 14
6303 19 21
6304 18 20
6305 18 21
6306 35 23
6307 36 23
6308 4 14
6309 19 21
6310 5 14
6311 35 23
6312 4 14
6313 18 21
6314 19 20
6315 37 24
6316 19 21
6317 5 14
6318 36 23
6319 4 14
6320 37 23
6321 37 25
6322 19 22
6323 37 24
6324 36 25
6325 19 21
6326 35 25
6327 5 14
6328 18 21
6329 19 21
6330 18 22
6331 37 23
6332 35 24
6333 37 24
6334 18 21
6335 18 20
6336 18 21
6337 19 20
6338 19 21
6339 35 23
6340 37 23
6341 4 14
6342 36 23
6343 5 14
6344 4 14
6345 37 24
6346 37 23
6347 36 23
6348 18 20
6349 37 23
6350 5 14
6351 36 23
6352 4 14
6353 18 21
6354 19 21
6355 5 14
6356 18 21
6357 37 23
6358 18 20
6359 18 21
6360 36 23
6361 37 23
6362 35 23
6363 36 23
6364 37 24
6365 37 23
6366 37 24
6367 37 23
6368 35 23
6369 37 24
6370 18 20
6371 18 21
6372 4 14
6373 18 20
6374 18 21
6375 19 22
6376 36 23
6377 37 23
6378 35 23
6379 37 24
6380 19 21
6381 18 20
6382 18 21
6383 18 20
6384 18 21
6385 37 23
6386 5 14
6387 36 23
6388 19 21
6389 35 23
6390 36 23
6391 18 21
6392 37 24
6393 37 23
6394 35 23
6395 19 22
6396 36 23
6397 19 21
6398 37 24
6399 18 22
6400 18 21
6401 37 23
6402 18 20
6403 36 23
6404 37 23
6405 35 23
6406 4 14
6407 5 14
6408 18 21
6409 18 20
6410 36 23
6411 18 21
6412 35 23
6413 19 21
6414 18 21
6415 36 23
6416 19 21
6417 37 24
6418 37 23
6419 4 14
6420 5 14
6421 18 21
6422 4 14
6423 19 22
6424 5 14
6425 37 25
6426 4 14
6427 37 24
6428 5 14
6429 19 21
6430 37 25
6431 37 24
6432 18 22
6433 36 23
6434 18 21
6435 19 21
6436 37 23
6437 18 21
6438 18 23
6439 36 23
6440 18 22
6441 37 23
6442 18 23
6443 18 22
6444 37 25
6445 19 21
6446 37 24
6447 36 23
6448 18 21
6449 37 23
6450 4 14
6451 18 20
6452 37 25
6453 18 21
6454 19 22
6455 37 24
6456 36 23
6457 19 21
6458 5 14
6459 18 22
6460 4 14
6461 5 14
6462 18 21
6463 18 20
6464 37 23
6465 36 23
6466 18 21
6467 19 22
6468 19 21
6469 19 22
6470 19 21
6471 37 23
6472 36 23
6473 4 14
6474 18 21
6475 19 21
6476 18 22
6477 37 23
6478 18 21
6479 18 20
6480 36 23
6481 18 21
6482 37 23
6483 19 22
6484 19 21
6485 18 21
6486 35 23
6487 19 21
6488 5 14
6489 37 24
6490 36 23
6491 37 23
6492 18 20
6493 35 23
6494 36 23
6495 18 21
6496 4 14
6497 19 21
6498 18 21
6499 35 23
6500 37 24
6501 37 23
6502 36 23
6503 5 14
6504 19 21
6505 18 21
6506 35 23
6507 36 23
6508 18 20
6509 37 24
6510 18 21
6511 19 20
6512 19 21
6513 37 23
6514 18 20
6515 37 24
6516 4 14
6517 18 21
6518 5 14
6519 19 20
6520 4 14
6521 19 21
6522 37 23
6523 5 14
6524 37 24
6525 18 20
6526 37 23
6527 18 21
6528 37 24
6529 4 14
6530 18 20
6531 37 23
6532 35 23
6533 37 24
6534 18 21
6535 36 23
6536 37 23
6537 18 20
6538 36 23
6539 37 23
6540 37 25
6541 37 24
6542 5 14
6543 4 14
6544 18 21
6545 37 23
6546 37 24
6547 5 14
6548 19 22
6549 37 23
6550 37 24
6551 37 25
6552 37 24
6553 19 21
6554 18 22
6555 37 25
6556 37 24
6557 36 23
6558 18 21
6559 18 20
6560 18 21
6561 19 21
6562 4 14
6563 37 23
6564 18 21
6565 19 22
6566 19 21
6567 36 23
6568 19 22
6569 19 21
6570 18 21
6571 37 23
6572 35 23
6573 5 14
6574 19 21
6575 18 22
6576 18 21
6577 19 21
6578 4 14
6579 36 23
6580 37 24
6581 5 14
6582 18 21
6583 37 23
6584 35 23
6585 37 24
6586 36 23
6587 37 23
6588 19 21
6589 18 21
6590 37 24
6591 18 23
6592 18 22
6593 4 14
6594 37 23
6595 19 21
6596 18 21
6597 18 23
6598 18 22
6599 5 14
6600 35 23
6601 4 14
6602 18 23
6603 36 23
6604 5 14
6605 37 24
6606 37 23
6607 37 24
6608 18 22
6609 37 23
6610 37 24
6611 37 23
6612 19 21
6613 18 21
6614 4 14
6615 19 21
6616 37 25
6617 37 24
6618 37 25
6619 5 14
6620 37 24
6621 37 23
6622 18 21
6623 19 21
6624 18 21
6625 37 24
6626 4 14
6627 19 21
6628 18 21
6629 36 25
6630 5 14
6631 37 23
6632 35 25
6633 18 20
6634 37 24
6635 4 14
6636 5 14
6637 35 24
6638 18 21
6639 19 20
6640 35 23
6641 37 23
6642 19 21
6643 18 21
6644 37 24
6645 19 21
6646 37 23
6647 4 14
6648 18 21
6649 37 24
6650 37 23
6651 19 21
6652 37 24
6653 37 23
6654 18 20
6655 37 24
6656 5 14
6657 18 21
6658 18 20
6659 18 21
6660 19 22
6661 19 21
6662 18 21
6663 19 21
6664 4 14
6665 19 22
6666 19 21
6667 37 23
6668 18 22
6669 18 21
6670 18 23
6671 5 14
6672 18 22
6673 36 23
6674 18 23
6675 4 14
6676 19 21
6677 35 23
6678 18 22
6679 36 23
6680 18 21
6681 5 14
6682 37 24
6683 4 14
6684 5 14
6685 19 21
6686 18 21
6687 37 23
6688 37 24
6689 4 14
6690 5 14
6691 37 23
6692 35 23
6693 36 23
6694 18 23
6695 19 21
6696 4 14
6697 37 24
6698 5 14
6699 4 14
6700 18 21
6701 19 21
6702 37 23
6703 5 14
6704 36 23
6705 37 23
6706 37 25
6707 18 21
6708 18 22
6709 37 24
6710 36 25
6711 37 23
6712 19 21
6713 18 21
6714 18 20
6715 4 14
6716 18 21
6717 19 21
6718 35 25
6719 35 24
6720 18 21
6721 19 22
6722 35 23
6723 36 23
6724 35 23
6725 19 21
6726 37 24
6727 37 23
6728 5 14
6729 37 24
6730 4 14
6731 36 23
6732 19 22
6733 5 14
6734 37 23
6735 19 21
6736 18 22
6737 35 23
6738 4 14
6739 37 24
6740 5 14
6741 36 23
6742 37 23
6743 36 23
6744 37 23
6745 18 21
6746 36 23
6747 37 23
6748 36 23
6749 37 23
6750 18 23
6751 4 14
6752 18 22
6753 18 23
6754 18 22
6755 18 23
6756 19 21
6757 18 21
6758 37 24
6759 19 21
6760 18 21
6761 18 22
6762 37 23
6763 35 23
6764 19 21
6765 18 21
6766 37 24
6767 18 20
6768 18 21
6769 19 21
6770 5 14
6771 37 23
6772 37 24
6773 18 21
6774 37 23
6775 18 20
6776 18 21
6777 36 23
6778 4 14
6779 35 23
6780 18 20
6781 37 24
6782 5 14
6783 18 21
6784 19 20
6785 36 23
6786 19 21
6787 37 23
6788 18 20
6789 18 21
6790 19 21
6791 18 21
6792 36 23
6793 37 23
6794 19 21
6795 4 14
6796 18 21
6797 36 23
6798 5 14
6799 19 22
6800 19 21
6801 19 22
6802 4 14
6803 19 21
6804 5 14
6805 19 22
6806 4 14
6807 37 23
6808 19 21
6809 18 20
6810 18 21
6811 37 24
6812 19 21
6813 18 21
6814 19 21
6815 18 21
6816 37 23
6817 19 21
6818 5 14
6819 18 21
6820 37 25
6821 19 22
6822 37 24
6823 19 21
6824 18 22
6825 18 21
6826 19 21
6827 4 14
6828 36 25
6829 18 21
6830 19 22
6831 19 21
6832 19 22
6833 5 14
6834 19 21
6835 4 14
6836 5 14
6837 35 25
6838 19 22
6839 35 24
6840 4 14
6841 5 14
6842 19 21
6843 19 22
6844 19 21
6845 18 20
6846 18 21
6847 35 23
6848 37 23
6849 36 23
6850 4 14
6851 37 24
6852 19 22
6853 37 23
6854 19 21
6855 18 21
6856 37 25
6857 37 24
6858 19 21
6859 37 25
6860 37 24
6861 19 22
6862 19 21
6863 19 22
6864 19 21
6865 5 14
6866 18 21
6867 37 23
6868 37 24
6869 19 21
6870 19 22
6871 4 14
6872 5 14
6873 19 21
6874 19 22
6875 19 21
6876 37 25
6877 19 22
6878 19 21
6879 37 24
6880 18 20
6881 18 21
6882 37 25
6883 37 24
6884 36 25
6885 19 22
6886 19 21
6887 18 22
6888 35 25
6889 35 24
6890 35 23
6891 4 14
6892 37 23
6893 36 23
6894 5 14
6895 18 21
6896 35 23
6897 4 14
6898 5 14
6899 4 14
6900 37 24
6901 5 14
6902 18 20
6903 18 21
6904 37 23
6905 19 20
6906 4 14
6907 36 23
6908 19 21
6909 35 23
6910 19 22
6911 19 21
6912 5 14
6913 4 14
6914 5 14
6915 19 22
6916 19 21
6917 18 20
6918 4 14
6919 18 21
6920 5 14
6921 36 23
6922 19 20
6923 4 14
6924 35 23
6925 19 21
6926 37 24
6927 19 22
6928 37 23
6929 19 21
6930 37 24
6931 36 23
6932 37 23
6933 5 14
6934 18 21
6935 4 14
6936 5 14
6937 37 25
6938 19 21
6939 4 14
6940 19 22
6941 5 14
6942 19 21
6943 4 14
6944 37 24
6945 5 14
6946 18 22
6947 36 23
6948 37 23
6949 35 23
6950 37 24
6951 18 21
6952 4 14
6953 18 20
6954 36 23
6955 18 21
6956 18 20
6957 18 21
6958 5 14
6959 37 23
6960 4 14
6961 35 23
6962 5 14
6963 19 20
6964 4 14
6965 19 21
6966 5 14
6967 37 24
6968 4 14
6969 18 21
6970 19 21
6971 18 21
6972 36 23
6973 5 14
6974 19 21
6975 19 22
6976 37 23
6977 19 21
6978 36 23
6979 4 14
6980 37 23
6981 35 23
6982 18 22
6983 18 21
6984 5 14
6985 4 14
6986 36 23
6987 19 22
6988 19 21
6989 5 14
6990 35 23
6991 19 22
6992 19 21
6993 36 23
6994 4 14
6995 5 14
6996 35 23
6997 36 23
6998 35 23
6999 36 23
7000 37 24
7001 37 23
7002 37 24
7003 4 14
7004 18 22
7005 18 21
7006 19 22
7007 37 23
7008 19 21
7009 18 21
7010 19 21
7011 37 24
7012 18 22
7013 18 21
7014 37 23
7015 19 22
7016 19 21
7017 5 14
7018 35 23
7019 4 14
7020 18 20
7021 5 14
7022 18 21
7023 19 21
7024 18 21
7025 37 24
7026 4 14
7027 36 23
7028 19 22
7029 37 23
7030 37 24
7031 37 23
7032 19 21
7033 5 14
7034 18 22
7035 37 25
7036 18 21
7037 4 14
7038 18 20
7039 18 21
7040 19 22
7041 37 24
7042 37 25
7043 37 24
7044 19 21
7045 19 22
7046 5 14
7047 36 25
7048 19 21
7049 4 14
7050 19 22
7051 19 21
7052 18 21
7053 37 23
7054 35 25
7055 5 14
7056 35 24
7057 19 21
7058 35 23
7059 18 20
7060 36 23
7061 35 23
7062 18 21
7063 37 24
7064 36 23
7065 19 21
7066 18 21
7067 37 23
7068 4 14
7069 18 20
7070 37 24
7071 5 14
7072 18 21
7073 18 20
7074 18 21
7075 37 23
7076 37 25
7077 18 20
7078 4 14
7079 37 24
7080 36 23
7081 18 21
7082 37 23
7083 19 21
7084 18 21
7085 19 22
7086 19 21
7087 18 21
7088 35 23
7089 19 21
7090 37 24
7091 18 21
7092 36 23
7093 37 23
7094 19 21
7095 37 24
7096 19 22
7097 19 21
7098 18 21
7099 37 23
7100 5 14
7101 36 23
7102 37 23
7103 37 25
7104 4 14
7105 19 21
7106 19 22
7107 5 14
7108 37 24
7109 19 21
7110 18 22
7111 4 14
7112 5 14
7113 37 25
7114 4 14
7115 18 21
7116 37 24
7117 18 20
7118 36 23
7119 18 21
7120 37 23
7121 19 22
7122 19 21
7123 5 14
7124 4 14
7125 5 14
7126 37 24
7127 18 21
7128 19 21
7129 37 23
7130 36 23
7131 19 22
7132 37 23
7133 19 21
7134 37 25
7135 37 24
7136 37 23
7137 4 14
7138 18 21
7139 5 14
7140 37 24
7141 37 25
7142 19 21
7143 37 24
7144 4 14
7145 36 25
7146 18 20
7147 37 23
7148 35 25
7149 35 24
7150 35 23
7151 18 21
7152 19 20
7153 5 14
7154 36 23
7155 4 14
7156 5 14
7157 37 24
7158 4 14
7159 19 21
7160 18 20
7161 5 14
7162 4 14
7163 5 14
7164 37 23
7165 37 25
7166 4 14
7167 18 21
7168 37 24
7169 5 14
7170 19 22
7171 37 23
7172 37 24
7173 36 25
7174 19 21
7175 18 22
7176 37 23
7177 4 14
7178 35 25
7179 18 21
7180 19 22
7181 35 24
7182 19 21
7183 18 20
7184 18 21
7185 19 22
7186 37 24
7187 35 23
7188 19 21
7189 18 22
7190 18 21
7191 37 23
7192 37 24
7193 36 23
7194 19 22
7195 19 21
7196 37 23
7197 18 21
7198 5 14
7199 35 23
7200 4 14
7201 37 24
7202 36 23
7203 37 23
7204 19 21
7205 35 23
7206 18 20
7207 18 21
7208 18 20
7209 5 14
7210 37 24
7211 36 23
7212 18 21
7213 19 21
7214 4 14
7215 37 23
7216 37 24
7217 37 23
7218 18 21
7219 5 14
7220 37 25
7221 37 24
7222 36 25
7223 18 20
7224 4 14
7225 37 23
7226 35 25
7227 18 21
7228 19 20
7229 19 21
7230 5 14
7231 37 24
7232 37 23
7233 35 24
7234 37 24
7235 19 22
7236 37 23
7237 4 14
7238 19 21
7239 37 24
7240 18 20
7241 35 23
7242 37 23
7243 36 23
7244 37 24
7245 37 23
7246 37 24
7247 18 21
7248 37 23
7249 18 20
7250 18 21
7251 19 20
7252 5 14
7253 37 24
7254 37 23
7255 19 21
7256 18 20
7257 4 14
7258 5 14
7259 18 21
7260 19 21
7261 4 14
7262 18 21
7263 19 20
7264 5 14
7265 19 21
7266 18 20
7267 4 14
7268 36 23
7269 18 21
7270 37 23
7271 37 24
7272 19 22
7273 19 21
7274 5 14
7275 18 22
7276 18 21
7277 19 21
7278 18 21
7279 18 20
7280 37 23
7281 18 21
7282 37 25
7283 37 24
7284 4 14
7285 18 20
7286 18 21
7287 18 20
7288 5 14
7289 18 21
7290 19 20
7291 19 21
7292 18 20
7293 36 25
7294 18 21
7295 35 25
7296 35 24
7297 37 23
7298 37 24
7299 35 23
7300 19 20
7301 37 23
7302 19 21
7303 36 23
7304 35 23
7305 4 14
7306 36 23
7307 5 14
7308 19 22
7309 4 14
7310 35 23
7311 36 23
7312 35 23
7313 36 23
7314 19 21
7315 18 22
7316 37 24
7317 37 23
7318 18 21
7319 19 22
7320 37 24
7321 37 23
7322 35 23
7323 19 21
7324 19 22
7325 37 24
7326 19 21
7327 37 23
7328 5 14
7329 37 24
7330 19 22
7331 19 21
7332 4 14
7333 18 20
7334 5 14
7335 4 14
7336 37 23
7337 36 23
7338 18 21
7339 5 14
7340 19 22
7341 35 23
7342 19 21
7343 19 22
7344 19 21
7345 18 21
7346 36 23
7347 35 23
7348 37 24
7349 19 21
7350 18 21
7351 37 23
7352 36 23
7353 35 23
7354 19 21
7355 4 14
7356 5 14
7357 36 23
7358 18 22
7359 37 24
7360 18 21
7361 19 21
7362 18 21
7363 37 23
7364 18 20
7365 37 24
7366 4 14
7367 5 14
7368 18 21
7369 18 20
7370 37 23
7371 37 25
7372 37 24
7373 4 14
7374 18 21
7375 18 20
7376 18 21
7377 36 25
7378 37 23
7379 37 24
7380 18 20
7381 18 21
7382 35 25
7383 19 21
7384 18 21
7385 5 14
7386 35 24
7387 19 21
7388 18 21
7389 37 23
7390 19 22
7391 37 24
7392 37 23
7393 19 21
7394 37 24
7395 18 21
7396 4 14
7397 19 21
7398 19 22
7399 5 14
7400 37 23
7401 35 23
7402 36 23
7403 19 21
7404 35 23
7405 37 24
7406 4 14
7407 36 23
7408 5 14
7409 37 23
7410 4 14
7411 37 25
7412 19 22
7413 5 14
7414 19 21
7415 37 24
7416 36 25
7417 35 25
7418 18 22
7419 18 21
7420 37 23
7421 37 24
7422 37 23
7423 35 24
7424 37 24
7425 18 23
7426 37 23
7427 19 21
7428 37 24
7429 35 23
7430 4 14
7431 18 21
7432 19 21
7433 18 22
7434 18 21
7435 19 21
7436 18 21
7437 18 20
7438 18 21
7439 19 20
7440 19 21
7441 37 23
7442 36 23
7443 18 20
7444 18 21
7445 35 23
7446 37 24
7447 18 20
7448 5 14
7449 37 23
7450 18 21
7451 18 20
7452 4 14
7453 18 21
7454 19 20
7455 37 24
7456 36 23
7457 37 23
7458 19 21
7459 5 14
7460 36 23
7461 18 21
7462 37 23
7463 19 21
7464 18 21
7465 37 25
7466 37 24
7467 36 25
7468 19 21
7469 35 25
7470 37 23
7471 35 24
7472 4 14
7473 37 24
7474 5 14
7475 37 23
7476 18 21
7477 19 21
7478 4 14
7479 18 20
7480 18 21
7481 19 22
7482 19 21
7483 18 20
7484 5 14
7485 4 14
7486 18 21
7487 19 20
7488 5 14
7489 19 21
7490 19 22
7491 19 21
7492 18 22
7493 4 14
7494 18 21
7495 18 20
7496 18 21
7497 19 22
7498 37 24
7499 19 21
# colocadas=7500 ocupadas=5 mayor=7871
