0 15 45
1 14 5
2 24 6
3 35 46
4 11 26
5 4 25
6 13 11
7 47 23
8 20 4
9 16 17
10 25 5
11 17 38
12 42 19
13 24 10
14 22 19
15 20 47
16 28 49
17 17 39
18 17 38
19 47 17
20 36 41
21 36 40
22 36 41
23 46 9
24 16 28
25 45 1
26 3 21
27 25 43
28 13 31
29 32 11
30 18 22
31 13 41
32 10 47
33 16 35
34 41 19
35 42 19
36 48 23
37 47 23
38 18 38
39 17 38
40 14 27
41 17 12
42 33 16
43 20 46
44 11 47
45 17 13
46 47 22
47 4 21
48 47 23
49 20 47
50 15 44
51 24 5
52 15 45
53 25 5
54 47 18
55 18 23
56 15 43
57 14 31
58 15 44
59 3 21
60 18 22
61 14 4
62 14 5
63 47 17
64 21 4
65 20 4
66 13 31
67 10 47
68 17 12
69 18 23
70 18 22
71 16 9
72 48 8
73 46 22
74 17 14
75 22 35
76 6 47
77 31 45
78 11 41
79 11 15
80 28 24
81 22 36
82 9 47
83 45 22
84 19 38
85 47 22
86 7 47
87 32 10
88 47 23
89 46 18
90 35 45
91 20 5
92 24 7
93 24 6
94 36 39
95 19 23
96 15 31
97 35 46
98 15 4
99 31 44
100 36 45
101 13 40
102 26 5
103 20 4
104 17 13
105 26 43
106 35 39
107 29 49
108 25 5
109 36 40
110 28 23
111 16 39
112 28 49
113 23 6
114 24 6
115 36 41
116 25 43
117 32 11
118 13 41
119 45 9
120 5 25
121 25 4
122 4 21
123 10 47
124 17 39
125 4 25
126 17 15
127 14 45
128 25 5
129 17 14
130 15 45
131 23 36
132 17 38
133 41 20
134 45 2
135 46 9
136 16 40
137 17 15
138 45 1
139 19 47
140 20 47
141 3 21
142 47 18
143 3 22
144 35 45
145 3 21
146 16 39
147 17 12
148 35 41
149 17 40
150 15 46
151 48 22
152 4 26
153 23 7
154 22 4
155 4 25
156 3 25
157 46 22
158 3 23
159 27 43
160 15 45
161 22 36
162 48 23
163 4 25
164 34 46
165 35 46
166 47 23
167 14 4
168 13 45
169 19 5
170 17 14
171 33 15
172 16 18
173 22 20
174 14 5
175 16 17
176 25 4
177 9 47
178 14 31
179 36 45
180 27 44
181 33 16
182 25 5
183 17 28
184 40 20
185 49 22
186 14 45
187 13 30
188 2 23
189 15 45
190 12 40
191 35 45
192 33 15
193 5 21
194 22 19
195 16 28
196 23 6
197 25 6
198 24 6
199 25 5
200 23 20
201 32 9
202 25 3
203 26 6
204 26 43
205 36 41
206 17 13
207 14 26
208 13 40
209 45 22
210 25 43
211 3 26
212 36 39
213 39 20
214 17 28
215 16 8
216 46 22
217 28 48
218 27 5
219 28 49
220 23 8
221 10 47
222 17 39
223 16 40
224 36 46
225 35 46
226 16 45
227 16 28
228 40 20
229 21 4
230 48 7
231 39 20
232 6 21
233 23 7
234 41 19
235 15 45
236 15 28
237 2 26
238 13 31
239 34 47
240 26 5
241 22 20
242 32 10
243 9 46
244 35 39
245 3 23
246 20 4
247 42 19
248 17 14
249 22 19
250 19 46
251 8 46
252 15 43
253 15 5
254 5 21
255 25 5
256 34 48
257 23 9
258 25 7
259 16 19
260 40 20
261 14 31
262 24 7
263 24 6
264 27 43
265 29 48
266 19 48
267 36 39
268 46 18
269 23 19
270 22 35
271 26 7
272 12 40
273 5 25
274 14 5
275 26 5
276 23 8
277 21 4
278 2 23
279 36 47
280 16 34
281 2 27
282 36 40
283 23 10
284 16 39
285 16 9
286 16 35
287 26 42
288 26 43
289 20 38
290 14 46
291 16 18
292 11 42
293 6 21
294 4 25
295 24 3
296 15 44
297 35 45
298 45 10
299 35 46
300 47 21
301 18 23
302 25 42
303 46 21
304 17 11
305 47 22
306 14 3
307 17 19
308 19 6
309 8 45
310 47 21
311 22 19
312 3 23
313 45 22
314 16 17
315 44 2
316 23 7
317 26 6
318 26 7
319 17 12
320 22 36
321 28 24
322 45 2
323 4 21
324 37 47
325 2 23
326 23 8
327 35 45
328 27 48
329 46 1
330 17 39
331 31 11
332 46 21
333 15 45
334 29 49
335 2 28
336 20 46
337 47 18
338 16 18
339 14 45
340 16 17
341 8 44
342 13 46
343 29 48
344 22 4
345 45 9
346 16 18
347 19 23
348 39 20
349 15 45
350 42 20
351 46 22
352 13 31
353 11 47
354 36 39
355 21 4
356 36 47
357 3 25
358 46 21
359 47 23
360 19 5
361 24 5
362 23 3
363 23 4
364 25 6
365 23 21
366 13 40
367 45 11
368 48 22
369 24 6
370 16 39
371 25 5
372 35 41
373 3 23
374 17 10
375 42 19
376 14 4
377 48 23
378 16 17
379 14 30
380 47 22
381 18 23
382 28 23
383 25 7
384 36 41
385 13 45
386 42 20
387 16 44
388 19 38
389 8 45
390 17 39
391 26 48
392 23 9
393 23 6
394 24 7
395 14 41
396 45 10
397 6 47
398 25 43
399 45 1
400 14 5
401 14 11
402 24 6
403 23 36
404 16 8
405 11 41
406 17 40
407 4 25
408 16 19
409 26 5
410 19 47
411 17 15
412 27 7
413 10 26
414 47 1
415 13 46
416 15 44
417 35 46
418 26 42
419 3 26
420 15 42
421 23 8
422 48 22
423 16 18
424 45 11
425 14 31
426 48 8
427 35 42
428 27 44
429 49 22
430 23 7
431 13 41
432 16 28
433 29 49
434 42 19
435 23 19
436 31 45
437 45 2
438 23 20
439 29 48
440 20 47
441 7 47
442 46 18
443 13 11
444 22 9
445 2 23
446 24 10
447 34 42
448 46 1
449 23 9
450 11 14
451 29 49
452 14 45
453 33 16
454 26 7
455 35 39
456 23 3
457 36 39
458 8 44
459 5 25
460 33 15
461 13 30
462 13 40
463 16 40
464 47 18
465 32 11
466 15 45
467 28 48
468 13 45
469 18 10
470 18 28
471 18 9
472 17 17
473 28 49
474 14 11
475 18 22
476 35 39
477 11 42
478 20 46
479 17 28
480 12 46
481 11 26
482 28 24
483 5 21
484 2 27
485 36 39
486 16 39
487 46 22
488 23 8
489 16 9
490 13 31
491 23 7
492 24 7
493 10 47
494 31 12
495 29 48
496 27 43
497 13 41
498 29 49
499 4 25
500 47 17
501 41 19
502 26 6
503 6 21
504 13 46
505 18 23
506 22 36
507 28 23
508 24 6
509 14 4
510 12 40
511 12 45
512 8 45
513 26 7
514 19 6
515 31 11
516 21 9
517 13 45
518 8 44
519 13 11
520 27 44
521 14 46
522 16 8
523 13 40
524 33 16
525 20 4
526 42 19
527 16 17
528 40 20
529 31 12
530 25 5
531 16 34
532 3 23
533 31 11
534 16 40
535 2 28
536 12 47
537 19 23
538 14 31
539 5 21
540 31 44
541 24 7
542 20 47
543 27 43
544 48 7
545 45 10
546 11 47
547 13 5
548 14 5
549 13 46
550 31 45
551 21 8
552 13 31
553 23 35
554 20 46
555 27 8
556 22 19
557 17 38
558 15 28
559 17 39
560 23 5
561 34 46
562 26 49
563 26 48
564 26 6
565 15 44
566 23 4
567 26 43
568 20 38
569 25 42
570 37 47
571 15 4
572 12 46
573 26 7
574 16 18
575 10 26
576 16 9
577 35 46
578 47 18
579 25 43
580 26 6
581 32 10
582 2 27
583 45 1
584 27 7
585 34 46
586 41 19
587 39 20
588 14 4
589 35 42
590 28 48
591 21 4
592 28 49
593 32 11
594 15 45
595 28 48
596 24 5
597 35 39
598 46 9
599 14 27
600 13 30
601 32 10
602 28 49
603 26 42
604 44 22
605 26 43
606 15 44
607 45 9
608 21 9
609 13 31
610 25 5
611 17 41
612 25 42
613 15 5
614 18 23
615 11 41
616 3 21
617 40 20
618 47 23
619 18 8
620 24 5
621 2 28
622 35 48
623 33 15
624 48 8
625 22 35
626 15 45
627 45 11
628 36 40
629 39 20
630 46 17
631 21 8
632 20 5
633 31 44
634 23 7
635 48 22
636 19 49
637 46 1
638 19 38
639 25 5
640 20 4
641 10 47
642 16 8
643 32 11
644 17 14
645 16 28
646 27 5
647 45 22
648 49 23
649 16 17
650 47 17
651 45 10
652 2 27
653 35 46
654 42 19
655 13 30
656 46 9
657 48 23
658 13 31
659 34 46
660 19 5
661 23 19
662 22 19
663 36 41
664 15 44
665 32 9
666 22 20
667 15 29
668 16 9
669 23 21
670 25 7
671 19 6
672 47 23
673 14 26
674 24 7
675 18 41
676 48 23
677 11 15
678 20 47
679 2 26
680 23 10
681 19 5
682 29 48
683 29 49
684 28 49
685 21 9
686 24 5
687 13 46
688 28 24
689 13 41
690 14 5
691 16 35
692 29 49
693 32 10
694 46 18
695 26 7
696 25 43
697 2 23
698 28 23
699 17 28
700 40 20
701 15 6
702 45 9
703 18 22
704 14 11
705 20 49
706 23 5
707 36 47
708 24 5
709 41 20
710 8 45
711 17 15
712 14 29
713 17 13
714 3 23
715 31 9
716 4 26
717 23 20
718 19 47
719 17 17
720 41 19
721 35 46
722 4 25
723 49 24
724 11 47
725 11 42
726 23 7
727 27 44
728 21 4
729 14 30
730 34 42
731 19 6
732 19 49
733 17 12
734 34 48
735 21 8
736 26 5
737 11 14
738 28 48
739 45 1
740 47 18
741 20 47
742 2 23
743 16 28
744 22 19
745 26 43
746 46 1
747 19 46
748 10 47
749 22 36
750 11 26
751 27 43
752 18 9
753 36 39
754 16 42
755 20 49
756 20 38
757 25 43
758 39 20
759 36 40
760 13 45
761 20 4
762 15 5
763 6 47
764 35 45
765 49 23
766 26 42
767 32 9
768 36 41
769 24 7
770 46 17
771 24 6
772 35 48
773 17 28
774 45 11
775 23 9
776 13 40
777 6 21
778 12 48
779 11 41
780 26 49
781 28 24
782 34 48
783 13 41
784 14 27
785 16 39
786 16 40
787 35 46
788 13 40
789 16 8
790 28 23
791 26 48
792 17 38
793 28 49
794 27 44
795 16 17
796 20 46
797 28 24
798 5 25
799 13 46
800 26 49
801 12 49
802 31 45
803 27 7
804 4 25
805 18 8
806 48 7
807 24 7
808 18 9
809 23 8
810 41 20
811 28 23
812 44 21
813 15 45
814 17 13
815 46 9
816 23 19
817 31 9
818 5 26
819 16 46
820 26 7
821 16 28
822 11 15
823 11 47
824 10 26
825 48 8
826 12 47
827 18 8
828 23 10
829 18 9
830 31 44
831 14 2
832 14 5
833 2 28
834 19 5
835 19 49
836 21 4
837 32 9
838 13 11
839 28 24
840 46 22
841 14 11
842 18 23
843 11 42
844 45 9
845 46 9
846 15 44
847 15 42
848 10 47
849 15 45
850 35 48
851 16 39
852 17 12
853 45 10
854 41 19
855 17 39
856 37 47
857 2 27
858 14 4
859 8 44
860 24 6
861 14 26
862 14 27
863 1 27
864 36 47
865 45 9
866 31 9
867 40 20
868 18 8
869 22 19
870 29 48
871 29 49
872 17 28
873 27 8
874 14 5
875 12 39
876 15 7
877 12 48
878 19 38
879 45 1
880 0 27
881 16 19
882 44 22
883 32 9
884 14 31
885 21 9
886 32 11
887 49 24
888 22 35
889 22 36
890 27 7
891 26 7
892 4 21
893 48 7
894 15 6
895 28 49
896 23 7
897 3 21
898 12 38
899 48 22
900 17 13
901 5 25
902 29 49
903 33 16
904 16 42
905 19 22
906 23 9
907 27 43
908 16 9
909 33 15
910 22 35
911 28 23
912 48 8
913 46 9
914 14 26
915 15 42
916 35 42
917 23 21
918 23 36
919 18 22
920 18 38
921 31 45
922 34 42
923 23 3
924 39 20
925 28 7
926 19 47
927 34 47
928 13 31
929 4 21
930 36 40
931 23 20
932 17 41
933 42 19
934 20 38
935 14 1
936 48 23
937 33 16
938 13 45
939 12 47
940 20 49
941 16 42
942 14 27
943 3 23
944 33 15
945 12 48
946 14 2
947 27 44
948 8 45
949 28 24
950 35 45
951 15 29
952 40 20
953 22 20
954 45 9
955 15 5
956 17 38
957 45 11
958 41 19
959 45 10
960 35 46
961 13 41
962 11 26
963 35 42
964 11 14
965 16 34
966 45 22
967 15 6
968 29 48
969 36 41
970 35 45
971 44 21
972 22 36
973 7 47
974 41 20
975 8 44
976 39 20
977 17 12
978 2 23
979 8 45
980 28 23
981 3 23
982 14 26
983 15 4
984 26 6
985 31 44
986 2 27
987 22 35
988 23 10
989 41 19
990 14 4
991 10 26
992 26 43
993 29 49
994 14 31
995 6 26
996 28 6
997 16 47
998 2 23
999 26 48
1000 11 47
1001 11 26
1002 3 23
1003 46 9
1004 36 40
1005 45 9
1006 13 40
1007 36 41
1008 12 39
1009 25 5
1010 17 13
1011 13 41
1012 28 24
1013 18 38
1014 24 11
1015 47 17
1016 0 26
1017 19 22
1018 17 38
1019 34 48
1020 22 36
1021 24 7
1022 23 9
1023 26 7
1024 33 16
1025 31 45
1026 32 10
1027 28 48
1028 23 8
1029 15 44
1030 24 10
1031 6 47
1032 35 46
1033 24 5
1034 20 47
1035 13 46
1036 23 4
1037 27 7
1038 48 7
1039 46 1
1040 16 28
1041 28 23
1042 35 45
1043 23 36
1044 10 47
1045 19 49
1046 3 21
1047 23 20
1048 17 28
1049 21 8
1050 46 22
1051 20 5
1052 16 18
1053 32 11
1054 26 6
1055 23 19
1056 8 44
1057 48 8
1058 46 17
1059 5 21
1060 11 49
1061 27 43
1062 23 7
1063 40 20
1064 4 25
1065 45 22
1066 34 42
1067 28 49
1068 16 46
1069 5 25
1070 23 9
1071 26 42
1072 24 7
1073 46 9
1074 0 27
1075 14 1
1076 18 9
1077 26 7
1078 36 40
1079 45 9
1080 20 4
1081 12 49
1082 4 25
1083 13 40
1084 13 30
1085 36 41
1086 26 49
1087 21 9
1088 46 22
1089 15 5
1090 13 45
1091 25 6
1092 23 3
1093 0 26
1094 20 49
1095 40 21
1096 2 28
1097 35 48
1098 19 46
1099 6 21
1100 35 42
1101 24 6
1102 16 35
1103 36 40
1104 26 5
1105 12 38
1106 45 1
1107 16 39
1108 17 17
1109 22 19
1110 18 22
1111 47 1
1112 16 28
1113 33 15
1114 48 7
1115 11 49
1116 28 7
1117 13 11
1118 28 6
1119 47 17
1120 22 20
1121 5 25
1122 20 5
1123 47 22
1124 12 49
1125 19 23
1126 14 29
1127 17 28
1128 11 15
1129 40 20
1130 47 23
1131 47 22
1132 18 23
1133 2 23
1134 29 49
1135 12 48
1136 45 2
1137 21 8
1138 45 10
1139 23 21
1140 19 49
1141 23 8
1142 28 24
1143 13 46
1144 34 48
1145 16 17
1146 37 47
1147 24 11
1148 14 27
1149 17 39
1150 18 38
1151 36 41
1152 34 46
1153 28 23
1154 36 40
1155 34 42
1156 15 7
1157 46 18
1158 45 22
1159 11 47
1160 20 4
1161 19 24
1162 13 31
1163 18 22
1164 22 36
1165 14 30
1166 24 7
1167 13 45
1168 10 47
1169 35 46
1170 8 45
1171 36 41
1172 14 5
1173 17 38
1174 12 49
1175 25 5
1176 4 21
1177 17 12
1178 31 44
1179 28 24
1180 39 20
1181 10 26
1182 24 10
1183 20 5
1184 2 27
1185 24 6
1186 2 28
1187 14 26
1188 19 5
1189 4 25
1190 17 14
1191 23 4
1192 32 10
1193 24 5
1194 17 15
1195 15 45
1196 16 34
1197 31 9
1198 11 14
1199 18 41
1200 14 2
1201 40 20
1202 45 9
1203 45 1
1204 14 31
1205 17 13
1206 11 15
1207 15 29
1208 27 7
1209 16 28
1210 26 7
1211 24 6
1212 36 40
1213 46 22
1214 48 8
1215 15 44
1216 35 48
1217 35 39
1218 22 35
1219 28 49
1220 18 8
1221 5 21
1222 17 28
1223 36 39
1224 47 23
1225 33 16
1226 45 2
1227 26 6
1228 7 47
1229 28 7
1230 45 11
1231 25 7
1232 15 4
1233 35 39
1234 19 38
1235 36 45
1236 14 29
1237 17 14
1238 48 7
1239 34 48
1240 47 18
1241 28 6
1242 19 39
1243 6 47
1244 25 11
1245 42 19
1246 13 30
1247 47 17
1248 26 43
1249 22 36
1250 13 41
1251 49 23
1252 25 42
1253 23 9
1254 41 19
1255 33 15
1256 45 1
1257 15 45
1258 38 20
1259 48 8
1260 25 43
1261 20 4
1262 13 46
1263 35 45
1264 12 48
1265 13 45
1266 8 44
1267 24 11
1268 11 47
1269 16 8
1270 46 1
1271 26 42
1272 16 9
1273 13 40
1274 29 48
1275 3 21
1276 13 41
1277 23 36
1278 27 44
1279 23 5
1280 24 5
1281 26 7
1282 13 31
1283 20 46
1284 17 15
1285 26 6
1286 10 47
1287 45 10
1288 48 7
1289 14 4
1290 34 46
1291 6 21
1292 15 29
1293 26 5
1294 12 49
1295 48 8
1296 29 49
1297 5 25
1298 35 46
1299 11 26
1300 26 43
1301 25 5
1302 48 23
1303 26 5
1304 45 2
1305 42 19
1306 19 38
1307 21 9
1308 48 7
1309 22 19
1310 24 7
1311 25 42
1312 23 20
1313 28 48
1314 14 30
1315 32 9
1316 22 36
1317 15 6
1318 23 10
1319 3 23
1320 27 43
1321 20 38
1322 17 12
1323 41 19
1324 15 42
1325 28 23
1326 19 46
1327 5 26
1328 25 43
1329 22 20
1330 22 4
1331 24 6
1332 47 21
1333 45 1
1334 16 28
1335 18 9
1336 14 29
1337 17 28
1338 20 49
1339 11 41
1340 23 35
1341 23 3
1342 14 11
1343 32 11
1344 26 7
1345 19 49
1346 14 31
1347 14 5
1348 28 7
1349 26 42
1350 11 14
1351 31 45
1352 26 48
1353 33 16
1354 45 11
1355 2 27
1356 12 39
1357 26 43
1358 25 42
1359 22 35
1360 47 18
1361 2 23
1362 23 8
1363 5 21
1364 48 22
1365 48 8
1366 19 40
1367 45 10
1368 0 27
1369 36 39
1370 20 46
1371 44 22
1372 8 45
1373 46 21
1374 12 47
1375 21 4
1376 15 5
1377 28 49
1378 39 20
1379 16 19
1380 15 6
1381 46 9
1382 40 21
1383 15 31
1384 23 21
1385 20 49
1386 23 36
1387 19 49
1388 48 23
1389 24 10
1390 22 19
1391 22 4
1392 45 9
1393 32 10
1394 28 6
1395 16 47
1396 35 42
1397 27 8
1398 16 18
1399 4 21
1400 23 7
1401 48 22
1402 25 43
1403 15 29
1404 0 26
1405 40 20
1406 42 19
1407 26 49
1408 10 26
1409 11 15
1410 13 40
1411 48 23
1412 35 39
1413 16 35
1414 16 34
1415 14 4
1416 12 48
1417 19 39
1418 29 48
1419 16 42
1420 33 15
1421 29 49
1422 13 11
1423 14 11
1424 36 41
1425 25 5
1426 12 38
1427 3 23
1428 46 1
1429 28 24
1430 19 40
1431 15 5
1432 23 4
1433 45 22
1434 32 9
1435 47 22
1436 23 9
1437 16 8
1438 17 17
1439 18 23
1440 48 7
1441 17 39
1442 11 42
1443 19 47
1444 28 48
1445 41 19
1446 16 4
1447 11 14
1448 34 42
1449 16 17
1450 46 23
1451 14 1
1452 24 7
1453 21 4
1454 8 44
1455 23 10
1456 16 28
1457 16 35
1458 23 20
1459 2 23
1460 27 44
1461 33 16
1462 16 18
1463 28 49
1464 12 39
1465 15 44
1466 32 10
1467 32 9
1468 35 48
1469 14 31
1470 23 8
1471 17 28
1472 32 10
1473 48 8
1474 12 49
1475 26 48
1476 26 6
1477 13 46
1478 20 49
1479 12 48
1480 24 5
1481 7 47
1482 22 3
1483 3 21
1484 6 26
1485 47 17
1486 45 1
1487 11 15
1488 20 4
1489 16 28
1490 19 39
1491 20 47
1492 24 10
1493 28 7
1494 22 20
1495 17 41
1496 21 8
1497 19 40
1498 46 22
1499 47 23
1500 23 9
1501 14 29
1502 16 9
1503 26 5
1504 12 38
1505 15 45
1506 25 5
1507 23 10
1508 6 21
1509 16 17
1510 14 5
1511 32 11
1512 21 4
1513 23 21
1514 27 5
1515 36 39
1516 16 18
1517 11 49
1518 16 31
1519 16 8
1520 19 47
1521 36 47
1522 20 47
1523 22 19
1524 16 34
1525 36 40
1526 34 46
1527 16 9
1528 26 43
1529 12 49
1530 14 27
1531 22 36
1532 38 20
1533 26 5
1534 23 8
1535 11 26
1536 47 24
1537 4 25
1538 46 8
1539 10 49
1540 24 5
1541 6 47
1542 23 7
1543 8 45
1544 19 23
1545 46 21
1546 22 2
1547 17 13
1548 16 3
1549 13 41
1550 18 22
1551 15 6
1552 27 43
1553 13 31
1554 16 46
1555 14 31
1556 24 10
1557 12 48
1558 20 4
1559 17 3
1560 5 25
1561 42 19
1562 16 35
1563 18 41
1564 29 48
1565 17 41
1566 23 9
1567 2 28
1568 36 41
1569 3 23
1570 47 1
1571 26 49
1572 23 10
1573 46 1
1574 16 47
1575 26 7
1576 19 39
1577 35 42
1578 25 43
1579 34 48
1580 27 44
1581 14 26
1582 19 40
1583 27 7
1584 21 9
1585 15 29
1586 14 4
1587 20 46
1588 5 26
1589 33 15
1590 14 27
1591 8 44
1592 20 47
1593 26 6
1594 21 8
1595 19 38
1596 13 11
1597 36 40
1598 21 9
1599 47 23
1600 24 7
1601 14 29
1602 46 22
1603 17 14
1604 23 36
1605 19 39
1606 19 49
1607 47 21
1608 23 20
1609 4 25
1610 2 27
1611 33 16
1612 29 49
1613 19 6
1614 47 1
1615 47 18
1616 11 41
1617 16 3
1618 23 18
1619 26 43
1620 10 26
1621 11 47
1622 47 22
1623 22 36
1624 34 42
1625 23 36
1626 20 38
1627 11 42
1628 8 45
1629 4 21
1630 19 38
1631 22 20
1632 26 7
1633 23 3
1634 22 19
1635 35 46
1636 24 9
1637 47 23
1638 39 20
1639 41 19
1640 22 20
1641 16 8
1642 19 47
1643 25 43
1644 35 42
1645 22 36
1646 16 32
1647 42 19
1648 36 45
1649 14 5
1650 36 41
1651 31 44
1652 32 10
1653 18 23
1654 17 3
1655 16 34
1656 12 49
1657 25 6
1658 14 2
1659 21 4
1660 19 40
1661 20 49
1662 48 7
1663 23 4
1664 24 6
1665 17 38
1666 48 8
1667 19 24
1668 35 45
1669 16 17
1670 23 19
1671 2 28
1672 34 42
1673 36 46
1674 25 5
1675 10 47
1676 22 19
1677 2 23
1678 17 15
1679 13 40
1680 35 48
1681 26 48
1682 6 26
1683 24 10
1684 18 8
1685 15 5
1686 16 9
1687 46 1
1688 15 6
1689 18 9
1690 31 45
1691 23 9
1692 46 18
1693 48 7
1694 27 43
1695 11 47
1696 41 19
1697 13 45
1698 28 6
1699 15 44
1700 35 46
1701 32 9
1702 47 18
1703 34 48
1704 7 47
1705 48 22
1706 32 10
1707 16 46
1708 15 5
1709 44 22
1710 11 41
1711 3 23
1712 25 4
1713 47 1
1714 16 8
1715 48 23
1716 48 8
1717 13 31
1718 17 39
1719 23 3
1720 45 22
1721 20 47
1722 26 42
1723 47 23
1724 14 4
1725 16 47
1726 12 39
1727 27 6
1728 14 11
1729 18 22
1730 26 43
1731 31 44
1732 19 49
1733 19 23
1734 5 25
1735 3 21
1736 26 6
1737 40 21
1738 25 42
1739 12 48
1740 10 47
1741 31 9
1742 32 9
1743 35 42
1744 44 22
1745 14 26
1746 29 48
1747 31 45
1748 29 49
1749 4 21
1750 33 15
1751 45 22
1752 27 44
1753 3 21
1754 21 8
1755 19 5
1756 20 49
1757 33 16
1758 17 17
1759 20 4
1760 25 5
1761 5 21
1762 14 5
1763 16 31
1764 9 49
1765 34 46
1766 20 38
1767 15 29
1768 35 46
1769 16 35
1770 11 14
1771 17 28
1772 6 21
1773 14 29
1774 18 41
1775 11 15
1776 15 45
1777 34 47
1778 19 49
1779 11 47
1780 19 6
1781 5 21
1782 22 35
1783 4 25
1784 48 23
1785 19 5
1786 48 22
1787 16 28
1788 25 43
1789 31 44
1790 10 47
1791 19 46
1792 19 39
1793 14 31
1794 22 36
1795 17 14
1796 46 9
1797 21 9
1798 4 21
1799 35 48
1800 15 42
1801 18 8
1802 23 35
1803 19 6
1804 20 49
1805 16 46
1806 13 41
1807 15 44
1808 44 21
1809 35 39
1810 36 39
1811 20 46
1812 19 40
1813 35 39
1814 17 12
1815 34 42
1816 18 46
1817 14 1
1818 16 17
1819 28 49
1820 45 9
1821 13 40
1822 23 19
1823 5 25
1824 6 21
1825 16 19
1826 26 43
1827 35 45
1828 46 17
1829 37 47
1830 13 11
1831 17 38
1832 22 35
1833 17 39
1834 27 7
1835 3 21
1836 4 21
1837 25 43
1838 48 7
1839 22 18
1840 26 7
1841 22 1
1842 36 40
1843 21 4
1844 25 42
1845 25 3
1846 14 11
1847 24 3
1848 28 23
1849 29 49
1850 13 11
1851 23 35
1852 18 23
1853 15 6
1854 28 7
1855 11 42
1856 48 23
1857 47 23
1858 15 29
1859 14 4
1860 14 27
1861 2 23
1862 24 2
1863 35 42
1864 46 9
1865 11 41
1866 34 42
1867 16 18
1868 24 5
1869 21 8
1870 23 10
1871 11 42
1872 25 5
1873 45 2
1874 27 8
1875 46 7
1876 8 49
1877 25 43
1878 15 45
1879 42 19
1880 23 8
1881 24 7
1882 19 46
1883 22 19
1884 13 46
1885 24 10
1886 20 4
1887 28 24
1888 14 26
1889 26 6
1890 18 46
1891 40 20
1892 16 3
1893 33 15
1894 39 20
1895 9 49
1896 19 5
1897 23 10
1898 17 15
1899 47 17
1900 22 2
1901 24 10
1902 23 4
1903 24 3
1904 11 47
1905 23 9
1906 11 14
1907 12 38
1908 28 49
1909 23 19
1910 23 8
1911 28 23
1912 3 23
1913 11 15
1914 23 3
1915 21 4
1916 46 1
1917 47 7
1918 10 47
1919 48 23
1920 11 47
1921 17 14
1922 14 29
1923 19 39
1924 40 20
1925 3 21
1926 16 34
1927 33 16
1928 2 27
1929 16 42
1930 4 25
1931 31 9
1932 31 45
1933 6 47
1934 15 42
1935 22 19
1936 13 45
1937 17 28
1938 35 46
1939 21 9
1940 20 47
1941 17 15
1942 14 11
1943 11 41
1944 24 11
1945 13 31
1946 29 49
1947 32 11
1948 35 45
1949 48 8
1950 11 26
1951 28 49
1952 46 17
1953 5 25
1954 46 21
1955 32 9
1956 23 18
1957 36 39
1958 16 47
1959 38 20
1960 2 23
1961 39 20
1962 14 5
1963 18 22
1964 11 42
1965 36 47
1966 35 42
1967 47 22
1968 47 23
1969 34 42
1970 11 41
1971 24 6
1972 13 46
1973 38 20
1974 35 46
1975 23 20
1976 13 11
1977 14 31
1978 3 23
1979 27 43
1980 13 45
1981 8 49
1982 27 45
1983 19 40
1984 36 41
1985 27 7
1986 20 4
1987 8 44
1988 17 19
1989 22 1
1990 24 10
1991 16 35
1992 47 17
1993 46 22
1994 19 46
1995 46 17
1996 33 15
1997 20 46
1998 31 44
1999 2 23
2000 16 42
2001 17 41
2002 16 34
2003 34 48
2004 15 29
2005 18 41
2006 22 35
2007 27 44
2008 18 9
2009 23 9
2010 33 16
2011 41 19
2012 19 38
2013 35 42
2014 7 47
2015 39 20
2016 47 21
2017 26 7
2018 19 46
2019 23 4
2020 40 21
2021 3 23
2022 16 32
2023 11 14
2024 17 14
2025 14 29
2026 46 21
2027 47 17
2028 19 49
2029 47 18
2030 16 28
2031 9 49
2032 17 13
2033 20 46
2034 17 15
2035 48 23
2036 17 12
2037 16 19
2038 45 1
2039 18 8
2040 13 46
2041 47 22
2042 46 22
2043 24 7
2044 40 20
2045 34 46
2046 31 45
2047 39 20
2048 20 49
2049 14 27
2050 32 10
2051 26 43
2052 46 1
2053 35 48
2054 17 19
2055 47 17
2056 33 15
2057 15 5
2058 23 8
2059 44 22
2060 11 42
2061 45 9
2062 12 39
2063 22 36
2064 21 8
2065 12 49
2066 45 1
2067 20 38
2068 8 49
2069 12 48
2070 26 49
2071 44 21
2072 27 42
2073 26 6
2074 46 7
2075 16 19
2076 19 39
2077 40 20
2078 23 9
2079 12 49
2080 24 11
2081 19 49
2082 18 23
2083 2 28
2084 28 24
2085 42 19
2086 27 43
2087 35 45
2088 15 42
2089 38 20
2090 44 2
2091 47 18
2092 47 23
2093 19 40
2094 22 35
2095 23 3
2096 39 20
2097 14 2
2098 16 35
2099 19 38
2100 13 41
2101 22 20
2102 45 2
2103 29 49
2104 5 26
2105 16 46
2106 13 31
2107 23 19
2108 19 23
2109 19 47
2110 27 44
2111 27 41
2112 36 40
2113 22 19
2114 47 22
2115 48 7
2116 35 46
2117 17 38
2118 34 42
2119 37 47
2120 18 23
2121 46 21
2122 15 6
2123 14 4
2124 0 27
2125 21 9
2126 17 14
2127 24 3
2128 12 48
2129 18 9
2130 26 5
2131 21 4
2132 13 45
2133 26 7
2134 10 26
2135 20 49
2136 38 21
2137 19 6
2138 24 10
2139 25 5
2140 47 17
2141 23 19
2142 46 18
2143 35 45
2144 27 40
2145 28 6
2146 31 11
2147 17 15
2148 14 31
2149 47 18
2150 12 38
2151 32 11
2152 13 40
2153 15 5
2154 20 47
2155 0 26
2156 9 49
2157 15 44
2158 13 31
2159 24 6
2160 16 42
2161 44 22
2162 17 19
2163 26 48
2164 33 16
2165 6 26
2166 17 13
2167 11 15
2168 46 17
2169 47 23
2170 5 21
2171 40 20
2172 17 39
2173 35 46
2174 23 3
2175 26 5
2176 13 41
2177 14 1
2178 17 38
2179 28 7
2180 6 21
2181 27 7
2182 20 38
2183 48 22
2184 17 12
2185 17 14
2186 5 21
2187 19 46
2188 44 3
2189 16 19
2190 16 31
2191 17 3
2192 4 25
2193 47 17
2194 24 11
2195 22 19
2196 16 3
2197 28 6
2198 19 49
2199 8 49
2200 18 22
2201 17 28
2202 26 49
2203 23 35
2204 28 7
2205 47 18
2206 22 35
2207 44 21
2208 6 21
2209 48 23
2210 16 9
2211 24 2
2212 23 8
2213 45 1
2214 5 26
2215 14 5
2216 21 8
2217 17 39
2218 27 41
2219 11 14
2220 2 27
2221 36 47
2222 15 45
2223 35 45
2224 26 7
2225 19 38
2226 47 7
2227 20 46
2228 44 22
2229 18 8
2230 6 26
2231 20 49
2232 46 7
2233 23 21
2234 2 28
2235 19 39
2236 15 5
2237 14 31
2238 16 32
2239 5 21
2240 27 40
2241 35 46
2242 36 45
2243 19 5
2244 45 2
2245 16 47
2246 24 10
2247 15 29
2248 12 49
2249 45 1
2250 19 47
2251 14 26
2252 33 15
2253 5 26
2254 33 16
2255 15 42
2256 47 23
2257 4 21
2258 20 38
2259 46 9
2260 27 41
2261 35 42
2262 14 2
2263 19 6
2264 28 48
2265 9 49
2266 46 22
2267 45 23
2268 44 2
2269 2 27
2270 17 19
2271 16 31
2272 14 29
2273 6 26
2274 20 4
2275 21 4
2276 17 15
2277 23 20
2278 14 5
2279 12 39
2280 25 43
2281 13 31
2282 48 8
2283 8 49
2284 18 23
2285 10 47
2286 24 7
2287 12 48
2288 23 4
2289 17 3
2290 24 6
2291 16 34
2292 21 20
2293 16 28
2294 15 5
2295 45 22
2296 35 45
2297 14 1
2298 3 21
2299 2 23
2300 15 29
2301 26 43
2302 14 5
2303 28 49
2304 14 11
2305 20 47
2306 45 9
2307 23 9
2308 16 8
2309 31 44
2310 5 25
2311 16 3
2312 16 42
2313 20 46
2314 2 28
2315 6 21
2316 46 22
2317 35 46
2318 23 3
2319 0 27
2320 37 47
2321 19 40
2322 15 42
2323 48 23
2324 17 38
2325 13 11
2326 32 9
2327 8 45
2328 12 38
2329 25 43
2330 16 9
2331 17 28
2332 20 4
2333 19 5
2334 16 46
2335 24 7
2336 21 4
2337 35 39
2338 35 45
2339 8 44
2340 24 6
2341 4 25
2342 16 28
2343 14 27
2344 48 7
2345 19 49
2346 9 49
2347 22 20
2348 22 2
2349 8 45
2350 31 45
2351 32 10
2352 34 42
2353 29 48
2354 47 22
2355 45 22
2356 16 32
2357 27 40
2358 23 4
2359 11 26
2360 36 39
2361 23 36
2362 44 23
2363 23 19
2364 2 27
2365 34 48
2366 22 1
2367 23 7
2368 26 48
2369 16 31
2370 14 26
2371 22 36
2372 24 7
2373 16 17
2374 43 23
2375 16 42
2376 18 9
2377 17 28
2378 12 39
2379 13 46
2380 13 45
2381 14 29
2382 18 8
2383 5 26
2384 6 47
2385 17 13
2386 17 3
2387 12 49
2388 8 49
2389 16 47
2390 13 46
2391 14 11
2392 7 47
2393 36 47
2394 3 23
2395 43 22
2396 47 23
2397 22 19
2398 27 43
2399 45 2
2400 15 6
2401 22 20
2402 16 18
2403 11 41
2404 19 39
2405 15 29
2406 14 27
2407 23 3
2408 28 23
2409 46 9
2410 42 22
2411 47 17
2412 23 7
2413 35 46
2414 14 4
2415 29 49
2416 19 24
2417 46 18
2418 16 8
2419 14 2
2420 16 28
2421 16 3
2422 11 47
2423 14 31
2424 47 18
2425 28 6
2426 24 7
2427 26 43
2428 48 8
2429 17 14
2430 12 38
2431 19 40
2432 46 17
2433 22 2
2434 0 26
2435 24 6
2436 21 21
2437 13 40
2438 18 22
2439 10 47
2440 22 19
2441 28 49
2442 45 9
2443 15 44
2444 14 26
2445 16 19
2446 13 11
2447 6 47
2448 46 9
2449 23 19
2450 17 28
2451 6 26
2452 42 21
2453 17 12
2454 47 22
2455 35 48
2456 36 41
2457 19 39
2458 23 10
2459 7 47
2460 33 15
2461 37 47
2462 22 1
2463 20 4
2464 28 7
2465 22 19
2466 24 7
2467 26 6
2468 16 9
2469 23 4
2470 17 3
2471 14 11
2472 0 27
2473 25 5
2474 6 47
2475 27 41
2476 25 43
2477 9 49
2478 47 17
2479 47 23
2480 14 29
2481 36 40
2482 21 4
2483 17 41
2484 14 5
2485 24 6
2486 17 13
2487 44 21
2488 39 20
2489 17 19
2490 24 7
2491 18 9
2492 19 23
2493 17 39
2494 48 22
2495 23 8
2496 26 5
2497 38 22
2498 15 42
2499 33 16
2500 19 6
2501 20 49
2502 11 47
2503 7 47
2504 18 41
2505 22 35
2506 36 47
2507 48 23
2508 13 45
2509 20 47
2510 18 23
2511 24 3
2512 26 49
2513 0 26
2514 44 3
2515 17 41
2516 18 8
2517 22 7
2518 18 41
2519 20 46
2520 42 22
2521 33 15
2522 47 7
2523 10 26
2524 35 45
2525 31 44
2526 8 44
2527 37 47
2528 23 20
2529 34 48
2530 15 29
2531 36 46
2532 45 9
2533 19 24
2534 19 49
2535 12 48
2536 23 7
2537 26 48
2538 17 41
2539 8 45
2540 48 7
2541 40 20
2542 19 5
2543 11 42
2544 5 21
2545 14 1
2546 22 36
2547 35 39
2548 8 49
2549 2 28
2550 24 10
2551 24 6
2552 28 24
2553 5 25
2554 14 29
2555 26 49
2556 19 23
2557 39 20
2558 35 46
2559 13 31
2560 15 45
2561 15 29
2562 5 26
2563 47 22
2564 20 49
2565 14 4
2566 34 46
2567 47 23
2568 11 15
2569 12 39
2570 19 40
2571 14 29
2572 33 16
2573 2 27
2574 20 47
2575 35 42
2576 23 35
2577 38 21
2578 9 49
2579 23 3
2580 27 40
2581 40 20
2582 16 32
2583 16 3
2584 12 49
2585 47 22
2586 35 46
2587 38 22
2588 29 49
2589 26 43
2590 16 42
2591 6 26
2592 17 3
2593 12 48
2594 19 6
2595 18 9
2596 18 22
2597 19 5
2598 46 18
2599 15 42
2600 20 21
2601 21 21
2602 41 19
2603 36 39
2604 11 41
2605 16 19
2606 20 21
2607 16 8
2608 0 27
2609 42 21
2610 16 35
2611 38 21
2612 34 47
2613 0 26
2614 18 41
2615 38 22
2616 16 28
2617 22 4
2618 35 48
2619 16 9
2620 27 41
2621 23 10
2622 16 42
2623 35 45
2624 16 31
2625 35 46
2626 18 23
2627 16 3
2628 24 7
2629 36 41
2630 2 28
2631 13 46
2632 32 9
2633 16 32
2634 0 27
2635 17 15
2636 16 34
2637 22 20
2638 0 26
2639 5 26
2640 47 18
2641 13 11
2642 17 41
2643 22 35
2644 2 23
2645 14 2
2646 19 38
2647 34 48
2648 36 47
2649 32 10
2650 25 5
2651 11 26
2652 6 26
2653 17 12
2654 35 39
2655 13 41
2656 26 7
2657 15 29
2658 14 27
2659 31 9
2660 5 26
2661 11 42
2662 17 38
2663 10 26
2664 46 9
2665 20 4
2666 21 4
2667 15 44
2668 22 4
2669 10 47
2670 17 28
2671 13 40
2672 12 38
2673 22 36
2674 14 11
2675 35 49
2676 46 22
2677 15 42
2678 24 10
2679 4 21
2680 15 45
2681 28 23
2682 16 31
2683 35 48
2684 28 48
2685 24 5
2686 8 49
2687 14 31
2688 17 13
2689 22 35
2690 37 47
2691 48 8
2692 16 35
2693 36 39
2694 32 11
2695 19 46
2696 20 38
2697 27 7
2698 13 31
2699 42 19
2700 14 1
2701 28 49
2702 4 25
2703 47 17
2704 22 2
2705 11 41
2706 11 26
2707 19 24
2708 15 5
2709 6 26
2710 35 45
2711 6 47
2712 42 22
2713 23 35
2714 5 26
2715 25 6
2716 44 2
2717 18 8
2718 18 9
2719 28 24
2720 42 21
2721 23 19
2722 14 2
2723 2 27
2724 46 7
2725 47 18
2726 12 49
2727 32 10
2728 11 14
2729 16 28
2730 17 14
2731 26 7
2732 6 26
2733 46 17
2734 32 9
2735 18 41
2736 35 39
2737 25 5
2738 14 5
2739 12 39
2740 7 47
2741 44 22
2742 16 17
2743 39 20
2744 24 6
2745 21 4
2746 41 19
2747 26 5
2748 3 21
2749 27 5
2750 17 28
2751 45 22
2752 4 21
2753 36 39
2754 17 41
2755 33 15
2756 38 21
2757 22 35
2758 26 6
2759 14 29
2760 22 1
2761 23 35
2762 29 49
2763 14 1
2764 19 23
2765 16 32
2766 5 26
2767 35 39
2768 45 9
2769 36 49
2770 48 7
2771 27 44
2772 35 49
2773 14 31
2774 11 42
2775 18 8
2776 31 45
2777 19 49
2778 11 47
2779 19 38
2780 27 43
2781 9 49
2782 48 8
2783 3 21
2784 46 9
2785 47 7
2786 27 44
2787 16 42
2788 31 44
2789 33 16
2790 31 45
2791 27 43
2792 31 9
2793 36 39
2794 35 46
2795 6 21
2796 10 26
2797 20 5
2798 47 23
2799 18 9
2800 47 17
2801 20 4
2802 13 45
2803 19 6
2804 46 17
2805 18 8
2806 2 28
2807 17 12
2808 47 22
2809 17 39
2810 36 47
2811 28 23
2812 17 15
2813 21 9
2814 16 28
2815 48 7
2816 17 38
2817 6 26
2818 4 21
2819 46 22
2820 14 26
2821 5 26
2822 3 23
2823 15 42
2824 35 39
2825 22 19
2826 8 49
2827 3 21
2828 19 5
2829 16 18
2830 23 4
2831 17 13
2832 19 24
2833 32 9
2834 17 3
2835 18 9
2836 23 9
2837 22 2
2838 15 29
2839 23 20
2840 15 44
2841 22 20
2842 16 34
2843 6 26
2844 14 27
2845 33 15
2846 26 48
2847 35 45
2848 12 38
2849 38 22
2850 28 24
2851 20 49
2852 11 26
2853 6 47
2854 22 35
2855 37 47
2856 19 6
2857 33 16
2858 22 4
2859 22 1
2860 34 42
2861 26 49
2862 5 25
2863 4 25
2864 12 48
2865 23 10
2866 26 5
2867 5 21
2868 15 5
2869 22 36
2870 28 6
2871 23 9
2872 5 25
2873 23 10
2874 17 12
2875 31 9
2876 46 7
2877 21 21
2878 45 22
2879 17 28
2880 47 17
2881 20 38
2882 12 39
2883 16 3
2884 23 20
2885 6 21
2886 21 8
2887 26 6
2888 17 39
2889 21 4
2890 24 10
2891 14 2
2892 20 46
2893 17 17
2894 16 35
2895 46 18
2896 28 23
2897 23 7
2898 14 26
2899 19 23
2900 42 19
2901 17 13
2902 35 42
2903 23 10
2904 22 3
2905 22 2
2906 28 7
2907 26 48
2908 2 27
2909 46 21
2910 47 23
2911 23 8
2912 11 15
2913 36 49
2914 4 21
2915 2 23
2916 16 34
2917 14 1
2918 2 28
2919 12 38
2920 17 3
2921 20 4
2922 36 39
2923 26 49
2924 19 24
2925 13 46
2926 47 18
2927 13 11
2928 5 21
2929 0 27
2930 24 5
2931 36 47
2932 20 47
2933 4 25
2934 28 6
2935 22 20
2936 17 14
2937 27 7
2938 24 10
2939 25 43
2940 28 24
2941 19 5
2942 17 15
2943 8 44
2944 19 49
2945 22 3
2946 13 45
2947 16 35
2948 12 49
2949 48 23
2950 48 8
2951 18 41
2952 22 35
2953 14 27
2954 26 7
2955 14 26
2956 8 45
2957 34 42
2958 32 11
2959 44 3
2960 16 28
2961 47 17
2962 47 7
2963 16 3
2964 5 25
2965 27 7
2966 0 26
2967 27 40
2968 16 42
2969 14 5
2970 11 14
2971 16 8
2972 28 49
2973 16 9
2974 19 38
2975 19 23
2976 44 2
2977 20 46
2978 7 47
2979 22 36
2980 29 49
2981 13 46
2982 16 46
2983 12 48
2984 26 48
2985 12 39
2986 12 49
2987 10 47
2988 35 49
2989 17 14
2990 25 5
2991 38 21
2992 6 21
2993 23 10
2994 11 15
2995 16 31
2996 19 24
2997 45 9
2998 13 31
2999 13 41
3000 16 8
3001 41 19
3002 14 4
3003 8 44
3004 32 10
3005 14 29
3006 16 17
3007 17 15
3008 17 3
3009 28 7
3010 12 38
3011 4 25
3012 36 40
3013 46 22
3014 15 45
3015 37 47
3016 32 9
3017 20 49
3018 14 2
3019 47 23
3020 31 44
3021 34 48
3022 16 47
3023 47 18
3024 47 17
3025 17 38
3026 24 10
3027 14 11
3028 18 17
3029 22 2
3030 19 23
3031 19 17
3032 45 22
3033 14 31
3034 16 46
3035 47 22
3036 3 23
3037 0 27
3038 20 38
3039 47 23
3040 33 15
3041 31 45
3042 13 45
3043 8 45
3044 19 39
3045 47 18
3046 17 12
3047 12 48
3048 36 47
3049 22 19
3050 19 49
3051 22 35
3052 17 13
3053 38 22
3054 19 24
3055 47 17
3056 48 7
3057 21 4
3058 13 46
3059 36 41
3060 26 5
3061 11 14
3062 16 32
3063 21 9
3064 8 44
3065 6 47
3066 21 8
3067 23 35
3068 24 5
3069 19 38
3070 42 22
3071 10 26
3072 24 7
3073 31 9
3074 38 21
3075 12 39
3076 12 49
3077 14 1
3078 20 21
3079 46 9
3080 17 14
3081 35 39
3082 28 23
3083 47 18
3084 48 22
3085 0 26
3086 23 9
3087 16 31
3088 45 9
3089 46 7
3090 19 47
3091 26 7
3092 32 9
3093 46 9
3094 33 16
3095 17 41
3096 33 15
3097 7 47
3098 21 9
3099 33 16
3100 35 46
3101 21 8
3102 22 35
3103 9 49
3104 46 22
3105 28 24
3106 16 18
3107 48 23
3108 15 44
3109 35 48
3110 27 44
3111 6 47
3112 36 40
3113 19 40
3114 28 49
3115 46 18
3116 5 25
3117 16 9
3118 13 11
3119 20 47
3120 14 27
3121 4 25
3122 34 48
3123 17 15
3124 8 45
3125 13 40
3126 22 0
3127 5 26
3128 23 3
3129 27 43
3130 23 36
3131 29 48
3132 16 34
3133 27 44
3134 18 41
3135 36 39
3136 11 47
3137 15 45
3138 14 2
3139 14 5
3140 23 10
3141 22 36
3142 2 23
3143 40 20
3144 3 23
3145 25 4
3146 36 41
3147 48 8
3148 25 5
3149 21 9
3150 19 46
3151 31 44
3152 35 42
3153 34 42
3154 47 18
3155 22 1
3156 23 35
3157 35 48
3158 22 20
3159 24 10
3160 35 42
3161 18 8
3162 34 47
3163 8 49
3164 27 6
3165 17 28
3166 27 41
3167 39 20
3168 17 12
3169 36 40
3170 11 26
3171 19 23
3172 14 11
3173 46 17
3174 15 4
3175 13 31
3176 2 27
3177 40 20
3178 47 22
3179 17 39
3180 42 19
3181 31 9
3182 25 4
3183 28 6
3184 27 43
3185 20 46
3186 47 17
3187 22 35
3188 5 21
3189 2 28
3190 38 22
3191 15 29
3192 23 10
3193 47 23
3194 14 26
3195 12 48
3196 34 48
3197 31 45
3198 38 21
3199 38 22
3200 27 40
3201 45 9
3202 46 9
3203 24 6
3204 6 26
3205 46 21
3206 7 47
3207 10 47
3208 19 46
3209 39 20
3210 6 47
3211 23 4
3212 35 39
3213 36 41
3214 41 19
3215 23 19
3216 24 11
3217 23 0
3218 14 4
3219 27 41
3220 5 26
3221 14 29
3222 24 10
3223 25 5
3224 2 27
3225 28 7
3226 23 35
3227 36 40
3228 22 0
3229 45 9
3230 34 47
3231 20 46
3232 7 47
3233 16 3
3234 29 49
3235 16 32
3236 34 48
3237 48 7
3238 27 44
3239 6 21
3240 2 28
3241 15 42
3242 42 19
3243 23 3
3244 42 21
3245 38 21
3246 21 21
3247 6 26
3248 16 35
3249 40 20
3250 20 4
3251 26 6
3252 0 27
3253 16 31
3254 47 18
3255 27 40
3256 23 5
3257 18 9
3258 28 6
3259 17 14
3260 35 48
3261 23 4
3262 25 7
3263 23 0
3264 16 28
3265 27 7
3266 0 26
3267 44 3
3268 16 42
3269 11 41
3270 38 22
3271 34 48
3272 3 21
3273 27 41
3274 34 46
3275 16 32
3276 46 9
3277 22 19
3278 48 23
3279 20 38
3280 41 19
3281 22 2
3282 17 15
3283 27 43
3284 23 3
3285 20 49
3286 22 0
3287 35 45
3288 19 49
3289 11 15
3290 19 38
3291 42 19
3292 13 11
3293 13 41
3294 17 13
3295 39 20
3296 32 9
3297 29 48
3298 41 19
3299 22 35
3300 35 46
3301 17 14
3302 14 1
3303 2 23
3304 32 11
3305 27 40
3306 47 17
3307 20 49
3308 4 21
3309 46 18
3310 16 34
3311 16 47
3312 19 49
3313 19 39
3314 23 0
3315 20 38
3316 36 41
3317 34 42
3318 21 8
3319 40 20
3320 23 19
3321 13 40
3322 47 23
3323 22 1
3324 3 23
3325 46 22
3326 26 7
3327 11 47
3328 13 45
3329 26 49
3330 22 19
3331 23 36
3332 22 36
3333 17 38
3334 18 8
3335 9 49
3336 2 23
3337 16 8
3338 15 29
3339 3 21
3340 23 19
3341 23 36
3342 19 40
3343 36 40
3344 22 36
3345 10 26
3346 22 19
3347 26 48
3348 33 15
3349 20 21
3350 47 7
3351 19 6
3352 15 42
3353 21 21
3354 20 21
3355 32 10
3356 19 5
3357 37 47
3358 35 48
3359 13 46
3360 34 47
3361 13 45
3362 11 14
3363 17 41
3364 8 49
3365 19 38
3366 38 21
3367 5 25
3368 11 42
3369 21 9
3370 21 21
3371 12 38
3372 17 3
3373 23 35
3374 11 26
3375 48 22
3376 23 4
3377 13 46
3378 26 43
3379 14 29
3380 18 17
3381 22 35
3382 31 11
3383 22 2
3384 16 35
3385 34 48
3386 14 2
3387 39 20
3388 38 22
3389 48 23
3390 9 49
3391 19 24
3392 16 9
3393 11 41
3394 44 22
3395 11 15
3396 15 29
3397 0 27
3398 35 49
3399 6 47
3400 47 22
3401 16 34
3402 44 2
3403 4 21
3404 10 26
3405 32 11
3406 17 28
3407 47 23
3408 29 49
3409 19 39
3410 0 26
3411 28 23
3412 40 20
3413 35 42
3414 12 49
3415 16 4
3416 32 9
3417 35 48
3418 35 45
3419 17 15
3420 20 21
3421 35 46
3422 19 17
3423 3 23
3424 44 3
3425 42 19
3426 27 41
3427 21 8
3428 28 7
3429 23 3
3430 3 21
3431 27 40
3432 15 44
3433 23 36
3434 17 12
3435 5 26
3436 47 18
3437 24 5
3438 18 22
3439 8 44
3440 27 8
3441 23 4
3442 28 24
3443 11 14
3444 36 39
3445 32 10
3446 22 5
3447 28 48
3448 15 45
3449 46 17
3450 28 49
3451 11 26
3452 21 21
3453 13 45
3454 24 6
3455 14 11
3456 10 47
3457 47 17
3458 8 49
3459 12 48
3460 13 11
3461 31 44
3462 16 17
3463 17 14
3464 14 1
3465 46 7
3466 16 35
3467 16 8
3468 36 41
3469 16 42
3470 23 9
3471 11 47
3472 46 18
3473 24 5
3474 31 9
3475 14 31
3476 35 45
3477 27 7
3478 11 42
3479 14 29
3480 4 25
3481 23 10
3482 48 8
3483 28 23
3484 24 11
3485 35 46
3486 24 10
3487 21 9
3488 12 39
3489 13 31
3490 17 15
3491 23 9
3492 21 4
3493 32 11
3494 39 20
3495 47 18
3496 45 9
3497 15 29
3498 28 6
3499 46 18
3500 24 7
3501 18 41
3502 26 49
3503 7 47
3504 27 41
3505 16 18
3506 48 22
3507 14 29
3508 4 21
3509 25 6
3510 23 3
3511 17 14
3512 11 15
3513 27 44
3514 20 4
3515 33 16
3516 16 34
3517 5 25
3518 20 38
3519 22 36
3520 32 10
3521 41 19
3522 13 46
3523 36 40
3524 17 41
3525 24 6
3526 20 21
3527 22 0
3528 0 27
3529 40 20
3530 34 42
3531 11 14
3532 27 43
3533 16 28
3534 15 29
3535 27 8
3536 13 41
3537 19 23
3538 16 9
3539 22 4
3540 10 47
3541 9 49
3542 16 8
3543 35 39
3544 26 48
3545 46 9
3546 48 23
3547 11 15
3548 19 46
3549 5 21
3550 16 31
3551 3 21
3552 48 7
3553 15 44
3554 23 20
3555 29 49
3556 16 35
3557 12 49
3558 14 29
3559 0 26
3560 17 13
3561 28 49
3562 14 31
3563 27 44
3564 23 35
3565 38 21
3566 21 4
3567 36 41
3568 15 45
3569 2 27
3570 11 41
3571 33 15
3572 47 7
3573 28 7
3574 32 11
3575 0 27
3576 8 45
3577 45 22
3578 22 35
3579 17 39
3580 14 5
3581 23 36
3582 29 49
3583 48 8
3584 44 22
3585 23 10
3586 14 11
3587 12 48
3588 18 41
3589 44 2
3590 21 21
3591 16 3
3592 19 38
3593 22 20
3594 18 9
3595 35 42
3596 48 7
3597 33 16
3598 22 19
3599 15 29
3600 45 1
3601 19 6
3602 27 43
3603 23 9
3604 27 40
3605 32 9
3606 18 8
3607 34 47
3608 17 38
3609 45 9
3610 25 5
3611 6 47
3612 16 4
3613 18 23
3614 33 15
3615 32 10
3616 47 18
3617 28 49
3618 14 2
3619 16 32
3620 17 28
3621 27 41
3622 16 31
3623 6 21
3624 27 40
3625 24 5
3626 31 11
3627 28 24
3628 23 10
3629 23 9
3630 38 22
3631 36 39
3632 10 26
3633 22 20
3634 22 1
3635 28 6
3636 23 7
3637 24 7
3638 16 9
3639 16 3
3640 11 47
3641 34 48
3642 26 49
3643 20 38
3644 45 2
3645 23 10
3646 14 4
3647 23 9
3648 23 10
3649 17 15
3650 46 17
3651 31 45
3652 34 42
3653 11 26
3654 36 40
3655 47 17
3656 17 4
3657 23 21
3658 15 44
3659 36 47
3660 16 34
3661 17 14
3662 6 26
3663 18 17
3664 17 12
3665 29 48
3666 18 22
3667 33 16
3668 25 43
3669 44 2
3670 15 42
3671 21 8
3672 23 7
3673 26 6
3674 24 7
3675 47 22
3676 31 44
3677 11 14
3678 26 7
3679 16 46
3680 16 17
3681 45 22
3682 17 39
3683 19 17
3684 35 42
3685 13 45
3686 20 46
3687 19 38
3688 26 6
3689 20 38
3690 23 0
3691 22 0
3692 35 49
3693 36 41
3694 27 44
3695 42 19
3696 17 13
3697 42 22
3698 13 40
3699 47 23
3700 39 20
3701 22 36
3702 10 26
3703 19 38
3704 17 41
3705 16 47
3706 11 42
3707 14 5
3708 8 44
3709 16 28
3710 46 17
3711 0 26
3712 20 38
3713 5 26
3714 41 19
3715 0 27
3716 16 8
3717 12 49
3718 12 38
3719 11 15
3720 17 12
3721 2 23
3722 46 7
3723 32 11
3724 13 11
3725 19 38
3726 17 28
3727 11 14
3728 12 48
3729 13 41
3730 3 23
3731 42 21
3732 19 46
3733 19 5
3734 10 47
3735 13 46
3736 42 22
3737 26 48
3738 35 39
3739 47 22
3740 20 38
3741 14 11
3742 8 49
3743 14 1
3744 35 45
3745 20 46
3746 13 40
3747 13 45
3748 17 38
3749 15 45
3750 22 35
3751 2 28
3752 11 15
3753 24 6
3754 13 46
3755 19 38
3756 26 7
3757 42 19
3758 5 21
3759 35 46
3760 19 47
3761 32 9
3762 20 47
3763 12 39
3764 23 20
3765 15 44
3766 15 45
3767 29 49
3768 22 2
3769 24 7
3770 19 46
3771 18 23
3772 23 4
3773 27 41
3774 18 41
3775 4 25
3776 38 21
3777 41 19
3778 21 9
3779 23 0
3780 13 45
3781 18 17
3782 13 31
3783 11 26
3784 12 38
3785 13 11
3786 11 14
3787 21 8
3788 20 38
3789 12 49
3790 16 18
3791 14 11
3792 6 26
3793 17 15
3794 24 6
3795 32 10
3796 5 26
3797 20 21
3798 12 39
3799 12 48
3800 28 7
3801 35 48
3802 27 7
3803 13 41
3804 16 42
3805 22 0
3806 46 22
3807 14 31
3808 25 5
3809 36 39
3810 19 6
3811 22 36
3812 26 6
3813 19 17
3814 14 4
3815 6 26
3816 35 49
3817 13 31
3818 6 21
3819 35 48
3820 17 13
3821 12 49
3822 34 42
3823 46 9
3824 26 7
3825 4 21
3826 47 7
3827 37 47
3828 23 35
3829 28 48
3830 15 44
3831 16 28
3832 14 29
3833 45 2
3834 10 26
3835 16 35
3836 13 11
3837 14 5
3838 17 28
3839 24 5
3840 45 1
3841 47 17
3842 45 2
3843 28 23
3844 24 11
3845 26 5
3846 20 46
3847 11 47
3848 14 4
3849 14 5
3850 47 23
3851 22 3
3852 40 20
3853 14 11
3854 28 24
3855 18 4
3856 15 29
3857 22 1
3858 16 46
3859 27 43
3860 23 21
3861 14 2
3862 16 17
3863 17 41
3864 12 48
3865 28 49
3866 21 9
3867 36 40
3868 0 26
3869 44 2
3870 21 8
3871 17 12
3872 26 49
3873 12 38
3874 21 9
3875 17 14
3876 14 29
3877 33 15
3878 34 47
3879 21 8
3880 48 8
3881 39 20
3882 17 13
3883 14 27
3884 40 20
3885 28 6
3886 42 19
3887 47 18
3888 35 45
3889 45 9
3890 9 49
3891 23 20
3892 32 11
3893 33 16
3894 7 47
3895 19 24
3896 34 48
3897 5 25
3898 24 6
3899 29 48
3900 17 12
3901 13 46
3902 19 47
3903 23 3
3904 26 48
3905 20 4
3906 35 46
3907 27 44
3908 8 49
3909 24 7
3910 21 4
3911 33 15
3912 15 45
3913 46 7
3914 13 11
3915 36 41
3916 24 10
3917 11 26
3918 5 26
3919 18 17
3920 3 21
3921 34 46
3922 6 26
3923 14 4
3924 23 10
3925 36 40
3926 45 2
3927 45 22
3928 22 2
3929 28 23
3930 13 45
3931 42 21
3932 29 49
3933 41 19
3934 16 34
3935 38 22
3936 26 6
3937 47 7
3938 14 1
3939 12 49
3940 14 11
3941 44 22
3942 0 27
3943 18 9
3944 19 38
3945 12 39
3946 23 7
3947 12 38
3948 22 35
3949 45 22
3950 42 19
3951 12 39
3952 17 3
3953 13 46
3954 23 0
3955 20 47
3956 10 47
3957 31 45
3958 0 26
3959 20 49
3960 32 10
3961 24 10
3962 16 47
3963 23 9
3964 28 48
3965 47 22
3966 16 18
3967 17 13
3968 19 46
3969 12 48
3970 18 22
3971 44 21
3972 27 43
3973 13 11
3974 34 47
3975 26 5
3976 16 28
3977 10 26
3978 21 9
3979 28 24
3980 16 46
3981 35 42
3982 15 42
3983 46 1
3984 38 21
3985 12 49
3986 47 17
3987 15 29
3988 21 21
3989 12 48
3990 17 15
3991 47 23
3992 17 39
3993 20 21
3994 22 0
3995 46 18
3996 14 29
3997 16 47
3998 16 17
3999 26 49
4000 26 6
4001 17 28
4002 14 11
4003 19 5
4004 31 44
4005 39 20
4006 0 27
4007 26 48
4008 20 46
4009 19 6
4010 18 46
4011 28 23
4012 45 1
4013 9 49
4014 19 5
4015 8 45
4016 48 23
4017 34 42
4018 17 38
4019 47 23
4020 16 18
4021 13 11
4022 22 19
4023 46 1
4024 20 47
4025 23 36
4026 27 40
4027 26 7
4028 4 25
4029 16 17
4030 21 21
4031 41 19
4032 12 49
4033 20 4
4034 16 46
4035 22 1
4036 22 20
4037 16 3
4038 19 6
4039 24 7
4040 2 23
4041 22 2
4042 12 48
4043 14 26
4044 35 42
4045 22 36
4046 24 5
4047 12 38
4048 19 23
4049 25 5
4050 15 44
4051 23 10
4052 38 22
4053 23 7
4054 8 49
4055 12 49
4056 27 41
4057 48 23
4058 24 5
4059 31 45
4060 5 21
4061 22 4
4062 47 23
4063 16 18
4064 36 47
4065 17 14
4066 5 25
4067 46 22
4068 26 43
4069 13 45
4070 18 23
4071 26 6
4072 34 42
4073 31 11
4074 16 35
4075 26 7
4076 23 9
4077 34 46
4078 16 47
4079 21 4
4080 18 8
4081 42 22
4082 16 32
4083 20 4
4084 44 22
4085 24 7
4086 42 19
4087 0 26
4088 28 49
4089 17 12
4090 8 44
4091 23 35
4092 40 20
4093 17 15
4094 17 14
4095 17 15
4096 0 27
4097 0 26
4098 47 18
4099 46 7
4100 19 22
4101 19 40
4102 14 2
4103 27 40
4104 15 45
4105 14 1
4106 19 17
4107 27 44
4108 21 4
4109 38 21
4110 23 4
4111 20 21
4112 16 31
4113 20 4
4114 47 17
4115 20 38
4116 17 39
4117 18 9
4118 13 46
4119 17 14
4120 47 18
4121 22 35
4122 24 6
4123 45 1
4124 45 22
4125 47 17
4126 12 48
4127 25 43
4128 47 18
4129 41 19
4130 48 7
4131 23 7
4132 36 41
4133 18 8
4134 18 22
4135 28 24
4136 23 10
4137 23 9
4138 14 2
4139 42 19
4140 27 43
4141 21 4
4142 9 49
4143 16 42
4144 35 45
4145 46 9
4146 16 9
4147 21 21
4148 45 9
4149 16 8
4150 47 1
4151 8 45
4152 46 1
4153 19 5
4154 16 46
4155 13 40
4156 18 17
4157 35 46
4158 11 15
4159 16 17
4160 19 49
4161 6 21
4162 18 23
4163 18 22
4164 20 21
4165 18 9
4166 35 39
4167 48 23
4168 39 20
4169 11 47
4170 17 38
4171 10 47
4172 23 3
4173 27 41
4174 4 21
4175 23 35
4176 11 47
4177 23 0
4178 23 10
4179 20 4
4180 5 26
4181 19 23
4182 26 43
4183 36 39
4184 36 40
4185 32 11
4186 17 13
4187 21 4
4188 15 42
4189 16 32
4190 26 6
4191 34 47
4192 27 40
4193 15 44
4194 47 1
4195 35 45
4196 46 9
4197 40 20
4198 16 31
4199 8 44
4200 3 21
4201 23 4
4202 27 41
4203 27 44
4204 26 5
4205 16 34
4206 12 49
4207 16 35
4208 37 47
4209 24 5
4210 47 23
4211 19 38
4212 27 43
4213 4 21
4214 46 18
4215 12 48
4216 47 18
4217 35 46
4218 3 23
4219 28 23
4220 21 8
4221 24 6
4222 47 7
4223 18 41
4224 20 38
4225 16 42
4226 44 22
4227 35 48
4228 2 27
4229 4 25
4230 19 17
4231 28 7
4232 5 25
4233 48 22
4234 4 25
4235 23 21
4236 46 1
4237 14 1
4238 11 26
4239 17 15
4240 35 42
4241 15 45
4242 17 12
4243 14 2
4244 35 39
4245 48 23
4246 14 5
4247 47 22
4248 34 48
4249 26 6
4250 22 35
4251 47 23
4252 2 28
4253 32 9
4254 19 38
4255 28 6
4256 33 16
4257 23 36
4258 31 44
4259 6 26
4260 16 32
4261 27 44
4262 22 19
4263 46 17
4264 6 47
4265 22 1
4266 24 10
4267 48 8
4268 24 7
4269 22 2
4270 19 39
4271 20 46
4272 8 45
4273 16 18
4274 33 15
4275 42 21
4276 11 41
4277 19 6
4278 12 39
4279 2 27
4280 12 49
4281 45 9
4282 18 23
4283 32 10
4284 28 24
4285 21 21
4286 20 4
4287 5 25
4288 14 11
4289 19 5
4290 18 17
4291 16 31
4292 28 23
4293 45 2
4294 23 20
4295 16 32
4296 12 48
4297 17 41
4298 22 4
4299 8 44
4300 8 49
4301 23 4
4302 12 49
4303 35 45
4304 25 43
4305 32 9
4306 34 47
4307 16 34
4308 32 10
4309 34 48
4310 16 17
4311 22 36
4312 16 31
4313 36 47
4314 4 25
4315 23 3
4316 22 20
4317 2 28
4318 23 36
4319 3 21
4320 17 13
4321 16 47
4322 32 11
4323 2 27
4324 32 10
4325 23 21
4326 5 21
4327 39 20
4328 10 47
4329 37 47
4330 31 9
4331 36 41
4332 47 17
4333 45 1
4334 14 27
4335 17 3
4336 7 47
4337 26 43
4338 13 11
4339 0 27
4340 21 9
4341 25 43
4342 17 14
4343 22 1
4344 16 35
4345 6 21
4346 16 18
4347 20 38
4348 16 46
4349 5 21
4350 38 22
4351 23 10
4352 16 17
4353 36 39
4354 23 4
4355 41 19
4356 14 26
4357 19 40
4358 17 39
4359 27 7
4360 34 42
4361 14 4
4362 18 8
4363 18 41
4364 2 23
4365 45 22
4366 28 7
4367 14 1
4368 13 45
4369 14 31
4370 6 47
4371 11 47
4372 16 32
4373 35 39
4374 20 21
4375 35 42
4376 35 48
4377 16 3
4378 11 14
4379 19 17
4380 46 21
4381 18 9
4382 19 23
4383 22 19
4384 42 19
4385 24 5
4386 46 22
4387 33 16
4388 42 22
4389 18 23
4390 36 39
4391 6 21
4392 47 22
4393 23 8
4394 44 2
4395 26 7
4396 7 47
4397 14 11
4398 16 31
4399 40 20
4400 22 36
4401 12 48
4402 9 49
4403 18 8
4404 15 44
4405 4 21
4406 26 5
4407 29 48
4408 46 17
4409 15 42
4410 16 42
4411 19 6
4412 0 26
4413 22 0
4414 17 3
4415 11 42
4416 36 47
4417 28 24
4418 29 49
4419 16 3
4420 24 6
4421 3 23
4422 15 42
4423 27 6
4424 24 10
4425 33 15
4426 32 11
4427 26 43
4428 21 4
4429 39 20
4430 16 34
4431 12 49
4432 17 38
4433 37 47
4434 32 9
4435 8 49
4436 17 3
4437 17 12
4438 28 6
4439 47 23
4440 46 9
4441 16 28
4442 11 41
4443 12 38
4444 17 28
4445 21 8
4446 13 11
4447 36 40
4448 15 45
4449 26 6
4450 2 23
4451 11 15
4452 22 3
4453 23 10
4454 9 49
4455 41 19
4456 21 9
4457 34 42
4458 18 17
4459 11 42
4460 23 0
4461 16 9
4462 21 21
4463 14 2
4464 32 10
4465 29 6
4466 40 20
4467 16 32
4468 29 48
4469 16 8
4470 18 22
4471 22 2
4472 12 48
4473 47 17
4474 32 9
4475 35 46
4476 36 41
4477 11 41
4478 38 21
4479 2 28
4480 3 23
4481 32 10
4482 11 42
4483 23 3
4484 14 11
4485 36 40
4486 5 25
4487 14 27
4488 28 6
4489 46 21
4490 16 28
4491 18 23
4492 16 47
4493 10 47
4494 24 10
4495 38 22
4496 15 29
4497 6 47
4498 19 23
4499 45 2
4500 19 39
4501 15 44
4502 3 21
4503 5 26
4504 42 21
4505 19 46
4506 36 47
4507 21 8
4508 11 41
4509 19 5
4510 36 41
4511 27 43
4512 35 45
4513 39 20
4514 16 9
4515 22 1
4516 4 25
4517 47 22
4518 18 9
4519 17 15
4520 42 22
4521 23 10
4522 30 6
4523 23 4
4524 16 31
4525 42 21
4526 27 40
4527 24 7
4528 24 6
4529 4 21
4530 14 5
4531 2 23
4532 19 4
4533 7 47
4534 47 23
4535 14 4
4536 8 49
4537 17 39
4538 16 46
4539 16 35
4540 46 22
4541 46 18
4542 14 26
4543 34 48
4544 32 11
4545 36 40
4546 24 10
4547 17 38
4548 47 18
4549 20 4
4550 44 3
4551 47 17
4552 12 49
4553 13 31
4554 5 25
4555 18 46
4556 47 21
4557 37 47
4558 22 0
4559 12 48
4560 47 20
4561 30 5
4562 23 20
4563 27 44
4564 14 1
4565 13 11
4566 23 9
4567 17 41
4568 14 2
4569 11 47
4570 19 40
4571 15 45
4572 19 39
4573 38 21
4574 16 8
4575 19 6
4576 21 9
4577 45 9
4578 36 47
4579 2 27
4580 11 14
4581 22 2
4582 12 49
4583 23 10
4584 16 18
4585 46 7
4586 23 0
4587 11 42
4588 29 49
4589 35 39
4590 19 5
4591 23 35
4592 0 27
4593 37 47
4594 25 5
4595 17 13
4596 33 16
4597 19 46
4598 48 23
4599 3 21
4600 36 39
4601 48 7
4602 6 26
4603 47 7
4604 11 15
4605 47 18
4606 18 46
4607 38 22
4608 17 12
4609 17 39
4610 4 21
4611 14 11
4612 23 9
4613 20 49
4614 14 29
4615 17 28
4616 11 41
4617 29 48
4618 15 44
4619 4 25
4620 2 28
4621 14 1
4622 26 7
4623 23 10
4624 19 17
4625 19 40
4626 32 10
4627 17 14
4628 5 26
4629 14 2
4630 42 19
4631 17 13
4632 5 21
4633 3 23
4634 22 0
4635 14 5
4636 24 5
4637 28 7
4638 47 21
4639 13 41
4640 26 49
4641 34 47
4642 16 28
4643 14 4
4644 23 0
4645 27 41
4646 19 49
4647 9 49
4648 31 9
4649 20 47
4650 16 9
4651 30 6
4652 16 42
4653 41 19
4654 28 23
4655 46 17
4656 13 11
4657 10 47
4658 5 25
4659 8 45
4660 26 6
4661 6 47
4662 14 27
4663 46 7
4664 23 3
4665 15 29
4666 11 14
4667 45 1
4668 3 21
4669 47 19
4670 47 17
4671 26 7
4672 36 47
4673 32 9
4674 17 15
4675 33 15
4676 35 46
4677 28 24
4678 18 23
4679 11 15
4680 26 6
4681 4 21
4682 18 22
4683 7 47
4684 23 9
4685 33 16
4686 17 28
4687 35 45
4688 0 26
4689 13 40
4690 19 6
4691 19 46
4692 14 1
4693 18 17
4694 20 21
4695 18 41
4696 17 14
4697 16 17
4698 16 8
4699 17 41
4700 20 46
4701 42 22
4702 15 45
4703 11 42
4704 18 41
4705 15 42
4706 15 44
4707 35 46
4708 29 49
4709 11 41
4710 19 5
4711 34 48
4712 14 5
4713 22 20
4714 19 38
4715 25 43
4716 35 39
4717 21 4
4718 22 35
4719 11 47
4720 13 46
4721 45 22
4722 46 18
4723 14 29
4724 31 9
4725 37 47
4726 17 38
4727 23 36
4728 33 15
4729 46 22
4730 0 27
4731 35 48
4732 14 11
4733 21 8
4734 0 26
4735 20 49
4736 16 47
4737 13 41
4738 6 26
4739 2 27
4740 27 40
4741 16 3
4742 28 23
4743 13 45
4744 14 31
4745 38 21
4746 34 48
4747 22 36
4748 32 9
4749 22 35
4750 47 18
4751 13 11
4752 23 4
4753 22 3
4754 13 46
4755 21 9
4756 17 3
4757 24 6
4758 28 6
4759 12 48
4760 16 32
4761 2 23
4762 18 23
4763 16 46
4764 2 28
4765 36 39
4766 20 47
4767 28 48
4768 15 29
4769 27 41
4770 12 39
4771 35 45
4772 6 21
4773 13 45
4774 42 21
4775 16 31
4776 6 47
4777 22 0
4778 35 46
4779 19 7
4780 3 23
4781 19 6
4782 19 24
4783 19 17
4784 47 20
4785 20 46
4786 33 16
4787 16 42
4788 26 43
4789 47 19
4790 42 19
4791 8 49
4792 19 39
4793 16 32
4794 9 49
4795 28 49
4796 24 5
4797 8 49
4798 23 0
4799 46 17
4800 46 21
4801 2 27
4802 8 44
4803 19 23
4804 47 20
4805 24 7
4806 13 46
4807 10 26
4808 16 9
4809 41 19
4810 23 20
4811 20 4
4812 19 5
4813 21 4
4814 48 8
4815 26 5
4816 35 45
4817 25 43
4818 13 45
4819 36 41
4820 47 23
4821 42 22
4822 8 45
4823 12 38
4824 7 47
4825 8 44
4826 14 11
4827 13 40
4828 30 5
4829 45 22
4830 46 22
4831 31 9
4832 9 49
4833 11 42
4834 10 47
4835 12 39
4836 16 31
4837 18 22
4838 23 10
4839 17 12
4840 30 6
4841 17 13
4842 19 49
4843 19 6
4844 34 46
4845 21 21
4846 20 21
4847 35 46
4848 17 41
4849 24 6
4850 16 8
4851 47 17
4852 16 47
4853 16 46
4854 47 21
4855 19 40
4856 47 18
4857 13 41
4858 46 9
4859 11 47
4860 13 46
4861 11 14
4862 45 22
4863 46 21
4864 47 21
4865 6 47
4866 13 40
4867 46 22
4868 17 39
4869 16 34
4870 21 8
4871 11 41
4872 22 20
4873 16 35
4874 7 47
4875 2 23
4876 12 38
4877 20 4
4878 21 9
4879 11 42
4880 33 15
4881 13 11
4882 18 23
4883 35 42
4884 19 5
4885 36 45
4886 16 32
4887 16 34
4888 16 28
4889 14 2
4890 23 3
4891 35 45
4892 35 46
4893 19 22
4894 44 2
4895 13 45
4896 16 35
4897 10 47
4898 22 2
4899 29 49
4900 45 9
4901 17 28
4902 22 36
4903 3 21
4904 11 41
4905 47 7
4906 15 42
4907 21 8
4908 16 42
4909 14 11
4910 26 43
4911 38 22
4912 14 26
4913 16 31
4914 35 45
4915 45 2
4916 28 7
4917 11 42
4918 16 47
4919 14 29
4920 5 21
4921 15 29
4922 4 25
4923 27 40
4924 11 41
4925 13 41
4926 16 46
4927 27 43
4928 23 35
4929 42 19
4930 35 46
4931 18 41
4932 17 38
4933 15 45
4934 20 47
4935 34 42
4936 19 6
4937 35 45
4938 15 42
4939 14 1
4940 8 45
4941 21 4
4942 22 35
4943 47 17
4944 23 4
4945 25 5
4946 46 20
4947 5 26
4948 23 21
4949 12 49
4950 36 40
4951 35 48
4952 13 11
4953 6 47
4954 28 24
4955 15 44
4956 17 41
4957 13 40
4958 11 15
4959 22 36
4960 45 22
4961 20 4
4962 15 45
4963 20 49
4964 46 21
4965 24 11
4966 24 7
4967 17 12
4968 21 9
4969 7 47
4970 30 5
4971 0 27
4972 16 42
4973 24 10
4974 22 35
4975 17 39
4976 11 47
4977 16 18
4978 46 7
4979 48 23
4980 16 34
4981 15 42
4982 22 3
4983 24 11
4984 8 44
4985 6 47
4986 42 21
4987 23 20
4988 6 21
4989 25 43
4990 14 29
4991 5 25
4992 26 48
4993 16 32
4994 18 22
4995 44 3
4996 14 4
4997 26 43
4998 45 20
4999 33 16
5000 46 22
5001 36 41
5002 16 42
5003 19 5
5004 15 29
5005 23 21
5006 33 15
5007 46 20
5008 3 23
5009 19 23
5010 6 26
5011 16 3
5012 36 47
5013 0 26
5014 19 49
5015 44 2
5016 16 28
5017 12 39
5018 12 48
5019 20 46
5020 17 3
5021 8 45
5022 34 48
5023 24 6
5024 27 41
5025 4 21
5026 16 9
5027 22 0
5028 15 44
5029 27 44
5030 14 2
5031 28 49
5032 12 38
5033 36 40
5034 18 23
5035 37 47
5036 13 46
5037 19 39
5038 26 6
5039 11 14
5040 5 26
5041 23 7
5042 17 38
5043 7 47
5044 12 39
5045 14 27
5046 33 16
5047 48 7
5048 21 8
5049 15 42
5050 40 20
5051 47 23
5052 16 17
5053 36 41
5054 14 5
5055 6 47
5056 48 23
5057 45 20
5058 20 49
5059 28 6
5060 33 15
5061 26 7
5062 20 38
5063 7 47
5064 19 49
5065 35 48
5066 32 9
5067 16 47
5068 45 1
5069 46 18
5070 20 49
5071 19 6
5072 46 21
5073 47 18
5074 36 45
5075 5 21
5076 22 2
5077 3 21
5078 18 41
5079 39 20
5080 25 43
5081 26 43
5082 17 39
5083 35 42
5084 11 42
5085 24 5
5086 34 42
5087 19 38
5088 13 31
5089 20 38
5090 32 11
5091 14 31
5092 18 17
5093 35 45
5094 48 8
5095 24 7
5096 24 6
5097 30 6
5098 35 42
5099 34 42
5100 41 19
5101 17 15
5102 10 47
5103 19 38
5104 16 3
5105 47 17
5106 21 9
5107 19 22
5108 32 10
5109 45 2
5110 17 38
5111 24 10
5112 23 35
5113 16 46
5114 16 8
5115 19 46
5116 19 5
5117 46 20
5118 19 6
5119 18 22
5120 47 18
5121 25 5
5122 16 31
5123 16 18
5124 24 5
5125 21 21
5126 31 11
5127 11 26
5128 29 48
5129 16 35
5130 20 38
5131 20 21
5132 16 32
5133 11 15
5134 22 35
5135 25 43
5136 23 36
5137 28 7
5138 24 7
5139 14 26
5140 14 1
5141 19 5
5142 26 43
5143 11 41
5144 46 1
5145 17 3
5146 21 21
5147 12 49
5148 4 25
5149 28 23
5150 4 21
5151 21 4
5152 35 39
5153 40 20
5154 10 26
5155 19 23
5156 17 14
5157 27 40
5158 22 36
5159 13 45
5160 25 43
5161 13 31
5162 8 49
5163 34 48
5164 24 6
5165 23 3
5166 23 35
5167 32 11
5168 16 42
5169 48 7
5170 2 28
5171 36 45
5172 20 46
5173 35 48
5174 11 47
5175 3 21
5176 34 48
5177 36 39
5178 42 22
5179 47 23
5180 46 9
5181 14 29
5182 8 44
5183 46 18
5184 22 4
5185 8 45
5186 22 1
5187 22 35
5188 16 3
5189 35 42
5190 19 6
5191 6 26
5192 26 5
5193 18 23
5194 15 42
5195 16 34
5196 31 45
5197 20 47
5198 17 13
5199 11 42
5200 16 9
5201 45 1
5202 29 49
5203 25 5
5204 17 41
5205 32 10
5206 17 3
5207 23 4
5208 21 8
5209 5 26
5210 13 41
5211 20 4
5212 42 21
5213 30 5
5214 46 1
5215 28 48
5216 14 27
5217 22 19
5218 35 45
5219 35 48
5220 23 10
5221 19 40
5222 14 26
5223 14 31
5224 0 27
5225 14 2
5226 20 46
5227 12 38
5228 47 7
5229 11 26
5230 19 17
5231 20 5
5232 5 25
5233 10 47
5234 36 47
5235 32 11
5236 9 49
5237 16 31
5238 24 10
5239 36 46
5240 26 6
5241 19 24
5242 17 28
5243 23 35
5244 18 41
5245 6 21
5246 24 5
5247 17 12
5248 28 49
5249 26 49
5250 13 40
5251 45 20
5252 18 46
5253 48 23
5254 46 22
5255 26 43
5256 19 38
5257 22 2
5258 12 48
5259 17 15
5260 19 39
5261 16 32
5262 22 20
5263 22 19
5264 42 22
5265 10 26
5266 16 8
5267 2 23
5268 2 27
5269 22 20
5270 22 19
5271 16 47
5272 27 7
5273 45 9
5274 47 18
5275 17 39
5276 17 41
5277 28 6
5278 15 29
5279 16 46
5280 47 21
5281 6 47
5282 16 3
5283 17 13
5284 26 7
5285 19 5
5286 17 14
5287 47 23
5288 35 39
5289 5 21
5290 26 6
5291 31 11
5292 7 47
5293 32 11
5294 20 38
5295 34 48
5296 22 20
5297 46 9
5298 26 48
5299 19 49
5300 6 26
5301 24 6
5302 11 47
5303 24 5
5304 37 47
5305 26 7
5306 19 46
5307 24 3
5308 30 6
5309 20 47
5310 48 8
5311 6 47
5312 48 23
5313 8 44
5314 20 46
5315 17 38
5316 14 27
5317 23 10
5318 27 43
5319 38 21
5320 42 19
5321 19 40
5322 32 9
5323 8 45
5324 46 21
5325 24 7
5326 24 6
5327 32 10
5328 22 1
5329 22 35
5330 8 49
5331 27 44
5332 24 10
5333 19 38
5334 4 21
5335 42 21
5336 3 23
5337 26 49
5338 20 21
5339 13 31
5340 6 21
5341 46 17
5342 31 44
5343 16 31
5344 19 39
5345 17 39
5346 46 7
5347 21 9
5348 45 1
5349 20 38
5350 28 7
5351 19 23
5352 38 22
5353 23 3
5354 45 22
5355 46 1
5356 23 9
5357 14 31
5358 2 28
5359 8 44
5360 5 21
5361 23 36
5362 5 26
5363 35 46
5364 14 29
5365 29 49
5366 6 26
5367 36 39
5368 20 47
5369 5 26
5370 17 12
5371 20 46
5372 18 46
5373 32 11
5374 17 3
5375 24 3
5376 16 47
5377 27 43
5378 0 26
5379 47 17
5380 21 4
5381 41 19
5382 46 22
5383 26 48
5384 16 35
5385 36 47
5386 19 38
5387 10 47
5388 23 10
5389 17 38
5390 34 42
5391 20 47
5392 27 44
5393 6 26
5394 14 4
5395 45 9
5396 45 1
5397 20 49
5398 24 10
5399 15 29
5400 23 3
5401 6 21
5402 22 19
5403 15 45
5404 39 20
5405 14 5
5406 26 5
5407 22 36
5408 22 2
5409 14 1
5410 19 6
5411 13 46
5412 15 44
5413 20 38
5414 36 40
5415 35 42
5416 19 46
5417 2 23
5418 22 20
5419 25 43
5420 16 3
5421 42 19
5422 12 39
5423 16 9
5424 16 42
5425 26 49
5426 21 8
5427 12 49
5428 2 27
5429 3 23
5430 27 43
5431 28 49
5432 19 40
5433 16 28
5434 28 48
5435 8 45
5436 16 46
5437 17 13
5438 25 5
5439 32 10
5440 28 49
5441 47 23
5442 3 21
5443 11 47
5444 2 28
5445 38 47
5446 10 47
5447 4 25
5448 18 22
5449 44 22
5450 28 24
5451 2 23
5452 4 21
5453 35 48
5454 30 5
5455 15 42
5456 19 38
5457 19 49
5458 16 42
5459 20 49
5460 23 20
5461 18 41
5462 22 1
5463 46 1
5464 23 35
5465 30 6
5466 45 1
5467 18 17
5468 17 41
5469 22 19
5470 14 2
5471 23 4
5472 12 38
5473 18 41
5474 24 7
5475 44 2
5476 22 35
5477 2 27
5478 17 12
5479 14 29
5480 14 26
5481 34 42
5482 20 38
5483 29 49
5484 26 43
5485 17 28
5486 48 23
5487 11 47
5488 30 5
5489 45 2
5490 12 39
5491 40 20
5492 37 47
5493 13 31
5494 20 4
5495 22 4
5496 19 5
5497 10 47
5498 24 6
5499 8 44
5500 42 22
5501 22 2
5502 28 6
5503 21 4
5504 15 45
5505 16 32
5506 27 44
5507 16 31
5508 7 47
5509 21 9
5510 17 39
5511 23 7
5512 27 43
5513 23 3
5514 5 21
5515 19 39
5516 14 11
5517 33 16
5518 38 21
5519 23 10
5520 45 22
5521 14 31
5522 33 15
5523 24 11
5524 26 48
5525 23 0
5526 33 16
5527 48 7
5528 25 43
5529 18 8
5530 0 27
5531 31 11
5532 41 19
5533 17 41
5534 18 23
5535 44 2
5536 38 22
5537 48 8
5538 19 38
5539 42 19
5540 14 1
5541 36 47
5542 26 6
5543 17 3
5544 19 6
5545 24 3
5546 14 2
5547 17 13
5548 3 21
5549 14 4
5550 24 7
5551 11 14
5552 35 45
5553 20 46
5554 6 47
5555 26 43
5556 36 41
5557 11 15
5558 16 47
5559 16 8
5560 19 47
5561 18 22
5562 11 14
5563 24 5
5564 7 47
5565 26 49
5566 37 47
5567 27 44
5568 20 47
5569 18 23
5570 45 2
5571 15 44
5572 14 1
5573 13 41
5574 5 25
5575 11 15
5576 21 21
5577 38 21
5578 16 46
5579 14 27
5580 24 10
5581 16 32
5582 8 45
5583 28 23
5584 18 41
5585 9 49
5586 26 48
5587 42 21
5588 46 18
5589 11 26
5590 14 26
5591 19 49
5592 15 45
5593 48 7
5594 21 8
5595 38 47
5596 13 40
5597 34 48
5598 42 22
5599 13 31
5600 11 14
5601 28 49
5602 35 46
5603 29 48
5604 16 34
5605 11 47
5606 26 7
5607 11 15
5608 12 48
5609 4 25
5610 6 47
5611 33 15
5612 30 6
5613 19 17
5614 16 28
5615 47 18
5616 22 20
5617 35 48
5618 26 6
5619 21 9
5620 46 18
5621 23 36
5622 29 49
5623 16 3
5624 48 8
5625 20 21
5626 16 9
5627 44 21
5628 26 7
5629 13 41
5630 28 48
5631 19 22
5632 39 20
5633 26 49
5634 40 20
5635 10 47
5636 28 24
5637 17 41
5638 22 36
5639 47 18
5640 2 28
5641 4 21
5642 25 11
5643 15 44
5644 22 19
5645 37 47
5646 17 12
5647 23 10
5648 36 48
5649 3 23
5650 48 7
5651 35 45
5652 19 46
5653 28 7
5654 23 3
5655 14 5
5656 22 20
5657 47 17
5658 25 6
5659 25 43
5660 14 31
5661 17 38
5662 16 35
5663 16 47
5664 20 38
5665 19 40
5666 22 3
5667 16 8
5668 16 31
5669 34 48
5670 21 21
5671 26 48
5672 12 49
5673 26 43
5674 20 21
5675 14 4
5676 36 47
5677 15 29
5678 11 47
5679 16 46
5680 24 6
5681 32 11
5682 41 19
5683 19 5
5684 18 22
5685 13 11
5686 17 39
5687 47 18
5688 37 48
5689 25 43
5690 31 45
5691 27 41
5692 26 49
5693 20 46
5694 10 26
5695 33 16
5696 46 20
5697 38 22
5698 27 43
5699 47 17
5700 17 38
5701 16 34
5702 22 4
5703 24 10
5704 16 32
5705 19 23
5706 46 22
5707 45 1
5708 14 5
5709 19 39
5710 23 7
5711 17 3
5712 11 26
5713 6 21
5714 23 35
5715 23 10
5716 38 21
5717 23 4
5718 12 38
5719 22 4
5720 5 26
5721 38 22
5722 17 13
5723 14 29
5724 14 11
5725 25 5
5726 32 10
5727 13 11
5728 5 25
5729 38 21
5730 30 5
5731 4 25
5732 24 5
5733 23 5
5734 42 21
5735 10 26
5736 25 5
5737 45 2
5738 39 20
5739 35 46
5740 38 22
5741 44 2
5742 10 47
5743 3 21
5744 20 49
5745 24 5
5746 28 49
5747 2 23
5748 28 23
5749 35 42
5750 46 9
5751 31 44
5752 17 12
5753 13 40
5754 20 47
5755 19 40
5756 45 2
5757 14 2
5758 27 44
5759 32 11
5760 44 2
5761 11 41
5762 23 21
5763 5 25
5764 13 45
5765 40 20
5766 4 21
5767 22 1
5768 37 47
5769 16 3
5770 13 46
5771 28 24
5772 45 2
5773 39 20
5774 16 47
5775 30 6
5776 18 23
5777 22 35
5778 6 26
5779 17 28
5780 30 5
5781 47 18
5782 28 48
5783 27 43
5784 24 7
5785 46 17
5786 12 48
5787 16 17
5788 17 3
5789 35 48
5790 3 21
5791 19 38
5792 24 11
5793 47 17
5794 45 22
5795 23 4
5796 19 24
5797 15 42
5798 36 40
5799 11 14
5800 31 12
5801 23 36
5802 21 8
5803 46 22
5804 24 3
5805 20 46
5806 4 25
5807 16 42
5808 14 4
5809 26 6
5810 40 20
5811 35 45
5812 20 38
5813 39 20
5814 5 26
5815 21 9
5816 15 29
5817 16 18
5818 22 36
5819 19 49
5820 14 27
5821 28 49
5822 42 19
5823 11 15
5824 22 35
5825 31 11
5826 23 3
5827 22 0
5828 41 19
5829 18 41
5830 11 26
5831 17 39
5832 19 6
5833 11 14
5834 29 48
5835 14 1
5836 23 0
5837 20 47
5838 28 6
5839 13 41
5840 40 20
5841 19 5
5842 22 36
5843 33 15
5844 13 45
5845 15 45
5846 30 6
5847 15 44
5848 26 43
5849 21 8
5850 47 7
5851 7 47
5852 11 47
5853 20 49
5854 17 38
5855 6 47
5856 16 31
5857 14 29
5858 30 5
5859 17 41
5860 47 23
5861 15 42
5862 45 22
5863 13 31
5864 7 47
5865 12 49
5866 4 21
5867 17 15
5868 46 17
5869 36 41
5870 27 40
5871 20 46
5872 44 22
5873 21 9
5874 48 8
5875 45 20
5876 23 35
5877 42 22
5878 21 21
5879 6 47
5880 45 9
5881 18 46
5882 24 2
5883 18 22
5884 47 17
5885 29 49
5886 16 32
5887 36 47
5888 19 23
5889 19 39
5890 8 49
5891 22 0
5892 46 18
5893 18 23
5894 18 9
5895 9 49
5896 22 35
5897 24 10
5898 28 48
5899 20 4
5900 35 39
5901 22 2
5902 38 21
5903 42 21
5904 47 18
5905 22 1
5906 19 38
5907 10 47
5908 18 22
5909 25 11
5910 18 23
5911 28 49
5912 46 9
5913 12 39
5914 20 47
5915 10 26
5916 16 46
5917 18 17
5918 11 42
5919 7 47
5920 36 39
5921 36 40
5922 31 45
5923 0 26
5924 28 7
5925 45 1
5926 23 36
5927 21 4
5928 25 43
5929 16 9
5930 46 18
5931 39 20
5932 17 14
5933 28 6
5934 24 3
5935 45 2
5936 48 23
5937 17 39
5938 48 7
5939 27 41
5940 11 26
5941 29 48
5942 5 25
5943 23 4
5944 19 17
5945 14 11
5946 22 19
5947 22 5
5948 6 26
5949 20 21
5950 11 15
5951 26 7
5952 23 10
5953 48 8
5954 22 4
5955 22 36
5956 0 27
5957 17 13
5958 20 46
5959 20 4
5960 22 20
5961 21 4
5962 23 7
5963 26 6
5964 25 5
5965 27 40
5966 45 9
5967 46 7
5968 20 38
5969 23 20
5970 11 14
5971 34 42
5972 16 3
5973 16 8
5974 16 9
5975 19 40
5976 31 12
5977 34 48
5978 38 22
5979 46 9
5980 14 2
5981 24 5
5982 24 7
5983 11 41
5984 11 15
5985 19 49
5986 17 3
5987 12 48
5988 35 46
5989 23 3
5990 16 35
5991 14 26
5992 19 39
5993 31 44
5994 16 42
5995 16 31
5996 28 7
5997 24 11
5998 19 46
5999 14 5
6000 27 44
6001 46 20
6002 11 42
6003 27 41
6004 35 45
6005 18 8
6006 15 42
6007 17 15
6008 31 11
6009 45 9
6010 42 22
6011 14 1
6012 33 16
6013 47 18
6014 14 4
6015 5 21
6016 12 49
6017 18 46
6018 42 21
6019 16 47
6020 10 26
6021 3 21
6022 29 49
6023 44 21
6024 16 42
6025 15 45
6026 15 44
6027 3 23
6028 24 10
6029 44 22
6030 46 17
6031 16 3
6032 21 21
6033 17 3
6034 23 35
6035 13 40
6036 16 32
6037 22 2
6038 31 12
6039 5 26
6040 2 27
6041 28 23
6042 22 3
6043 20 47
6044 47 7
6045 46 1
6046 21 8
6047 19 38
6048 19 6
6049 42 22
6050 27 40
6051 14 31
6052 37 47
6053 20 46
6054 45 20
6055 26 48
6056 4 25
6057 28 6
6058 35 39
6059 47 17
6060 15 42
6061 13 11
6062 16 3
6063 31 11
6064 12 48
6065 16 46
6066 8 44
6067 32 10
6068 35 42
6069 46 22
6070 36 47
6071 31 45
6072 18 9
6073 46 20
6074 17 14
6075 22 1
6076 16 47
6077 11 47
6078 23 21
6079 8 49
6080 12 38
6081 45 1
6082 17 15
6083 18 8
6084 22 35
6085 23 36
6086 23 0
6087 16 42
6088 6 47
6089 46 9
6090 6 26
6091 14 11
6092 18 41
6093 28 7
6094 38 21
6095 45 20
6096 17 38
6097 20 21
6098 16 46
6099 45 22
6100 11 26
6101 14 5
6102 15 29
6103 18 9
6104 46 20
6105 42 21
6106 11 14
6107 14 29
6108 12 39
6109 17 14
6110 48 7
6111 21 9
6112 14 4
6113 22 19
6114 25 11
6115 28 6
6116 40 20
6117 24 3
6118 36 41
6119 20 38
6120 17 15
6121 25 5
6122 12 38
6123 6 21
6124 16 17
6125 24 11
6126 42 19
6127 47 23
6128 32 11
6129 27 41
6130 16 8
6131 19 38
6132 20 4
6133 22 36
6134 20 47
6135 16 9
6136 19 5
6137 23 35
6138 5 25
6139 46 1
6140 4 25
6141 27 43
6142 30 6
6143 28 48
6144 41 19
6145 46 18
6146 23 10
6147 22 0
6148 23 0
6149 28 49
6150 33 15
6151 37 47
6152 16 8
6153 23 7
6154 42 19
6155 24 7
6156 36 40
6157 45 20
6158 36 48
6159 18 8
6160 16 34
6161 26 43
6162 16 18
6163 11 15
6164 16 28
6165 26 7
6166 33 16
6167 15 42
6168 26 6
6169 19 22
6170 21 4
6171 20 49
6172 7 47
6173 46 21
6174 22 0
6175 9 49
6176 17 41
6177 25 43
6178 38 22
6179 10 47
6180 8 45
6181 5 26
6182 45 1
6183 45 2
6184 19 46
6185 22 35
6186 21 8
6187 15 29
6188 17 12
6189 13 41
6190 8 49
6191 26 43
6192 41 19
6193 16 17
6194 45 1
6195 16 18
6196 16 17
6197 18 22
6198 16 31
6199 17 3
6200 28 24
6201 0 26
6202 16 18
6203 48 23
6204 47 1
6205 42 19
6206 46 22
6207 17 14
6208 11 41
6209 0 27
6210 31 44
6211 23 20
6212 14 5
6213 46 1
6214 17 13
6215 36 47
6216 37 47
6217 15 45
6218 11 47
6219 32 9
6220 36 47
6221 19 23
6222 36 41
6223 22 2
6224 19 40
6225 18 41
6226 16 3
6227 16 9
6228 23 0
6229 13 11
6230 0 26
6231 24 5
6232 19 49
6233 22 20
6234 45 22
6235 8 44
6236 29 48
6237 41 19
6238 17 15
6239 14 27
6240 8 45
6241 20 49
6242 45 2
6243 29 49
6244 4 21
6245 23 7
6246 16 47
6247 11 14
6248 26 7
6249 6 47
6250 13 46
6251 20 46
6252 45 9
6253 28 49
6254 18 23
6255 10 47
6256 23 36
6257 17 12
6258 21 9
6259 6 26
6260 5 26
6261 21 21
6262 23 21
6263 42 19
6264 22 19
6265 23 3
6266 25 43
6267 26 6
6268 24 10
6269 37 47
6270 22 3
6271 15 44
6272 16 35
6273 0 27
6274 14 11
6275 23 20
6276 32 10
6277 19 47
6278 12 49
6279 32 11
6280 36 47
6281 48 8
6282 28 23
6283 46 22
6284 17 41
6285 19 24
6286 32 10
6287 6 26
6288 32 11
6289 36 40
6290 20 47
6291 21 8
6292 35 48
6293 12 39
6294 19 23
6295 47 18
6296 18 9
6297 17 39
6298 11 47
6299 22 20
6300 12 38
6301 13 40
6302 46 17
6303 14 2
6304 23 3
6305 15 45
6306 19 24
6307 10 47
6308 5 26
6309 13 31
6310 39 20
6311 29 49
6312 26 43
6313 28 7
6314 47 17
6315 28 48
6316 40 20
6317 36 41
6318 17 13
6319 15 44
6320 13 11
6321 38 21
6322 19 46
6323 20 46
6324 16 42
6325 32 10
6326 45 1
6327 14 29
6328 22 4
6329 16 17
6330 46 7
6331 8 44
6332 19 39
6333 15 42
6334 22 1
6335 24 7
6336 22 0
6337 36 39
6338 28 24
6339 38 47
6340 20 21
6341 16 18
6342 38 22
6343 14 26
6344 14 27
6345 18 17
6346 16 17
6347 34 48
6348 21 21
6349 17 14
6350 2 28
6351 0 26
6352 44 2
6353 46 20
6354 14 31
6355 0 27
6356 35 48
6357 5 25
6358 22 36
6359 14 26
6360 15 29
6361 39 20
6362 17 28
6363 46 18
6364 28 49
6365 16 34
6366 9 49
6367 28 6
6368 6 26
6369 13 45
6370 8 49
6371 21 9
6372 45 22
6373 45 20
6374 28 23
6375 15 45
6376 21 8
6377 18 22
6378 38 21
6379 8 45
6380 9 49
6381 15 44
6382 41 19
6383 37 47
6384 16 32
6385 22 2
6386 28 7
6387 27 44
6388 34 42
6389 47 7
6390 26 49
6391 31 45
6392 12 48
6393 5 21
6394 13 31
6395 11 42
6396 45 2
6397 26 48
6398 0 26
6399 19 40
6400 19 46
6401 23 4
6402 16 28
6403 8 49
6404 36 40
6405 27 43
6406 13 46
6407 31 9
6408 17 12
6409 31 44
6410 35 42
6411 46 7
6412 17 28
6413 20 4
6414 14 11
6415 44 2
6416 25 6
6417 27 44
6418 20 46
6419 36 41
6420 36 40
6421 33 15
6422 24 6
6423 35 39
6424 19 39
6425 16 35
6426 13 41
6427 3 21
6428 23 35
6429 34 48
6430 47 23
6431 25 43
6432 22 19
6433 42 19
6434 12 49
6435 14 4
6436 48 7
6437 22 20
6438 20 21
6439 21 9
6440 16 18
6441 25 5
6442 47 7
6443 19 40
6444 18 46
6445 35 48
6446 23 5
6447 6 21
6448 13 45
6449 5 21
6450 18 8
6451 26 43
6452 26 7
6453 16 28
6454 47 18
6455 36 47
6456 16 34
6457 46 22
6458 28 6
6459 26 49
6460 21 21
6461 24 5
6462 20 38
6463 45 2
6464 48 8
6465 32 11
6466 10 26
6467 14 31
6468 48 7
6469 16 35
6470 17 38
6471 17 28
6472 17 3
6473 17 39
6474 20 47
6475 26 6
6476 22 4
6477 11 15
6478 17 38
6479 22 3
6480 47 17
6481 32 9
6482 14 5
6483 47 18
6484 27 40
6485 21 4
6486 36 39
6487 11 14
6488 19 23
6489 18 41
6490 16 17
6491 16 31
6492 23 20
6493 30 5
6494 45 1
6495 13 46
6496 4 21
6497 13 40
6498 46 20
6499 35 39
6500 29 49
6501 4 25
6502 20 21
6503 7 47
6504 19 39
6505 23 4
6506 12 39
6507 19 46
6508 37 47
6509 27 43
6510 46 17
6511 16 8
6512 23 10
6513 2 27
6514 16 32
6515 35 46
6516 13 41
6517 13 40
6518 0 27
6519 25 5
6520 25 43
6521 39 47
6522 12 48
6523 12 38
6524 14 4
6525 28 7
6526 5 26
6527 24 5
6528 46 7
6529 47 17
6530 19 38
6531 16 9
6532 17 39
6533 14 1
6534 19 6
6535 35 45
6536 22 35
6537 27 41
6538 18 23
6539 22 2
6540 24 3
6541 0 26
6542 35 46
6543 3 21
6544 23 3
6545 48 23
6546 13 41
6547 16 46
6548 12 39
6549 14 29
6550 19 40
6551 31 45
6552 35 45
6553 17 41
6554 17 13
6555 28 6
6556 47 21
6557 30 6
6558 23 4
6559 38 47
6560 13 40
6561 2 23
6562 13 45
6563 22 3
6564 46 18
6565 22 2
6566 17 15
6567 18 41
6568 36 41
6569 45 2
6570 41 19
6571 14 27
6572 39 47
6573 19 49
6574 28 49
6575 47 7
6576 32 10
6577 27 44
6578 47 18
6579 24 10
6580 16 18
6581 31 9
6582 12 49
6583 11 47
6584 22 3
6585 47 17
6586 16 28
6587 14 5
6588 28 7
6589 21 21
6590 20 21
6591 26 48
6592 8 44
6593 16 47
6594 20 4
6595 42 22
6596 16 3
6597 17 3
6598 26 7
6599 16 8
6600 32 9
6601 34 42
6602 16 42
6603 36 47
6604 34 48
6605 46 7
6606 26 49
6607 22 36
6608 16 3
6609 22 35
6610 5 25
6611 36 40
6612 13 31
6613 19 5
6614 22 4
6615 21 21
6616 20 49
6617 22 36
6618 28 6
6619 3 23
6620 26 6
6621 14 4
6622 22 2
6623 40 20
6624 12 38
6625 17 12
6626 20 21
6627 31 9
6628 45 1
6629 47 18
6630 4 21
6631 14 31
6632 15 29
6633 16 34
6634 38 47
6635 35 48
6636 11 26
6637 45 2
6638 19 39
6639 36 39
6640 31 44
6641 33 16
6642 12 39
6643 31 45
6644 19 40
6645 38 22
6646 22 35
6647 17 3
6648 11 15
6649 22 36
6650 35 46
6651 42 21
6652 2 28
6653 26 43
6654 19 17
6655 2 23
6656 18 22
6657 26 5
6658 46 9
6659 12 48
6660 17 28
6661 28 24
6662 45 9
6663 38 21
6664 16 17
6665 35 39
6666 11 41
6667 4 25
6668 5 25
6669 47 7
6670 18 23
6671 34 48
6672 46 9
6673 46 18
6674 45 1
6675 37 47
6676 14 29
6677 19 39
6678 4 25
6679 47 18
6680 45 9
6681 19 40
6682 16 31
6683 15 42
6684 26 7
6685 19 22
6686 22 35
6687 46 21
6688 10 26
6689 23 4
6690 21 4
6691 20 46
6692 19 6
6693 17 13
6694 12 38
6695 23 10
6696 38 22
6697 17 14
6698 16 42
6699 21 21
6700 3 21
6701 20 4
6702 11 42
6703 16 18
6704 36 48
6705 25 5
6706 45 2
6707 42 19
6708 18 22
6709 22 1
6710 21 4
6711 46 17
6712 0 27
6713 9 49
6714 47 17
6715 16 35
6716 42 22
6717 20 21
6718 11 14
6719 15 42
6720 16 3
6721 16 42
6722 13 46
6723 15 45
6724 19 22
6725 19 46
6726 36 47
6727 17 12
6728 16 34
6729 32 9
6730 18 22
6731 2 27
6732 25 43
6733 6 21
6734 24 10
6735 12 49
6736 26 43
6737 30 5
6738 19 23
6739 22 2
6740 16 28
6741 17 41
6742 48 8
6743 20 46
6744 22 20
6745 13 31
6746 5 25
6747 4 21
6748 16 35
6749 30 6
6750 24 11
6751 4 25
6752 46 7
6753 41 19
6754 26 48
6755 23 3
6756 32 11
6757 19 49
6758 5 21
6759 24 10
6760 20 49
6761 0 26
6762 21 21
6763 28 7
6764 15 44
6765 47 7
6766 27 40
6767 18 46
6768 47 23
6769 6 47
6770 48 7
6771 18 17
6772 13 41
6773 36 39
6774 48 23
6775 23 4
6776 19 46
6777 8 49
6778 8 45
6779 11 26
6780 18 23
6781 23 9
6782 35 42
6783 19 17
6784 24 6
6785 26 6
6786 6 21
6787 16 9
6788 18 17
6789 16 46
6790 42 19
6791 27 41
6792 46 9
6793 17 38
6794 28 48
6795 35 48
6796 32 10
6797 38 47
6798 13 11
6799 17 39
6800 10 47
6801 12 48
6802 28 49
6803 26 7
6804 23 36
6805 16 32
6806 23 10
6807 14 11
6808 17 28
6809 0 27
6810 25 43
6811 24 11
6812 11 47
6813 21 8
6814 20 38
6815 23 20
6816 32 9
6817 14 5
6818 24 10
6819 19 49
6820 15 45
6821 14 2
6822 41 19
6823 18 46
6824 6 26
6825 14 4
6826 16 47
6827 27 43
6828 14 31
6829 16 28
6830 13 31
6831 16 8
6832 48 8
6833 13 11
6834 17 28
6835 18 22
6836 22 1
6837 7 47
6838 16 31
6839 48 7
6840 39 20
6841 16 34
6842 29 48
6843 46 17
6844 19 46
6845 34 48
6846 11 41
6847 36 41
6848 23 10
6849 47 23
6850 5 26
6851 45 20
6852 30 5
6853 15 42
6854 24 2
6855 2 28
6856 22 2
6857 20 49
6858 11 42
6859 17 3
6860 2 27
6861 27 40
6862 29 49
6863 14 5
6864 35 48
6865 34 42
6866 38 21
6867 15 44
6868 48 23
6869 15 29
6870 14 11
6871 42 21
6872 18 46
6873 21 9
6874 22 36
6875 6 47
6876 14 29
6877 12 49
6878 40 20
6879 15 29
6880 35 39
6881 24 3
6882 45 22
6883 19 5
6884 3 23
6885 36 39
6886 48 8
6887 12 39
6888 32 10
6889 22 20
6890 14 26
6891 20 21
6892 2 28
6893 22 35
6894 16 28
6895 46 7
6896 33 15
6897 14 29
6898 6 26
6899 24 10
6900 23 20
6901 23 0
6902 24 2
6903 18 9
6904 14 1
6905 26 49
6906 14 2
6907 5 21
6908 31 11
6909 10 26
6910 24 3
6911 23 3
6912 13 45
6913 44 3
6914 24 3
6915 18 41
6916 18 23
6917 28 6
6918 28 7
6919 32 11
6920 23 5
6921 19 22
6922 16 3
6923 16 9
6924 18 8
6925 16 46
6926 9 49
6927 22 4
6928 28 23
6929 8 49
6930 17 41
6931 15 29
6932 22 20
6933 36 40
6934 17 28
6935 21 21
6936 28 24
6937 31 12
6938 48 7
6939 27 44
6940 22 1
6941 46 22
6942 27 43
6943 46 20
6944 5 26
6945 24 5
6946 14 27
6947 0 26
6948 16 42
6949 18 22
6950 17 15
6951 6 21
6952 10 47
6953 29 48
6954 38 22
6955 7 47
6956 30 6
6957 16 17
6958 14 26
6959 17 3
6960 38 21
6961 25 11
6962 23 4
6963 9 49
6964 22 5
6965 47 17
6966 23 5
6967 20 47
6968 47 7
6969 47 23
6970 8 49
6971 19 39
6972 20 46
6973 32 10
6974 34 48
6975 23 20
6976 14 1
6977 29 49
6978 16 35
6979 6 26
6980 19 23
6981 20 21
6982 24 11
6983 13 11
6984 22 0
6985 27 44
6986 13 46
6987 26 5
6988 42 19
6989 19 17
6990 19 38
6991 3 21
6992 11 15
6993 22 36
6994 45 1
6995 44 2
6996 12 38
6997 37 47
6998 32 11
6999 18 9
7000 36 48
7001 9 49
7002 17 38
7003 47 18
7004 35 45
7005 17 39
7006 15 42
7007 12 39
7008 15 45
7009 31 11
7010 14 2
7011 14 4
7012 45 2
7013 42 22
7014 12 48
7015 38 22
7016 36 47
7017 15 44
7018 23 10
7019 16 18
7020 17 13
7021 28 49
7022 45 9
7023 19 40
7024 48 8
7025 19 49
7026 39 20
7027 18 23
7028 6 47
7029 23 35
7030 23 0
7031 13 45
7032 46 9
7033 19 39
7034 18 17
7035 35 46
7036 17 12
7037 27 41
7038 42 21
7039 19 40
7040 29 49
7041 24 10
7042 15 45
7043 28 49
7044 14 1
7045 7 47
7046 22 20
7047 25 5
7048 19 39
7049 26 48
7050 35 42
7051 26 43
7052 20 47
7053 27 43
7054 31 44
7055 19 40
7056 18 8
7057 46 1
7058 28 23
7059 23 21
7060 17 38
7061 12 49
7062 26 49
7063 25 43
7064 29 49
7065 18 9
7066 19 6
7067 21 8
7068 26 48
7069 14 29
7070 35 39
7071 12 48
7072 16 3
7073 28 6
7074 4 21
7075 21 21
7076 14 31
7077 45 1
7078 26 6
7079 19 23
7080 17 3
7081 41 19
7082 44 2
7083 19 5
7084 37 47
7085 11 41
7086 23 3
7087 22 19
7088 23 20
7089 18 8
7090 21 9
7091 16 17
7092 36 47
7093 16 18
7094 8 44
7095 16 3
7096 26 43
7097 26 7
7098 16 42
7099 48 23
7100 42 19
7101 36 39
7102 20 21
7103 11 14
7104 17 14
7105 36 41
7106 11 42
7107 22 2
7108 38 21
7109 26 6
7110 16 34
7111 18 41
7112 8 45
7113 20 4
7114 11 15
7115 23 4
7116 19 46
7117 2 27
7118 37 47
7119 22 35
7120 17 15
7121 28 7
7122 46 7
7123 8 49
7124 2 23
7125 5 26
7126 11 41
7127 16 35
7128 23 3
7129 48 7
7130 16 17
7131 21 21
7132 18 23
7133 19 6
7134 28 6
7135 26 49
7136 45 2
7137 15 44
7138 35 39
7139 22 0
7140 23 9
7141 28 7
7142 14 11
7143 28 6
7144 0 27
7145 20 38
7146 15 29
7147 47 17
7148 5 21
7149 28 48
7150 42 22
7151 20 21
7152 15 45
7153 23 10
7154 22 1
7155 31 45
7156 33 16
7157 15 44
7158 14 5
7159 36 39
7160 47 21
7161 19 22
7162 6 47
7163 47 23
7164 46 1
7165 22 20
7166 30 5
7167 13 11
7168 31 44
7169 23 0
7170 36 40
7171 41 19
7172 17 13
7173 15 45
7174 32 10
7175 8 44
7176 38 22
7177 19 5
7178 16 34
7179 19 17
7180 23 36
7181 22 19
7182 36 41
7183 18 9
7184 22 20
7185 16 18
7186 32 11
7187 20 46
7188 48 8
7189 14 2
7190 14 4
7191 12 38
7192 17 14
7193 14 27
7194 22 36
7195 24 6
7196 30 6
7197 14 11
7198 8 45
7199 19 6
7200 23 35
7201 26 48
7202 16 47
7203 23 21
7204 7 47
7205 18 22
7206 28 49
7207 11 47
7208 13 40
7209 16 17
7210 25 43
7211 46 18
7212 18 17
7213 23 4
7214 6 26
7215 45 9
7216 14 29
7217 11 14
7218 31 45
7219 0 26
7220 11 26
7221 22 19
7222 19 5
7223 19 22
7224 18 22
7225 22 35
7226 19 38
7227 19 6
7228 45 1
7229 20 47
7230 14 26
7231 15 44
7232 46 9
7233 18 23
7234 23 8
7235 46 21
7236 16 18
7237 6 21
7238 11 15
7239 45 22
7240 17 15
7241 28 7
7242 36 47
7243 46 1
7244 45 20
7245 17 12
7246 33 15
7247 42 19
7248 20 49
7249 46 22
7250 19 5
7251 35 45
7252 20 38
7253 15 42
7254 21 4
7255 2 28
7256 10 26
7257 24 5
7258 5 26
7259 45 22
7260 16 17
7261 5 25
7262 22 0
7263 46 20
7264 47 18
7265 48 7
7266 14 5
7267 16 28
7268 20 5
7269 11 26
7270 13 31
7271 3 23
7272 19 17
7273 15 29
7274 20 46
7275 22 5
7276 23 20
7277 31 44
7278 18 8
7279 18 9
7280 38 21
7281 35 46
7282 17 28
7283 3 21
7284 16 46
7285 14 31
7286 19 39
7287 17 39
7288 2 27
7289 0 27
7290 6 47
7291 16 35
7292 20 4
7293 35 39
7294 20 5
7295 14 1
7296 17 38
7297 37 47
7298 22 20
7299 36 47
7300 4 25
7301 27 44
7302 8 44
7303 5 21
7304 17 41
7305 11 42
7306 17 39
7307 13 41
7308 17 3
7309 18 22
7310 18 41
7311 25 5
7312 27 40
7313 46 22
7314 14 4
7315 7 47
7316 16 3
7317 36 48
7318 24 10
7319 16 34
7320 12 39
7321 15 45
7322 23 9
7323 17 14
7324 23 19
7325 17 41
7326 19 23
7327 6 47
7328 4 21
7329 36 47
7330 19 38
7331 16 8
7332 33 16
7333 26 7
7334 26 6
7335 6 26
7336 46 21
7337 13 31
7338 23 3
7339 48 8
7340 12 38
7341 12 39
7342 12 49
7343 12 48
7344 45 9
7345 19 49
7346 47 7
7347 37 47
7348 41 19
7349 36 39
7350 2 23
7351 46 22
7352 16 32
7353 40 20
7354 19 6
7355 30 5
7356 20 4
7357 17 15
7358 39 20
7359 16 47
7360 10 47
7361 9 49
7362 35 39
7363 28 24
7364 12 49
7365 27 41
7366 45 22
7367 42 19
7368 28 6
7369 14 2
7370 14 29
7371 41 19
7372 15 29
7373 15 44
7374 22 4
7375 31 12
7376 23 4
7377 14 5
7378 46 18
7379 21 4
7380 13 46
7381 24 5
7382 24 6
7383 46 22
7384 12 38
7385 26 43
7386 32 10
7387 17 14
7388 33 15
7389 13 45
7390 45 20
7391 7 47
7392 33 16
7393 12 39
7394 14 1
7395 23 10
7396 12 38
7397 14 29
7398 19 46
7399 36 40
7400 18 23
7401 13 40
7402 30 6
7403 14 4
7404 33 15
7405 19 4
7406 8 45
7407 48 23
7408 16 42
7409 2 28
7410 24 10
7411 15 45
7412 29 48
7413 8 44
7414 46 20
7415 16 31
7416 22 19
7417 27 43
7418 24 5
7419 24 6
7420 45 22
7421 45 1
7422 23 10
7423 14 31
7424 40 20
7425 39 20
7426 24 5
7427 18 8
7428 35 48
7429 42 19
7430 36 47
7431 31 11
7432 17 15
7433 19 23
7434 20 4
7435 23 20
7436 15 29
7437 19 5
7438 8 45
7439 19 7
7440 13 11
7441 44 2
7442 18 41
7443 28 7
7444 19 6
7445 36 41
7446 38 22
7447 22 2
7448 47 23
7449 14 11
7450 18 9
7451 22 20
7452 34 48
7453 47 18
7454 26 49
7455 46 17
7456 6 21
7457 21 4
7458 17 38
7459 20 49
7460 16 9
7461 45 2
7462 29 49
7463 0 26
7464 5 25
7465 17 3
7466 26 7
7467 20 46
7468 22 19
7469 14 27
7470 26 5
7471 27 44
7472 47 17
7473 16 46
7474 11 47
7475 14 5
7476 46 18
7477 16 28
7478 29 48
7479 32 11
7480 19 7
7481 16 3
7482 12 39
7483 18 46
7484 8 49
7485 23 36
7486 17 39
7487 26 6
7488 20 4
7489 13 31
7490 38 47
7491 12 38
7492 5 26
7493 44 2
7494 47 18
7495 32 9
7496 10 47
7497 6 26
7498 16 35
7499 21 21
# colocadas=7500 ocupadas=100 mayor=488
