0 15 45
1 14 5
2 24 6
3 35 46
4 11 26
5 4 25
6 13 11
7 47 23
8 20 4
9 16 17
10 35 45
11 25 5
12 16 18
13 17 38
14 42 19
15 24 10
16 22 19
17 26 5
18 20 47
19 28 49
20 41 19
21 42 19
22 24 5
23 14 11
24 47 17
25 5 25
26 21 4
27 24 6
28 36 41
29 46 9
30 22 20
31 35 46
32 41 19
33 20 4
34 16 17
35 4 25
36 48 23
37 16 28
38 20 46
39 10 26
40 47 18
41 45 1
42 36 40
43 23 10
44 42 19
45 45 2
46 17 28
47 21 4
48 20 47
49 3 21
50 15 44
51 35 45
52 25 43
53 47 17
54 29 49
55 22 19
56 15 45
57 36 41
58 15 44
59 20 4
60 22 20
61 14 4
62 14 5
63 15 45
64 21 4
65 28 49
66 47 23
67 41 19
68 17 39
69 22 19
70 15 44
71 20 4
72 45 1
73 16 28
74 45 2
75 24 10
76 35 46
77 11 26
78 17 28
79 14 4
80 13 31
81 16 18
82 42 19
83 16 28
84 20 46
85 20 47
86 35 45
87 45 9
88 36 40
89 29 49
90 35 46
91 28 49
92 24 5
93 16 17
94 41 19
95 22 20
96 36 41
97 14 5
98 14 4
99 10 26
100 35 45
101 35 46
102 47 18
103 29 49
104 17 38
105 24 6
106 42 19
107 22 19
108 14 31
109 24 5
110 13 31
111 26 6
112 26 43
113 16 18
114 23 10
115 4 21
116 48 23
117 13 11
118 26 7
119 14 11
120 5 25
121 14 31
122 21 4
123 41 19
124 11 26
125 45 1
126 45 2
127 25 43
128 13 31
129 45 1
130 47 17
131 16 17
132 13 11
133 16 18
134 4 25
135 26 6
136 26 7
137 45 2
138 22 20
139 3 21
140 5 25
141 17 39
142 28 49
143 17 38
144 35 45
145 14 31
146 10 26
147 46 9
148 4 21
149 26 6
150 47 18
151 47 23
152 45 1
153 16 17
154 20 4
155 17 28
156 16 28
157 17 28
158 17 39
159 24 6
160 11 26
161 24 10
162 36 40
163 4 25
164 14 5
165 24 5
166 29 49
167 14 4
168 26 43
169 28 49
170 17 38
171 36 41
172 16 18
173 42 19
174 13 31
175 23 10
176 14 31
177 41 19
178 36 40
179 35 46
180 24 6
181 36 41
182 17 39
183 47 17
184 16 17
185 48 23
186 10 26
187 47 23
188 17 38
189 15 45
190 35 45
191 35 46
192 36 40
193 21 4
194 20 46
195 47 18
196 24 10
197 17 39
198 45 9
199 20 47
200 42 19
201 46 9
202 13 31
203 17 38
204 48 23
205 3 21
206 17 39
207 47 17
208 35 45
209 16 28
210 26 7
211 17 28
212 41 19
213 16 18
214 47 18
215 20 4
216 16 28
217 25 43
218 47 17
219 26 43
220 16 17
221 42 19
222 26 6
223 11 26
224 24 5
225 35 46
226 15 44
227 17 28
228 16 18
229 29 49
230 45 2
231 16 17
232 21 4
233 23 10
234 5 25
235 4 21
236 16 28
237 17 28
238 36 41
239 14 5
240 20 46
241 20 47
242 45 9
243 41 19
244 42 19
245 17 38
246 28 49
247 46 9
248 45 1
249 22 19
250 24 10
251 41 19
252 15 45
253 14 31
254 20 4
255 20 46
256 14 4
257 16 18
258 24 6
259 16 17
260 16 18
261 36 40
262 45 9
263 35 45
264 24 5
265 22 20
266 3 21
267 24 6
268 29 49
269 22 19
270 23 10
271 17 39
272 35 46
273 4 25
274 47 23
275 47 18
276 24 10
277 21 4
278 17 38
279 24 5
280 20 4
281 16 28
282 24 6
283 17 39
284 26 7
285 21 4
286 20 4
287 48 23
288 26 6
289 20 47
290 10 26
291 23 10
292 17 28
293 21 4
294 4 21
295 13 31
296 3 21
297 35 45
298 14 11
299 35 46
300 20 46
301 22 20
302 47 23
303 20 47
304 46 9
305 28 49
306 14 5
307 16 17
308 29 49
309 42 19
310 20 46
311 22 19
312 17 38
313 16 28
314 24 10
315 5 25
316 23 10
317 17 39
318 24 5
319 17 38
320 16 18
321 14 31
322 4 25
323 13 31
324 24 6
325 17 39
326 16 17
327 35 45
328 25 43
329 22 20
330 26 7
331 13 11
332 20 47
333 15 44
334 22 19
335 17 28
336 24 10
337 28 49
338 23 10
339 15 45
340 24 10
341 41 19
342 26 43
343 22 20
344 20 4
345 26 6
346 23 10
347 22 19
348 16 18
349 15 44
350 45 9
351 20 46
352 36 41
353 42 19
354 41 19
355 29 49
356 24 5
357 4 21
358 20 47
359 28 49
360 29 49
361 20 46
362 14 31
363 13 31
364 35 46
365 42 19
366 35 45
367 14 11
368 36 40
369 25 43
370 26 7
371 47 17
372 3 21
373 17 38
374 46 9
375 45 9
376 48 23
377 36 41
378 24 10
379 47 23
380 28 49
381 15 45
382 14 31
383 46 9
384 24 6
385 26 43
386 45 9
387 4 21
388 20 47
389 41 19
390 13 11
391 25 43
392 16 17
393 26 43
394 46 9
395 26 6
396 14 11
397 35 46
398 48 23
399 5 25
400 47 23
401 13 11
402 36 40
403 16 18
404 21 4
405 16 28
406 11 26
407 4 25
408 16 17
409 47 18
410 5 25
411 45 2
412 24 5
413 10 26
414 22 20
415 25 43
416 3 21
417 45 1
418 26 7
419 4 21
420 15 44
421 23 10
422 48 23
423 16 18
424 14 11
425 36 41
426 45 2
427 3 21
428 24 6
429 47 23
430 45 9
431 35 45
432 17 28
433 22 19
434 4 25
435 22 20
436 11 26
437 5 25
438 42 19
439 22 19
440 24 10
441 35 46
442 29 49
443 13 11
444 16 17
445 17 39
446 17 38
447 4 21
448 22 20
449 23 10
450 14 4
451 26 43
452 15 45
453 36 40
454 17 39
455 41 19
456 13 31
457 42 19
458 41 19
459 4 25
460 36 41
461 48 23
462 35 45
463 26 6
464 15 44
465 46 9
466 3 21
467 22 19
468 15 45
469 45 9
470 47 17
471 46 9
472 24 10
473 25 43
474 14 11
475 15 44
476 42 19
477 16 28
478 23 10
479 47 18
480 26 43
481 10 26
482 14 31
483 20 4
484 17 28
485 41 19
486 26 7
487 20 46
488 45 9
489 21 4
490 36 40
491 25 43
492 36 41
493 42 19
494 13 11
495 22 20
496 24 5
497 26 6
498 26 43
499 45 1
500 15 45
501 5 25
502 17 38
503 20 4
504 11 26
505 22 19
506 24 10
507 13 31
508 36 40
509 14 5
510 35 46
511 15 44
512 41 19
513 17 39
514 28 49
515 14 11
516 16 18
517 15 45
518 42 19
519 13 11
520 24 6
521 10 26
522 21 4
523 26 7
524 36 41
525 29 49
526 4 25
527 16 17
528 16 18
529 14 11
530 35 45
531 20 4
532 17 38
533 13 11
534 26 6
535 16 28
536 25 43
537 22 20
538 36 40
539 21 4
540 11 26
541 26 43
542 23 10
543 24 5
544 45 2
545 14 11
546 41 19
547 47 23
548 14 31
549 10 26
550 11 26
551 16 17
552 48 23
553 16 18
554 24 10
555 24 6
556 22 19
557 13 11
558 17 28
559 14 11
560 20 47
561 45 1
562 25 43
563 26 43
564 17 39
565 4 21
566 13 31
567 26 7
568 20 46
569 47 23
570 24 5
571 14 4
572 10 26
573 17 38
574 16 17
575 11 26
576 20 4
577 45 2
578 28 49
579 26 6
580 17 39
581 46 9
582 16 28
583 22 20
584 24 6
585 45 1
586 5 25
587 16 18
588 14 5
589 3 21
590 22 19
591 21 4
592 22 20
593 45 9
594 4 21
595 22 19
596 35 46
597 42 19
598 26 7
599 47 17
600 48 23
601 46 9
602 25 43
603 47 23
604 17 28
605 48 23
606 3 21
607 26 6
608 16 17
609 47 23
610 35 45
611 10 26
612 26 7
613 14 31
614 15 44
615 16 28
616 13 31
617 16 18
618 29 49
619 45 9
620 35 46
621 17 28
622 14 4
623 36 41
624 45 2
625 23 10
626 4 21
627 13 11
628 24 5
629 16 17
630 15 45
631 16 18
632 28 49
633 11 26
634 46 9
635 36 40
636 3 21
637 22 20
638 20 47
639 35 45
640 20 4
641 41 19
642 21 4
643 14 11
644 45 1
645 47 18
646 47 17
647 20 46
648 48 23
649 24 10
650 29 49
651 13 11
652 16 28
653 45 2
654 45 9
655 47 23
656 26 6
657 28 49
658 36 41
659 45 1
660 29 49
661 22 19
662 20 47
663 24 6
664 4 21
665 46 9
666 20 46
667 17 28
668 20 4
669 42 19
670 26 43
671 28 49
672 29 49
673 47 18
674 45 9
675 10 26
676 36 40
677 14 5
678 4 25
679 3 21
680 23 10
681 28 49
682 22 20
683 25 43
684 26 43
685 16 17
686 20 47
687 15 44
688 14 31
689 26 7
690 48 23
691 21 4
692 22 19
693 14 11
694 15 45
695 24 5
696 47 23
697 17 38
698 13 31
699 47 17
700 16 18
701 14 31
702 26 6
703 15 44
704 13 11
705 4 21
706 20 46
707 24 6
708 35 46
709 5 25
710 41 19
711 45 2
712 16 28
713 17 39
714 17 38
715 46 9
716 45 1
717 42 19
718 4 25
719 24 10
720 5 25
721 35 45
722 4 25
723 48 23
724 41 19
725 17 28
726 45 9
727 24 5
728 20 4
729 47 23
730 3 21
731 29 49
732 4 21
733 17 39
734 14 4
735 16 17
736 47 18
737 14 5
738 25 43
739 22 20
740 15 45
741 23 10
742 17 38
743 47 17
744 22 19
745 48 23
746 22 20
747 5 25
748 42 19
749 24 10
750 11 26
751 24 6
752 46 9
753 41 19
754 15 44
755 3 21
756 20 47
757 47 23
758 16 18
759 24 5
760 15 45
761 21 4
762 48 23
763 35 46
764 35 45
765 47 23
766 26 7
767 45 9
768 24 6
769 36 41
770 28 49
771 36 40
772 14 4
773 47 18
774 14 11
775 23 10
776 26 6
777 20 4
778 26 43
779 16 28
780 25 43
781 13 31
782 14 5
783 26 7
784 47 17
785 26 6
786 26 7
787 35 46
788 26 6
789 21 4
790 14 31
791 26 43
792 13 11
793 22 19
794 24 5
795 24 10
796 4 25
797 13 31
798 5 25
799 15 44
800 25 43
801 26 43
802 10 26
803 24 6
804 4 25
805 46 9
806 45 2
807 36 41
808 45 9
809 46 9
810 5 25
811 14 31
812 17 28
813 4 21
814 17 39
815 26 7
816 22 20
817 45 9
818 45 1
819 47 18
820 25 43
821 47 17
822 14 4
823 42 19
824 11 26
825 45 2
826 10 26
827 46 9
828 23 10
829 45 9
830 11 26
831 14 5
832 14 4
833 16 28
834 29 49
835 3 21
836 20 4
837 46 9
838 14 11
839 13 31
840 20 46
841 13 11
842 22 19
843 17 28
844 26 6
845 26 7
846 4 21
847 15 45
848 41 19
849 3 21
850 14 5
851 26 6
852 17 38
853 14 11
854 45 9
855 26 7
856 24 5
857 4 21
858 14 4
859 42 19
860 35 45
861 47 18
862 47 17
863 3 21
864 24 6
865 26 6
866 46 9
867 16 17
868 45 9
869 22 20
870 26 43
871 22 19
872 47 18
873 24 5
874 14 5
875 35 46
876 14 31
877 10 26
878 20 47
879 22 20
880 4 21
881 16 18
882 16 28
883 46 9
884 36 40
885 16 17
886 13 11
887 48 23
888 24 10
889 23 10
890 25 43
891 17 39
892 13 31
893 45 1
894 47 23
895 22 19
896 36 41
897 14 31
898 35 45
899 36 40
900 17 38
901 4 25
902 26 43
903 36 41
904 15 44
905 15 45
906 24 10
907 24 6
908 21 4
909 36 40
910 23 10
911 13 31
912 45 2
913 26 7
914 47 17
915 15 44
916 3 21
917 41 19
918 16 18
919 15 45
920 14 11
921 11 26
922 4 21
923 14 31
924 16 17
925 25 43
926 24 10
927 45 1
928 36 41
929 13 31
930 24 5
931 20 46
932 10 26
933 45 9
934 20 47
935 14 4
936 28 49
937 36 40
938 15 44
939 11 26
940 3 21
941 15 45
942 47 18
943 17 39
944 36 41
945 10 26
946 14 5
947 24 6
948 42 19
949 14 31
950 35 46
951 17 28
952 16 18
953 20 46
954 26 6
955 48 23
956 13 11
957 14 11
958 5 25
959 13 11
960 35 45
961 26 7
962 11 26
963 4 21
964 14 4
965 20 4
966 20 47
967 13 31
968 26 43
969 24 5
970 35 46
971 16 28
972 23 10
973 35 45
974 4 25
975 41 19
976 16 17
977 17 38
978 17 39
979 42 19
980 14 31
981 17 38
982 47 17
983 47 23
984 17 39
985 10 26
986 17 28
987 24 10
988 23 10
989 46 9
990 48 23
991 11 26
992 26 6
993 25 43
994 36 40
995 45 2
996 26 43
997 47 18
998 17 38
999 25 43
1000 41 19
1001 10 26
1002 17 39
1003 26 7
1004 24 6
1005 26 6
1006 26 7
1007 24 5
1008 35 46
1009 47 17
1010 17 38
1011 26 6
1012 13 31
1013 14 11
1014 17 39
1015 29 49
1016 3 21
1017 15 44
1018 13 11
1019 14 5
1020 16 18
1021 36 41
1022 45 9
1023 17 38
1024 36 40
1025 11 26
1026 14 11
1027 22 20
1028 46 9
1029 4 21
1030 17 39
1031 35 45
1032 35 46
1033 20 46
1034 5 25
1035 15 45
1036 14 31
1037 24 6
1038 45 1
1039 22 19
1040 47 18
1041 13 31
1042 35 45
1043 16 17
1044 42 19
1045 3 21
1046 14 31
1047 41 19
1048 47 17
1049 16 18
1050 20 47
1051 28 49
1052 16 17
1053 13 11
1054 17 38
1055 22 20
1056 42 19
1057 45 2
1058 29 49
1059 21 4
1060 26 43
1061 24 5
1062 36 41
1063 4 25
1064 5 25
1065 20 46
1066 4 21
1067 25 43
1068 47 18
1069 4 25
1070 45 9
1071 26 7
1072 36 40
1073 26 6
1074 3 21
1075 14 4
1076 46 9
1077 24 6
1078 24 5
1079 14 11
1080 28 49
1081 26 43
1082 5 25
1083 26 7
1084 47 23
1085 24 6
1086 25 43
1087 16 18
1088 20 47
1089 14 5
1090 15 44
1091 35 46
1092 13 31
1093 4 21
1094 3 21
1095 4 25
1096 16 28
1097 14 4
1098 24 10
1099 20 4
1100 4 21
1101 36 41
1102 21 4
1103 24 5
1104 47 17
1105 35 45
1106 5 25
1107 26 6
1108 23 10
1109 20 46
1110 22 19
1111 22 20
1112 47 18
1113 36 40
1114 45 1
1115 26 43
1116 25 43
1117 13 11
1118 26 43
1119 29 49
1120 20 47
1121 4 25
1122 28 49
1123 36 41
1124 10 26
1125 15 45
1126 17 28
1127 47 17
1128 14 5
1129 16 17
1130 36 40
1131 36 41
1132 22 19
1133 17 39
1134 25 43
1135 11 26
1136 5 25
1137 16 18
1138 14 11
1139 41 19
1140 3 21
1141 45 9
1142 14 31
1143 15 44
1144 14 4
1145 24 10
1146 24 6
1147 17 38
1148 47 18
1149 26 7
1150 13 11
1151 24 5
1152 45 2
1153 13 31
1154 24 6
1155 4 21
1156 14 31
1157 15 45
1158 20 46
1159 42 19
1160 29 49
1161 15 44
1162 36 40
1163 22 20
1164 23 10
1165 48 23
1166 36 41
1167 15 45
1168 41 19
1169 45 1
1170 42 19
1171 24 5
1172 14 5
1173 26 6
1174 10 26
1175 47 17
1176 13 31
1177 17 39
1178 11 26
1179 14 31
1180 16 17
1181 10 26
1182 24 10
1183 28 49
1184 16 28
1185 20 47
1186 17 28
1187 47 18
1188 29 49
1189 4 25
1190 45 2
1191 13 31
1192 14 11
1193 20 46
1194 45 1
1195 3 21
1196 20 4
1197 46 9
1198 14 4
1199 11 26
1200 14 5
1201 5 25
1202 26 7
1203 4 25
1204 36 40
1205 17 38
1206 14 4
1207 16 28
1208 24 6
1209 47 17
1210 17 39
1211 36 41
1212 24 5
1213 20 47
1214 45 2
1215 4 21
1216 14 5
1217 41 19
1218 23 10
1219 26 43
1220 45 9
1221 21 4
1222 47 18
1223 42 19
1224 28 49
1225 36 40
1226 5 25
1227 35 46
1228 35 45
1229 25 43
1230 13 11
1231 17 38
1232 47 23
1233 41 19
1234 14 11
1235 35 46
1236 17 28
1237 45 1
1238 45 2
1239 14 4
1240 29 49
1241 26 43
1242 13 11
1243 35 45
1244 17 39
1245 46 9
1246 48 23
1247 28 49
1248 26 6
1249 16 18
1250 26 7
1251 47 23
1252 48 23
1253 45 9
1254 46 9
1255 36 41
1256 4 25
1257 3 21
1258 16 17
1259 45 1
1260 47 23
1261 29 49
1262 15 44
1263 35 46
1264 10 26
1265 15 45
1266 42 19
1267 17 38
1268 41 19
1269 20 4
1270 22 19
1271 26 6
1272 21 4
1273 26 7
1274 22 20
1275 14 31
1276 26 6
1277 16 18
1278 24 6
1279 20 46
1280 36 40
1281 35 45
1282 36 41
1283 24 10
1284 45 2
1285 35 46
1286 42 19
1287 14 11
1288 45 1
1289 14 5
1290 45 2
1291 20 4
1292 16 28
1293 47 17
1294 25 43
1295 45 1
1296 26 43
1297 5 25
1298 45 2
1299 11 26
1300 48 23
1301 47 18
1302 47 23
1303 47 17
1304 4 25
1305 45 9
1306 20 47
1307 16 17
1308 45 1
1309 20 46
1310 17 39
1311 26 7
1312 41 19
1313 22 19
1314 48 23
1315 46 9
1316 16 18
1317 13 31
1318 23 10
1319 17 38
1320 24 5
1321 20 47
1322 17 39
1323 45 9
1324 15 44
1325 14 31
1326 24 10
1327 45 2
1328 47 23
1329 20 46
1330 21 4
1331 36 40
1332 36 41
1333 22 20
1334 47 18
1335 46 9
1336 17 28
1337 47 17
1338 4 21
1339 16 28
1340 23 10
1341 13 31
1342 13 11
1343 14 11
1344 35 45
1345 3 21
1346 48 23
1347 14 4
1348 25 43
1349 26 6
1350 14 5
1351 10 26
1352 26 43
1353 36 40
1354 13 11
1355 17 28
1356 35 46
1357 47 23
1358 26 7
1359 24 10
1360 28 49
1361 17 38
1362 45 9
1363 20 4
1364 48 23
1365 45 1
1366 14 11
1367 13 11
1368 4 21
1369 42 19
1370 23 10
1371 16 28
1372 41 19
1373 36 41
1374 11 26
1375 21 4
1376 14 31
1377 25 43
1378 16 17
1379 16 18
1380 13 31
1381 26 6
1382 5 25
1383 47 23
1384 42 19
1385 3 21
1386 16 17
1387 4 21
1388 48 23
1389 24 10
1390 20 47
1391 20 4
1392 14 11
1393 46 9
1394 26 43
1395 47 18
1396 3 21
1397 24 6
1398 16 18
1399 14 31
1400 17 39
1401 47 23
1402 48 23
1403 17 28
1404 4 21
1405 4 25
1406 45 9
1407 25 43
1408 10 26
1409 14 4
1410 26 7
1411 47 23
1412 41 19
1413 21 4
1414 20 4
1415 14 5
1416 26 43
1417 13 11
1418 22 19
1419 15 45
1420 36 40
1421 22 20
1422 14 11
1423 13 11
1424 24 5
1425 47 17
1426 35 45
1427 17 38
1428 22 19
1429 13 31
1430 14 11
1431 14 31
1432 13 31
1433 16 28
1434 46 9
1435 29 49
1436 45 9
1437 21 4
1438 23 10
1439 22 20
1440 45 2
1441 26 6
1442 17 28
1443 5 25
1444 25 43
1445 46 9
1446 48 23
1447 14 4
1448 3 21
1449 16 17
1450 20 46
1451 14 5
1452 17 39
1453 28 49
1454 42 19
1455 24 10
1456 47 18
1457 20 4
1458 41 19
1459 17 38
1460 24 6
1461 36 41
1462 16 18
1463 22 19
1464 35 46
1465 4 21
1466 45 9
1467 46 9
1468 14 4
1469 36 40
1470 45 9
1471 47 17
1472 13 11
1473 45 1
1474 26 43
1475 25 43
1476 35 45
1477 15 44
1478 3 21
1479 11 26
1480 20 47
1481 35 46
1482 21 4
1483 14 31
1484 45 2
1485 29 49
1486 4 25
1487 14 5
1488 28 49
1489 47 18
1490 14 11
1491 5 25
1492 23 10
1493 26 43
1494 20 46
1495 10 26
1496 16 17
1497 13 11
1498 36 41
1499 20 47
1500 46 9
1501 16 28
1502 20 4
1503 47 17
1504 35 45
1505 4 21
1506 20 46
1507 24 10
1508 21 4
1509 16 18
1510 14 4
1511 14 11
1512 29 49
1513 42 19
1514 47 18
1515 41 19
1516 16 17
1517 25 43
1518 47 23
1519 20 4
1520 4 25
1521 24 5
1522 23 10
1523 20 47
1524 21 4
1525 24 6
1526 45 1
1527 20 4
1528 48 23
1529 11 26
1530 47 17
1531 16 18
1532 16 17
1533 47 18
1534 45 9
1535 10 26
1536 20 46
1537 5 25
1538 26 7
1539 26 43
1540 20 47
1541 35 46
1542 17 39
1543 42 19
1544 15 45
1545 36 40
1546 21 4
1547 17 38
1548 47 23
1549 26 6
1550 22 20
1551 13 31
1552 24 5
1553 36 41
1554 47 17
1555 36 40
1556 24 10
1557 11 26
1558 28 49
1559 48 23
1560 4 25
1561 46 9
1562 20 4
1563 10 26
1564 25 43
1565 11 26
1566 45 9
1567 17 28
1568 24 6
1569 17 39
1570 22 19
1571 26 43
1572 46 9
1573 22 20
1574 47 18
1575 35 45
1576 13 11
1577 3 21
1578 47 23
1579 14 5
1580 24 5
1581 47 17
1582 14 11
1583 24 6
1584 16 18
1585 16 28
1586 14 4
1587 23 10
1588 45 2
1589 36 41
1590 47 18
1591 41 19
1592 5 25
1593 35 46
1594 16 17
1595 20 46
1596 13 11
1597 24 5
1598 16 18
1599 20 47
1600 17 38
1601 17 28
1602 29 49
1603 45 1
1604 16 17
1605 14 11
1606 4 21
1607 36 40
1608 42 19
1609 4 25
1610 16 28
1611 36 41
1612 25 43
1613 28 49
1614 22 19
1615 15 44
1616 17 28
1617 48 23
1618 22 20
1619 47 23
1620 10 26
1621 41 19
1622 20 46
1623 16 18
1624 3 21
1625 16 17
1626 20 47
1627 16 28
1628 42 19
1629 14 31
1630 20 46
1631 20 47
1632 24 6
1633 13 31
1634 20 46
1635 45 2
1636 24 10
1637 48 23
1638 16 18
1639 45 9
1640 41 19
1641 21 4
1642 5 25
1643 47 23
1644 4 21
1645 23 10
1646 48 23
1647 46 9
1648 35 45
1649 14 5
1650 24 5
1651 11 26
1652 45 9
1653 22 19
1654 47 23
1655 20 4
1656 10 26
1657 36 40
1658 14 4
1659 29 49
1660 13 11
1661 3 21
1662 45 1
1663 14 31
1664 17 39
1665 26 7
1666 45 2
1667 15 45
1668 45 1
1669 24 10
1670 20 47
1671 17 28
1672 4 21
1673 35 46
1674 36 41
1675 42 19
1676 20 46
1677 17 38
1678 45 2
1679 26 6
1680 14 5
1681 26 43
1682 45 1
1683 17 39
1684 46 9
1685 13 31
1686 21 4
1687 22 20
1688 14 31
1689 45 9
1690 11 26
1691 46 9
1692 15 44
1693 45 2
1694 24 6
1695 41 19
1696 45 9
1697 15 45
1698 25 43
1699 3 21
1700 35 45
1701 46 9
1702 15 44
1703 14 4
1704 35 46
1705 20 47
1706 14 11
1707 47 17
1708 13 31
1709 16 28
1710 17 28
1711 17 38
1712 36 40
1713 22 19
1714 20 4
1715 48 23
1716 45 1
1717 36 41
1718 26 7
1719 14 31
1720 16 28
1721 23 10
1722 26 6
1723 47 23
1724 14 5
1725 47 18
1726 35 45
1727 35 46
1728 13 11
1729 22 20
1730 48 23
1731 10 26
1732 4 21
1733 15 45
1734 4 25
1735 13 31
1736 35 45
1737 5 25
1738 26 7
1739 11 26
1740 42 19
1741 45 9
1742 46 9
1743 3 21
1744 17 28
1745 47 17
1746 26 43
1747 10 26
1748 22 19
1749 14 31
1750 36 40
1751 28 49
1752 24 5
1753 13 31
1754 16 17
1755 29 49
1756 4 21
1757 36 41
1758 24 10
1759 28 49
1760 20 46
1761 21 4
1762 14 4
1763 47 23
1764 25 43
1765 35 46
1766 20 47
1767 16 28
1768 45 2
1769 20 4
1770 14 5
1771 47 18
1772 21 4
1773 17 28
1774 11 26
1775 14 4
1776 3 21
1777 35 45
1778 4 21
1779 41 19
1780 29 49
1781 20 4
1782 23 10
1783 4 25
1784 20 46
1785 28 49
1786 20 47
1787 47 17
1788 48 23
1789 10 26
1790 42 19
1791 5 25
1792 14 11
1793 36 40
1794 24 10
1795 45 1
1796 13 11
1797 16 18
1798 14 31
1799 14 5
1800 15 44
1801 45 9
1802 16 17
1803 29 49
1804 3 21
1805 47 18
1806 26 6
1807 4 21
1808 16 28
1809 41 19
1810 42 19
1811 23 10
1812 14 11
1813 41 19
1814 17 39
1815 3 21
1816 4 25
1817 14 4
1818 24 10
1819 22 20
1820 13 11
1821 26 7
1822 22 19
1823 5 25
1824 21 4
1825 16 18
1826 47 23
1827 45 2
1828 28 49
1829 24 6
1830 14 11
1831 26 6
1832 16 17
1833 26 7
1834 24 5
1835 13 31
1836 14 31
1837 26 6
1838 45 1
1839 20 46
1840 35 46
1841 20 4
1842 24 6
1843 29 49
1844 26 7
1845 36 41
1846 13 11
1847 36 40
1848 13 31
1849 22 20
1850 14 11
1851 16 18
1852 22 19
1853 14 31
1854 26 43
1855 17 28
1856 48 23
1857 47 23
1858 16 28
1859 14 5
1860 47 17
1861 17 38
1862 36 41
1863 4 21
1864 13 11
1865 17 28
1866 3 21
1867 23 10
1868 20 47
1869 16 17
1870 17 39
1871 16 28
1872 47 18
1873 4 25
1874 24 5
1875 26 6
1876 25 43
1877 26 7
1878 4 21
1879 46 9
1880 45 9
1881 17 38
1882 5 25
1883 22 20
1884 15 45
1885 17 39
1886 28 49
1887 13 31
1888 47 17
1889 35 45
1890 4 25
1891 16 18
1892 48 23
1893 36 40
1894 16 17
1895 26 43
1896 29 49
1897 17 38
1898 45 2
1899 28 49
1900 21 4
1901 24 10
1902 14 31
1903 36 41
1904 42 19
1905 46 9
1906 14 4
1907 35 46
1908 22 19
1909 22 20
1910 45 9
1911 13 31
1912 17 39
1913 14 5
1914 14 31
1915 29 49
1916 22 19
1917 26 6
1918 41 19
1919 20 46
1920 42 19
1921 45 1
1922 17 28
1923 14 11
1924 5 25
1925 13 31
1926 20 4
1927 36 40
1928 16 28
1929 15 44
1930 4 25
1931 46 9
1932 11 26
1933 35 45
1934 15 45
1935 41 19
1936 15 44
1937 47 18
1938 45 2
1939 16 18
1940 23 10
1941 45 1
1942 13 11
1943 17 28
1944 24 10
1945 36 41
1946 22 20
1947 14 11
1948 45 2
1949 45 1
1950 10 26
1951 22 19
1952 28 49
1953 5 25
1954 36 40
1955 45 9
1956 20 47
1957 42 19
1958 47 17
1959 16 17
1960 17 38
1961 16 18
1962 14 4
1963 22 20
1964 16 28
1965 24 6
1966 3 21
1967 47 23
1968 20 46
1969 4 21
1970 17 28
1971 17 39
1972 15 45
1973 16 17
1974 45 2
1975 22 19
1976 13 11
1977 36 41
1978 17 38
1979 48 23
1980 15 44
1981 25 43
1982 24 5
1983 14 11
1984 24 6
1985 24 5
1986 29 49
1987 41 19
1988 16 18
1989 21 4
1990 23 10
1991 20 4
1992 28 49
1993 36 40
1994 4 25
1995 29 49
1996 36 41
1997 5 25
1998 11 26
1999 17 39
2000 15 45
2001 10 26
2002 21 4
2003 14 5
2004 16 28
2005 11 26
2006 24 10
2007 24 6
2008 46 9
2009 45 9
2010 36 40
2011 46 9
2012 20 47
2013 3 21
2014 35 46
2015 16 17
2016 47 23
2017 35 45
2018 4 25
2019 14 31
2020 5 25
2021 17 38
2022 48 23
2023 14 4
2024 45 1
2025 17 28
2026 47 23
2027 15 44
2028 4 21
2029 15 45
2030 47 18
2031 26 43
2032 17 39
2033 4 25
2034 45 2
2035 20 46
2036 17 38
2037 16 18
2038 22 20
2039 45 9
2040 15 44
2041 36 41
2042 48 23
2043 17 39
2044 16 17
2045 35 46
2046 10 26
2047 16 18
2048 3 21
2049 47 17
2050 46 9
2051 26 7
2052 22 19
2053 14 5
2054 16 17
2055 15 45
2056 36 40
2057 13 31
2058 45 9
2059 16 28
2060 17 28
2061 13 11
2062 35 45
2063 23 10
2064 16 18
2065 11 26
2066 22 20
2067 20 47
2068 25 43
2069 10 26
2070 26 43
2071 16 28
2072 47 23
2073 35 46
2074 26 6
2075 16 17
2076 14 11
2077 5 25
2078 46 9
2079 11 26
2080 24 10
2081 4 21
2082 15 44
2083 17 28
2084 14 31
2085 45 9
2086 24 5
2087 45 1
2088 15 45
2089 16 18
2090 4 25
2091 15 44
2092 36 41
2093 13 11
2094 16 17
2095 36 40
2096 5 25
2097 14 4
2098 20 4
2099 20 46
2100 26 7
2101 42 19
2102 22 19
2103 25 43
2104 45 2
2105 47 18
2106 36 41
2107 20 47
2108 15 45
2109 23 10
2110 24 6
2111 48 23
2112 24 5
2113 20 46
2114 36 40
2115 45 1
2116 45 2
2117 26 6
2118 3 21
2119 24 6
2120 22 20
2121 47 23
2122 13 31
2123 14 5
2124 4 21
2125 16 18
2126 45 1
2127 36 41
2128 10 26
2129 46 9
2130 47 17
2131 28 49
2132 15 44
2133 24 5
2134 11 26
2135 3 21
2136 16 17
2137 29 49
2138 24 10
2139 47 18
2140 28 49
2141 20 47
2142 15 45
2143 45 2
2144 48 23
2145 26 43
2146 14 11
2147 45 1
2148 36 40
2149 29 49
2150 35 45
2151 13 11
2152 26 7
2153 14 31
2154 4 25
2155 4 21
2156 25 43
2157 3 21
2158 36 41
2159 17 38
2160 15 44
2161 16 28
2162 16 18
2163 26 43
2164 36 40
2165 45 2
2166 17 39
2167 14 4
2168 15 45
2169 36 41
2170 21 4
2171 5 25
2172 26 6
2173 45 1
2174 13 31
2175 47 17
2176 26 7
2177 14 5
2178 26 6
2179 25 43
2180 20 4
2181 24 6
2182 20 46
2183 20 47
2184 17 38
2185 45 2
2186 21 4
2187 23 10
2188 4 25
2189 16 17
2190 47 23
2191 48 23
2192 5 25
2193 28 49
2194 24 10
2195 20 46
2196 47 23
2197 26 43
2198 4 21
2199 25 43
2200 22 19
2201 47 18
2202 26 43
2203 16 18
2204 25 43
2205 29 49
2206 16 17
2207 17 28
2208 20 4
2209 36 40
2210 21 4
2211 36 41
2212 45 9
2213 22 20
2214 45 1
2215 14 31
2216 16 18
2217 26 7
2218 48 23
2219 14 4
2220 16 28
2221 24 5
2222 3 21
2223 45 2
2224 35 46
2225 20 47
2226 26 6
2227 23 10
2228 17 28
2229 46 9
2230 45 1
2231 4 21
2232 26 7
2233 22 19
2234 16 28
2235 14 11
2236 13 31
2237 36 40
2238 47 23
2239 20 4
2240 48 23
2241 35 45
2242 45 2
2243 28 49
2244 22 20
2245 47 17
2246 24 10
2247 17 28
2248 10 26
2249 22 19
2250 4 25
2251 47 18
2252 36 41
2253 45 1
2254 36 40
2255 15 44
2256 36 41
2257 14 31
2258 20 46
2259 13 11
2260 47 23
2261 3 21
2262 14 5
2263 29 49
2264 22 20
2265 26 43
2266 48 23
2267 28 49
2268 5 25
2269 16 28
2270 16 17
2271 47 23
2272 17 28
2273 45 2
2274 29 49
2275 28 49
2276 45 1
2277 22 19
2278 13 31
2279 35 46
2280 26 6
2281 36 40
2282 45 2
2283 25 43
2284 22 20
2285 41 19
2286 17 39
2287 11 26
2288 14 31
2289 48 23
2290 17 38
2291 21 4
2292 42 19
2293 47 17
2294 13 31
2295 47 23
2296 35 45
2297 14 4
2298 14 31
2299 17 39
2300 16 28
2301 26 7
2302 14 5
2303 22 19
2304 14 11
2305 23 10
2306 13 11
2307 17 38
2308 20 4
2309 10 26
2310 4 25
2311 48 23
2312 15 45
2313 24 10
2314 17 28
2315 21 4
2316 47 23
2317 35 46
2318 13 31
2319 4 21
2320 24 6
2321 14 11
2322 15 44
2323 20 47
2324 26 6
2325 13 11
2326 45 9
2327 41 19
2328 35 45
2329 26 7
2330 20 4
2331 47 18
2332 29 49
2333 28 49
2334 47 17
2335 17 39
2336 29 49
2337 42 19
2338 35 46
2339 41 19
2340 17 38
2341 5 25
2342 47 18
2343 47 17
2344 45 1
2345 3 21
2346 26 43
2347 22 20
2348 21 4
2349 42 19
2350 11 26
2351 46 9
2352 4 21
2353 25 43
2354 36 41
2355 48 23
2356 47 23
2357 48 23
2358 14 31
2359 10 26
2360 41 19
2361 23 10
2362 28 49
2363 20 46
2364 16 28
2365 14 4
2366 20 4
2367 45 9
2368 26 43
2369 47 23
2370 47 18
2371 16 18
2372 46 9
2373 24 10
2374 29 49
2375 15 45
2376 45 9
2377 47 17
2378 35 45
2379 15 44
2380 15 45
2381 17 28
2382 46 9
2383 45 2
2384 35 46
2385 17 39
2386 48 23
2387 11 26
2388 25 43
2389 47 18
2390 15 44
2391 14 11
2392 35 45
2393 24 5
2394 17 38
2395 28 49
2396 36 40
2397 22 19
2398 24 6
2399 22 20
2400 13 31
2401 22 19
2402 23 10
2403 16 28
2404 13 11
2405 17 28
2406 47 17
2407 14 31
2408 13 31
2409 14 11
2410 29 49
2411 15 45
2412 45 9
2413 35 46
2414 14 5
2415 22 20
2416 15 44
2417 28 49
2418 21 4
2419 14 4
2420 47 18
2421 47 23
2422 42 19
2423 36 41
2424 15 45
2425 26 43
2426 17 39
2427 26 6
2428 45 1
2429 45 2
2430 35 45
2431 13 11
2432 29 49
2433 20 4
2434 3 21
2435 17 38
2436 41 19
2437 26 7
2438 22 19
2439 42 19
2440 20 47
2441 22 20
2442 14 11
2443 4 21
2444 47 17
2445 16 17
2446 13 11
2447 35 46
2448 14 11
2449 20 46
2450 47 18
2451 45 1
2452 28 49
2453 17 39
2454 36 40
2455 14 5
2456 24 5
2457 13 11
2458 24 10
2459 35 45
2460 36 41
2461 24 6
2462 21 4
2463 29 49
2464 25 43
2465 20 47
2466 17 38
2467 35 46
2468 20 4
2469 14 31
2470 48 23
2471 14 11
2472 3 21
2473 47 17
2474 35 45
2475 47 23
2476 26 6
2477 26 43
2478 15 44
2479 36 40
2480 16 28
2481 24 5
2482 28 49
2483 10 26
2484 14 4
2485 17 39
2486 17 38
2487 17 28
2488 4 25
2489 16 18
2490 17 39
2491 46 9
2492 15 45
2493 26 7
2494 20 46
2495 17 38
2496 47 18
2497 16 17
2498 15 44
2499 36 41
2500 29 49
2501 4 21
2502 41 19
2503 35 46
2504 11 26
2505 16 18
2506 24 6
2507 20 47
2508 15 45
2509 23 10
2510 22 19
2511 36 40
2512 25 43
2513 3 21
2514 5 25
2515 10 26
2516 45 9
2517 46 9
2518 11 26
2519 24 10
2520 28 49
2521 36 41
2522 26 6
2523 10 26
2524 35 45
2525 11 26
2526 42 19
2527 24 5
2528 22 20
2529 14 5
2530 16 28
2531 45 2
2532 13 11
2533 15 44
2534 4 21
2535 10 26
2536 45 9
2537 26 43
2538 11 26
2539 41 19
2540 45 1
2541 4 25
2542 29 49
2543 17 28
2544 21 4
2545 14 4
2546 23 10
2547 42 19
2548 25 43
2549 16 28
2550 24 10
2551 17 39
2552 13 31
2553 5 25
2554 17 28
2555 26 43
2556 15 45
2557 4 25
2558 45 2
2559 36 40
2560 3 21
2561 16 28
2562 45 1
2563 36 41
2564 4 21
2565 14 5
2566 45 2
2567 36 40
2568 14 4
2569 35 46
2570 14 11
2571 17 28
2572 36 41
2573 16 28
2574 23 10
2575 3 21
2576 16 17
2577 16 18
2578 25 43
2579 36 40
2580 48 23
2581 5 25
2582 47 23
2583 48 23
2584 10 26
2585 36 41
2586 35 45
2587 16 17
2588 26 43
2589 26 7
2590 15 44
2591 45 1
2592 47 23
2593 11 26
2594 28 49
2595 46 9
2596 22 19
2597 29 49
2598 28 49
2599 15 45
2600 41 19
2601 42 19
2602 45 9
2603 41 19
2604 17 28
2605 16 18
2606 42 19
2607 20 4
2608 4 21
2609 29 49
2610 21 4
2611 16 17
2612 45 2
2613 3 21
2614 10 26
2615 16 18
2616 47 17
2617 14 31
2618 14 5
2619 20 4
2620 48 23
2621 24 10
2622 15 44
2623 35 46
2624 47 23
2625 35 45
2626 22 20
2627 48 23
2628 46 9
2629 24 6
2630 16 28
2631 15 45
2632 45 9
2633 47 23
2634 4 21
2635 45 1
2636 21 4
2637 22 19
2638 3 21
2639 45 2
2640 15 44
2641 13 11
2642 11 26
2643 23 10
2644 17 38
2645 14 4
2646 20 46
2647 45 1
2648 24 5
2649 14 11
2650 20 47
2651 10 26
2652 45 2
2653 17 39
2654 41 19
2655 26 6
2656 24 6
2657 17 28
2658 47 18
2659 46 9
2660 45 1
2661 16 28
2662 26 7
2663 11 26
2664 13 11
2665 28 49
2666 13 31
2667 4 21
2668 14 31
2669 42 19
2670 47 17
2671 26 6
2672 35 46
2673 24 10
2674 14 11
2675 14 5
2676 48 23
2677 15 45
2678 23 10
2679 13 31
2680 3 21
2681 14 31
2682 47 23
2683 45 2
2684 22 20
2685 20 46
2686 25 43
2687 36 40
2688 17 38
2689 16 17
2690 24 5
2691 45 1
2692 20 4
2693 41 19
2694 13 11
2695 4 25
2696 20 47
2697 24 6
2698 36 41
2699 45 9
2700 14 4
2701 26 43
2702 5 25
2703 15 44
2704 21 4
2705 17 28
2706 10 26
2707 15 45
2708 13 31
2709 45 2
2710 35 45
2711 35 46
2712 29 49
2713 16 18
2714 45 1
2715 17 39
2716 4 25
2717 46 9
2718 45 9
2719 14 31
2720 28 49
2721 20 46
2722 14 5
2723 16 28
2724 26 7
2725 15 44
2726 11 26
2727 14 11
2728 14 4
2729 47 18
2730 45 2
2731 24 5
2732 45 1
2733 29 49
2734 46 9
2735 10 26
2736 42 19
2737 47 17
2738 13 31
2739 35 45
2740 35 46
2741 17 28
2742 24 10
2743 5 25
2744 20 47
2745 14 31
2746 45 9
2747 35 45
2748 13 31
2749 35 46
2750 47 18
2751 48 23
2752 14 31
2753 41 19
2754 11 26
2755 36 40
2756 16 17
2757 16 18
2758 17 38
2759 16 28
2760 20 4
2761 16 17
2762 25 43
2763 14 5
2764 15 45
2765 47 23
2766 45 2
2767 42 19
2768 13 11
2769 14 4
2770 45 1
2771 24 6
2772 14 5
2773 36 41
2774 17 28
2775 46 9
2776 10 26
2777 4 21
2778 41 19
2779 20 46
2780 24 5
2781 26 43
2782 45 2
2783 13 31
2784 14 11
2785 26 6
2786 24 6
2787 15 44
2788 11 26
2789 36 40
2790 10 26
2791 24 5
2792 45 9
2793 42 19
2794 35 45
2795 21 4
2796 11 26
2797 28 49
2798 36 41
2799 46 9
2800 29 49
2801 28 49
2802 15 45
2803 29 49
2804 28 49
2805 45 9
2806 16 28
2807 17 39
2808 36 40
2809 26 7
2810 24 6
2811 14 31
2812 45 1
2813 16 18
2814 47 17
2815 45 2
2816 26 6
2817 45 1
2818 13 31
2819 48 23
2820 47 18
2821 45 2
2822 17 38
2823 15 44
2824 41 19
2825 22 19
2826 25 43
2827 14 31
2828 29 49
2829 16 17
2830 36 41
2831 17 39
2832 15 45
2833 46 9
2834 47 23
2835 45 9
2836 17 38
2837 20 4
2838 17 28
2839 20 47
2840 3 21
2841 20 46
2842 21 4
2843 45 1
2844 47 17
2845 36 40
2846 26 43
2847 35 46
2848 35 45
2849 16 18
2850 13 31
2851 4 21
2852 10 26
2853 35 46
2854 23 10
2855 24 5
2856 28 49
2857 36 41
2858 14 31
2859 20 4
2860 3 21
2861 25 43
2862 4 25
2863 5 25
2864 11 26
2865 17 39
2866 17 38
2867 21 4
2868 13 31
2869 24 10
2870 26 43
2871 17 39
2872 4 25
2873 23 10
2874 17 38
2875 46 9
2876 26 7
2877 42 19
2878 16 28
2879 47 18
2880 15 44
2881 20 47
2882 35 45
2883 48 23
2884 20 46
2885 20 4
2886 16 17
2887 17 39
2888 26 6
2889 29 49
2890 24 10
2891 14 4
2892 23 10
2893 24 10
2894 21 4
2895 28 49
2896 14 31
2897 45 9
2898 47 17
2899 15 45
2900 46 9
2901 17 38
2902 4 21
2903 23 10
2904 13 31
2905 14 31
2906 25 43
2907 26 43
2908 17 28
2909 47 23
2910 20 47
2911 17 39
2912 14 5
2913 14 4
2914 13 31
2915 17 38
2916 20 4
2917 14 5
2918 16 28
2919 35 46
2920 48 23
2921 29 49
2922 41 19
2923 25 43
2924 15 44
2925 15 45
2926 15 44
2927 13 11
2928 21 4
2929 3 21
2930 47 18
2931 24 6
2932 24 10
2933 5 25
2934 26 43
2935 22 20
2936 45 2
2937 24 5
2938 23 10
2939 26 7
2940 14 31
2941 28 49
2942 45 1
2943 42 19
2944 4 21
2945 13 31
2946 15 45
2947 20 4
2948 10 26
2949 20 46
2950 45 2
2951 11 26
2952 24 10
2953 47 17
2954 24 6
2955 47 18
2956 41 19
2957 3 21
2958 14 11
2959 4 25
2960 47 17
2961 15 44
2962 26 6
2963 47 23
2964 5 25
2965 24 5
2966 4 21
2967 48 23
2968 15 45
2969 14 4
2970 14 5
2971 21 4
2972 25 43
2973 20 4
2974 20 47
2975 15 44
2976 4 25
2977 5 25
2978 35 45
2979 23 10
2980 26 43
2981 15 45
2982 47 18
2983 10 26
2984 25 43
2985 35 46
2986 11 26
2987 42 19
2988 14 4
2989 45 1
2990 47 17
2991 16 18
2992 21 4
2993 24 10
2994 14 5
2995 47 23
2996 15 44
2997 13 11
2998 36 40
2999 26 7
3000 20 4
3001 45 9
3002 14 4
3003 41 19
3004 14 11
3005 17 28
3006 16 17
3007 45 2
3008 48 23
3009 26 43
3010 35 45
3011 4 25
3012 24 6
3013 16 28
3014 3 21
3015 24 5
3016 46 9
3017 4 21
3018 14 5
3019 36 41
3020 10 26
3021 45 1
3022 47 18
3023 15 45
3024 15 44
3025 26 6
3026 23 10
3027 13 11
3028 24 10
3029 14 31
3030 15 45
3031 23 10
3032 17 28
3033 36 40
3034 47 17
3035 36 41
3036 17 39
3037 3 21
3038 20 46
3039 36 40
3040 36 41
3041 11 26
3042 15 44
3043 42 19
3044 14 11
3045 15 45
3046 17 38
3047 10 26
3048 24 6
3049 22 19
3050 4 21
3051 16 18
3052 17 39
3053 16 17
3054 15 44
3055 15 45
3056 45 2
3057 29 49
3058 15 44
3059 24 5
3060 35 46
3061 14 4
3062 47 23
3063 16 18
3064 41 19
3065 35 45
3066 16 17
3067 16 18
3068 20 47
3069 20 46
3070 28 49
3071 11 26
3072 45 9
3073 46 9
3074 16 17
3075 35 46
3076 10 26
3077 14 5
3078 42 19
3079 13 11
3080 45 1
3081 41 19
3082 13 31
3083 29 49
3084 20 47
3085 3 21
3086 17 38
3087 48 23
3088 14 11
3089 26 7
3090 24 10
3091 24 6
3092 45 9
3093 13 11
3094 36 40
3095 11 26
3096 36 41
3097 35 45
3098 16 18
3099 36 40
3100 35 46
3101 16 17
3102 23 10
3103 25 43
3104 47 23
3105 14 31
3106 16 18
3107 36 41
3108 4 21
3109 45 2
3110 24 5
3111 35 45
3112 24 6
3113 14 11
3114 22 20
3115 28 49
3116 5 25
3117 21 4
3118 13 11
3119 4 25
3120 47 18
3121 5 25
3122 45 1
3123 45 2
3124 42 19
3125 26 6
3126 20 4
3127 45 1
3128 36 40
3129 24 5
3130 16 17
3131 26 43
3132 21 4
3133 24 6
3134 10 26
3135 41 19
3136 42 19
3137 3 21
3138 14 4
3139 13 31
3140 24 10
3141 23 10
3142 17 39
3143 4 25
3144 17 38
3145 47 17
3146 24 5
3147 45 2
3148 47 18
3149 16 18
3150 24 10
3151 11 26
3152 4 21
3153 3 21
3154 15 45
3155 14 31
3156 16 17
3157 14 5
3158 20 46
3159 23 10
3160 4 21
3161 46 9
3162 45 1
3163 25 43
3164 17 39
3165 47 17
3166 48 23
3167 5 25
3168 17 38
3169 24 6
3170 10 26
3171 15 44
3172 14 11
3173 29 49
3174 14 4
3175 36 41
3176 16 28
3177 4 25
3178 20 47
3179 26 7
3180 45 9
3181 46 9
3182 47 18
3183 26 43
3184 24 5
3185 24 10
3186 15 45
3187 16 18
3188 20 4
3189 17 28
3190 16 17
3191 16 28
3192 17 39
3193 36 40
3194 47 17
3195 11 26
3196 45 2
3197 10 26
3198 16 18
3199 16 17
3200 47 23
3201 13 11
3202 14 11
3203 45 9
3204 45 1
3205 48 23
3206 35 46
3207 41 19
3208 23 10
3209 5 25
3210 35 45
3211 36 41
3212 42 19
3213 24 6
3214 46 9
3215 22 19
3216 24 10
3217 21 4
3218 13 31
3219 47 23
3220 45 2
3221 17 28
3222 23 10
3223 47 18
3224 16 28
3225 25 43
3226 16 18
3227 24 5
3228 20 4
3229 13 11
3230 45 1
3231 24 10
3232 35 46
3233 48 23
3234 26 43
3235 47 23
3236 14 5
3237 45 2
3238 24 6
3239 21 4
3240 17 28
3241 15 44
3242 45 9
3243 36 40
3244 28 49
3245 16 17
3246 41 19
3247 45 1
3248 20 4
3249 4 25
3250 29 49
3251 35 45
3252 3 21
3253 48 23
3254 15 45
3255 47 23
3256 20 46
3257 46 9
3258 25 43
3259 45 2
3260 14 4
3261 36 41
3262 24 5
3263 21 4
3264 47 17
3265 17 38
3266 4 21
3267 5 25
3268 15 44
3269 16 28
3270 16 18
3271 14 5
3272 14 31
3273 48 23
3274 45 1
3275 47 23
3276 14 11
3277 22 20
3278 36 40
3279 20 47
3280 45 9
3281 13 31
3282 45 2
3283 24 6
3284 36 41
3285 3 21
3286 20 4
3287 35 46
3288 4 21
3289 14 4
3290 20 46
3291 46 9
3292 13 11
3293 26 6
3294 17 39
3295 4 25
3296 45 9
3297 26 43
3298 46 9
3299 23 10
3300 35 45
3301 45 1
3302 14 5
3303 17 38
3304 14 11
3305 48 23
3306 28 49
3307 3 21
3308 14 31
3309 15 45
3310 21 4
3311 47 18
3312 4 21
3313 13 11
3314 20 4
3315 20 47
3316 24 5
3317 3 21
3318 16 17
3319 5 25
3320 22 19
3321 26 7
3322 20 46
3323 13 31
3324 17 39
3325 47 23
3326 35 46
3327 42 19
3328 15 44
3329 25 43
3330 22 20
3331 16 18
3332 16 17
3333 26 6
3334 45 9
3335 26 43
3336 17 38
3337 21 4
3338 17 28
3339 14 31
3340 22 19
3341 16 18
3342 14 11
3343 24 6
3344 16 17
3345 11 26
3346 20 47
3347 25 43
3348 36 40
3349 41 19
3350 26 7
3351 29 49
3352 15 45
3353 42 19
3354 41 19
3355 46 9
3356 28 49
3357 24 5
3358 14 4
3359 15 44
3360 45 2
3361 15 45
3362 14 5
3363 10 26
3364 26 43
3365 20 46
3366 16 18
3367 4 25
3368 16 28
3369 16 17
3370 42 19
3371 35 45
3372 48 23
3373 24 10
3374 11 26
3375 36 41
3376 36 40
3377 15 44
3378 26 6
3379 17 28
3380 23 10
3381 24 10
3382 13 11
3383 13 31
3384 20 4
3385 45 1
3386 14 4
3387 5 25
3388 16 18
3389 36 41
3390 25 43
3391 15 45
3392 21 4
3393 16 28
3394 17 28
3395 14 5
3396 16 28
3397 4 21
3398 14 4
3399 35 46
3400 20 47
3401 20 4
3402 4 25
3403 14 31
3404 10 26
3405 14 11
3406 47 17
3407 20 46
3408 22 20
3409 13 11
3410 3 21
3411 13 31
3412 5 25
3413 4 21
3414 11 26
3415 14 5
3416 45 9
3417 14 4
3418 35 45
3419 45 2
3420 41 19
3421 35 46
3422 23 10
3423 17 39
3424 4 25
3425 46 9
3426 47 23
3427 16 17
3428 26 43
3429 36 40
3430 14 31
3431 48 23
3432 3 21
3433 16 18
3434 17 38
3435 45 1
3436 29 49
3437 45 9
3438 22 19
3439 42 19
3440 17 39
3441 36 41
3442 13 31
3443 14 5
3444 41 19
3445 14 11
3446 20 47
3447 25 43
3448 4 21
3449 15 44
3450 22 20
3451 10 26
3452 42 19
3453 15 45
3454 46 9
3455 13 11
3456 41 19
3457 28 49
3458 26 43
3459 11 26
3460 14 11
3461 10 26
3462 16 17
3463 45 2
3464 14 4
3465 26 7
3466 21 4
3467 20 4
3468 24 6
3469 15 44
3470 17 38
3471 42 19
3472 15 45
3473 47 18
3474 45 9
3475 36 40
3476 35 45
3477 17 39
3478 17 28
3479 16 28
3480 5 25
3481 17 38
3482 45 1
3483 14 31
3484 24 10
3485 35 46
3486 23 10
3487 16 18
3488 35 45
3489 36 41
3490 45 2
3491 17 39
3492 29 49
3493 13 11
3494 4 25
3495 15 44
3496 14 11
3497 17 28
3498 25 43
3499 15 45
3500 46 9
3501 11 26
3502 26 43
3503 35 46
3504 47 23
3505 16 17
3506 36 40
3507 16 28
3508 13 31
3509 24 5
3510 36 41
3511 45 1
3512 14 5
3513 24 6
3514 28 49
3515 36 40
3516 21 4
3517 5 25
3518 20 46
3519 16 18
3520 13 11
3521 45 9
3522 15 44
3523 24 5
3524 10 26
3525 24 6
3526 41 19
3527 20 4
3528 3 21
3529 4 25
3530 4 21
3531 14 4
3532 24 5
3533 47 17
3534 17 28
3535 17 38
3536 26 6
3537 15 45
3538 21 4
3539 20 47
3540 42 19
3541 25 43
3542 20 4
3543 41 19
3544 26 43
3545 14 11
3546 20 46
3547 14 5
3548 24 10
3549 21 4
3550 48 23
3551 14 31
3552 45 2
3553 3 21
3554 22 19
3555 22 20
3556 20 4
3557 11 26
3558 16 28
3559 4 21
3560 17 39
3561 22 19
3562 36 41
3563 24 6
3564 23 10
3565 16 17
3566 29 49
3567 24 5
3568 3 21
3569 17 28
3570 16 28
3571 36 40
3572 26 7
3573 25 43
3574 13 11
3575 4 21
3576 42 19
3577 17 28
3578 24 10
3579 26 6
3580 13 31
3581 16 18
3582 22 20
3583 45 1
3584 16 28
3585 17 38
3586 14 11
3587 10 26
3588 11 26
3589 5 25
3590 41 19
3591 14 4
3592 20 47
3593 20 46
3594 46 9
3595 3 21
3596 45 2
3597 36 41
3598 20 47
3599 17 28
3600 22 19
3601 28 49
3602 24 6
3603 17 39
3604 47 23
3605 45 9
3606 46 9
3607 45 1
3608 26 7
3609 13 11
3610 47 18
3611 35 45
3612 14 5
3613 22 20
3614 36 40
3615 45 9
3616 15 44
3617 22 19
3618 14 4
3619 48 23
3620 47 17
3621 47 23
3622 48 23
3623 21 4
3624 47 23
3625 47 18
3626 14 11
3627 14 31
3628 17 38
3629 17 39
3630 16 17
3631 42 19
3632 10 26
3633 20 46
3634 13 31
3635 26 43
3636 46 9
3637 45 9
3638 20 4
3639 48 23
3640 41 19
3641 45 2
3642 25 43
3643 20 47
3644 4 25
3645 17 38
3646 14 31
3647 17 39
3648 17 38
3649 45 1
3650 29 49
3651 11 26
3652 4 21
3653 10 26
3654 24 5
3655 28 49
3656 14 5
3657 22 20
3658 3 21
3659 24 6
3660 21 4
3661 45 2
3662 45 1
3663 23 10
3664 17 39
3665 26 43
3666 22 19
3667 36 41
3668 26 6
3669 5 25
3670 15 45
3671 16 18
3672 46 9
3673 35 46
3674 24 5
3675 36 40
3676 11 26
3677 14 4
3678 35 45
3679 47 17
3680 16 17
3681 47 23
3682 26 7
3683 24 10
3684 4 21
3685 15 44
3686 23 10
3687 20 46
3688 35 46
3689 20 47
3690 20 4
3691 21 4
3692 14 5
3693 24 6
3694 24 5
3695 45 9
3696 17 38
3697 29 49
3698 26 6
3699 36 41
3700 4 25
3701 24 10
3702 10 26
3703 20 46
3704 11 26
3705 47 18
3706 16 28
3707 13 31
3708 42 19
3709 47 17
3710 28 49
3711 3 21
3712 20 47
3713 45 2
3714 46 9
3715 4 21
3716 20 4
3717 10 26
3718 35 45
3719 14 4
3720 17 39
3721 17 38
3722 26 7
3723 13 11
3724 14 11
3725 20 46
3726 47 18
3727 14 5
3728 11 26
3729 26 6
3730 17 39
3731 29 49
3732 23 10
3733 28 49
3734 41 19
3735 15 45
3736 29 49
3737 25 43
3738 42 19
3739 36 40
3740 20 47
3741 13 11
3742 26 43
3743 14 4
3744 35 46
3745 24 10
3746 26 7
3747 15 44
3748 26 6
3749 3 21
3750 23 10
3751 17 28
3752 14 5
3753 24 6
3754 15 45
3755 20 46
3756 35 45
3757 45 9
3758 21 4
3759 35 46
3760 5 25
3761 46 9
3762 24 10
3763 35 45
3764 22 20
3765 4 21
3766 3 21
3767 22 19
3768 14 31
3769 24 5
3770 4 25
3771 22 20
3772 36 41
3773 48 23
3774 10 26
3775 5 25
3776 16 18
3777 45 9
3778 16 17
3779 20 4
3780 15 44
3781 23 10
3782 36 40
3783 11 26
3784 35 46
3785 14 11
3786 14 4
3787 16 18
3788 20 47
3789 10 26
3790 16 17
3791 13 11
3792 45 1
3793 45 2
3794 24 6
3795 14 11
3796 45 1
3797 41 19
3798 35 45
3799 11 26
3800 25 43
3801 14 5
3802 17 38
3803 26 7
3804 15 45
3805 21 4
3806 47 23
3807 36 41
3808 47 17
3809 42 19
3810 28 49
3811 16 18
3812 35 46
3813 24 10
3814 13 31
3815 45 2
3816 14 4
3817 36 40
3818 20 4
3819 14 5
3820 17 39
3821 10 26
3822 4 21
3823 13 11
3824 17 38
3825 14 31
3826 26 6
3827 24 5
3828 23 10
3829 26 43
3830 3 21
3831 47 18
3832 16 28
3833 22 19
3834 11 26
3835 21 4
3836 14 11
3837 13 31
3838 47 17
3839 24 6
3840 22 20
3841 15 44
3842 4 25
3843 14 31
3844 24 10
3845 35 45
3846 5 25
3847 41 19
3848 13 31
3849 14 31
3850 36 41
3851 20 46
3852 4 25
3853 13 11
3854 13 31
3855 14 4
3856 17 28
3857 14 31
3858 47 18
3859 24 5
3860 22 19
3861 14 5
3862 16 17
3863 10 26
3864 11 26
3865 22 20
3866 16 18
3867 24 6
3868 4 21
3869 5 25
3870 16 17
3871 17 39
3872 25 43
3873 35 46
3874 16 18
3875 45 1
3876 16 28
3877 36 40
3878 45 2
3879 16 17
3880 45 1
3881 4 25
3882 17 38
3883 47 17
3884 5 25
3885 26 43
3886 46 9
3887 15 45
3888 35 45
3889 14 11
3890 25 43
3891 22 19
3892 13 11
3893 36 41
3894 35 46
3895 15 44
3896 14 4
3897 4 25
3898 24 5
3899 26 43
3900 17 39
3901 15 45
3902 23 10
3903 36 40
3904 25 43
3905 29 49
3906 35 45
3907 24 6
3908 26 43
3909 45 9
3910 28 49
3911 36 41
3912 3 21
3913 26 7
3914 14 11
3915 24 5
3916 17 38
3917 10 26
3918 45 2
3919 24 10
3920 13 31
3921 45 1
3922 45 2
3923 14 31
3924 17 39
3925 24 6
3926 5 25
3927 17 28
3928 13 31
3929 14 31
3930 15 44
3931 29 49
3932 22 20
3933 46 9
3934 20 4
3935 16 18
3936 35 46
3937 26 6
3938 14 5
3939 11 26
3940 13 11
3941 16 28
3942 4 21
3943 45 9
3944 20 47
3945 35 45
3946 46 9
3947 35 46
3948 23 10
3949 48 23
3950 45 9
3951 35 45
3952 47 23
3953 15 45
3954 21 4
3955 4 25
3956 42 19
3957 10 26
3958 3 21
3959 4 21
3960 46 9
3961 24 10
3962 47 18
3963 17 38
3964 25 43
3965 36 40
3966 16 17
3967 17 39
3968 23 10
3969 11 26
3970 22 19
3971 17 28
3972 24 5
3973 14 11
3974 45 1
3975 35 46
3976 47 17
3977 10 26
3978 16 18
3979 13 31
3980 47 18
3981 3 21
3982 15 44
3983 22 20
3984 16 17
3985 11 26
3986 15 45
3987 16 28
3988 41 19
3989 10 26
3990 45 2
3991 20 46
3992 26 7
3993 42 19
3994 20 4
3995 28 49
3996 17 28
3997 47 17
3998 16 18
3999 26 43
4000 17 38
4001 47 18
4002 13 11
4003 29 49
4004 11 26
4005 5 25
4006 4 21
4007 25 43
4008 4 25
4009 28 49
4010 24 10
4011 14 31
4012 22 19
4013 26 43
4014 29 49
4015 41 19
4016 20 47
4017 3 21
4018 26 6
4019 20 46
4020 16 17
4021 14 11
4022 20 47
4023 22 20
4024 5 25
4025 16 18
4026 48 23
4027 17 39
4028 4 25
4029 16 17
4030 42 19
4031 45 9
4032 10 26
4033 28 49
4034 47 17
4035 13 31
4036 20 46
4037 47 23
4038 29 49
4039 46 9
4040 17 38
4041 14 31
4042 11 26
4043 47 18
4044 4 21
4045 16 18
4046 47 17
4047 35 45
4048 15 44
4049 47 18
4050 3 21
4051 17 39
4052 16 17
4053 45 9
4054 25 43
4055 10 26
4056 48 23
4057 20 47
4058 24 6
4059 11 26
4060 21 4
4061 20 46
4062 20 47
4063 16 18
4064 24 5
4065 45 1
4066 5 25
4067 47 23
4068 26 7
4069 15 45
4070 15 44
4071 17 38
4072 4 21
4073 13 11
4074 20 4
4075 17 39
4076 17 38
4077 45 2
4078 47 17
4079 28 49
4080 46 9
4081 29 49
4082 48 23
4083 28 49
4084 16 28
4085 45 9
4086 46 9
4087 3 21
4088 26 43
4089 17 39
4090 41 19
4091 23 10
4092 4 25
4093 45 1
4094 45 2
4095 45 1
4096 4 21
4097 3 21
4098 15 45
4099 26 6
4100 22 19
4101 14 11
4102 14 4
4103 47 23
4104 4 21
4105 14 5
4106 24 10
4107 24 6
4108 29 49
4109 16 17
4110 36 41
4111 42 19
4112 48 23
4113 28 49
4114 15 44
4115 20 46
4116 26 7
4117 45 9
4118 15 45
4119 45 2
4120 15 44
4121 23 10
4122 24 5
4123 5 25
4124 17 28
4125 15 45
4126 10 26
4127 26 6
4128 29 49
4129 46 9
4130 45 1
4131 45 9
4132 24 6
4133 46 9
4134 15 44
4135 13 31
4136 17 38
4137 17 39
4138 14 4
4139 45 9
4140 24 5
4141 28 49
4142 25 43
4143 15 45
4144 35 46
4145 13 11
4146 21 4
4147 41 19
4148 14 11
4149 20 4
4150 22 20
4151 42 19
4152 22 19
4153 29 49
4154 47 18
4155 26 7
4156 24 10
4157 35 45
4158 14 5
4159 16 18
4160 3 21
4161 21 4
4162 15 44
4163 22 20
4164 41 19
4165 46 9
4166 42 19
4167 20 47
4168 4 25
4169 41 19
4170 26 6
4171 42 19
4172 36 40
4173 47 23
4174 14 31
4175 23 10
4176 41 19
4177 20 4
4178 24 10
4179 28 49
4180 45 2
4181 15 45
4182 26 7
4183 42 19
4184 24 6
4185 13 11
4186 17 38
4187 29 49
4188 15 44
4189 48 23
4190 35 46
4191 45 1
4192 47 23
4193 4 21
4194 22 19
4195 35 45
4196 14 11
4197 5 25
4198 48 23
4199 41 19
4200 13 31
4201 20 46
4202 47 23
4203 24 5
4204 35 46
4205 21 4
4206 11 26
4207 20 4
4208 24 6
4209 24 5
4210 36 41
4211 20 47
4212 24 6
4213 14 31
4214 28 49
4215 10 26
4216 15 45
4217 35 45
4218 17 39
4219 13 31
4220 16 17
4221 24 5
4222 26 6
4223 11 26
4224 20 46
4225 15 44
4226 16 28
4227 14 4
4228 17 28
4229 4 25
4230 23 10
4231 26 43
4232 5 25
4233 20 47
4234 4 25
4235 22 20
4236 22 19
4237 14 5
4238 10 26
4239 45 2
4240 3 21
4241 4 21
4242 17 38
4243 14 4
4244 42 19
4245 36 40
4246 14 31
4247 20 46
4248 45 1
4249 35 46
4250 16 18
4251 20 47
4252 16 28
4253 45 9
4254 20 46
4255 25 43
4256 36 41
4257 24 10
4258 11 26
4259 45 2
4260 48 23
4261 24 6
4262 20 47
4263 29 49
4264 35 45
4265 13 31
4266 23 10
4267 45 1
4268 46 9
4269 14 31
4270 13 11
4271 5 25
4272 41 19
4273 16 17
4274 36 40
4275 28 49
4276 17 28
4277 29 49
4278 35 46
4279 16 28
4280 10 26
4281 14 11
4282 15 45
4283 45 9
4284 13 31
4285 42 19
4286 28 49
4287 4 25
4288 13 11
4289 29 49
4290 24 10
4291 47 23
4292 14 31
4293 5 25
4294 22 20
4295 48 23
4296 11 26
4297 10 26
4298 20 46
4299 41 19
4300 26 43
4301 36 41
4302 11 26
4303 35 45
4304 26 7
4305 46 9
4306 45 2
4307 21 4
4308 14 11
4309 14 5
4310 16 18
4311 23 10
4312 47 23
4313 24 5
4314 4 25
4315 36 40
4316 20 47
4317 17 28
4318 24 10
4319 13 31
4320 17 39
4321 47 17
4322 13 11
4323 16 28
4324 14 11
4325 22 19
4326 20 4
4327 5 25
4328 42 19
4329 24 6
4330 45 9
4331 24 5
4332 28 49
4333 22 20
4334 47 18
4335 48 23
4336 35 46
4337 26 6
4338 13 11
4339 3 21
4340 16 17
4341 26 7
4342 45 1
4343 14 31
4344 21 4
4345 20 4
4346 16 18
4347 20 46
4348 47 17
4349 21 4
4350 16 17
4351 23 10
4352 16 18
4353 41 19
4354 36 41
4355 46 9
4356 47 18
4357 14 11
4358 26 6
4359 17 38
4360 4 21
4361 13 31
4362 45 9
4363 10 26
4364 17 39
4365 17 28
4366 25 43
4367 14 4
4368 15 44
4369 36 40
4370 35 45
4371 42 19
4372 47 23
4373 41 19
4374 42 19
4375 3 21
4376 14 5
4377 48 23
4378 14 4
4379 24 10
4380 47 23
4381 46 9
4382 15 45
4383 20 47
4384 45 9
4385 24 6
4386 48 23
4387 36 41
4388 29 49
4389 22 19
4390 41 19
4391 20 4
4392 20 46
4393 17 38
4394 4 25
4395 17 39
4396 35 46
4397 13 11
4398 47 23
4399 5 25
4400 23 10
4401 11 26
4402 26 43
4403 46 9
4404 4 21
4405 14 31
4406 47 17
4407 22 20
4408 28 49
4409 15 44
4410 15 45
4411 29 49
4412 3 21
4413 21 4
4414 48 23
4415 16 28
4416 24 5
4417 13 31
4418 22 19
4419 47 23
4420 45 9
4421 17 38
4422 15 44
4423 35 45
4424 24 10
4425 36 40
4426 14 11
4427 26 7
4428 28 49
4429 4 25
4430 20 4
4431 10 26
4432 26 6
4433 24 6
4434 46 9
4435 25 43
4436 48 23
4437 17 39
4438 35 46
4439 20 47
4440 13 11
4441 47 18
4442 17 28
4443 35 45
4444 47 17
4445 16 17
4446 14 11
4447 24 5
4448 4 21
4449 17 38
4450 17 39
4451 14 5
4452 20 46
4453 23 10
4454 26 43
4455 45 9
4456 16 18
4457 3 21
4458 24 10
4459 16 28
4460 21 4
4461 20 4
4462 42 19
4463 14 4
4464 46 9
4465 35 46
4466 5 25
4467 47 23
4468 22 20
4469 21 4
4470 22 19
4471 14 31
4472 11 26
4473 29 49
4474 45 9
4475 35 45
4476 24 6
4477 17 28
4478 16 17
4479 16 28
4480 17 38
4481 13 11
4482 17 28
4483 36 41
4484 14 11
4485 24 5
4486 4 25
4487 47 18
4488 25 43
4489 48 23
4490 47 17
4491 15 45
4492 47 18
4493 41 19
4494 23 10
4495 16 18
4496 16 28
4497 35 46
4498 15 44
4499 22 20
4500 13 11
4501 4 21
4502 13 31
4503 45 2
4504 28 49
4505 24 10
4506 24 6
4507 16 17
4508 17 28
4509 29 49
4510 24 5
4511 24 6
4512 35 45
4513 5 25
4514 20 4
4515 14 31
4516 4 25
4517 20 47
4518 46 9
4519 45 1
4520 28 49
4521 23 10
4522 35 46
4523 36 40
4524 47 23
4525 29 49
4526 48 23
4527 45 9
4528 46 9
4529 13 31
4530 14 31
4531 17 39
4532 14 5
4533 35 45
4534 36 41
4535 13 31
4536 26 43
4537 26 7
4538 47 17
4539 21 4
4540 16 28
4541 15 45
4542 47 18
4543 45 2
4544 14 11
4545 24 5
4546 24 10
4547 26 6
4548 28 49
4549 29 49
4550 5 25
4551 28 49
4552 10 26
4553 36 40
4554 4 25
4555 23 10
4556 20 46
4557 24 6
4558 20 4
4559 11 26
4560 20 47
4561 35 46
4562 22 19
4563 24 5
4564 14 4
4565 13 11
4566 17 38
4567 10 26
4568 14 5
4569 42 19
4570 14 11
4571 3 21
4572 13 11
4573 16 18
4574 21 4
4575 29 49
4576 16 17
4577 14 11
4578 24 6
4579 17 28
4580 14 4
4581 20 46
4582 11 26
4583 17 39
4584 16 18
4585 26 7
4586 20 4
4587 16 28
4588 22 20
4589 41 19
4590 28 49
4591 16 17
4592 4 21
4593 24 5
4594 24 6
4595 17 38
4596 36 41
4597 24 10
4598 36 40
4599 14 31
4600 42 19
4601 45 1
4602 45 2
4603 26 6
4604 14 5
4605 29 49
4606 23 10
4607 16 18
4608 17 39
4609 26 7
4610 13 31
4611 13 11
4612 17 38
4613 3 21
4614 17 28
4615 47 17
4616 16 28
4617 22 19
4618 4 21
4619 5 25
4620 17 28
4621 14 4
4622 17 39
4623 17 38
4624 24 10
4625 14 11
4626 13 11
4627 45 1
4628 45 2
4629 14 5
4630 45 9
4631 17 39
4632 21 4
4633 17 38
4634 20 4
4635 14 31
4636 46 9
4637 25 43
4638 47 23
4639 26 6
4640 26 43
4641 45 1
4642 47 18
4643 13 31
4644 21 4
4645 48 23
4646 3 21
4647 25 43
4648 45 9
4649 4 25
4650 20 4
4651 35 45
4652 15 44
4653 46 9
4654 14 31
4655 15 45
4656 14 11
4657 41 19
4658 5 25
4659 42 19
4660 17 39
4661 35 46
4662 47 17
4663 26 7
4664 36 41
4665 16 28
4666 14 4
4667 22 20
4668 13 31
4669 20 47
4670 15 44
4671 17 38
4672 24 5
4673 45 9
4674 45 2
4675 36 40
4676 35 45
4677 14 31
4678 22 19
4679 14 5
4680 47 18
4681 13 31
4682 22 20
4683 35 46
4684 17 39
4685 36 41
4686 47 17
4687 35 45
4688 4 21
4689 26 6
4690 28 49
4691 23 10
4692 14 4
4693 24 10
4694 41 19
4695 10 26
4696 45 1
4697 16 17
4698 21 4
4699 11 26
4700 4 25
4701 29 49
4702 3 21
4703 17 28
4704 10 26
4705 15 45
4706 4 21
4707 35 46
4708 26 43
4709 16 28
4710 14 5
4711 14 4
4712 14 31
4713 22 19
4714 20 46
4715 26 7
4716 42 19
4717 28 49
4718 23 10
4719 41 19
4720 15 44
4721 17 28
4722 29 49
4723 16 28
4724 46 9
4725 24 6
4726 26 6
4727 16 18
4728 36 40
4729 17 28
4730 3 21
4731 14 5
4732 13 11
4733 16 17
4734 4 21
4735 3 21
4736 47 18
4737 26 7
4738 45 2
4739 16 28
4740 47 23
4741 48 23
4742 13 31
4743 15 45
4744 36 41
4745 16 18
4746 14 4
4747 24 10
4748 45 9
4749 23 10
4750 15 44
4751 14 11
4752 36 40
4753 20 47
4754 15 45
4755 16 17
4756 47 23
4757 46 9
4758 25 43
4759 11 26
4760 48 23
4761 17 38
4762 22 20
4763 47 17
4764 17 28
4765 42 19
4766 5 25
4767 22 19
4768 16 28
4769 47 23
4770 35 45
4771 35 46
4772 20 4
4773 15 44
4774 28 49
4775 48 23
4776 35 45
4777 21 4
4778 35 46
4779 29 49
4780 17 39
4781 14 5
4782 15 45
4783 24 10
4784 20 46
4785 4 25
4786 36 41
4787 15 44
4788 26 6
4789 20 47
4790 45 9
4791 26 43
4792 13 11
4793 47 23
4794 25 43
4795 26 43
4796 24 5
4797 25 43
4798 20 4
4799 28 49
4800 48 23
4801 17 28
4802 41 19
4803 15 45
4804 20 46
4805 46 9
4806 15 44
4807 10 26
4808 21 4
4809 45 9
4810 22 20
4811 29 49
4812 14 4
4813 28 49
4814 45 1
4815 47 18
4816 35 45
4817 26 7
4818 15 45
4819 24 6
4820 36 40
4821 29 49
4822 42 19
4823 35 46
4824 35 45
4825 41 19
4826 14 11
4827 26 6
4828 35 46
4829 16 28
4830 17 28
4831 46 9
4832 26 43
4833 16 28
4834 42 19
4835 35 45
4836 47 23
4837 22 19
4838 17 38
4839 17 39
4840 35 46
4841 17 38
4842 4 21
4843 14 5
4844 45 2
4845 41 19
4846 42 19
4847 45 1
4848 11 26
4849 45 9
4850 20 4
4851 15 44
4852 47 17
4853 47 18
4854 48 23
4855 13 11
4856 15 45
4857 26 7
4858 14 11
4859 41 19
4860 15 44
4861 14 4
4862 17 28
4863 47 23
4864 20 47
4865 35 45
4866 26 6
4867 16 28
4868 26 7
4869 21 4
4870 16 18
4871 17 28
4872 20 46
4873 20 4
4874 35 46
4875 17 39
4876 35 45
4877 28 49
4878 16 17
4879 16 28
4880 36 41
4881 13 11
4882 15 45
4883 3 21
4884 14 5
4885 35 46
4886 48 23
4887 21 4
4888 47 17
4889 14 4
4890 36 40
4891 45 2
4892 45 1
4893 22 20
4894 5 25
4895 15 44
4896 20 4
4897 42 19
4898 20 47
4899 25 43
4900 14 11
4901 47 18
4902 23 10
4903 14 31
4904 17 28
4905 26 6
4906 15 45
4907 16 18
4908 15 44
4909 13 11
4910 26 7
4911 16 17
4912 47 17
4913 47 23
4914 45 2
4915 22 19
4916 26 43
4917 16 28
4918 47 18
4919 17 28
4920 21 4
4921 16 28
4922 4 25
4923 48 23
4924 17 28
4925 26 6
4926 47 17
4927 24 5
4928 16 18
4929 46 9
4930 45 1
4931 10 26
4932 26 7
4933 4 21
4934 5 25
4935 3 21
4936 14 5
4937 35 45
4938 15 45
4939 14 4
4940 41 19
4941 29 49
4942 24 10
4943 15 44
4944 36 41
4945 47 18
4946 47 23
4947 45 2
4948 22 20
4949 11 26
4950 24 6
4951 14 5
4952 14 11
4953 35 46
4954 13 31
4955 4 21
4956 10 26
4957 26 6
4958 14 4
4959 23 10
4960 16 28
4961 28 49
4962 3 21
4963 4 21
4964 20 46
4965 24 10
4966 45 9
4967 17 38
4968 16 17
4969 35 45
4970 35 46
4971 3 21
4972 15 45
4973 23 10
4974 16 18
4975 26 7
4976 42 19
4977 16 17
4978 26 6
4979 36 40
4980 20 4
4981 15 44
4982 20 47
4983 24 10
4984 41 19
4985 35 45
4986 29 49
4987 22 19
4988 21 4
4989 26 7
4990 17 28
4991 4 25
4992 25 43
4993 48 23
4994 15 45
4995 5 25
4996 14 31
4997 26 6
4998 47 23
4999 36 41
5000 20 46
5001 24 5
5002 15 44
5003 14 5
5004 16 28
5005 22 20
5006 36 40
5007 48 23
5008 17 39
5009 22 19
5010 45 1
5011 47 23
5012 24 6
5013 4 21
5014 3 21
5015 4 25
5016 47 17
5017 35 46
5018 11 26
5019 23 10
5020 48 23
5021 42 19
5022 14 4
5023 24 5
5024 47 23
5025 13 31
5026 20 4
5027 21 4
5028 4 21
5029 24 6
5030 14 5
5031 26 43
5032 35 45
5033 24 5
5034 22 20
5035 24 6
5036 15 45
5037 13 11
5038 17 38
5039 14 4
5040 45 2
5041 46 9
5042 26 7
5043 35 46
5044 35 45
5045 47 18
5046 36 41
5047 45 1
5048 16 18
5049 15 44
5050 5 25
5051 36 40
5052 16 17
5053 24 5
5054 14 31
5055 35 46
5056 36 41
5057 48 23
5058 3 21
5059 25 43
5060 36 40
5061 17 39
5062 20 47
5063 35 45
5064 4 21
5065 14 5
5066 45 9
5067 47 17
5068 22 19
5069 28 49
5070 3 21
5071 14 4
5072 20 46
5073 15 45
5074 35 46
5075 20 4
5076 13 31
5077 14 31
5078 10 26
5079 4 25
5080 26 6
5081 26 7
5082 26 6
5083 4 21
5084 17 28
5085 47 18
5086 3 21
5087 20 47
5088 36 41
5089 20 46
5090 14 11
5091 36 40
5092 24 10
5093 35 45
5094 45 2
5095 24 6
5096 24 5
5097 35 46
5098 4 21
5099 3 21
5100 46 9
5101 45 1
5102 41 19
5103 20 47
5104 47 23
5105 15 44
5106 16 18
5107 15 45
5108 45 9
5109 5 25
5110 26 7
5111 17 38
5112 16 17
5113 47 17
5114 21 4
5115 23 10
5116 14 5
5117 48 23
5118 14 4
5119 22 20
5120 29 49
5121 47 18
5122 47 23
5123 16 18
5124 24 6
5125 42 19
5126 13 11
5127 11 26
5128 22 19
5129 20 4
5130 20 46
5131 41 19
5132 48 23
5133 14 5
5134 16 17
5135 26 6
5136 24 10
5137 26 43
5138 46 9
5139 47 17
5140 14 4
5141 14 5
5142 26 7
5143 16 28
5144 22 20
5145 47 23
5146 42 19
5147 10 26
5148 4 25
5149 13 31
5150 14 31
5151 28 49
5152 41 19
5153 5 25
5154 11 26
5155 15 44
5156 45 2
5157 48 23
5158 16 18
5159 15 45
5160 26 6
5161 36 41
5162 25 43
5163 14 4
5164 45 9
5165 36 40
5166 23 10
5167 46 9
5168 15 44
5169 45 1
5170 17 28
5171 35 45
5172 4 25
5173 14 5
5174 42 19
5175 13 31
5176 14 4
5177 41 19
5178 29 49
5179 36 41
5180 14 11
5181 16 28
5182 42 19
5183 28 49
5184 20 47
5185 41 19
5186 14 31
5187 24 10
5188 47 23
5189 4 21
5190 29 49
5191 45 2
5192 47 18
5193 22 19
5194 15 45
5195 21 4
5196 10 26
5197 5 25
5198 17 39
5199 17 28
5200 20 4
5201 22 20
5202 22 19
5203 24 5
5204 11 26
5205 45 9
5206 48 23
5207 20 46
5208 16 17
5209 45 1
5210 26 7
5211 28 49
5212 29 49
5213 35 46
5214 22 20
5215 26 43
5216 47 17
5217 20 47
5218 45 2
5219 14 5
5220 17 38
5221 13 11
5222 47 18
5223 36 40
5224 3 21
5225 14 4
5226 4 25
5227 35 45
5228 26 6
5229 10 26
5230 23 10
5231 14 5
5232 5 25
5233 42 19
5234 24 6
5235 14 11
5236 25 43
5237 47 23
5238 17 39
5239 35 46
5240 47 17
5241 15 44
5242 47 18
5243 24 10
5244 11 26
5245 21 4
5246 46 9
5247 17 38
5248 22 19
5249 26 43
5250 26 7
5251 48 23
5252 23 10
5253 36 41
5254 16 28
5255 26 6
5256 20 46
5257 13 31
5258 10 26
5259 45 1
5260 13 11
5261 47 23
5262 20 47
5263 20 46
5264 28 49
5265 11 26
5266 20 4
5267 17 39
5268 17 28
5269 20 47
5270 20 46
5271 47 17
5272 17 38
5273 14 11
5274 15 45
5275 26 7
5276 10 26
5277 25 43
5278 16 28
5279 47 18
5280 20 47
5281 35 45
5282 48 23
5283 17 39
5284 47 17
5285 29 49
5286 45 2
5287 36 40
5288 41 19
5289 21 4
5290 47 18
5291 13 11
5292 35 46
5293 14 11
5294 20 46
5295 14 4
5296 20 47
5297 13 11
5298 26 43
5299 4 21
5300 45 1
5301 45 9
5302 42 19
5303 24 5
5304 24 6
5305 17 38
5306 24 10
5307 36 41
5308 35 45
5309 4 25
5310 45 2
5311 35 46
5312 36 40
5313 41 19
5314 5 25
5315 26 6
5316 47 17
5317 17 39
5318 24 5
5319 16 18
5320 46 9
5321 14 11
5322 45 9
5323 42 19
5324 20 46
5325 46 9
5326 45 9
5327 13 11
5328 14 31
5329 16 17
5330 25 43
5331 24 6
5332 23 10
5333 20 47
5334 13 31
5335 28 49
5336 17 38
5337 26 43
5338 41 19
5339 36 41
5340 20 4
5341 29 49
5342 11 26
5343 47 23
5344 14 11
5345 26 7
5346 26 6
5347 16 18
5348 22 20
5349 20 46
5350 25 43
5351 15 44
5352 16 17
5353 36 40
5354 17 28
5355 22 19
5356 17 39
5357 36 41
5358 16 28
5359 42 19
5360 21 4
5361 24 10
5362 45 1
5363 45 2
5364 17 28
5365 22 20
5366 45 1
5367 41 19
5368 4 25
5369 45 2
5370 17 38
5371 5 25
5372 23 10
5373 13 11
5374 48 23
5375 36 40
5376 47 18
5377 24 5
5378 3 21
5379 28 49
5380 29 49
5381 46 9
5382 20 47
5383 26 43
5384 20 4
5385 35 45
5386 20 46
5387 42 19
5388 24 10
5389 26 7
5390 4 21
5391 4 25
5392 24 6
5393 45 1
5394 14 31
5395 14 11
5396 22 19
5397 3 21
5398 23 10
5399 16 28
5400 20 47
5401 21 4
5402 20 46
5403 4 21
5404 5 25
5405 13 31
5406 47 17
5407 16 18
5408 14 31
5409 14 5
5410 28 49
5411 15 45
5412 3 21
5413 20 47
5414 24 5
5415 4 21
5416 24 10
5417 17 39
5418 20 46
5419 26 6
5420 47 23
5421 45 9
5422 35 46
5423 20 4
5424 15 44
5425 25 43
5426 16 17
5427 10 26
5428 17 28
5429 17 38
5430 24 6
5431 26 43
5432 13 11
5433 47 18
5434 25 43
5435 41 19
5436 47 17
5437 17 39
5438 47 18
5439 46 9
5440 22 20
5441 36 41
5442 13 31
5443 42 19
5444 16 28
5445 24 5
5446 41 19
5447 4 25
5448 22 19
5449 17 28
5450 14 31
5451 17 38
5452 13 31
5453 14 4
5454 35 45
5455 15 45
5456 20 47
5457 3 21
5458 15 44
5459 4 21
5460 22 20
5461 11 26
5462 14 31
5463 22 19
5464 23 10
5465 35 46
5466 22 20
5467 24 10
5468 10 26
5469 20 46
5470 14 5
5471 20 47
5472 35 45
5473 11 26
5474 45 9
5475 5 25
5476 16 18
5477 16 28
5478 17 39
5479 17 28
5480 47 17
5481 3 21
5482 20 46
5483 22 19
5484 26 7
5485 47 18
5486 36 40
5487 42 19
5488 35 46
5489 4 25
5490 35 45
5491 5 25
5492 35 46
5493 36 41
5494 14 4
5495 29 49
5496 28 49
5497 41 19
5498 24 6
5499 42 19
5500 29 49
5501 13 31
5502 26 43
5503 14 5
5504 4 21
5505 48 23
5506 24 5
5507 47 23
5508 35 45
5509 16 17
5510 26 6
5511 46 9
5512 24 6
5513 36 40
5514 21 4
5515 14 11
5516 13 11
5517 36 41
5518 16 18
5519 17 38
5520 20 47
5521 36 40
5522 36 41
5523 23 10
5524 25 43
5525 20 4
5526 36 40
5527 45 2
5528 26 7
5529 45 9
5530 3 21
5531 14 11
5532 46 9
5533 10 26
5534 22 20
5535 4 25
5536 16 17
5537 45 1
5538 20 46
5539 45 9
5540 14 4
5541 35 46
5542 17 39
5543 48 23
5544 28 49
5545 36 41
5546 14 5
5547 17 38
5548 14 31
5549 13 31
5550 46 9
5551 14 4
5552 45 2
5553 24 10
5554 35 45
5555 26 6
5556 24 5
5557 14 5
5558 47 17
5559 21 4
5560 5 25
5561 22 19
5562 14 4
5563 47 18
5564 35 46
5565 26 43
5566 24 6
5567 24 5
5568 23 10
5569 15 45
5570 22 20
5571 4 21
5572 14 5
5573 26 7
5574 4 25
5575 14 4
5576 41 19
5577 16 18
5578 47 17
5579 47 18
5580 17 39
5581 47 23
5582 42 19
5583 14 31
5584 11 26
5585 25 43
5586 26 43
5587 29 49
5588 15 44
5589 10 26
5590 47 17
5591 3 21
5592 4 21
5593 45 1
5594 16 17
5595 24 6
5596 26 6
5597 14 5
5598 28 49
5599 36 40
5600 14 4
5601 25 43
5602 45 2
5603 22 19
5604 20 4
5605 41 19
5606 17 38
5607 14 5
5608 11 26
5609 5 25
5610 35 45
5611 36 41
5612 35 46
5613 24 10
5614 47 18
5615 15 45
5616 20 47
5617 14 4
5618 17 39
5619 16 18
5620 15 44
5621 23 10
5622 22 20
5623 48 23
5624 45 1
5625 42 19
5626 21 4
5627 16 28
5628 17 38
5629 26 7
5630 26 43
5631 22 19
5632 4 25
5633 25 43
5634 5 25
5635 41 19
5636 13 31
5637 10 26
5638 16 17
5639 29 49
5640 17 28
5641 14 31
5642 24 10
5643 3 21
5644 20 46
5645 24 5
5646 17 39
5647 17 38
5648 35 45
5649 17 39
5650 45 2
5651 45 1
5652 4 25
5653 26 43
5654 36 40
5655 13 31
5656 20 47
5657 28 49
5658 24 6
5659 26 6
5660 36 41
5661 26 7
5662 20 4
5663 47 17
5664 20 46
5665 13 11
5666 29 49
5667 21 4
5668 47 23
5669 14 5
5670 42 19
5671 25 43
5672 11 26
5673 26 6
5674 41 19
5675 14 31
5676 24 5
5677 16 28
5678 42 19
5679 47 18
5680 24 6
5681 45 9
5682 46 9
5683 28 49
5684 22 20
5685 14 11
5686 26 7
5687 29 49
5688 35 46
5689 26 6
5690 10 26
5691 48 23
5692 26 43
5693 23 10
5694 11 26
5695 36 40
5696 47 23
5697 16 18
5698 24 5
5699 28 49
5700 26 7
5701 20 4
5702 20 47
5703 17 38
5704 48 23
5705 15 45
5706 20 46
5707 22 19
5708 13 31
5709 13 11
5710 45 9
5711 47 23
5712 10 26
5713 21 4
5714 24 10
5715 17 39
5716 16 17
5717 20 47
5718 35 45
5719 29 49
5720 45 2
5721 16 18
5722 17 38
5723 17 28
5724 14 11
5725 47 17
5726 46 9
5727 13 11
5728 5 25
5729 16 17
5730 35 46
5731 4 25
5732 47 18
5733 20 46
5734 28 49
5735 11 26
5736 47 17
5737 5 25
5738 4 25
5739 45 1
5740 16 18
5741 5 25
5742 41 19
5743 14 31
5744 4 21
5745 47 18
5746 25 43
5747 17 39
5748 13 31
5749 3 21
5750 14 11
5751 10 26
5752 17 38
5753 26 6
5754 23 10
5755 13 11
5756 4 25
5757 14 4
5758 24 6
5759 45 9
5760 5 25
5761 16 28
5762 22 20
5763 4 25
5764 15 44
5765 5 25
5766 14 31
5767 13 31
5768 24 5
5769 48 23
5770 15 45
5771 14 31
5772 22 19
5773 4 25
5774 47 17
5775 35 45
5776 22 20
5777 16 17
5778 45 2
5779 47 18
5780 35 46
5781 15 44
5782 26 43
5783 24 6
5784 46 9
5785 29 49
5786 11 26
5787 16 18
5788 47 23
5789 14 5
5790 13 31
5791 20 47
5792 24 10
5793 28 49
5794 20 46
5795 29 49
5796 15 45
5797 15 44
5798 24 5
5799 14 4
5800 14 11
5801 23 10
5802 16 17
5803 20 47
5804 36 41
5805 24 10
5806 5 25
5807 15 45
5808 14 31
5809 17 39
5810 4 25
5811 45 1
5812 20 46
5813 5 25
5814 45 2
5815 16 18
5816 17 28
5817 16 17
5818 16 18
5819 4 21
5820 47 17
5821 22 19
5822 45 9
5823 14 5
5824 16 17
5825 13 11
5826 28 49
5827 20 4
5828 46 9
5829 10 26
5830 11 26
5831 26 7
5832 29 49
5833 14 4
5834 25 43
5835 14 5
5836 21 4
5837 23 10
5838 26 43
5839 26 6
5840 4 25
5841 28 49
5842 24 10
5843 36 40
5844 15 44
5845 3 21
5846 35 45
5847 4 21
5848 26 7
5849 16 18
5850 26 6
5851 35 46
5852 42 19
5853 3 21
5854 26 7
5855 35 45
5856 48 23
5857 16 28
5858 35 46
5859 10 26
5860 36 41
5861 15 45
5862 20 47
5863 36 40
5864 35 45
5865 11 26
5866 13 31
5867 45 1
5868 29 49
5869 24 6
5870 47 23
5871 23 10
5872 17 28
5873 16 17
5874 45 2
5875 48 23
5876 16 18
5877 28 49
5878 41 19
5879 35 46
5880 14 11
5881 5 25
5882 36 41
5883 22 20
5884 15 44
5885 22 19
5886 47 23
5887 24 5
5888 15 45
5889 13 11
5890 25 43
5891 20 4
5892 29 49
5893 22 20
5894 45 9
5895 26 43
5896 16 17
5897 17 38
5898 25 43
5899 14 4
5900 42 19
5901 14 31
5902 16 18
5903 28 49
5904 29 49
5905 13 31
5906 20 46
5907 41 19
5908 22 19
5909 24 10
5910 15 44
5911 22 20
5912 14 11
5913 35 45
5914 23 10
5915 10 26
5916 47 18
5917 24 10
5918 16 28
5919 35 46
5920 42 19
5921 24 6
5922 11 26
5923 4 21
5924 26 43
5925 22 19
5926 23 10
5927 14 5
5928 26 6
5929 21 4
5930 28 49
5931 4 25
5932 45 1
5933 25 43
5934 36 40
5935 5 25
5936 36 41
5937 26 7
5938 45 2
5939 48 23
5940 10 26
5941 26 43
5942 4 25
5943 29 49
5944 24 10
5945 13 11
5946 20 47
5947 20 46
5948 45 1
5949 41 19
5950 14 4
5951 17 39
5952 17 38
5953 45 2
5954 20 47
5955 23 10
5956 3 21
5957 17 39
5958 24 10
5959 14 5
5960 20 46
5961 14 4
5962 46 9
5963 17 38
5964 47 17
5965 47 23
5966 14 11
5967 26 6
5968 20 47
5969 22 20
5970 14 5
5971 4 21
5972 48 23
5973 20 4
5974 21 4
5975 13 11
5976 14 11
5977 14 4
5978 16 17
5979 13 11
5980 14 5
5981 47 18
5982 45 9
5983 17 28
5984 14 4
5985 3 21
5986 47 23
5987 11 26
5988 45 1
5989 36 40
5990 20 4
5991 47 17
5992 14 11
5993 10 26
5994 15 45
5995 48 23
5996 25 43
5997 23 10
5998 5 25
5999 14 31
6000 24 5
6001 47 23
6002 16 28
6003 48 23
6004 45 2
6005 46 9
6006 15 44
6007 45 1
6008 13 11
6009 14 11
6010 28 49
6011 14 5
6012 36 41
6013 29 49
6014 13 31
6015 21 4
6016 11 26
6017 4 25
6018 28 49
6019 47 18
6020 10 26
6021 14 31
6022 26 43
6023 17 28
6024 15 45
6025 4 21
6026 3 21
6027 17 39
6028 17 38
6029 16 28
6030 15 44
6031 47 23
6032 42 19
6033 48 23
6034 16 18
6035 26 7
6036 47 23
6037 13 31
6038 13 11
6039 45 2
6040 17 28
6041 14 31
6042 20 46
6043 24 10
6044 26 6
6045 22 19
6046 16 17
6047 20 47
6048 29 49
6049 28 49
6050 48 23
6051 36 40
6052 24 6
6053 23 10
6054 47 23
6055 25 43
6056 5 25
6057 26 43
6058 41 19
6059 15 45
6060 15 44
6061 14 11
6062 48 23
6063 13 11
6064 11 26
6065 47 17
6066 42 19
6067 45 9
6068 4 21
6069 20 46
6070 24 5
6071 10 26
6072 46 9
6073 47 23
6074 45 1
6075 13 31
6076 47 18
6077 41 19
6078 22 20
6079 25 43
6080 35 45
6081 22 19
6082 45 2
6083 45 9
6084 24 10
6085 16 18
6086 20 4
6087 15 45
6088 35 46
6089 14 11
6090 45 1
6091 13 11
6092 11 26
6093 26 43
6094 16 17
6095 48 23
6096 26 7
6097 42 19
6098 47 17
6099 16 28
6100 10 26
6101 14 31
6102 17 28
6103 46 9
6104 47 23
6105 29 49
6106 14 4
6107 16 28
6108 35 45
6109 45 2
6110 45 1
6111 16 18
6112 13 31
6113 20 47
6114 23 10
6115 25 43
6116 4 25
6117 36 41
6118 24 6
6119 20 46
6120 45 2
6121 47 18
6122 35 46
6123 21 4
6124 16 17
6125 24 10
6126 45 9
6127 36 40
6128 14 11
6129 48 23
6130 20 4
6131 20 47
6132 14 5
6133 16 18
6134 23 10
6135 21 4
6136 28 49
6137 24 10
6138 5 25
6139 22 20
6140 4 25
6141 24 5
6142 35 45
6143 22 19
6144 46 9
6145 29 49
6146 17 39
6147 20 4
6148 21 4
6149 26 43
6150 36 41
6151 35 46
6152 20 4
6153 45 9
6154 46 9
6155 45 9
6156 24 6
6157 47 23
6158 24 5
6159 46 9
6160 21 4
6161 26 6
6162 16 17
6163 14 4
6164 47 17
6165 17 38
6166 36 40
6167 15 44
6168 17 39
6169 22 20
6170 14 5
6171 3 21
6172 35 45
6173 20 46
6174 20 4
6175 25 43
6176 11 26
6177 26 7
6178 16 18
6179 41 19
6180 42 19
6181 45 1
6182 5 25
6183 4 25
6184 5 25
6185 16 17
6186 16 18
6187 17 28
6188 17 38
6189 26 6
6190 26 43
6191 26 7
6192 45 9
6193 16 17
6194 4 25
6195 16 18
6196 16 17
6197 15 45
6198 48 23
6199 47 23
6200 14 31
6201 4 21
6202 16 18
6203 36 41
6204 22 19
6205 46 9
6206 16 28
6207 45 2
6208 17 28
6209 3 21
6210 10 26
6211 22 20
6212 13 31
6213 22 19
6214 17 39
6215 35 46
6216 35 45
6217 4 21
6218 41 19
6219 45 9
6220 35 46
6221 22 20
6222 24 6
6223 14 31
6224 13 11
6225 11 26
6226 48 23
6227 21 4
6228 20 4
6229 14 11
6230 3 21
6231 47 18
6232 4 21
6233 20 47
6234 16 28
6235 42 19
6236 22 19
6237 46 9
6238 45 1
6239 47 17
6240 41 19
6241 3 21
6242 5 25
6243 25 43
6244 13 31
6245 45 9
6246 47 18
6247 14 4
6248 17 38
6249 35 45
6250 15 44
6251 4 25
6252 13 11
6253 26 43
6254 15 45
6255 42 19
6256 23 10
6257 17 39
6258 16 17
6259 45 2
6260 45 1
6261 41 19
6262 22 20
6263 46 9
6264 20 46
6265 20 47
6266 26 6
6267 17 38
6268 17 39
6269 35 46
6270 20 46
6271 4 21
6272 21 4
6273 3 21
6274 14 11
6275 22 19
6276 13 11
6277 24 10
6278 10 26
6279 14 11
6280 24 5
6281 45 2
6282 14 31
6283 17 28
6284 11 26
6285 22 20
6286 13 11
6287 45 1
6288 14 11
6289 24 6
6290 23 10
6291 16 18
6292 14 5
6293 35 45
6294 22 19
6295 28 49
6296 45 9
6297 26 7
6298 42 19
6299 20 47
6300 35 46
6301 26 6
6302 15 44
6303 14 4
6304 36 40
6305 4 21
6306 22 20
6307 41 19
6308 45 2
6309 36 41
6310 5 25
6311 22 19
6312 26 7
6313 25 43
6314 15 45
6315 26 43
6316 4 25
6317 24 5
6318 17 38
6319 3 21
6320 13 11
6321 16 17
6322 5 25
6323 4 25
6324 15 44
6325 14 11
6326 22 20
6327 16 28
6328 29 49
6329 16 18
6330 26 6
6331 42 19
6332 13 11
6333 15 45
6334 13 31
6335 46 9
6336 20 4
6337 41 19
6338 14 31
6339 35 45
6340 42 19
6341 16 17
6342 16 18
6343 47 17
6344 47 18
6345 24 10
6346 16 17
6347 14 5
6348 41 19
6349 45 1
6350 17 28
6351 4 21
6352 5 25
6353 47 23
6354 36 40
6355 3 21
6356 14 4
6357 4 25
6358 23 10
6359 47 17
6360 16 28
6361 5 25
6362 47 18
6363 28 49
6364 22 19
6365 21 4
6366 25 43
6367 26 43
6368 45 2
6369 15 44
6370 25 43
6371 16 18
6372 17 28
6373 48 23
6374 13 31
6375 4 21
6376 16 17
6377 15 45
6378 16 18
6379 42 19
6380 26 43
6381 3 21
6382 45 9
6383 24 6
6384 47 23
6385 20 46
6386 25 43
6387 24 5
6388 4 21
6389 26 7
6390 26 43
6391 10 26
6392 11 26
6393 20 4
6394 36 41
6395 16 28
6396 4 25
6397 25 43
6398 3 21
6399 14 11
6400 5 25
6401 29 49
6402 47 17
6403 26 43
6404 24 6
6405 24 5
6406 15 44
6407 46 9
6408 17 39
6409 10 26
6410 4 21
6411 26 6
6412 47 18
6413 14 5
6414 13 11
6415 4 25
6416 24 6
6417 24 5
6418 24 10
6419 24 6
6420 24 5
6421 36 40
6422 45 9
6423 41 19
6424 14 11
6425 21 4
6426 26 7
6427 14 31
6428 16 17
6429 14 4
6430 36 41
6431 26 6
6432 20 47
6433 46 9
6434 11 26
6435 13 31
6436 45 1
6437 22 20
6438 42 19
6439 16 18
6440 16 17
6441 24 6
6442 26 7
6443 13 11
6444 5 25
6445 14 5
6446 47 17
6447 20 4
6448 15 45
6449 21 4
6450 45 9
6451 26 6
6452 17 38
6453 47 18
6454 15 44
6455 24 5
6456 20 4
6457 17 28
6458 25 43
6459 26 43
6460 41 19
6461 24 6
6462 20 46
6463 22 19
6464 45 2
6465 14 11
6466 10 26
6467 36 40
6468 45 1
6469 21 4
6470 26 7
6471 47 17
6472 48 23
6473 26 6
6474 23 10
6475 17 39
6476 28 49
6477 14 4
6478 26 7
6479 20 47
6480 15 45
6481 46 9
6482 14 31
6483 15 44
6484 47 23
6485 14 5
6486 42 19
6487 14 4
6488 22 20
6489 11 26
6490 16 18
6491 48 23
6492 22 19
6493 35 46
6494 22 20
6495 15 45
6496 13 31
6497 26 6
6498 47 23
6499 41 19
6500 22 19
6501 4 25
6502 42 19
6503 35 45
6504 13 11
6505 47 18
6506 35 46
6507 5 25
6508 24 5
6509 24 6
6510 29 49
6511 20 4
6512 17 38
6513 16 28
6514 48 23
6515 45 2
6516 26 7
6517 26 6
6518 3 21
6519 24 5
6520 26 7
6521 35 45
6522 10 26
6523 35 46
6524 14 31
6525 25 43
6526 45 1
6527 45 9
6528 26 6
6529 28 49
6530 20 46
6531 21 4
6532 26 7
6533 14 5
6534 29 49
6535 45 2
6536 24 10
6537 47 23
6538 15 44
6539 20 47
6540 36 41
6541 4 21
6542 45 1
6543 13 31
6544 47 17
6545 36 40
6546 26 6
6547 47 18
6548 35 45
6549 17 28
6550 14 11
6551 11 26
6552 45 2
6553 10 26
6554 17 39
6555 26 43
6556 20 46
6557 35 46
6558 28 49
6559 35 45
6560 26 7
6561 17 38
6562 15 45
6563 20 47
6564 15 44
6565 20 46
6566 45 1
6567 11 26
6568 24 6
6569 22 20
6570 46 9
6571 47 17
6572 35 46
6573 3 21
6574 25 43
6575 26 6
6576 13 11
6577 24 5
6578 29 49
6579 17 39
6580 16 17
6581 45 9
6582 10 26
6583 41 19
6584 20 47
6585 28 49
6586 47 18
6587 14 31
6588 26 43
6589 42 19
6590 41 19
6591 25 43
6592 42 19
6593 47 17
6594 14 4
6595 29 49
6596 48 23
6597 47 23
6598 17 38
6599 20 4
6600 46 9
6601 4 21
6602 15 45
6603 24 6
6604 14 5
6605 26 7
6606 26 43
6607 23 10
6608 48 23
6609 24 10
6610 4 25
6611 24 5
6612 36 41
6613 28 49
6614 29 49
6615 41 19
6616 3 21
6617 23 10
6618 25 43
6619 17 39
6620 17 38
6621 13 31
6622 14 31
6623 5 25
6624 35 45
6625 17 39
6626 42 19
6627 45 9
6628 22 19
6629 15 44
6630 13 31
6631 36 40
6632 16 28
6633 21 4
6634 35 46
6635 14 4
6636 11 26
6637 22 20
6638 14 11
6639 41 19
6640 10 26
6641 36 41
6642 35 45
6643 11 26
6644 13 11
6645 16 18
6646 24 10
6647 47 23
6648 14 5
6649 23 10
6650 45 2
6651 28 49
6652 17 28
6653 26 6
6654 24 10
6655 17 38
6656 15 45
6657 24 6
6658 14 11
6659 10 26
6660 47 18
6661 14 31
6662 13 11
6663 16 17
6664 16 18
6665 42 19
6666 16 28
6667 4 25
6668 5 25
6669 26 7
6670 22 19
6671 14 4
6672 14 11
6673 15 44
6674 22 20
6675 35 46
6676 17 28
6677 13 11
6678 4 25
6679 29 49
6680 14 11
6681 13 11
6682 48 23
6683 15 45
6684 17 39
6685 15 44
6686 23 10
6687 20 46
6688 11 26
6689 47 17
6690 14 5
6691 5 25
6692 28 49
6693 17 38
6694 35 45
6695 17 39
6696 16 17
6697 45 1
6698 15 45
6699 41 19
6700 13 31
6701 14 4
6702 16 28
6703 16 18
6704 24 5
6705 24 6
6706 22 19
6707 46 9
6708 15 44
6709 14 31
6710 14 5
6711 15 45
6712 4 21
6713 26 43
6714 15 44
6715 20 4
6716 29 49
6717 42 19
6718 14 4
6719 15 45
6720 47 23
6721 15 44
6722 15 45
6723 3 21
6724 15 44
6725 4 25
6726 24 5
6727 17 38
6728 21 4
6729 45 9
6730 15 45
6731 17 28
6732 26 6
6733 20 4
6734 24 10
6735 10 26
6736 26 7
6737 35 46
6738 22 20
6739 13 31
6740 47 18
6741 11 26
6742 45 2
6743 23 10
6744 22 19
6745 36 40
6746 5 25
6747 14 31
6748 21 4
6749 35 45
6750 24 10
6751 4 25
6752 26 6
6753 46 9
6754 25 43
6755 47 17
6756 14 11
6757 4 21
6758 20 4
6759 23 10
6760 3 21
6761 4 21
6762 41 19
6763 26 43
6764 3 21
6765 26 7
6766 48 23
6767 5 25
6768 36 41
6769 35 46
6770 45 1
6771 24 10
6772 26 6
6773 42 19
6774 36 40
6775 28 49
6776 4 25
6777 25 43
6778 41 19
6779 10 26
6780 15 44
6781 17 39
6782 4 21
6783 23 10
6784 45 9
6785 17 38
6786 21 4
6787 20 4
6788 24 10
6789 47 18
6790 46 9
6791 47 23
6792 13 11
6793 26 7
6794 26 43
6795 14 5
6796 45 9
6797 35 45
6798 14 11
6799 26 6
6800 42 19
6801 11 26
6802 22 20
6803 17 39
6804 16 17
6805 48 23
6806 17 38
6807 13 11
6808 47 17
6809 3 21
6810 26 7
6811 23 10
6812 41 19
6813 16 18
6814 20 47
6815 22 19
6816 46 9
6817 13 31
6818 17 39
6819 4 21
6820 3 21
6821 14 4
6822 45 9
6823 5 25
6824 45 2
6825 14 31
6826 47 18
6827 24 6
6828 36 41
6829 47 17
6830 36 40
6831 21 4
6832 45 1
6833 14 11
6834 47 18
6835 15 45
6836 13 31
6837 35 46
6838 47 23
6839 45 2
6840 4 25
6841 20 4
6842 25 43
6843 15 44
6844 5 25
6845 14 5
6846 16 28
6847 24 5
6848 17 38
6849 36 41
6850 45 1
6851 48 23
6852 35 45
6853 15 45
6854 36 40
6855 17 28
6856 14 31
6857 4 21
6858 16 28
6859 47 23
6860 17 28
6861 48 23
6862 26 43
6863 13 31
6864 14 4
6865 3 21
6866 16 17
6867 4 21
6868 36 41
6869 16 28
6870 13 11
6871 29 49
6872 4 25
6873 16 18
6874 24 10
6875 35 46
6876 17 28
6877 10 26
6878 5 25
6879 16 28
6880 42 19
6881 36 40
6882 17 28
6883 28 49
6884 17 39
6885 41 19
6886 45 2
6887 35 45
6888 46 9
6889 22 20
6890 47 17
6891 42 19
6892 16 28
6893 23 10
6894 47 18
6895 26 6
6896 36 41
6897 17 28
6898 45 1
6899 17 38
6900 22 19
6901 21 4
6902 36 40
6903 45 9
6904 14 5
6905 25 43
6906 14 4
6907 20 4
6908 14 11
6909 11 26
6910 47 17
6911 47 18
6912 15 44
6913 4 25
6914 36 41
6915 10 26
6916 22 20
6917 26 43
6918 25 43
6919 46 9
6920 29 49
6921 15 45
6922 47 23
6923 21 4
6924 45 9
6925 47 17
6926 26 43
6927 20 46
6928 14 31
6929 25 43
6930 11 26
6931 16 28
6932 22 19
6933 24 6
6934 47 18
6935 41 19
6936 13 31
6937 13 11
6938 45 2
6939 24 5
6940 14 31
6941 17 28
6942 24 6
6943 48 23
6944 45 1
6945 46 9
6946 47 17
6947 3 21
6948 15 44
6949 22 20
6950 45 2
6951 20 4
6952 42 19
6953 26 43
6954 16 17
6955 35 46
6956 35 45
6957 16 18
6958 47 18
6959 47 23
6960 16 17
6961 24 10
6962 47 17
6963 25 43
6964 28 49
6965 29 49
6966 28 49
6967 23 10
6968 26 7
6969 36 40
6970 26 43
6971 14 11
6972 24 10
6973 45 9
6974 14 5
6975 22 19
6976 14 4
6977 22 20
6978 21 4
6979 45 1
6980 15 45
6981 41 19
6982 23 10
6983 13 11
6984 20 4
6985 24 5
6986 15 44
6987 24 6
6988 46 9
6989 24 10
6990 20 47
6991 13 31
6992 14 5
6993 23 10
6994 22 19
6995 5 25
6996 35 46
6997 35 45
6998 45 9
6999 46 9
7000 24 5
7001 25 43
7002 26 6
7003 29 49
7004 45 2
7005 26 7
7006 15 45
7007 35 46
7008 4 21
7009 14 11
7010 14 4
7011 14 31
7012 4 25
7013 28 49
7014 10 26
7015 16 18
7016 35 45
7017 3 21
7018 17 39
7019 16 17
7020 17 38
7021 22 20
7022 13 11
7023 14 11
7024 45 1
7025 4 21
7026 5 25
7027 15 44
7028 35 46
7029 16 18
7030 21 4
7031 15 45
7032 13 11
7033 14 11
7034 24 10
7035 45 2
7036 17 39
7037 48 23
7038 29 49
7039 13 11
7040 22 19
7041 23 10
7042 3 21
7043 22 20
7044 14 5
7045 35 45
7046 20 46
7047 24 6
7048 14 11
7049 26 43
7050 4 21
7051 26 6
7052 24 10
7053 24 5
7054 11 26
7055 13 11
7056 45 9
7057 22 19
7058 13 31
7059 22 20
7060 26 7
7061 10 26
7062 25 43
7063 26 6
7064 26 43
7065 46 9
7066 28 49
7067 16 17
7068 25 43
7069 16 28
7070 42 19
7071 11 26
7072 47 23
7073 26 43
7074 14 31
7075 41 19
7076 36 41
7077 22 19
7078 17 38
7079 15 44
7080 48 23
7081 45 9
7082 4 25
7083 29 49
7084 35 46
7085 17 28
7086 47 18
7087 20 47
7088 22 20
7089 46 9
7090 16 18
7091 16 17
7092 35 45
7093 16 18
7094 42 19
7095 47 23
7096 26 7
7097 17 39
7098 15 45
7099 36 40
7100 45 9
7101 41 19
7102 42 19
7103 14 4
7104 45 1
7105 24 6
7106 16 28
7107 13 31
7108 16 17
7109 17 38
7110 20 4
7111 10 26
7112 41 19
7113 14 5
7114 14 4
7115 47 17
7116 5 25
7117 17 28
7118 35 46
7119 16 18
7120 45 2
7121 25 43
7122 26 6
7123 26 43
7124 17 39
7125 45 1
7126 16 28
7127 21 4
7128 47 18
7129 45 2
7130 16 17
7131 42 19
7132 15 44
7133 28 49
7134 25 43
7135 26 43
7136 4 25
7137 3 21
7138 41 19
7139 20 4
7140 17 38
7141 25 43
7142 14 11
7143 26 43
7144 4 21
7145 20 46
7146 17 28
7147 15 45
7148 21 4
7149 22 19
7150 29 49
7151 42 19
7152 3 21
7153 23 10
7154 14 31
7155 11 26
7156 36 41
7157 4 21
7158 13 31
7159 41 19
7160 20 47
7161 22 20
7162 35 45
7163 36 40
7164 22 19
7165 20 46
7166 35 46
7167 13 11
7168 10 26
7169 20 4
7170 24 5
7171 46 9
7172 17 39
7173 3 21
7174 45 9
7175 42 19
7176 16 18
7177 28 49
7178 21 4
7179 24 10
7180 23 10
7181 20 47
7182 24 6
7183 46 9
7184 20 46
7185 16 17
7186 45 9
7187 24 10
7188 45 1
7189 14 5
7190 14 31
7191 35 45
7192 45 2
7193 47 17
7194 23 10
7195 46 9
7196 35 46
7197 14 11
7198 41 19
7199 29 49
7200 16 18
7201 25 43
7202 47 18
7203 22 20
7204 35 45
7205 22 19
7206 26 43
7207 42 19
7208 26 7
7209 16 17
7210 26 6
7211 28 49
7212 24 10
7213 47 17
7214 45 1
7215 13 11
7216 16 28
7217 14 4
7218 11 26
7219 4 21
7220 10 26
7221 20 47
7222 29 49
7223 22 20
7224 15 44
7225 16 18
7226 20 46
7227 28 49
7228 22 19
7229 23 10
7230 47 18
7231 3 21
7232 14 11
7233 15 45
7234 17 38
7235 20 47
7236 16 17
7237 20 4
7238 14 5
7239 17 28
7240 45 2
7241 25 43
7242 35 46
7243 22 20
7244 48 23
7245 17 39
7246 36 41
7247 45 9
7248 4 21
7249 16 28
7250 29 49
7251 45 1
7252 20 46
7253 15 44
7254 20 47
7255 17 28
7256 11 26
7257 24 5
7258 45 2
7259 16 28
7260 16 18
7261 5 25
7262 21 4
7263 47 23
7264 28 49
7265 45 1
7266 13 31
7267 47 17
7268 14 4
7269 10 26
7270 36 40
7271 17 38
7272 24 10
7273 17 28
7274 4 25
7275 29 49
7276 22 19
7277 11 26
7278 46 9
7279 45 9
7280 16 17
7281 45 2
7282 47 18
7283 14 31
7284 47 17
7285 36 41
7286 13 11
7287 26 7
7288 16 28
7289 3 21
7290 35 45
7291 20 4
7292 14 5
7293 41 19
7294 14 4
7295 14 5
7296 26 6
7297 35 46
7298 22 20
7299 24 6
7300 5 25
7301 24 5
7302 42 19
7303 21 4
7304 10 26
7305 17 28
7306 26 7
7307 26 6
7308 48 23
7309 15 45
7310 11 26
7311 24 6
7312 47 23
7313 20 46
7314 13 31
7315 35 45
7316 48 23
7317 24 5
7318 23 10
7319 20 4
7320 35 46
7321 4 21
7322 17 39
7323 45 1
7324 20 47
7325 10 26
7326 22 19
7327 35 45
7328 14 31
7329 35 46
7330 20 46
7331 21 4
7332 36 40
7333 17 38
7334 17 39
7335 45 2
7336 20 47
7337 36 41
7338 47 18
7339 45 1
7340 35 45
7341 35 46
7342 11 26
7343 10 26
7344 14 11
7345 3 21
7346 26 7
7347 35 45
7348 46 9
7349 41 19
7350 17 38
7351 16 28
7352 47 23
7353 4 25
7354 28 49
7355 35 46
7356 20 46
7357 45 2
7358 5 25
7359 47 17
7360 42 19
7361 26 43
7362 41 19
7363 13 31
7364 11 26
7365 48 23
7366 17 28
7367 45 9
7368 25 43
7369 14 4
7370 16 28
7371 46 9
7372 17 28
7373 4 21
7374 29 49
7375 13 11
7376 47 18
7377 14 31
7378 28 49
7379 29 49
7380 15 44
7381 45 9
7382 46 9
7383 16 28
7384 35 45
7385 26 6
7386 45 9
7387 45 1
7388 36 40
7389 15 45
7390 47 23
7391 35 46
7392 36 41
7393 35 45
7394 14 5
7395 24 10
7396 35 46
7397 17 28
7398 4 25
7399 24 6
7400 22 20
7401 26 7
7402 35 45
7403 13 31
7404 36 40
7405 20 47
7406 42 19
7407 36 41
7408 15 44
7409 16 28
7410 23 10
7411 3 21
7412 22 19
7413 41 19
7414 48 23
7415 47 23
7416 22 20
7417 24 5
7418 46 9
7419 45 9
7420 17 28
7421 22 19
7422 17 39
7423 36 40
7424 5 25
7425 4 25
7426 46 9
7427 45 9
7428 14 4
7429 46 9
7430 24 6
7431 14 11
7432 45 2
7433 22 20
7434 28 49
7435 20 46
7436 16 28
7437 20 47
7438 42 19
7439 29 49
7440 13 11
7441 5 25
7442 10 26
7443 26 43
7444 28 49
7445 24 5
7446 16 18
7447 14 31
7448 36 41
7449 14 11
7450 45 9
7451 22 19
7452 14 5
7453 15 45
7454 25 43
7455 29 49
7456 20 4
7457 28 49
7458 26 6
7459 4 21
7460 21 4
7461 4 25
7462 22 20
7463 3 21
7464 5 25
7465 48 23
7466 17 38
7467 24 10
7468 22 19
7469 47 17
7470 24 6
7471 24 5
7472 15 44
7473 47 18
7474 41 19
7475 13 31
7476 29 49
7477 47 17
7478 22 20
7479 13 11
7480 28 49
7481 47 23
7482 35 46
7483 4 25
7484 26 43
7485 23 10
7486 26 7
7487 17 39
7488 29 49
7489 36 40
7490 35 45
7491 35 46
7492 45 1
7493 5 25
7494 28 49
7495 46 9
7496 42 19
7497 45 2
7498 20 4
7499 41 19
# colocadas=7500 ocupadas=25 mayor=1675
