0 0 0
1 0 49
2 0 48
3 1 49
4 0 47
5 0 48
6 0 46
7 49 0
8 0 45
9 1 48
10 2 49
11 0 1
12 0 0
13 0 2
14 0 3
15 0 44
16 0 43
17 0 42
18 0 46
19 0 41
20 0 40
21 1 49
22 0 47
23 0 49
24 48 0
25 0 4
26 0 48
27 0 3
28 0 39
29 1 45
30 49 0
31 0 5
32 1 42
33 0 40
34 0 45
35 0 41
36 2 48
37 0 42
38 0 6
39 2 49
40 0 7
41 0 6
42 1 49
43 0 43
44 0 49
45 0 48
46 1 46
47 0 40
48 0 46
49 1 0
50 0 0
51 0 42
52 0 47
53 0 45
54 1 3
55 1 45
56 0 3
57 1 5
58 0 7
59 0 39
60 0 8
61 0 40
62 0 48
63 1 41
64 2 48
65 1 43
66 1 40
67 2 43
68 1 6
69 2 3
70 0 43
71 1 44
72 1 45
73 0 9
74 0 5
75 2 44
76 1 2
77 0 42
78 0 4
79 0 8
80 2 49
81 1 43
82 0 45
83 0 44
84 0 5
85 2 45
86 1 42
87 0 47
88 49 1
89 1 41
90 0 2
91 0 1
92 0 45
93 2 48
94 0 48
95 1 5
96 0 10
97 0 7
98 0 2
99 49 0
100 1 39
101 0 47
102 1 1
103 1 4
104 0 39
105 2 47
106 2 44
107 49 1
108 2 4
109 1 2
110 0 9
111 1 47
112 1 40
113 49 0
114 1 46
115 2 49
116 0 43
117 1 44
118 2 3
119 0 42
120 1 45
121 1 49
122 1 39
123 1 3
124 0 6
125 0 48
126 1 46
127 0 41
128 47 0
129 48 0
130 0 42
131 0 47
132 0 44
133 1 40
134 1 4
135 1 1
136 2 4
137 1 45
138 1 2
139 0 38
140 2 48
141 0 7
142 46 0
143 0 45
144 0 43
145 0 39
146 1 42
147 1 48
148 0 46
149 0 4
150 1 44
151 2 1
152 1 0
153 1 3
154 0 0
155 1 0
156 0 0
157 2 47
158 1 41
159 1 1
160 1 47
161 0 44
162 1 6
163 0 41
164 49 0
165 0 6
166 45 0
167 2 3
168 3 49
169 2 42
170 1 7
171 1 0
172 0 8
173 0 40
174 1 43
175 1 46
176 2 48
177 0 49
178 2 4
179 0 9
180 0 0
181 1 45
182 0 41
183 2 3
184 2 4
185 1 42
186 0 7
187 0 38
188 0 8
189 1 2
190 0 39
191 0 2
192 48 0
193 1 48
194 2 47
195 0 1
196 0 0
197 1 8
198 1 5
199 0 43
200 2 3
201 2 42
202 1 4
203 0 40
204 49 0
205 1 7
206 0 6
207 1 0
208 1 49
209 0 46
210 0 45
211 1 45
212 48 0
213 1 6
214 0 42
215 0 9
216 0 37
217 0 43
218 0 8
219 2 5
220 0 38
221 0 5
222 0 45
223 2 6
224 1 5
225 0 4
226 1 4
227 1 48
228 0 46
229 0 39
230 0 10
231 0 4
232 0 7
233 0 3
234 1 3
235 0 40
236 0 48
237 1 4
238 0 44
239 44 0
240 1 42
241 1 47
242 43 0
243 49 0
244 0 4
245 2 47
246 2 5
247 0 41
248 0 9
249 1 41
250 1 2
251 0 39
252 0 10
253 1 1
254 42 0
255 0 5
256 0 47
257 0 4
258 0 45
259 0 38
260 0 1
261 0 43
262 0 6
263 0 48
264 0 37
265 0 0
266 0 9
267 1 42
268 0 3
269 1 5
270 1 47
271 41 0
272 0 38
273 1 44
274 0 49
275 1 6
276 1 49
277 2 0
278 2 49
279 0 42
280 1 3
281 0 6
282 0 40
283 1 49
284 1 4
285 2 1
286 2 4
287 2 0
288 1 0
289 1 4
290 2 47
291 0 44
292 2 46
293 0 49
294 1 45
295 0 2
296 1 44
297 2 47
298 0 10
299 1 40
300 0 43
301 1 49
302 0 48
303 1 45
304 0 7
305 0 36
306 0 39
307 0 3
308 0 47
309 0 35
310 0 42
311 0 8
312 0 40
313 2 45
314 0 7
315 0 49
316 0 34
317 0 4
318 48 0
319 0 43
320 49 0
321 1 4
322 1 3
323 48 0
324 0 41
325 1 45
326 0 44
327 40 0
328 0 8
329 1 41
330 2 5
331 0 1
332 49 0
333 2 48
334 2 1
335 0 4
336 1 42
337 1 2
338 1 49
339 1 47
340 2 2
341 39 0
342 2 1
343 0 0
344 2 47
345 0 49
346 1 4
347 0 4
348 1 5
349 1 41
350 0 40
351 2 0
352 1 48
353 2 41
354 0 2
355 0 7
356 1 6
357 0 43
358 0 47
359 38 0
360 37 0
361 1 43
362 1 47
363 1 49
364 1 5
365 36 0
366 0 42
367 1 48
368 1 44
369 35 0
370 1 41
371 0 9
372 0 49
373 0 10
374 0 9
375 0 46
376 1 7
377 0 8
378 2 7
379 0 1
380 34 0
381 1 7
382 0 7
383 33 0
384 32 0
385 0 43
386 1 0
387 2 48
388 2 49
389 0 41
390 0 8
391 0 44
392 2 40
393 0 7
394 2 5
395 1 42
396 1 5
397 2 46
398 0 48
399 0 5
400 1 48
401 0 47
402 0 43
403 0 44
404 1 8
405 0 40
406 0 45
407 0 33
408 0 41
409 1 1
410 0 32
411 0 3
412 0 2
413 2 47
414 2 6
415 1 49
416 1 5
417 1 40
418 2 0
419 0 46
420 31 0
421 0 1
422 0 48
423 0 2
424 0 8
425 1 0
426 0 47
427 2 7
428 1 43
429 0 49
430 0 43
431 0 3
432 1 4
433 2 43
434 1 45
435 2 44
436 2 4
437 0 1
438 0 48
439 0 9
440 2 45
441 1 1
442 1 46
443 1 49
444 1 41
445 0 8
446 1 48
447 0 2
448 0 39
449 0 40
450 0 7
451 0 46
452 0 8
453 1 7
454 1 43
455 1 2
456 0 48
457 1 6
458 0 2
459 2 49
460 48 0
461 0 47
462 0 42
463 0 3
464 2 1
465 2 2
466 0 45
467 1 7
468 0 41
469 0 1
470 0 40
471 1 47
472 0 31
473 0 47
474 0 0
475 1 5
476 3 48
477 0 7
478 1 0
479 0 6
480 0 41
481 0 0
482 1 47
483 1 39
484 0 42
485 0 2
486 30 0
487 2 48
488 1 45
489 1 4
490 0 43
491 29 0
492 0 7
493 1 2
494 1 3
495 2 6
496 28 0
497 2 44
498 0 45
499 0 44
500 2 41
501 1 4
502 27 0
503 0 46
504 0 47
505 0 41
506 2 43
507 0 39
508 0 42
509 2 3
510 4 48
511 0 2
512 0 1
513 0 30
514 1 3
515 0 8
516 0 45
517 0 44
518 1 49
519 1 8
520 1 4
521 2 5
522 0 49
523 1 6
524 1 0
525 2 42
526 0 41
527 0 46
528 1 46
529 0 7
530 0 42
531 1 9
532 0 6
533 0 0
534 2 4
535 0 38
536 3 48
537 0 48
538 0 37
539 0 1
540 26 0
541 0 7
542 2 46
543 0 45
544 0 6
545 0 29
546 2 2
547 0 39
548 0 47
549 1 42
550 0 5
551 1 3
552 1 2
553 0 38
554 0 2
555 0 6
556 0 49
557 3 4
558 1 46
559 0 28
560 2 43
561 0 37
562 3 47
563 0 9
564 3 3
565 1 4
566 2 3
567 0 42
568 2 6
569 0 46
570 1 3
571 0 8
572 0 27
573 0 9
574 2 2
575 49 0
576 1 49
577 0 1
578 1 45
579 0 10
580 0 38
581 48 0
582 0 48
583 0 49
584 2 42
585 0 47
586 1 4
587 0 8
588 2 3
589 1 6
590 25 0
591 0 9
592 3 48
593 1 42
594 1 47
595 24 0
596 2 2
597 1 43
598 0 45
599 0 2
600 1 2
601 1 3
602 1 44
603 23 0
604 2 41
605 0 46
606 3 49
607 0 43
608 1 2
609 1 45
610 0 26
611 0 42
612 0 1
613 0 2
614 2 44
615 0 3
616 1 41
617 0 4
618 4 49
619 0 48
620 1 46
621 0 6
622 49 0
623 3 49
624 0 47
625 2 4
626 0 41
627 0 42
628 1 1
629 2 43
630 0 25
631 0 48
632 0 49
633 0 48
634 0 8
635 22 0
636 0 7
637 2 45
638 1 6
639 0 40
640 0 47
641 2 44
642 1 44
643 1 4
644 47 0
645 0 9
646 1 40
647 0 8
648 0 40
649 0 41
650 2 49
651 0 44
652 48 0
653 2 3
654 21 0
655 2 46
656 1 2
657 1 47
658 2 42
659 0 42
660 1 3
661 1 5
662 0 46
663 2 2
664 46 0
665 2 1
666 1 4
667 4 49
668 45 0
669 0 41
670 1 41
671 49 0
672 0 24
673 1 46
674 0 41
675 0 45
676 0 44
677 0 23
678 0 47
679 3 1
680 2 41
681 2 4
682 1 44
683 1 4
684 1 3
685 1 39
686 2 45
687 1 1
688 20 0
689 1 7
690 19 0
691 0 39
692 2 46
693 1 45
694 1 40
695 0 7
696 0 45
697 2 5
698 1 0
699 1 7
700 44 0
701 0 48
702 1 5
703 0 7
704 0 44
705 0 49
706 18 0
707 2 3
708 17 0
709 0 37
710 1 44
711 0 38
712 1 43
713 0 43
714 0 9
715 0 5
716 2 6
717 0 40
718 0 4
719 1 45
720 16 0
721 1 41
722 2 2
723 0 8
724 0 36
725 2 41
726 0 22
727 0 41
728 2 5
729 43 0
730 1 2
731 1 46
732 2 4
733 0 7
734 1 4
735 3 0
736 1 1
737 0 6
738 3 49
739 42 0
740 4 0
741 4 49
742 1 3
743 3 49
744 0 37
745 2 4
746 41 0
747 2 40
748 1 44
749 0 42
750 1 8
751 0 5
752 0 3
753 40 0
754 3 0
755 39 0
756 2 8
757 1 8
758 0 6
759 15 0
760 2 46
761 0 45
762 1 45
763 2 39
764 0 10
765 2 3
766 14 0
767 2 40
768 2 0
769 0 39
770 1 49
771 0 40
772 0 8
773 0 39
774 48 0
775 0 7
776 2 45
777 1 43
778 13 0
779 49 0
780 2 41
781 1 4
782 0 40
783 12 0
784 1 40
785 1 41
786 0 41
787 1 2
788 4 49
789 0 9
790 2 46
791 0 47
792 2 45
793 38 0
794 0 21
795 1 1
796 0 2
797 2 4
798 0 8
799 0 43
800 1 6
801 1 47
802 2 1
803 37 0
804 1 48
805 2 3
806 1 45
807 3 49
808 0 3
809 0 7
810 1 46
811 4 49
812 0 42
813 2 0
814 36 0
815 35 0
816 0 48
817 1 2
818 0 36
819 0 4
820 0 43
821 2 2
822 0 6
823 1 2
824 3 0
825 34 0
826 4 0
827 3 1
828 2 41
829 0 44
830 2 42
831 1 1
832 11 0
833 0 37
834 1 47
835 0 43
836 5 0
837 1 42
838 0 5
839 2 47
840 0 47
841 2 48
842 0 46
843 2 1
844 0 20
845 2 46
846 1 5
847 0 38
848 1 48
849 1 47
850 0 5
851 0 48
852 0 4
853 0 19
854 10 0
855 0 2
856 0 5
857 2 47
858 4 0
859 0 6
860 0 39
861 2 0
862 1 0
863 0 42
864 1 6
865 0 18
866 0 4
867 0 8
868 2 4
869 1 2
870 0 45
871 0 17
872 0 3
873 1 45
874 2 2
875 9 0
876 2 3
877 3 0
878 0 16
879 3 49
880 33 0
881 8 0
882 1 42
883 1 44
884 2 45
885 0 44
886 0 4
887 0 38
888 0 49
889 0 15
890 0 3
891 1 5
892 2 46
893 2 0
894 4 49
895 1 2
896 0 37
897 0 14
898 2 1
899 1 3
900 1 49
901 1 43
902 1 44
903 3 3
904 2 0
905 1 45
906 0 42
907 0 47
908 0 49
909 3 49
910 0 7
911 0 3
912 3 0
913 0 2
914 2 3
915 1 46
916 1 1
917 1 47
918 0 46
919 0 35
920 0 36
921 0 38
922 0 8
923 0 13
924 1 49
925 3 2
926 4 49
927 0 3
928 0 7
929 2 2
930 48 0
931 0 8
932 0 47
933 3 2
934 1 3
935 2 2
936 2 46
937 2 44
938 2 43
939 1 0
940 0 35
941 0 36
942 1 39
943 0 0
944 2 42
945 0 1
946 0 49
947 0 45
948 2 41
949 0 7
950 0 46
951 3 49
952 0 41
953 2 45
954 0 39
955 1 44
956 3 2
957 0 47
958 0 0
959 3 1
960 0 35
961 2 0
962 0 48
963 0 6
964 0 49
965 0 36
966 2 2
967 0 46
968 1 46
969 1 41
970 1 42
971 7 0
972 2 46
973 0 46
974 2 3
975 1 7
976 0 7
977 1 40
978 0 48
979 32 0
980 2 40
981 1 4
982 1 43
983 2 47
984 3 2
985 0 12
986 3 3
987 2 2
988 2 45
989 1 44
990 4 0
991 0 11
992 0 38
993 0 37
994 1 6
995 4 49
996 1 7
997 0 44
998 2 42
999 1 2
1000 4 2
1001 3 2
1002 1 42
1003 2 44
1004 0 39
1005 0 34
1006 31 0
1007 0 7
1008 1 49
1009 2 46
1010 2 45
1011 49 0
1012 0 49
1013 3 3
1014 0 43
1015 0 38
1016 1 43
1017 3 49
1018 3 2
1019 0 10
1020 0 35
1021 2 46
1022 0 42
1023 3 45
1024 6 0
1025 5 0
1026 1 3
1027 2 45
1028 1 8
1029 2 46
1030 1 45
1031 1 46
1032 1 36
1033 0 34
1034 4 49
1035 0 36
1036 1 48
1037 30 0
1038 0 9
1039 6 0
1040 1 4
1041 5 0
1042 3 49
1043 3 46
1044 2 3
1045 2 43
1046 0 41
1047 29 0
1048 3 3
1049 0 4
1050 48 0
1051 2 5
1052 3 45
1053 1 5
1054 2 2
1055 2 49
1056 0 10
1057 1 40
1058 0 33
1059 3 46
1060 0 40
1061 0 37
1062 2 44
1063 1 49
1064 0 39
1065 2 1
1066 2 46
1067 0 45
1068 2 43
1069 1 6
1070 1 48
1071 2 42
1072 2 45
1073 1 5
1074 0 11
1075 3 4
1076 0 9
1077 2 43
1078 1 38
1079 0 8
1080 1 45
1081 2 42
1082 0 36
1083 0 32
1084 2 0
1085 1 43
1086 0 35
1087 2 4
1088 2 43
1089 2 1
1090 3 0
1091 0 31
1092 3 1
1093 0 38
1094 0 40
1095 3 45
1096 0 5
1097 1 1
1098 0 30
1099 2 5
1100 1 49
1101 1 0
1102 4 45
1103 2 4
1104 4 0
1105 0 10
1106 2 5
1107 0 29
1108 3 44
1109 3 43
1110 3 3
1111 2 45
1112 1 1
1113 2 48
1114 1 37
1115 4 1
1116 2 49
1117 4 0
1118 1 47
1119 1 9
1120 3 4
1121 3 5
1122 0 47
1123 1 49
1124 1 0
1125 1 48
1126 0 34
1127 0 9
1128 0 36
1129 1 36
1130 2 1
1131 2 44
1132 1 7
1133 49 0
1134 0 0
1135 0 41
1136 0 37
1137 0 40
1138 2 4
1139 3 45
1140 0 28
1141 0 4
1142 2 49
1143 3 3
1144 0 38
1145 0 35
1146 1 0
1147 1 49
1148 48 0
1149 2 3
1150 3 42
1151 1 1
1152 5 0
1153 2 2
1154 2 45
1155 0 27
1156 4 0
1157 0 5
1158 1 45
1159 2 5
1160 3 2
1161 0 26
1162 0 4
1163 2 42
1164 3 49
1165 0 45
1166 2 49
1167 28 0
1168 49 0
1169 1 42
1170 1 2
1171 5 0
1172 0 2
1173 1 45
1174 0 5
1175 1 43
1176 0 42
1177 2 0
1178 0 43
1179 27 0
1180 0 41
1181 3 49
1182 3 44
1183 1 6
1184 0 37
1185 1 3
1186 0 36
1187 1 5
1188 26 0
1189 1 7
1190 1 4
1191 3 43
1192 0 1
1193 4 49
1194 0 11
1195 48 0
1196 2 45
1197 0 42
1198 2 4
1199 0 39
1200 2 49
1201 2 6
1202 2 3
1203 0 10
1204 0 43
1205 2 7
1206 2 4
1207 1 37
1208 3 3
1209 0 7
1210 0 5
1211 49 0
1212 0 37
1213 0 8
1214 1 37
1215 1 41
1216 6 0
1217 25 0
1218 1 49
1219 24 0
1220 0 42
1221 0 11
1222 1 48
1223 0 7
1224 0 40
1225 5 0
1226 3 1
1227 48 0
1228 3 49
1229 2 6
1230 1 49
1231 2 3
1232 49 0
1233 0 37
1234 1 1
1235 4 0
1236 2 49
1237 2 48
1238 3 3
1239 3 0
1240 0 10
1241 2 47
1242 1 0
1243 3 2
1244 2 8
1245 2 43
1246 23 0
1247 48 0
1248 1 4
1249 2 49
1250 0 41
1251 1 47
1252 0 12
1253 1 1
1254 0 49
1255 1 3
1256 1 5
1257 22 0
1258 1 43
1259 2 5
1260 3 45
1261 2 1
1262 49 0
1263 2 48
1264 1 2
1265 5 0
1266 2 9
1267 0 3
1268 0 11
1269 0 6
1270 21 0
1271 2 0
1272 1 46
1273 20 0
1274 3 5
1275 0 5
1276 0 4
1277 0 43
1278 1 48
1279 4 0
1280 0 42
1281 1 6
1282 1 42
1283 3 3
1284 0 25
1285 2 43
1286 0 41
1287 2 6
1288 3 44
1289 0 6
1290 0 35
1291 1 9
1292 0 42
1293 1 42
1294 0 36
1295 0 5
1296 2 3
1297 0 7
1298 1 36
1299 0 12
1300 1 8
1301 1 37
1302 1 9
1303 0 6
1304 0 42
1305 0 9
1306 2 5
1307 3 45
1308 0 48
1309 2 44
1310 0 34
1311 0 24
1312 1 6
1313 1 36
1314 1 3
1315 3 44
1316 19 0
1317 1 35
1318 0 11
1319 0 3
1320 3 4
1321 0 38
1322 3 43
1323 0 35
1324 0 47
1325 0 6
1326 1 40
1327 1 42
1328 2 45
1329 0 40
1330 0 44
1331 3 42
1332 18 0
1333 0 23
1334 2 44
1335 0 5
1336 0 10
1337 0 22
1338 1 8
1339 1 47
1340 2 4
1341 2 43
1342 3 1
1343 0 34
1344 5 0
1345 3 0
1346 0 33
1347 1 48
1348 0 11
1349 0 35
1350 1 40
1351 0 4
1352 48 0
1353 0 42
1354 0 45
1355 2 8
1356 4 0
1357 3 3
1358 0 10
1359 0 36
1360 1 49
1361 1 34
1362 3 4
1363 1 4
1364 17 0
1365 0 9
1366 3 5
1367 0 43
1368 0 46
1369 0 44
1370 0 37
1371 3 43
1372 0 40
1373 0 12
1374 0 43
1375 0 34
1376 16 0
1377 1 41
1378 15 0
1379 2 1
1380 5 0
1381 49 0
1382 0 44
1383 1 8
1384 0 5
1385 14 0
1386 0 45
1387 1 43
1388 3 4
1389 0 41
1390 2 4
1391 0 4
1392 0 40
1393 0 3
1394 0 35
1395 0 36
1396 1 48
1397 2 43
1398 0 48
1399 1 48
1400 0 44
1401 0 48
1402 1 48
1403 1 39
1404 1 45
1405 6 0
1406 0 37
1407 0 13
1408 1 5
1409 1 44
1410 2 2
1411 0 48
1412 0 21
1413 0 20
1414 0 11
1415 0 8
1416 0 36
1417 3 4
1418 2 42
1419 0 5
1420 0 35
1421 0 36
1422 3 1
1423 0 32
1424 3 3
1425 1 2
1426 1 42
1427 1 48
1428 0 41
1429 3 2
1430 2 4
1431 0 31
1432 2 42
1433 0 10
1434 3 1
1435 3 0
1436 0 6
1437 0 39
1438 0 43
1439 3 4
1440 3 5
1441 0 40
1442 5 0
1443 0 5
1444 0 12
1445 0 48
1446 0 41
1447 1 48
1448 1 42
1449 6 0
1450 0 48
1451 2 6
1452 0 6
1453 1 40
1454 0 35
1455 48 0
1456 2 5
1457 4 0
1458 0 30
1459 3 0
1460 13 0
1461 2 44
1462 2 2
1463 12 0
1464 0 34
1465 0 44
1466 0 36
1467 1 41
1468 2 41
1469 0 40
1470 2 0
1471 2 43
1472 2 42
1473 0 19
1474 49 0
1475 0 11
1476 0 39
1477 1 9
1478 0 5
1479 3 6
1480 0 43
1481 3 5
1482 0 35
1483 1 44
1484 0 36
1485 2 3
1486 11 0
1487 0 12
1488 1 5
1489 0 18
1490 0 11
1491 3 0
1492 5 0
1493 1 41
1494 0 17
1495 1 10
1496 1 3
1497 0 5
1498 3 6
1499 0 33
1500 1 43
1501 1 2
1502 1 42
1503 0 16
1504 3 5
1505 0 13
1506 2 10
1507 0 42
1508 0 15
1509 1 9
1510 0 41
1511 6 0
1512 2 4
1513 0 4
1514 0 35
1515 1 6
1516 0 34
1517 1 44
1518 1 48
1519 3 4
1520 0 16
1521 10 0
1522 0 29
1523 0 38
1524 2 48
1525 0 9
1526 0 3
1527 0 42
1528 1 7
1529 5 0
1530 0 14
1531 0 28
1532 2 0
1533 0 39
1534 0 17
1535 0 13
1536 1 46
1537 1 41
1538 0 10
1539 0 11
1540 1 6
1541 0 12
1542 2 41
1543 1 4
1544 0 33
1545 0 7
1546 0 41
1547 0 27
1548 2 6
1549 0 16
1550 0 40
1551 48 0
1552 0 34
1553 0 13
1554 0 10
1555 3 3
1556 2 3
1557 0 41
1558 0 6
1559 4 0
1560 5 0
1561 2 2
1562 1 47
1563 0 12
1564 2 1
1565 0 15
1566 0 14
1567 2 3
1568 9 0
1569 1 3
1570 0 7
1571 2 4
1572 0 42
1573 0 38
1574 0 26
1575 0 48
1576 2 47
1577 49 0
1578 2 9
1579 1 43
1580 2 5
1581 2 8
1582 2 46
1583 2 4
1584 0 6
1585 1 46
1586 2 0
1587 1 4
1588 1 3
1589 1 40
1590 0 13
1591 0 49
1592 0 11
1593 1 11
1594 1 44
1595 2 5
1596 1 0
1597 0 41
1598 0 3
1599 0 4
1600 2 4
1601 3 2
1602 8 0
1603 0 14
1604 6 0
1605 9 0
1606 48 0
1607 0 32
1608 0 42
1609 0 7
1610 2 46
1611 2 7
1612 5 0
1613 6 0
1614 1 7
1615 0 2
1616 0 48
1617 49 0
1618 3 1
1619 1 39
1620 1 46
1621 0 33
1622 48 0
1623 0 3
1624 2 5
1625 1 5
1626 0 8
1627 0 13
1628 0 5
1629 2 6
1630 1 40
1631 0 7
1632 1 45
1633 2 0
1634 0 44
1635 1 41
1636 0 37
1637 2 45
1638 0 11
1639 2 5
1640 0 47
1641 4 1
1642 0 39
1643 0 25
1644 0 43
1645 2 46
1646 2 6
1647 0 14
1648 1 42
1649 1 46
1650 0 42
1651 49 0
1652 0 10
1653 0 46
1654 0 11
1655 0 4
1656 2 5
1657 2 4
1658 8 0
1659 5 0
1660 0 9
1661 5 1
1662 0 13
1663 0 6
1664 1 48
1665 5 2
1666 0 24
1667 0 38
1668 1 2
1669 0 23
1670 0 12
1671 3 4
1672 0 48
1673 2 2
1674 0 2
1675 0 5
1676 0 1
1677 6 0
1678 3 3
1679 1 48
1680 0 6
1681 2 1
1682 1 40
1683 4 2
1684 6 1
1685 7 0
1686 1 47
1687 3 2
1688 1 12
1689 1 6
1690 0 40
1691 1 10
1692 0 41
1693 0 2
1694 0 14
1695 0 12
1696 0 47
1697 1 41
1698 3 0
1699 0 10
1700 5 1
1701 1 39
1702 1 47
1703 0 39
1704 0 34
1705 6 0
1706 0 13
1707 0 31
1708 3 1
1709 0 33
1710 2 0
1711 1 43
1712 5 0
1713 0 11
1714 4 1
1715 0 5
1716 0 45
1717 0 42
1718 2 1
1719 2 42
1720 0 10
1721 0 32
1722 0 38
1723 7 0
1724 2 41
1725 2 43
1726 6 0
1727 1 5
1728 1 38
1729 4 0
1730 5 0
1731 0 39
1732 0 47
1733 0 41
1734 1 47
1735 0 14
1736 0 13
1737 0 11
1738 1 1
1739 1 46
1740 1 6
1741 1 7
1742 2 3
1743 3 0
1744 1 5
1745 3 42
1746 1 3
1747 0 22
1748 1 4
1749 0 12
1750 0 40
1751 0 11
1752 0 33
1753 1 2
1754 8 0
1755 1 41
1756 1 47
1757 2 42
1758 4 0
1759 0 39
1760 0 38
1761 6 0
1762 3 0
1763 0 37
1764 0 12
1765 0 4
1766 0 42
1767 0 7
1768 0 36
1769 5 0
1770 0 41
1771 0 5
1772 4 0
1773 6 0
1774 0 38
1775 1 41
1776 0 32
1777 9 0
1778 2 41
1779 1 40
1780 2 40
1781 1 13
1782 3 41
1783 5 0
1784 8 0
1785 1 43
1786 0 37
1787 0 41
1788 2 41
1789 1 6
1790 3 0
1791 0 42
1792 2 1
1793 0 40
1794 0 4
1795 0 13
1796 0 38
1797 0 41
1798 1 1
1799 1 40
1800 0 12
1801 0 8
1802 0 37
1803 7 0
1804 0 34
1805 0 11
1806 0 13
1807 0 43
1808 0 40
1809 0 44
1810 0 41
1811 0 6
1812 4 1
1813 4 0
1814 48 0
1815 0 7
1816 0 33
1817 4 1
1818 1 41
1819 1 2
1820 0 12
1821 49 0
1822 0 32
1823 2 41
1824 2 40
1825 4 0
1826 1 7
1827 1 11
1828 0 21
1829 0 45
1830 0 46
1831 1 42
1832 3 0
1833 4 0
1834 0 7
1835 0 6
1836 1 13
1837 1 39
1838 0 5
1839 6 0
1840 1 1
1841 1 46
1842 1 40
1843 0 15
1844 0 4
1845 1 47
1846 1 0
1847 0 40
1848 5 0
1849 0 11
1850 1 46
1851 0 10
1852 0 39
1853 4 0
1854 0 8
1855 1 4
1856 0 7
1857 2 0
1858 0 41
1859 0 35
1860 1 43
1861 0 8
1862 0 38
1863 0 45
1864 0 42
1865 0 39
1866 1 3
1867 48 0
1868 49 0
1869 1 8
1870 0 46
1871 1 9
1872 0 7
1873 0 38
1874 0 33
1875 0 34
1876 8 0
1877 0 41
1878 0 5
1879 7 0
1880 0 40
1881 0 39
1882 1 45
1883 0 38
1884 1 46
1885 1 47
1886 0 39
1887 1 39
1888 0 33
1889 0 45
1890 1 0
1891 0 11
1892 1 48
1893 5 0
1894 0 44
1895 0 34
1896 0 39
1897 0 46
1898 0 42
1899 1 2
1900 0 0
1901 0 45
1902 6 0
1903 1 10
1904 2 48
1905 1 8
1906 0 31
1907 0 30
1908 5 1
1909 0 41
1910 1 49
1911 3 0
1912 0 8
1913 0 32
1914 0 13
1915 0 29
1916 0 33
1917 0 46
1918 0 16
1919 3 1
1920 0 15
1921 0 12
1922 1 38
1923 1 3
1924 3 48
1925 48 0
1926 4 0
1927 6 1
1928 3 0
1929 0 38
1930 2 49
1931 0 20
1932 0 35
1933 1 0
1934 1 48
1935 3 47
1936 0 47
1937 0 10
1938 0 14
1939 0 42
1940 4 1
1941 1 49
1942 0 13
1943 0 34
1944 0 36
1945 0 28
1946 2 49
1947 1 37
1948 0 46
1949 0 35
1950 0 41
1951 0 45
1952 1 11
1953 1 49
1954 0 34
1955 6 0
1956 0 49
1957 7 0
1958 0 14
1959 1 34
1960 6 0
1961 5 2
1962 0 39
1963 1 49
1964 0 35
1965 1 10
1966 0 37
1967 0 34
1968 5 0
1969 0 11
1970 4 2
1971 0 10
1972 0 13
1973 3 1
1974 0 19
1975 2 47
1976 0 18
1977 1 37
1978 1 46
1979 0 27
1980 4 0
1981 0 12
1982 0 49
1983 1 10
1984 1 7
1985 0 17
1986 5 1
1987 0 36
1988 1 36
1989 0 46
1990 4 1
1991 0 13
1992 0 37
1993 0 26
1994 1 49
1995 0 35
1996 2 46
1997 5 1
1998 1 2
1999 1 1
2000 0 38
2001 0 6
2002 1 37
2003 1 46
2004 3 0
2005 5 0
2006 0 16
2007 0 34
2008 4 1
2009 0 2
2010 1 8
2011 0 5
2012 0 37
2013 5 1
2014 0 8
2015 0 1
2016 4 1
2017 3 1
2018 3 0
2019 0 33
2020 0 6
2021 1 1
2022 1 37
2023 0 37
2024 1 5
2025 0 7
2026 0 3
2027 0 15
2028 0 5
2029 0 4
2030 0 14
2031 2 49
2032 1 12
2033 1 13
2034 0 42
2035 0 12
2036 1 4
2037 1 38
2038 4 2
2039 6 0
2040 0 13
2041 1 9
2042 0 9
2043 0 43
2044 1 12
2045 2 0
2046 1 11
2047 49 0
2048 5 0
2049 4 1
2050 5 1
2051 1 39
2052 0 38
2053 1 13
2054 1 35
2055 0 14
2056 0 42
2057 0 40
2058 0 43
2059 0 35
2060 0 13
2061 4 1
2062 0 34
2063 0 39
2064 0 33
2065 1 48
2066 1 45
2067 0 12
2068 1 8
2069 0 34
2070 0 11
2071 1 46
2072 1 47
2073 0 10
2074 0 4
2075 5 2
2076 0 37
2077 5 3
2078 5 1
2079 1 49
2080 1 12
2081 0 47
2082 0 38
2083 0 41
2084 0 42
2085 3 1
2086 5 2
2087 1 2
2088 0 36
2089 48 0
2090 0 5
2091 1 1
2092 0 37
2093 2 48
2094 0 49
2095 1 0
2096 0 6
2097 0 12
2098 0 11
2099 0 8
2100 4 1
2101 0 13
2102 0 41
2103 1 45
2104 0 48
2105 0 42
2106 6 1
2107 0 43
2108 1 49
2109 0 38
2110 0 25
2111 4 2
2112 6 2
2113 0 24
2114 0 5
2115 1 37
2116 0 23
2117 1 8
2118 1 48
2119 0 39
2120 5 1
2121 0 37
2122 0 6
2123 0 5
2124 0 42
2125 1 12
2126 0 22
2127 0 21
2128 4 3
2129 1 44
2130 0 6
2131 1 49
2132 0 20
2133 0 10
2134 2 12
2135 0 19
2136 2 1
2137 0 12
2138 1 12
2139 0 5
2140 2 11
2141 0 9
2142 0 33
2143 0 38
2144 4 2
2145 0 43
2146 2 0
2147 0 36
2148 1 45
2149 49 0
2150 6 1
2151 0 42
2152 0 43
2153 0 32
2154 1 38
2155 1 5
2156 1 6
2157 5 3
2158 0 37
2159 6 0
2160 1 4
2161 1 3
2162 4 1
2163 0 47
2164 5 2
2165 2 6
2166 1 44
2167 2 44
2168 0 6
2169 3 1
2170 1 13
2171 1 11
2172 2 5
2173 0 8
2174 1 37
2175 0 13
2176 2 1
2177 0 5
2178 0 46
2179 1 41
2180 0 40
2181 4 0
2182 1 44
2183 1 5
2184 48 0
2185 0 36
2186 5 0
2187 0 31
2188 2 0
2189 1 2
2190 4 0
2191 0 41
2192 1 12
2193 0 37
2194 1 6
2195 0 40
2196 3 0
2197 0 39
2198 0 42
2199 1 7
2200 1 48
2201 4 1
2202 0 47
2203 0 41
2204 5 3
2205 5 0
2206 0 7
2207 0 12
2208 1 37
2209 4 2
2210 1 45
2211 2 43
2212 1 44
2213 0 37
2214 2 1
2215 1 9
2216 4 0
2217 49 0
2218 2 42
2219 0 11
2220 1 37
2221 1 40
2222 1 42
2223 1 43
2224 48 0
2225 0 9
2226 0 42
2227 0 2
2228 4 1
2229 0 41
2230 0 43
2231 0 18
2232 4 0
2233 5 0
2234 5 4
2235 0 40
2236 0 30
2237 2 49
2238 0 37
2239 3 2
2240 49 0
2241 0 41
2242 3 1
2243 0 29
2244 1 39
2245 0 42
2246 4 4
2247 3 4
2248 2 12
2249 2 1
2250 0 14
2251 0 17
2252 0 10
2253 2 2
2254 1 6
2255 1 44
2256 4 0
2257 0 6
2258 3 2
2259 0 39
2260 0 15
2261 1 2
2262 1 49
2263 1 42
2264 2 2
2265 1 41
2266 0 38
2267 0 13
2268 0 12
2269 1 38
2270 0 39
2271 0 11
2272 0 5
2273 0 16
2274 1 12
2275 0 44
2276 2 38
2277 0 28
2278 6 0
2279 3 1
2280 0 46
2281 0 17
2282 0 6
2283 1 2
2284 0 14
2285 0 40
2286 1 44
2287 0 10
2288 0 15
2289 1 3
2290 0 39
2291 0 11
2292 0 18
2293 3 0
2294 0 14
2295 1 38
2296 5 0
2297 0 27
2298 1 8
2299 1 42
2300 0 47
2301 0 44
2302 4 0
2303 2 4
2304 2 5
2305 1 44
2306 48 0
2307 49 0
2308 1 39
2309 0 10
2310 0 42
2311 0 17
2312 2 49
2313 0 46
2314 0 41
2315 0 8
2316 1 45
2317 1 5
2318 1 13
2319 47 0
2320 0 11
2321 1 41
2322 0 36
2323 0 42
2324 1 4
2325 0 7
2326 0 43
2327 0 16
2328 0 6
2329 4 1
2330 0 35
2331 0 37
2332 0 38
2333 1 49
2334 4 0
2335 1 11
2336 0 5
2337 1 5
2338 0 15
2339 0 39
2340 1 9
2341 3 0
2342 0 5
2343 1 37
2344 4 2
2345 0 16
2346 0 9
2347 1 5
2348 0 36
2349 1 7
2350 0 47
2351 1 12
2352 3 2
2353 3 3
2354 1 9
2355 0 42
2356 0 17
2357 1 11
2358 4 1
2359 3 49
2360 0 11
2361 0 15
2362 0 9
2363 1 39
2364 1 46
2365 0 39
2366 0 41
2367 2 0
2368 2 7
2369 0 44
2370 4 0
2371 4 1
2372 0 48
2373 0 7
2374 0 16
2375 1 45
2376 1 11
2377 1 46
2378 0 5
2379 1 38
2380 1 43
2381 2 38
2382 4 0
2383 0 35
2384 0 34
2385 1 3
2386 2 49
2387 1 15
2388 5 0
2389 0 36
2390 3 0
2391 0 26
2392 1 5
2393 3 1
2394 0 11
2395 1 6
2396 0 5
2397 0 45
2398 0 44
2399 48 0
2400 2 37
2401 0 15
2402 0 25
2403 6 0
2404 0 47
2405 1 7
2406 0 8
2407 1 37
2408 1 38
2409 1 10
2410 4 0
2411 0 43
2412 2 38
2413 0 38
2414 0 33
2415 4 1
2416 1 38
2417 2 7
2418 0 32
2419 0 6
2420 2 3
2421 0 7
2422 1 15
2423 1 7
2424 0 35
2425 1 11
2426 0 48
2427 1 4
2428 0 12
2429 0 31
2430 5 0
2431 47 0
2432 0 4
2433 0 39
2434 0 37
2435 5 1
2436 1 42
2437 2 6
2438 0 3
2439 1 43
2440 0 9
2441 2 5
2442 0 42
2443 1 10
2444 1 3
2445 5 0
2446 0 47
2447 0 45
2448 0 13
2449 0 8
2450 1 9
2451 0 40
2452 46 0
2453 0 15
2454 0 36
2455 2 4
2456 0 41
2457 0 30
2458 0 44
2459 0 10
2460 3 0
2461 2 6
2462 0 39
2463 3 4
2464 2 3
2465 0 24
2466 1 37
2467 1 42
2468 0 7
2469 1 4
2470 0 48
2471 0 4
2472 1 4
2473 0 14
2474 45 0
2475 3 1
2476 1 41
2477 0 40
2478 2 4
2479 0 38
2480 0 11
2481 0 12
2482 6 0
2483 3 2
2484 1 10
2485 0 41
2486 0 10
2487 0 40
2488 0 15
2489 5 0
2490 1 49
2491 0 29
2492 0 9
2493 1 5
2494 0 45
2495 2 2
2496 0 11
2497 48 0
2498 0 37
2499 0 4
2500 0 39
2501 1 4
2502 3 3
2503 2 3
2504 0 47
2505 0 46
2506 0 41
2507 0 12
2508 0 38
2509 0 37
2510 0 14
2511 49 0
2512 1 9
2513 0 28
2514 4 0
2515 1 10
2516 1 9
2517 0 48
2518 0 40
2519 0 4
2520 1 47
2521 1 4
2522 0 3
2523 3 1
2524 0 41
2525 0 47
2526 5 0
2527 1 37
2528 3 2
2529 0 2
2530 0 42
2531 0 49
2532 0 37
2533 0 48
2534 44 0
2535 0 15
2536 1 3
2537 0 8
2538 0 23
2539 2 0
2540 4 2
2541 0 47
2542 0 1
2543 2 1
2544 0 2
2545 0 1
2546 0 14
2547 0 40
2548 0 11
2549 2 4
2550 0 35
2551 0 10
2552 0 22
2553 1 8
2554 0 21
2555 7 0
2556 3 1
2557 0 17
2558 1 45
2559 3 2
2560 1 4
2561 43 0
2562 0 9
2563 0 27
2564 4 0
2565 0 26
2566 1 40
2567 0 36
2568 1 36
2569 6 0
2570 0 37
2571 0 38
2572 0 45
2573 3 0
2574 1 48
2575 1 41
2576 0 48
2577 2 4
2578 2 2
2579 3 4
2580 1 42
2581 0 10
2582 0 13
2583 1 44
2584 0 16
2585 1 35
2586 1 36
2587 5 0
2588 1 4
2589 0 25
2590 0 39
2591 1 16
2592 0 40
2593 3 2
2594 0 41
2595 4 0
2596 1 7
2597 1 35
2598 0 47
2599 0 37
2600 0 46
2601 0 11
2602 2 1
2603 2 0
2604 1 8
2605 0 45
2606 0 46
2607 0 42
2608 0 45
2609 2 2
2610 0 46
2611 0 45
2612 0 20
2613 1 7
2614 0 48
2615 1 0
2616 0 16
2617 0 12
2618 1 34
2619 1 8
2620 4 1
2621 1 6
2622 0 2
2623 1 43
2624 1 7
2625 3 3
2626 2 3
2627 42 0
2628 4 2
2629 0 15
2630 0 9
2631 0 1
2632 0 46
2633 0 2
2634 41 0
2635 2 0
2636 1 48
2637 0 1
2638 0 41
2639 0 14
2640 0 19
2641 3 0
2642 0 17
2643 0 40
2644 0 45
2645 2 0
2646 1 17
2647 0 34
2648 0 11
2649 1 2
2650 0 16
2651 0 48
2652 0 33
2653 4 3
2654 0 2
2655 3 2
2656 0 13
2657 3 0
2658 0 34
2659 4 0
2660 1 16
2661 2 2
2662 3 5
2663 0 3
2664 1 3
2665 1 38
2666 3 3
2667 1 49
2668 0 18
2669 0 38
2670 3 1
2671 2 1
2672 0 8
2673 0 19
2674 3 0
2675 1 44
2676 3 4
2677 0 18
2678 2 4
2679 0 10
2680 0 24
2681 3 1
2682 3 2
2683 40 0
2684 0 12
2685 0 47
2686 0 41
2687 0 13
2688 0 48
2689 2 0
2690 3 3
2691 2 5
2692 1 4
2693 2 3
2694 0 49
2695 2 2
2696 1 0
2697 39 0
2698 0 42
2699 0 4
2700 1 8
2701 1 9
2702 0 11
2703 1 2
2704 1 1
2705 1 15
2706 0 15
2707 1 17
2708 0 43
2709 1 5
2710 1 6
2711 1 4
2712 2 4
2713 3 3
2714 1 38
2715 48 0
2716 1 0
2717 3 4
2718 0 38
2719 0 39
2720 1 15
2721 1 7
2722 1 43
2723 1 4
2724 1 5
2725 2 49
2726 0 0
2727 0 17
2728 1 6
2729 1 8
2730 2 4
2731 0 33
2732 2 3
2733 3 0
2734 2 0
2735 1 0
2736 1 39
2737 2 2
2738 0 39
2739 0 8
2740 1 4
2741 2 4
2742 0 10
2743 2 3
2744 0 38
2745 1 35
2746 0 6
2747 0 7
2748 0 11
2749 0 32
2750 0 35
2751 0 18
2752 0 17
2753 2 8
2754 2 0
2755 0 10
2756 0 11
2757 0 15
2758 0 18
2759 0 46
2760 0 47
2761 0 0
2762 38 0
2763 0 17
2764 0 23
2765 4 3
2766 3 2
2767 0 18
2768 2 4
2769 0 40
2770 4 4
2771 1 0
2772 3 4
2773 1 42
2774 0 48
2775 0 47
2776 0 14
2777 2 2
2778 0 17
2779 0 39
2780 0 1
2781 0 4
2782 0 2
2783 3 3
2784 0 10
2785 1 4
2786 0 13
2787 2 1
2788 2 4
2789 0 31
2790 0 11
2791 0 48
2792 0 16
2793 0 17
2794 0 49
2795 1 1
2796 1 46
2797 1 41
2798 0 44
2799 49 0
2800 2 5
2801 2 41
2802 1 4
2803 1 7
2804 1 6
2805 0 46
2806 2 1
2807 2 7
2808 1 40
2809 0 14
2810 0 30
2811 3 2
2812 0 1
2813 1 1
2814 1 5
2815 0 10
2816 0 15
2817 0 38
2818 0 11
2819 0 37
2820 1 47
2821 0 47
2822 0 29
2823 1 41
2824 0 2
2825 4 2
2826 1 3
2827 1 2
2828 0 18
2829 48 0
2830 0 3
2831 0 38
2832 0 41
2833 2 5
2834 1 0
2835 2 2
2836 3 2
2837 0 7
2838 1 49
2839 0 0
2840 0 19
2841 0 17
2842 2 6
2843 0 37
2844 2 5
2845 3 3
2846 2 4
2847 0 22
2848 2 3
2849 1 37
2850 0 34
2851 0 14
2852 0 15
2853 0 48
2854 0 12
2855 4 0
2856 0 1
2857 0 38
2858 3 6
2859 1 1
2860 0 11
2861 1 15
2862 1 41
2863 0 4
2864 0 3
2865 0 2
2866 0 47
2867 0 6
2868 3 0
2869 0 37
2870 0 39
2871 0 36
2872 1 6
2873 0 1
2874 2 1
2875 1 13
2876 2 2
2877 1 42
2878 1 47
2879 3 5
2880 0 15
2881 0 10
2882 0 18
2883 1 7
2884 0 6
2885 0 14
2886 0 40
2887 0 13
2888 0 48
2889 0 49
2890 0 15
2891 0 47
2892 2 0
2893 0 5
2894 0 17
2895 0 39
2896 2 42
2897 0 4
2898 2 3
2899 2 41
2900 49 0
2901 1 5
2902 2 6
2903 0 40
2904 0 48
2905 0 18
2906 1 0
2907 4 1
2908 0 5
2909 0 19
2910 4 5
2911 0 18
2912 3 3
2913 1 6
2914 2 6
2915 0 46
2916 1 3
2917 1 2
2918 1 14
2919 0 49
2920 2 0
2921 0 47
2922 48 0
2923 0 0
2924 2 3
2925 0 11
2926 0 19
2927 2 2
2928 3 5
2929 0 14
2930 1 41
2931 0 37
2932 0 2
2933 0 41
2934 0 33
2935 1 6
2936 0 36
2937 2 5
2938 0 10
2939 0 20
2940 1 15
2941 0 32
2942 0 1
2943 2 1
2944 0 15
2945 1 4
2946 1 47
2947 0 2
2948 3 0
2949 0 19
2950 3 1
2951 2 7
2952 1 40
2953 0 47
2954 1 43
2955 0 6
2956 0 21
2957 0 28
2958 0 18
2959 0 40
2960 0 9
2961 0 3
2962 1 6
2963 0 12
2964 1 7
2965 0 31
2966 0 19
2967 0 41
2968 1 47
2969 0 30
2970 2 6
2971 0 16
2972 0 18
2973 2 5
2974 2 6
2975 1 6
2976 2 5
2977 0 19
2978 37 0
2979 1 5
2980 1 44
2981 0 29
2982 2 2
2983 1 8
2984 0 8
2985 0 10
2986 0 20
2987 3 5
2988 1 7
2989 0 40
2990 3 2
2991 2 2
2992 0 7
2993 4 0
2994 0 11
2995 0 41
2996 0 18
2997 1 46
2998 1 14
2999 1 2
3000 0 40
3001 0 14
3002 0 47
3003 0 13
3004 2 1
3005 2 0
3006 0 4
3007 3 4
3008 0 44
3009 0 17
3010 0 5
3011 0 31
3012 0 30
3013 0 12
3014 0 31
3015 1 5
3016 2 5
3017 0 48
3018 2 7
3019 3 0
3020 2 3
3021 1 42
3022 0 37
3023 1 48
3024 0 5
3025 2 6
3026 3 3
3027 1 41
3028 0 39
3029 0 21
3030 1 49
3031 1 45
3032 2 5
3033 1 46
3034 0 46
3035 0 20
3036 0 45
3037 0 30
3038 1 7
3039 1 6
3040 3 4
3041 0 13
3042 0 40
3043 1 3
3044 1 18
3045 1 19
3046 0 49
3047 1 43
3048 0 6
3049 0 21
3050 0 44
3051 36 0
3052 1 5
3053 2 4
3054 0 18
3055 0 17
3056 1 18
3057 2 3
3058 3 2
3059 1 40
3060 1 39
3061 1 47
3062 0 32
3063 0 45
3064 1 6
3065 0 41
3066 0 16
3067 0 20
3068 1 10
3069 0 44
3070 0 42
3071 0 36
3072 0 18
3073 0 37
3074 0 17
3075 0 31
3076 2 5
3077 0 21
3078 2 6
3079 1 12
3080 0 20
3081 2 7
3082 0 38
3083 1 13
3084 1 48
3085 0 47
3086 49 0
3087 1 6
3088 1 7
3089 0 21
3090 0 32
3091 0 10
3092 3 4
3093 3 1
3094 0 20
3095 2 1
3096 1 5
3097 0 39
3098 0 18
3099 0 31
3100 0 38
3101 1 1
3102 0 7
3103 1 42
3104 1 0
3105 0 39
3106 1 12
3107 0 0
3108 0 38
3109 4 4
3110 2 2
3111 0 8
3112 1 46
3113 1 2
3114 2 8
3115 0 48
3116 0 5
3117 1 47
3118 1 3
3119 0 12
3120 1 43
3121 0 17
3122 0 6
3123 3 4
3124 0 3
3125 0 29
3126 1 42
3127 0 11
3128 0 30
3129 2 9
3130 0 35
3131 0 31
3132 0 41
3133 1 8
3134 3 3
3135 0 39
3136 3 0
3137 0 10
3138 0 1
3139 0 47
3140 1 6
3141 0 0
3142 2 3
3143 1 7
3144 0 21
3145 0 2
3146 0 46
3147 0 40
3148 0 6
3149 1 38
3150 0 38
3151 2 10
3152 1 0
3153 1 2
3154 2 0
3155 0 15
3156 0 47
3157 1 9
3158 1 43
3159 2 2
3160 0 7
3161 1 49
3162 0 6
3163 0 18
3164 0 46
3165 0 2
3166 0 5
3167 0 6
3168 1 39
3169 1 42
3170 0 3
3171 1 8
3172 0 47
3173 1 9
3174 0 2
3175 2 8
3176 1 8
3177 1 40
3178 0 19
3179 1 6
3180 1 41
3181 2 9
3182 0 32
3183 0 18
3184 0 19
3185 1 10
3186 0 3
3187 1 39
3188 0 28
3189 0 13
3190 2 8
3191 0 14
3192 1 38
3193 0 39
3194 1 8
3195 0 6
3196 0 8
3197 2 10
3198 0 10
3199 3 0
3200 0 41
3201 0 7
3202 0 46
3203 3 2
3204 0 40
3205 0 12
3206 0 6
3207 48 0
3208 0 13
3209 2 49
3210 3 49
3211 3 3
3212 2 9
3213 0 37
3214 3 9
3215 0 16
3216 0 9
3217 1 46
3218 0 7
3219 0 4
3220 1 5
3221 2 2
3222 0 36
3223 4 2
3224 0 10
3225 0 38
3226 0 12
3227 49 0
3228 0 11
3229 0 47
3230 0 9
3231 0 8
3232 0 20
3233 0 46
3234 0 12
3235 2 49
3236 0 5
3237 0 11
3238 4 3
3239 1 15
3240 1 16
3241 2 0
3242 2 3
3243 1 0
3244 1 49
3245 0 18
3246 3 3
3247 0 15
3248 3 8
3249 0 48
3250 2 9
3251 1 15
3252 0 21
3253 0 6
3254 0 31
3255 1 48
3256 48 0
3257 2 4
3258 1 38
3259 0 17
3260 2 8
3261 0 12
3262 0 18
3263 1 16
3264 0 11
3265 0 27
3266 1 2
3267 0 38
3268 0 35
3269 49 0
3270 2 5
3271 1 5
3272 2 5
3273 1 5
3274 2 5
3275 0 30
3276 0 7
3277 35 0
3278 0 47
3279 1 3
3280 0 6
3281 2 7
3282 2 0
3283 1 4
3284 1 38
3285 0 20
3286 0 19
3287 1 0
3288 0 0
3289 48 0
3290 1 3
3291 1 11
3292 2 8
3293 1 2
3294 0 48
3295 0 10
3296 0 11
3297 0 7
3298 34 0
3299 0 9
3300 2 9
3301 49 0
3302 2 3
3303 0 29
3304 2 6
3305 0 30
3306 0 26
3307 0 14
3308 0 38
3309 1 4
3310 1 12
3311 0 10
3312 0 20
3313 1 6
3314 0 21
3315 0 49
3316 0 20
3317 0 1
3318 1 13
3319 1 37
3320 0 17
3321 0 13
3322 1 3
3323 1 7
3324 0 9
3325 0 12
3326 0 34
3327 0 10
3328 0 5
3329 0 25
3330 33 0
3331 1 5
3332 1 47
3333 2 2
3334 1 15
3335 0 6
3336 0 15
3337 0 18
3338 1 2
3339 3 2
3340 0 39
3341 0 33
3342 4 0
3343 0 40
3344 3 0
3345 0 37
3346 2 5
3347 2 2
3348 3 1
3349 0 5
3350 1 16
3351 0 29
3352 0 21
3353 0 16
3354 0 28
3355 1 2
3356 0 19
3357 2 4
3358 0 27
3359 0 39
3360 0 32
3361 0 17
3362 0 0
3363 1 0
3364 0 7
3365 1 46
3366 0 31
3367 1 12
3368 2 3
3369 1 45
3370 0 12
3371 2 2
3372 0 30
3373 0 18
3374 2 4
3375 0 6
3376 2 1
3377 0 24
3378 0 19
3379 0 13
3380 2 8
3381 0 38
3382 1 11
3383 0 11
3384 0 0
3385 32 0
3386 0 12
3387 0 8
3388 1 8
3389 31 0
3390 0 13
3391 0 10
3392 0 16
3393 1 4
3394 1 44
3395 48 0
3396 3 3
3397 0 4
3398 2 6
3399 2 3
3400 0 20
3401 1 0
3402 0 14
3403 0 11
3404 1 6
3405 1 39
3406 0 9
3407 49 0
3408 1 45
3409 1 9
3410 0 0
3411 0 19
3412 30 0
3413 1 4
3414 0 6
3415 1 7
3416 0 46
3417 2 0
3418 1 8
3419 0 15
3420 1 19
3421 0 20
3422 0 19
3423 0 47
3424 29 0
3425 0 5
3426 0 1
3427 1 3
3428 0 4
3429 1 40
3430 0 5
3431 0 40
3432 0 13
3433 0 6
3434 0 26
3435 1 46
3436 1 12
3437 0 7
3438 0 25
3439 0 46
3440 1 13
3441 0 0
3442 1 18
3443 0 8
3444 0 39
3445 1 46
3446 0 48
3447 2 8
3448 0 12
3449 1 39
3450 1 14
3451 1 6
3452 28 0
3453 0 1
3454 0 11
3455 0 0
3456 2 1
3457 0 24
3458 1 9
3459 2 12
3460 0 46
3461 0 23
3462 2 5
3463 0 13
3464 0 9
3465 1 43
3466 0 25
3467 1 12
3468 0 1
3469 1 8
3470 0 43
3471 0 29
3472 1 38
3473 1 39
3474 0 7
3475 1 9
3476 2 4
3477 1 40
3478 0 14
3479 0 44
3480 2 0
3481 0 6
3482 0 18
3483 2 3
3484 1 4
3485 0 12
3486 1 0
3487 1 12
3488 3 2
3489 0 24
3490 0 40
3491 1 6
3492 1 13
3493 1 10
3494 0 41
3495 0 42
3496 0 20
3497 0 10
3498 3 3
3499 2 6
3500 0 6
3501 1 1
3502 0 4
3503 1 17
3504 3 4
3505 0 12
3506 0 17
3507 1 41
3508 0 43
3509 0 19
3510 3 1
3511 1 16
3512 0 18
3513 0 13
3514 0 9
3515 27 0
3516 0 26
3517 48 0
3518 1 6
3519 1 0
3520 0 0
3521 1 17
3522 0 16
3523 49 0
3524 0 11
3525 1 40
3526 0 7
3527 1 7
3528 0 15
3529 3 3
3530 4 1
3531 0 7
3532 0 10
3533 0 42
3534 0 9
3535 2 3
3536 2 45
3537 3 1
3538 2 0
3539 0 17
3540 0 12
3541 1 0
3542 0 11
3543 1 5
3544 1 45
3545 0 43
3546 1 41
3547 0 8
3548 0 9
3549 0 1
3550 1 42
3551 0 10
3552 0 47
3553 0 14
3554 0 48
3555 1 40
3556 0 15
3557 0 16
3558 0 40
3559 0 0
3560 0 5
3561 2 2
3562 0 25
3563 0 17
3564 1 9
3565 2 1
3566 0 2
3567 0 28
3568 2 44
3569 0 27
3570 1 2
3571 2 43
3572 1 0
3573 0 44
3574 0 45
3575 3 1
3576 1 41
3577 0 14
3578 1 40
3579 0 0
3580 3 4
3581 2 9
3582 1 9
3583 0 37
3584 1 0
3585 0 9
3586 1 10
3587 0 36
3588 1 18
3589 0 8
3590 0 35
3591 0 38
3592 1 44
3593 0 20
3594 0 39
3595 0 43
3596 0 40
3597 2 0
3598 0 13
3599 0 16
3600 0 7
3601 2 1
3602 0 26
3603 0 12
3604 1 17
3605 2 6
3606 0 27
3607 0 6
3608 0 11
3609 0 2
3610 0 41
3611 26 0
3612 2 4
3613 0 44
3614 1 18
3615 0 26
3616 0 7
3617 2 5
3618 0 37
3619 2 42
3620 48 0
3621 0 17
3622 0 4
3623 0 19
3624 0 5
3625 0 3
3626 0 1
3627 0 18
3628 0 16
3629 25 0
3630 0 0
3631 1 7
3632 2 2
3633 0 40
3634 0 42
3635 1 16
3636 0 36
3637 0 7
3638 0 1
3639 1 4
3640 0 8
3641 2 4
3642 1 9
3643 2 16
3644 1 42
3645 1 45
3646 0 6
3647 2 1
3648 1 4
3649 1 18
3650 0 49
3651 0 34
3652 0 14
3653 2 45
3654 1 19
3655 49 0
3656 2 4
3657 0 48
3658 3 4
3659 0 43
3660 0 15
3661 0 47
3662 2 8
3663 0 16
3664 0 7
3665 0 27
3666 48 0
3667 0 5
3668 1 7
3669 1 8
3670 3 3
3671 0 4
3672 2 6
3673 1 18
3674 0 12
3675 3 2
3676 4 2
3677 0 26
3678 49 0
3679 0 45
3680 0 38
3681 1 41
3682 0 11
3683 2 15
3684 1 15
3685 4 1
3686 0 3
3687 1 1
3688 0 4
3689 0 35
3690 3 2
3691 0 44
3692 4 0
3693 1 42
3694 1 10
3695 4 2
3696 0 17
3697 0 39
3698 1 14
3699 0 12
3700 1 3
3701 1 9
3702 1 19
3703 0 18
3704 1 36
3705 0 48
3706 0 11
3707 0 25
3708 2 9
3709 0 37
3710 1 15
3711 0 5
3712 4 1
3713 0 4
3714 1 14
3715 1 25
3716 0 3
3717 1 13
3718 3 1
3719 2 1
3720 0 49
3721 0 26
3722 0 45
3723 1 24
3724 0 36
3725 0 10
3726 0 37
3727 0 27
3728 1 23
3729 3 8
3730 1 2
3731 1 6
3732 0 26
3733 1 9
3734 0 4
3735 2 6
3736 1 7
3737 0 23
3738 3 1
3739 1 20
3740 0 11
3741 0 38
3742 0 13
3743 1 6
3744 3 2
3745 0 25
3746 0 20
3747 1 19
3748 0 19
3749 0 36
3750 0 5
3751 1 22
3752 0 22
3753 0 12
3754 2 5
3755 1 41
3756 1 14
3757 2 8
3758 0 4
3759 0 7
3760 0 14
3761 1 8
3762 48 0
3763 0 13
3764 1 35
3765 0 3
3766 0 35
3767 3 0
3768 0 2
3769 1 7
3770 0 21
3771 0 34
3772 4 0
3773 1 5
3774 24 0
3775 3 7
3776 2 0
3777 0 16
3778 0 12
3779 3 8
3780 4 1
3781 1 42
3782 1 0
3783 0 48
3784 1 3
3785 0 3
3786 1 4
3787 1 3
3788 0 46
3789 0 45
3790 0 40
3791 1 14
3792 0 11
3793 1 2
3794 1 20
3795 0 44
3796 0 39
3797 1 9
3798 5 0
3799 3 1
3800 0 35
3801 0 24
3802 0 49
3803 3 6
3804 1 15
3805 0 22
3806 2 2
3807 1 8
3808 1 21
3809 2 6
3810 0 40
3811 0 18
3812 0 45
3813 1 7
3814 0 5
3815 2 8
3816 1 12
3817 3 6
3818 1 41
3819 0 7
3820 1 42
3821 1 23
3822 0 19
3823 4 0
3824 2 3
3825 1 14
3826 0 21
3827 0 6
3828 2 9
3829 1 1
3830 0 10
3831 2 8
3832 3 7
3833 1 43
3834 2 4
3835 0 14
3836 1 4
3837 0 44
3838 0 4
3839 0 23
3840 0 22
3841 0 5
3842 0 18
3843 0 48
3844 1 0
3845 1 2
3846 0 15
3847 2 9
3848 0 14
3849 2 7
3850 4 1
3851 4 0
3852 0 9
3853 0 39
3854 1 42
3855 0 33
3856 0 32
3857 0 47
3858 0 10
3859 0 17
3860 1 41
3861 0 41
3862 0 38
3863 2 6
3864 0 18
3865 0 45
3866 2 10
3867 1 10
3868 2 2
3869 2 1
3870 1 45
3871 0 44
3872 0 49
3873 0 0
3874 0 25
3875 0 21
3876 0 45
3877 1 4
3878 0 6
3879 0 13
3880 0 26
3881 2 0
3882 0 12
3883 2 9
3884 0 2
3885 1 44
3886 1 9
3887 0 31
3888 0 5
3889 0 9
3890 0 22
3891 0 4
3892 0 30
3893 0 25
3894 0 39
3895 0 17
3896 0 13
3897 0 12
3898 0 38
3899 0 46
3900 1 0
3901 1 6
3902 0 23
3903 0 43
3904 1 7
3905 0 44
3906 4 1
3907 0 37
3908 0 42
3909 0 13
3910 49 0
3911 0 14
3912 3 3
3913 0 22
3914 1 4
3915 0 45
3916 1 22
3917 0 38
3918 0 0
3919 4 0
3920 0 29
3921 0 19
3922 0 37
3923 0 39
3924 0 18
3925 1 9
3926 1 14
3927 2 6
3928 0 47
3929 3 0
3930 1 0
3931 0 36
3932 0 22
3933 0 12
3934 0 40
3935 2 7
3936 0 4
3937 0 44
3938 1 2
3939 0 0
3940 0 1
3941 5 0
3942 0 37
3943 2 6
3944 4 0
3945 0 17
3946 0 24
3947 0 0
3948 1 11
3949 5 0
3950 0 14
3951 0 13
3952 0 48
3953 2 3
3954 1 21
3955 0 38
3956 2 11
3957 1 5
3958 0 1
3959 0 36
3960 3 8
3961 2 1
3962 0 14
3963 3 6
3964 2 2
3965 0 11
3966 5 1
3967 0 10
3968 2 0
3969 0 25
3970 0 21
3971 0 49
3972 0 48
3973 0 24
3974 0 35
3975 0 11
3976 4 1
3977 0 39
3978 1 4
3979 0 5
3980 2 4
3981 0 23
3982 0 20
3983 3 7
3984 0 36
3985 0 28
3986 0 2
3987 0 45
3988 2 7
3989 0 10
3990 0 37
3991 0 11
3992 0 3
3993 4 2
3994 1 20
3995 1 11
3996 1 22
3997 1 5
3998 1 8
3999 0 6
4000 0 24
4001 0 2
4002 0 19
4003 0 22
4004 0 8
4005 0 36
4006 0 37
4007 0 15
4008 0 9
4009 0 23
4010 2 6
4011 0 47
4012 1 10
4013 0 46
4014 0 24
4015 1 6
4016 1 3
4017 23 0
4018 22 0
4019 0 18
4020 48 0
4021 3 2
4022 0 10
4023 0 6
4024 49 0
4025 2 3
4026 3 3
4027 0 23
4028 0 3
4029 0 36
4030 0 37
4031 0 24
4032 1 4
4033 1 5
4034 1 6
4035 0 6
4036 0 23
4037 1 2
4038 0 14
4039 0 8
4040 0 2
4041 0 15
4042 21 0
4043 0 14
4044 0 24
4045 0 23
4046 48 0
4047 0 41
4048 0 7
4049 1 6
4050 0 19
4051 0 15
4052 0 24
4053 20 0
4054 0 14
4055 0 15
4056 0 48
4057 0 38
4058 0 23
4059 0 8
4060 0 36
4061 4 2
4062 1 21
4063 1 44
4064 0 47
4065 0 35
4066 3 0
4067 0 24
4068 3 5
4069 1 4
4070 0 16
4071 49 0
4072 1 5
4073 4 1
4074 0 9
4075 1 43
4076 0 12
4077 0 18
4078 0 23
4079 19 0
4080 0 39
4081 0 44
4082 3 4
4083 0 5
4084 4 0
4085 1 10
4086 2 4
4087 0 22
4088 0 17
4089 0 36
4090 0 7
4091 2 7
4092 1 2
4093 1 44
4094 1 45
4095 2 0
4096 1 20
4097 0 25
4098 0 6
4099 0 2
4100 2 3
4101 0 13
4102 0 40
4103 0 5
4104 0 8
4105 1 19
4106 2 5
4107 1 18
4108 0 24
4109 0 12
4110 0 46
4111 0 21
4112 1 43
4113 0 35
4114 1 19
4115 5 0
4116 0 4
4117 4 0
4118 0 3
4119 0 36
4120 0 18
4121 2 4
4122 0 13
4123 1 3
4124 2 8
4125 0 19
4126 0 38
4127 48 0
4128 1 2
4129 2 44
4130 0 25
4131 0 41
4132 0 43
4133 0 45
4134 4 1
4135 2 5
4136 1 9
4137 0 24
4138 18 0
4139 17 0
4140 49 0
4141 0 27
4142 0 20
4143 3 1
4144 4 0
4145 1 10
4146 1 42
4147 1 46
4148 2 7
4149 1 24
4150 0 49
4151 1 8
4152 1 44
4153 0 5
4154 2 6
4155 0 2
4156 0 39
4157 0 42
4158 1 3
4159 0 24
4160 4 1
4161 0 19
4162 1 9
4163 2 5
4164 0 38
4165 0 9
4166 0 20
4167 2 44
4168 0 12
4169 2 4
4170 0 10
4171 1 4
4172 0 46
4173 0 8
4174 0 45
4175 1 43
4176 1 44
4177 16 0
4178 0 43
4179 2 44
4180 2 2
4181 15 0
4182 3 5
4183 2 4
4184 0 23
4185 0 46
4186 0 17
4187 0 19
4188 0 47
4189 1 5
4190 0 11
4191 0 9
4192 1 4
4193 0 3
4194 14 0
4195 1 44
4196 0 8
4197 0 2
4198 2 6
4199 1 6
4200 1 2
4201 0 4
4202 13 0
4203 0 24
4204 0 10
4205 0 25
4206 0 39
4207 1 4
4208 0 46
4209 1 22
4210 3 4
4211 0 20
4212 2 6
4213 0 42
4214 2 4
4215 0 14
4216 0 19
4217 0 9
4218 4 2
4219 2 43
4220 0 41
4221 0 26
4222 2 7
4223 3 4
4224 0 18
4225 2 6
4226 1 45
4227 2 4
4228 3 3
4229 1 43
4230 0 3
4231 0 40
4232 2 5
4233 2 3
4234 1 8
4235 1 20
4236 0 22
4237 1 15
4238 2 6
4239 0 41
4240 3 6
4241 0 11
4242 1 44
4243 1 9
4244 1 1
4245 1 4
4246 1 6
4247 1 25
4248 3 2
4249 0 24
4250 0 15
4251 0 47
4252 1 3
4253 0 10
4254 0 38
4255 0 27
4256 5 0
4257 0 46
4258 0 23
4259 0 20
4260 1 7
4261 1 45
4262 4 1
4263 2 2
4264 1 2
4265 0 37
4266 1 14
4267 12 0
4268 0 14
4269 0 11
4270 4 0
4271 0 42
4272 0 12
4273 1 1
4274 0 21
4275 0 19
4276 0 38
4277 0 20
4278 0 48
4279 0 21
4280 0 10
4281 0 13
4282 0 14
4283 0 7
4284 1 44
4285 0 43
4286 5 1
4287 1 4
4288 3 5
4289 4 1
4290 3 0
4291 2 6
4292 1 21
4293 3 4
4294 0 22
4295 0 39
4296 2 1
4297 1 1
4298 0 45
4299 0 26
4300 1 3
4301 2 0
4302 3 0
4303 1 6
4304 0 1
4305 0 40
4306 0 11
4307 0 46
4308 0 38
4309 0 6
4310 0 37
4311 0 12
4312 1 20
4313 3 1
4314 1 43
4315 0 20
4316 1 44
4317 0 13
4318 0 21
4319 2 3
4320 0 44
4321 0 25
4322 2 4
4323 1 6
4324 2 5
4325 0 45
4326 0 22
4327 0 24
4328 3 5
4329 0 8
4330 0 35
4331 0 9
4332 0 46
4333 0 10
4334 1 1
4335 0 1
4336 2 2
4337 2 3
4338 0 2
4339 0 41
4340 0 9
4341 4 1
4342 0 3
4343 2 4
4344 0 16
4345 0 15
4346 1 24
4347 1 7
4348 0 12
4349 0 38
4350 1 3
4351 0 25
4352 2 0
4353 1 0
4354 0 37
4355 3 1
4356 0 47
4357 0 42
4358 2 24
4359 0 36
4360 0 23
4361 2 5
4362 2 6
4363 0 0
4364 1 6
4365 0 43
4366 0 22
4367 0 45
4368 1 22
4369 1 2
4370 0 46
4371 0 13
4372 3 0
4373 0 47
4374 0 1
4375 0 7
4376 0 14
4377 0 38
4378 1 46
4379 0 15
4380 0 42
4381 0 6
4382 0 22
4383 1 19
4384 0 2
4385 0 1
4386 2 3
4387 1 18
4388 1 13
4389 1 45
4390 11 0
4391 0 0
4392 0 45
4393 3 6
4394 0 48
4395 2 0
4396 1 42
4397 0 19
4398 0 16
4399 10 0
4400 1 21
4401 1 8
4402 1 20
4403 6 0
4404 2 45
4405 1 0
4406 0 20
4407 0 44
4408 0 0
4409 1 10
4410 5 0
4411 1 17
4412 1 9
4413 0 19
4414 0 18
4415 0 19
4416 0 1
4417 0 49
4418 1 6
4419 1 43
4420 2 2
4421 4 1
4422 4 0
4423 2 1
4424 0 10
4425 0 18
4426 0 43
4427 1 24
4428 9 0
4429 1 5
4430 0 17
4431 0 24
4432 2 6
4433 0 9
4434 0 18
4435 0 23
4436 1 11
4437 1 1
4438 3 6
4439 0 19
4440 1 9
4441 1 45
4442 0 24
4443 0 41
4444 2 4
4445 1 8
4446 1 41
4447 0 15
4448 1 4
4449 1 9
4450 0 17
4451 0 21
4452 3 1
4453 1 7
4454 0 9
4455 0 10
4456 1 21
4457 1 22
4458 3 2
4459 2 1
4460 0 42
4461 0 20
4462 1 2
4463 1 12
4464 0 47
4465 0 2
4466 0 45
4467 1 21
4468 0 18
4469 0 23
4470 0 46
4471 0 13
4472 5 1
4473 6 1
4474 0 14
4475 0 40
4476 2 2
4477 0 17
4478 8 0
4479 0 0
4480 0 1
4481 7 0
4482 0 39
4483 0 45
4484 0 3
4485 0 40
4486 0 15
4487 8 0
4488 1 3
4489 0 14
4490 0 43
4491 1 4
4492 1 1
4493 2 6
4494 0 41
4495 1 14
4496 1 47
4497 0 16
4498 0 39
4499 1 46
4500 2 3
4501 0 19
4502 0 44
4503 1 45
4504 1 8
4505 0 13
4506 1 11
4507 48 0
4508 0 22
4509 0 9
4510 0 45
4511 0 18
4512 1 3
4513 7 0
4514 2 3
4515 0 38
4516 0 12
4517 6 0
4518 0 10
4519 2 4
4520 5 0
4521 0 21
4522 1 46
4523 0 17
4524 0 48
4525 0 9
4526 0 44
4527 1 9
4528 6 0
4529 1 3
4530 0 13
4531 1 10
4532 4 1
4533 1 24
4534 0 14
4535 5 1
4536 1 22
4537 4 1
4538 5 1
4539 2 5
4540 0 18
4541 1 6
4542 0 39
4543 0 24
4544 2 9
4545 0 38
4546 0 13
4547 0 9
4548 2 4
4549 2 8
4550 0 46
4551 2 10
4552 0 37
4553 2 9
4554 1 23
4555 0 38
4556 2 7
4557 0 22
4558 1 40
4559 2 5
4560 0 12
4561 0 40
4562 0 49
4563 0 48
4564 1 5
4565 1 6
4566 1 25
4567 0 47
4568 5 2
4569 3 0
4570 0 25
4571 0 17
4572 1 13
4573 0 21
4574 1 24
4575 3 4
4576 3 5
4577 5 1
4578 0 6
4579 0 37
4580 0 20
4581 3 8
4582 4 1
4583 1 2
4584 0 26
4585 0 19
4586 0 48
4587 2 0
4588 2 6
4589 2 25
4590 0 25
4591 3 1
4592 1 23
4593 0 41
4594 0 24
4595 0 11
4596 0 20
4597 0 49
4598 3 2
4599 7 0
4600 1 6
4601 0 18
4602 3 7
4603 3 6
4604 0 25
4605 1 46
4606 0 22
4607 3 4
4608 0 6
4609 0 24
4610 0 46
4611 1 4
4612 2 4
4613 2 5
4614 0 12
4615 0 40
4616 1 0
4617 1 44
4618 0 19
4619 0 23
4620 1 49
4621 0 44
4622 0 10
4623 0 5
4624 0 11
4625 0 6
4626 1 5
4627 0 45
4628 0 49
4629 0 46
4630 3 7
4631 1 25
4632 0 4
4633 8 0
4634 0 20
4635 0 25
4636 1 43
4637 1 6
4638 7 0
4639 2 6
4640 2 7
4641 7 1
4642 1 15
4643 2 5
4644 1 42
4645 1 14
4646 0 19
4647 0 15
4648 0 41
4649 2 4
4650 7 0
4651 0 21
4652 1 7
4653 0 3
4654 6 0
4655 0 10
4656 1 45
4657 1 12
4658 0 48
4659 0 45
4660 0 22
4661 0 16
4662 0 2
4663 0 17
4664 1 4
4665 0 15
4666 0 40
4667 1 41
4668 0 9
4669 0 21
4670 0 8
4671 1 13
4672 0 41
4673 0 16
4674 0 49
4675 1 14
4676 7 0
4677 3 1
4678 1 6
4679 0 9
4680 1 20
4681 0 24
4682 2 0
4683 49 0
4684 0 20
4685 1 39
4686 0 11
4687 0 12
4688 8 0
4689 0 14
4690 1 38
4691 4 0
4692 0 26
4693 2 8
4694 0 1
4695 0 18
4696 0 42
4697 0 46
4698 6 0
4699 0 45
4700 0 17
4701 0 19
4702 0 23
4703 0 18
4704 0 48
4705 0 24
4706 0 10
4707 0 23
4708 0 44
4709 2 4
4710 2 3
4711 0 6
4712 0 20
4713 2 6
4714 0 11
4715 1 4
4716 3 6
4717 0 15
4718 3 3
4719 0 22
4720 5 0
4721 4 0
4722 2 9
4723 0 21
4724 1 3
4725 3 7
4726 0 45
4727 1 5
4728 0 16
4729 0 12
4730 2 7
4731 2 3
4732 3 2
4733 0 15
4734 0 3
4735 0 23
4736 3 0
4737 0 2
4738 1 37
4739 1 13
4740 0 1
4741 2 4
4742 1 14
4743 0 11
4744 1 38
4745 2 8
4746 1 9
4747 2 2
4748 7 0
4749 4 0
4750 1 10
4751 3 8
4752 6 0
4753 0 7
4754 3 2
4755 1 0
4756 2 6
4757 2 3
4758 0 38
4759 0 12
4760 2 7
4761 0 47
4762 0 0
4763 1 9
4764 2 2
4765 0 11
4766 1 42
4767 1 36
4768 2 6
4769 0 16
4770 1 13
4771 3 7
4772 0 39
4773 0 12
4774 1 44
4775 0 44
4776 1 11
4777 0 8
4778 1 20
4779 0 7
4780 2 1
4781 0 20
4782 0 17
4783 0 1
4784 1 19
4785 0 16
4786 0 2
4787 5 0
4788 1 1
4789 2 0
4790 3 8
4791 0 9
4792 0 15
4793 1 35
4794 48 0
4795 0 3
4796 0 35
4797 2 4
4798 2 13
4799 2 1
4800 1 39
4801 0 13
4802 2 5
4803 0 8
4804 0 43
4805 0 21
4806 0 12
4807 0 11
4808 0 4
4809 0 9
4810 2 4
4811 0 22
4812 0 42
4813 0 20
4814 0 40
4815 2 5
4816 1 40
4817 2 19
4818 1 19
4819 1 44
4820 0 39
4821 0 36
4822 2 2
4823 0 8
4824 0 3
4825 0 17
4826 0 19
4827 2 12
4828 0 44
4829 0 10
4830 1 8
4831 1 1
4832 1 10
4833 3 4
4834 0 7
4835 49 0
4836 1 9
4837 0 38
4838 0 20
4839 0 11
4840 1 3
4841 3 0
4842 1 4
4843 0 12
4844 1 45
4845 0 11
4846 1 5
4847 7 0
4848 0 14
4849 0 37
4850 1 8
4851 1 2
4852 1 12
4853 6 0
4854 0 6
4855 2 0
4856 0 38
4857 0 25
4858 0 43
4859 0 45
4860 1 18
4861 0 24
4862 0 1
4863 1 0
4864 0 48
4865 1 41
4866 0 7
4867 0 6
4868 1 17
4869 0 49
4870 8 0
4871 0 21
4872 0 5
4873 0 8
4874 1 1
4875 2 1
4876 0 12
4877 0 2
4878 0 39
4879 0 47
4880 3 1
4881 1 7
4882 2 4
4883 9 0
4884 0 13
4885 0 3
4886 0 4
4887 1 1
4888 0 42
4889 1 0
4890 0 12
4891 1 11
4892 1 8
4893 1 10
4894 8 0
4895 2 3
4896 7 0
4897 0 0
4898 0 48
4899 0 8
4900 0 37
4901 8 0
4902 1 20
4903 0 22
4904 1 0
4905 0 40
4906 0 2
4907 0 3
4908 2 5
4909 4 1
4910 2 0
4911 1 12
4912 2 9
4913 0 20
4914 5 0
4915 3 5
4916 0 7
4917 2 4
4918 1 9
4919 0 9
4920 0 13
4921 1 13
4922 0 23
4923 3 6
4924 0 41
4925 1 19
4926 3 0
4927 3 9
4928 0 5
4929 0 6
4930 0 12
4931 0 19
4932 3 5
4933 1 9
4934 3 10
4935 48 0
4936 0 7
4937 0 46
4938 0 25
4939 1 1
4940 0 8
4941 1 12
4942 1 11
4943 4 0
4944 1 3
4945 7 0
4946 2 11
4947 1 18
4948 1 47
4949 1 40
4950 1 17
4951 2 5
4952 0 47
4953 0 14
4954 0 11
4955 0 7
4956 3 11
4957 0 22
4958 0 24
4959 0 40
4960 5 1
4961 0 20
4962 0 6
4963 6 0
4964 3 6
4965 0 3
4966 3 5
4967 4 1
4968 1 11
4969 0 49
4970 0 21
4971 0 48
4972 0 49
4973 2 10
4974 1 20
4975 1 49
4976 0 5
4977 2 9
4978 1 9
4979 3 0
4980 49 0
4981 0 12
4982 2 9
4983 0 19
4984 1 12
4985 0 46
4986 2 11
4987 1 16
4988 3 1
4989 1 19
4990 1 9
4991 3 6
4992 0 45
4993 1 11
4994 0 15
4995 0 38
4996 1 10
4997 0 11
4998 7 0
4999 0 16
5000 2 1
5001 1 0
5002 0 22
5003 0 49
5004 1 11
5005 0 37
5006 8 0
5007 0 17
5008 0 6
5009 0 12
5010 1 12
5011 0 23
5012 0 42
5013 0 16
5014 0 18
5015 1 8
5016 3 1
5017 0 0
5018 1 13
5019 0 13
5020 1 0
5021 1 9
5022 1 3
5023 0 19
5024 0 41
5025 1 13
5026 1 11
5027 0 14
5028 7 0
5029 6 0
5030 1 10
5031 0 0
5032 0 1
5033 0 21
5034 0 34
5035 0 36
5036 0 43
5037 0 35
5038 1 46
5039 2 0
5040 0 13
5041 0 15
5042 5 1
5043 5 0
5044 0 5
5045 6 0
5046 0 48
5047 1 41
5048 0 6
5049 0 34
5050 0 35
5051 1 5
5052 1 11
5053 0 42
5054 0 20
5055 2 46
5056 1 46
5057 0 46
5058 0 49
5059 0 16
5060 3 5
5061 0 11
5062 0 33
5063 0 47
5064 0 34
5065 2 11
5066 5 0
5067 0 35
5068 0 48
5069 2 7
5070 1 2
5071 0 7
5072 3 0
5073 0 22
5074 0 12
5075 0 34
5076 1 12
5077 0 15
5078 0 21
5079 0 43
5080 6 1
5081 1 7
5082 3 4
5083 1 6
5084 0 22
5085 3 3
5086 1 1
5087 2 1
5088 0 42
5089 2 4
5090 1 0
5091 0 12
5092 0 7
5093 0 37
5094 3 1
5095 0 6
5096 0 43
5097 1 4
5098 0 0
5099 0 35
5100 0 1
5101 0 23
5102 0 21
5103 3 0
5104 0 22
5105 2 3
5106 2 2
5107 0 44
5108 0 34
5109 0 46
5110 1 46
5111 3 2
5112 1 3
5113 0 42
5114 1 47
5115 0 8
5116 1 46
5117 1 47
5118 0 41
5119 2 3
5120 4 0
5121 1 6
5122 0 0
5123 0 1
5124 0 11
5125 0 9
5126 1 12
5127 4 1
5128 1 21
5129 0 36
5130 0 21
5131 1 46
5132 0 14
5133 0 0
5134 0 37
5135 3 1
5136 0 20
5137 0 3
5138 0 8
5139 0 9
5140 0 19
5141 1 47
5142 0 12
5143 1 3
5144 5 0
5145 0 36
5146 2 1
5147 4 0
5148 0 13
5149 0 47
5150 2 2
5151 0 11
5152 0 18
5153 0 19
5154 1 45
5155 0 22
5156 0 10
5157 6 0
5158 5 0
5159 0 2
5160 0 45
5161 0 3
5162 0 18
5163 0 23
5164 0 43
5165 3 2
5166 0 19
5167 5 1
5168 4 1
5169 0 14
5170 0 9
5171 0 8
5172 2 0
5173 3 1
5174 0 35
5175 1 11
5176 0 22
5177 0 13
5178 2 2
5179 0 44
5180 3 0
5181 0 7
5182 1 16
5183 1 0
5184 0 46
5185 1 12
5186 1 13
5187 0 21
5188 0 8
5189 1 17
5190 0 17
5191 1 1
5192 0 16
5193 0 45
5194 1 7
5195 1 14
5196 1 8
5197 0 47
5198 0 38
5199 6 1
5200 1 5
5201 3 2
5202 2 0
5203 0 12
5204 4 0
5205 1 3
5206 0 18
5207 0 39
5208 0 5
5209 1 9
5210 7 0
5211 1 20
5212 0 23
5213 1 0
5214 0 40
5215 3 1
5216 5 1
5217 0 41
5218 5 2
5219 0 19
5220 0 48
5221 0 15
5222 0 20
5223 4 2
5224 0 42
5225 0 3
5226 0 43
5227 2 0
5228 1 0
5229 5 1
5230 0 11
5231 1 44
5232 0 6
5233 0 37
5234 5 0
5235 6 0
5236 0 42
5237 1 19
5238 2 1
5239 1 39
5240 0 19
5241 0 38
5242 0 20
5243 0 10
5244 1 38
5245 0 18
5246 3 1
5247 3 2
5248 2 14
5249 3 3
5250 3 0
5251 4 0
5252 4 1
5253 0 17
5254 0 2
5255 0 11
5256 0 37
5257 1 13
5258 0 36
5259 5 0
5260 0 43
5261 2 3
5262 0 16
5263 0 18
5264 0 49
5265 0 44
5266 0 1
5267 0 43
5268 5 1
5269 0 0
5270 1 11
5271 4 0
5272 1 18
5273 0 44
5274 1 6
5275 1 1
5276 3 0
5277 0 22
5278 0 37
5279 0 23
5280 0 6
5281 1 2
5282 0 19
5283 2 4
5284 0 20
5285 0 38
5286 1 10
5287 0 15
5288 0 48
5289 4 0
5290 0 19
5291 5 2
5292 1 0
5293 0 16
5294 1 43
5295 0 43
5296 5 0
5297 4 0
5298 1 1
5299 4 2
5300 2 17
5301 1 19
5302 1 4
5303 0 22
5304 1 39
5305 1 3
5306 2 18
5307 4 3
5308 0 44
5309 0 39
5310 1 15
5311 1 12
5312 0 49
5313 0 15
5314 0 16
5315 0 1
5316 0 43
5317 0 40
5318 1 1
5319 0 17
5320 0 46
5321 0 37
5322 0 12
5323 0 47
5324 0 38
5325 2 4
5326 0 34
5327 0 21
5328 0 3
5329 0 2
5330 0 45
5331 1 0
5332 1 14
5333 0 33
5334 1 9
5335 0 22
5336 48 0
5337 1 18
5338 1 8
5339 0 21
5340 0 46
5341 0 22
5342 2 8
5343 0 16
5344 0 20
5345 0 21
5346 1 8
5347 2 5
5348 1 1
5349 0 37
5350 0 47
5351 0 41
5352 0 17
5353 0 32
5354 0 22
5355 0 31
5356 0 13
5357 0 42
5358 1 0
5359 0 18
5360 2 3
5361 0 44
5362 0 12
5363 0 45
5364 2 4
5365 0 11
5366 0 8
5367 1 44
5368 0 7
5369 0 21
5370 0 3
5371 0 44
5372 0 19
5373 4 1
5374 0 18
5375 0 30
5376 0 40
5377 0 48
5378 1 18
5379 0 8
5380 0 49
5381 1 19
5382 2 7
5383 2 14
5384 0 48
5385 0 38
5386 0 49
5387 0 39
5388 0 43
5389 0 48
5390 0 9
5391 2 15
5392 1 1
5393 1 4
5394 1 9
5395 1 18
5396 1 17
5397 0 4
5398 0 17
5399 0 40
5400 49 0
5401 0 29
5402 0 22
5403 2 1
5404 1 4
5405 0 10
5406 0 21
5407 48 0
5408 49 0
5409 0 49
5410 0 37
5411 0 36
5412 0 9
5413 1 3
5414 0 39
5415 1 7
5416 0 8
5417 1 17
5418 2 5
5419 2 3
5420 1 5
5421 0 17
5422 0 9
5423 2 14
5424 2 2
5425 0 46
5426 0 5
5427 1 12
5428 0 6
5429 3 2
5430 1 14
5431 48 0
5432 0 28
5433 1 42
5434 1 40
5435 2 6
5436 1 16
5437 0 7
5438 0 18
5439 0 37
5440 0 44
5441 1 3
5442 1 17
5443 0 19
5444 3 3
5445 0 12
5446 0 18
5447 0 6
5448 1 12
5449 0 42
5450 0 27
5451 0 2
5452 1 16
5453 4 0
5454 0 40
5455 2 4
5456 1 9
5457 0 38
5458 1 2
5459 0 37
5460 2 2
5461 2 1
5462 0 7
5463 2 13
5464 0 1
5465 0 9
5466 1 13
5467 0 5
5468 1 1
5469 1 9
5470 0 22
5471 0 23
5472 1 14
5473 0 47
5474 0 21
5475 2 12
5476 2 1
5477 0 45
5478 1 13
5479 0 44
5480 1 4
5481 0 0
5482 0 26
5483 0 20
5484 0 8
5485 0 35
5486 0 45
5487 1 17
5488 0 22
5489 0 1
5490 1 3
5491 0 17
5492 0 25
5493 0 9
5494 0 19
5495 0 46
5496 0 24
5497 0 21
5498 0 38
5499 1 5
5500 0 16
5501 0 44
5502 1 4
5503 1 19
5504 1 6
5505 0 43
5506 1 3
5507 1 2
5508 0 20
5509 0 45
5510 0 19
5511 0 0
5512 0 18
5513 1 11
5514 1 3
5515 2 5
5516 0 44
5517 2 4
5518 1 18
5519 1 0
5520 1 8
5521 1 2
5522 2 2
5523 1 2
5524 0 48
5525 1 14
5526 1 13
5527 0 19
5528 0 47
5529 1 3
5530 0 23
5531 2 5
5532 1 15
5533 0 46
5534 49 0
5535 2 0
5536 0 8
5537 1 7
5538 0 0
5539 1 8
5540 1 10
5541 0 36
5542 0 48
5543 1 12
5544 0 49
5545 0 35
5546 1 11
5547 1 9
5548 0 12
5549 0 15
5550 0 43
5551 0 13
5552 0 12
5553 0 36
5554 0 1
5555 2 3
5556 1 2
5557 0 22
5558 0 0
5559 0 1
5560 1 47
5561 48 0
5562 1 39
5563 49 0
5564 0 48
5565 0 39
5566 1 14
5567 1 46
5568 0 13
5569 1 7
5570 1 12
5571 0 45
5572 1 3
5573 0 2
5574 0 12
5575 2 2
5576 1 16
5577 3 0
5578 1 38
5579 0 41
5580 1 15
5581 0 20
5582 2 15
5583 0 16
5584 2 3
5585 0 38
5586 0 1
5587 0 19
5588 2 1
5589 0 42
5590 2 4
5591 0 2
5592 48 0
5593 0 34
5594 0 17
5595 1 8
5596 1 13
5597 2 0
5598 0 44
5599 0 37
5600 1 17
5601 2 1
5602 1 18
5603 2 5
5604 49 0
5605 0 33
5606 2 11
5607 2 2
5608 2 12
5609 1 11
5610 2 0
5611 1 42
5612 0 39
5613 0 3
5614 0 42
5615 2 1
5616 2 6
5617 0 2
5618 1 12
5619 2 2
5620 1 17
5621 1 5
5622 0 12
5623 0 20
5624 0 7
5625 1 45
5626 0 45
5627 1 1
5628 2 13
5629 1 18
5630 0 32
5631 0 3
5632 0 21
5633 2 3
5634 2 7
5635 2 6
5636 0 13
5637 2 7
5638 0 18
5639 0 46
5640 1 4
5641 0 14
5642 0 38
5643 1 44
5644 3 3
5645 1 10
5646 1 15
5647 0 45
5648 1 0
5649 1 11
5650 1 2
5651 1 7
5652 1 14
5653 1 5
5654 4 1
5655 0 46
5656 0 2
5657 1 4
5658 1 13
5659 0 36
5660 1 43
5661 0 20
5662 0 41
5663 0 40
5664 1 9
5665 0 19
5666 1 14
5667 1 15
5668 0 49
5669 0 17
5670 0 11
5671 2 5
5672 1 5
5673 3 1
5674 0 12
5675 0 9
5676 0 18
5677 0 21
5678 0 13
5679 0 37
5680 0 19
5681 0 20
5682 1 1
5683 1 14
5684 1 15
5685 0 48
5686 0 12
5687 0 13
5688 0 45
5689 1 16
5690 1 0
5691 1 3
5692 1 12
5693 4 2
5694 1 9
5695 1 2
5696 2 16
5697 2 4
5698 1 20
5699 0 12
5700 0 18
5701 1 1
5702 1 8
5703 0 3
5704 3 4
5705 1 0
5706 2 8
5707 0 21
5708 0 8
5709 0 17
5710 0 46
5711 1 12
5712 2 20
5713 0 39
5714 2 3
5715 1 3
5716 0 22
5717 0 20
5718 2 7
5719 0 38
5720 4 3
5721 1 20
5722 1 8
5723 1 7
5724 1 13
5725 0 18
5726 0 12
5727 3 3
5728 0 47
5729 1 19
5730 3 2
5731 0 9
5732 0 45
5733 0 5
5734 0 11
5735 0 48
5736 0 19
5737 0 12
5738 0 8
5739 0 10
5740 0 4
5741 3 1
5742 0 7
5743 0 11
5744 0 40
5745 0 37
5746 0 39
5747 0 8
5748 1 12
5749 3 3
5750 3 2
5751 1 20
5752 0 3
5753 0 20
5754 0 40
5755 0 36
5756 0 7
5757 0 42
5758 1 18
5759 0 6
5760 1 1
5761 2 3
5762 0 47
5763 0 21
5764 0 1
5765 0 31
5766 0 44
5767 1 3
5768 2 9
5769 5 0
5770 4 2
5771 0 35
5772 0 18
5773 3 1
5774 0 43
5775 0 34
5776 0 10
5777 2 1
5778 1 6
5779 1 13
5780 0 33
5781 0 39
5782 5 2
5783 0 5
5784 2 0
5785 0 44
5786 0 45
5787 0 6
5788 1 42
5789 0 44
5790 0 22
5791 0 11
5792 0 48
5793 0 23
5794 0 32
5795 0 49
5796 1 44
5797 0 8
5798 4 2
5799 0 13
5800 2 14
5801 0 19
5802 0 12
5803 0 2
5804 0 37
5805 2 3
5806 1 8
5807 1 16
5808 0 5
5809 3 0
5810 1 7
5811 5 1
5812 4 0
5813 2 43
5814 0 22
5815 0 42
5816 0 38
5817 1 8
5818 3 0
5819 0 37
5820 1 9
5821 1 15
5822 1 17
5823 4 0
5824 1 14
5825 0 14
5826 0 8
5827 0 11
5828 1 43
5829 0 7
5830 2 4
5831 2 3
5832 0 8
5833 1 8
5834 0 3
5835 0 2
5836 2 4
5837 2 3
5838 0 34
5839 1 14
5840 3 3
5841 0 38
5842 0 1
5843 1 1
5844 0 10
5845 6 0
5846 2 42
5847 3 2
5848 2 18
5849 1 15
5850 0 15
5851 2 19
5852 1 13
5853 1 2
5854 0 2
5855 0 20
5856 0 17
5857 0 13
5858 0 44
5859 4 1
5860 2 8
5861 0 16
5862 2 3
5863 5 0
5864 2 4
5865 1 8
5866 0 12
5867 1 19
5868 0 48
5869 0 15
5870 0 19
5871 2 43
5872 1 12
5873 0 20
5874 2 13
5875 0 11
5876 0 4
5877 4 0
5878 0 9
5879 0 33
5880 0 34
5881 3 1
5882 0 14
5883 0 10
5884 0 19
5885 0 33
5886 5 0
5887 2 3
5888 0 5
5889 0 21
5890 2 2
5891 2 41
5892 0 6
5893 1 2
5894 0 47
5895 1 41
5896 0 9
5897 1 5
5898 0 18
5899 4 0
5900 2 42
5901 0 48
5902 0 41
5903 0 40
5904 0 39
5905 1 39
5906 1 20
5907 2 20
5908 0 8
5909 3 0
5910 0 17
5911 1 42
5912 0 45
5913 0 18
5914 1 7
5915 2 2
5916 1 18
5917 2 42
5918 0 34
5919 1 19
5920 4 1
5921 1 13
5922 2 7
5923 0 42
5924 0 7
5925 0 17
5926 0 22
5927 2 1
5928 1 14
5929 0 14
5930 5 1
5931 0 46
5932 0 20
5933 2 6
5934 3 6
5935 0 43
5936 0 6
5937 0 39
5938 0 19
5939 0 40
5940 3 1
5941 3 13
5942 0 18
5943 2 14
5944 2 1
5945 0 33
5946 0 42
5947 1 20
5948 2 6
5949 2 15
5950 2 2
5951 0 7
5952 5 0
5953 0 15
5954 1 21
5955 0 41
5956 0 8
5957 2 13
5958 2 19
5959 0 37
5960 2 5
5961 4 2
5962 1 42
5963 4 0
5964 0 14
5965 0 43
5966 1 22
5967 0 7
5968 5 2
5969 2 1
5970 0 21
5971 2 18
5972 0 20
5973 1 14
5974 3 0
5975 0 6
5976 4 0
5977 0 35
5978 4 2
5979 1 1
5980 0 1
5981 0 40
5982 0 19
5983 0 44
5984 0 34
5985 0 45
5986 0 39
5987 2 6
5988 0 41
5989 1 21
5990 4 3
5991 2 12
5992 5 0
5993 1 43
5994 1 1
5995 1 20
5996 1 8
5997 1 12
5998 3 2
5999 0 5
6000 1 15
6001 0 36
6002 1 21
6003 1 2
6004 4 4
6005 2 13
6006 1 13
6007 1 16
6008 1 44
6009 0 43
6010 0 13
6011 2 5
6012 3 4
6013 1 7
6014 0 42
6015 1 18
6016 48 0
6017 0 43
6018 1 3
6019 0 18
6020 49 0
6021 3 1
6022 0 49
6023 1 41
6024 1 14
6025 0 48
6026 1 5
6027 0 42
6028 48 0
6029 4 1
6030 0 23
6031 0 49
6032 0 21
6033 0 46
6034 3 1
6035 1 15
6036 0 17
6037 2 5
6038 0 3
6039 0 15
6040 0 2
6041 1 5
6042 0 48
6043 3 0
6044 0 43
6045 0 47
6046 3 1
6047 0 16
6048 49 0
6049 48 0
6050 0 44
6051 0 22
6052 0 14
6053 3 12
6054 1 2
6055 2 1
6056 0 45
6057 0 23
6058 2 12
6059 0 13
6060 3 1
6061 0 18
6062 0 44
6063 3 0
6064 2 6
6065 4 0
6066 0 2
6067 1 4
6068 0 24
6069 0 22
6070 0 37
6071 0 3
6072 1 6
6073 0 38
6074 1 21
6075 0 23
6076 0 43
6077 0 17
6078 0 33
6079 0 49
6080 0 21
6081 1 21
6082 0 2
6083 0 14
6084 2 4
6085 0 42
6086 0 34
6087 2 5
6088 0 3
6089 0 46
6090 0 47
6091 0 48
6092 0 49
6093 0 2
6094 3 11
6095 0 39
6096 0 21
6097 0 41
6098 0 48
6099 2 11
6100 0 22
6101 1 11
6102 0 40
6103 0 3
6104 0 46
6105 0 23
6106 1 7
6107 0 15
6108 0 2
6109 0 14
6110 0 1
6111 1 20
6112 0 22
6113 0 36
6114 49 0
6115 0 20
6116 1 18
6117 0 21
6118 0 20
6119 0 49
6120 2 4
6121 0 21
6122 0 15
6123 2 10
6124 1 8
6125 0 0
6126 2 3
6127 0 18
6128 2 5
6129 0 16
6130 0 14
6131 1 19
6132 0 35
6133 1 10
6134 1 9
6135 0 13
6136 0 19
6137 1 8
6138 0 41
6139 3 12
6140 3 3
6141 0 48
6142 0 14
6143 1 22
6144 1 6
6145 3 2
6146 1 5
6147 2 12
6148 1 23
6149 1 0
6150 0 0
6151 0 42
6152 0 45
6153 0 18
6154 2 5
6155 1 22
6156 1 42
6157 0 41
6158 1 5
6159 2 3
6160 1 3
6161 0 49
6162 1 43
6163 4 2
6164 0 22
6165 3 1
6166 0 46
6167 0 43
6168 0 1
6169 0 42
6170 0 20
6171 0 19
6172 1 1
6173 1 37
6174 1 20
6175 2 3
6176 1 0
6177 2 11
6178 1 12
6179 0 12
6180 3 2
6181 0 15
6182 1 9
6183 1 12
6184 1 43
6185 1 42
6186 2 6
6187 0 34
6188 1 21
6189 0 18
6190 2 4
6191 0 35
6192 2 0
6193 0 5
6194 2 5
6195 4 2
6196 1 13
6197 0 12
6198 0 4
6199 1 3
6200 3 11
6201 0 23
6202 0 41
6203 0 37
6204 3 5
6205 0 5
6206 0 36
6207 3 2
6208 2 3
6209 2 5
6210 2 6
6211 0 13
6212 1 11
6213 1 12
6214 2 2
6215 2 5
6216 1 44
6217 1 3
6218 0 48
6219 3 5
6220 1 2
6221 2 8
6222 1 1
6223 2 11
6224 0 16
6225 2 19
6226 2 5
6227 0 6
6228 3 2
6229 3 0
6230 0 17
6231 0 42
6232 0 22
6233 48 0
6234 0 19
6235 1 2
6236 0 18
6237 1 19
6238 0 2
6239 0 44
6240 3 4
6241 3 1
6242 1 22
6243 0 22
6244 3 5
6245 1 8
6246 0 8
6247 0 43
6248 0 37
6249 0 17
6250 1 6
6251 0 7
6252 0 8
6253 0 47
6254 1 41
6255 2 10
6256 1 2
6257 2 0
6258 1 42
6259 2 21
6260 0 6
6261 0 7
6262 2 9
6263 0 3
6264 2 5
6265 1 18
6266 1 21
6267 0 48
6268 1 17
6269 0 44
6270 0 38
6271 1 44
6272 49 0
6273 1 0
6274 0 2
6275 0 44
6276 1 14
6277 1 44
6278 0 47
6279 0 14
6280 3 5
6281 1 1
6282 0 4
6283 0 40
6284 0 39
6285 0 11
6286 0 13
6287 1 0
6288 0 0
6289 0 6
6290 0 12
6291 2 10
6292 0 40
6293 0 7
6294 0 20
6295 1 2
6296 0 46
6297 1 16
6298 1 4
6299 2 9
6300 1 0
6301 0 14
6302 1 15
6303 0 8
6304 1 22
6305 0 37
6306 1 37
6307 0 39
6308 0 40
6309 0 36
6310 1 8
6311 1 45
6312 0 16
6313 0 21
6314 0 37
6315 2 11
6316 0 44
6317 1 7
6318 0 2
6319 1 16
6320 0 4
6321 0 45
6322 0 17
6323 1 41
6324 2 10
6325 0 13
6326 1 6
6327 0 18
6328 1 21
6329 1 4
6330 1 2
6331 0 6
6332 1 9
6333 0 49
6334 1 40
6335 1 20
6336 0 2
6337 0 23
6338 0 9
6339 2 11
6340 2 6
6341 0 22
6342 0 36
6343 1 3
6344 1 15
6345 1 6
6346 0 3
6347 0 41
6348 1 41
6349 1 36
6350 1 42
6351 0 19
6352 0 2
6353 0 46
6354 0 1
6355 0 14
6356 1 8
6357 1 9
6358 1 10
6359 2 3
6360 1 44
6361 0 40
6362 0 2
6363 0 37
6364 0 15
6365 0 4
6366 0 10
6367 1 3
6368 2 20
6369 0 48
6370 0 13
6371 2 1
6372 1 20
6373 1 4
6374 3 2
6375 2 8
6376 1 7
6377 0 45
6378 0 18
6379 2 5
6380 2 0
6381 2 6
6382 1 41
6383 0 49
6384 0 20
6385 2 3
6386 1 45
6387 1 40
6388 0 19
6389 2 4
6390 0 12
6391 1 5
6392 0 24
6393 0 43
6394 0 7
6395 0 18
6396 0 39
6397 3 1
6398 0 36
6399 1 2
6400 1 6
6401 1 44
6402 0 11
6403 1 10
6404 3 2
6405 2 2
6406 2 10
6407 0 5
6408 1 0
6409 0 0
6410 0 42
6411 0 10
6412 0 40
6413 2 5
6414 1 11
6415 0 19
6416 0 1
6417 3 1
6418 3 3
6419 0 4
6420 3 2
6421 0 38
6422 0 41
6423 0 18
6424 0 3
6425 1 3
6426 0 35
6427 0 2
6428 0 1
6429 2 9
6430 1 1
6431 0 48
6432 1 16
6433 2 1
6434 0 16
6435 0 11
6436 0 12
6437 0 33
6438 1 19
6439 1 17
6440 0 4
6441 0 0
6442 0 40
6443 3 3
6444 1 7
6445 0 41
6446 0 19
6447 1 13
6448 1 0
6449 2 4
6450 0 49
6451 0 46
6452 0 11
6453 1 6
6454 0 18
6455 0 15
6456 1 11
6457 0 13
6458 0 3
6459 2 6
6460 0 37
6461 5 0
6462 0 19
6463 2 11
6464 0 23
6465 1 11
6466 1 43
6467 1 9
6468 1 7
6469 0 43
6470 1 6
6471 0 11
6472 6 0
6473 0 48
6474 1 2
6475 5 0
6476 1 19
6477 0 38
6478 0 19
6479 2 0
6480 0 12
6481 1 18
6482 0 21
6483 2 5
6484 0 24
6485 0 20
6486 0 7
6487 1 8
6488 0 42
6489 2 11
6490 0 45
6491 2 43
6492 1 17
6493 1 5
6494 0 16
6495 0 41
6496 1 46
6497 3 2
6498 2 3
6499 2 2
6500 3 2
6501 0 36
6502 0 42
6503 0 46
6504 0 47
6505 0 35
6506 1 16
6507 0 5
6508 0 39
6509 0 32
6510 0 23
6511 0 11
6512 0 44
6513 1 5
6514 1 3
6515 0 34
6516 0 22
6517 0 48
6518 2 10
6519 1 17
6520 1 1
6521 0 36
6522 0 23
6523 1 16
6524 1 18
6525 0 45
6526 0 21
6527 0 35
6528 1 47
6529 0 46
6530 2 2
6531 2 6
6532 2 1
6533 0 20
6534 2 3
6535 0 19
6536 1 44
6537 0 3
6538 1 11
6539 4 2
6540 0 40
6541 1 43
6542 0 11
6543 0 4
6544 0 41
6545 4 3
6546 2 0
6547 0 22
6548 3 2
6549 0 18
6550 1 7
6551 1 19
6552 0 10
6553 1 17
6554 0 15
6555 1 42
6556 0 39
6557 2 2
6558 2 7
6559 0 7
6560 2 8
6561 0 40
6562 0 47
6563 2 19
6564 1 6
6565 0 8
6566 0 44
6567 0 39
6568 0 9
6569 0 19
6570 1 12
6571 1 9
6572 0 36
6573 0 5
6574 2 9
6575 2 8
6576 0 38
6577 0 45
6578 0 7
6579 0 33
6580 2 9
6581 0 39
6582 0 34
6583 0 4
6584 2 8
6585 1 34
6586 0 46
6587 1 13
6588 0 34
6589 1 12
6590 0 47
6591 2 1
6592 0 35
6593 0 40
6594 0 20
6595 1 3
6596 2 2
6597 1 15
6598 0 42
6599 2 7
6600 1 18
6601 1 11
6602 0 15
6603 0 11
6604 0 14
6605 1 7
6606 0 33
6607 4 2
6608 1 46
6609 1 11
6610 0 18
6611 3 1
6612 0 46
6613 0 36
6614 2 20
6615 1 2
6616 1 10
6617 0 35
6618 0 36
6619 0 17
6620 3 2
6621 1 17
6622 0 35
6623 0 15
6624 1 21
6625 0 49
6626 1 5
6627 0 16
6628 0 2
6629 0 44
6630 1 13
6631 4 0
6632 0 45
6633 0 19
6634 0 15
6635 0 48
6636 0 11
6637 1 2
6638 2 2
6639 0 7
6640 4 3
6641 2 1
6642 0 2
6643 2 5
6644 3 0
6645 0 46
6646 3 1
6647 0 36
6648 2 19
6649 0 49
6650 2 3
6651 0 3
6652 2 9
6653 0 41
6654 1 3
6655 1 18
6656 0 35
6657 1 5
6658 2 6
6659 0 21
6660 2 10
6661 1 9
6662 0 1
6663 0 9
6664 1 1
6665 0 6
6666 0 18
6667 0 45
6668 0 40
6669 1 0
6670 3 0
6671 2 7
6672 2 6
6673 0 7
6674 2 9
6675 2 3
6676 3 1
6677 0 39
6678 0 36
6679 3 3
6680 2 1
6681 0 48
6682 2 0
6683 0 6
6684 2 2
6685 1 0
6686 0 43
6687 0 4
6688 2 4
6689 0 3
6690 1 19
6691 0 5
6692 0 12
6693 0 14
6694 0 37
6695 1 43
6696 0 22
6697 0 42
6698 0 21
6699 0 35
6700 0 36
6701 1 2
6702 1 4
6703 1 9
6704 0 13
6705 1 18
6706 0 46
6707 0 11
6708 2 18
6709 2 17
6710 0 18
6711 0 6
6712 1 48
6713 2 10
6714 2 7
6715 1 6
6716 1 7
6717 0 43
6718 0 47
6719 0 34
6720 0 41
6721 0 48
6722 0 4
6723 0 7
6724 0 40
6725 0 8
6726 0 41
6727 0 35
6728 0 45
6729 2 8
6730 1 8
6731 2 5
6732 0 0
6733 0 2
6734 1 41
6735 0 42
6736 1 35
6737 0 32
6738 1 34
6739 0 15
6740 0 35
6741 1 2
6742 0 43
6743 0 8
6744 3 7
6745 2 2
6746 2 4
6747 3 2
6748 0 9
6749 0 14
6750 1 11
6751 0 15
6752 0 31
6753 0 7
6754 2 5
6755 0 46
6756 2 11
6757 1 7
6758 0 8
6759 2 7
6760 0 19
6761 1 12
6762 0 36
6763 1 2
6764 0 9
6765 0 41
6766 2 6
6767 1 11
6768 2 20
6769 1 17
6770 1 1
6771 2 2
6772 1 0
6773 1 10
6774 2 9
6775 1 2
6776 3 6
6777 2 6
6778 0 40
6779 2 0
6780 0 44
6781 0 10
6782 0 17
6783 1 3
6784 0 35
6785 3 4
6786 0 41
6787 2 4
6788 0 45
6789 0 7
6790 1 15
6791 0 18
6792 1 4
6793 1 47
6794 0 15
6795 0 42
6796 2 1
6797 0 47
6798 1 20
6799 1 11
6800 3 1
6801 0 34
6802 3 3
6803 3 5
6804 1 3
6805 1 49
6806 0 33
6807 0 16
6808 1 10
6809 0 12
6810 0 8
6811 2 8
6812 1 46
6813 1 40
6814 0 20
6815 0 49
6816 0 41
6817 0 40
6818 1 45
6819 0 13
6820 3 0
6821 2 5
6822 2 1
6823 2 2
6824 0 21
6825 1 4
6826 1 1
6827 1 49
6828 0 22
6829 2 9
6830 2 10
6831 0 49
6832 2 49
6833 0 21
6834 3 5
6835 1 8
6836 1 0
6837 0 5
6838 0 32
6839 0 6
6840 4 0
6841 0 20
6842 0 46
6843 1 10
6844 3 0
6845 2 5
6846 0 15
6847 0 5
6848 4 0
6849 1 1
6850 1 0
6851 0 6
6852 1 3
6853 0 14
6854 0 0
6855 3 2
6856 3 49
6857 0 48
6858 0 42
6859 0 34
6860 1 11
6861 0 5
6862 3 4
6863 1 46
6864 1 0
6865 0 33
6866 2 11
6867 0 17
6868 48 0
6869 0 3
6870 1 16
6871 0 15
6872 3 0
6873 1 10
6874 0 16
6875 0 47
6876 2 49
6877 0 46
6878 0 34
6879 0 17
6880 2 4
6881 2 12
6882 0 6
6883 0 14
6884 1 49
6885 0 18
6886 0 33
6887 0 7
6888 2 49
6889 1 35
6890 1 41
6891 0 49
6892 0 2
6893 0 21
6894 0 45
6895 1 5
6896 0 16
6897 0 35
6898 3 1
6899 3 6
6900 0 10
6901 0 13
6902 0 6
6903 2 8
6904 2 11
6905 0 41
6906 0 32
6907 0 46
6908 2 12
6909 0 17
6910 0 47
6911 2 2
6912 1 39
6913 2 21
6914 0 7
6915 0 36
6916 4 1
6917 3 5
6918 1 12
6919 0 20
6920 0 14
6921 3 0
6922 3 6
6923 0 44
6924 1 2
6925 0 45
6926 0 46
6927 0 43
6928 1 20
6929 0 35
6930 0 6
6931 1 14
6932 2 7
6933 0 18
6934 0 44
6935 0 1
6936 0 9
6937 1 49
6938 0 48
6939 0 42
6940 0 14
6941 0 39
6942 0 33
6943 3 5
6944 0 32
6945 0 2
6946 0 47
6947 0 19
6948 5 1
6949 2 2
6950 0 7
6951 0 41
6952 0 8
6953 1 21
6954 1 17
6955 0 12
6956 0 36
6957 2 0
6958 1 46
6959 2 6
6960 0 11
6961 1 47
6962 1 18
6963 0 46
6964 0 12
6965 2 3
6966 2 5
6967 0 42
6968 2 2
6969 0 15
6970 1 9
6971 0 47
6972 2 3
6973 0 16
6974 2 2
6975 0 11
6976 0 33
6977 0 7
6978 5 0
6979 1 1
6980 1 0
6981 2 6
6982 0 35
6983 1 1
6984 0 8
6985 0 48
6986 1 45
6987 1 7
6988 0 15
6989 1 48
6990 0 41
6991 0 42
6992 1 47
6993 0 34
6994 3 1
6995 1 2
6996 2 3
6997 2 1
6998 1 49
6999 3 1
7000 2 5
7001 0 35
7002 1 5
7003 0 2
7004 0 10
7005 0 17
7006 0 41
7007 0 7
7008 49 0
7009 1 19
7010 0 45
7011 1 45
7012 0 6
7013 0 18
7014 0 42
7015 0 9
7016 0 45
7017 0 43
7018 2 49
7019 2 47
7020 0 1
7021 1 10
7022 1 45
7023 1 6
7024 0 49
7025 0 14
7026 1 13
7027 0 42
7028 0 19
7029 4 0
7030 0 34
7031 1 11
7032 1 5
7033 1 10
7034 1 47
7035 0 7
7036 0 33
7037 0 47
7038 1 19
7039 1 1
7040 0 5
7041 1 12
7042 1 9
7043 2 19
7044 3 0
7045 0 15
7046 0 43
7047 2 5
7048 1 7
7049 0 48
7050 0 12
7051 0 17
7052 0 45
7053 1 49
7054 2 13
7055 0 16
7056 0 44
7057 0 7
7058 1 2
7059 0 13
7060 1 5
7061 0 8
7062 0 18
7063 0 49
7064 0 34
7065 0 41
7066 1 0
7067 3 4
7068 1 48
7069 2 18
7070 1 19
7071 48 0
7072 2 5
7073 0 19
7074 0 42
7075 0 33
7076 2 6
7077 2 4
7078 0 43
7079 2 12
7080 2 3
7081 0 44
7082 0 22
7083 1 1
7084 0 41
7085 1 8
7086 2 1
7087 0 40
7088 0 36
7089 2 0
7090 0 15
7091 0 16
7092 1 7
7093 0 35
7094 1 6
7095 2 11
7096 1 43
7097 1 1
7098 1 11
7099 1 49
7100 0 34
7101 0 41
7102 1 48
7103 1 18
7104 1 0
7105 0 21
7106 2 11
7107 1 49
7108 0 35
7109 0 1
7110 2 5
7111 0 20
7112 1 48
7113 0 40
7114 0 6
7115 2 4
7116 1 17
7117 49 0
7118 1 49
7119 0 46
7120 48 0
7121 2 12
7122 0 2
7123 3 0
7124 0 32
7125 2 9
7126 1 2
7127 1 16
7128 1 1
7129 0 43
7130 49 0
7131 0 17
7132 2 8
7133 2 11
7134 1 19
7135 2 0
7136 1 2
7137 0 21
7138 1 0
7139 0 22
7140 1 47
7141 1 10
7142 0 10
7143 0 5
7144 0 9
7145 0 18
7146 1 20
7147 2 17
7148 0 19
7149 0 41
7150 0 40
7151 0 2
7152 0 21
7153 0 3
7154 0 8
7155 0 45
7156 0 34
7157 0 44
7158 0 47
7159 0 7
7160 0 43
7161 0 44
7162 0 33
7163 0 0
7164 0 34
7165 2 10
7166 0 33
7167 0 49
7168 2 16
7169 0 34
7170 1 48
7171 2 11
7172 1 13
7173 1 8
7174 1 9
7175 3 2
7176 2 2
7177 1 2
7178 1 11
7179 1 5
7180 0 2
7181 1 7
7182 0 20
7183 1 6
7184 1 12
7185 0 1
7186 4 0
7187 3 0
7188 4 0
7189 1 4
7190 2 2
7191 0 43
7192 1 13
7193 0 4
7194 0 35
7195 2 6
7196 2 5
7197 0 22
7198 2 1
7199 3 0
7200 1 46
7201 1 12
7202 0 2
7203 0 6
7204 2 0
7205 0 38
7206 2 46
7207 0 44
7208 0 36
7209 0 33
7210 1 4
7211 1 13
7212 2 15
7213 0 48
7214 0 1
7215 0 7
7216 0 0
7217 0 9
7218 3 1
7219 4 1
7220 2 6
7221 1 15
7222 0 4
7223 0 39
7224 5 1
7225 1 14
7226 0 8
7227 0 1
7228 2 7
7229 0 35
7230 1 0
7231 2 6
7232 0 3
7233 0 45
7234 0 5
7235 2 11
7236 0 21
7237 0 18
7238 1 6
7239 0 44
7240 2 8
7241 1 9
7242 0 4
7243 2 1
7244 1 8
7245 1 48
7246 2 10
7247 0 3
7248 0 15
7249 0 4
7250 2 11
7251 0 20
7252 2 10
7253 2 11
7254 1 49
7255 0 48
7256 0 0
7257 0 36
7258 0 35
7259 0 38
7260 0 23
7261 0 17
7262 1 13
7263 0 5
7264 1 20
7265 0 46
7266 5 0
7267 0 7
7268 0 16
7269 0 6
7270 0 45
7271 0 22
7272 48 0
7273 0 21
7274 1 1
7275 1 41
7276 0 36
7277 1 6
7278 0 37
7279 1 0
7280 0 43
7281 4 2
7282 2 49
7283 0 13
7284 0 8
7285 0 19
7286 1 49
7287 0 22
7288 0 6
7289 1 5
7290 1 2
7291 0 20
7292 0 49
7293 1 1
7294 1 0
7295 0 15
7296 0 14
7297 2 5
7298 3 2
7299 2 2
7300 0 16
7301 1 1
7302 2 0
7303 0 24
7304 0 12
7305 1 5
7306 1 0
7307 0 21
7308 1 8
7309 0 47
7310 3 1
7311 3 49
7312 1 1
7313 0 23
7314 1 2
7315 0 46
7316 0 35
7317 3 0
7318 0 48
7319 1 46
7320 1 6
7321 49 0
7322 0 18
7323 2 0
7324 1 22
7325 48 0
7326 1 11
7327 1 3
7328 2 3
7329 0 11
7330 0 8
7331 1 16
7332 0 34
7333 0 47
7334 2 2
7335 1 15
7336 4 0
7337 1 2
7338 2 49
7339 1 47
7340 1 5
7341 2 8
7342 1 10
7343 0 7
7344 1 4
7345 49 0
7346 0 4
7347 0 41
7348 0 22
7349 0 44
7350 0 38
7351 0 49
7352 0 42
7353 3 2
7354 4 1
7355 0 10
7356 0 45
7357 1 38
7358 0 47
7359 0 13
7360 0 37
7361 1 4
7362 0 2
7363 4 0
7364 1 0
7365 0 19
7366 2 16
7367 0 24
7368 0 48
7369 0 36
7370 0 44
7371 2 2
7372 48 0
7373 0 18
7374 0 23
7375 1 1
7376 0 17
7377 1 23
7378 49 0
7379 0 37
7380 0 3
7381 1 49
7382 0 38
7383 3 0
7384 0 4
7385 1 0
7386 0 36
7387 0 37
7388 4 0
7389 6 0
7390 5 0
7391 0 35
7392 1 18
7393 0 14
7394 0 36
7395 0 37
7396 0 18
7397 0 49
7398 4 49
7399 0 0
7400 1 0
7401 0 36
7402 0 43
7403 3 0
7404 0 24
7405 1 49
7406 1 4
7407 0 23
7408 0 13
7409 1 7
7410 0 37
7411 0 49
7412 1 8
7413 1 16
7414 1 5
7415 0 38
7416 1 49
7417 3 49
7418 0 4
7419 0 5
7420 3 2
7421 0 36
7422 0 39
7423 4 49
7424 0 35
7425 5 49
7426 0 0
7427 0 8
7428 0 1
7429 0 36
7430 3 49
7431 1 1
7432 1 17
7433 0 35
7434 0 40
7435 0 42
7436 1 11
7437 0 9
7438 0 17
7439 0 14
7440 2 2
7441 0 24
7442 0 43
7443 2 1
7444 4 49
7445 1 6
7446 0 36
7447 0 37
7448 0 21
7449 4 0
7450 2 49
7451 0 15
7452 1 4
7453 0 49
7454 2 0
7455 0 48
7456 1 0
7457 1 17
7458 6 49
7459 0 10
7460 0 9
7461 1 49
7462 1 14
7463 2 3
7464 0 20
7465 1 39
7466 2 2
7467 2 0
7468 0 49
7469 2 5
7470 0 46
7471 0 39
7472 1 0
7473 2 6
7474 3 49
7475 0 11
7476 0 14
7477 2 7
7478 1 5
7479 0 6
7480 1 2
7481 0 0
7482 0 10
7483 0 41
7484 0 1
7485 0 19
7486 1 41
7487 0 0
7488 1 48
7489 0 20
7490 0 21
7491 0 48
7492 4 1
7493 2 2
7494 0 11
7495 0 20
7496 2 49
7497 0 16
7498 0 8
7499 0 1
# colocadas=7500 ocupadas=53 mayor=1683
