0 21 14
1 20 14
2 13 8
3 12 8
4 13 8
5 12 17
6 12 8
7 21 14
8 13 8
9 11 17
10 20 14
11 21 14
12 12 17
13 30 47
14 12 8
15 36 32
16 36 31
17 13 8
18 11 17
19 12 8
20 20 14
21 30 48
22 21 14
23 20 14
24 12 17
25 11 17
26 12 17
27 13 8
28 12 8
29 36 32
30 36 31
31 36 32
32 13 8
33 21 14
34 36 31
35 30 47
36 11 17
37 36 32
38 12 17
39 30 48
40 11 17
41 30 47
42 12 8
43 12 17
44 13 8
45 12 8
46 30 48
47 30 47
48 30 48
49 30 47
50 11 17
51 13 8
52 20 14
53 36 31
54 36 32
55 12 17
56 11 17
57 12 17
58 30 48
59 36 31
60 21 14
61 11 17
62 12 8
63 13 8
64 30 47
65 12 8
66 30 48
67 13 8
68 30 47
69 12 17
70 36 32
71 11 17
72 12 8
73 30 48
74 36 31
75 36 32
76 20 14
77 21 14
78 36 31
79 36 32
80 30 47
81 13 8
82 36 31
83 20 14
84 21 14
85 20 14
86 30 48
87 12 8
88 36 32
89 12 17
90 30 47
91 21 14
92 36 31
93 30 48
94 13 8
95 36 32
96 36 31
97 30 47
98 12 8
99 11 17
100 13 8
101 12 17
102 11 17
103 12 17
104 30 48
105 20 14
106 30 47
107 12 8
108 11 17
109 21 14
110 12 17
111 36 32
112 36 31
113 30 48
114 30 47
115 30 48
116 13 8
117 11 17
118 30 47
119 30 48
120 12 8
121 20 14
122 13 8
123 12 17
124 12 8
125 36 32
126 36 31
127 11 17
128 36 32
129 21 14
130 13 8
131 20 14
132 36 31
133 30 47
134 12 8
135 30 48
136 21 14
137 13 8
138 12 8
139 30 47
140 36 32
141 30 48
142 30 47
143 30 48
144 12 17
145 30 47
146 13 8
147 36 31
148 36 32
149 36 31
150 11 17
151 36 32
152 20 14
153 12 17
154 21 14
155 30 48
156 30 47
157 30 48
158 11 17
159 12 17
160 12 8
161 30 47
162 11 17
163 12 17
164 11 17
165 20 14
166 13 8
167 12 8
168 12 17
169 11 17
170 30 48
171 36 31
172 36 32
173 12 17
174 13 8
175 30 47
176 12 8
177 30 48
178 11 17
179 21 14
180 30 47
181 30 48
182 12 17
183 30 47
184 30 48
185 30 47
186 36 31
187 30 48
188 13 8
189 12 8
190 30 47
191 30 48
192 30 47
193 36 32
194 30 48
195 20 14
196 11 17
197 36 31
198 13 8
199 36 32
200 12 17
201 11 17
202 21 14
203 20 14
204 12 8
205 12 17
206 11 17
207 21 14
208 12 17
209 13 8
210 12 8
211 20 14
212 21 14
213 13 8
214 36 31
215 12 8
216 11 17
217 20 14
218 30 47
219 12 17
220 21 14
221 13 8
222 20 14
223 11 17
224 12 17
225 12 8
226 11 17
227 30 48
228 30 47
229 30 48
230 21 14
231 30 47
232 36 32
233 20 14
234 21 14
235 13 8
236 36 31
237 30 48
238 20 14
239 30 47
240 30 48
241 36 32
242 30 47
243 12 17
244 30 48
245 36 31
246 11 17
247 12 17
248 21 14
249 11 17
250 12 8
251 30 47
252 30 48
253 30 47
254 13 8
255 30 48
256 36 32
257 12 17
258 36 31
259 36 32
260 12 8
261 11 17
262 36 31
263 36 32
264 20 14
265 36 31
266 30 47
267 13 8
268 36 32
269 12 8
270 21 14
271 12 17
272 20 14
273 30 48
274 13 8
275 12 8
276 36 31
277 36 32
278 11 17
279 21 14
280 12 17
281 36 31
282 13 8
283 36 32
284 11 17
285 30 47
286 12 17
287 20 14
288 12 8
289 30 48
290 21 14
291 13 8
292 11 17
293 12 8
294 12 17
295 13 8
296 20 14
297 21 14
298 36 31
299 30 47
300 11 17
301 36 32
302 12 8
303 12 17
304 36 31
305 30 48
306 30 47
307 20 14
308 21 14
309 11 17
310 20 14
311 21 14
312 13 8
313 30 48
314 20 14
315 12 17
316 12 8
317 30 47
318 13 8
319 12 8
320 11 17
321 30 48
322 36 32
323 36 31
324 30 47
325 30 48
326 21 14
327 20 14
328 21 14
329 36 32
330 30 47
331 30 48
332 20 14
333 12 17
334 30 47
335 11 17
336 12 17
337 30 48
338 11 17
339 12 17
340 11 17
341 36 31
342 36 32
343 13 8
344 12 8
345 21 14
346 20 14
347 36 31
348 12 17
349 21 14
350 20 14
351 21 14
352 13 8
353 30 47
354 30 48
355 11 17
356 20 14
357 30 47
358 12 17
359 11 17
360 30 48
361 12 17
362 11 17
363 30 47
364 21 14
365 12 17
366 20 14
367 36 32
368 36 31
369 12 8
370 36 32
371 11 17
372 12 17
373 13 8
374 30 48
375 36 31
376 30 47
377 11 17
378 12 8
379 30 48
380 30 47
381 21 14
382 30 48
383 30 47
384 13 8
385 20 14
386 36 32
387 36 31
388 12 17
389 12 8
390 30 48
391 21 14
392 30 47
393 11 17
394 36 32
395 12 17
396 11 17
397 36 31
398 36 32
399 12 17
400 11 17
401 36 31
402 20 14
403 13 8
404 12 17
405 21 14
406 30 48
407 30 47
408 36 32
409 12 8
410 13 8
411 11 17
412 36 31
413 30 48
414 20 14
415 30 47
416 12 8
417 30 48
418 30 47
419 21 14
420 20 14
421 13 8
422 30 48
423 36 32
424 21 14
425 12 8
426 13 8
427 12 8
428 12 17
429 13 8
430 30 47
431 12 8
432 30 48
433 36 31
434 30 47
435 11 17
436 13 8
437 12 17
438 11 17
439 30 48
440 12 8
441 12 17
442 30 47
443 30 48
444 36 32
445 36 31
446 20 14
447 30 47
448 36 32
449 30 48
450 21 14
451 36 31
452 36 32
453 11 17
454 30 47
455 20 14
456 21 14
457 20 14
458 13 8
459 36 31
460 12 8
461 12 17
462 11 17
463 36 32
464 21 14
465 30 48
466 36 31
467 13 8
468 12 17
469 20 14
470 36 32
471 11 17
472 36 31
473 21 14
474 20 14
475 12 17
476 11 17
477 30 47
478 21 14
479 36 32
480 36 31
481 12 17
482 11 17
483 12 8
484 20 14
485 36 32
486 30 48
487 36 31
488 36 32
489 13 8
490 30 47
491 12 8
492 13 8
493 21 14
494 30 48
495 12 17
496 36 31
497 30 47
498 20 14
499 30 48
500 11 17
501 30 47
502 30 48
503 36 32
504 21 14
505 12 17
506 36 31
507 30 47
508 30 48
509 12 8
510 20 14
511 13 8
512 12 8
513 36 32
514 21 14
515 30 47
516 30 48
517 11 17
518 13 8
519 12 17
520 12 8
521 36 31
522 30 47
523 13 8
524 11 17
525 12 17
526 36 32
527 11 17
528 12 8
529 13 8
530 20 14
531 30 48
532 12 17
533 11 17
534 30 47
535 12 8
536 30 48
537 21 14
538 36 31
539 12 17
540 36 32
541 13 8
542 11 17
543 36 31
544 20 14
545 12 17
546 30 47
547 21 14
548 36 32
549 12 8
550 13 8
551 30 48
552 11 17
553 12 17
554 11 17
555 20 14
556 12 8
557 30 47
558 36 31
559 12 17
560 11 17
561 36 32
562 13 8
563 30 48
564 21 14
565 20 14
566 21 14
567 12 17
568 30 47
569 11 17
570 20 14
571 36 31
572 21 14
573 30 48
574 20 14
575 21 14
576 30 47
577 12 17
578 30 48
579 30 47
580 30 48
581 36 32
582 11 17
583 12 8
584 20 14
585 36 31
586 12 17
587 30 47
588 13 8
589 30 48
590 11 17
591 36 32
592 12 17
593 11 17
594 12 8
595 12 17
596 13 8
597 11 17
598 12 8
599 21 14
600 20 14
601 36 31
602 21 14
603 13 8
604 12 17
605 30 47
606 20 14
607 11 17
608 12 8
609 30 48
610 13 8
611 36 32
612 12 8
613 36 31
614 13 8
615 36 32
616 12 8
617 36 31
618 36 32
619 21 14
620 13 8
621 20 14
622 21 14
623 12 17
624 11 17
625 12 17
626 12 8
627 13 8
628 12 8
629 13 8
630 30 47
631 11 17
632 12 8
633 30 48
634 12 17
635 20 14
636 36 31
637 21 14
638 13 8
639 30 47
640 11 17
641 36 32
642 36 31
643 12 8
644 12 17
645 36 32
646 13 8
647 20 14
648 21 14
649 36 31
650 12 8
651 20 14
652 21 14
653 11 17
654 20 14
655 30 48
656 36 32
657 12 17
658 21 14
659 36 31
660 13 8
661 20 14
662 21 14
663 36 32
664 20 14
665 21 14
666 11 17
667 36 31
668 30 47
669 20 14
670 36 32
671 12 17
672 12 8
673 13 8
674 11 17
675 30 48
676 30 47
677 36 31
678 30 48
679 12 17
680 30 47
681 11 17
682 36 32
683 12 17
684 30 48
685 30 47
686 12 8
687 13 8
688 21 14
689 11 17
690 12 17
691 36 31
692 12 8
693 20 14
694 36 32
695 13 8
696 36 31
697 36 32
698 12 8
699 21 14
700 30 48
701 36 31
702 11 17
703 20 14
704 12 17
705 13 8
706 21 14
707 20 14
708 36 32
709 21 14
710 30 47
711 11 17
712 12 17
713 20 14
714 36 31
715 36 32
716 36 31
717 21 14
718 36 32
719 20 14
720 21 14
721 20 14
722 36 31
723 21 14
724 11 17
725 12 17
726 36 32
727 36 31
728 30 48
729 11 17
730 30 47
731 36 32
732 12 17
733 20 14
734 12 8
735 36 31
736 13 8
737 21 14
738 11 17
739 20 14
740 30 48
741 12 8
742 36 32
743 13 8
744 12 17
745 11 17
746 12 8
747 21 14
748 13 8
749 12 8
750 13 8
751 12 17
752 30 47
753 12 8
754 11 17
755 36 31
756 20 14
757 21 14
758 30 48
759 13 8
760 36 32
761 20 14
762 12 17
763 21 14
764 12 8
765 30 47
766 13 8
767 20 14
768 12 8
769 30 48
770 13 8
771 30 47
772 12 8
773 36 31
774 36 32
775 11 17
776 36 31
777 36 32
778 21 14
779 12 17
780 11 17
781 36 31
782 20 14
783 13 8
784 21 14
785 20 14
786 36 32
787 30 48
788 21 14
789 20 14
790 36 31
791 36 32
792 21 14
793 12 17
794 12 8
795 36 31
796 11 17
797 13 8
798 12 17
799 36 32
800 36 31
801 20 14
802 30 47
803 11 17
804 21 14
805 12 8
806 36 32
807 30 48
808 13 8
809 20 14
810 21 14
811 30 47
812 12 17
813 20 14
814 12 8
815 13 8
816 36 31
817 30 48
818 21 14
819 30 47
820 12 8
821 11 17
822 13 8
823 36 32
824 30 48
825 36 31
826 20 14
827 30 47
828 12 8
829 36 32
830 30 48
831 12 17
832 13 8
833 36 31
834 11 17
835 21 14
836 36 32
837 20 14
838 12 17
839 30 47
840 36 31
841 12 8
842 36 32
843 30 48
844 30 47
845 21 14
846 11 17
847 36 31
848 20 14
849 13 8
850 36 32
851 21 14
852 12 8
853 30 48
854 13 8
855 12 17
856 20 14
857 12 8
858 21 14
859 13 8
860 30 47
861 11 17
862 12 17
863 11 17
864 30 48
865 12 17
866 30 47
867 11 17
868 30 48
869 36 31
870 12 17
871 36 32
872 20 14
873 12 8
874 11 17
875 30 47
876 21 14
877 20 14
878 13 8
879 21 14
880 30 48
881 12 8
882 30 47
883 30 48
884 12 17
885 11 17
886 13 8
887 12 17
888 36 31
889 36 32
890 11 17
891 12 17
892 20 14
893 30 47
894 11 17
895 12 17
896 36 31
897 21 14
898 12 8
899 20 14
900 21 14
901 30 48
902 13 8
903 36 32
904 11 17
905 12 17
906 30 47
907 11 17
908 12 17
909 12 8
910 20 14
911 21 14
912 11 17
913 13 8
914 12 17
915 11 17
916 12 8
917 12 17
918 11 17
919 30 48
920 20 14
921 21 14
922 20 14
923 13 8
924 30 47
925 12 8
926 36 31
927 21 14
928 12 17
929 20 14
930 11 17
931 36 32
932 13 8
933 36 31
934 30 48
935 36 32
936 12 17
937 30 47
938 21 14
939 20 14
940 21 14
941 36 31
942 30 48
943 12 8
944 20 14
945 21 14
946 11 17
947 13 8
948 20 14
949 36 32
950 36 31
951 21 14
952 20 14
953 21 14
954 12 8
955 12 17
956 36 32
957 13 8
958 36 31
959 12 8
960 11 17
961 36 32
962 30 47
963 12 17
964 36 31
965 36 32
966 13 8
967 30 48
968 36 31
969 12 8
970 20 14
971 30 47
972 36 32
973 30 48
974 36 31
975 36 32
976 11 17
977 12 17
978 11 17
979 30 47
980 36 31
981 36 32
982 13 8
983 12 17
984 11 17
985 36 31
986 12 8
987 12 17
988 13 8
989 30 48
990 30 47
991 21 14
992 12 8
993 20 14
994 36 32
995 30 48
996 13 8
997 21 14
998 30 47
999 11 17
1000 30 48
1001 12 17
1002 11 17
1003 12 17
1004 12 8
1005 30 47
1006 30 48
1007 30 47
1008 30 48
1009 30 47
1010 30 48
1011 30 47
1012 13 8
1013 36 31
1014 12 8
1015 36 32
1016 20 14
1017 30 48
1018 13 8
1019 21 14
1020 11 17
1021 12 8
1022 12 17
1023 13 8
1024 36 31
1025 20 14
1026 12 8
1027 11 17
1028 21 14
1029 13 8
1030 36 32
1031 36 31
1032 36 32
1033 30 47
1034 12 17
1035 12 8
1036 11 17
1037 12 17
1038 30 48
1039 30 47
1040 11 17
1041 12 17
1042 13 8
1043 12 8
1044 13 8
1045 11 17
1046 36 31
1047 30 48
1048 12 17
1049 20 14
1050 36 32
1051 12 8
1052 30 47
1053 21 14
1054 11 17
1055 36 31
1056 20 14
1057 30 48
1058 36 32
1059 36 31
1060 13 8
1061 36 32
1062 21 14
1063 12 8
1064 36 31
1065 12 17
1066 20 14
1067 21 14
1068 30 47
1069 13 8
1070 36 32
1071 20 14
1072 11 17
1073 36 31
1074 21 14
1075 12 8
1076 12 17
1077 13 8
1078 30 48
1079 20 14
1080 21 14
1081 12 8
1082 36 32
1083 13 8
1084 20 14
1085 11 17
1086 30 47
1087 12 17
1088 12 8
1089 36 31
1090 36 32
1091 30 48
1092 21 14
1093 11 17
1094 12 17
1095 20 14
1096 11 17
1097 36 31
1098 21 14
1099 36 32
1100 30 47
1101 13 8
1102 12 8
1103 12 17
1104 36 31
1105 13 8
1106 20 14
1107 30 48
1108 21 14
1109 36 32
1110 20 14
1111 12 8
1112 21 14
1113 36 31
1114 13 8
1115 30 47
1116 11 17
1117 20 14
1118 36 32
1119 36 31
1120 12 8
1121 21 14
1122 13 8
1123 36 32
1124 12 8
1125 20 14
1126 12 17
1127 21 14
1128 20 14
1129 13 8
1130 11 17
1131 30 48
1132 12 8
1133 13 8
1134 30 47
1135 12 8
1136 36 31
1137 21 14
1138 20 14
1139 21 14
1140 12 17
1141 13 8
1142 20 14
1143 30 48
1144 36 32
1145 12 8
1146 30 47
1147 11 17
1148 30 48
1149 36 31
1150 36 32
1151 13 8
1152 30 47
1153 21 14
1154 36 31
1155 30 48
1156 12 8
1157 20 14
1158 36 32
1159 21 14
1160 12 17
1161 30 47
1162 20 14
1163 13 8
1164 30 48
1165 36 31
1166 12 8
1167 21 14
1168 13 8
1169 30 47
1170 36 32
1171 11 17
1172 20 14
1173 30 48
1174 30 47
1175 36 31
1176 21 14
1177 20 14
1178 36 32
1179 12 17
1180 21 14
1181 20 14
1182 11 17
1183 12 17
1184 21 14
1185 36 31
1186 20 14
1187 12 8
1188 11 17
1189 21 14
1190 20 14
1191 13 8
1192 21 14
1193 12 17
1194 36 32
1195 11 17
1196 12 8
1197 20 14
1198 12 17
1199 21 14
1200 36 31
1201 20 14
1202 11 17
1203 13 8
1204 30 48
1205 12 8
1206 21 14
1207 30 47
1208 30 48
1209 20 14
1210 13 8
1211 12 17
1212 36 32
1213 30 47
1214 12 8
1215 30 48
1216 36 31
1217 30 47
1218 36 32
1219 30 48
1220 13 8
1221 30 47
1222 11 17
1223 36 31
1224 21 14
1225 36 32
1226 30 48
1227 12 8
1228 13 8
1229 20 14
1230 36 31
1231 12 8
1232 12 17
1233 30 47
1234 36 32
1235 13 8
1236 12 8
1237 21 14
1238 20 14
1239 13 8
1240 11 17
1241 21 14
1242 12 8
1243 20 14
1244 13 8
1245 36 31
1246 12 8
1247 12 17
1248 13 8
1249 11 17
1250 12 17
1251 30 48
1252 30 47
1253 11 17
1254 36 32
1255 36 31
1256 21 14
1257 12 8
1258 20 14
1259 13 8
1260 12 17
1261 11 17
1262 30 48
1263 36 32
1264 21 14
1265 30 47
1266 12 17
1267 12 8
1268 13 8
1269 11 17
1270 20 14
1271 12 17
1272 11 17
1273 21 14
1274 20 14
1275 30 48
1276 36 31
1277 36 32
1278 30 47
1279 12 17
1280 30 48
1281 11 17
1282 36 31
1283 30 47
1284 36 32
1285 30 48
1286 12 17
1287 11 17
1288 36 31
1289 12 8
1290 12 17
1291 21 14
1292 13 8
1293 30 47
1294 30 48
1295 30 47
1296 36 32
1297 11 17
1298 30 48
1299 20 14
1300 36 31
1301 12 17
1302 11 17
1303 36 32
1304 36 31
1305 12 8
1306 30 47
1307 12 17
1308 36 32
1309 36 31
1310 30 48
1311 11 17
1312 36 32
1313 13 8
1314 12 8
1315 12 17
1316 21 14
1317 30 47
1318 36 31
1319 20 14
1320 21 14
1321 30 48
1322 20 14
1323 36 32
1324 30 47
1325 11 17
1326 21 14
1327 36 31
1328 36 32
1329 36 31
1330 13 8
1331 36 32
1332 12 8
1333 36 31
1334 36 32
1335 20 14
1336 36 31
1337 36 32
1338 12 17
1339 13 8
1340 21 14
1341 20 14
1342 36 31
1343 12 8
1344 30 48
1345 36 32
1346 36 31
1347 13 8
1348 21 14
1349 36 32
1350 36 31
1351 12 8
1352 36 32
1353 11 17
1354 12 17
1355 13 8
1356 36 31
1357 20 14
1358 30 47
1359 11 17
1360 36 32
1361 21 14
1362 12 17
1363 30 48
1364 11 17
1365 12 8
1366 13 8
1367 12 8
1368 20 14
1369 36 31
1370 30 47
1371 21 14
1372 12 17
1373 13 8
1374 36 32
1375 20 14
1376 30 48
1377 30 47
1378 21 14
1379 12 8
1380 11 17
1381 12 17
1382 13 8
1383 20 14
1384 36 31
1385 36 32
1386 36 31
1387 21 14
1388 12 8
1389 13 8
1390 12 8
1391 11 17
1392 36 32
1393 36 31
1394 36 32
1395 36 31
1396 13 8
1397 36 32
1398 12 8
1399 30 48
1400 36 31
1401 13 8
1402 36 32
1403 36 31
1404 12 17
1405 12 8
1406 36 32
1407 36 31
1408 36 32
1409 36 31
1410 20 14
1411 21 14
1412 36 32
1413 30 47
1414 13 8
1415 12 8
1416 36 31
1417 13 8
1418 36 32
1419 11 17
1420 12 8
1421 13 8
1422 20 14
1423 21 14
1424 36 31
1425 20 14
1426 12 8
1427 12 17
1428 36 32
1429 21 14
1430 13 8
1431 12 8
1432 30 48
1433 13 8
1434 11 17
1435 20 14
1436 36 31
1437 21 14
1438 12 8
1439 13 8
1440 12 17
1441 36 32
1442 12 8
1443 13 8
1444 36 31
1445 12 8
1446 20 14
1447 36 32
1448 36 31
1449 21 14
1450 13 8
1451 11 17
1452 30 47
1453 30 48
1454 12 17
1455 12 8
1456 11 17
1457 36 32
1458 36 31
1459 36 32
1460 30 47
1461 30 48
1462 36 31
1463 12 17
1464 11 17
1465 30 47
1466 20 14
1467 13 8
1468 36 32
1469 21 14
1470 12 17
1471 20 14
1472 21 14
1473 12 8
1474 20 14
1475 36 31
1476 36 32
1477 13 8
1478 30 48
1479 11 17
1480 36 31
1481 30 47
1482 30 48
1483 30 47
1484 12 17
1485 11 17
1486 12 17
1487 30 48
1488 11 17
1489 36 32
1490 12 8
1491 30 47
1492 13 8
1493 12 8
1494 36 31
1495 30 48
1496 36 32
1497 13 8
1498 12 17
1499 12 8
1500 11 17
1501 12 17
1502 30 47
1503 36 31
1504 36 32
1505 13 8
1506 36 31
1507 36 32
1508 12 8
1509 30 48
1510 13 8
1511 12 8
1512 36 31
1513 13 8
1514 21 14
1515 20 14
1516 21 14
1517 30 47
1518 12 8
1519 11 17
1520 13 8
1521 12 8
1522 20 14
1523 13 8
1524 12 17
1525 36 32
1526 12 8
1527 30 48
1528 11 17
1529 21 14
1530 12 17
1531 30 47
1532 36 31
1533 30 48
1534 36 32
1535 20 14
1536 11 17
1537 36 31
1538 13 8
1539 36 32
1540 12 17
1541 12 8
1542 21 14
1543 36 31
1544 11 17
1545 13 8
1546 30 47
1547 12 17
1548 12 8
1549 30 48
1550 36 32
1551 36 31
1552 20 14
1553 11 17
1554 13 8
1555 12 8
1556 12 17
1557 30 47
1558 21 14
1559 36 32
1560 13 8
1561 36 31
1562 36 32
1563 20 14
1564 36 31
1565 12 8
1566 30 48
1567 13 8
1568 11 17
1569 21 14
1570 30 47
1571 36 32
1572 12 8
1573 13 8
1574 12 8
1575 30 48
1576 36 31
1577 20 14
1578 30 47
1579 36 32
1580 30 48
1581 30 47
1582 21 14
1583 13 8
1584 12 17
1585 30 48
1586 11 17
1587 30 47
1588 12 17
1589 20 14
1590 11 17
1591 12 17
1592 12 8
1593 11 17
1594 30 48
1595 12 17
1596 13 8
1597 21 14
1598 36 31
1599 20 14
1600 36 32
1601 11 17
1602 12 8
1603 30 47
1604 21 14
1605 13 8
1606 12 8
1607 13 8
1608 12 17
1609 20 14
1610 12 8
1611 11 17
1612 36 31
1613 30 48
1614 12 17
1615 36 32
1616 13 8
1617 36 31
1618 21 14
1619 30 47
1620 30 48
1621 12 8
1622 30 47
1623 20 14
1624 13 8
1625 36 32
1626 21 14
1627 36 31
1628 11 17
1629 30 48
1630 20 14
1631 12 8
1632 36 32
1633 13 8
1634 12 17
1635 30 47
1636 30 48
1637 30 47
1638 11 17
1639 21 14
1640 20 14
1641 36 31
1642 30 48
1643 21 14
1644 20 14
1645 30 47
1646 36 32
1647 12 17
1648 12 8
1649 21 14
1650 11 17
1651 20 14
1652 13 8
1653 12 8
1654 13 8
1655 21 14
1656 30 48
1657 12 8
1658 12 17
1659 20 14
1660 21 14
1661 13 8
1662 30 47
1663 20 14
1664 36 31
1665 36 32
1666 21 14
1667 36 31
1668 36 32
1669 36 31
1670 12 8
1671 11 17
1672 36 32
1673 12 17
1674 20 14
1675 21 14
1676 30 48
1677 30 47
1678 11 17
1679 30 48
1680 20 14
1681 21 14
1682 30 47
1683 36 31
1684 30 48
1685 20 14
1686 36 32
1687 36 31
1688 12 17
1689 13 8
1690 21 14
1691 36 32
1692 20 14
1693 36 31
1694 11 17
1695 12 17
1696 36 32
1697 30 47
1698 11 17
1699 12 17
1700 30 48
1701 12 8
1702 13 8
1703 30 47
1704 36 31
1705 21 14
1706 20 14
1707 21 14
1708 36 32
1709 30 48
1710 20 14
1711 36 31
1712 12 8
1713 30 47
1714 11 17
1715 13 8
1716 36 32
1717 21 14
1718 12 17
1719 12 8
1720 11 17
1721 30 48
1722 30 47
1723 20 14
1724 30 48
1725 12 17
1726 21 14
1727 20 14
1728 13 8
1729 11 17
1730 30 47
1731 12 8
1732 30 48
1733 21 14
1734 30 47
1735 13 8
1736 12 8
1737 36 31
1738 20 14
1739 30 48
1740 21 14
1741 12 17
1742 11 17
1743 13 8
1744 36 32
1745 30 47
1746 30 48
1747 20 14
1748 36 31
1749 12 8
1750 30 47
1751 36 32
1752 30 48
1753 12 17
1754 21 14
1755 20 14
1756 21 14
1757 36 31
1758 20 14
1759 13 8
1760 21 14
1761 30 47
1762 20 14
1763 30 48
1764 21 14
1765 11 17
1766 30 47
1767 36 32
1768 30 48
1769 12 8
1770 30 47
1771 36 31
1772 36 32
1773 13 8
1774 12 17
1775 12 8
1776 20 14
1777 30 48
1778 11 17
1779 12 17
1780 30 47
1781 36 31
1782 21 14
1783 11 17
1784 13 8
1785 12 17
1786 30 48
1787 11 17
1788 12 8
1789 13 8
1790 36 32
1791 36 31
1792 12 17
1793 20 14
1794 36 32
1795 11 17
1796 36 31
1797 12 17
1798 30 47
1799 21 14
1800 12 8
1801 20 14
1802 13 8
1803 21 14
1804 30 48
1805 36 32
1806 30 47
1807 12 8
1808 30 48
1809 30 47
1810 20 14
1811 21 14
1812 13 8
1813 12 8
1814 30 48
1815 30 47
1816 20 14
1817 13 8
1818 21 14
1819 12 8
1820 36 31
1821 11 17
1822 20 14
1823 30 48
1824 30 47
1825 12 17
1826 30 48
1827 30 47
1828 11 17
1829 30 48
1830 12 17
1831 11 17
1832 21 14
1833 30 47
1834 12 17
1835 20 14
1836 11 17
1837 30 48
1838 13 8
1839 21 14
1840 36 32
1841 12 17
1842 11 17
1843 30 47
1844 12 17
1845 11 17
1846 30 48
1847 20 14
1848 12 8
1849 12 17
1850 11 17
1851 30 47
1852 13 8
1853 36 31
1854 12 17
1855 30 48
1856 21 14
1857 30 47
1858 11 17
1859 20 14
1860 36 32
1861 36 31
1862 12 17
1863 36 32
1864 36 31
1865 12 8
1866 36 32
1867 36 31
1868 13 8
1869 36 32
1870 36 31
1871 36 32
1872 21 14
1873 30 48
1874 30 47
1875 30 48
1876 12 8
1877 30 47
1878 36 31
1879 11 17
1880 30 48
1881 36 32
1882 12 17
1883 36 31
1884 13 8
1885 20 14
1886 11 17
1887 30 47
1888 12 17
1889 11 17
1890 21 14
1891 12 8
1892 12 17
1893 11 17
1894 36 32
1895 13 8
1896 36 31
1897 20 14
1898 12 17
1899 36 32
1900 12 8
1901 36 31
1902 21 14
1903 30 48
1904 11 17
1905 13 8
1906 12 8
1907 36 32
1908 12 17
1909 20 14
1910 13 8
1911 30 47
1912 11 17
1913 30 48
1914 12 17
1915 30 47
1916 12 8
1917 13 8
1918 30 48
1919 21 14
1920 12 8
1921 36 31
1922 20 14
1923 36 32
1924 36 31
1925 11 17
1926 30 47
1927 21 14
1928 20 14
1929 12 17
1930 30 48
1931 21 14
1932 11 17
1933 20 14
1934 13 8
1935 12 8
1936 12 17
1937 11 17
1938 36 32
1939 30 47
1940 21 14
1941 20 14
1942 13 8
1943 21 14
1944 12 17
1945 20 14
1946 36 31
1947 30 48
1948 30 47
1949 30 48
1950 11 17
1951 21 14
1952 30 47
1953 12 17
1954 36 32
1955 12 8
1956 30 48
1957 13 8
1958 36 31
1959 36 32
1960 36 31
1961 20 14
1962 36 32
1963 11 17
1964 36 31
1965 12 8
1966 13 8
1967 30 47
1968 12 17
1969 21 14
1970 30 48
1971 20 14
1972 21 14
1973 30 47
1974 20 14
1975 11 17
1976 12 17
1977 11 17
1978 36 32
1979 12 17
1980 36 31
1981 21 14
1982 30 48
1983 30 47
1984 36 32
1985 36 31
1986 20 14
1987 30 48
1988 21 14
1989 12 8
1990 20 14
1991 11 17
1992 36 32
1993 12 17
1994 11 17
1995 36 31
1996 30 47
1997 13 8
1998 21 14
1999 12 8
2000 30 48
2001 12 17
2002 20 14
2003 13 8
2004 36 32
2005 36 31
2006 11 17
2007 30 47
2008 12 17
2009 36 32
2010 36 31
2011 21 14
2012 11 17
2013 12 17
2014 30 48
2015 12 8
2016 20 14
2017 11 17
2018 21 14
2019 30 47
2020 30 48
2021 30 47
2022 20 14
2023 36 32
2024 12 17
2025 11 17
2026 30 48
2027 30 47
2028 12 17
2029 21 14
2030 36 31
2031 30 48
2032 36 32
2033 30 47
2034 20 14
2035 21 14
2036 13 8
2037 20 14
2038 12 8
2039 13 8
2040 36 31
2041 21 14
2042 11 17
2043 12 17
2044 12 8
2045 36 32
2046 36 31
2047 30 48
2048 11 17
2049 36 32
2050 12 17
2051 36 31
2052 36 32
2053 13 8
2054 30 47
2055 36 31
2056 20 14
2057 36 32
2058 12 8
2059 13 8
2060 36 31
2061 21 14
2062 12 8
2063 13 8
2064 36 32
2065 11 17
2066 12 17
2067 36 31
2068 11 17
2069 12 17
2070 11 17
2071 30 48
2072 20 14
2073 12 17
2074 21 14
2075 12 8
2076 20 14
2077 30 47
2078 11 17
2079 13 8
2080 12 8
2081 13 8
2082 12 17
2083 11 17
2084 36 32
2085 36 31
2086 30 48
2087 36 32
2088 21 14
2089 36 31
2090 12 17
2091 30 47
2092 11 17
2093 36 32
2094 20 14
2095 12 17
2096 11 17
2097 12 17
2098 21 14
2099 12 8
2100 36 31
2101 36 32
2102 20 14
2103 36 31
2104 21 14
2105 30 48
2106 36 32
2107 36 31
2108 20 14
2109 36 32
2110 11 17
2111 36 31
2112 30 47
2113 30 48
2114 30 47
2115 36 32
2116 12 17
2117 36 31
2118 13 8
2119 21 14
2120 20 14
2121 21 14
2122 20 14
2123 12 8
2124 36 32
2125 30 48
2126 13 8
2127 30 47
2128 36 31
2129 36 32
2130 21 14
2131 30 48
2132 30 47
2133 36 31
2134 36 32
2135 30 48
2136 12 8
2137 20 14
2138 30 47
2139 36 31
2140 11 17
2141 13 8
2142 30 48
2143 12 8
2144 13 8
2145 30 47
2146 36 32
2147 21 14
2148 30 48
2149 20 14
2150 30 47
2151 12 8
2152 36 31
2153 30 48
2154 30 47
2155 21 14
2156 36 32
2157 12 17
2158 30 48
2159 13 8
2160 20 14
2161 21 14
2162 12 8
2163 11 17
2164 20 14
2165 21 14
2166 30 47
2167 20 14
2168 36 31
2169 30 48
2170 13 8
2171 30 47
2172 36 32
2173 12 8
2174 21 14
2175 30 48
2176 36 31
2177 36 32
2178 13 8
2179 12 8
2180 12 17
2181 36 31
2182 20 14
2183 11 17
2184 12 17
2185 36 32
2186 30 47
2187 36 31
2188 21 14
2189 20 14
2190 36 32
2191 30 48
2192 21 14
2193 30 47
2194 30 48
2195 30 47
2196 30 48
2197 13 8
2198 12 8
2199 30 47
2200 36 31
2201 20 14
2202 11 17
2203 12 17
2204 21 14
2205 30 48
2206 30 47
2207 36 32
2208 36 31
2209 30 48
2210 13 8
2211 36 32
2212 11 17
2213 20 14
2214 12 17
2215 12 8
2216 30 47
2217 30 48
2218 36 31
2219 21 14
2220 11 17
2221 20 14
2222 36 32
2223 21 14
2224 12 17
2225 30 47
2226 36 31
2227 13 8
2228 12 8
2229 11 17
2230 20 14
2231 30 48
2232 21 14
2233 36 32
2234 20 14
2235 13 8
2236 12 8
2237 13 8
2238 21 14
2239 20 14
2240 12 17
2241 30 47
2242 21 14
2243 20 14
2244 36 31
2245 11 17
2246 30 48
2247 36 32
2248 36 31
2249 21 14
2250 36 32
2251 20 14
2252 12 8
2253 36 31
2254 36 32
2255 21 14
2256 20 14
2257 36 31
2258 21 14
2259 20 14
2260 12 17
2261 30 47
2262 11 17
2263 36 32
2264 21 14
2265 12 17
2266 36 31
2267 36 32
2268 36 31
2269 13 8
2270 36 32
2271 30 48
2272 12 8
2273 20 14
2274 13 8
2275 11 17
2276 21 14
2277 30 47
2278 20 14
2279 36 31
2280 21 14
2281 12 8
2282 13 8
2283 12 8
2284 13 8
2285 12 17
2286 11 17
2287 30 48
2288 30 47
2289 36 32
2290 20 14
2291 30 48
2292 30 47
2293 12 8
2294 30 48
2295 30 47
2296 13 8
2297 12 17
2298 21 14
2299 20 14
2300 11 17
2301 12 17
2302 30 48
2303 21 14
2304 36 31
2305 30 47
2306 36 32
2307 11 17
2308 36 31
2309 20 14
2310 12 17
2311 36 32
2312 36 31
2313 30 48
2314 11 17
2315 12 17
2316 12 8
2317 11 17
2318 12 17
2319 11 17
2320 30 47
2321 30 48
2322 30 47
2323 36 32
2324 21 14
2325 13 8
2326 12 8
2327 12 17
2328 36 31
2329 20 14
2330 21 14
2331 11 17
2332 36 32
2333 20 14
2334 36 31
2335 13 8
2336 36 32
2337 12 17
2338 36 31
2339 11 17
2340 30 48
2341 12 17
2342 21 14
2343 11 17
2344 12 8
2345 13 8
2346 12 8
2347 36 32
2348 12 17
2349 20 14
2350 13 8
2351 36 31
2352 12 8
2353 36 32
2354 30 47
2355 21 14
2356 36 31
2357 30 48
2358 30 47
2359 13 8
2360 20 14
2361 12 8
2362 36 32
2363 36 31
2364 21 14
2365 36 32
2366 11 17
2367 13 8
2368 30 48
2369 30 47
2370 20 14
2371 12 17
2372 12 8
2373 13 8
2374 12 8
2375 30 48
2376 13 8
2377 12 8
2378 11 17
2379 13 8
2380 21 14
2381 36 31
2382 36 32
2383 20 14
2384 21 14
2385 30 47
2386 12 8
2387 30 48
2388 30 47
2389 13 8
2390 36 31
2391 12 17
2392 11 17
2393 12 17
2394 11 17
2395 30 48
2396 36 32
2397 30 47
2398 12 17
2399 20 14
2400 12 8
2401 11 17
2402 36 31
2403 36 32
2404 30 48
2405 21 14
2406 13 8
2407 12 8
2408 20 14
2409 12 17
2410 36 31
2411 36 32
2412 21 14
2413 30 47
2414 30 48
2415 20 14
2416 11 17
2417 21 14
2418 13 8
2419 12 8
2420 30 47
2421 20 14
2422 13 8
2423 36 31
2424 12 8
2425 36 32
2426 36 31
2427 21 14
2428 13 8
2429 12 17
2430 30 48
2431 30 47
2432 11 17
2433 12 17
2434 30 48
2435 30 47
2436 30 48
2437 30 47
2438 11 17
2439 36 32
2440 20 14
2441 12 8
2442 12 17
2443 36 31
2444 36 32
2445 36 31
2446 21 14
2447 36 32
2448 13 8
2449 20 14
2450 11 17
2451 12 17
2452 11 17
2453 12 8
2454 13 8
2455 21 14
2456 12 8
2457 13 8
2458 20 14
2459 36 31
2460 12 8
2461 21 14
2462 30 48
2463 30 47
2464 13 8
2465 12 17
2466 12 8
2467 36 32
2468 20 14
2469 11 17
2470 12 17
2471 36 31
2472 36 32
2473 13 8
2474 30 48
2475 21 14
2476 30 47
2477 36 31
2478 36 32
2479 36 31
2480 36 32
2481 12 8
2482 30 48
2483 13 8
2484 36 31
2485 36 32
2486 36 31
2487 36 32
2488 30 47
2489 11 17
2490 12 8
2491 13 8
2492 20 14
2493 36 31
2494 21 14
2495 12 17
2496 12 8
2497 20 14
2498 21 14
2499 36 32
2500 20 14
2501 36 31
2502 36 32
2503 30 48
2504 30 47
2505 30 48
2506 11 17
2507 12 17
2508 30 47
2509 30 48
2510 30 47
2511 36 31
2512 11 17
2513 21 14
2514 30 48
2515 30 47
2516 12 17
2517 36 32
2518 20 14
2519 13 8
2520 11 17
2521 36 31
2522 21 14
2523 20 14
2524 12 17
2525 12 8
2526 36 32
2527 13 8
2528 11 17
2529 12 8
2530 12 17
2531 11 17
2532 30 48
2533 30 47
2534 13 8
2535 21 14
2536 36 31
2537 12 17
2538 12 8
2539 36 32
2540 13 8
2541 30 48
2542 11 17
2543 12 17
2544 12 8
2545 20 14
2546 11 17
2547 12 17
2548 21 14
2549 13 8
2550 36 31
2551 20 14
2552 36 32
2553 30 47
2554 21 14
2555 12 8
2556 36 31
2557 36 32
2558 36 31
2559 20 14
2560 30 48
2561 13 8
2562 12 8
2563 30 47
2564 11 17
2565 30 48
2566 12 17
2567 30 47
2568 11 17
2569 13 8
2570 21 14
2571 20 14
2572 36 32
2573 36 31
2574 36 32
2575 30 48
2576 12 17
2577 36 31
2578 11 17
2579 12 8
2580 21 14
2581 12 17
2582 30 47
2583 11 17
2584 20 14
2585 36 32
2586 30 48
2587 13 8
2588 21 14
2589 20 14
2590 36 31
2591 12 8
2592 30 47
2593 30 48
2594 36 32
2595 12 17
2596 11 17
2597 36 31
2598 36 32
2599 36 31
2600 12 17
2601 36 32
2602 11 17
2603 36 31
2604 21 14
2605 12 17
2606 36 32
2607 36 31
2608 20 14
2609 11 17
2610 30 47
2611 13 8
2612 12 17
2613 21 14
2614 36 32
2615 12 8
2616 30 48
2617 36 31
2618 36 32
2619 36 31
2620 36 32
2621 20 14
2622 36 31
2623 36 32
2624 11 17
2625 30 47
2626 36 31
2627 21 14
2628 36 32
2629 20 14
2630 13 8
2631 36 31
2632 12 8
2633 30 48
2634 21 14
2635 20 14
2636 36 32
2637 21 14
2638 13 8
2639 30 47
2640 12 17
2641 36 31
2642 30 48
2643 30 47
2644 11 17
2645 12 17
2646 36 32
2647 11 17
2648 20 14
2649 30 48
2650 30 47
2651 21 14
2652 20 14
2653 36 31
2654 12 8
2655 30 48
2656 13 8
2657 36 32
2658 12 17
2659 36 31
2660 11 17
2661 21 14
2662 36 32
2663 12 17
2664 36 31
2665 30 47
2666 20 14
2667 11 17
2668 30 48
2669 12 17
2670 30 47
2671 36 32
2672 30 48
2673 11 17
2674 36 31
2675 30 47
2676 21 14
2677 20 14
2678 12 17
2679 21 14
2680 11 17
2681 20 14
2682 12 17
2683 21 14
2684 36 32
2685 30 48
2686 36 31
2687 11 17
2688 20 14
2689 12 17
2690 11 17
2691 30 47
2692 12 17
2693 12 8
2694 13 8
2695 30 48
2696 11 17
2697 12 17
2698 21 14
2699 30 47
2700 36 32
2701 20 14
2702 36 31
2703 30 48
2704 21 14
2705 36 32
2706 11 17
2707 36 31
2708 12 8
2709 12 17
2710 20 14
2711 36 32
2712 36 31
2713 36 32
2714 30 47
2715 11 17
2716 21 14
2717 20 14
2718 13 8
2719 30 48
2720 30 47
2721 12 17
2722 11 17
2723 30 48
2724 12 8
2725 36 31
2726 13 8
2727 12 17
2728 36 32
2729 30 47
2730 30 48
2731 11 17
2732 36 31
2733 12 8
2734 12 17
2735 13 8
2736 30 47
2737 30 48
2738 36 32
2739 30 47
2740 12 8
2741 13 8
2742 36 31
2743 30 48
2744 21 14
2745 36 32
2746 30 47
2747 30 48
2748 20 14
2749 36 31
2750 11 17
2751 21 14
2752 30 47
2753 20 14
2754 21 14
2755 20 14
2756 30 48
2757 12 8
2758 13 8
2759 30 47
2760 30 48
2761 36 32
2762 12 17
2763 36 31
2764 21 14
2765 20 14
2766 21 14
2767 30 47
2768 12 8
2769 30 48
2770 20 14
2771 11 17
2772 13 8
2773 21 14
2774 36 32
2775 12 17
2776 11 17
2777 20 14
2778 21 14
2779 36 31
2780 12 17
2781 11 17
2782 20 14
2783 30 47
2784 12 8
2785 13 8
2786 12 8
2787 12 17
2788 21 14
2789 20 14
2790 30 48
2791 21 14
2792 11 17
2793 20 14
2794 30 47
2795 21 14
2796 13 8
2797 36 32
2798 30 48
2799 20 14
2800 36 31
2801 36 32
2802 21 14
2803 30 47
2804 12 8
2805 20 14
2806 36 31
2807 12 17
2808 36 32
2809 13 8
2810 36 31
2811 12 8
2812 36 32
2813 11 17
2814 13 8
2815 12 8
2816 13 8
2817 12 17
2818 21 14
2819 12 8
2820 11 17
2821 36 31
2822 30 48
2823 13 8
2824 12 17
2825 20 14
2826 21 14
2827 20 14
2828 12 8
2829 30 47
2830 36 32
2831 30 48
2832 11 17
2833 36 31
2834 21 14
2835 30 47
2836 36 32
2837 13 8
2838 12 8
2839 36 31
2840 13 8
2841 30 48
2842 12 8
2843 30 47
2844 30 48
2845 36 32
2846 13 8
2847 36 31
2848 20 14
2849 36 32
2850 21 14
2851 20 14
2852 30 47
2853 30 48
2854 36 31
2855 30 47
2856 21 14
2857 20 14
2858 36 32
2859 12 17
2860 11 17
2861 12 17
2862 12 8
2863 30 48
2864 21 14
2865 20 14
2866 30 47
2867 36 31
2868 30 48
2869 11 17
2870 30 47
2871 13 8
2872 30 48
2873 12 17
2874 21 14
2875 11 17
2876 20 14
2877 36 32
2878 12 8
2879 36 31
2880 21 14
2881 12 17
2882 36 32
2883 30 47
2884 13 8
2885 12 8
2886 20 14
2887 11 17
2888 30 48
2889 36 31
2890 13 8
2891 30 47
2892 12 17
2893 11 17
2894 12 17
2895 30 48
2896 36 32
2897 11 17
2898 12 8
2899 12 17
2900 11 17
2901 36 31
2902 12 17
2903 11 17
2904 21 14
2905 13 8
2906 12 17
2907 20 14
2908 11 17
2909 12 8
2910 12 17
2911 11 17
2912 36 32
2913 36 31
2914 21 14
2915 12 17
2916 30 47
2917 30 48
2918 30 47
2919 11 17
2920 12 17
2921 13 8
2922 12 8
2923 20 14
2924 11 17
2925 21 14
2926 20 14
2927 30 48
2928 36 32
2929 13 8
2930 12 17
2931 36 31
2932 21 14
2933 36 32
2934 11 17
2935 36 31
2936 30 47
2937 12 17
2938 11 17
2939 30 48
2940 36 32
2941 36 31
2942 12 17
2943 11 17
2944 30 47
2945 20 14
2946 30 48
2947 36 32
2948 36 31
2949 12 17
2950 12 8
2951 11 17
2952 13 8
2953 12 17
2954 11 17
2955 36 32
2956 30 47
2957 21 14
2958 20 14
2959 12 17
2960 11 17
2961 12 8
2962 36 31
2963 12 17
2964 11 17
2965 13 8
2966 12 8
2967 21 14
2968 12 17
2969 20 14
2970 36 32
2971 11 17
2972 36 31
2973 21 14
2974 12 17
2975 36 32
2976 30 48
2977 36 31
2978 36 32
2979 20 14
2980 11 17
2981 13 8
2982 30 47
2983 36 31
2984 12 8
2985 12 17
2986 13 8
2987 21 14
2988 20 14
2989 21 14
2990 20 14
2991 30 48
2992 11 17
2993 12 17
2994 11 17
2995 36 32
2996 30 47
2997 21 14
2998 36 31
2999 30 48
3000 20 14
3001 30 47
3002 12 8
3003 12 17
3004 36 32
3005 21 14
3006 13 8
3007 30 48
3008 12 8
3009 20 14
3010 30 47
3011 21 14
3012 13 8
3013 11 17
3014 12 17
3015 36 31
3016 12 8
3017 30 48
3018 36 32
3019 30 47
3020 30 48
3021 20 14
3022 36 31
3023 30 47
3024 11 17
3025 21 14
3026 36 32
3027 12 17
3028 11 17
3029 36 31
3030 36 32
3031 20 14
3032 30 48
3033 12 17
3034 13 8
3035 21 14
3036 36 31
3037 36 32
3038 11 17
3039 12 8
3040 20 14
3041 30 47
3042 36 31
3043 30 48
3044 36 32
3045 36 31
3046 30 47
3047 36 32
3048 13 8
3049 21 14
3050 36 31
3051 12 8
3052 13 8
3053 20 14
3054 21 14
3055 30 48
3056 36 32
3057 30 47
3058 20 14
3059 12 17
3060 36 31
3061 30 48
3062 11 17
3063 21 14
3064 12 8
3065 20 14
3066 12 17
3067 11 17
3068 13 8
3069 12 17
3070 36 32
3071 11 17
3072 12 8
3073 12 17
3074 21 14
3075 30 47
3076 36 31
3077 13 8
3078 36 32
3079 36 31
3080 12 8
3081 20 14
3082 21 14
3083 36 32
3084 30 48
3085 11 17
3086 12 17
3087 20 14
3088 11 17
3089 21 14
3090 30 47
3091 12 17
3092 36 31
3093 20 14
3094 21 14
3095 13 8
3096 20 14
3097 11 17
3098 36 32
3099 30 48
3100 12 8
3101 36 31
3102 30 47
3103 12 17
3104 11 17
3105 30 48
3106 13 8
3107 36 32
3108 21 14
3109 20 14
3110 12 8
3111 21 14
3112 20 14
3113 30 47
3114 12 17
3115 36 31
3116 30 48
3117 30 47
3118 13 8
3119 36 32
3120 36 31
3121 11 17
3122 12 8
3123 12 17
3124 30 48
3125 11 17
3126 21 14
3127 13 8
3128 36 32
3129 20 14
3130 12 8
3131 13 8
3132 36 31
3133 21 14
3134 36 32
3135 20 14
3136 30 47
3137 12 8
3138 36 31
3139 36 32
3140 12 17
3141 21 14
3142 11 17
3143 36 31
3144 36 32
3145 36 31
3146 30 48
3147 20 14
3148 12 17
3149 13 8
3150 30 47
3151 11 17
3152 12 8
3153 30 48
3154 36 32
3155 13 8
3156 12 8
3157 30 47
3158 13 8
3159 21 14
3160 30 48
3161 20 14
3162 36 31
3163 30 47
3164 36 32
3165 12 17
3166 12 8
3167 36 31
3168 13 8
3169 36 32
3170 30 48
3171 11 17
3172 36 31
3173 30 47
3174 12 8
3175 30 48
3176 21 14
3177 12 17
3178 36 32
3179 11 17
3180 36 31
3181 12 17
3182 13 8
3183 20 14
3184 12 8
3185 11 17
3186 30 47
3187 13 8
3188 21 14
3189 12 8
3190 36 32
3191 13 8
3192 12 8
3193 20 14
3194 13 8
3195 12 17
3196 11 17
3197 21 14
3198 12 17
3199 36 31
3200 30 48
3201 30 47
3202 12 8
3203 30 48
3204 11 17
3205 30 47
3206 36 32
3207 20 14
3208 36 31
3209 13 8
3210 21 14
3211 30 48
3212 20 14
3213 12 17
3214 11 17
3215 12 8
3216 12 17
3217 11 17
3218 13 8
3219 36 32
3220 36 31
3221 12 8
3222 12 17
3223 30 47
3224 13 8
3225 21 14
3226 12 8
3227 36 32
3228 13 8
3229 11 17
3230 36 31
3231 12 8
3232 20 14
3233 36 32
3234 30 48
3235 12 17
3236 13 8
3237 30 47
3238 11 17
3239 30 48
3240 21 14
3241 30 47
3242 12 17
3243 20 14
3244 12 8
3245 13 8
3246 11 17
3247 12 8
3248 12 17
3249 13 8
3250 21 14
3251 20 14
3252 36 31
3253 12 8
3254 21 14
3255 36 32
3256 11 17
3257 12 17
3258 11 17
3259 30 48
3260 12 17
3261 11 17
3262 13 8
3263 20 14
3264 36 31
3265 12 8
3266 30 47
3267 36 32
3268 12 17
3269 11 17
3270 36 31
3271 36 32
3272 21 14
3273 12 17
3274 20 14
3275 11 17
3276 36 31
3277 13 8
3278 12 8
3279 36 32
3280 30 48
3281 13 8
3282 21 14
3283 30 47
3284 30 48
3285 20 14
3286 12 17
3287 21 14
3288 20 14
3289 11 17
3290 21 14
3291 30 47
3292 12 8
3293 30 48
3294 36 31
3295 30 47
3296 30 48
3297 20 14
3298 36 32
3299 36 31
3300 36 32
3301 36 31
3302 12 17
3303 11 17
3304 21 14
3305 12 17
3306 30 47
3307 30 48
3308 36 32
3309 13 8
3310 36 31
3311 11 17
3312 12 17
3313 30 47
3314 20 14
3315 36 32
3316 30 48
3317 21 14
3318 20 14
3319 21 14
3320 30 47
3321 30 48
3322 12 8
3323 11 17
3324 30 47
3325 12 17
3326 30 48
3327 30 47
3328 20 14
3329 21 14
3330 13 8
3331 12 8
3332 30 48
3333 11 17
3334 36 31
3335 36 32
3336 30 47
3337 36 31
3338 12 17
3339 30 48
3340 13 8
3341 12 8
3342 36 32
3343 36 31
3344 36 32
3345 11 17
3346 12 17
3347 30 47
3348 20 14
3349 21 14
3350 36 31
3351 20 14
3352 30 48
3353 13 8
3354 30 47
3355 36 32
3356 12 8
3357 13 8
3358 12 8
3359 21 14
3360 11 17
3361 36 31
3362 36 32
3363 30 48
3364 12 17
3365 36 31
3366 11 17
3367 12 17
3368 30 47
3369 13 8
3370 36 32
3371 11 17
3372 20 14
3373 30 48
3374 30 47
3375 36 31
3376 30 48
3377 12 17
3378 11 17
3379 12 17
3380 36 32
3381 21 14
3382 30 47
3383 36 31
3384 11 17
3385 36 32
3386 30 48
3387 30 47
3388 12 8
3389 36 31
3390 20 14
3391 30 48
3392 13 8
3393 12 17
3394 30 47
3395 12 8
3396 13 8
3397 12 8
3398 30 48
3399 30 47
3400 13 8
3401 12 8
3402 11 17
3403 12 17
3404 13 8
3405 12 8
3406 30 48
3407 30 47
3408 36 32
3409 36 31
3410 30 48
3411 13 8
3412 21 14
3413 36 32
3414 11 17
3415 12 8
3416 12 17
3417 36 31
3418 36 32
3419 20 14
3420 13 8
3421 11 17
3422 12 8
3423 12 17
3424 30 47
3425 36 31
3426 36 32
3427 11 17
3428 30 48
3429 21 14
3430 36 31
3431 13 8
3432 20 14
3433 12 17
3434 36 32
3435 12 8
3436 13 8
3437 36 31
3438 11 17
3439 21 14
3440 30 47
3441 12 8
3442 12 17
3443 13 8
3444 20 14
3445 11 17
3446 12 17
3447 21 14
3448 20 14
3449 12 8
3450 21 14
3451 11 17
3452 20 14
3453 12 17
3454 30 48
3455 21 14
3456 11 17
3457 13 8
3458 20 14
3459 12 17
3460 11 17
3461 21 14
3462 12 17
3463 12 8
3464 30 47
3465 11 17
3466 13 8
3467 36 32
3468 12 8
3469 36 31
3470 30 48
3471 36 32
3472 30 47
3473 12 17
3474 30 48
3475 20 14
3476 11 17
3477 21 14
3478 12 17
3479 13 8
3480 11 17
3481 36 31
3482 12 8
3483 13 8
3484 36 32
3485 20 14
3486 12 8
3487 30 47
3488 13 8
3489 12 8
3490 21 14
3491 12 17
3492 11 17
3493 20 14
3494 12 17
3495 36 31
3496 36 32
3497 11 17
3498 13 8
3499 30 48
3500 30 47
3501 36 31
3502 36 32
3503 21 14
3504 12 17
3505 11 17
3506 20 14
3507 36 31
3508 12 8
3509 13 8
3510 36 32
3511 12 8
3512 12 17
3513 13 8
3514 12 8
3515 36 31
3516 11 17
3517 21 14
3518 13 8
3519 36 32
3520 12 8
3521 30 48
3522 20 14
3523 30 47
3524 36 31
3525 21 14
3526 13 8
3527 12 8
3528 36 32
3529 12 17
3530 36 31
3531 36 32
3532 13 8
3533 12 8
3534 30 48
3535 13 8
3536 20 14
3537 11 17
3538 30 47
3539 36 31
3540 12 17
3541 11 17
3542 12 17
3543 36 32
3544 36 31
3545 11 17
3546 12 8
3547 21 14
3548 36 32
3549 30 48
3550 36 31
3551 20 14
3552 12 17
3553 21 14
3554 13 8
3555 20 14
3556 21 14
3557 20 14
3558 36 32
3559 21 14
3560 36 31
3561 12 8
3562 30 47
3563 11 17
3564 36 32
3565 12 17
3566 20 14
3567 21 14
3568 30 48
3569 13 8
3570 11 17
3571 12 8
3572 36 31
3573 13 8
3574 12 17
3575 12 8
3576 13 8
3577 20 14
3578 36 32
3579 11 17
3580 30 47
3581 30 48
3582 30 47
3583 36 31
3584 12 8
3585 30 48
3586 12 17
3587 30 47
3588 30 48
3589 36 32
3590 30 47
3591 11 17
3592 12 17
3593 11 17
3594 13 8
3595 12 17
3596 30 48
3597 12 8
3598 36 31
3599 11 17
3600 12 17
3601 11 17
3602 12 17
3603 36 32
3604 36 31
3605 11 17
3606 30 47
3607 12 17
3608 13 8
3609 12 8
3610 13 8
3611 36 32
3612 30 48
3613 11 17
3614 12 17
3615 30 47
3616 21 14
3617 11 17
3618 12 17
3619 36 31
3620 12 8
3621 30 48
3622 20 14
3623 36 32
3624 36 31
3625 13 8
3626 12 8
3627 11 17
3628 36 32
3629 12 17
3630 11 17
3631 12 17
3632 11 17
3633 13 8
3634 30 47
3635 36 31
3636 21 14
3637 30 48
3638 12 8
3639 12 17
3640 30 47
3641 20 14
3642 30 48
3643 11 17
3644 13 8
3645 36 32
3646 21 14
3647 12 17
3648 36 31
3649 12 8
3650 30 47
3651 11 17
3652 36 32
3653 36 31
3654 12 17
3655 20 14
3656 30 48
3657 36 32
3658 30 47
3659 21 14
3660 20 14
3661 21 14
3662 30 48
3663 11 17
3664 36 31
3665 36 32
3666 30 47
3667 20 14
3668 30 48
3669 30 47
3670 30 48
3671 36 31
3672 13 8
3673 30 47
3674 12 8
3675 13 8
3676 36 32
3677 12 8
3678 30 48
3679 30 47
3680 21 14
3681 13 8
3682 36 31
3683 12 17
3684 12 8
3685 30 48
3686 36 32
3687 13 8
3688 12 8
3689 13 8
3690 36 31
3691 36 32
3692 11 17
3693 30 47
3694 20 14
3695 36 31
3696 36 32
3697 36 31
3698 30 48
3699 12 8
3700 21 14
3701 36 32
3702 20 14
3703 30 47
3704 12 17
3705 36 31
3706 11 17
3707 12 17
3708 30 48
3709 36 32
3710 21 14
3711 13 8
3712 20 14
3713 21 14
3714 30 47
3715 36 31
3716 20 14
3717 12 8
3718 11 17
3719 12 17
3720 30 48
3721 13 8
3722 36 32
3723 36 31
3724 11 17
3725 36 32
3726 30 47
3727 12 8
3728 21 14
3729 12 17
3730 20 14
3731 36 31
3732 36 32
3733 30 48
3734 13 8
3735 12 8
3736 21 14
3737 30 47
3738 11 17
3739 30 48
3740 20 14
3741 12 17
3742 36 31
3743 30 47
3744 36 32
3745 30 48
3746 11 17
3747 13 8
3748 30 47
3749 12 17
3750 36 31
3751 12 8
3752 21 14
3753 20 14
3754 21 14
3755 36 32
3756 36 31
3757 30 48
3758 13 8
3759 30 47
3760 30 48
3761 12 8
3762 36 32
3763 30 47
3764 36 31
3765 36 32
3766 20 14
3767 11 17
3768 21 14
3769 30 48
3770 30 47
3771 36 31
3772 20 14
3773 30 48
3774 12 17
3775 36 32
3776 36 31
3777 36 32
3778 11 17
3779 13 8
3780 12 17
3781 21 14
3782 12 8
3783 20 14
3784 13 8
3785 30 47
3786 21 14
3787 12 8
3788 20 14
3789 36 31
3790 36 32
3791 21 14
3792 36 31
3793 11 17
3794 20 14
3795 30 48
3796 12 17
3797 11 17
3798 36 32
3799 30 47
3800 36 31
3801 36 32
3802 36 31
3803 13 8
3804 21 14
3805 30 48
3806 30 47
3807 12 17
3808 11 17
3809 20 14
3810 36 32
3811 36 31
3812 12 17
3813 36 32
3814 36 31
3815 36 32
3816 11 17
3817 12 8
3818 13 8
3819 12 17
3820 36 31
3821 36 32
3822 30 48
3823 21 14
3824 20 14
3825 12 8
3826 11 17
3827 13 8
3828 12 8
3829 21 14
3830 13 8
3831 20 14
3832 12 8
3833 12 17
3834 11 17
3835 30 47
3836 36 31
3837 21 14
3838 12 17
3839 13 8
3840 12 8
3841 11 17
3842 13 8
3843 36 32
3844 20 14
3845 12 8
3846 36 31
3847 21 14
3848 13 8
3849 36 32
3850 30 48
3851 20 14
3852 12 8
3853 13 8
3854 21 14
3855 12 8
3856 12 17
3857 36 31
3858 30 47
3859 30 48
3860 13 8
3861 11 17
3862 30 47
3863 30 48
3864 12 17
3865 20 14
3866 12 8
3867 11 17
3868 36 32
3869 12 17
3870 30 47
3871 30 48
3872 21 14
3873 36 31
3874 20 14
3875 11 17
3876 21 14
3877 12 17
3878 36 32
3879 13 8
3880 36 31
3881 11 17
3882 12 17
3883 12 8
3884 13 8
3885 11 17
3886 36 32
3887 12 8
3888 30 47
3889 20 14
3890 12 17
3891 36 31
3892 11 17
3893 13 8
3894 36 32
3895 30 48
3896 30 47
3897 21 14
3898 12 8
3899 30 48
3900 20 14
3901 12 17
3902 13 8
3903 30 47
3904 21 14
3905 36 31
3906 12 8
3907 36 32
3908 13 8
3909 36 31
3910 20 14
3911 21 14
3912 20 14
3913 12 8
3914 21 14
3915 11 17
3916 36 32
3917 20 14
3918 30 48
3919 13 8
3920 12 17
3921 36 31
3922 36 32
3923 11 17
3924 36 31
3925 30 47
3926 12 8
3927 36 32
3928 21 14
3929 30 48
3930 12 17
3931 20 14
3932 30 47
3933 30 48
3934 13 8
3935 11 17
3936 12 8
3937 36 31
3938 36 32
3939 30 47
3940 21 14
3941 13 8
3942 12 8
3943 36 31
3944 13 8
3945 30 48
3946 36 32
3947 12 8
3948 12 17
3949 11 17
3950 30 47
3951 36 31
3952 12 17
3953 36 32
3954 11 17
3955 12 17
3956 20 14
3957 30 48
3958 36 31
3959 30 47
3960 21 14
3961 30 48
3962 11 17
3963 30 47
3964 13 8
3965 30 48
3966 12 17
3967 20 14
3968 12 8
3969 13 8
3970 21 14
3971 12 8
3972 20 14
3973 13 8
3974 21 14
3975 30 47
3976 30 48
3977 11 17
3978 12 17
3979 30 47
3980 36 32
3981 20 14
3982 21 14
3983 30 48
3984 20 14
3985 11 17
3986 12 8
3987 13 8
3988 21 14
3989 12 8
3990 20 14
3991 36 31
3992 30 47
3993 36 32
3994 12 17
3995 36 31
3996 11 17
3997 21 14
3998 30 48
3999 36 32
4000 13 8
4001 30 47
4002 20 14
4003 30 48
4004 12 17
4005 12 8
4006 36 31
4007 11 17
4008 30 47
4009 36 32
4010 21 14
4011 30 48
4012 12 17
4013 36 31
4014 36 32
4015 13 8
4016 30 47
4017 20 14
4018 12 8
4019 13 8
4020 30 48
4021 30 47
4022 36 31
4023 36 32
4024 30 48
4025 12 8
4026 30 47
4027 36 31
4028 11 17
4029 30 48
4030 36 32
4031 30 47
4032 13 8
4033 21 14
4034 12 8
4035 20 14
4036 30 48
4037 21 14
4038 20 14
4039 36 31
4040 30 47
4041 21 14
4042 36 32
4043 20 14
4044 12 17
4045 30 48
4046 21 14
4047 13 8
4048 12 8
4049 36 31
4050 13 8
4051 12 8
4052 20 14
4053 21 14
4054 36 32
4055 20 14
4056 13 8
4057 21 14
4058 30 47
4059 20 14
4060 11 17
4061 30 48
4062 30 47
4063 12 8
4064 36 31
4065 21 14
4066 36 32
4067 13 8
4068 12 17
4069 30 48
4070 20 14
4071 30 47
4072 12 8
4073 13 8
4074 12 8
4075 36 31
4076 21 14
4077 11 17
4078 13 8
4079 20 14
4080 36 32
4081 30 48
4082 12 8
4083 13 8
4084 36 31
4085 21 14
4086 20 14
4087 36 32
4088 12 8
4089 12 17
4090 21 14
4091 36 31
4092 20 14
4093 21 14
4094 36 32
4095 20 14
4096 30 47
4097 30 48
4098 21 14
4099 36 31
4100 13 8
4101 20 14
4102 11 17
4103 36 32
4104 12 8
4105 36 31
4106 36 32
4107 12 17
4108 11 17
4109 12 17
4110 21 14
4111 36 31
4112 11 17
4113 13 8
4114 12 17
4115 36 32
4116 30 47
4117 30 48
4118 11 17
4119 30 47
4120 30 48
4121 36 31
4122 20 14
4123 12 17
4124 21 14
4125 20 14
4126 11 17
4127 36 32
4128 36 31
4129 12 17
4130 12 8
4131 36 32
4132 36 31
4133 36 32
4134 36 31
4135 36 32
4136 11 17
4137 30 47
4138 12 17
4139 21 14
4140 30 48
4141 11 17
4142 36 31
4143 20 14
4144 21 14
4145 30 47
4146 12 17
4147 36 32
4148 20 14
4149 13 8
4150 11 17
4151 12 8
4152 13 8
4153 21 14
4154 30 48
4155 12 17
4156 30 47
4157 36 31
4158 36 32
4159 36 31
4160 30 48
4161 11 17
4162 12 17
4163 12 8
4164 30 47
4165 11 17
4166 20 14
4167 12 17
4168 21 14
4169 20 14
4170 21 14
4171 36 32
4172 11 17
4173 13 8
4174 30 48
4175 36 31
4176 20 14
4177 12 17
4178 36 32
4179 36 31
4180 11 17
4181 36 32
4182 30 47
4183 12 8
4184 12 17
4185 11 17
4186 36 31
4187 36 32
4188 13 8
4189 12 17
4190 30 48
4191 21 14
4192 11 17
4193 12 17
4194 11 17
4195 12 8
4196 13 8
4197 12 17
4198 20 14
4199 36 31
4200 36 32
4201 36 31
4202 36 32
4203 30 47
4204 11 17
4205 36 31
4206 12 8
4207 30 48
4208 13 8
4209 30 47
4210 36 32
4211 30 48
4212 36 31
4213 30 47
4214 12 8
4215 13 8
4216 12 17
4217 11 17
4218 21 14
4219 36 32
4220 36 31
4221 30 48
4222 30 47
4223 36 32
4224 36 31
4225 20 14
4226 12 8
4227 36 32
4228 12 17
4229 21 14
4230 20 14
4231 21 14
4232 13 8
4233 36 31
4234 12 8
4235 13 8
4236 30 48
4237 11 17
4238 36 32
4239 20 14
4240 21 14
4241 30 47
4242 12 8
4243 12 17
4244 36 31
4245 13 8
4246 11 17
4247 30 48
4248 20 14
4249 12 8
4250 21 14
4251 12 17
4252 13 8
4253 36 32
4254 20 14
4255 21 14
4256 30 47
4257 36 31
4258 12 8
4259 11 17
4260 13 8
4261 20 14
4262 12 17
4263 11 17
4264 21 14
4265 12 17
4266 11 17
4267 20 14
4268 12 8
4269 12 17
4270 11 17
4271 21 14
4272 13 8
4273 12 8
4274 20 14
4275 30 48
4276 21 14
4277 30 47
4278 12 17
4279 30 48
4280 13 8
4281 12 8
4282 11 17
4283 20 14
4284 30 47
4285 21 14
4286 20 14
4287 13 8
4288 21 14
4289 20 14
4290 36 32
4291 12 8
4292 30 48
4293 13 8
4294 30 47
4295 21 14
4296 20 14
4297 21 14
4298 12 8
4299 20 14
4300 12 17
4301 36 31
4302 13 8
4303 11 17
4304 12 8
4305 36 32
4306 36 31
4307 30 48
4308 30 47
4309 36 32
4310 36 31
4311 30 48
4312 30 47
4313 21 14
4314 20 14
4315 13 8
4316 21 14
4317 12 8
4318 12 17
4319 36 32
4320 36 31
4321 30 48
4322 13 8
4323 12 8
4324 20 14
4325 13 8
4326 11 17
4327 12 17
4328 30 47
4329 12 8
4330 36 32
4331 36 31
4332 11 17
4333 30 48
4334 30 47
4335 30 48
4336 12 17
4337 21 14
4338 13 8
4339 30 47
4340 20 14
4341 12 8
4342 30 48
4343 30 47
4344 21 14
4345 36 32
4346 11 17
4347 20 14
4348 21 14
4349 12 17
4350 20 14
4351 13 8
4352 11 17
4353 30 48
4354 36 31
4355 12 8
4356 13 8
4357 21 14
4358 12 17
4359 12 8
4360 11 17
4361 12 17
4362 13 8
4363 11 17
4364 12 8
4365 20 14
4366 21 14
4367 20 14
4368 12 17
4369 21 14
4370 30 47
4371 36 32
4372 20 14
4373 36 31
4374 36 32
4375 21 14
4376 30 48
4377 11 17
4378 36 31
4379 12 17
4380 36 32
4381 13 8
4382 20 14
4383 21 14
4384 20 14
4385 36 31
4386 21 14
4387 11 17
4388 12 8
4389 36 32
4390 20 14
4391 12 17
4392 13 8
4393 21 14
4394 12 8
4395 13 8
4396 36 31
4397 12 8
4398 20 14
4399 30 47
4400 11 17
4401 36 32
4402 30 48
4403 21 14
4404 36 31
4405 36 32
4406 20 14
4407 36 31
4408 30 47
4409 30 48
4410 13 8
4411 30 47
4412 12 8
4413 13 8
4414 21 14
4415 30 48
4416 36 32
4417 36 31
4418 20 14
4419 30 47
4420 12 17
4421 11 17
4422 12 17
4423 12 8
4424 30 48
4425 11 17
4426 36 32
4427 36 31
4428 36 32
4429 12 17
4430 36 31
4431 11 17
4432 30 47
4433 13 8
4434 36 32
4435 12 17
4436 12 8
4437 36 31
4438 36 32
4439 11 17
4440 36 31
4441 36 32
4442 30 48
4443 12 17
4444 36 31
4445 11 17
4446 30 47
4447 30 48
4448 30 47
4449 30 48
4450 30 47
4451 30 48
4452 21 14
4453 12 17
4454 36 32
4455 11 17
4456 30 47
4457 13 8
4458 20 14
4459 12 17
4460 21 14
4461 20 14
4462 11 17
4463 12 8
4464 13 8
4465 12 8
4466 12 17
4467 30 48
4468 36 31
4469 30 47
4470 13 8
4471 11 17
4472 12 8
4473 30 48
4474 36 32
4475 12 17
4476 13 8
4477 36 31
4478 11 17
4479 12 8
4480 21 14
4481 12 17
4482 11 17
4483 20 14
4484 21 14
4485 20 14
4486 12 17
4487 36 32
4488 11 17
4489 36 31
4490 13 8
4491 21 14
4492 30 47
4493 36 32
4494 30 48
4495 12 8
4496 30 47
4497 36 31
4498 36 32
4499 36 31
4500 36 32
4501 13 8
4502 36 31
4503 12 8
4504 30 48
4505 12 17
4506 20 14
4507 11 17
4508 36 32
4509 13 8
4510 12 8
4511 13 8
4512 36 31
4513 21 14
4514 20 14
4515 12 8
4516 30 47
4517 13 8
4518 12 17
4519 21 14
4520 36 32
4521 11 17
4522 12 8
4523 30 48
4524 13 8
4525 36 31
4526 36 32
4527 12 17
4528 20 14
4529 36 31
4530 12 8
4531 36 32
4532 21 14
4533 30 47
4534 36 31
4535 20 14
4536 11 17
4537 12 17
4538 36 32
4539 21 14
4540 13 8
4541 36 31
4542 36 32
4543 20 14
4544 30 48
4545 11 17
4546 30 47
4547 30 48
4548 36 31
4549 12 17
4550 11 17
4551 36 32
4552 36 31
4553 30 47
4554 12 17
4555 21 14
4556 20 14
4557 21 14
4558 36 32
4559 36 31
4560 11 17
4561 20 14
4562 21 14
4563 12 8
4564 36 32
4565 36 31
4566 13 8
4567 20 14
4568 21 14
4569 20 14
4570 36 32
4571 21 14
4572 30 48
4573 12 17
4574 20 14
4575 30 47
4576 12 8
4577 21 14
4578 20 14
4579 11 17
4580 12 17
4581 13 8
4582 12 8
4583 13 8
4584 30 48
4585 36 31
4586 11 17
4587 30 47
4588 12 8
4589 13 8
4590 21 14
4591 36 32
4592 12 17
4593 36 31
4594 12 8
4595 11 17
4596 36 32
4597 36 31
4598 20 14
4599 30 48
4600 30 47
4601 13 8
4602 12 17
4603 12 8
4604 11 17
4605 30 48
4606 13 8
4607 36 32
4608 21 14
4609 12 8
4610 20 14
4611 30 47
4612 13 8
4613 36 31
4614 36 32
4615 12 8
4616 12 17
4617 13 8
4618 12 8
4619 21 14
4620 20 14
4621 30 48
4622 21 14
4623 13 8
4624 36 31
4625 12 8
4626 13 8
4627 36 32
4628 30 47
4629 20 14
4630 36 31
4631 12 8
4632 13 8
4633 21 14
4634 20 14
4635 21 14
4636 36 32
4637 36 31
4638 12 8
4639 11 17
4640 30 48
4641 13 8
4642 36 32
4643 20 14
4644 12 8
4645 36 31
4646 12 17
4647 11 17
4648 12 17
4649 30 47
4650 30 48
4651 21 14
4652 36 32
4653 36 31
4654 30 47
4655 11 17
4656 36 32
4657 20 14
4658 36 31
4659 12 17
4660 36 32
4661 13 8
4662 12 8
4663 30 48
4664 36 31
4665 36 32
4666 36 31
4667 30 47
4668 13 8
4669 12 8
4670 11 17
4671 12 17
4672 11 17
4673 12 17
4674 11 17
4675 36 32
4676 30 48
4677 36 31
4678 21 14
4679 20 14
4680 36 32
4681 21 14
4682 13 8
4683 12 17
4684 30 47
4685 36 31
4686 20 14
4687 30 48
4688 36 32
4689 12 8
4690 21 14
4691 11 17
4692 30 47
4693 13 8
4694 12 17
4695 20 14
4696 12 8
4697 21 14
4698 30 48
4699 11 17
4700 12 17
4701 11 17
4702 13 8
4703 12 8
4704 30 47
4705 13 8
4706 20 14
4707 30 48
4708 30 47
4709 36 31
4710 36 32
4711 21 14
4712 30 48
4713 12 8
4714 13 8
4715 20 14
4716 12 17
4717 36 31
4718 11 17
4719 12 8
4720 21 14
4721 12 17
4722 13 8
4723 30 47
4724 20 14
4725 12 8
4726 13 8
4727 30 48
4728 36 32
4729 30 47
4730 11 17
4731 36 31
4732 12 17
4733 12 8
4734 30 48
4735 13 8
4736 36 32
4737 12 8
4738 21 14
4739 13 8
4740 30 47
4741 36 31
4742 36 32
4743 12 8
4744 30 48
4745 36 31
4746 13 8
4747 11 17
4748 12 8
4749 36 32
4750 20 14
4751 13 8
4752 30 47
4753 12 17
4754 21 14
4755 11 17
4756 12 17
4757 20 14
4758 36 31
4759 21 14
4760 12 8
4761 11 17
4762 30 48
4763 12 17
4764 11 17
4765 13 8
4766 12 17
4767 36 32
4768 20 14
4769 30 47
4770 11 17
4771 12 8
4772 36 31
4773 21 14
4774 13 8
4775 20 14
4776 30 48
4777 30 47
4778 12 17
4779 30 48
4780 12 8
4781 13 8
4782 36 32
4783 36 31
4784 36 32
4785 11 17
4786 21 14
4787 12 17
4788 30 47
4789 30 48
4790 20 14
4791 30 47
4792 11 17
4793 36 31
4794 36 32
4795 30 48
4796 30 47
4797 12 8
4798 12 17
4799 21 14
4800 36 31
4801 36 32
4802 11 17
4803 30 48
4804 36 31
4805 20 14
4806 13 8
4807 30 47
4808 30 48
4809 36 32
4810 21 14
4811 30 47
4812 36 31
4813 20 14
4814 12 8
4815 36 32
4816 36 31
4817 12 17
4818 11 17
4819 13 8
4820 12 8
4821 36 32
4822 36 31
4823 12 17
4824 13 8
4825 21 14
4826 36 32
4827 12 8
4828 13 8
4829 20 14
4830 30 48
4831 12 8
4832 30 47
4833 21 14
4834 36 31
4835 11 17
4836 20 14
4837 12 17
4838 13 8
4839 36 32
4840 36 31
4841 12 8
4842 30 48
4843 36 32
4844 30 47
4845 13 8
4846 11 17
4847 12 17
4848 30 48
4849 11 17
4850 36 31
4851 30 47
4852 12 17
4853 36 32
4854 12 8
4855 21 14
4856 30 48
4857 20 14
4858 36 31
4859 13 8
4860 36 32
4861 11 17
4862 36 31
4863 12 8
4864 13 8
4865 21 14
4866 20 14
4867 21 14
4868 20 14
4869 21 14
4870 30 47
4871 30 48
4872 20 14
4873 12 17
4874 36 32
4875 12 8
4876 21 14
4877 13 8
4878 36 31
4879 20 14
4880 36 32
4881 36 31
4882 21 14
4883 30 47
4884 36 32
4885 30 48
4886 20 14
4887 30 47
4888 12 8
4889 13 8
4890 36 31
4891 30 48
4892 21 14
4893 11 17
4894 30 47
4895 20 14
4896 21 14
4897 12 17
4898 20 14
4899 12 8
4900 21 14
4901 20 14
4902 30 48
4903 11 17
4904 30 47
4905 12 17
4906 13 8
4907 21 14
4908 20 14
4909 36 32
4910 11 17
4911 12 17
4912 36 31
4913 36 32
4914 12 8
4915 21 14
4916 36 31
4917 20 14
4918 13 8
4919 36 32
4920 21 14
4921 12 8
4922 30 48
4923 11 17
4924 20 14
4925 13 8
4926 12 17
4927 12 8
4928 13 8
4929 30 47
4930 21 14
4931 20 14
4932 12 8
4933 30 48
4934 13 8
4935 36 31
4936 11 17
4937 21 14
4938 30 47
4939 36 32
4940 12 8
4941 12 17
4942 30 48
4943 11 17
4944 12 17
4945 13 8
4946 12 8
4947 36 31
4948 20 14
4949 13 8
4950 21 14
4951 36 32
4952 12 8
4953 11 17
4954 12 17
4955 36 31
4956 20 14
4957 11 17
4958 21 14
4959 36 32
4960 12 17
4961 13 8
4962 12 8
4963 36 31
4964 11 17
4965 36 32
4966 30 47
4967 30 48
4968 30 47
4969 12 17
4970 11 17
4971 12 17
4972 36 31
4973 20 14
4974 30 48
4975 36 32
4976 13 8
4977 30 47
4978 11 17
4979 12 8
4980 30 48
4981 13 8
4982 12 8
4983 12 17
4984 21 14
4985 20 14
4986 36 31
4987 36 32
4988 21 14
4989 30 47
4990 20 14
4991 21 14
4992 13 8
4993 11 17
4994 36 31
4995 36 32
4996 20 14
4997 12 8
4998 30 48
4999 12 17
5000 36 31
5001 11 17
5002 13 8
5003 36 32
5004 12 8
5005 21 14
5006 13 8
5007 12 8
5008 12 17
5009 11 17
5010 12 17
5011 30 47
5012 11 17
5013 30 48
5014 30 47
5015 30 48
5016 13 8
5017 12 8
5018 20 14
5019 12 17
5020 11 17
5021 21 14
5022 13 8
5023 12 8
5024 30 47
5025 12 17
5026 11 17
5027 12 17
5028 36 31
5029 11 17
5030 13 8
5031 36 32
5032 12 17
5033 11 17
5034 36 31
5035 12 17
5036 30 48
5037 36 32
5038 20 14
5039 12 8
5040 11 17
5041 13 8
5042 36 31
5043 21 14
5044 30 47
5045 30 48
5046 20 14
5047 12 8
5048 21 14
5049 36 32
5050 12 17
5051 36 31
5052 36 32
5053 36 31
5054 11 17
5055 20 14
5056 13 8
5057 30 47
5058 12 17
5059 11 17
5060 21 14
5061 36 32
5062 12 8
5063 30 48
5064 36 31
5065 30 47
5066 36 32
5067 36 31
5068 30 48
5069 30 47
5070 30 48
5071 20 14
5072 13 8
5073 12 17
5074 30 47
5075 21 14
5076 11 17
5077 12 8
5078 30 48
5079 20 14
5080 13 8
5081 21 14
5082 20 14
5083 12 8
5084 30 47
5085 30 48
5086 21 14
5087 12 17
5088 11 17
5089 36 32
5090 12 17
5091 13 8
5092 20 14
5093 12 8
5094 13 8
5095 11 17
5096 36 31
5097 30 47
5098 30 48
5099 12 17
5100 11 17
5101 30 47
5102 36 32
5103 30 48
5104 36 31
5105 36 32
5106 36 31
5107 30 47
5108 12 17
5109 11 17
5110 12 8
5111 30 48
5112 30 47
5113 30 48
5114 30 47
5115 36 32
5116 12 17
5117 36 31
5118 11 17
5119 30 48
5120 30 47
5121 13 8
5122 21 14
5123 20 14
5124 36 32
5125 30 48
5126 30 47
5127 21 14
5128 12 8
5129 13 8
5130 12 17
5131 36 31
5132 12 8
5133 20 14
5134 21 14
5135 13 8
5136 30 48
5137 30 47
5138 20 14
5139 21 14
5140 20 14
5141 36 32
5142 11 17
5143 12 8
5144 13 8
5145 21 14
5146 12 8
5147 12 17
5148 30 48
5149 30 47
5150 11 17
5151 13 8
5152 12 8
5153 30 48
5154 36 31
5155 20 14
5156 21 14
5157 36 32
5158 12 17
5159 11 17
5160 12 17
5161 13 8
5162 36 31
5163 12 8
5164 20 14
5165 36 32
5166 13 8
5167 21 14
5168 30 47
5169 30 48
5170 36 31
5171 30 47
5172 11 17
5173 30 48
5174 36 32
5175 30 47
5176 20 14
5177 30 48
5178 21 14
5179 30 47
5180 12 17
5181 20 14
5182 21 14
5183 30 48
5184 30 47
5185 12 8
5186 11 17
5187 30 48
5188 20 14
5189 21 14
5190 12 17
5191 30 47
5192 13 8
5193 36 31
5194 30 48
5195 12 8
5196 13 8
5197 11 17
5198 36 32
5199 36 31
5200 12 8
5201 36 32
5202 36 31
5203 13 8
5204 12 17
5205 12 8
5206 36 32
5207 13 8
5208 20 14
5209 21 14
5210 36 31
5211 20 14
5212 21 14
5213 20 14
5214 30 47
5215 30 48
5216 11 17
5217 21 14
5218 36 32
5219 36 31
5220 12 17
5221 12 8
5222 30 47
5223 13 8
5224 36 32
5225 20 14
5226 30 48
5227 11 17
5228 21 14
5229 12 8
5230 20 14
5231 21 14
5232 12 17
5233 20 14
5234 36 31
5235 21 14
5236 20 14
5237 13 8
5238 21 14
5239 12 8
5240 11 17
5241 20 14
5242 36 32
5243 30 47
5244 36 31
5245 12 17
5246 21 14
5247 36 32
5248 20 14
5249 21 14
5250 36 31
5251 36 32
5252 20 14
5253 11 17
5254 36 31
5255 12 17
5256 11 17
5257 30 48
5258 30 47
5259 36 32
5260 12 17
5261 13 8
5262 30 48
5263 21 14
5264 20 14
5265 21 14
5266 36 31
5267 20 14
5268 12 8
5269 36 32
5270 13 8
5271 21 14
5272 36 31
5273 11 17
5274 36 32
5275 12 8
5276 13 8
5277 20 14
5278 12 17
5279 36 31
5280 12 8
5281 11 17
5282 36 32
5283 13 8
5284 36 31
5285 12 17
5286 21 14
5287 11 17
5288 30 47
5289 12 17
5290 30 48
5291 30 47
5292 30 48
5293 20 14
5294 21 14
5295 30 47
5296 12 8
5297 30 48
5298 20 14
5299 13 8
5300 36 32
5301 12 8
5302 36 31
5303 13 8
5304 11 17
5305 12 17
5306 11 17
5307 21 14
5308 12 8
5309 36 32
5310 30 47
5311 30 48
5312 30 47
5313 30 48
5314 20 14
5315 21 14
5316 36 31
5317 36 32
5318 13 8
5319 30 47
5320 20 14
5321 30 48
5322 12 17
5323 36 31
5324 30 47
5325 36 32
5326 36 31
5327 12 8
5328 13 8
5329 36 32
5330 12 8
5331 36 31
5332 21 14
5333 30 48
5334 20 14
5335 21 14
5336 30 47
5337 20 14
5338 36 32
5339 30 48
5340 11 17
5341 21 14
5342 30 47
5343 13 8
5344 36 31
5345 30 48
5346 36 32
5347 36 31
5348 20 14
5349 12 8
5350 21 14
5351 36 32
5352 36 31
5353 30 47
5354 12 17
5355 11 17
5356 30 48
5357 30 47
5358 20 14
5359 21 14
5360 36 32
5361 36 31
5362 36 32
5363 12 17
5364 11 17
5365 20 14
5366 12 17
5367 13 8
5368 36 31
5369 21 14
5370 36 32
5371 11 17
5372 20 14
5373 21 14
5374 20 14
5375 12 17
5376 36 31
5377 12 8
5378 13 8
5379 30 48
5380 30 47
5381 11 17
5382 12 8
5383 30 48
5384 21 14
5385 30 47
5386 12 17
5387 20 14
5388 30 48
5389 11 17
5390 36 32
5391 12 17
5392 13 8
5393 11 17
5394 30 47
5395 21 14
5396 36 31
5397 12 17
5398 11 17
5399 36 32
5400 20 14
5401 21 14
5402 30 48
5403 36 31
5404 12 17
5405 30 47
5406 12 8
5407 11 17
5408 20 14
5409 12 17
5410 36 32
5411 13 8
5412 21 14
5413 12 8
5414 30 48
5415 30 47
5416 11 17
5417 36 31
5418 20 14
5419 21 14
5420 13 8
5421 30 48
5422 30 47
5423 20 14
5424 21 14
5425 12 17
5426 36 32
5427 11 17
5428 30 48
5429 36 31
5430 12 17
5431 12 8
5432 11 17
5433 36 32
5434 30 47
5435 36 31
5436 13 8
5437 30 48
5438 12 17
5439 30 47
5440 11 17
5441 20 14
5442 36 32
5443 12 8
5444 13 8
5445 21 14
5446 36 31
5447 12 8
5448 20 14
5449 13 8
5450 30 48
5451 12 8
5452 30 47
5453 12 17
5454 11 17
5455 12 17
5456 11 17
5457 30 48
5458 21 14
5459 30 47
5460 36 32
5461 36 31
5462 36 32
5463 30 48
5464 36 31
5465 36 32
5466 20 14
5467 36 31
5468 13 8
5469 12 17
5470 12 8
5471 21 14
5472 36 32
5473 11 17
5474 13 8
5475 20 14
5476 30 47
5477 36 31
5478 21 14
5479 20 14
5480 21 14
5481 20 14
5482 21 14
5483 20 14
5484 12 17
5485 11 17
5486 30 48
5487 12 17
5488 30 47
5489 30 48
5490 12 8
5491 21 14
5492 11 17
5493 20 14
5494 30 47
5495 21 14
5496 36 32
5497 13 8
5498 36 31
5499 36 32
5500 12 17
5501 20 14
5502 12 8
5503 13 8
5504 36 31
5505 30 48
5506 11 17
5507 12 17
5508 21 14
5509 11 17
5510 12 17
5511 36 32
5512 11 17
5513 12 17
5514 36 31
5515 11 17
5516 12 8
5517 36 32
5518 12 17
5519 13 8
5520 36 31
5521 12 8
5522 36 32
5523 36 31
5524 36 32
5525 30 47
5526 36 31
5527 36 32
5528 36 31
5529 20 14
5530 21 14
5531 11 17
5532 36 32
5533 36 31
5534 20 14
5535 21 14
5536 20 14
5537 21 14
5538 13 8
5539 30 48
5540 12 17
5541 20 14
5542 21 14
5543 11 17
5544 30 47
5545 12 17
5546 11 17
5547 36 32
5548 12 8
5549 12 17
5550 11 17
5551 20 14
5552 30 48
5553 36 31
5554 13 8
5555 30 47
5556 30 48
5557 12 17
5558 11 17
5559 36 32
5560 36 31
5561 21 14
5562 36 32
5563 36 31
5564 30 47
5565 20 14
5566 30 48
5567 12 8
5568 36 32
5569 36 31
5570 13 8
5571 12 8
5572 21 14
5573 30 47
5574 30 48
5575 13 8
5576 36 32
5577 20 14
5578 21 14
5579 30 47
5580 12 8
5581 13 8
5582 36 31
5583 12 17
5584 12 8
5585 13 8
5586 36 32
5587 30 48
5588 36 31
5589 11 17
5590 36 32
5591 36 31
5592 36 32
5593 12 17
5594 30 47
5595 36 31
5596 12 8
5597 11 17
5598 13 8
5599 36 32
5600 20 14
5601 21 14
5602 20 14
5603 12 17
5604 21 14
5605 12 8
5606 13 8
5607 30 48
5608 11 17
5609 12 17
5610 36 31
5611 30 47
5612 11 17
5613 20 14
5614 12 17
5615 36 32
5616 11 17
5617 21 14
5618 12 8
5619 36 31
5620 20 14
5621 21 14
5622 36 32
5623 12 17
5624 30 48
5625 11 17
5626 12 17
5627 30 47
5628 13 8
5629 30 48
5630 30 47
5631 36 31
5632 20 14
5633 30 48
5634 11 17
5635 12 8
5636 21 14
5637 36 32
5638 36 31
5639 30 47
5640 36 32
5641 30 48
5642 36 31
5643 20 14
5644 12 17
5645 11 17
5646 12 17
5647 30 47
5648 36 32
5649 21 14
5650 13 8
5651 20 14
5652 30 48
5653 30 47
5654 12 8
5655 21 14
5656 20 14
5657 30 48
5658 13 8
5659 36 31
5660 21 14
5661 12 8
5662 20 14
5663 36 32
5664 21 14
5665 11 17
5666 12 17
5667 13 8
5668 36 31
5669 36 32
5670 36 31
5671 12 8
5672 20 14
5673 30 47
5674 36 32
5675 13 8
5676 11 17
5677 12 8
5678 13 8
5679 21 14
5680 20 14
5681 12 8
5682 21 14
5683 36 31
5684 20 14
5685 12 17
5686 13 8
5687 21 14
5688 12 8
5689 36 32
5690 11 17
5691 13 8
5692 36 31
5693 30 48
5694 36 32
5695 12 17
5696 20 14
5697 12 8
5698 36 31
5699 11 17
5700 13 8
5701 36 32
5702 21 14
5703 20 14
5704 36 31
5705 30 47
5706 12 17
5707 21 14
5708 12 8
5709 36 32
5710 11 17
5711 20 14
5712 12 17
5713 13 8
5714 12 8
5715 21 14
5716 20 14
5717 30 48
5718 13 8
5719 12 8
5720 21 14
5721 13 8
5722 20 14
5723 21 14
5724 30 47
5725 30 48
5726 12 8
5727 30 47
5728 20 14
5729 30 48
5730 13 8
5731 11 17
5732 30 47
5733 12 17
5734 11 17
5735 30 48
5736 12 8
5737 21 14
5738 12 17
5739 20 14
5740 11 17
5741 30 47
5742 13 8
5743 12 17
5744 12 8
5745 13 8
5746 21 14
5747 12 8
5748 30 48
5749 30 47
5750 36 31
5751 13 8
5752 12 8
5753 13 8
5754 30 48
5755 30 47
5756 20 14
5757 12 8
5758 11 17
5759 30 48
5760 12 17
5761 13 8
5762 36 32
5763 12 8
5764 30 47
5765 21 14
5766 13 8
5767 30 48
5768 12 8
5769 11 17
5770 36 31
5771 36 32
5772 30 47
5773 12 17
5774 11 17
5775 20 14
5776 13 8
5777 36 31
5778 30 48
5779 30 47
5780 36 32
5781 12 8
5782 13 8
5783 36 31
5784 12 17
5785 12 8
5786 36 32
5787 11 17
5788 30 48
5789 13 8
5790 12 8
5791 12 17
5792 21 14
5793 30 47
5794 11 17
5795 13 8
5796 30 48
5797 30 47
5798 12 17
5799 11 17
5800 30 48
5801 12 17
5802 36 31
5803 36 32
5804 12 8
5805 11 17
5806 36 31
5807 20 14
5808 30 47
5809 12 17
5810 30 48
5811 13 8
5812 21 14
5813 30 47
5814 12 8
5815 20 14
5816 13 8
5817 21 14
5818 36 32
5819 30 48
5820 20 14
5821 36 31
5822 12 8
5823 30 47
5824 30 48
5825 11 17
5826 30 47
5827 36 32
5828 12 17
5829 30 48
5830 13 8
5831 12 8
5832 11 17
5833 12 17
5834 11 17
5835 21 14
5836 30 47
5837 36 31
5838 13 8
5839 12 8
5840 30 48
5841 36 32
5842 36 31
5843 30 47
5844 36 32
5845 13 8
5846 30 48
5847 12 8
5848 30 47
5849 13 8
5850 20 14
5851 21 14
5852 12 8
5853 36 31
5854 20 14
5855 30 48
5856 30 47
5857 21 14
5858 13 8
5859 36 32
5860 30 48
5861 36 31
5862 12 8
5863 30 47
5864 12 17
5865 36 32
5866 36 31
5867 30 48
5868 13 8
5869 11 17
5870 12 17
5871 11 17
5872 36 32
5873 12 8
5874 12 17
5875 13 8
5876 11 17
5877 20 14
5878 12 8
5879 36 31
5880 30 47
5881 30 48
5882 12 17
5883 11 17
5884 12 17
5885 11 17
5886 21 14
5887 13 8
5888 30 47
5889 20 14
5890 21 14
5891 12 8
5892 13 8
5893 20 14
5894 36 32
5895 12 8
5896 12 17
5897 11 17
5898 36 31
5899 12 17
5900 21 14
5901 30 48
5902 13 8
5903 11 17
5904 36 32
5905 12 8
5906 20 14
5907 36 31
5908 12 17
5909 11 17
5910 13 8
5911 36 32
5912 36 31
5913 12 8
5914 12 17
5915 21 14
5916 13 8
5917 20 14
5918 36 32
5919 30 47
5920 36 31
5921 36 32
5922 36 31
5923 21 14
5924 20 14
5925 11 17
5926 21 14
5927 30 48
5928 20 14
5929 36 32
5930 30 47
5931 12 17
5932 12 8
5933 21 14
5934 36 31
5935 20 14
5936 30 48
5937 30 47
5938 36 32
5939 11 17
5940 30 48
5941 12 17
5942 13 8
5943 36 31
5944 30 47
5945 12 8
5946 21 14
5947 13 8
5948 36 32
5949 20 14
5950 11 17
5951 12 17
5952 21 14
5953 20 14
5954 30 48
5955 30 47
5956 11 17
5957 21 14
5958 36 31
5959 20 14
5960 12 8
5961 13 8
5962 12 8
5963 12 17
5964 21 14
5965 11 17
5966 12 17
5967 36 32
5968 30 48
5969 13 8
5970 20 14
5971 12 8
5972 13 8
5973 21 14
5974 30 47
5975 12 8
5976 30 48
5977 30 47
5978 30 48
5979 30 47
5980 11 17
5981 36 31
5982 30 48
5983 20 14
5984 13 8
5985 30 47
5986 12 17
5987 21 14
5988 11 17
5989 36 32
5990 12 17
5991 20 14
5992 21 14
5993 11 17
5994 30 48
5995 20 14
5996 21 14
5997 12 17
5998 30 47
5999 11 17
6000 20 14
6001 21 14
6002 12 17
6003 30 48
6004 30 47
6005 20 14
6006 21 14
6007 36 31
6008 11 17
6009 30 48
6010 30 47
6011 36 32
6012 36 31
6013 20 14
6014 21 14
6015 20 14
6016 12 17
6017 11 17
6018 21 14
6019 12 8
6020 20 14
6021 30 48
6022 30 47
6023 12 17
6024 36 32
6025 21 14
6026 36 31
6027 20 14
6028 11 17
6029 36 32
6030 36 31
6031 21 14
6032 20 14
6033 13 8
6034 36 32
6035 30 48
6036 21 14
6037 12 17
6038 12 8
6039 20 14
6040 21 14
6041 30 47
6042 30 48
6043 20 14
6044 11 17
6045 30 47
6046 21 14
6047 36 31
6048 36 32
6049 36 31
6050 13 8
6051 12 8
6052 13 8
6053 20 14
6054 12 8
6055 30 48
6056 12 17
6057 21 14
6058 20 14
6059 30 47
6060 13 8
6061 36 32
6062 11 17
6063 30 48
6064 12 8
6065 21 14
6066 12 17
6067 30 47
6068 13 8
6069 20 14
6070 21 14
6071 36 31
6072 11 17
6073 20 14
6074 12 8
6075 21 14
6076 13 8
6077 20 14
6078 36 32
6079 21 14
6080 12 17
6081 36 31
6082 30 48
6083 20 14
6084 11 17
6085 12 17
6086 36 32
6087 12 8
6088 13 8
6089 12 8
6090 36 31
6091 11 17
6092 36 32
6093 21 14
6094 13 8
6095 36 31
6096 12 17
6097 12 8
6098 20 14
6099 36 32
6100 30 47
6101 36 31
6102 13 8
6103 11 17
6104 36 32
6105 36 31
6106 12 8
6107 36 32
6108 36 31
6109 36 32
6110 13 8
6111 12 17
6112 12 8
6113 11 17
6114 21 14
6115 30 48
6116 13 8
6117 20 14
6118 21 14
6119 12 8
6120 13 8
6121 20 14
6122 21 14
6123 12 17
6124 30 47
6125 12 8
6126 11 17
6127 12 17
6128 36 31
6129 30 48
6130 13 8
6131 12 8
6132 11 17
6133 12 17
6134 36 32
6135 20 14
6136 21 14
6137 36 31
6138 36 32
6139 13 8
6140 11 17
6141 30 47
6142 30 48
6143 30 47
6144 36 31
6145 12 8
6146 20 14
6147 36 32
6148 36 31
6149 36 32
6150 36 31
6151 36 32
6152 30 48
6153 21 14
6154 20 14
6155 13 8
6156 36 31
6157 12 17
6158 11 17
6159 21 14
6160 36 32
6161 30 47
6162 20 14
6163 21 14
6164 12 17
6165 30 48
6166 20 14
6167 11 17
6168 30 47
6169 30 48
6170 21 14
6171 20 14
6172 12 8
6173 21 14
6174 36 31
6175 20 14
6176 36 32
6177 36 31
6178 30 47
6179 21 14
6180 13 8
6181 36 32
6182 20 14
6183 36 31
6184 12 8
6185 12 17
6186 21 14
6187 13 8
6188 20 14
6189 12 8
6190 30 48
6191 30 47
6192 21 14
6193 20 14
6194 36 32
6195 36 31
6196 21 14
6197 20 14
6198 36 32
6199 36 31
6200 21 14
6201 13 8
6202 20 14
6203 30 48
6204 11 17
6205 12 8
6206 30 47
6207 21 14
6208 20 14
6209 30 48
6210 30 47
6211 36 32
6212 12 17
6213 13 8
6214 30 48
6215 36 31
6216 12 8
6217 30 47
6218 11 17
6219 36 32
6220 30 48
6221 13 8
6222 12 8
6223 21 14
6224 12 17
6225 11 17
6226 13 8
6227 12 8
6228 36 31
6229 20 14
6230 36 32
6231 12 17
6232 36 31
6233 11 17
6234 30 47
6235 13 8
6236 30 48
6237 21 14
6238 36 32
6239 20 14
6240 30 47
6241 12 17
6242 30 48
6243 36 31
6244 21 14
6245 36 32
6246 30 47
6247 12 8
6248 11 17
6249 13 8
6250 36 31
6251 12 8
6252 13 8
6253 12 17
6254 20 14
6255 11 17
6256 12 8
6257 13 8
6258 30 48
6259 12 8
6260 21 14
6261 20 14
6262 13 8
6263 12 17
6264 36 32
6265 11 17
6266 21 14
6267 30 47
6268 30 48
6269 20 14
6270 36 31
6271 36 32
6272 12 8
6273 21 14
6274 13 8
6275 30 47
6276 12 8
6277 30 48
6278 12 17
6279 11 17
6280 36 31
6281 13 8
6282 30 47
6283 12 8
6284 30 48
6285 12 17
6286 13 8
6287 20 14
6288 11 17
6289 21 14
6290 12 17
6291 36 32
6292 11 17
6293 36 31
6294 20 14
6295 12 8
6296 12 17
6297 36 32
6298 11 17
6299 12 17
6300 11 17
6301 36 31
6302 21 14
6303 12 17
6304 30 47
6305 30 48
6306 13 8
6307 30 47
6308 12 8
6309 30 48
6310 11 17
6311 13 8
6312 30 47
6313 12 8
6314 13 8
6315 36 32
6316 30 48
6317 36 31
6318 12 8
6319 13 8
6320 12 8
6321 12 17
6322 36 32
6323 36 31
6324 11 17
6325 36 32
6326 30 47
6327 12 17
6328 30 48
6329 11 17
6330 20 14
6331 30 47
6332 13 8
6333 36 31
6334 30 48
6335 21 14
6336 12 8
6337 20 14
6338 12 17
6339 36 32
6340 13 8
6341 36 31
6342 12 8
6343 30 47
6344 36 32
6345 21 14
6346 30 48
6347 20 14
6348 11 17
6349 36 31
6350 21 14
6351 30 47
6352 12 17
6353 11 17
6354 13 8
6355 20 14
6356 21 14
6357 36 32
6358 36 31
6359 12 8
6360 12 17
6361 13 8
6362 36 32
6363 11 17
6364 12 17
6365 30 48
6366 11 17
6367 12 17
6368 12 8
6369 11 17
6370 30 47
6371 13 8
6372 12 17
6373 11 17
6374 20 14
6375 12 8
6376 12 17
6377 13 8
6378 21 14
6379 20 14
6380 30 48
6381 36 31
6382 30 47
6383 12 8
6384 13 8
6385 12 8
6386 30 48
6387 11 17
6388 36 32
6389 21 14
6390 20 14
6391 36 31
6392 12 17
6393 30 47
6394 30 48
6395 11 17
6396 30 47
6397 36 32
6398 12 17
6399 36 31
6400 30 48
6401 36 32
6402 21 14
6403 36 31
6404 11 17
6405 36 32
6406 30 47
6407 12 17
6408 20 14
6409 13 8
6410 11 17
6411 12 8
6412 12 17
6413 13 8
6414 21 14
6415 20 14
6416 12 8
6417 36 31
6418 21 14
6419 36 32
6420 11 17
6421 20 14
6422 36 31
6423 12 17
6424 13 8
6425 30 48
6426 30 47
6427 11 17
6428 21 14
6429 20 14
6430 30 48
6431 36 32
6432 12 17
6433 11 17
6434 30 47
6435 21 14
6436 12 17
6437 36 31
6438 30 48
6439 36 32
6440 20 14
6441 12 8
6442 36 31
6443 21 14
6444 11 17
6445 36 32
6446 12 17
6447 20 14
6448 36 31
6449 11 17
6450 12 17
6451 21 14
6452 30 47
6453 20 14
6454 30 48
6455 36 32
6456 30 47
6457 11 17
6458 30 48
6459 21 14
6460 13 8
6461 36 31
6462 12 8
6463 20 14
6464 13 8
6465 21 14
6466 30 47
6467 12 17
6468 30 48
6469 36 32
6470 20 14
6471 21 14
6472 36 31
6473 20 14
6474 36 32
6475 36 31
6476 21 14
6477 11 17
6478 12 17
6479 30 47
6480 11 17
6481 12 17
6482 36 32
6483 36 31
6484 20 14
6485 36 32
6486 30 48
6487 30 47
6488 30 48
6489 21 14
6490 11 17
6491 36 31
6492 20 14
6493 21 14
6494 12 8
6495 20 14
6496 13 8
6497 12 8
6498 12 17
6499 11 17
6500 21 14
6501 13 8
6502 20 14
6503 12 8
6504 36 32
6505 36 31
6506 30 47
6507 21 14
6508 36 32
6509 20 14
6510 12 17
6511 13 8
6512 36 31
6513 36 32
6514 12 8
6515 21 14
6516 36 31
6517 36 32
6518 30 48
6519 20 14
6520 21 14
6521 13 8
6522 11 17
6523 36 31
6524 30 47
6525 12 17
6526 30 48
6527 20 14
6528 36 32
6529 30 47
6530 36 31
6531 11 17
6532 12 8
6533 12 17
6534 11 17
6535 12 17
6536 21 14
6537 11 17
6538 30 48
6539 12 17
6540 30 47
6541 30 48
6542 13 8
6543 30 47
6544 36 32
6545 36 31
6546 30 48
6547 30 47
6548 12 8
6549 13 8
6550 12 8
6551 30 48
6552 36 32
6553 13 8
6554 20 14
6555 30 47
6556 11 17
6557 30 48
6558 21 14
6559 12 17
6560 36 31
6561 12 8
6562 13 8
6563 12 8
6564 36 32
6565 30 47
6566 36 31
6567 30 48
6568 36 32
6569 11 17
6570 30 47
6571 30 48
6572 12 17
6573 36 31
6574 30 47
6575 13 8
6576 12 8
6577 36 32
6578 20 14
6579 11 17
6580 36 31
6581 13 8
6582 12 8
6583 12 17
6584 36 32
6585 13 8
6586 12 8
6587 36 31
6588 30 48
6589 21 14
6590 36 32
6591 20 14
6592 21 14
6593 36 31
6594 36 32
6595 13 8
6596 12 8
6597 36 31
6598 36 32
6599 20 14
6600 11 17
6601 21 14
6602 12 17
6603 13 8
6604 36 31
6605 12 8
6606 20 14
6607 36 32
6608 36 31
6609 30 47
6610 11 17
6611 30 48
6612 21 14
6613 12 17
6614 36 32
6615 30 47
6616 20 14
6617 13 8
6618 30 48
6619 30 47
6620 21 14
6621 30 48
6622 36 31
6623 36 32
6624 20 14
6625 30 47
6626 30 48
6627 21 14
6628 11 17
6629 36 31
6630 12 8
6631 20 14
6632 12 17
6633 36 32
6634 11 17
6635 21 14
6636 30 47
6637 12 17
6638 20 14
6639 30 48
6640 30 47
6641 30 48
6642 11 17
6643 36 31
6644 30 47
6645 30 48
6646 36 32
6647 12 17
6648 13 8
6649 12 8
6650 13 8
6651 21 14
6652 20 14
6653 21 14
6654 20 14
6655 11 17
6656 12 8
6657 21 14
6658 36 31
6659 30 47
6660 13 8
6661 20 14
6662 12 8
6663 13 8
6664 36 32
6665 12 17
6666 36 31
6667 12 8
6668 13 8
6669 36 32
6670 30 48
6671 36 31
6672 11 17
6673 30 47
6674 21 14
6675 36 32
6676 36 31
6677 30 48
6678 20 14
6679 30 47
6680 12 8
6681 36 32
6682 12 17
6683 11 17
6684 21 14
6685 13 8
6686 20 14
6687 21 14
6688 12 8
6689 30 48
6690 13 8
6691 20 14
6692 12 17
6693 11 17
6694 21 14
6695 36 31
6696 36 32
6697 30 47
6698 36 31
6699 12 8
6700 13 8
6701 12 17
6702 20 14
6703 36 32
6704 11 17
6705 12 8
6706 12 17
6707 30 48
6708 21 14
6709 20 14
6710 13 8
6711 21 14
6712 36 31
6713 20 14
6714 12 8
6715 21 14
6716 30 47
6717 30 48
6718 13 8
6719 12 8
6720 20 14
6721 36 32
6722 11 17
6723 36 31
6724 30 47
6725 21 14
6726 36 32
6727 36 31
6728 20 14
6729 36 32
6730 12 17
6731 36 31
6732 21 14
6733 20 14
6734 13 8
6735 11 17
6736 30 48
6737 12 8
6738 12 17
6739 30 47
6740 11 17
6741 30 48
6742 21 14
6743 20 14
6744 13 8
6745 36 32
6746 30 47
6747 21 14
6748 12 8
6749 13 8
6750 30 48
6751 20 14
6752 36 31
6753 36 32
6754 12 17
6755 21 14
6756 36 31
6757 12 8
6758 20 14
6759 21 14
6760 20 14
6761 11 17
6762 36 32
6763 36 31
6764 36 32
6765 13 8
6766 36 31
6767 12 8
6768 12 17
6769 13 8
6770 12 8
6771 36 32
6772 21 14
6773 13 8
6774 20 14
6775 36 31
6776 36 32
6777 12 8
6778 11 17
6779 36 31
6780 12 17
6781 11 17
6782 36 32
6783 21 14
6784 13 8
6785 12 8
6786 20 14
6787 30 47
6788 21 14
6789 20 14
6790 21 14
6791 30 48
6792 12 17
6793 11 17
6794 30 47
6795 13 8
6796 12 17
6797 12 8
6798 13 8
6799 36 31
6800 11 17
6801 36 32
6802 20 14
6803 12 8
6804 13 8
6805 12 17
6806 12 8
6807 30 48
6808 11 17
6809 13 8
6810 21 14
6811 36 31
6812 12 17
6813 20 14
6814 12 8
6815 11 17
6816 30 47
6817 30 48
6818 30 47
6819 30 48
6820 13 8
6821 36 32
6822 30 47
6823 21 14
6824 20 14
6825 30 48
6826 12 17
6827 21 14
6828 12 8
6829 30 47
6830 20 14
6831 11 17
6832 12 17
6833 11 17
6834 13 8
6835 30 48
6836 36 31
6837 12 17
6838 21 14
6839 36 32
6840 30 47
6841 11 17
6842 30 48
6843 12 8
6844 36 31
6845 36 32
6846 13 8
6847 36 31
6848 12 17
6849 11 17
6850 12 8
6851 20 14
6852 36 32
6853 13 8
6854 36 31
6855 12 8
6856 30 47
6857 12 17
6858 36 32
6859 11 17
6860 30 48
6861 30 47
6862 13 8
6863 30 48
6864 21 14
6865 30 47
6866 36 31
6867 20 14
6868 12 8
6869 30 48
6870 12 17
6871 21 14
6872 20 14
6873 11 17
6874 36 32
6875 36 31
6876 12 17
6877 11 17
6878 30 47
6879 30 48
6880 30 47
6881 13 8
6882 12 8
6883 30 48
6884 12 17
6885 21 14
6886 13 8
6887 20 14
6888 12 8
6889 30 47
6890 36 32
6891 21 14
6892 36 31
6893 36 32
6894 20 14
6895 30 48
6896 13 8
6897 36 31
6898 12 8
6899 11 17
6900 12 17
6901 13 8
6902 30 47
6903 36 32
6904 30 48
6905 12 8
6906 30 47
6907 36 31
6908 21 14
6909 13 8
6910 11 17
6911 30 48
6912 36 32
6913 12 17
6914 12 8
6915 30 47
6916 36 31
6917 30 48
6918 30 47
6919 20 14
6920 13 8
6921 21 14
6922 30 48
6923 12 8
6924 30 47
6925 13 8
6926 12 8
6927 30 48
6928 20 14
6929 11 17
6930 30 47
6931 30 48
6932 12 17
6933 11 17
6934 13 8
6935 21 14
6936 12 17
6937 30 47
6938 36 32
6939 11 17
6940 20 14
6941 12 8
6942 12 17
6943 30 48
6944 30 47
6945 36 31
6946 13 8
6947 36 32
6948 12 8
6949 11 17
6950 36 31
6951 13 8
6952 36 32
6953 30 48
6954 21 14
6955 12 17
6956 12 8
6957 20 14
6958 21 14
6959 30 47
6960 20 14
6961 36 31
6962 13 8
6963 12 8
6964 36 32
6965 13 8
6966 11 17
6967 12 17
6968 21 14
6969 30 48
6970 36 31
6971 12 8
6972 30 47
6973 30 48
6974 11 17
6975 12 17
6976 30 47
6977 11 17
6978 12 17
6979 20 14
6980 11 17
6981 13 8
6982 12 17
6983 12 8
6984 13 8
6985 12 8
6986 11 17
6987 36 32
6988 30 48
6989 21 14
6990 30 47
6991 13 8
6992 20 14
6993 12 8
6994 21 14
6995 30 48
6996 20 14
6997 36 31
6998 36 32
6999 21 14
7000 36 31
7001 36 32
7002 30 47
7003 30 48
7004 12 17
7005 13 8
7006 11 17
7007 30 47
7008 12 8
7009 13 8
7010 20 14
7011 12 17
7012 12 8
7013 21 14
7014 20 14
7015 11 17
7016 13 8
7017 21 14
7018 20 14
7019 36 31
7020 30 48
7021 36 32
7022 12 17
7023 12 8
7024 11 17
7025 30 47
7026 13 8
7027 12 17
7028 21 14
7029 36 31
7030 20 14
7031 12 8
7032 30 48
7033 11 17
7034 13 8
7035 30 47
7036 12 17
7037 12 8
7038 21 14
7039 20 14
7040 30 48
7041 30 47
7042 21 14
7043 11 17
7044 20 14
7045 13 8
7046 21 14
7047 12 8
7048 13 8
7049 20 14
7050 21 14
7051 20 14
7052 12 8
7053 36 32
7054 21 14
7055 13 8
7056 30 48
7057 36 31
7058 36 32
7059 20 14
7060 30 47
7061 12 17
7062 12 8
7063 36 31
7064 30 48
7065 30 47
7066 36 32
7067 11 17
7068 12 17
7069 13 8
7070 36 31
7071 12 8
7072 13 8
7073 12 8
7074 11 17
7075 21 14
7076 36 32
7077 20 14
7078 21 14
7079 13 8
7080 12 17
7081 12 8
7082 36 31
7083 36 32
7084 30 48
7085 30 47
7086 13 8
7087 36 31
7088 36 32
7089 20 14
7090 36 31
7091 36 32
7092 12 8
7093 11 17
7094 13 8
7095 12 17
7096 11 17
7097 12 17
7098 12 8
7099 36 31
7100 13 8
7101 21 14
7102 12 8
7103 30 48
7104 13 8
7105 12 8
7106 36 32
7107 36 31
7108 13 8
7109 30 47
7110 12 8
7111 36 32
7112 13 8
7113 11 17
7114 36 31
7115 12 8
7116 12 17
7117 20 14
7118 13 8
7119 12 8
7120 11 17
7121 12 17
7122 36 32
7123 30 48
7124 36 31
7125 30 47
7126 13 8
7127 11 17
7128 12 17
7129 21 14
7130 12 8
7131 30 48
7132 11 17
7133 20 14
7134 30 47
7135 36 32
7136 13 8
7137 12 17
7138 12 8
7139 30 48
7140 36 31
7141 30 47
7142 21 14
7143 13 8
7144 12 8
7145 13 8
7146 36 32
7147 20 14
7148 36 31
7149 36 32
7150 36 31
7151 11 17
7152 36 32
7153 21 14
7154 12 8
7155 13 8
7156 12 8
7157 36 31
7158 12 17
7159 20 14
7160 13 8
7161 12 8
7162 13 8
7163 12 8
7164 21 14
7165 30 48
7166 36 32
7167 20 14
7168 30 47
7169 13 8
7170 36 31
7171 11 17
7172 30 48
7173 21 14
7174 12 17
7175 30 47
7176 11 17
7177 12 17
7178 12 8
7179 30 48
7180 11 17
7181 12 17
7182 20 14
7183 11 17
7184 21 14
7185 20 14
7186 12 17
7187 30 47
7188 13 8
7189 12 8
7190 21 14
7191 11 17
7192 36 32
7193 20 14
7194 21 14
7195 36 31
7196 30 48
7197 30 47
7198 12 17
7199 13 8
7200 20 14
7201 36 32
7202 12 8
7203 13 8
7204 11 17
7205 36 31
7206 12 8
7207 30 48
7208 21 14
7209 13 8
7210 30 47
7211 30 48
7212 12 8
7213 12 17
7214 30 47
7215 36 32
7216 36 31
7217 20 14
7218 13 8
7219 11 17
7220 12 8
7221 12 17
7222 13 8
7223 12 8
7224 21 14
7225 11 17
7226 13 8
7227 36 32
7228 12 8
7229 30 48
7230 20 14
7231 36 31
7232 36 32
7233 12 17
7234 30 47
7235 36 31
7236 36 32
7237 13 8
7238 12 8
7239 13 8
7240 30 48
7241 11 17
7242 30 47
7243 12 17
7244 21 14
7245 30 48
7246 36 31
7247 20 14
7248 30 47
7249 12 8
7250 36 32
7251 30 48
7252 30 47
7253 30 48
7254 21 14
7255 36 31
7256 36 32
7257 11 17
7258 36 31
7259 30 47
7260 20 14
7261 12 17
7262 21 14
7263 30 48
7264 20 14
7265 13 8
7266 30 47
7267 36 32
7268 12 8
7269 36 31
7270 11 17
7271 36 32
7272 12 17
7273 30 48
7274 30 47
7275 21 14
7276 20 14
7277 11 17
7278 13 8
7279 36 31
7280 30 48
7281 36 32
7282 12 17
7283 21 14
7284 20 14
7285 12 8
7286 11 17
7287 12 17
7288 36 31
7289 36 32
7290 13 8
7291 36 31
7292 12 8
7293 11 17
7294 36 32
7295 36 31
7296 36 32
7297 12 17
7298 21 14
7299 20 14
7300 11 17
7301 21 14
7302 30 47
7303 13 8
7304 30 48
7305 12 8
7306 20 14
7307 36 31
7308 36 32
7309 21 14
7310 12 17
7311 11 17
7312 12 17
7313 30 47
7314 20 14
7315 21 14
7316 13 8
7317 11 17
7318 36 31
7319 30 48
7320 20 14
7321 12 17
7322 12 8
7323 36 32
7324 36 31
7325 36 32
7326 11 17
7327 36 31
7328 36 32
7329 13 8
7330 36 31
7331 21 14
7332 30 47
7333 20 14
7334 12 17
7335 12 8
7336 21 14
7337 13 8
7338 11 17
7339 20 14
7340 12 17
7341 21 14
7342 20 14
7343 12 8
7344 13 8
7345 36 32
7346 11 17
7347 30 48
7348 21 14
7349 12 17
7350 11 17
7351 36 31
7352 20 14
7353 21 14
7354 12 8
7355 13 8
7356 30 47
7357 30 48
7358 12 17
7359 30 47
7360 12 8
7361 11 17
7362 20 14
7363 13 8
7364 30 48
7365 36 32
7366 12 17
7367 12 8
7368 11 17
7369 21 14
7370 30 47
7371 36 31
7372 13 8
7373 12 17
7374 36 32
7375 11 17
7376 12 17
7377 36 31
7378 12 8
7379 11 17
7380 13 8
7381 12 17
7382 20 14
7383 36 32
7384 30 48
7385 36 31
7386 30 47
7387 36 32
7388 30 48
7389 30 47
7390 36 31
7391 11 17
7392 30 48
7393 12 8
7394 36 32
7395 30 47
7396 30 48
7397 13 8
7398 30 47
7399 12 17
7400 11 17
7401 12 8
7402 36 31
7403 36 32
7404 13 8
7405 12 8
7406 36 31
7407 36 32
7408 13 8
7409 12 17
7410 21 14
7411 12 8
7412 13 8
7413 12 8
7414 11 17
7415 20 14
7416 12 17
7417 21 14
7418 13 8
7419 36 31
7420 30 48
7421 30 47
7422 20 14
7423 36 32
7424 11 17
7425 12 17
7426 30 48
7427 11 17
7428 12 8
7429 36 31
7430 12 17
7431 30 47
7432 13 8
7433 12 8
7434 30 48
7435 30 47
7436 11 17
7437 12 17
7438 21 14
7439 30 48
7440 30 47
7441 11 17
7442 13 8
7443 20 14
7444 36 32
7445 12 17
7446 12 8
7447 21 14
7448 36 31
7449 20 14
7450 36 32
7451 13 8
7452 12 8
7453 13 8
7454 11 17
7455 36 31
7456 30 48
7457 21 14
7458 30 47
7459 12 8
7460 20 14
7461 13 8
7462 12 17
7463 21 14
7464 20 14
7465 11 17
7466 36 32
7467 12 17
7468 30 48
7469 11 17
7470 21 14
7471 20 14
7472 12 8
7473 36 31
7474 36 32
7475 36 31
7476 30 47
7477 36 32
7478 21 14
7479 36 31
7480 12 17
7481 30 48
7482 13 8
7483 11 17
7484 12 8
7485 13 8
7486 30 47
7487 36 32
7488 20 14
7489 36 31
7490 36 32
7491 36 31
7492 30 48
7493 36 32
7494 21 14
7495 20 14
7496 30 47
7497 12 17
7498 11 17
7499 12 8
# colocadas=7500 ocupadas=5 mayor=7763
