0 0 0
1 0 1
2 0 49
3 0 48
4 49 0
5 48 0
6 49 49
7 49 0
8 48 0
9 49 0
10 0 0
11 0 47
12 0 46
13 48 49
14 0 48
15 0 49
16 0 48
17 0 49
18 0 48
19 48 0
20 0 45
21 49 0
22 49 49
23 48 0
24 49 0
25 0 44
26 0 49
27 48 49
28 0 48
29 0 43
30 48 0
31 0 42
32 49 49
33 49 0
34 48 49
35 0 49
36 0 48
37 49 49
38 0 41
39 48 0
40 49 0
41 0 40
42 48 49
43 0 39
44 0 38
45 0 49
46 0 1
47 0 37
48 0 0
49 0 48
50 0 49
51 0 1
52 0 0
53 0 36
54 0 48
55 0 1
56 0 0
57 0 1
58 0 0
59 0 35
60 0 49
61 48 0
62 49 49
63 0 48
64 0 1
65 0 34
66 0 33
67 48 49
68 0 32
69 49 0
70 0 31
71 48 0
72 49 49
73 0 0
74 0 1
75 48 49
76 49 0
77 49 49
78 0 30
79 0 29
80 0 28
81 0 0
82 0 49
83 0 27
84 0 48
85 0 49
86 48 49
87 48 0
88 0 48
89 49 49
90 0 26
91 49 0
92 48 0
93 0 25
94 0 24
95 0 1
96 0 0
97 48 49
98 0 1
99 0 0
100 0 1
101 0 0
102 0 49
103 0 48
104 49 0
105 49 49
106 48 0
107 0 49
108 48 49
109 49 0
110 48 0
111 49 49
112 49 0
113 0 1
114 0 23
115 48 0
116 49 0
117 0 22
118 0 21
119 48 49
120 0 0
121 0 48
122 49 49
123 48 49
124 49 49
125 48 0
126 0 1
127 0 0
128 0 20
129 0 49
130 0 48
131 49 0
132 48 49
133 0 49
134 49 49
135 0 19
136 0 1
137 48 0
138 48 49
139 0 0
140 49 0
141 0 1
142 0 18
143 49 49
144 0 17
145 48 49
146 49 49
147 48 49
148 49 49
149 0 48
150 48 0
151 49 0
152 0 0
153 0 1
154 0 49
155 0 48
156 0 0
157 0 1
158 0 16
159 0 49
160 48 49
161 48 0
162 0 0
163 49 0
164 0 1
165 48 0
166 49 0
167 0 48
168 49 49
169 48 49
170 48 0
171 49 49
172 0 0
173 0 49
174 49 0
175 48 49
176 49 49
177 48 49
178 0 15
179 0 14
180 0 48
181 48 0
182 49 49
183 0 1
184 48 49
185 49 49
186 0 0
187 48 49
188 49 0
189 0 49
190 49 49
191 0 48
192 48 0
193 48 49
194 0 1
195 49 49
196 49 0
197 48 49
198 0 0
199 0 1
200 48 0
201 49 0
202 0 13
203 0 12
204 49 49
205 0 0
206 0 49
207 0 11
208 0 1
209 48 49
210 49 49
211 0 48
212 0 10
213 48 49
214 0 9
215 48 0
216 49 0
217 0 49
218 49 49
219 48 49
220 0 8
221 0 7
222 0 6
223 0 5
224 48 0
225 49 0
226 49 49
227 0 48
228 0 0
229 0 1
230 48 49
231 0 49
232 0 4
233 0 0
234 49 49
235 0 48
236 0 3
237 0 2
238 0 3
239 48 49
240 0 2
241 0 49
242 0 48
243 0 3
244 0 1
245 49 49
246 0 2
247 0 3
248 0 49
249 0 2
250 48 49
251 0 3
252 48 0
253 49 0
254 49 49
255 48 0
256 0 4
257 48 49
258 0 48
259 0 3
260 49 49
261 0 49
262 48 49
263 0 0
264 0 2
265 0 3
266 49 49
267 49 0
268 0 48
269 48 0
270 48 49
271 0 2
272 0 49
273 1 0
274 0 48
275 0 1
276 49 49
277 0 2
278 0 1
279 0 49
280 49 0
281 0 2
282 48 0
283 0 48
284 0 0
285 48 49
286 0 49
287 49 0
288 0 1
289 0 48
290 49 49
291 48 49
292 48 0
293 49 0
294 48 0
295 49 49
296 0 49
297 48 49
298 49 49
299 1 0
300 49 0
301 2 0
302 0 48
303 48 49
304 49 49
305 0 0
306 0 1
307 0 49
308 0 48
309 1 0
310 48 49
311 49 49
312 2 0
313 0 49
314 1 0
315 48 0
316 2 0
317 0 48
318 1 0
319 0 2
320 0 49
321 0 1
322 0 0
323 49 0
324 0 48
325 48 49
326 1 0
327 49 49
328 48 0
329 49 0
330 0 49
331 2 0
332 0 48
333 48 49
334 0 0
335 49 49
336 48 49
337 49 49
338 0 1
339 48 0
340 48 49
341 0 0
342 49 49
343 0 49
344 0 48
345 3 0
346 49 0
347 0 49
348 0 48
349 48 0
350 0 49
351 0 1
352 49 0
353 0 48
354 48 0
355 2 0
356 1 0
357 49 0
358 2 0
359 0 0
360 0 49
361 0 1
362 48 0
363 48 49
364 1 0
365 0 0
366 0 1
367 0 48
368 0 0
369 49 0
370 48 0
371 0 49
372 0 48
373 49 49
374 0 1
375 48 49
376 49 0
377 48 0
378 49 49
379 48 49
380 0 2
381 0 49
382 49 0
383 0 48
384 0 1
385 48 0
386 2 0
387 1 0
388 0 2
389 0 1
390 0 2
391 49 49
392 48 49
393 0 0
394 49 0
395 0 49
396 0 48
397 1 0
398 0 1
399 49 49
400 0 49
401 48 0
402 0 48
403 49 0
404 48 0
405 49 0
406 0 49
407 48 0
408 0 2
409 0 48
410 48 49
411 49 49
412 48 49
413 49 49
414 0 49
415 0 48
416 49 0
417 0 0
418 1 0
419 48 49
420 49 49
421 48 0
422 0 0
423 49 0
424 48 0
425 49 0
426 48 49
427 0 3
428 0 1
429 0 0
430 0 49
431 0 2
432 48 0
433 49 0
434 0 3
435 48 0
436 0 1
437 49 49
438 0 0
439 49 0
440 48 49
441 48 0
442 0 2
443 49 0
444 1 0
445 0 1
446 49 49
447 48 0
448 2 0
449 0 0
450 1 0
451 49 0
452 2 0
453 48 0
454 48 49
455 0 48
456 0 49
457 3 0
458 0 48
459 2 0
460 0 49
461 49 49
462 0 1
463 49 0
464 0 48
465 48 0
466 1 0
467 48 49
468 49 0
469 48 0
470 0 0
471 49 0
472 49 49
473 0 49
474 48 49
475 49 49
476 1 0
477 48 0
478 48 49
479 0 48
480 49 0
481 0 2
482 0 0
483 0 49
484 49 49
485 48 49
486 49 49
487 48 49
488 0 3
489 0 2
490 49 49
491 48 49
492 1 0
493 49 49
494 0 1
495 48 49
496 0 2
497 48 0
498 0 48
499 49 0
500 49 49
501 0 1
502 0 0
503 0 49
504 1 0
505 48 0
506 49 0
507 48 49
508 49 49
509 48 0
510 49 0
511 0 48
512 0 49
513 48 49
514 49 49
515 48 49
516 0 2
517 0 1
518 0 2
519 49 49
520 0 48
521 0 0
522 1 0
523 0 1
524 48 49
525 0 2
526 48 0
527 49 49
528 48 49
529 49 0
530 0 1
531 0 2
532 0 49
533 0 0
534 49 49
535 48 0
536 48 49
537 0 48
538 0 49
539 0 3
540 49 0
541 49 49
542 0 1
543 0 48
544 0 49
545 0 4
546 0 48
547 48 0
548 0 49
549 0 48
550 0 3
551 49 0
552 0 0
553 48 49
554 0 49
555 48 0
556 49 49
557 0 48
558 0 49
559 49 0
560 48 49
561 0 48
562 49 49
563 0 1
564 0 0
565 0 1
566 48 49
567 0 0
568 49 49
569 0 49
570 0 1
571 0 48
572 48 0
573 49 0
574 0 4
575 48 0
576 0 49
577 48 49
578 0 48
579 49 49
580 0 0
581 48 49
582 0 49
583 49 0
584 0 3
585 0 48
586 0 49
587 0 2
588 0 3
589 0 2
590 48 0
591 0 3
592 49 49
593 0 2
594 1 0
595 0 1
596 2 0
597 1 0
598 48 49
599 0 2
600 0 1
601 2 0
602 1 0
603 2 0
604 0 0
605 0 1
606 0 48
607 0 49
608 0 0
609 0 48
610 0 49
611 1 0
612 49 49
613 49 0
614 0 48
615 2 0
616 0 49
617 0 48
618 0 49
619 48 0
620 3 0
621 49 0
622 0 48
623 48 0
624 0 49
625 0 48
626 48 49
627 49 49
628 0 1
629 2 0
630 1 0
631 2 0
632 0 0
633 49 0
634 0 1
635 0 49
636 0 48
637 0 49
638 48 49
639 1 0
640 49 49
641 2 0
642 48 49
643 1 0
644 0 48
645 2 0
646 49 49
647 0 49
648 0 0
649 1 0
650 48 0
651 0 0
652 48 49
653 49 49
654 48 49
655 49 49
656 49 0
657 48 0
658 49 0
659 48 0
660 49 0
661 0 1
662 48 0
663 1 0
664 49 0
665 48 0
666 0 48
667 0 2
668 0 49
669 48 49
670 49 0
671 48 0
672 0 48
673 0 1
674 0 49
675 0 0
676 0 48
677 49 0
678 49 49
679 1 0
680 48 0
681 0 49
682 48 49
683 0 48
684 49 0
685 48 0
686 49 0
687 0 49
688 48 0
689 49 0
690 2 0
691 0 48
692 0 0
693 3 0
694 0 1
695 49 49
696 0 49
697 0 0
698 0 1
699 0 0
700 0 1
701 48 49
702 0 48
703 49 49
704 48 49
705 2 0
706 1 0
707 2 0
708 48 0
709 1 0
710 0 2
711 49 0
712 49 49
713 48 0
714 0 0
715 1 0
716 0 0
717 49 0
718 0 49
719 0 3
720 0 1
721 48 0
722 0 4
723 0 0
724 0 48
725 0 1
726 0 49
727 49 0
728 48 0
729 49 0
730 0 0
731 48 0
732 0 1
733 0 48
734 49 0
735 0 49
736 48 0
737 0 48
738 0 3
739 0 49
740 49 0
741 0 0
742 48 49
743 0 48
744 49 49
745 0 1
746 0 49
747 0 4
748 48 0
749 0 0
750 0 1
751 49 0
752 48 0
753 0 3
754 49 0
755 0 0
756 0 48
757 48 0
758 0 1
759 0 0
760 48 49
761 0 49
762 0 48
763 0 2
764 0 49
765 0 48
766 0 3
767 0 2
768 0 49
769 49 0
770 49 49
771 0 1
772 0 0
773 0 48
774 0 1
775 48 0
776 0 49
777 0 0
778 1 0
779 48 49
780 49 49
781 49 0
782 0 0
783 1 0
784 0 48
785 0 1
786 48 0
787 2 0
788 49 0
789 0 49
790 0 48
791 1 0
792 48 49
793 2 0
794 0 49
795 1 0
796 0 2
797 0 48
798 0 0
799 0 3
800 0 1
801 48 0
802 0 4
803 0 49
804 0 48
805 49 49
806 48 49
807 0 3
808 49 49
809 48 49
810 0 49
811 49 49
812 0 0
813 48 49
814 0 1
815 0 4
816 49 49
817 0 48
818 0 0
819 0 3
820 0 49
821 48 49
822 0 48
823 0 1
824 0 0
825 49 0
826 0 49
827 0 2
828 49 49
829 48 0
830 1 0
831 0 1
832 2 0
833 0 0
834 0 48
835 48 49
836 49 49
837 3 0
838 0 1
839 49 0
840 0 49
841 2 0
842 48 49
843 0 48
844 0 49
845 48 0
846 49 0
847 48 0
848 1 0
849 2 0
850 49 49
851 49 0
852 1 0
853 0 48
854 0 2
855 0 49
856 0 48
857 0 0
858 48 49
859 48 0
860 1 0
861 0 0
862 0 49
863 49 0
864 1 0
865 0 1
866 49 49
867 48 49
868 0 2
869 0 0
870 48 0
871 49 49
872 48 49
873 49 0
874 49 49
875 0 3
876 0 1
877 48 0
878 0 48
879 0 0
880 0 2
881 0 3
882 0 1
883 0 2
884 0 49
885 0 3
886 49 0
887 48 0
888 0 4
889 49 0
890 48 49
891 49 49
892 48 49
893 48 0
894 0 0
895 49 49
896 49 0
897 48 49
898 49 49
899 48 49
900 48 0
901 49 0
902 49 49
903 48 0
904 0 1
905 0 3
906 0 4
907 48 49
908 49 49
909 48 49
910 0 3
911 49 49
912 0 0
913 0 48
914 0 1
915 0 0
916 0 49
917 0 2
918 0 3
919 49 0
920 0 1
921 0 0
922 48 49
923 49 49
924 0 48
925 0 49
926 0 1
927 48 49
928 0 0
929 49 49
930 48 0
931 48 49
932 0 2
933 49 49
934 0 48
935 0 3
936 48 49
937 0 1
938 49 0
939 0 4
940 0 49
941 0 0
942 0 1
943 0 48
944 0 3
945 0 49
946 0 0
947 48 0
948 49 0
949 0 2
950 0 48
951 0 49
952 0 1
953 49 49
954 48 49
955 0 2
956 0 48
957 49 49
958 48 49
959 49 49
960 0 49
961 48 0
962 0 3
963 0 48
964 0 2
965 1 0
966 0 1
967 49 0
968 48 0
969 0 2
970 0 49
971 0 48
972 49 0
973 48 0
974 0 0
975 48 49
976 49 0
977 0 1
978 48 0
979 0 49
980 0 48
981 49 49
982 0 49
983 49 0
984 0 0
985 0 48
986 0 49
987 48 49
988 0 3
989 0 1
990 0 0
991 0 2
992 1 0
993 0 48
994 0 49
995 48 0
996 49 49
997 0 0
998 49 0
999 0 3
1000 0 48
1001 48 49
1002 0 2
1003 49 49
1004 0 3
1005 48 0
1006 0 1
1007 49 0
1008 0 2
1009 0 49
1010 0 48
1011 48 49
1012 0 3
1013 0 4
1014 49 49
1015 48 49
1016 0 3
1017 48 0
1018 0 49
1019 49 49
1020 0 0
1021 48 49
1022 0 1
1023 49 49
1024 48 49
1025 0 48
1026 0 4
1027 0 3
1028 49 0
1029 48 0
1030 49 49
1031 48 49
1032 49 0
1033 0 49
1034 0 48
1035 0 0
1036 49 49
1037 48 49
1038 49 49
1039 0 2
1040 0 49
1041 1 0
1042 48 49
1043 0 48
1044 0 1
1045 2 0
1046 0 49
1047 0 48
1048 1 0
1049 2 0
1050 0 0
1051 48 0
1052 0 49
1053 3 0
1054 0 1
1055 0 48
1056 0 49
1057 49 49
1058 49 0
1059 48 49
1060 49 49
1061 2 0
1062 48 0
1063 1 0
1064 2 0
1065 49 0
1066 48 49
1067 0 48
1068 0 0
1069 3 0
1070 49 49
1071 48 0
1072 49 0
1073 0 49
1074 48 49
1075 0 1
1076 49 49
1077 0 0
1078 48 0
1079 49 0
1080 0 1
1081 2 0
1082 48 49
1083 0 0
1084 0 1
1085 0 48
1086 0 0
1087 0 49
1088 0 1
1089 1 0
1090 48 0
1091 2 0
1092 49 0
1093 1 0
1094 0 2
1095 0 1
1096 49 49
1097 48 0
1098 0 48
1099 0 2
1100 0 49
1101 0 1
1102 0 2
1103 0 48
1104 0 0
1105 49 0
1106 48 0
1107 0 49
1108 0 3
1109 48 49
1110 0 1
1111 49 0
1112 48 0
1113 0 4
1114 0 3
1115 0 0
1116 0 48
1117 49 49
1118 49 0
1119 48 49
1120 0 2
1121 49 49
1122 0 3
1123 0 2
1124 0 1
1125 0 49
1126 0 0
1127 48 0
1128 49 0
1129 0 1
1130 0 0
1131 0 48
1132 0 49
1133 48 49
1134 0 48
1135 0 49
1136 1 0
1137 48 0
1138 0 48
1139 49 49
1140 0 1
1141 2 0
1142 48 49
1143 0 49
1144 0 0
1145 3 0
1146 49 0
1147 49 49
1148 48 0
1149 0 1
1150 0 48
1151 2 0
1152 0 0
1153 3 0
1154 0 49
1155 2 0
1156 3 0
1157 48 49
1158 0 48
1159 0 1
1160 49 0
1161 0 0
1162 48 0
1163 49 49
1164 2 0
1165 0 1
1166 49 0
1167 48 0
1168 0 49
1169 0 48
1170 49 0
1171 0 0
1172 48 49
1173 48 0
1174 49 49
1175 3 0
1176 49 0
1177 0 1
1178 48 0
1179 49 0
1180 48 0
1181 2 0
1182 49 0
1183 0 49
1184 0 48
1185 48 0
1186 48 49
1187 0 0
1188 0 1
1189 49 0
1190 49 49
1191 48 49
1192 48 0
1193 49 0
1194 1 0
1195 48 0
1196 49 49
1197 0 49
1198 0 2
1199 48 49
1200 0 1
1201 0 2
1202 0 48
1203 0 1
1204 2 0
1205 0 0
1206 0 1
1207 49 49
1208 0 49
1209 49 0
1210 48 0
1211 49 0
1212 0 48
1213 48 49
1214 48 0
1215 1 0
1216 2 0
1217 0 0
1218 0 1
1219 49 0
1220 48 0
1221 1 0
1222 0 49
1223 49 49
1224 48 49
1225 49 0
1226 0 2
1227 48 0
1228 49 0
1229 0 1
1230 0 48
1231 49 49
1232 2 0
1233 48 0
1234 48 49
1235 49 49
1236 0 49
1237 0 0
1238 48 49
1239 49 49
1240 0 48
1241 49 0
1242 48 0
1243 48 49
1244 49 0
1245 0 1
1246 0 0
1247 3 0
1248 48 0
1249 49 49
1250 48 49
1251 2 0
1252 3 0
1253 49 0
1254 0 1
1255 0 49
1256 0 0
1257 0 48
1258 49 49
1259 48 0
1260 0 1
1261 0 0
1262 48 49
1263 49 49
1264 0 1
1265 49 0
1266 0 49
1267 48 49
1268 2 0
1269 49 49
1270 0 0
1271 48 49
1272 0 48
1273 48 0
1274 1 0
1275 49 0
1276 2 0
1277 3 0
1278 0 49
1279 2 0
1280 48 0
1281 3 0
1282 49 49
1283 48 49
1284 0 48
1285 2 0
1286 0 1
1287 0 0
1288 49 49
1289 0 49
1290 48 49
1291 0 1
1292 49 49
1293 0 48
1294 1 0
1295 48 49
1296 2 0
1297 1 0
1298 49 49
1299 0 49
1300 0 2
1301 0 1
1302 49 0
1303 0 48
1304 0 2
1305 0 0
1306 48 49
1307 48 0
1308 0 49
1309 0 48
1310 0 1
1311 49 49
1312 0 0
1313 0 49
1314 49 0
1315 48 49
1316 0 48
1317 48 0
1318 49 0
1319 0 49
1320 0 48
1321 0 3
1322 48 0
1323 0 49
1324 0 2
1325 49 0
1326 0 48
1327 0 3
1328 0 49
1329 48 0
1330 0 1
1331 49 49
1332 0 0
1333 0 2
1334 0 3
1335 0 2
1336 49 0
1337 1 0
1338 0 48
1339 48 0
1340 0 1
1341 0 2
1342 0 1
1343 2 0
1344 0 0
1345 0 49
1346 49 0
1347 1 0
1348 0 48
1349 0 49
1350 48 49
1351 48 0
1352 49 49
1353 2 0
1354 48 49
1355 49 49
1356 49 0
1357 48 49
1358 49 49
1359 0 1
1360 48 0
1361 0 0
1362 0 48
1363 0 1
1364 49 0
1365 0 0
1366 48 49
1367 3 0
1368 49 49
1369 0 49
1370 48 0
1371 0 48
1372 49 0
1373 48 49
1374 48 0
1375 0 1
1376 49 0
1377 0 49
1378 48 0
1379 0 0
1380 0 1
1381 0 48
1382 0 0
1383 0 1
1384 49 0
1385 48 0
1386 49 0
1387 48 0
1388 0 49
1389 49 0
1390 48 0
1391 0 0
1392 49 0
1393 2 0
1394 49 49
1395 3 0
1396 0 48
1397 2 0
1398 0 49
1399 48 49
1400 1 0
1401 49 49
1402 48 0
1403 0 48
1404 0 0
1405 0 49
1406 0 48
1407 1 0
1408 49 0
1409 48 0
1410 0 49
1411 48 49
1412 49 0
1413 0 0
1414 48 0
1415 1 0
1416 49 0
1417 49 49
1418 0 48
1419 48 49
1420 0 49
1421 0 48
1422 0 49
1423 0 0
1424 0 48
1425 0 1
1426 49 49
1427 1 0
1428 0 49
1429 48 49
1430 49 49
1431 2 0
1432 0 48
1433 48 49
1434 49 49
1435 0 49
1436 0 48
1437 1 0
1438 0 49
1439 0 0
1440 48 49
1441 0 1
1442 49 49
1443 0 48
1444 48 49
1445 0 0
1446 49 49
1447 48 49
1448 0 49
1449 0 1
1450 49 49
1451 48 49
1452 0 48
1453 0 49
1454 0 2
1455 49 49
1456 48 49
1457 0 48
1458 0 49
1459 0 0
1460 49 49
1461 0 1
1462 0 2
1463 48 0
1464 49 0
1465 0 3
1466 48 49
1467 0 48
1468 49 49
1469 0 2
1470 48 49
1471 48 0
1472 1 0
1473 0 1
1474 0 2
1475 0 49
1476 0 0
1477 0 3
1478 0 2
1479 49 0
1480 48 0
1481 49 49
1482 1 0
1483 49 0
1484 0 1
1485 2 0
1486 0 0
1487 1 0
1488 48 49
1489 0 0
1490 48 0
1491 0 48
1492 49 0
1493 49 49
1494 48 49
1495 0 1
1496 48 0
1497 0 0
1498 0 1
1499 0 0
1500 49 49
1501 48 49
1502 49 0
1503 3 0
1504 49 49
1505 2 0
1506 0 1
1507 1 0
1508 0 0
1509 48 0
1510 0 1
1511 48 49
1512 0 49
1513 0 2
1514 49 0
1515 48 0
1516 0 1
1517 49 49
1518 0 2
1519 0 0
1520 1 0
1521 49 0
1522 0 1
1523 48 49
1524 49 49
1525 0 2
1526 48 0
1527 0 48
1528 0 0
1529 48 49
1530 49 49
1531 49 0
1532 1 0
1533 0 1
1534 0 49
1535 2 0
1536 1 0
1537 2 0
1538 48 0
1539 1 0
1540 2 0
1541 0 0
1542 0 1
1543 48 49
1544 0 48
1545 1 0
1546 0 49
1547 49 0
1548 49 49
1549 2 0
1550 48 49
1551 1 0
1552 0 2
1553 0 0
1554 49 49
1555 0 48
1556 48 49
1557 49 49
1558 0 49
1559 1 0
1560 0 0
1561 48 0
1562 0 3
1563 48 49
1564 0 48
1565 49 0
1566 0 49
1567 0 1
1568 48 0
1569 0 0
1570 0 2
1571 49 0
1572 1 0
1573 48 0
1574 49 0
1575 49 49
1576 0 48
1577 48 49
1578 0 0
1579 48 0
1580 0 49
1581 1 0
1582 0 1
1583 0 48
1584 2 0
1585 0 49
1586 49 0
1587 0 48
1588 0 49
1589 49 49
1590 0 48
1591 0 49
1592 0 0
1593 0 1
1594 48 49
1595 0 48
1596 1 0
1597 49 49
1598 48 49
1599 2 0
1600 0 0
1601 49 49
1602 0 1
1603 48 49
1604 48 0
1605 1 0
1606 0 49
1607 0 2
1608 0 48
1609 49 0
1610 0 49
1611 0 1
1612 48 0
1613 49 0
1614 0 2
1615 0 48
1616 0 1
1617 2 0
1618 48 0
1619 49 0
1620 48 0
1621 49 49
1622 49 0
1623 48 0
1624 0 0
1625 48 49
1626 49 49
1627 3 0
1628 2 0
1629 3 0
1630 2 0
1631 0 49
1632 0 1
1633 1 0
1634 0 0
1635 0 48
1636 48 49
1637 49 0
1638 48 0
1639 49 0
1640 49 49
1641 48 0
1642 48 49
1643 0 49
1644 49 0
1645 1 0
1646 48 0
1647 0 48
1648 49 49
1649 2 0
1650 0 49
1651 49 0
1652 0 0
1653 48 49
1654 0 1
1655 1 0
1656 2 0
1657 1 0
1658 0 48
1659 0 2
1660 0 1
1661 48 0
1662 0 49
1663 49 49
1664 2 0
1665 48 49
1666 1 0
1667 2 0
1668 49 49
1669 49 0
1670 0 0
1671 0 1
1672 0 48
1673 48 49
1674 49 49
1675 1 0
1676 2 0
1677 48 49
1678 0 0
1679 3 0
1680 0 1
1681 49 49
1682 48 49
1683 49 49
1684 2 0
1685 0 49
1686 0 0
1687 0 48
1688 48 49
1689 49 49
1690 0 49
1691 48 0
1692 0 1
1693 48 49
1694 49 49
1695 48 49
1696 0 0
1697 0 48
1698 3 0
1699 49 0
1700 0 1
1701 2 0
1702 0 0
1703 1 0
1704 0 49
1705 2 0
1706 49 49
1707 0 48
1708 3 0
1709 48 0
1710 2 0
1711 48 49
1712 49 49
1713 48 49
1714 49 0
1715 3 0
1716 0 49
1717 0 1
1718 49 49
1719 0 0
1720 0 1
1721 48 0
1722 0 0
1723 0 1
1724 2 0
1725 0 0
1726 0 48
1727 0 49
1728 0 48
1729 1 0
1730 0 0
1731 0 49
1732 0 48
1733 0 49
1734 0 1
1735 49 0
1736 48 0
1737 0 0
1738 49 0
1739 0 1
1740 48 49
1741 49 49
1742 48 0
1743 1 0
1744 0 2
1745 0 0
1746 49 0
1747 0 48
1748 48 0
1749 0 3
1750 0 1
1751 49 0
1752 0 0
1753 48 49
1754 49 49
1755 0 2
1756 1 0
1757 0 49
1758 48 49
1759 0 48
1760 0 49
1761 0 48
1762 49 49
1763 0 1
1764 0 2
1765 48 0
1766 0 49
1767 0 48
1768 49 0
1769 0 1
1770 0 2
1771 48 0
1772 0 0
1773 0 3
1774 49 0
1775 48 49
1776 0 1
1777 0 49
1778 49 49
1779 0 48
1780 0 49
1781 48 0
1782 0 4
1783 0 48
1784 48 49
1785 49 49
1786 0 0
1787 48 49
1788 0 3
1789 0 49
1790 49 49
1791 0 1
1792 0 0
1793 0 1
1794 0 0
1795 0 2
1796 0 48
1797 49 0
1798 0 49
1799 0 48
1800 48 0
1801 48 49
1802 0 3
1803 49 0
1804 0 2
1805 0 49
1806 1 0
1807 0 48
1808 0 49
1809 48 0
1810 49 49
1811 0 0
1812 49 0
1813 0 3
1814 0 1
1815 48 49
1816 48 0
1817 49 0
1818 0 48
1819 0 49
1820 0 0
1821 0 2
1822 0 48
1823 0 3
1824 49 49
1825 48 49
1826 0 1
1827 0 0
1828 48 0
1829 49 49
1830 48 49
1831 49 0
1832 0 2
1833 49 49
1834 1 0
1835 0 1
1836 48 0
1837 2 0
1838 1 0
1839 48 49
1840 49 0
1841 0 2
1842 0 1
1843 49 49
1844 48 49
1845 0 49
1846 2 0
1847 49 49
1848 48 0
1849 48 49
1850 49 49
1851 0 0
1852 49 0
1853 48 49
1854 0 48
1855 48 0
1856 3 0
1857 0 49
1858 2 0
1859 49 49
1860 3 0
1861 0 48
1862 2 0
1863 48 49
1864 49 49
1865 48 49
1866 0 1
1867 49 0
1868 49 49
1869 48 0
1870 0 49
1871 0 0
1872 3 0
1873 2 0
1874 0 48
1875 0 1
1876 1 0
1877 48 49
1878 49 49
1879 49 0
1880 0 2
1881 48 0
1882 0 49
1883 0 0
1884 48 49
1885 1 0
1886 0 1
1887 49 49
1888 0 48
1889 0 49
1890 2 0
1891 1 0
1892 49 0
1893 0 2
1894 0 1
1895 48 0
1896 2 0
1897 0 0
1898 0 1
1899 1 0
1900 49 0
1901 0 48
1902 48 49
1903 2 0
1904 48 0
1905 0 0
1906 3 0
1907 49 0
1908 0 49
1909 2 0
1910 49 49
1911 0 1
1912 0 0
1913 0 1
1914 1 0
1915 0 48
1916 0 49
1917 0 48
1918 48 0
1919 0 2
1920 0 0
1921 49 0
1922 48 49
1923 0 3
1924 49 49
1925 48 49
1926 0 49
1927 0 1
1928 0 48
1929 48 0
1930 0 49
1931 49 49
1932 0 48
1933 49 0
1934 0 0
1935 0 2
1936 1 0
1937 0 49
1938 0 1
1939 0 48
1940 2 0
1941 48 49
1942 0 49
1943 0 0
1944 49 49
1945 3 0
1946 2 0
1947 48 0
1948 0 48
1949 49 0
1950 0 49
1951 0 48
1952 0 1
1953 48 0
1954 48 49
1955 49 49
1956 48 49
1957 0 0
1958 49 49
1959 3 0
1960 2 0
1961 0 1
1962 1 0
1963 2 0
1964 0 0
1965 3 0
1966 48 49
1967 2 0
1968 1 0
1969 0 49
1970 0 0
1971 0 48
1972 0 1
1973 0 0
1974 49 49
1975 0 1
1976 0 0
1977 49 0
1978 48 0
1979 48 49
1980 3 0
1981 49 0
1982 0 49
1983 48 0
1984 0 1
1985 49 49
1986 0 48
1987 48 49
1988 0 0
1989 49 49
1990 0 1
1991 0 49
1992 48 49
1993 49 49
1994 0 0
1995 0 1
1996 48 49
1997 0 48
1998 2 0
1999 0 49
2000 49 49
2001 48 49
2002 0 48
2003 1 0
2004 49 49
2005 0 49
2006 0 48
2007 0 2
2008 0 1
2009 0 2
2010 0 0
2011 49 0
2012 48 49
2013 1 0
2014 49 49
2015 0 0
2016 48 49
2017 0 3
2018 0 1
2019 0 0
2020 48 0
2021 0 2
2022 0 49
2023 0 3
2024 0 2
2025 0 48
2026 0 49
2027 1 0
2028 49 49
2029 0 1
2030 0 48
2031 49 0
2032 2 0
2033 0 0
2034 48 49
2035 49 49
2036 3 0
2037 0 1
2038 48 49
2039 49 49
2040 48 49
2041 49 49
2042 0 0
2043 48 0
2044 0 49
2045 0 48
2046 49 0
2047 48 49
2048 49 49
2049 0 1
2050 2 0
2051 0 49
2052 0 48
2053 0 0
2054 48 49
2055 3 0
2056 0 1
2057 49 49
2058 48 49
2059 0 0
2060 48 0
2061 0 1
2062 49 0
2063 49 49
2064 48 0
2065 2 0
2066 49 0
2067 48 0
2068 0 0
2069 49 0
2070 48 0
2071 49 0
2072 0 1
2073 1 0
2074 2 0
2075 48 49
2076 49 49
2077 1 0
2078 2 0
2079 0 49
2080 48 49
2081 48 0
2082 49 49
2083 48 49
2084 0 0
2085 49 0
2086 48 0
2087 0 1
2088 0 48
2089 49 49
2090 49 0
2091 0 49
2092 0 0
2093 3 0
2094 0 48
2095 0 49
2096 48 49
2097 2 0
2098 0 1
2099 1 0
2100 49 49
2101 48 49
2102 0 48
2103 48 0
2104 49 0
2105 0 49
2106 0 48
2107 0 49
2108 0 2
2109 0 48
2110 0 0
2111 0 3
2112 0 2
2113 49 49
2114 48 49
2115 0 49
2116 0 3
2117 0 48
2118 0 2
2119 49 49
2120 1 0
2121 0 0
2122 0 3
2123 0 2
2124 1 0
2125 0 49
2126 0 0
2127 48 0
2128 49 0
2129 48 0
2130 0 48
2131 0 3
2132 48 49
2133 0 1
2134 0 4
2135 0 49
2136 49 0
2137 49 49
2138 0 3
2139 0 4
2140 48 49
2141 0 48
2142 0 0
2143 48 0
2144 0 1
2145 0 0
2146 49 49
2147 0 3
2148 0 2
2149 49 0
2150 48 49
2151 48 0
2152 49 0
2153 1 0
2154 0 0
2155 49 49
2156 0 3
2157 0 49
2158 48 49
2159 0 48
2160 48 0
2161 0 49
2162 0 48
2163 0 49
2164 0 1
2165 0 48
2166 49 0
2167 49 49
2168 48 49
2169 49 49
2170 0 0
2171 0 2
2172 1 0
2173 48 49
2174 49 49
2175 0 1
2176 0 2
2177 0 0
2178 0 49
2179 1 0
2180 0 48
2181 0 1
2182 2 0
2183 48 49
2184 48 0
2185 1 0
2186 0 49
2187 49 49
2188 2 0
2189 0 0
2190 0 1
2191 0 0
2192 48 49
2193 0 48
2194 0 1
2195 0 49
2196 49 49
2197 49 0
2198 1 0
2199 0 48
2200 48 0
2201 0 2
2202 0 49
2203 48 49
2204 0 48
2205 0 0
2206 49 0
2207 1 0
2208 48 0
2209 49 49
2210 0 1
2211 0 49
2212 48 49
2213 49 49
2214 2 0
2215 1 0
2216 0 48
2217 48 49
2218 49 0
2219 0 2
2220 0 1
2221 0 2
2222 48 0
2223 0 49
2224 0 0
2225 49 0
2226 49 49
2227 0 3
2228 0 2
2229 1 0
2230 0 1
2231 0 2
2232 0 0
2233 0 3
2234 0 48
2235 0 2
2236 1 0
2237 0 49
2238 0 1
2239 0 48
2240 48 0
2241 49 0
2242 2 0
2243 48 49
2244 49 49
2245 48 49
2246 48 0
2247 49 49
2248 48 49
2249 0 49
2250 49 49
2251 0 0
2252 0 1
2253 48 49
2254 49 49
2255 1 0
2256 48 49
2257 49 0
2258 2 0
2259 48 0
2260 0 0
2261 49 0
2262 49 49
2263 0 48
2264 0 1
2265 1 0
2266 48 0
2267 0 49
2268 0 0
2269 0 48
2270 49 0
2271 48 0
2272 49 0
2273 48 0
2274 49 0
2275 0 49
2276 48 49
2277 49 49
2278 0 1
2279 48 0
2280 49 0
2281 0 48
2282 0 49
2283 2 0
2284 48 49
2285 0 0
2286 49 49
2287 3 0
2288 0 48
2289 48 0
2290 0 1
2291 49 0
2292 48 0
2293 0 0
2294 49 0
2295 0 49
2296 48 49
2297 0 1
2298 2 0
2299 48 0
2300 49 0
2301 49 49
2302 0 48
2303 0 0
2304 3 0
2305 48 0
2306 48 49
2307 0 1
2308 0 49
2309 0 0
2310 0 48
2311 0 49
2312 49 49
2313 0 1
2314 0 48
2315 2 0
2316 0 0
2317 0 49
2318 0 1
2319 49 0
2320 48 49
2321 49 49
2322 1 0
2323 0 0
2324 48 49
2325 0 48
2326 0 1
2327 49 49
2328 48 49
2329 48 0
2330 49 49
2331 49 0
2332 48 49
2333 49 49
2334 48 49
2335 2 0
2336 1 0
2337 0 2
2338 0 1
2339 0 49
2340 0 48
2341 0 2
2342 48 0
2343 0 49
2344 0 0
2345 49 0
2346 48 0
2347 0 48
2348 49 0
2349 49 49
2350 48 49
2351 48 0
2352 0 1
2353 0 49
2354 0 48
2355 0 2
2356 49 49
2357 0 3
2358 0 49
2359 49 0
2360 48 49
2361 49 49
2362 48 49
2363 0 2
2364 0 48
2365 48 0
2366 1 0
2367 0 1
2368 0 2
2369 0 49
2370 49 49
2371 48 49
2372 49 49
2373 0 0
2374 1 0
2375 0 48
2376 0 0
2377 0 49
2378 1 0
2379 48 49
2380 0 0
2381 1 0
2382 0 1
2383 49 0
2384 48 0
2385 49 0
2386 49 49
2387 2 0
2388 0 0
2389 0 1
2390 0 48
2391 48 49
2392 0 0
2393 48 0
2394 0 1
2395 49 49
2396 49 0
2397 1 0
2398 0 49
2399 48 49
2400 2 0
2401 0 0
2402 49 49
2403 3 0
2404 48 0
2405 48 49
2406 0 48
2407 2 0
2408 0 49
2409 3 0
2410 49 0
2411 48 0
2412 0 1
2413 0 0
2414 0 48
2415 49 0
2416 0 49
2417 2 0
2418 48 0
2419 3 0
2420 0 48
2421 2 0
2422 49 0
2423 1 0
2424 0 49
2425 0 0
2426 0 48
2427 49 49
2428 48 49
2429 0 49
2430 0 1
2431 0 0
2432 48 0
2433 49 49
2434 49 0
2435 0 1
2436 0 48
2437 0 49
2438 1 0
2439 48 49
2440 2 0
2441 0 0
2442 49 49
2443 48 0
2444 3 0
2445 2 0
2446 0 1
2447 0 0
2448 0 1
2449 0 48
2450 48 49
2451 0 0
2452 49 49
2453 49 0
2454 3 0
2455 2 0
2456 0 49
2457 0 1
2458 1 0
2459 48 49
2460 2 0
2461 1 0
2462 48 0
2463 49 49
2464 2 0
2465 49 0
2466 48 49
2467 0 0
2468 0 48
2469 48 0
2470 49 49
2471 49 0
2472 0 1
2473 0 49
2474 1 0
2475 48 49
2476 0 48
2477 49 49
2478 0 2
2479 0 0
2480 48 0
2481 0 3
2482 0 1
2483 0 4
2484 48 49
2485 0 0
2486 49 0
2487 48 0
2488 0 1
2489 49 49
2490 0 0
2491 0 3
2492 0 49
2493 48 49
2494 0 48
2495 0 1
2496 0 0
2497 49 0
2498 0 2
2499 48 0
2500 49 49
2501 1 0
2502 0 1
2503 0 49
2504 2 0
2505 49 0
2506 1 0
2507 48 0
2508 0 48
2509 49 0
2510 0 2
2511 0 49
2512 0 0
2513 1 0
2514 48 0
2515 48 49
2516 0 0
2517 0 48
2518 1 0
2519 49 0
2520 48 0
2521 0 49
2522 0 1
2523 49 49
2524 49 0
2525 0 0
2526 48 0
2527 0 48
2528 49 0
2529 0 1
2530 0 49
2531 48 0
2532 0 0
2533 49 0
2534 48 49
2535 49 49
2536 48 49
2537 0 48
2538 0 1
2539 0 2
2540 0 49
2541 49 49
2542 48 49
2543 0 1
2544 2 0
2545 0 0
2546 3 0
2547 2 0
2548 0 1
2549 49 49
2550 1 0
2551 48 0
2552 0 48
2553 48 49
2554 0 2
2555 0 0
2556 0 49
2557 49 49
2558 1 0
2559 48 49
2560 0 1
2561 49 49
2562 2 0
2563 1 0
2564 2 0
2565 0 48
2566 1 0
2567 48 49
2568 0 49
2569 2 0
2570 0 0
2571 0 1
2572 49 49
2573 1 0
2574 0 48
2575 49 0
2576 0 2
2577 48 0
2578 0 49
2579 0 48
2580 49 0
2581 0 49
2582 0 0
2583 48 49
2584 48 0
2585 49 0
2586 48 0
2587 49 49
2588 48 49
2589 0 3
2590 0 1
2591 49 0
2592 0 48
2593 0 4
2594 48 0
2595 49 49
2596 0 3
2597 0 49
2598 49 0
2599 48 49
2600 48 0
2601 0 0
2602 0 2
2603 0 3
2604 0 48
2605 0 1
2606 0 4
2607 0 3
2608 0 49
2609 0 0
2610 0 48
2611 0 49
2612 0 48
2613 0 2
2614 49 49
2615 0 1
2616 0 0
2617 48 49
2618 49 49
2619 1 0
2620 48 49
2621 0 49
2622 49 0
2623 0 0
2624 1 0
2625 0 0
2626 49 49
2627 48 0
2628 0 3
2629 48 49
2630 0 1
2631 0 0
2632 0 1
2633 49 49
2634 0 4
2635 0 0
2636 48 49
2637 0 3
2638 49 49
2639 0 2
2640 48 49
2641 1 0
2642 0 0
2643 1 0
2644 49 49
2645 0 1
2646 0 48
2647 2 0
2648 49 0
2649 1 0
2650 0 2
2651 48 49
2652 0 0
2653 49 49
2654 0 49
2655 48 0
2656 1 0
2657 0 48
2658 0 1
2659 49 0
2660 0 49
2661 2 0
2662 1 0
2663 0 0
2664 48 0
2665 0 1
2666 0 2
2667 49 0
2668 48 0
2669 49 0
2670 0 1
2671 48 0
2672 0 48
2673 48 49
2674 49 0
2675 0 2
2676 0 0
2677 0 49
2678 48 0
2679 0 48
2680 0 49
2681 1 0
2682 49 49
2683 49 0
2684 0 48
2685 48 49
2686 0 1
2687 0 2
2688 0 0
2689 48 0
2690 49 0
2691 0 3
2692 48 0
2693 49 0
2694 0 1
2695 0 49
2696 49 49
2697 0 48
2698 48 0
2699 0 0
2700 0 2
2701 49 0
2702 0 49
2703 0 3
2704 0 48
2705 0 1
2706 0 0
2707 48 49
2708 48 0
2709 49 0
2710 0 2
2711 1 0
2712 0 0
2713 48 0
2714 49 0
2715 49 49
2716 48 49
2717 0 3
2718 0 1
2719 0 4
2720 48 0
2721 0 49
2722 49 49
2723 0 48
2724 0 49
2725 49 0
2726 0 48
2727 0 0
2728 48 49
2729 0 3
2730 0 1
2731 0 0
2732 0 49
2733 49 49
2734 48 49
2735 49 49
2736 0 1
2737 0 4
2738 48 49
2739 0 3
2740 0 48
2741 0 4
2742 49 49
2743 0 49
2744 0 3
2745 48 49
2746 48 0
2747 0 0
2748 49 0
2749 49 49
2750 0 1
2751 48 49
2752 48 0
2753 0 48
2754 0 49
2755 0 48
2756 49 49
2757 48 49
2758 49 49
2759 0 0
2760 0 1
2761 0 4
2762 0 49
2763 0 0
2764 0 48
2765 0 3
2766 0 1
2767 48 49
2768 49 49
2769 49 0
2770 0 2
2771 48 49
2772 49 49
2773 0 3
2774 0 4
2775 0 49
2776 48 0
2777 0 3
2778 48 49
2779 0 4
2780 49 0
2781 0 0
2782 48 0
2783 49 49
2784 0 3
2785 49 0
2786 0 1
2787 0 48
2788 0 4
2789 0 49
2790 48 49
2791 48 0
2792 49 49
2793 0 0
2794 49 0
2795 0 48
2796 48 49
2797 0 1
2798 48 0
2799 49 0
2800 0 3
2801 48 0
2802 0 4
2803 49 49
2804 49 0
2805 48 0
2806 0 0
2807 49 0
2808 48 49
2809 0 49
2810 0 3
2811 0 48
2812 0 2
2813 0 49
2814 49 49
2815 0 48
2816 0 49
2817 48 0
2818 0 3
2819 48 49
2820 49 0
2821 0 48
2822 0 2
2823 0 3
2824 48 0
2825 0 1
2826 0 4
2827 0 3
2828 0 4
2829 49 0
2830 0 0
2831 0 3
2832 0 49
2833 48 0
2834 49 0
2835 48 0
2836 0 48
2837 0 1
2838 0 0
2839 49 0
2840 48 0
2841 49 49
2842 49 0
2843 48 49
2844 0 49
2845 49 49
2846 0 2
2847 48 49
2848 48 0
2849 49 0
2850 0 48
2851 0 49
2852 1 0
2853 0 0
2854 49 49
2855 1 0
2856 0 1
2857 48 0
2858 0 48
2859 0 0
2860 48 49
2861 49 49
2862 48 49
2863 49 0
2864 49 49
2865 0 49
2866 48 0
2867 1 0
2868 48 49
2869 0 48
2870 2 0
2871 49 49
2872 48 49
2873 0 0
2874 3 0
2875 49 0
2876 0 49
2877 0 48
2878 48 0
2879 2 0
2880 49 49
2881 1 0
2882 48 49
2883 49 49
2884 48 49
2885 49 49
2886 0 49
2887 49 0
2888 0 0
2889 48 0
2890 48 49
2891 49 49
2892 0 48
2893 3 0
2894 2 0
2895 0 1
2896 0 49
2897 1 0
2898 0 2
2899 0 48
2900 0 1
2901 2 0
2902 1 0
2903 0 49
2904 0 48
2905 49 0
2906 0 2
2907 0 0
2908 48 0
2909 0 3
2910 48 49
2911 49 0
2912 0 49
2913 0 1
2914 49 49
2915 0 48
2916 0 4
2917 48 49
2918 0 3
2919 48 0
2920 0 4
2921 49 0
2922 49 49
2923 0 49
2924 0 0
2925 48 0
2926 48 49
2927 49 0
2928 0 1
2929 0 3
2930 0 48
2931 49 49
2932 48 0
2933 0 4
2934 0 3
2935 49 0
2936 0 49
2937 0 4
2938 0 48
2939 0 0
2940 0 3
2941 0 2
2942 0 49
2943 0 3
2944 0 1
2945 48 49
2946 0 0
2947 0 2
2948 49 49
2949 0 48
2950 48 0
2951 0 1
2952 48 49
2953 49 49
2954 0 0
2955 1 0
2956 0 0
2957 0 49
2958 48 49
2959 0 48
2960 49 49
2961 0 49
2962 1 0
2963 0 1
2964 0 48
2965 0 2
2966 0 0
2967 48 49
2968 49 0
2969 1 0
2970 48 0
2971 0 49
2972 49 49
2973 0 0
2974 48 49
2975 49 0
2976 0 48
2977 48 0
2978 49 0
2979 0 3
2980 49 49
2981 0 2
2982 0 49
2983 0 3
2984 0 48
2985 0 49
2986 0 1
2987 0 0
2988 0 2
2989 0 1
2990 0 48
2991 0 0
2992 48 49
2993 48 0
2994 0 49
2995 0 48
2996 49 49
2997 49 0
2998 0 49
2999 1 0
3000 0 1
3001 2 0
3002 48 49
3003 0 48
3004 49 49
3005 0 0
3006 0 49
3007 0 48
3008 48 49
3009 49 49
3010 3 0
3011 2 0
3012 48 49
3013 0 1
3014 49 49
3015 1 0
3016 0 49
3017 48 49
3018 49 49
3019 0 48
3020 48 49
3021 48 0
3022 0 2
3023 49 0
3024 49 49
3025 0 1
3026 48 49
3027 48 0
3028 0 49
3029 0 2
3030 0 0
3031 0 48
3032 0 49
3033 1 0
3034 0 0
3035 0 3
3036 0 1
3037 0 0
3038 49 0
3039 0 1
3040 0 48
3041 0 4
3042 49 49
3043 48 49
3044 48 0
3045 0 3
3046 0 49
3047 0 0
3048 0 2
3049 1 0
3050 0 0
3051 49 49
3052 49 0
3053 48 0
3054 48 49
3055 1 0
3056 0 1
3057 0 2
3058 0 0
3059 49 0
3060 49 49
3061 0 3
3062 0 1
3063 0 4
3064 48 49
3065 49 49
3066 0 0
3067 48 49
3068 0 48
3069 0 1
3070 0 3
3071 0 4
3072 0 3
3073 48 0
3074 0 0
3075 49 0
3076 49 49
3077 48 0
3078 0 2
3079 0 49
3080 48 49
3081 0 48
3082 1 0
3083 49 0
3084 0 49
3085 48 0
3086 0 0
3087 0 3
3088 49 0
3089 0 2
3090 1 0
3091 0 0
3092 0 48
3093 1 0
3094 0 49
3095 49 49
3096 48 49
3097 48 0
3098 0 0
3099 0 48
3100 0 3
3101 49 0
3102 49 49
3103 0 2
3104 0 49
3105 0 48
3106 0 49
3107 0 3
3108 0 1
3109 0 0
3110 0 1
3111 48 0
3112 48 49
3113 0 4
3114 49 0
3115 0 48
3116 0 0
3117 0 49
3118 48 0
3119 49 0
3120 0 1
3121 0 0
3122 48 0
3123 49 0
3124 0 48
3125 0 3
3126 49 49
3127 48 0
3128 48 49
3129 0 2
3130 1 0
3131 0 0
3132 0 3
3133 0 2
3134 0 49
3135 1 0
3136 49 49
3137 49 0
3138 0 0
3139 48 49
3140 48 0
3141 0 3
3142 49 49
3143 48 49
3144 49 49
3145 49 0
3146 48 49
3147 0 2
3148 1 0
3149 48 0
3150 0 1
3151 49 0
3152 49 49
3153 0 2
3154 48 49
3155 49 49
3156 48 49
3157 0 0
3158 48 0
3159 1 0
3160 49 49
3161 48 49
3162 0 0
3163 49 0
3164 48 0
3165 49 0
3166 0 3
3167 0 2
3168 0 3
3169 49 49
3170 0 1
3171 0 48
3172 0 4
3173 0 49
3174 0 48
3175 0 0
3176 48 49
3177 0 3
3178 48 0
3179 0 2
3180 49 49
3181 48 49
3182 49 49
3183 49 0
3184 48 49
3185 0 49
3186 48 0
3187 0 3
3188 0 48
3189 49 0
3190 0 49
3191 0 1
3192 0 48
3193 0 4
3194 49 49
3195 0 0
3196 0 3
3197 0 49
3198 48 0
3199 0 2
3200 49 0
3201 48 49
3202 0 3
3203 0 1
3204 49 49
3205 0 4
3206 0 0
3207 48 0
3208 0 3
3209 0 48
3210 0 2
3211 49 0
3212 48 49
3213 0 49
3214 48 0
3215 0 3
3216 49 0
3217 49 49
3218 0 48
3219 48 49
3220 0 49
3221 0 1
3222 0 0
3223 0 48
3224 48 0
3225 0 49
3226 0 48
3227 0 49
3228 49 49
3229 48 49
3230 49 49
3231 0 1
3232 48 49
3233 0 48
3234 49 0
3235 49 49
3236 48 0
3237 0 0
3238 0 1
3239 48 49
3240 0 49
3241 0 4
3242 49 49
3243 48 49
3244 49 49
3245 49 0
3246 48 0
3247 49 0
3248 48 0
3249 0 0
3250 0 3
3251 0 2
3252 0 3
3253 0 1
3254 0 48
3255 0 4
3256 48 49
3257 0 49
3258 0 48
3259 0 49
3260 49 49
3261 0 48
3262 0 49
3263 49 0
3264 0 0
3265 48 49
3266 0 1
3267 49 49
3268 48 0
3269 0 48
3270 0 3
3271 0 0
3272 0 49
3273 0 1
3274 0 2
3275 49 0
3276 0 48
3277 0 49
3278 48 0
3279 48 49
3280 49 0
3281 49 49
3282 48 49
3283 49 49
3284 48 0
3285 49 0
3286 0 3
3287 0 0
3288 0 2
3289 0 3
3290 0 1
3291 48 0
3292 0 4
3293 0 0
3294 0 1
3295 48 49
3296 0 0
3297 49 49
3298 48 49
3299 0 3
3300 0 48
3301 49 0
3302 0 49
3303 48 0
3304 0 48
3305 0 49
3306 0 1
3307 0 48
3308 0 49
3309 0 48
3310 0 4
3311 0 3
3312 0 4
3313 49 0
3314 49 49
3315 48 0
3316 0 49
3317 0 48
3318 0 49
3319 0 0
3320 48 49
3321 49 0
3322 0 3
3323 0 48
3324 0 1
3325 0 0
3326 0 2
3327 1 0
3328 0 49
3329 0 0
3330 48 0
3331 0 48
3332 1 0
3333 49 0
3334 0 1
3335 0 2
3336 0 1
3337 0 2
3338 0 1
3339 2 0
3340 0 49
3341 0 48
3342 0 0
3343 3 0
3344 0 1
3345 0 49
3346 48 0
3347 49 0
3348 48 0
3349 0 0
3350 49 0
3351 48 0
3352 0 1
3353 2 0
3354 0 0
3355 0 48
3356 0 49
3357 0 1
3358 0 0
3359 0 48
3360 0 1
3361 49 0
3362 0 0
3363 3 0
3364 49 49
3365 48 49
3366 2 0
3367 49 49
3368 48 49
3369 0 1
3370 1 0
3371 0 2
3372 0 0
3373 49 49
3374 0 49
3375 48 0
3376 0 48
3377 49 0
3378 1 0
3379 0 49
3380 0 0
3381 0 48
3382 0 3
3383 48 49
3384 48 0
3385 49 0
3386 0 2
3387 48 0
3388 1 0
3389 0 0
3390 1 0
3391 0 49
3392 49 0
3393 49 49
3394 0 0
3395 0 48
3396 1 0
3397 0 1
3398 0 2
3399 48 49
3400 0 1
3401 2 0
3402 49 49
3403 48 0
3404 0 0
3405 0 49
3406 0 48
3407 0 49
3408 0 48
3409 3 0
3410 0 49
3411 49 0
3412 0 48
3413 0 49
3414 48 0
3415 49 0
3416 48 49
3417 0 1
3418 48 0
3419 49 0
3420 2 0
3421 0 0
3422 48 0
3423 0 1
3424 49 49
3425 1 0
3426 48 49
3427 0 0
3428 49 0
3429 49 49
3430 48 49
3431 0 1
3432 0 2
3433 0 48
3434 49 49
3435 0 1
3436 48 0
3437 0 2
3438 49 0
3439 48 49
3440 0 1
3441 48 0
3442 2 0
3443 1 0
3444 0 2
3445 0 0
3446 1 0
3447 49 0
3448 0 49
3449 49 49
3450 0 1
3451 48 0
3452 2 0
3453 0 0
3454 1 0
3455 0 48
3456 49 0
3457 48 49
3458 48 0
3459 49 0
3460 0 49
3461 49 49
3462 48 49
3463 2 0
3464 3 0
3465 0 48
3466 48 0
3467 2 0
3468 0 49
3469 49 49
3470 0 48
3471 49 0
3472 0 1
3473 48 49
3474 1 0
3475 48 0
3476 49 0
3477 0 49
3478 2 0
3479 48 0
3480 1 0
3481 49 0
3482 0 2
3483 48 0
3484 49 0
3485 0 0
3486 1 0
3487 0 48
3488 48 0
3489 49 49
3490 0 0
3491 1 0
3492 48 49
3493 0 0
3494 0 1
3495 49 0
3496 49 49
3497 0 2
3498 48 49
3499 48 0
3500 0 49
3501 49 49
3502 0 48
3503 0 49
3504 49 0
3505 48 49
3506 49 49
3507 0 48
3508 0 49
3509 0 3
3510 0 2
3511 0 48
3512 0 3
3513 48 49
3514 0 2
3515 48 0
3516 49 49
3517 48 49
3518 49 0
3519 1 0
3520 0 1
3521 49 49
3522 0 2
3523 48 0
3524 49 0
3525 48 0
3526 0 1
3527 2 0
3528 1 0
3529 49 0
3530 0 49
3531 0 2
3532 0 0
3533 48 49
3534 48 0
3535 0 1
3536 0 48
3537 0 49
3538 49 0
3539 48 0
3540 0 48
3541 0 0
3542 0 49
3543 49 0
3544 49 49
3545 0 48
3546 48 49
3547 48 0
3548 0 3
3549 49 0
3550 0 1
3551 0 4
3552 0 3
3553 0 0
3554 49 49
3555 0 49
3556 48 0
3557 48 49
3558 0 1
3559 0 0
3560 0 1
3561 0 48
3562 0 49
3563 0 4
3564 0 3
3565 49 49
3566 48 49
3567 0 0
3568 0 48
3569 49 49
3570 48 49
3571 0 49
3572 0 1
3573 0 2
3574 0 48
3575 0 3
3576 49 0
3577 49 49
3578 0 2
3579 0 49
3580 0 48
3581 48 49
3582 48 0
3583 49 0
3584 0 49
3585 0 48
3586 0 49
3587 0 3
3588 49 49
3589 0 2
3590 48 49
3591 49 49
3592 48 0
3593 49 0
3594 0 48
3595 48 49
3596 0 49
3597 49 49
3598 0 3
3599 0 4
3600 48 0
3601 49 0
3602 48 49
3603 0 0
3604 0 1
3605 48 0
3606 0 0
3607 0 48
3608 49 49
3609 49 0
3610 0 1
3611 48 49
3612 48 0
3613 49 0
3614 0 3
3615 0 4
3616 0 0
3617 48 0
3618 0 3
3619 0 49
3620 49 49
3621 49 0
3622 48 49
3623 0 1
3624 0 0
3625 49 49
3626 0 48
3627 48 0
3628 49 0
3629 0 49
3630 0 48
3631 0 49
3632 48 0
3633 0 1
3634 0 48
3635 0 4
3636 49 0
3637 48 0
3638 0 3
3639 0 49
3640 0 0
3641 0 2
3642 48 49
3643 49 49
3644 0 1
3645 0 48
3646 49 0
3647 48 49
3648 49 49
3649 0 49
3650 48 49
3651 48 0
3652 49 49
3653 0 48
3654 48 49
3655 49 0
3656 0 49
3657 0 48
3658 1 0
3659 0 49
3660 0 2
3661 0 0
3662 0 48
3663 0 49
3664 0 3
3665 0 1
3666 0 48
3667 49 49
3668 48 49
3669 0 49
3670 0 0
3671 0 1
3672 48 0
3673 0 4
3674 0 3
3675 0 4
3676 0 3
3677 49 49
3678 0 48
3679 0 4
3680 49 0
3681 0 0
3682 48 0
3683 0 1
3684 0 0
3685 48 49
3686 0 49
3687 49 49
3688 0 3
3689 48 49
3690 49 49
3691 0 2
3692 0 3
3693 0 48
3694 0 49
3695 49 0
3696 48 0
3697 48 49
3698 0 1
3699 0 48
3700 49 0
3701 49 49
3702 48 0
3703 49 0
3704 48 0
3705 0 4
3706 0 3
3707 0 4
3708 0 49
3709 0 48
3710 0 0
3711 0 1
3712 0 49
3713 48 49
3714 0 0
3715 49 0
3716 0 48
3717 48 0
3718 49 0
3719 0 49
3720 0 48
3721 49 49
3722 48 0
3723 49 0
3724 48 49
3725 48 0
3726 49 0
3727 0 49
3728 0 48
3729 0 1
3730 0 3
3731 0 0
3732 48 0
3733 0 49
3734 49 0
3735 49 49
3736 0 1
3737 48 0
3738 0 0
3739 0 48
3740 48 49
3741 0 2
3742 0 49
3743 1 0
3744 0 48
3745 0 1
3746 0 2
3747 0 1
3748 2 0
3749 0 49
3750 0 48
3751 0 49
3752 0 48
3753 0 0
3754 0 1
3755 49 49
3756 48 49
3757 49 49
3758 49 0
3759 0 49
3760 48 0
3761 0 48
3762 0 49
3763 0 48
3764 1 0
3765 0 2
3766 0 49
3767 0 0
3768 1 0
3769 0 1
3770 0 48
3771 0 2
3772 49 0
3773 48 0
3774 0 0
3775 49 0
3776 48 0
3777 49 0
3778 48 0
3779 1 0
3780 49 0
3781 0 49
3782 0 0
3783 48 0
3784 49 0
3785 0 3
3786 48 0
3787 0 48
3788 0 2
3789 1 0
3790 0 0
3791 49 0
3792 0 49
3793 48 49
3794 49 49
3795 0 48
3796 1 0
3797 0 0
3798 0 1
3799 0 49
3800 0 48
3801 0 49
3802 0 2
3803 48 49
3804 48 0
3805 0 1
3806 0 2
3807 0 3
3808 0 2
3809 0 48
3810 0 3
3811 0 2
3812 49 0
3813 0 3
3814 0 49
3815 0 48
3816 0 49
3817 0 1
3818 0 4
3819 49 49
3820 0 3
3821 0 0
3822 0 2
3823 48 49
3824 1 0
3825 49 49
3826 0 48
3827 0 0
3828 48 0
3829 0 3
3830 0 1
3831 48 49
3832 0 0
3833 49 49
3834 49 0
3835 48 0
3836 0 49
3837 0 2
3838 49 0
3839 0 48
3840 0 49
3841 1 0
3842 48 0
3843 0 1
3844 0 48
3845 0 49
3846 48 49
3847 2 0
3848 49 0
3849 0 0
3850 3 0
3851 0 48
3852 0 1
3853 0 49
3854 49 49
3855 48 49
3856 0 0
3857 0 1
3858 49 49
3859 48 0
3860 49 0
3861 0 0
3862 0 1
3863 0 0
3864 48 49
3865 2 0
3866 0 1
3867 0 0
3868 49 49
3869 3 0
3870 2 0
3871 48 49
3872 48 0
3873 49 0
3874 49 49
3875 3 0
3876 48 0
3877 48 49
3878 0 1
3879 49 49
3880 0 0
3881 48 49
3882 2 0
3883 49 49
3884 0 1
3885 0 48
3886 49 0
3887 48 0
3888 48 49
3889 0 49
3890 49 0
3891 49 49
3892 1 0
3893 0 48
3894 2 0
3895 48 0
3896 0 0
3897 49 0
3898 48 49
3899 48 0
3900 0 1
3901 1 0
3902 49 49
3903 0 49
3904 0 0
3905 49 0
3906 1 0
3907 48 49
3908 48 0
3909 49 49
3910 49 0
3911 48 0
3912 48 49
3913 49 49
3914 48 49
3915 49 0
3916 2 0
3917 49 49
3918 0 48
3919 1 0
3920 48 0
3921 49 0
3922 0 49
3923 0 2
3924 48 0
3925 49 0
3926 0 48
3927 48 0
3928 0 49
3929 0 48
3930 0 49
3931 0 1
3932 0 2
3933 0 0
3934 48 49
3935 0 48
3936 49 49
3937 1 0
3938 0 1
3939 2 0
3940 0 0
3941 0 1
3942 48 49
3943 0 0
3944 0 1
3945 49 49
3946 1 0
3947 49 0
3948 2 0
3949 0 0
3950 3 0
3951 48 49
3952 2 0
3953 49 49
3954 0 49
3955 3 0
3956 48 49
3957 49 49
3958 48 49
3959 0 48
3960 0 1
3961 48 0
3962 0 0
3963 49 0
3964 0 1
3965 2 0
3966 0 49
3967 49 49
3968 0 0
3969 3 0
3970 48 0
3971 0 48
3972 2 0
3973 1 0
3974 48 49
3975 49 0
3976 0 49
3977 0 48
3978 0 49
3979 48 0
3980 0 0
3981 1 0
3982 49 49
3983 49 0
3984 48 49
3985 0 0
3986 49 49
3987 0 1
3988 48 0
3989 49 0
3990 48 0
3991 0 48
3992 1 0
3993 48 49
3994 0 2
3995 49 0
3996 0 1
3997 0 2
3998 48 0
3999 49 0
4000 0 1
4001 2 0
4002 0 0
4003 0 1
4004 0 0
4005 0 1
4006 0 49
4007 1 0
4008 0 2
4009 48 0
4010 49 0
4011 49 49
4012 0 0
4013 48 49
4014 0 3
4015 0 2
4016 48 0
4017 1 0
4018 0 48
4019 49 0
4020 0 49
4021 49 49
4022 0 1
4023 0 2
4024 48 49
4025 49 49
4026 0 0
4027 0 3
4028 48 49
4029 49 49
4030 0 48
4031 0 49
4032 48 49
4033 49 49
4034 0 1
4035 0 4
4036 48 0
4037 0 0
4038 48 49
4039 0 48
4040 49 0
4041 49 49
4042 0 3
4043 0 2
4044 48 0
4045 1 0
4046 49 0
4047 0 1
4048 0 2
4049 48 49
4050 49 49
4051 0 1
4052 2 0
4053 0 49
4054 48 0
4055 1 0
4056 0 2
4057 0 0
4058 0 48
4059 0 49
4060 0 1
4061 0 48
4062 49 0
4063 48 49
4064 0 49
4065 48 0
4066 0 0
4067 49 0
4068 0 1
4069 0 0
4070 48 0
4071 1 0
4072 0 48
4073 49 49
4074 0 49
4075 49 0
4076 48 0
4077 48 49
4078 49 0
4079 0 0
4080 0 1
4081 0 48
4082 48 0
4083 0 49
4084 49 49
4085 48 49
4086 0 48
4087 0 49
4088 0 48
4089 0 2
4090 49 0
4091 0 3
4092 0 1
4093 48 0
4094 0 4
4095 0 0
4096 0 1
4097 0 0
4098 0 49
4099 0 1
4100 0 0
4101 49 49
4102 0 1
4103 0 0
4104 0 1
4105 48 49
4106 0 0
4107 0 3
4108 0 1
4109 0 48
4110 0 0
4111 0 1
4112 49 49
4113 49 0
4114 0 0
4115 0 2
4116 48 49
4117 0 49
4118 48 0
4119 1 0
4120 0 48
4121 0 49
4122 49 0
4123 0 48
4124 48 0
4125 0 49
4126 49 0
4127 0 1
4128 0 48
4129 0 2
4130 48 0
4131 0 1
4132 0 2
4133 0 49
4134 0 48
4135 0 0
4136 49 49
4137 48 49
4138 49 0
4139 1 0
4140 48 0
4141 49 49
4142 0 49
4143 48 49
4144 49 49
4145 0 1
4146 0 48
4147 48 49
4148 49 49
4149 0 49
4150 48 49
4151 2 0
4152 0 0
4153 49 0
4154 49 49
4155 48 49
4156 3 0
4157 0 1
4158 49 49
4159 0 48
4160 48 0
4161 0 49
4162 48 49
4163 0 48
4164 0 49
4165 0 48
4166 49 49
4167 0 0
4168 48 49
4169 2 0
4170 49 0
4171 0 1
4172 0 0
4173 1 0
4174 2 0
4175 0 49
4176 48 0
4177 49 49
4178 48 49
4179 1 0
4180 2 0
4181 49 49
4182 48 49
4183 0 48
4184 49 49
4185 1 0
4186 0 49
4187 0 48
4188 49 0
4189 48 0
4190 48 49
4191 2 0
4192 49 49
4193 48 49
4194 49 0
4195 49 49
4196 48 49
4197 0 1
4198 0 0
4199 3 0
4200 2 0
4201 0 49
4202 0 1
4203 0 0
4204 49 49
4205 0 48
4206 0 1
4207 1 0
4208 2 0
4209 48 49
4210 1 0
4211 0 2
4212 49 49
4213 48 0
4214 49 0
4215 48 0
4216 0 1
4217 0 2
4218 0 0
4219 0 49
4220 49 0
4221 48 49
4222 48 0
4223 49 0
4224 48 0
4225 49 0
4226 49 49
4227 0 3
4228 0 48
4229 0 49
4230 48 49
4231 0 1
4232 0 48
4233 0 0
4234 0 2
4235 1 0
4236 49 49
4237 0 49
4238 48 49
4239 48 0
4240 0 1
4241 2 0
4242 0 48
4243 1 0
4244 49 49
4245 0 2
4246 0 1
4247 0 0
4248 1 0
4249 2 0
4250 48 49
4251 49 49
4252 48 49
4253 49 0
4254 48 0
4255 1 0
4256 49 0
4257 48 0
4258 49 0
4259 0 2
4260 49 49
4261 0 1
4262 48 0
4263 49 0
4264 0 49
4265 0 48
4266 48 49
4267 48 0
4268 2 0
4269 0 49
4270 0 0
4271 0 48
4272 49 0
4273 0 1
4274 0 49
4275 0 0
4276 1 0
4277 2 0
4278 3 0
4279 48 0
4280 0 48
4281 49 0
4282 48 0
4283 2 0
4284 49 49
4285 0 49
4286 48 49
4287 0 1
4288 0 48
4289 0 49
4290 0 0
4291 49 49
4292 0 48
4293 3 0
4294 48 49
4295 49 49
4296 0 49
4297 0 48
4298 0 49
4299 0 1
4300 48 49
4301 0 48
4302 0 49
4303 0 0
4304 0 48
4305 49 49
4306 2 0
4307 49 0
4308 48 49
4309 3 0
4310 49 49
4311 0 1
4312 0 0
4313 2 0
4314 48 49
4315 1 0
4316 48 0
4317 49 0
4318 49 49
4319 0 49
4320 0 0
4321 48 49
4322 48 0
4323 49 0
4324 0 48
4325 49 49
4326 48 0
4327 3 0
4328 48 49
4329 49 49
4330 2 0
4331 49 0
4332 0 1
4333 0 0
4334 0 1
4335 0 49
4336 48 49
4337 1 0
4338 2 0
4339 48 0
4340 0 0
4341 49 0
4342 0 48
4343 0 49
4344 1 0
4345 48 0
4346 49 0
4347 49 49
4348 0 48
4349 48 0
4350 0 49
4351 0 48
4352 48 49
4353 49 0
4354 49 49
4355 48 0
4356 3 0
4357 0 0
4358 0 49
4359 49 0
4360 48 0
4361 0 1
4362 0 48
4363 49 0
4364 48 0
4365 0 0
4366 2 0
4367 3 0
4368 0 1
4369 2 0
4370 1 0
4371 0 49
4372 0 48
4373 2 0
4374 0 0
4375 48 49
4376 49 49
4377 49 0
4378 1 0
4379 0 49
4380 48 0
4381 48 49
4382 49 49
4383 49 0
4384 48 0
4385 0 48
4386 0 49
4387 49 0
4388 0 48
4389 48 49
4390 49 49
4391 0 1
4392 48 49
4393 0 49
4394 2 0
4395 0 0
4396 48 0
4397 49 0
4398 0 1
4399 48 0
4400 0 0
4401 49 49
4402 3 0
4403 48 49
4404 49 49
4405 2 0
4406 3 0
4407 48 49
4408 49 0
4409 2 0
4410 3 0
4411 49 49
4412 0 1
4413 48 49
4414 2 0
4415 48 0
4416 49 49
4417 1 0
4418 0 0
4419 0 48
4420 0 49
4421 48 49
4422 0 1
4423 0 2
4424 0 1
4425 0 48
4426 0 49
4427 49 0
4428 0 48
4429 49 49
4430 2 0
4431 0 49
4432 1 0
4433 0 2
4434 48 49
4435 0 48
4436 0 0
4437 0 3
4438 49 49
4439 0 49
4440 0 1
4441 0 0
4442 0 2
4443 48 0
4444 0 3
4445 49 0
4446 0 48
4447 48 0
4448 0 1
4449 48 49
4450 0 0
4451 0 1
4452 49 49
4453 0 0
4454 48 49
4455 0 1
4456 49 49
4457 0 49
4458 0 2
4459 0 48
4460 0 49
4461 48 49
4462 49 49
4463 0 3
4464 48 49
4465 49 0
4466 49 49
4467 48 49
4468 0 4
4469 0 48
4470 49 49
4471 0 49
4472 48 0
4473 0 0
4474 0 48
4475 49 0
4476 0 49
4477 0 1
4478 0 3
4479 0 0
4480 0 1
4481 48 0
4482 0 48
4483 49 0
4484 0 0
4485 0 49
4486 48 0
4487 0 2
4488 0 3
4489 0 48
4490 0 1
4491 48 49
4492 0 4
4493 0 0
4494 0 49
4495 49 0
4496 0 1
4497 0 0
4498 48 0
4499 49 49
4500 0 48
4501 0 49
4502 0 48
4503 0 3
4504 49 0
4505 48 49
4506 0 2
4507 48 0
4508 49 0
4509 1 0
4510 0 1
4511 0 2
4512 0 49
4513 49 49
4514 48 49
4515 0 48
4516 0 1
4517 2 0
4518 0 0
4519 3 0
4520 0 1
4521 48 0
4522 49 0
4523 0 0
4524 0 49
4525 0 48
4526 0 1
4527 2 0
4528 49 49
4529 48 0
4530 48 49
4531 1 0
4532 49 0
4533 2 0
4534 1 0
4535 2 0
4536 0 0
4537 0 49
4538 3 0
4539 2 0
4540 49 49
4541 0 48
4542 0 49
4543 48 49
4544 0 48
4545 1 0
4546 0 0
4547 48 0
4548 0 49
4549 0 48
4550 49 0
4551 0 1
4552 48 0
4553 49 0
4554 48 0
4555 49 0
4556 1 0
4557 0 49
4558 0 48
4559 48 0
4560 0 2
4561 0 1
4562 0 49
4563 0 48
4564 2 0
4565 49 0
4566 0 49
4567 1 0
4568 0 48
4569 48 0
4570 2 0
4571 49 49
4572 48 49
4573 1 0
4574 0 2
4575 0 49
4576 0 1
4577 2 0
4578 0 48
4579 0 0
4580 49 49
4581 3 0
4582 2 0
4583 0 49
4584 48 49
4585 49 49
4586 3 0
4587 48 49
4588 0 1
4589 49 49
4590 2 0
4591 48 49
4592 0 0
4593 0 1
4594 0 48
4595 0 49
4596 0 48
4597 0 0
4598 0 49
4599 0 1
4600 0 48
4601 1 0
4602 0 2
4603 0 0
4604 0 3
4605 0 49
4606 49 0
4607 48 0
4608 0 1
4609 0 0
4610 0 1
4611 0 48
4612 49 49
4613 0 49
4614 0 0
4615 48 49
4616 0 2
4617 49 49
4618 0 3
4619 0 2
4620 0 48
4621 0 1
4622 0 49
4623 48 49
4624 49 0
4625 0 48
4626 0 49
4627 48 0
4628 0 48
4629 49 49
4630 0 0
4631 0 1
4632 48 49
4633 0 0
4634 49 0
4635 48 0
4636 0 1
4637 49 49
4638 48 49
4639 0 49
4640 0 0
4641 49 0
4642 0 1
4643 0 0
4644 0 48
4645 0 49
4646 1 0
4647 49 49
4648 0 48
4649 48 0
4650 48 49
4651 49 0
4652 0 49
4653 0 1
4654 0 2
4655 48 0
4656 0 48
4657 0 0
4658 49 49
4659 49 0
4660 0 3
4661 48 49
4662 0 1
4663 0 0
4664 0 1
4665 49 49
4666 0 49
4667 48 49
4668 0 48
4669 48 0
4670 0 0
4671 0 1
4672 0 49
4673 49 0
4674 48 0
4675 49 0
4676 0 0
4677 0 2
4678 0 48
4679 49 49
4680 0 3
4681 0 49
4682 48 0
4683 0 1
4684 0 4
4685 49 0
4686 0 0
4687 0 3
4688 0 48
4689 48 49
4690 48 0
4691 49 0
4692 0 1
4693 48 0
4694 0 0
4695 0 1
4696 49 0
4697 0 49
4698 49 49
4699 48 49
4700 0 48
4701 49 49
4702 0 49
4703 48 49
4704 49 49
4705 0 0
4706 48 49
4707 0 48
4708 0 49
4709 0 2
4710 49 49
4711 48 49
4712 48 0
4713 0 1
4714 49 0
4715 48 0
4716 49 49
4717 48 49
4718 0 2
4719 0 48
4720 0 49
4721 0 48
4722 49 0
4723 49 49
4724 0 3
4725 48 49
4726 0 2
4727 1 0
4728 0 49
4729 0 48
4730 0 1
4731 0 49
4732 0 2
4733 0 1
4734 0 2
4735 0 0
4736 49 49
4737 48 49
4738 49 49
4739 0 48
4740 1 0
4741 48 0
4742 0 1
4743 2 0
4744 49 0
4745 48 0
4746 1 0
4747 49 0
4748 48 0
4749 0 49
4750 48 49
4751 0 48
4752 49 49
4753 0 2
4754 49 0
4755 48 49
4756 48 0
4757 49 0
4758 0 1
4759 0 49
4760 0 2
4761 0 48
4762 0 0
4763 1 0
4764 0 0
4765 49 49
4766 1 0
4767 0 1
4768 2 0
4769 48 0
4770 0 0
4771 48 49
4772 0 1
4773 0 0
4774 0 1
4775 0 0
4776 0 1
4777 49 49
4778 48 49
4779 0 0
4780 0 1
4781 1 0
4782 0 49
4783 49 0
4784 2 0
4785 1 0
4786 48 0
4787 0 48
4788 2 0
4789 0 0
4790 1 0
4791 0 49
4792 0 48
4793 0 49
4794 0 0
4795 49 49
4796 48 49
4797 0 48
4798 49 49
4799 0 1
4800 48 49
4801 0 0
4802 3 0
4803 0 1
4804 49 49
4805 0 49
4806 2 0
4807 0 0
4808 49 0
4809 0 48
4810 0 49
4811 48 49
4812 48 0
4813 0 48
4814 49 0
4815 0 1
4816 0 0
4817 0 49
4818 49 49
4819 3 0
4820 0 48
4821 0 1
4822 2 0
4823 1 0
4824 48 49
4825 48 0
4826 49 0
4827 0 2
4828 49 49
4829 48 49
4830 0 0
4831 49 49
4832 0 3
4833 0 49
4834 0 2
4835 1 0
4836 0 0
4837 0 48
4838 1 0
4839 48 0
4840 48 49
4841 0 1
4842 49 49
4843 2 0
4844 49 0
4845 0 0
4846 3 0
4847 0 49
4848 2 0
4849 3 0
4850 2 0
4851 48 49
4852 3 0
4853 2 0
4854 48 0
4855 1 0
4856 49 49
4857 49 0
4858 0 0
4859 48 0
4860 1 0
4861 0 0
4862 48 49
4863 0 48
4864 0 1
4865 49 0
4866 48 0
4867 0 0
4868 49 49
4869 49 0
4870 48 0
4871 48 49
4872 3 0
4873 0 49
4874 0 1
4875 49 49
4876 49 0
4877 48 49
4878 0 0
4879 48 0
4880 0 1
4881 0 0
4882 0 1
4883 49 0
4884 48 0
4885 2 0
4886 0 48
4887 49 0
4888 0 49
4889 0 0
4890 3 0
4891 49 49
4892 0 48
4893 0 49
4894 48 0
4895 48 49
4896 0 1
4897 0 0
4898 0 1
4899 0 48
4900 49 0
4901 2 0
4902 0 0
4903 0 1
4904 0 49
4905 1 0
4906 49 49
4907 0 48
4908 0 2
4909 0 1
4910 0 2
4911 48 49
4912 0 49
4913 48 0
4914 0 1
4915 2 0
4916 49 0
4917 0 0
4918 0 1
4919 1 0
4920 0 2
4921 0 1
4922 49 49
4923 48 49
4924 0 48
4925 2 0
4926 48 0
4927 0 0
4928 49 0
4929 49 49
4930 48 0
4931 0 1
4932 49 0
4933 0 49
4934 0 48
4935 0 0
4936 0 49
4937 0 1
4938 1 0
4939 0 48
4940 48 49
4941 2 0
4942 49 49
4943 1 0
4944 2 0
4945 0 0
4946 3 0
4947 0 1
4948 0 49
4949 2 0
4950 0 48
4951 0 49
4952 48 0
4953 1 0
4954 0 48
4955 49 0
4956 0 2
4957 0 49
4958 48 0
4959 49 0
4960 0 1
4961 2 0
4962 0 0
4963 1 0
4964 48 0
4965 0 0
4966 48 49
4967 49 49
4968 48 49
4969 49 49
4970 49 0
4971 0 48
4972 0 1
4973 0 49
4974 1 0
4975 48 0
4976 2 0
4977 0 48
4978 0 49
4979 0 0
4980 49 0
4981 0 1
4982 1 0
4983 48 49
4984 2 0
4985 49 49
4986 0 0
4987 48 0
4988 0 1
4989 0 48
4990 48 49
4991 1 0
4992 0 49
4993 49 49
4994 0 2
4995 0 1
4996 48 49
4997 2 0
4998 0 48
4999 49 0
5000 49 49
5001 0 49
5002 1 0
5003 48 0
5004 0 48
5005 0 2
5006 0 0
5007 48 49
5008 49 49
5009 0 49
5010 0 1
5011 48 49
5012 0 48
5013 0 2
5014 0 49
5015 49 49
5016 49 0
5017 48 0
5018 0 48
5019 49 0
5020 48 49
5021 0 3
5022 0 2
5023 48 0
5024 1 0
5025 0 1
5026 49 49
5027 0 49
5028 0 48
5029 2 0
5030 48 49
5031 1 0
5032 2 0
5033 49 49
5034 1 0
5035 2 0
5036 0 0
5037 49 0
5038 3 0
5039 0 49
5040 2 0
5041 0 1
5042 0 0
5043 0 48
5044 1 0
5045 2 0
5046 48 49
5047 0 49
5048 0 48
5049 48 0
5050 1 0
5051 0 49
5052 0 48
5053 2 0
5054 3 0
5055 49 0
5056 2 0
5057 48 0
5058 49 49
5059 0 49
5060 48 49
5061 0 1
5062 49 49
5063 0 48
5064 49 0
5065 0 49
5066 1 0
5067 48 0
5068 48 49
5069 49 0
5070 0 0
5071 49 49
5072 1 0
5073 48 49
5074 48 0
5075 0 48
5076 49 49
5077 2 0
5078 49 0
5079 48 0
5080 48 49
5081 49 49
5082 0 49
5083 49 0
5084 0 48
5085 48 0
5086 0 0
5087 49 0
5088 0 1
5089 48 0
5090 48 49
5091 0 0
5092 49 0
5093 0 1
5094 0 49
5095 48 0
5096 1 0
5097 49 0
5098 0 48
5099 0 49
5100 49 49
5101 48 49
5102 0 0
5103 0 48
5104 1 0
5105 49 49
5106 0 49
5107 48 0
5108 49 0
5109 48 0
5110 2 0
5111 49 0
5112 48 49
5113 0 48
5114 49 49
5115 1 0
5116 48 0
5117 0 49
5118 0 2
5119 0 48
5120 48 49
5121 49 49
5122 0 1
5123 48 49
5124 0 2
5125 0 1
5126 49 0
5127 0 2
5128 0 0
5129 0 3
5130 0 49
5131 0 48
5132 0 1
5133 48 0
5134 0 0
5135 0 2
5136 0 49
5137 1 0
5138 49 0
5139 49 49
5140 0 1
5141 0 0
5142 48 0
5143 0 48
5144 1 0
5145 49 0
5146 0 0
5147 0 49
5148 48 49
5149 48 0
5150 49 49
5151 49 0
5152 48 0
5153 1 0
5154 48 49
5155 49 0
5156 2 0
5157 0 48
5158 0 0
5159 3 0
5160 48 0
5161 0 49
5162 49 0
5163 48 0
5164 49 49
5165 48 49
5166 0 48
5167 0 49
5168 2 0
5169 0 1
5170 0 0
5171 49 49
5172 0 1
5173 1 0
5174 49 0
5175 0 48
5176 2 0
5177 48 49
5178 0 0
5179 48 0
5180 1 0
5181 49 0
5182 49 49
5183 48 49
5184 0 0
5185 0 1
5186 0 49
5187 0 0
5188 49 49
5189 48 49
5190 49 49
5191 48 49
5192 3 0
5193 49 49
5194 48 0
5195 48 49
5196 0 1
5197 49 0
5198 48 0
5199 49 0
5200 48 0
5201 49 0
5202 49 49
5203 48 0
5204 0 0
5205 48 49
5206 49 0
5207 48 0
5208 2 0
5209 0 48
5210 0 1
5211 49 49
5212 1 0
5213 0 49
5214 48 49
5215 49 0
5216 49 49
5217 0 0
5218 48 0
5219 48 49
5220 49 0
5221 1 0
5222 0 48
5223 0 49
5224 49 49
5225 0 48
5226 48 0
5227 2 0
5228 49 0
5229 1 0
5230 2 0
5231 0 49
5232 0 0
5233 0 48
5234 0 1
5235 48 0
5236 48 49
5237 49 0
5238 0 49
5239 49 49
5240 0 0
5241 48 49
5242 3 0
5243 48 0
5244 0 1
5245 49 49
5246 0 48
5247 49 0
5248 48 49
5249 48 0
5250 49 0
5251 0 0
5252 0 49
5253 0 48
5254 0 1
5255 49 49
5256 0 0
5257 2 0
5258 48 0
5259 0 49
5260 1 0
5261 0 48
5262 48 49
5263 0 49
5264 49 49
5265 49 0
5266 48 0
5267 2 0
5268 3 0
5269 48 49
5270 49 0
5271 0 1
5272 0 0
5273 48 0
5274 0 1
5275 49 49
5276 48 49
5277 49 49
5278 48 49
5279 0 48
5280 0 49
5281 0 0
5282 2 0
5283 49 49
5284 48 49
5285 0 48
5286 0 1
5287 49 0
5288 48 0
5289 49 0
5290 1 0
5291 0 49
5292 0 0
5293 1 0
5294 0 48
5295 2 0
5296 1 0
5297 2 0
5298 48 0
5299 0 49
5300 49 0
5301 48 0
5302 1 0
5303 0 48
5304 0 2
5305 0 49
5306 0 0
5307 49 49
5308 1 0
5309 0 1
5310 49 0
5311 0 48
5312 2 0
5313 0 0
5314 48 49
5315 0 1
5316 1 0
5317 2 0
5318 48 0
5319 0 49
5320 0 0
5321 49 0
5322 3 0
5323 0 1
5324 0 48
5325 0 49
5326 48 0
5327 0 48
5328 2 0
5329 0 0
5330 0 49
5331 49 49
5332 0 48
5333 49 0
5334 1 0
5335 48 49
5336 48 0
5337 49 49
5338 0 0
5339 49 0
5340 0 49
5341 48 49
5342 48 0
5343 49 49
5344 0 48
5345 0 1
5346 0 49
5347 0 48
5348 0 0
5349 48 49
5350 49 49
5351 0 1
5352 49 0
5353 48 0
5354 1 0
5355 48 49
5356 0 49
5357 0 48
5358 2 0
5359 0 0
5360 49 0
5361 0 49
5362 48 0
5363 3 0
5364 0 48
5365 49 49
5366 0 1
5367 49 0
5368 48 0
5369 2 0
5370 1 0
5371 49 0
5372 48 49
5373 2 0
5374 48 0
5375 49 0
5376 0 49
5377 48 0
5378 0 48
5379 49 0
5380 1 0
5381 2 0
5382 0 0
5383 0 49
5384 48 0
5385 1 0
5386 49 0
5387 0 0
5388 48 0
5389 1 0
5390 0 48
5391 49 0
5392 0 49
5393 0 48
5394 48 0
5395 49 49
5396 0 0
5397 0 1
5398 0 0
5399 49 0
5400 3 0
5401 48 49
5402 49 49
5403 0 1
5404 0 0
5405 48 0
5406 0 49
5407 48 49
5408 49 0
5409 2 0
5410 0 1
5411 1 0
5412 0 2
5413 0 48
5414 0 0
5415 0 49
5416 49 49
5417 0 48
5418 48 0
5419 1 0
5420 0 0
5421 0 3
5422 0 2
5423 48 49
5424 49 49
5425 1 0
5426 48 49
5427 49 49
5428 0 0
5429 0 49
5430 48 49
5431 1 0
5432 0 48
5433 49 49
5434 0 1
5435 49 0
5436 48 0
5437 48 49
5438 49 0
5439 2 0
5440 0 49
5441 48 0
5442 49 0
5443 1 0
5444 0 48
5445 0 49
5446 2 0
5447 0 0
5448 3 0
5449 0 1
5450 0 0
5451 48 0
5452 49 0
5453 0 48
5454 2 0
5455 0 49
5456 48 0
5457 0 1
5458 49 0
5459 48 0
5460 0 48
5461 1 0
5462 2 0
5463 0 49
5464 0 0
5465 0 1
5466 0 48
5467 0 49
5468 0 0
5469 0 1
5470 1 0
5471 49 0
5472 48 0
5473 49 49
5474 0 48
5475 0 49
5476 2 0
5477 48 49
5478 0 0
5479 49 49
5480 3 0
5481 0 1
5482 49 0
5483 2 0
5484 0 48
5485 48 49
5486 0 0
5487 0 49
5488 0 48
5489 0 1
5490 0 49
5491 48 0
5492 49 49
5493 49 0
5494 48 0
5495 49 0
5496 1 0
5497 2 0
5498 48 49
5499 48 0
5500 1 0
5501 2 0
5502 1 0
5503 0 48
5504 0 2
5505 0 49
5506 49 0
5507 0 1
5508 0 2
5509 0 0
5510 0 48
5511 49 49
5512 48 0
5513 0 3
5514 0 49
5515 0 2
5516 0 3
5517 0 48
5518 0 1
5519 48 49
5520 0 49
5521 0 48
5522 49 0
5523 0 4
5524 49 49
5525 48 0
5526 48 49
5527 0 3
5528 0 49
5529 0 0
5530 49 49
5531 49 0
5532 0 1
5533 48 49
5534 49 49
5535 0 48
5536 0 0
5537 48 49
5538 0 2
5539 0 3
5540 0 2
5541 49 49
5542 1 0
5543 0 1
5544 48 0
5545 0 49
5546 49 0
5547 0 48
5548 0 2
5549 0 1
5550 0 49
5551 2 0
5552 48 49
5553 48 0
5554 49 0
5555 0 0
5556 49 49
5557 48 49
5558 0 48
5559 49 49
5560 48 0
5561 48 49
5562 49 0
5563 1 0
5564 0 49
5565 48 0
5566 49 0
5567 0 48
5568 48 0
5569 0 49
5570 0 0
5571 0 48
5572 0 1
5573 0 0
5574 0 1
5575 1 0
5576 0 49
5577 0 2
5578 0 0
5579 49 0
5580 49 49
5581 0 48
5582 48 0
5583 1 0
5584 0 1
5585 2 0
5586 48 49
5587 1 0
5588 0 2
5589 49 49
5590 0 0
5591 48 49
5592 0 49
5593 1 0
5594 0 48
5595 0 1
5596 0 2
5597 0 1
5598 0 2
5599 0 0
5600 49 49
5601 49 0
5602 48 0
5603 0 3
5604 49 0
5605 48 0
5606 49 0
5607 48 49
5608 49 49
5609 48 49
5610 49 49
5611 0 1
5612 0 49
5613 48 0
5614 48 49
5615 49 0
5616 49 49
5617 48 49
5618 0 0
5619 0 2
5620 1 0
5621 0 48
5622 49 49
5623 0 49
5624 0 0
5625 48 49
5626 0 3
5627 49 49
5628 0 48
5629 48 0
5630 0 49
5631 0 1
5632 0 48
5633 48 49
5634 0 4
5635 0 3
5636 0 49
5637 49 0
5638 48 0
5639 0 4
5640 0 48
5641 0 49
5642 0 0
5643 49 49
5644 49 0
5645 0 48
5646 0 3
5647 0 49
5648 48 0
5649 49 0
5650 0 2
5651 48 49
5652 1 0
5653 49 49
5654 0 1
5655 0 48
5656 0 2
5657 0 0
5658 0 3
5659 48 49
5660 48 0
5661 0 1
5662 0 49
5663 0 0
5664 49 49
5665 0 2
5666 1 0
5667 49 0
5668 48 49
5669 49 49
5670 0 0
5671 1 0
5672 0 48
5673 0 0
5674 0 3
5675 48 49
5676 0 2
5677 48 0
5678 0 49
5679 0 3
5680 0 2
5681 1 0
5682 49 49
5683 48 49
5684 0 1
5685 0 0
5686 0 48
5687 0 1
5688 0 49
5689 49 49
5690 0 48
5691 48 49
5692 49 0
5693 48 0
5694 49 49
5695 0 49
5696 0 2
5697 0 0
5698 48 49
5699 49 0
5700 0 48
5701 49 49
5702 0 3
5703 48 49
5704 0 49
5705 48 0
5706 49 49
5707 0 1
5708 0 4
5709 0 48
5710 0 49
5711 0 0
5712 48 49
5713 49 0
5714 49 49
5715 0 48
5716 48 0
5717 0 49
5718 0 48
5719 0 49
5720 0 48
5721 49 0
5722 0 3
5723 0 1
5724 0 49
5725 0 0
5726 48 0
5727 0 1
5728 48 49
5729 0 48
5730 49 49
5731 0 49
5732 48 49
5733 49 49
5734 49 0
5735 48 0
5736 0 0
5737 48 49
5738 0 48
5739 49 49
5740 0 49
5741 48 49
5742 0 1
5743 49 0
5744 49 49
5745 0 0
5746 0 1
5747 0 48
5748 0 4
5749 48 0
5750 0 3
5751 49 0
5752 48 49
5753 0 4
5754 0 3
5755 49 49
5756 48 49
5757 0 0
5758 48 0
5759 0 2
5760 49 49
5761 0 1
5762 49 0
5763 48 0
5764 0 49
5765 0 48
5766 0 0
5767 49 0
5768 48 0
5769 1 0
5770 48 49
5771 0 49
5772 49 0
5773 0 1
5774 48 0
5775 2 0
5776 0 0
5777 3 0
5778 0 48
5779 0 1
5780 0 0
5781 2 0
5782 0 49
5783 49 49
5784 3 0
5785 48 49
5786 49 0
5787 2 0
5788 0 48
5789 0 49
5790 0 1
5791 1 0
5792 0 48
5793 0 49
5794 2 0
5795 1 0
5796 48 0
5797 0 2
5798 49 49
5799 0 48
5800 48 49
5801 0 0
5802 49 0
5803 48 0
5804 0 49
5805 0 3
5806 0 48
5807 0 49
5808 0 1
5809 0 4
5810 0 0
5811 0 48
5812 0 1
5813 0 3
5814 0 4
5815 49 49
5816 0 49
5817 0 48
5818 49 0
5819 0 49
5820 0 48
5821 0 0
5822 48 0
5823 48 49
5824 0 3
5825 0 1
5826 0 0
5827 49 49
5828 0 1
5829 48 49
5830 0 0
5831 0 1
5832 49 0
5833 0 0
5834 0 2
5835 0 49
5836 48 0
5837 49 49
5838 48 49
5839 0 48
5840 1 0
5841 49 49
5842 49 0
5843 0 0
5844 0 3
5845 0 2
5846 48 0
5847 49 0
5848 1 0
5849 48 0
5850 48 49
5851 0 0
5852 0 49
5853 0 1
5854 49 49
5855 0 2
5856 49 0
5857 0 48
5858 0 1
5859 0 49
5860 0 2
5861 48 49
5862 48 0
5863 0 1
5864 0 48
5865 0 2
5866 0 49
5867 0 3
5868 49 49
5869 49 0
5870 48 49
5871 0 2
5872 0 3
5873 48 0
5874 0 2
5875 49 0
5876 1 0
5877 0 0
5878 48 0
5879 1 0
5880 49 49
5881 0 1
5882 0 48
5883 48 49
5884 0 2
5885 0 49
5886 0 0
5887 0 48
5888 0 49
5889 0 3
5890 0 1
5891 49 0
5892 0 48
5893 48 0
5894 49 0
5895 0 2
5896 49 49
5897 48 49
5898 48 0
5899 49 0
5900 0 49
5901 0 48
5902 0 49
5903 0 3
5904 49 49
5905 48 49
5906 48 0
5907 0 4
5908 0 0
5909 0 1
5910 0 48
5911 0 49
5912 0 0
5913 0 3
5914 49 0
5915 0 2
5916 1 0
5917 0 0
5918 0 3
5919 0 1
5920 0 48
5921 0 4
5922 0 3
5923 0 0
5924 0 1
5925 0 49
5926 0 4
5927 48 0
5928 0 0
5929 0 3
5930 0 2
5931 0 48
5932 0 3
5933 0 1
5934 49 0
5935 0 0
5936 0 1
5937 0 4
5938 49 49
5939 0 49
5940 0 3
5941 48 0
5942 48 49
5943 0 48
5944 49 49
5945 0 0
5946 0 1
5947 0 4
5948 0 3
5949 0 49
5950 0 4
5951 0 3
5952 0 0
5953 48 49
5954 49 49
5955 0 48
5956 0 49
5957 0 2
5958 0 3
5959 0 48
5960 49 0
5961 48 0
5962 0 2
5963 1 0
5964 0 0
5965 48 49
5966 0 49
5967 49 0
5968 48 0
5969 0 3
5970 0 48
5971 0 49
5972 49 0
5973 48 0
5974 49 0
5975 49 49
5976 0 1
5977 0 0
5978 0 48
5979 48 49
5980 49 49
5981 0 2
5982 48 0
5983 0 49
5984 49 0
5985 0 48
5986 0 1
5987 0 0
5988 48 0
5989 49 0
5990 48 49
5991 48 0
5992 0 49
5993 49 49
5994 0 48
5995 48 49
5996 1 0
5997 0 1
5998 0 2
5999 49 49
6000 48 49
6001 0 0
6002 1 0
6003 49 0
6004 0 1
6005 49 49
6006 48 0
6007 0 2
6008 0 49
6009 0 1
6010 48 49
6011 49 49
6012 0 2
6013 0 1
6014 0 0
6015 49 0
6016 0 48
6017 48 49
6018 48 0
6019 49 0
6020 0 49
6021 0 48
6022 49 49
6023 48 49
6024 48 0
6025 1 0
6026 0 0
6027 1 0
6028 49 0
6029 0 49
6030 49 49
6031 2 0
6032 48 0
6033 48 49
6034 1 0
6035 0 48
6036 49 49
6037 49 0
6038 0 2
6039 0 49
6040 48 0
6041 49 0
6042 0 0
6043 1 0
6044 48 49
6045 48 0
6046 0 0
6047 0 48
6048 1 0
6049 49 49
6050 0 0
6051 0 49
6052 0 3
6053 48 49
6054 49 49
6055 49 0
6056 0 48
6057 48 49
6058 49 49
6059 48 0
6060 0 1
6061 48 49
6062 0 0
6063 49 0
6064 0 2
6065 48 0
6066 49 0
6067 48 0
6068 49 0
6069 0 49
6070 49 49
6071 0 3
6072 48 49
6073 49 49
6074 0 2
6075 0 1
6076 48 0
6077 0 0
6078 0 1
6079 48 49
6080 49 49
6081 0 48
6082 0 49
6083 0 48
6084 48 49
6085 49 49
6086 0 49
6087 0 0
6088 49 0
6089 48 0
6090 0 3
6091 49 0
6092 48 49
6093 48 0
6094 49 0
6095 0 1
6096 0 0
6097 0 2
6098 1 0
6099 0 1
6100 49 49
6101 0 48
6102 0 49
6103 48 49
6104 0 2
6105 0 48
6106 49 49
6107 48 0
6108 0 0
6109 0 3
6110 49 0
6111 48 0
6112 0 1
6113 0 4
6114 0 49
6115 0 0
6116 0 1
6117 0 3
6118 49 0
6119 0 48
6120 0 49
6121 0 0
6122 0 2
6123 0 3
6124 48 0
6125 49 0
6126 0 1
6127 48 49
6128 0 48
6129 48 0
6130 49 0
6131 49 49
6132 0 0
6133 48 0
6134 0 2
6135 1 0
6136 0 49
6137 0 0
6138 0 3
6139 0 2
6140 0 48
6141 48 49
6142 49 49
6143 0 49
6144 0 1
6145 0 48
6146 49 0
6147 0 49
6148 48 49
6149 0 0
6150 49 49
6151 0 48
6152 48 0
6153 0 49
6154 48 49
6155 1 0
6156 0 48
6157 49 49
6158 0 49
6159 48 49
6160 0 0
6161 49 0
6162 1 0
6163 48 0
6164 0 1
6165 49 49
6166 2 0
6167 49 0
6168 48 0
6169 0 48
6170 48 49
6171 49 49
6172 49 0
6173 48 49
6174 49 49
6175 0 0
6176 0 1
6177 48 49
6178 0 49
6179 0 48
6180 49 49
6181 0 0
6182 3 0
6183 2 0
6184 48 49
6185 0 49
6186 0 48
6187 3 0
6188 0 1
6189 0 0
6190 2 0
6191 0 1
6192 0 49
6193 49 49
6194 0 0
6195 0 1
6196 48 49
6197 0 0
6198 0 48
6199 49 49
6200 3 0
6201 0 1
6202 48 0
6203 0 0
6204 49 0
6205 2 0
6206 48 0
6207 3 0
6208 48 49
6209 0 49
6210 49 49
6211 0 48
6212 0 49
6213 0 1
6214 2 0
6215 1 0
6216 48 49
6217 49 49
6218 0 2
6219 0 48
6220 48 49
6221 0 1
6222 0 0
6223 1 0
6224 0 49
6225 49 49
6226 0 48
6227 0 49
6228 0 48
6229 49 0
6230 48 0
6231 49 0
6232 48 49
6233 48 0
6234 0 0
6235 49 49
6236 49 0
6237 48 0
6238 48 49
6239 49 0
6240 49 49
6241 48 49
6242 0 1
6243 0 0
6244 48 0
6245 0 1
6246 0 0
6247 49 49
6248 48 49
6249 49 0
6250 49 49
6251 48 0
6252 0 49
6253 0 1
6254 48 49
6255 0 2
6256 49 49
6257 0 48
6258 0 1
6259 48 49
6260 2 0
6261 1 0
6262 49 49
6263 2 0
6264 48 49
6265 1 0
6266 2 0
6267 49 0
6268 0 0
6269 0 49
6270 48 0
6271 49 49
6272 0 48
6273 3 0
6274 2 0
6275 0 1
6276 48 49
6277 0 0
6278 3 0
6279 49 49
6280 48 49
6281 0 49
6282 0 48
6283 0 1
6284 0 0
6285 49 0
6286 49 49
6287 0 1
6288 0 49
6289 2 0
6290 48 49
6291 0 48
6292 0 49
6293 0 48
6294 48 0
6295 49 49
6296 0 49
6297 49 0
6298 0 0
6299 0 1
6300 48 0
6301 0 0
6302 3 0
6303 0 1
6304 48 49
6305 49 49
6306 2 0
6307 0 48
6308 49 0
6309 1 0
6310 0 49
6311 48 49
6312 48 0
6313 49 0
6314 2 0
6315 48 0
6316 49 49
6317 49 0
6318 48 49
6319 0 48
6320 0 0
6321 0 49
6322 0 48
6323 1 0
6324 0 0
6325 49 49
6326 0 49
6327 48 0
6328 0 48
6329 48 49
6330 1 0
6331 49 0
6332 0 49
6333 0 48
6334 48 0
6335 0 0
6336 49 49
6337 0 1
6338 0 49
6339 48 49
6340 0 0
6341 0 1
6342 1 0
6343 0 48
6344 49 0
6345 2 0
6346 0 49
6347 0 0
6348 3 0
6349 2 0
6350 0 1
6351 0 48
6352 49 49
6353 1 0
6354 2 0
6355 48 0
6356 0 49
6357 49 0
6358 48 49
6359 0 0
6360 0 48
6361 49 49
6362 48 49
6363 49 49
6364 0 49
6365 48 49
6366 49 49
6367 0 1
6368 0 48
6369 48 0
6370 1 0
6371 0 2
6372 48 49
6373 0 1
6374 2 0
6375 49 49
6376 48 49
6377 49 0
6378 0 0
6379 49 49
6380 48 0
6381 1 0
6382 0 49
6383 0 0
6384 48 49
6385 0 1
6386 0 0
6387 0 48
6388 0 49
6389 49 0
6390 0 48
6391 49 49
6392 3 0
6393 0 49
6394 0 48
6395 48 49
6396 0 1
6397 49 49
6398 0 0
6399 2 0
6400 3 0
6401 48 0
6402 2 0
6403 49 0
6404 0 1
6405 0 0
6406 48 0
6407 0 49
6408 48 49
6409 49 0
6410 49 49
6411 48 0
6412 49 0
6413 48 49
6414 3 0
6415 48 0
6416 0 1
6417 2 0
6418 49 49
6419 0 0
6420 49 0
6421 48 0
6422 0 48
6423 1 0
6424 48 49
6425 0 0
6426 49 0
6427 49 49
6428 48 49
6429 49 49
6430 0 1
6431 48 49
6432 48 0
6433 49 0
6434 1 0
6435 49 49
6436 2 0
6437 48 0
6438 49 0
6439 48 49
6440 0 0
6441 0 49
6442 3 0
6443 49 49
6444 2 0
6445 48 49
6446 3 0
6447 49 49
6448 0 1
6449 48 0
6450 2 0
6451 1 0
6452 2 0
6453 48 49
6454 0 0
6455 49 49
6456 1 0
6457 0 0
6458 49 0
6459 48 49
6460 0 1
6461 49 49
6462 0 0
6463 0 48
6464 0 49
6465 0 1
6466 48 0
6467 1 0
6468 0 48
6469 0 49
6470 49 0
6471 0 48
6472 48 0
6473 0 2
6474 48 49
6475 0 49
6476 0 48
6477 0 49
6478 0 1
6479 49 49
6480 2 0
6481 0 0
6482 0 48
6483 0 49
6484 49 0
6485 0 48
6486 48 0
6487 3 0
6488 49 0
6489 48 0
6490 0 49
6491 48 49
6492 0 48
6493 49 49
6494 0 49
6495 2 0
6496 0 48
6497 1 0
6498 0 0
6499 48 49
6500 49 0
6501 1 0
6502 0 49
6503 0 0
6504 0 48
6505 0 49
6506 48 0
6507 49 49
6508 0 48
6509 0 1
6510 49 0
6511 48 0
6512 0 0
6513 0 49
6514 48 49
6515 0 48
6516 49 49
6517 49 0
6518 0 1
6519 1 0
6520 2 0
6521 0 0
6522 1 0
6523 48 49
6524 49 49
6525 0 0
6526 48 49
6527 48 0
6528 0 49
6529 49 49
6530 0 48
6531 0 49
6532 1 0
6533 0 48
6534 48 49
6535 49 0
6536 49 49
6537 48 49
6538 48 0
6539 0 49
6540 49 0
6541 48 0
6542 0 0
6543 49 0
6544 49 49
6545 0 1
6546 0 48
6547 48 0
6548 0 0
6549 0 49
6550 0 48
6551 3 0
6552 48 49
6553 0 1
6554 0 49
6555 0 48
6556 49 0
6557 2 0
6558 48 0
6559 49 49
6560 1 0
6561 48 49
6562 0 2
6563 49 49
6564 0 1
6565 2 0
6566 48 49
6567 0 0
6568 0 49
6569 49 0
6570 0 48
6571 0 1
6572 48 0
6573 0 49
6574 0 48
6575 49 49
6576 0 49
6577 0 0
6578 0 1
6579 1 0
6580 0 0
6581 48 49
6582 49 0
6583 0 48
6584 0 1
6585 49 49
6586 48 49
6587 48 0
6588 0 2
6589 49 49
6590 0 1
6591 0 49
6592 49 0
6593 48 49
6594 2 0
6595 0 0
6596 0 48
6597 48 0
6598 49 49
6599 49 0
6600 0 49
6601 0 48
6602 48 0
6603 49 0
6604 48 49
6605 0 1
6606 48 0
6607 1 0
6608 0 49
6609 49 49
6610 2 0
6611 48 49
6612 0 48
6613 0 0
6614 0 1
6615 1 0
6616 49 0
6617 2 0
6618 1 0
6619 2 0
6620 0 0
6621 0 49
6622 0 48
6623 48 0
6624 0 49
6625 49 0
6626 0 1
6627 48 0
6628 49 49
6629 1 0
6630 0 0
6631 48 49
6632 0 48
6633 0 49
6634 49 49
6635 0 48
6636 1 0
6637 49 0
6638 2 0
6639 0 49
6640 1 0
6641 2 0
6642 48 49
6643 0 48
6644 48 0
6645 49 49
6646 0 49
6647 0 48
6648 0 0
6649 3 0
6650 0 1
6651 0 0
6652 0 1
6653 49 0
6654 48 49
6655 49 49
6656 0 0
6657 0 1
6658 0 49
6659 0 0
6660 0 1
6661 0 0
6662 48 0
6663 49 0
6664 48 49
6665 0 48
6666 2 0
6667 1 0
6668 0 0
6669 49 49
6670 0 49
6671 0 1
6672 48 0
6673 0 48
6674 0 0
6675 0 1
6676 0 0
6677 49 0
6678 0 49
6679 0 1
6680 48 0
6681 1 0
6682 49 0
6683 0 48
6684 48 0
6685 49 0
6686 2 0
6687 48 49
6688 49 49
6689 0 0
6690 0 49
6691 0 48
6692 48 0
6693 48 49
6694 49 0
6695 0 49
6696 0 48
6697 3 0
6698 0 49
6699 49 49
6700 0 1
6701 2 0
6702 48 49
6703 0 48
6704 1 0
6705 2 0
6706 0 0
6707 0 1
6708 1 0
6709 48 0
6710 0 2
6711 49 49
6712 49 0
6713 0 49
6714 0 48
6715 0 0
6716 0 3
6717 0 1
6718 0 4
6719 0 49
6720 0 0
6721 0 1
6722 48 49
6723 48 0
6724 0 48
6725 0 49
6726 49 0
6727 0 0
6728 0 48
6729 0 49
6730 0 3
6731 49 49
6732 0 48
6733 48 49
6734 0 2
6735 48 0
6736 0 3
6737 0 1
6738 49 0
6739 0 49
6740 49 49
6741 0 2
6742 0 48
6743 0 49
6744 0 3
6745 48 49
6746 0 4
6747 48 0
6748 0 48
6749 49 49
6750 49 0
6751 48 0
6752 0 49
6753 48 49
6754 49 0
6755 49 49
6756 0 0
6757 48 49
6758 0 3
6759 0 48
6760 0 1
6761 0 0
6762 0 49
6763 48 0
6764 0 48
6765 0 49
6766 49 49
6767 48 49
6768 49 49
6769 0 48
6770 0 49
6771 49 0
6772 0 2
6773 48 0
6774 49 0
6775 0 48
6776 0 3
6777 0 49
6778 48 49
6779 48 0
6780 49 0
6781 0 1
6782 0 48
6783 48 0
6784 0 49
6785 49 49
6786 0 4
6787 0 3
6788 49 0
6789 0 4
6790 0 3
6791 0 48
6792 48 0
6793 0 0
6794 0 2
6795 0 1
6796 0 2
6797 49 0
6798 0 49
6799 48 0
6800 49 0
6801 0 3
6802 0 2
6803 48 0
6804 48 49
6805 0 3
6806 49 0
6807 0 2
6808 1 0
6809 0 48
6810 0 1
6811 0 0
6812 49 49
6813 0 49
6814 48 0
6815 1 0
6816 49 0
6817 48 0
6818 2 0
6819 49 0
6820 1 0
6821 48 0
6822 48 49
6823 2 0
6824 0 0
6825 0 1
6826 1 0
6827 0 0
6828 0 1
6829 0 48
6830 49 49
6831 0 0
6832 0 1
6833 0 0
6834 0 49
6835 49 0
6836 0 1
6837 48 49
6838 0 2
6839 48 0
6840 0 48
6841 0 49
6842 0 48
6843 0 49
6844 0 0
6845 0 48
6846 0 49
6847 49 0
6848 0 48
6849 49 49
6850 0 49
6851 1 0
6852 0 0
6853 1 0
6854 48 0
6855 0 48
6856 49 0
6857 0 49
6858 0 0
6859 48 0
6860 0 3
6861 49 0
6862 48 0
6863 48 49
6864 49 49
6865 49 0
6866 48 0
6867 0 48
6868 0 1
6869 0 4
6870 0 3
6871 0 0
6872 48 49
6873 49 0
6874 48 0
6875 49 49
6876 0 49
6877 0 48
6878 0 1
6879 48 49
6880 49 49
6881 0 0
6882 0 1
6883 0 4
6884 0 3
6885 0 0
6886 49 0
6887 0 1
6888 48 0
6889 0 49
6890 48 49
6891 49 0
6892 0 48
6893 0 49
6894 48 0
6895 49 0
6896 0 0
6897 0 48
6898 48 0
6899 49 49
6900 48 49
6901 0 2
6902 0 49
6903 0 3
6904 0 1
6905 0 0
6906 0 2
6907 1 0
6908 0 0
6909 0 48
6910 49 49
6911 1 0
6912 0 0
6913 49 0
6914 48 0
6915 0 3
6916 0 49
6917 0 2
6918 1 0
6919 48 49
6920 49 0
6921 0 1
6922 2 0
6923 1 0
6924 0 2
6925 0 1
6926 2 0
6927 1 0
6928 48 0
6929 49 49
6930 0 2
6931 0 1
6932 48 49
6933 2 0
6934 0 48
6935 1 0
6936 0 2
6937 0 1
6938 0 2
6939 0 1
6940 2 0
6941 1 0
6942 0 49
6943 2 0
6944 49 49
6945 1 0
6946 48 49
6947 2 0
6948 49 49
6949 0 0
6950 0 1
6951 49 0
6952 48 49
6953 48 0
6954 49 0
6955 49 49
6956 1 0
6957 48 0
6958 0 2
6959 0 0
6960 49 0
6961 0 3
6962 0 2
6963 48 49
6964 0 1
6965 0 48
6966 0 49
6967 0 0
6968 48 0
6969 0 48
6970 49 49
6971 0 49
6972 49 0
6973 0 48
6974 48 0
6975 0 49
6976 48 49
6977 49 0
6978 0 48
6979 49 49
6980 0 49
6981 48 0
6982 0 48
6983 48 49
6984 49 0
6985 0 49
6986 49 49
6987 1 0
6988 0 48
6989 0 49
6990 0 1
6991 48 0
6992 0 48
6993 49 0
6994 48 49
6995 48 0
6996 2 0
6997 49 49
6998 49 0
6999 48 49
7000 0 0
7001 48 0
7002 3 0
7003 2 0
7004 3 0
7005 2 0
7006 3 0
7007 49 0
7008 48 0
7009 49 0
7010 2 0
7011 3 0
7012 0 1
7013 0 49
7014 0 48
7015 0 0
7016 0 1
7017 48 0
7018 49 49
7019 0 49
7020 49 0
7021 48 49
7022 49 49
7023 48 49
7024 48 0
7025 0 0
7026 49 0
7027 2 0
7028 48 0
7029 49 49
7030 48 49
7031 0 48
7032 1 0
7033 0 49
7034 49 49
7035 48 49
7036 49 0
7037 48 0
7038 49 0
7039 0 48
7040 0 49
7041 0 48
7042 49 49
7043 3 0
7044 0 0
7045 0 49
7046 0 48
7047 48 0
7048 49 0
7049 48 49
7050 0 1
7051 0 49
7052 49 49
7053 48 0
7054 2 0
7055 49 0
7056 48 0
7057 0 0
7058 49 0
7059 0 1
7060 48 49
7061 49 49
7062 0 48
7063 1 0
7064 2 0
7065 0 0
7066 48 0
7067 49 0
7068 48 49
7069 49 49
7070 0 1
7071 48 0
7072 49 0
7073 0 0
7074 0 1
7075 48 0
7076 0 49
7077 1 0
7078 0 48
7079 48 49
7080 49 49
7081 0 2
7082 49 0
7083 0 0
7084 48 49
7085 49 49
7086 0 49
7087 48 0
7088 49 0
7089 1 0
7090 48 0
7091 49 0
7092 0 48
7093 0 0
7094 48 49
7095 1 0
7096 49 49
7097 48 0
7098 48 49
7099 0 1
7100 0 2
7101 49 0
7102 0 0
7103 48 0
7104 1 0
7105 49 0
7106 0 0
7107 48 0
7108 0 1
7109 0 49
7110 49 49
7111 48 49
7112 49 0
7113 49 49
7114 48 0
7115 49 0
7116 48 0
7117 0 48
7118 0 2
7119 0 49
7120 49 0
7121 1 0
7122 0 1
7123 48 0
7124 49 0
7125 2 0
7126 1 0
7127 48 0
7128 2 0
7129 0 0
7130 48 49
7131 49 0
7132 0 48
7133 3 0
7134 0 1
7135 0 49
7136 48 0
7137 0 0
7138 0 48
7139 49 0
7140 2 0
7141 48 0
7142 49 49
7143 0 49
7144 0 1
7145 48 49
7146 0 0
7147 0 1
7148 0 48
7149 49 49
7150 1 0
7151 49 0
7152 0 49
7153 2 0
7154 48 49
7155 49 49
7156 48 0
7157 1 0
7158 0 2
7159 48 49
7160 49 0
7161 0 0
7162 0 3
7163 0 1
7164 48 0
7165 0 0
7166 0 48
7167 0 49
7168 0 2
7169 49 0
7170 0 3
7171 0 1
7172 0 4
7173 49 49
7174 48 49
7175 48 0
7176 49 49
7177 0 48
7178 0 49
7179 0 48
7180 0 3
7181 0 0
7182 48 49
7183 49 0
7184 0 2
7185 0 49
7186 0 3
7187 48 0
7188 0 1
7189 0 48
7190 0 49
7191 49 49
7192 0 2
7193 0 48
7194 48 49
7195 0 3
7196 49 0
7197 0 4
7198 49 49
7199 0 3
7200 0 4
7201 48 49
7202 49 49
7203 48 49
7204 0 49
7205 49 49
7206 0 0
7207 0 1
7208 0 3
7209 48 0
7210 49 0
7211 48 0
7212 48 49
7213 0 48
7214 0 0
7215 0 2
7216 49 0
7217 0 3
7218 0 49
7219 0 2
7220 0 3
7221 0 48
7222 0 2
7223 0 49
7224 48 0
7225 1 0
7226 49 0
7227 49 49
7228 0 0
7229 0 3
7230 48 49
7231 49 49
7232 0 48
7233 0 1
7234 48 0
7235 0 4
7236 0 49
7237 0 48
7238 0 3
7239 0 0
7240 0 2
7241 49 0
7242 1 0
7243 0 49
7244 0 1
7245 0 2
7246 0 48
7247 0 49
7248 0 48
7249 0 0
7250 0 49
7251 0 3
7252 0 2
7253 0 3
7254 0 48
7255 48 0
7256 0 2
7257 1 0
7258 0 0
7259 1 0
7260 0 49
7261 0 1
7262 0 48
7263 0 2
7264 0 0
7265 0 3
7266 0 2
7267 0 3
7268 0 1
7269 49 0
7270 48 0
7271 0 4
7272 0 0
7273 49 0
7274 0 49
7275 0 48
7276 0 49
7277 48 49
7278 49 49
7279 0 1
7280 48 49
7281 0 48
7282 48 0
7283 0 3
7284 0 49
7285 0 2
7286 0 3
7287 0 2
7288 0 3
7289 0 2
7290 49 0
7291 48 0
7292 49 49
7293 49 0
7294 0 3
7295 48 49
7296 0 2
7297 49 49
7298 48 49
7299 48 0
7300 49 0
7301 0 48
7302 49 49
7303 48 49
7304 0 49
7305 49 49
7306 0 48
7307 48 49
7308 48 0
7309 0 0
7310 0 3
7311 0 1
7312 0 49
7313 49 49
7314 0 0
7315 0 48
7316 49 0
7317 0 1
7318 48 49
7319 0 49
7320 0 0
7321 0 1
7322 0 4
7323 48 0
7324 0 48
7325 49 49
7326 49 0
7327 48 0
7328 0 3
7329 49 0
7330 0 49
7331 0 48
7332 0 0
7333 0 2
7334 0 1
7335 0 49
7336 0 48
7337 0 2
7338 0 1
7339 0 49
7340 48 49
7341 0 2
7342 48 0
7343 49 0
7344 49 49
7345 48 0
7346 0 3
7347 49 0
7348 48 0
7349 0 2
7350 0 1
7351 49 0
7352 48 49
7353 49 49
7354 48 0
7355 0 48
7356 49 0
7357 48 0
7358 0 0
7359 48 49
7360 49 49
7361 49 0
7362 48 49
7363 49 49
7364 0 1
7365 0 49
7366 0 48
7367 48 0
7368 0 49
7369 0 0
7370 48 49
7371 0 48
7372 1 0
7373 0 49
7374 0 48
7375 49 49
7376 48 49
7377 0 0
7378 1 0
7379 0 1
7380 0 49
7381 0 2
7382 49 49
7383 48 49
7384 49 0
7385 0 0
7386 0 48
7387 0 49
7388 0 3
7389 49 49
7390 48 0
7391 0 2
7392 0 1
7393 49 0
7394 0 0
7395 48 49
7396 0 48
7397 49 49
7398 48 0
7399 0 1
7400 49 0
7401 48 0
7402 48 49
7403 0 0
7404 49 0
7405 48 0
7406 1 0
7407 0 0
7408 49 49
7409 0 49
7410 49 0
7411 0 48
7412 0 3
7413 0 1
7414 48 0
7415 49 0
7416 48 49
7417 49 49
7418 48 49
7419 0 0
7420 48 0
7421 0 1
7422 49 49
7423 0 49
7424 48 49
7425 49 49
7426 0 0
7427 0 2
7428 48 49
7429 49 49
7430 0 3
7431 49 0
7432 0 2
7433 48 0
7434 0 1
7435 48 49
7436 0 48
7437 49 49
7438 49 0
7439 0 49
7440 0 0
7441 1 0
7442 48 49
7443 0 0
7444 48 0
7445 0 3
7446 49 49
7447 49 0
7448 0 2
7449 0 48
7450 1 0
7451 0 1
7452 0 2
7453 0 49
7454 48 49
7455 48 0
7456 49 49
7457 0 1
7458 48 49
7459 49 0
7460 2 0
7461 0 0
7462 49 49
7463 0 1
7464 0 0
7465 3 0
7466 48 0
7467 0 1
7468 2 0
7469 48 49
7470 0 48
7471 49 0
7472 1 0
7473 2 0
7474 0 0
7475 49 49
7476 0 49
7477 0 1
7478 1 0
7479 48 49
7480 0 48
7481 49 49
7482 48 49
7483 48 0
7484 49 49
7485 0 2
7486 0 49
7487 0 1
7488 0 48
7489 49 0
7490 0 2
7491 0 1
7492 0 0
7493 0 49
7494 48 0
7495 48 49
7496 1 0
7497 0 48
7498 0 49
7499 49 0
# colocadas=7500 ocupadas=5 mayor=7674
