0 1 29
1 28 15
2 5 2
3 6 2
4 1 28
5 5 2
6 6 2
7 43 51
8 5 2
9 1 29
10 29 15
11 5 14
12 44 51
13 6 2
14 5 2
15 43 51
16 6 2
17 44 51
18 28 15
19 1 28
20 29 15
21 5 2
22 5 13
23 28 15
24 29 15
25 6 2
26 1 29
27 28 15
28 43 51
29 44 51
30 5 2
31 6 2
32 1 28
33 43 51
34 5 14
35 44 51
36 1 29
37 5 2
38 6 2
39 5 2
40 29 15
41 1 28
42 43 51
43 5 13
44 44 51
45 1 29
46 43 51
47 44 51
48 6 2
49 43 51
50 5 2
51 1 28
52 44 51
53 6 2
54 5 2
55 43 51
56 1 29
57 6 2
58 28 15
59 29 15
60 44 51
61 43 51
62 5 2
63 1 28
64 44 51
65 5 14
66 28 15
67 5 13
68 5 14
69 5 13
70 1 29
71 5 14
72 29 15
73 5 13
74 1 28
75 43 51
76 28 15
77 6 2
78 5 2
79 5 14
80 29 15
81 28 15
82 1 29
83 5 13
84 44 51
85 43 51
86 5 14
87 5 13
88 1 28
89 1 29
90 44 51
91 43 51
92 44 51
93 1 28
94 5 14
95 43 51
96 6 2
97 29 15
98 1 29
99 28 15
100 5 13
101 29 15
102 5 2
103 1 28
104 44 51
105 43 51
106 44 51
107 1 29
108 5 14
109 1 28
110 5 13
111 43 51
112 44 51
113 6 2
114 5 2
115 43 51
116 5 14
117 44 51
118 28 15
119 1 29
120 29 15
121 28 15
122 1 28
123 5 13
124 43 51
125 44 51
126 43 51
127 5 14
128 5 13
129 1 29
130 44 51
131 29 15
132 43 51
133 28 15
134 29 15
135 5 14
136 1 28
137 1 29
138 5 13
139 5 14
140 5 13
141 1 28
142 28 15
143 44 51
144 5 14
145 1 29
146 29 15
147 28 15
148 5 13
149 29 15
150 5 14
151 5 13
152 5 14
153 5 13
154 1 28
155 43 51
156 1 29
157 6 2
158 1 28
159 5 14
160 5 2
161 28 15
162 29 15
163 28 15
164 1 29
165 5 13
166 5 14
167 44 51
168 6 2
169 29 15
170 5 13
171 28 15
172 5 14
173 1 28
174 5 2
175 29 15
176 43 51
177 28 15
178 1 29
179 5 13
180 5 14
181 5 13
182 1 28
183 29 15
184 28 15
185 29 15
186 1 29
187 5 14
188 44 51
189 1 28
190 5 13
191 6 2
192 28 15
193 5 14
194 5 13
195 29 15
196 5 2
197 1 29
198 43 51
199 5 14
200 1 28
201 1 29
202 28 15
203 5 13
204 44 51
205 1 28
206 1 29
207 5 14
208 43 51
209 1 28
210 29 15
211 44 51
212 5 13
213 28 15
214 6 2
215 43 51
216 44 51
217 43 51
218 5 14
219 29 15
220 28 15
221 5 13
222 44 51
223 5 14
224 43 51
225 44 51
226 1 29
227 29 15
228 43 51
229 1 28
230 1 29
231 5 13
232 44 51
233 43 51
234 1 28
235 28 15
236 5 2
237 6 2
238 44 51
239 1 29
240 5 14
241 29 15
242 43 51
243 28 15
244 29 15
245 28 15
246 5 2
247 5 13
248 44 51
249 1 28
250 29 15
251 1 29
252 6 2
253 28 15
254 43 51
255 44 51
256 43 51
257 29 15
258 28 15
259 1 28
260 5 2
261 6 2
262 5 2
263 29 15
264 1 29
265 1 28
266 6 2
267 5 2
268 28 15
269 1 29
270 44 51
271 1 28
272 6 2
273 5 14
274 29 15
275 1 29
276 1 28
277 1 29
278 28 15
279 5 2
280 43 51
281 6 2
282 5 13
283 44 51
284 1 28
285 5 14
286 5 13
287 43 51
288 1 29
289 44 51
290 43 51
291 5 2
292 29 15
293 28 15
294 5 14
295 6 2
296 29 15
297 5 2
298 44 51
299 5 13
300 6 2
301 43 51
302 28 15
303 1 28
304 44 51
305 5 2
306 1 29
307 43 51
308 1 28
309 44 51
310 6 2
311 5 2
312 43 51
313 6 2
314 29 15
315 5 2
316 6 2
317 1 29
318 44 51
319 28 15
320 5 2
321 29 15
322 6 2
323 5 2
324 6 2
325 5 14
326 43 51
327 44 51
328 5 13
329 5 14
330 5 13
331 43 51
332 5 14
333 28 15
334 1 28
335 1 29
336 29 15
337 5 13
338 44 51
339 5 2
340 43 51
341 1 28
342 44 51
343 28 15
344 6 2
345 5 2
346 6 2
347 43 51
348 1 29
349 44 51
350 5 14
351 29 15
352 1 28
353 1 29
354 1 28
355 43 51
356 44 51
357 5 2
358 1 29
359 1 28
360 28 15
361 6 2
362 5 13
363 29 15
364 5 14
365 5 2
366 6 2
367 1 29
368 5 13
369 1 28
370 5 2
371 43 51
372 28 15
373 5 14
374 5 13
375 6 2
376 5 2
377 6 2
378 1 29
379 29 15
380 44 51
381 1 28
382 28 15
383 5 2
384 1 29
385 5 14
386 5 13
387 29 15
388 43 51
389 1 28
390 1 29
391 5 14
392 6 2
393 44 51
394 43 51
395 28 15
396 5 13
397 29 15
398 5 14
399 5 13
400 1 28
401 28 15
402 5 2
403 1 29
404 6 2
405 29 15
406 5 2
407 28 15
408 29 15
409 1 28
410 44 51
411 28 15
412 43 51
413 44 51
414 29 15
415 6 2
416 1 29
417 5 2
418 28 15
419 29 15
420 5 14
421 5 13
422 6 2
423 5 14
424 43 51
425 44 51
426 5 13
427 5 14
428 43 51
429 5 2
430 6 2
431 5 13
432 28 15
433 29 15
434 5 14
435 5 13
436 5 14
437 28 15
438 29 15
439 5 13
440 5 14
441 1 28
442 44 51
443 28 15
444 43 51
445 44 51
446 5 13
447 5 2
448 43 51
449 44 51
450 29 15
451 1 29
452 6 2
453 28 15
454 5 2
455 1 28
456 5 14
457 43 51
458 6 2
459 29 15
460 28 15
461 44 51
462 5 13
463 5 14
464 29 15
465 28 15
466 5 2
467 6 2
468 29 15
469 5 13
470 1 29
471 43 51
472 44 51
473 1 28
474 28 15
475 5 2
476 6 2
477 43 51
478 1 29
479 1 28
480 1 29
481 5 14
482 5 2
483 5 13
484 29 15
485 1 28
486 5 14
487 5 13
488 1 29
489 44 51
490 5 14
491 6 2
492 1 28
493 43 51
494 1 29
495 5 2
496 44 51
497 6 2
498 28 15
499 1 28
500 43 51
501 44 51
502 5 13
503 43 51
504 44 51
505 5 14
506 5 2
507 1 29
508 5 13
509 5 14
510 43 51
511 44 51
512 29 15
513 6 2
514 43 51
515 44 51
516 5 2
517 1 28
518 6 2
519 43 51
520 28 15
521 5 2
522 29 15
523 6 2
524 5 13
525 5 14
526 5 2
527 6 2
528 28 15
529 29 15
530 5 2
531 6 2
532 1 29
533 1 28
534 1 29
535 28 15
536 44 51
537 5 2
538 43 51
539 6 2
540 5 2
541 6 2
542 5 2
543 6 2
544 5 13
545 1 28
546 1 29
547 5 14
548 1 28
549 5 13
550 1 29
551 5 14
552 44 51
553 43 51
554 44 51
555 29 15
556 5 13
557 5 2
558 28 15
559 1 28
560 5 14
561 5 13
562 5 14
563 29 15
564 6 2
565 5 13
566 5 14
567 5 2
568 1 29
569 28 15
570 43 51
571 6 2
572 1 28
573 5 2
574 5 13
575 29 15
576 44 51
577 28 15
578 1 29
579 29 15
580 1 28
581 1 29
582 28 15
583 6 2
584 43 51
585 44 51
586 1 28
587 29 15
588 5 2
589 28 15
590 1 29
591 29 15
592 1 28
593 1 29
594 43 51
595 44 51
596 5 14
597 28 15
598 1 28
599 29 15
600 6 2
601 5 13
602 1 29
603 1 28
604 43 51
605 44 51
606 5 14
607 43 51
608 44 51
609 5 2
610 5 13
611 28 15
612 5 14
613 29 15
614 28 15
615 6 2
616 5 13
617 29 15
618 5 14
619 1 29
620 28 15
621 5 13
622 29 15
623 1 28
624 43 51
625 28 15
626 5 14
627 5 2
628 1 29
629 29 15
630 5 13
631 28 15
632 29 15
633 44 51
634 6 2
635 43 51
636 5 2
637 44 51
638 28 15
639 29 15
640 1 28
641 43 51
642 5 14
643 1 29
644 6 2
645 44 51
646 28 15
647 29 15
648 28 15
649 1 28
650 5 13
651 5 14
652 29 15
653 43 51
654 44 51
655 43 51
656 5 2
657 1 29
658 44 51
659 1 28
660 28 15
661 29 15
662 1 29
663 6 2
664 5 13
665 28 15
666 43 51
667 44 51
668 1 28
669 43 51
670 5 2
671 6 2
672 29 15
673 5 2
674 44 51
675 5 14
676 6 2
677 5 13
678 5 14
679 43 51
680 28 15
681 29 15
682 5 2
683 44 51
684 5 13
685 28 15
686 5 14
687 29 15
688 28 15
689 5 13
690 6 2
691 29 15
692 28 15
693 1 29
694 1 28
695 29 15
696 43 51
697 44 51
698 28 15
699 43 51
700 5 2
701 6 2
702 5 2
703 5 14
704 29 15
705 1 29
706 6 2
707 5 2
708 6 2
709 5 2
710 5 13
711 28 15
712 1 28
713 6 2
714 5 14
715 5 13
716 5 2
717 44 51
718 1 29
719 43 51
720 29 15
721 6 2
722 1 28
723 5 2
724 44 51
725 6 2
726 1 29
727 1 28
728 43 51
729 1 29
730 5 2
731 44 51
732 6 2
733 5 14
734 1 28
735 43 51
736 5 13
737 5 2
738 5 14
739 6 2
740 44 51
741 5 2
742 43 51
743 5 13
744 28 15
745 29 15
746 1 29
747 44 51
748 43 51
749 44 51
750 43 51
751 6 2
752 1 28
753 28 15
754 1 29
755 44 51
756 1 28
757 29 15
758 1 29
759 28 15
760 29 15
761 28 15
762 5 14
763 1 28
764 1 29
765 5 13
766 43 51
767 44 51
768 1 28
769 43 51
770 5 2
771 5 14
772 1 29
773 5 13
774 6 2
775 1 28
776 44 51
777 5 14
778 5 2
779 29 15
780 6 2
781 1 29
782 28 15
783 29 15
784 43 51
785 5 13
786 28 15
787 5 2
788 29 15
789 44 51
790 6 2
791 43 51
792 5 14
793 1 28
794 5 13
795 5 2
796 1 29
797 44 51
798 5 14
799 6 2
800 1 28
801 5 13
802 1 29
803 5 2
804 43 51
805 28 15
806 1 28
807 44 51
808 6 2
809 5 2
810 29 15
811 5 14
812 1 29
813 5 13
814 5 14
815 1 28
816 43 51
817 1 29
818 5 13
819 6 2
820 1 28
821 44 51
822 1 29
823 5 2
824 28 15
825 1 28
826 43 51
827 29 15
828 6 2
829 44 51
830 1 29
831 5 2
832 43 51
833 5 14
834 5 13
835 44 51
836 6 2
837 28 15
838 5 14
839 5 2
840 6 2
841 43 51
842 1 28
843 29 15
844 44 51
845 5 2
846 43 51
847 44 51
848 5 13
849 5 14
850 28 15
851 29 15
852 5 13
853 43 51
854 6 2
855 44 51
856 28 15
857 43 51
858 1 29
859 29 15
860 1 28
861 44 51
862 5 2
863 43 51
864 28 15
865 29 15
866 5 14
867 1 29
868 6 2
869 28 15
870 5 13
871 29 15
872 5 14
873 28 15
874 29 15
875 1 28
876 28 15
877 5 13
878 29 15
879 44 51
880 43 51
881 28 15
882 44 51
883 5 14
884 29 15
885 5 13
886 5 2
887 43 51
888 44 51
889 6 2
890 1 29
891 5 14
892 43 51
893 5 13
894 5 2
895 5 14
896 6 2
897 44 51
898 1 28
899 5 13
900 5 14
901 28 15
902 5 13
903 1 29
904 43 51
905 5 14
906 1 28
907 5 2
908 1 29
909 44 51
910 29 15
911 5 13
912 43 51
913 1 28
914 44 51
915 43 51
916 28 15
917 6 2
918 5 14
919 44 51
920 29 15
921 5 2
922 43 51
923 44 51
924 43 51
925 44 51
926 43 51
927 1 29
928 44 51
929 43 51
930 44 51
931 28 15
932 29 15
933 43 51
934 6 2
935 28 15
936 44 51
937 1 28
938 29 15
939 5 2
940 5 13
941 28 15
942 29 15
943 5 14
944 6 2
945 28 15
946 29 15
947 1 29
948 28 15
949 5 13
950 29 15
951 43 51
952 1 28
953 1 29
954 44 51
955 28 15
956 5 2
957 43 51
958 5 14
959 6 2
960 44 51
961 43 51
962 1 28
963 5 2
964 1 29
965 29 15
966 5 13
967 6 2
968 1 28
969 5 14
970 5 2
971 28 15
972 6 2
973 44 51
974 43 51
975 44 51
976 5 2
977 29 15
978 6 2
979 43 51
980 44 51
981 5 2
982 1 29
983 5 13
984 43 51
985 1 28
986 28 15
987 5 14
988 5 13
989 6 2
990 5 14
991 5 13
992 44 51
993 29 15
994 43 51
995 44 51
996 5 2
997 28 15
998 43 51
999 44 51
1000 1 29
1001 1 28
1002 5 14
1003 43 51
1004 5 13
1005 29 15
1006 5 14
1007 44 51
1008 43 51
1009 1 29
1010 1 28
1011 28 15
1012 5 13
1013 1 29
1014 6 2
1015 1 28
1016 29 15
1017 5 14
1018 5 2
1019 1 29
1020 5 13
1021 1 28
1022 5 14
1023 1 29
1024 28 15
1025 6 2
1026 5 13
1027 1 28
1028 29 15
1029 5 2
1030 6 2
1031 5 2
1032 6 2
1033 1 29
1034 1 28
1035 5 2
1036 44 51
1037 28 15
1038 6 2
1039 29 15
1040 28 15
1041 5 2
1042 5 14
1043 1 29
1044 1 28
1045 43 51
1046 44 51
1047 1 29
1048 1 28
1049 1 29
1050 43 51
1051 1 28
1052 29 15
1053 28 15
1054 29 15
1055 6 2
1056 44 51
1057 5 2
1058 1 29
1059 5 13
1060 6 2
1061 5 14
1062 1 28
1063 28 15
1064 29 15
1065 28 15
1066 5 13
1067 5 2
1068 29 15
1069 5 14
1070 28 15
1071 43 51
1072 1 29
1073 5 13
1074 29 15
1075 1 28
1076 1 29
1077 28 15
1078 29 15
1079 1 28
1080 5 14
1081 44 51
1082 43 51
1083 44 51
1084 6 2
1085 43 51
1086 5 2
1087 44 51
1088 1 29
1089 5 13
1090 1 28
1091 1 29
1092 1 28
1093 1 29
1094 28 15
1095 5 14
1096 5 13
1097 1 28
1098 6 2
1099 43 51
1100 1 29
1101 1 28
1102 5 2
1103 5 14
1104 29 15
1105 44 51
1106 1 29
1107 5 13
1108 28 15
1109 43 51
1110 44 51
1111 6 2
1112 5 2
1113 29 15
1114 28 15
1115 1 28
1116 1 29
1117 29 15
1118 28 15
1119 6 2
1120 29 15
1121 28 15
1122 5 14
1123 5 2
1124 29 15
1125 43 51
1126 44 51
1127 43 51
1128 1 28
1129 1 29
1130 5 13
1131 28 15
1132 44 51
1133 6 2
1134 1 28
1135 1 29
1136 1 28
1137 5 14
1138 43 51
1139 5 2
1140 29 15
1141 1 29
1142 6 2
1143 5 2
1144 44 51
1145 1 28
1146 5 13
1147 28 15
1148 1 29
1149 29 15
1150 6 2
1151 1 28
1152 1 29
1153 5 14
1154 43 51
1155 1 28
1156 5 2
1157 44 51
1158 43 51
1159 6 2
1160 44 51
1161 5 2
1162 5 13
1163 28 15
1164 1 29
1165 1 28
1166 43 51
1167 29 15
1168 44 51
1169 6 2
1170 43 51
1171 28 15
1172 44 51
1173 29 15
1174 28 15
1175 5 14
1176 5 13
1177 5 2
1178 1 29
1179 6 2
1180 5 2
1181 1 28
1182 5 14
1183 5 13
1184 6 2
1185 5 2
1186 1 29
1187 6 2
1188 43 51
1189 44 51
1190 43 51
1191 5 2
1192 29 15
1193 1 28
1194 1 29
1195 44 51
1196 5 14
1197 1 28
1198 28 15
1199 29 15
1200 6 2
1201 5 2
1202 6 2
1203 28 15
1204 5 13
1205 5 2
1206 6 2
1207 43 51
1208 29 15
1209 28 15
1210 44 51
1211 1 29
1212 5 2
1213 5 14
1214 6 2
1215 5 2
1216 29 15
1217 28 15
1218 6 2
1219 5 2
1220 6 2
1221 29 15
1222 28 15
1223 1 28
1224 5 2
1225 6 2
1226 5 2
1227 43 51
1228 44 51
1229 29 15
1230 43 51
1231 44 51
1232 43 51
1233 28 15
1234 6 2
1235 1 29
1236 1 28
1237 1 29
1238 5 13
1239 44 51
1240 29 15
1241 5 14
1242 28 15
1243 43 51
1244 1 28
1245 1 29
1246 5 2
1247 1 28
1248 6 2
1249 44 51
1250 1 29
1251 43 51
1252 5 2
1253 29 15
1254 6 2
1255 28 15
1256 5 2
1257 5 13
1258 1 28
1259 1 29
1260 6 2
1261 44 51
1262 29 15
1263 1 28
1264 1 29
1265 1 28
1266 5 14
1267 43 51
1268 1 29
1269 1 28
1270 44 51
1271 43 51
1272 5 13
1273 1 29
1274 1 28
1275 44 51
1276 5 14
1277 1 29
1278 5 2
1279 1 28
1280 1 29
1281 28 15
1282 6 2
1283 5 13
1284 5 2
1285 1 28
1286 5 14
1287 5 13
1288 43 51
1289 5 14
1290 5 13
1291 29 15
1292 6 2
1293 5 2
1294 1 29
1295 28 15
1296 6 2
1297 5 2
1298 44 51
1299 1 28
1300 1 29
1301 1 28
1302 1 29
1303 6 2
1304 43 51
1305 5 14
1306 44 51
1307 5 13
1308 29 15
1309 1 28
1310 28 15
1311 29 15
1312 43 51
1313 1 29
1314 28 15
1315 29 15
1316 1 28
1317 5 2
1318 5 14
1319 1 29
1320 28 15
1321 6 2
1322 5 2
1323 44 51
1324 5 13
1325 43 51
1326 5 14
1327 44 51
1328 43 51
1329 6 2
1330 44 51
1331 5 2
1332 6 2
1333 5 13
1334 43 51
1335 5 14
1336 29 15
1337 1 28
1338 44 51
1339 5 13
1340 5 2
1341 5 14
1342 6 2
1343 43 51
1344 44 51
1345 5 2
1346 43 51
1347 28 15
1348 6 2
1349 29 15
1350 5 2
1351 44 51
1352 28 15
1353 1 29
1354 6 2
1355 43 51
1356 29 15
1357 5 2
1358 44 51
1359 6 2
1360 28 15
1361 5 13
1362 5 2
1363 29 15
1364 28 15
1365 29 15
1366 5 14
1367 1 28
1368 5 13
1369 6 2
1370 43 51
1371 1 29
1372 44 51
1373 28 15
1374 5 2
1375 5 14
1376 43 51
1377 44 51
1378 5 13
1379 29 15
1380 5 14
1381 43 51
1382 44 51
1383 1 28
1384 5 13
1385 5 14
1386 43 51
1387 28 15
1388 1 29
1389 1 28
1390 1 29
1391 44 51
1392 43 51
1393 29 15
1394 28 15
1395 5 13
1396 5 14
1397 6 2
1398 5 2
1399 6 2
1400 1 28
1401 5 13
1402 5 2
1403 29 15
1404 1 29
1405 1 28
1406 5 14
1407 5 13
1408 28 15
1409 1 29
1410 1 28
1411 6 2
1412 5 2
1413 6 2
1414 29 15
1415 1 29
1416 5 2
1417 6 2
1418 44 51
1419 1 28
1420 5 2
1421 28 15
1422 1 29
1423 29 15
1424 1 28
1425 6 2
1426 1 29
1427 28 15
1428 5 2
1429 6 2
1430 5 2
1431 6 2
1432 5 14
1433 5 2
1434 5 13
1435 43 51
1436 6 2
1437 29 15
1438 5 14
1439 1 28
1440 44 51
1441 5 13
1442 5 14
1443 5 2
1444 5 13
1445 1 29
1446 6 2
1447 5 14
1448 43 51
1449 44 51
1450 5 2
1451 43 51
1452 6 2
1453 5 2
1454 1 28
1455 6 2
1456 28 15
1457 29 15
1458 5 13
1459 5 14
1460 28 15
1461 5 13
1462 5 2
1463 29 15
1464 28 15
1465 1 29
1466 44 51
1467 1 28
1468 29 15
1469 43 51
1470 28 15
1471 6 2
1472 1 29
1473 1 28
1474 5 14
1475 5 2
1476 1 29
1477 44 51
1478 29 15
1479 1 28
1480 5 13
1481 1 29
1482 5 14
1483 1 28
1484 43 51
1485 28 15
1486 5 13
1487 1 29
1488 44 51
1489 43 51
1490 5 14
1491 6 2
1492 44 51
1493 1 28
1494 1 29
1495 1 28
1496 43 51
1497 29 15
1498 28 15
1499 29 15
1500 5 13
1501 5 2
1502 1 29
1503 28 15
1504 29 15
1505 1 28
1506 1 29
1507 1 28
1508 44 51
1509 6 2
1510 43 51
1511 5 2
1512 44 51
1513 1 29
1514 5 14
1515 1 28
1516 43 51
1517 44 51
1518 28 15
1519 6 2
1520 43 51
1521 29 15
1522 44 51
1523 5 2
1524 43 51
1525 6 2
1526 5 13
1527 5 2
1528 1 29
1529 44 51
1530 43 51
1531 28 15
1532 1 28
1533 6 2
1534 5 2
1535 44 51
1536 5 14
1537 43 51
1538 44 51
1539 43 51
1540 44 51
1541 1 29
1542 29 15
1543 28 15
1544 5 13
1545 1 28
1546 43 51
1547 1 29
1548 5 14
1549 6 2
1550 5 13
1551 29 15
1552 1 28
1553 5 14
1554 5 2
1555 1 29
1556 5 13
1557 1 28
1558 1 29
1559 44 51
1560 6 2
1561 28 15
1562 43 51
1563 5 2
1564 6 2
1565 5 2
1566 6 2
1567 1 28
1568 5 14
1569 5 2
1570 5 13
1571 5 14
1572 6 2
1573 44 51
1574 29 15
1575 28 15
1576 43 51
1577 1 29
1578 5 2
1579 6 2
1580 5 2
1581 5 13
1582 29 15
1583 28 15
1584 5 14
1585 29 15
1586 1 28
1587 28 15
1588 1 29
1589 29 15
1590 6 2
1591 5 13
1592 44 51
1593 5 14
1594 5 13
1595 5 14
1596 28 15
1597 43 51
1598 44 51
1599 5 13
1600 29 15
1601 1 28
1602 5 14
1603 5 2
1604 1 29
1605 1 28
1606 1 29
1607 6 2
1608 1 28
1609 5 13
1610 43 51
1611 1 29
1612 5 2
1613 28 15
1614 6 2
1615 5 14
1616 5 2
1617 44 51
1618 29 15
1619 28 15
1620 5 13
1621 6 2
1622 5 2
1623 43 51
1624 44 51
1625 43 51
1626 29 15
1627 6 2
1628 28 15
1629 5 2
1630 6 2
1631 1 28
1632 44 51
1633 43 51
1634 29 15
1635 5 14
1636 5 2
1637 28 15
1638 6 2
1639 1 29
1640 5 13
1641 1 28
1642 5 2
1643 1 29
1644 5 14
1645 44 51
1646 5 13
1647 29 15
1648 43 51
1649 1 28
1650 44 51
1651 5 14
1652 28 15
1653 6 2
1654 5 13
1655 5 2
1656 29 15
1657 6 2
1658 43 51
1659 1 29
1660 5 14
1661 28 15
1662 5 13
1663 44 51
1664 1 28
1665 43 51
1666 5 2
1667 29 15
1668 1 29
1669 28 15
1670 1 28
1671 6 2
1672 29 15
1673 44 51
1674 5 14
1675 1 29
1676 1 28
1677 5 2
1678 43 51
1679 6 2
1680 5 2
1681 5 13
1682 1 29
1683 6 2
1684 5 14
1685 5 13
1686 1 28
1687 1 29
1688 5 2
1689 44 51
1690 28 15
1691 6 2
1692 5 2
1693 1 28
1694 29 15
1695 43 51
1696 6 2
1697 28 15
1698 5 14
1699 29 15
1700 44 51
1701 5 2
1702 43 51
1703 5 13
1704 6 2
1705 44 51
1706 5 14
1707 43 51
1708 28 15
1709 5 2
1710 1 29
1711 44 51
1712 1 28
1713 29 15
1714 5 13
1715 43 51
1716 1 29
1717 1 28
1718 6 2
1719 1 29
1720 5 14
1721 28 15
1722 5 2
1723 29 15
1724 28 15
1725 29 15
1726 28 15
1727 5 13
1728 6 2
1729 5 2
1730 1 28
1731 1 29
1732 5 14
1733 5 13
1734 5 14
1735 6 2
1736 29 15
1737 5 13
1738 44 51
1739 1 28
1740 43 51
1741 1 29
1742 44 51
1743 43 51
1744 28 15
1745 5 14
1746 5 13
1747 5 14
1748 5 13
1749 5 14
1750 44 51
1751 43 51
1752 5 2
1753 5 13
1754 29 15
1755 44 51
1756 5 14
1757 6 2
1758 5 2
1759 28 15
1760 29 15
1761 1 28
1762 43 51
1763 44 51
1764 43 51
1765 1 29
1766 28 15
1767 6 2
1768 5 2
1769 5 13
1770 5 14
1771 29 15
1772 28 15
1773 1 28
1774 1 29
1775 29 15
1776 5 13
1777 44 51
1778 6 2
1779 5 14
1780 28 15
1781 1 28
1782 5 2
1783 1 29
1784 6 2
1785 1 28
1786 1 29
1787 29 15
1788 28 15
1789 43 51
1790 5 13
1791 29 15
1792 44 51
1793 5 14
1794 5 13
1795 1 28
1796 1 29
1797 5 2
1798 28 15
1799 5 14
1800 6 2
1801 43 51
1802 5 2
1803 44 51
1804 6 2
1805 29 15
1806 5 2
1807 43 51
1808 28 15
1809 5 13
1810 44 51
1811 5 14
1812 43 51
1813 44 51
1814 29 15
1815 6 2
1816 5 13
1817 1 28
1818 5 2
1819 6 2
1820 5 2
1821 6 2
1822 28 15
1823 5 14
1824 29 15
1825 28 15
1826 29 15
1827 1 29
1828 28 15
1829 29 15
1830 28 15
1831 29 15
1832 43 51
1833 5 2
1834 28 15
1835 29 15
1836 28 15
1837 29 15
1838 6 2
1839 1 28
1840 5 13
1841 44 51
1842 28 15
1843 43 51
1844 5 14
1845 5 13
1846 1 29
1847 29 15
1848 44 51
1849 43 51
1850 1 28
1851 5 14
1852 28 15
1853 5 2
1854 1 29
1855 44 51
1856 6 2
1857 1 28
1858 5 13
1859 5 2
1860 5 14
1861 29 15
1862 5 13
1863 28 15
1864 43 51
1865 44 51
1866 43 51
1867 5 14
1868 6 2
1869 1 29
1870 5 2
1871 6 2
1872 1 28
1873 5 13
1874 5 14
1875 5 13
1876 44 51
1877 5 2
1878 29 15
1879 28 15
1880 6 2
1881 29 15
1882 1 29
1883 5 14
1884 43 51
1885 44 51
1886 28 15
1887 5 2
1888 5 13
1889 1 28
1890 5 14
1891 43 51
1892 44 51
1893 1 29
1894 5 13
1895 43 51
1896 44 51
1897 5 14
1898 6 2
1899 1 28
1900 5 13
1901 43 51
1902 29 15
1903 1 29
1904 44 51
1905 5 2
1906 28 15
1907 1 28
1908 29 15
1909 43 51
1910 1 29
1911 5 14
1912 1 28
1913 1 29
1914 1 28
1915 5 13
1916 6 2
1917 28 15
1918 29 15
1919 5 14
1920 1 29
1921 5 2
1922 28 15
1923 29 15
1924 28 15
1925 29 15
1926 44 51
1927 43 51
1928 1 28
1929 5 13
1930 28 15
1931 6 2
1932 5 2
1933 5 14
1934 29 15
1935 44 51
1936 6 2
1937 5 2
1938 43 51
1939 1 29
1940 6 2
1941 5 13
1942 1 28
1943 28 15
1944 5 2
1945 6 2
1946 5 2
1947 5 14
1948 6 2
1949 1 29
1950 1 28
1951 29 15
1952 44 51
1953 1 29
1954 5 2
1955 5 13
1956 1 28
1957 1 29
1958 28 15
1959 5 14
1960 29 15
1961 1 28
1962 28 15
1963 1 29
1964 1 28
1965 29 15
1966 5 13
1967 1 29
1968 1 28
1969 43 51
1970 1 29
1971 6 2
1972 1 28
1973 1 29
1974 1 28
1975 44 51
1976 5 14
1977 5 13
1978 43 51
1979 1 29
1980 5 2
1981 44 51
1982 1 28
1983 43 51
1984 6 2
1985 28 15
1986 5 2
1987 6 2
1988 44 51
1989 5 14
1990 29 15
1991 1 29
1992 43 51
1993 28 15
1994 5 2
1995 44 51
1996 43 51
1997 44 51
1998 1 28
1999 29 15
2000 5 13
2001 6 2
2002 1 29
2003 5 2
2004 6 2
2005 5 14
2006 28 15
2007 5 2
2008 6 2
2009 5 2
2010 5 13
2011 43 51
2012 6 2
2013 5 14
2014 5 2
2015 29 15
2016 6 2
2017 44 51
2018 5 2
2019 43 51
2020 44 51
2021 1 28
2022 5 13
2023 6 2
2024 5 2
2025 1 29
2026 43 51
2027 5 14
2028 5 13
2029 6 2
2030 28 15
2031 5 14
2032 5 2
2033 6 2
2034 1 28
2035 1 29
2036 29 15
2037 5 2
2038 1 28
2039 28 15
2040 44 51
2041 5 13
2042 5 14
2043 1 29
2044 43 51
2045 6 2
2046 44 51
2047 1 28
2048 29 15
2049 1 29
2050 5 2
2051 6 2
2052 5 13
2053 1 28
2054 28 15
2055 5 14
2056 5 2
2057 1 29
2058 1 28
2059 29 15
2060 5 13
2061 5 14
2062 43 51
2063 28 15
2064 29 15
2065 28 15
2066 1 29
2067 1 28
2068 29 15
2069 6 2
2070 5 2
2071 28 15
2072 1 29
2073 44 51
2074 43 51
2075 5 13
2076 1 28
2077 1 29
2078 5 14
2079 44 51
2080 1 28
2081 6 2
2082 43 51
2083 1 29
2084 1 28
2085 1 29
2086 44 51
2087 29 15
2088 5 13
2089 5 14
2090 5 2
2091 6 2
2092 1 28
2093 5 2
2094 6 2
2095 28 15
2096 1 29
2097 5 13
2098 1 28
2099 5 2
2100 5 14
2101 43 51
2102 5 13
2103 1 29
2104 44 51
2105 1 28
2106 1 29
2107 1 28
2108 29 15
2109 5 14
2110 43 51
2111 1 29
2112 44 51
2113 6 2
2114 5 2
2115 1 28
2116 43 51
2117 28 15
2118 6 2
2119 5 2
2120 1 29
2121 5 13
2122 29 15
2123 28 15
2124 6 2
2125 44 51
2126 1 28
2127 29 15
2128 5 2
2129 5 14
2130 28 15
2131 1 29
2132 6 2
2133 1 28
2134 43 51
2135 1 29
2136 5 13
2137 29 15
2138 1 28
2139 5 2
2140 6 2
2141 5 14
2142 5 2
2143 44 51
2144 6 2
2145 43 51
2146 1 29
2147 1 28
2148 5 2
2149 44 51
2150 43 51
2151 1 29
2152 1 28
2153 5 13
2154 1 29
2155 44 51
2156 6 2
2157 5 2
2158 1 28
2159 1 29
2160 43 51
2161 1 28
2162 5 14
2163 1 29
2164 28 15
2165 29 15
2166 1 28
2167 28 15
2168 29 15
2169 44 51
2170 6 2
2171 28 15
2172 29 15
2173 28 15
2174 5 2
2175 5 13
2176 5 14
2177 5 13
2178 5 14
2179 1 29
2180 5 13
2181 29 15
2182 28 15
2183 6 2
2184 43 51
2185 1 28
2186 5 2
2187 5 14
2188 29 15
2189 1 29
2190 6 2
2191 44 51
2192 5 2
2193 1 28
2194 6 2
2195 28 15
2196 5 2
2197 29 15
2198 43 51
2199 1 29
2200 6 2
2201 5 2
2202 1 28
2203 6 2
2204 44 51
2205 5 13
2206 1 29
2207 43 51
2208 44 51
2209 5 2
2210 28 15
2211 1 28
2212 6 2
2213 43 51
2214 5 2
2215 1 29
2216 1 28
2217 44 51
2218 29 15
2219 28 15
2220 6 2
2221 5 14
2222 5 2
2223 43 51
2224 44 51
2225 1 29
2226 1 28
2227 1 29
2228 5 13
2229 6 2
2230 1 28
2231 5 14
2232 5 2
2233 1 29
2234 43 51
2235 29 15
2236 28 15
2237 5 13
2238 29 15
2239 6 2
2240 5 14
2241 5 13
2242 44 51
2243 5 2
2244 5 14
2245 28 15
2246 5 13
2247 6 2
2248 29 15
2249 43 51
2250 28 15
2251 1 28
2252 44 51
2253 43 51
2254 5 14
2255 1 29
2256 29 15
2257 5 2
2258 28 15
2259 29 15
2260 44 51
2261 6 2
2262 5 2
2263 43 51
2264 6 2
2265 5 13
2266 5 2
2267 6 2
2268 28 15
2269 5 2
2270 44 51
2271 1 28
2272 1 29
2273 6 2
2274 5 2
2275 5 14
2276 6 2
2277 43 51
2278 5 13
2279 5 2
2280 29 15
2281 5 14
2282 28 15
2283 44 51
2284 5 13
2285 43 51
2286 1 28
2287 29 15
2288 1 29
2289 44 51
2290 6 2
2291 43 51
2292 5 2
2293 44 51
2294 6 2
2295 1 28
2296 1 29
2297 1 28
2298 1 29
2299 1 28
2300 1 29
2301 5 2
2302 43 51
2303 6 2
2304 44 51
2305 5 2
2306 28 15
2307 1 28
2308 6 2
2309 29 15
2310 5 2
2311 1 29
2312 6 2
2313 28 15
2314 1 28
2315 43 51
2316 29 15
2317 44 51
2318 43 51
2319 5 14
2320 5 13
2321 5 14
2322 1 29
2323 28 15
2324 1 28
2325 29 15
2326 28 15
2327 1 29
2328 5 13
2329 5 14
2330 5 2
2331 44 51
2332 5 13
2333 1 28
2334 43 51
2335 1 29
2336 1 28
2337 44 51
2338 29 15
2339 28 15
2340 6 2
2341 5 14
2342 1 29
2343 43 51
2344 5 13
2345 29 15
2346 1 28
2347 44 51
2348 5 2
2349 5 14
2350 28 15
2351 1 29
2352 1 28
2353 43 51
2354 5 13
2355 1 29
2356 1 28
2357 5 14
2358 29 15
2359 6 2
2360 44 51
2361 28 15
2362 29 15
2363 5 13
2364 43 51
2365 1 29
2366 5 2
2367 5 14
2368 6 2
2369 28 15
2370 5 2
2371 1 28
2372 6 2
2373 1 29
2374 44 51
2375 1 28
2376 1 29
2377 5 2
2378 5 13
2379 5 14
2380 5 13
2381 1 28
2382 29 15
2383 6 2
2384 5 2
2385 28 15
2386 1 29
2387 1 28
2388 5 14
2389 1 29
2390 5 13
2391 1 28
2392 6 2
2393 29 15
2394 28 15
2395 5 14
2396 43 51
2397 29 15
2398 5 13
2399 28 15
2400 44 51
2401 5 2
2402 5 14
2403 43 51
2404 5 13
2405 1 29
2406 1 28
2407 1 29
2408 6 2
2409 5 14
2410 44 51
2411 43 51
2412 29 15
2413 28 15
2414 5 13
2415 5 2
2416 29 15
2417 44 51
2418 28 15
2419 6 2
2420 5 2
2421 43 51
2422 44 51
2423 1 28
2424 5 14
2425 29 15
2426 28 15
2427 5 13
2428 6 2
2429 43 51
2430 44 51
2431 5 14
2432 1 29
2433 43 51
2434 5 2
2435 5 13
2436 29 15
2437 1 28
2438 6 2
2439 5 2
2440 6 2
2441 5 14
2442 5 13
2443 5 2
2444 5 14
2445 6 2
2446 5 13
2447 44 51
2448 28 15
2449 29 15
2450 5 14
2451 43 51
2452 1 29
2453 5 13
2454 28 15
2455 44 51
2456 5 14
2457 5 2
2458 5 13
2459 29 15
2460 6 2
2461 43 51
2462 28 15
2463 44 51
2464 43 51
2465 5 14
2466 1 28
2467 5 2
2468 1 29
2469 1 28
2470 5 13
2471 29 15
2472 28 15
2473 29 15
2474 6 2
2475 5 2
2476 28 15
2477 44 51
2478 1 29
2479 6 2
2480 29 15
2481 43 51
2482 44 51
2483 28 15
2484 5 2
2485 6 2
2486 5 2
2487 6 2
2488 1 28
2489 5 14
2490 43 51
2491 1 29
2492 5 2
2493 29 15
2494 44 51
2495 6 2
2496 5 13
2497 5 2
2498 6 2
2499 5 2
2500 6 2
2501 1 28
2502 1 29
2503 5 2
2504 5 14
2505 1 28
2506 43 51
2507 44 51
2508 6 2
2509 5 13
2510 5 2
2511 28 15
2512 29 15
2513 6 2
2514 1 29
2515 43 51
2516 5 2
2517 1 28
2518 6 2
2519 5 2
2520 28 15
2521 29 15
2522 28 15
2523 44 51
2524 43 51
2525 5 14
2526 29 15
2527 6 2
2528 28 15
2529 29 15
2530 1 29
2531 5 13
2532 5 2
2533 28 15
2534 6 2
2535 1 28
2536 1 29
2537 5 2
2538 29 15
2539 1 28
2540 44 51
2541 43 51
2542 28 15
2543 6 2
2544 29 15
2545 5 2
2546 1 29
2547 5 14
2548 5 13
2549 44 51
2550 28 15
2551 1 28
2552 29 15
2553 6 2
2554 28 15
2555 43 51
2556 5 2
2557 44 51
2558 43 51
2559 6 2
2560 1 29
2561 5 14
2562 44 51
2563 1 28
2564 43 51
2565 5 13
2566 29 15
2567 44 51
2568 28 15
2569 5 2
2570 6 2
2571 29 15
2572 5 2
2573 43 51
2574 44 51
2575 6 2
2576 5 2
2577 28 15
2578 1 29
2579 5 14
2580 1 28
2581 5 13
2582 29 15
2583 1 29
2584 6 2
2585 5 2
2586 43 51
2587 5 14
2588 5 13
2589 1 28
2590 44 51
2591 6 2
2592 1 29
2593 43 51
2594 44 51
2595 43 51
2596 1 28
2597 1 29
2598 1 28
2599 44 51
2600 28 15
2601 5 2
2602 5 14
2603 1 29
2604 29 15
2605 43 51
2606 5 13
2607 1 28
2608 28 15
2609 44 51
2610 43 51
2611 29 15
2612 5 14
2613 28 15
2614 6 2
2615 5 2
2616 6 2
2617 5 2
2618 5 13
2619 6 2
2620 1 29
2621 5 14
2622 5 13
2623 5 2
2624 1 28
2625 6 2
2626 1 29
2627 5 2
2628 1 28
2629 5 14
2630 6 2
2631 44 51
2632 43 51
2633 1 29
2634 29 15
2635 1 28
2636 1 29
2637 28 15
2638 29 15
2639 5 2
2640 1 28
2641 6 2
2642 28 15
2643 1 29
2644 44 51
2645 5 2
2646 29 15
2647 1 28
2648 28 15
2649 5 13
2650 1 29
2651 1 28
2652 5 14
2653 6 2
2654 1 29
2655 5 13
2656 43 51
2657 1 28
2658 5 14
2659 1 29
2660 5 2
2661 5 13
2662 44 51
2663 29 15
2664 43 51
2665 44 51
2666 5 14
2667 5 13
2668 6 2
2669 43 51
2670 5 14
2671 1 28
2672 5 2
2673 5 13
2674 5 14
2675 44 51
2676 5 13
2677 1 29
2678 5 14
2679 28 15
2680 5 13
2681 6 2
2682 29 15
2683 1 28
2684 28 15
2685 29 15
2686 28 15
2687 5 2
2688 6 2
2689 43 51
2690 1 29
2691 5 14
2692 5 13
2693 44 51
2694 5 14
2695 43 51
2696 1 28
2697 29 15
2698 5 13
2699 5 2
2700 6 2
2701 1 29
2702 5 2
2703 6 2
2704 44 51
2705 28 15
2706 43 51
2707 44 51
2708 5 2
2709 5 14
2710 6 2
2711 5 2
2712 43 51
2713 1 28
2714 29 15
2715 44 51
2716 6 2
2717 28 15
2718 1 29
2719 29 15
2720 28 15
2721 5 13
2722 1 28
2723 5 2
2724 1 29
2725 29 15
2726 28 15
2727 29 15
2728 28 15
2729 1 28
2730 6 2
2731 5 2
2732 43 51
2733 5 14
2734 5 13
2735 1 29
2736 29 15
2737 6 2
2738 5 14
2739 1 28
2740 5 2
2741 6 2
2742 28 15
2743 5 13
2744 44 51
2745 5 14
2746 43 51
2747 1 29
2748 44 51
2749 5 13
2750 5 14
2751 5 2
2752 6 2
2753 43 51
2754 1 28
2755 5 2
2756 29 15
2757 1 29
2758 1 28
2759 6 2
2760 1 29
2761 44 51
2762 43 51
2763 1 28
2764 1 29
2765 5 13
2766 28 15
2767 29 15
2768 5 2
2769 28 15
2770 5 14
2771 6 2
2772 29 15
2773 5 13
2774 44 51
2775 5 2
2776 5 14
2777 6 2
2778 28 15
2779 43 51
2780 5 2
2781 29 15
2782 28 15
2783 44 51
2784 1 28
2785 5 13
2786 29 15
2787 1 29
2788 6 2
2789 28 15
2790 1 28
2791 43 51
2792 29 15
2793 44 51
2794 28 15
2795 29 15
2796 5 14
2797 5 13
2798 28 15
2799 1 29
2800 43 51
2801 1 28
2802 5 14
2803 5 2
2804 29 15
2805 44 51
2806 5 13
2807 1 29
2808 6 2
2809 43 51
2810 44 51
2811 5 14
2812 5 13
2813 1 28
2814 5 14
2815 5 13
2816 1 29
2817 5 2
2818 5 14
2819 6 2
2820 5 2
2821 6 2
2822 5 13
2823 43 51
2824 44 51
2825 43 51
2826 44 51
2827 5 14
2828 43 51
2829 1 28
2830 5 2
2831 1 29
2832 6 2
2833 5 13
2834 28 15
2835 1 28
2836 5 2
2837 6 2
2838 5 14
2839 29 15
2840 44 51
2841 5 13
2842 5 14
2843 1 29
2844 5 2
2845 6 2
2846 28 15
2847 5 13
2848 5 2
2849 43 51
2850 1 28
2851 5 14
2852 29 15
2853 5 13
2854 44 51
2855 1 29
2856 28 15
2857 6 2
2858 43 51
2859 44 51
2860 5 2
2861 5 14
2862 43 51
2863 1 28
2864 6 2
2865 5 13
2866 5 14
2867 29 15
2868 1 29
2869 1 28
2870 5 13
2871 1 29
2872 28 15
2873 44 51
2874 29 15
2875 28 15
2876 5 14
2877 1 28
2878 5 2
2879 1 29
2880 29 15
2881 1 28
2882 1 29
2883 6 2
2884 5 2
2885 5 13
2886 43 51
2887 1 28
2888 5 14
2889 1 29
2890 6 2
2891 1 28
2892 1 29
2893 1 28
2894 5 13
2895 1 29
2896 28 15
2897 5 2
2898 44 51
2899 1 28
2900 29 15
2901 6 2
2902 1 29
2903 5 2
2904 1 28
2905 43 51
2906 28 15
2907 1 29
2908 44 51
2909 6 2
2910 43 51
2911 5 2
2912 44 51
2913 43 51
2914 5 14
2915 5 13
2916 1 28
2917 1 29
2918 44 51
2919 43 51
2920 44 51
2921 29 15
2922 6 2
2923 43 51
2924 28 15
2925 5 2
2926 1 28
2927 5 14
2928 5 13
2929 6 2
2930 5 2
2931 5 14
2932 29 15
2933 6 2
2934 1 29
2935 28 15
2936 1 28
2937 29 15
2938 28 15
2939 5 2
2940 29 15
2941 28 15
2942 6 2
2943 29 15
2944 44 51
2945 5 13
2946 1 29
2947 1 28
2948 5 2
2949 28 15
2950 6 2
2951 1 29
2952 5 14
2953 5 2
2954 6 2
2955 43 51
2956 5 2
2957 5 13
2958 6 2
2959 5 2
2960 44 51
2961 6 2
2962 43 51
2963 1 28
2964 29 15
2965 44 51
2966 1 29
2967 5 2
2968 1 28
2969 28 15
2970 6 2
2971 1 29
2972 5 2
2973 43 51
2974 5 14
2975 1 28
2976 29 15
2977 5 13
2978 5 14
2979 28 15
2980 1 29
2981 1 28
2982 29 15
2983 1 29
2984 6 2
2985 44 51
2986 5 13
2987 43 51
2988 28 15
2989 5 2
2990 6 2
2991 1 28
2992 1 29
2993 29 15
2994 5 14
2995 5 2
2996 28 15
2997 44 51
2998 43 51
2999 44 51
3000 1 28
3001 5 13
3002 29 15
3003 43 51
3004 28 15
3005 5 14
3006 6 2
3007 5 13
3008 5 2
3009 29 15
3010 6 2
3011 44 51
3012 5 14
3013 5 2
3014 28 15
3015 29 15
3016 5 13
3017 28 15
3018 1 29
3019 29 15
3020 1 28
3021 5 14
3022 6 2
3023 5 2
3024 1 29
3025 1 28
3026 1 29
3027 28 15
3028 5 13
3029 1 28
3030 29 15
3031 28 15
3032 5 14
3033 1 29
3034 29 15
3035 43 51
3036 28 15
3037 29 15
3038 28 15
3039 44 51
3040 1 28
3041 29 15
3042 5 13
3043 6 2
3044 28 15
3045 1 29
3046 29 15
3047 28 15
3048 1 28
3049 5 2
3050 1 29
3051 6 2
3052 43 51
3053 44 51
3054 5 14
3055 5 13
3056 1 28
3057 5 2
3058 5 14
3059 43 51
3060 6 2
3061 1 29
3062 5 13
3063 29 15
3064 44 51
3065 28 15
3066 43 51
3067 44 51
3068 43 51
3069 1 28
3070 1 29
3071 29 15
3072 1 28
3073 44 51
3074 28 15
3075 5 14
3076 5 2
3077 1 29
3078 43 51
3079 44 51
3080 5 13
3081 29 15
3082 5 14
3083 43 51
3084 44 51
3085 1 28
3086 43 51
3087 1 29
3088 1 28
3089 1 29
3090 5 13
3091 6 2
3092 5 2
3093 1 28
3094 6 2
3095 1 29
3096 5 2
3097 28 15
3098 44 51
3099 6 2
3100 5 14
3101 5 2
3102 6 2
3103 5 2
3104 5 13
3105 43 51
3106 5 14
3107 44 51
3108 1 28
3109 6 2
3110 29 15
3111 5 13
3112 43 51
3113 44 51
3114 1 29
3115 1 28
3116 5 2
3117 28 15
3118 29 15
3119 28 15
3120 6 2
3121 5 14
3122 5 13
3123 29 15
3124 5 14
3125 1 29
3126 1 28
3127 1 29
3128 5 2
3129 6 2
3130 1 28
3131 43 51
3132 5 2
3133 44 51
3134 5 13
3135 1 29
3136 28 15
3137 1 28
3138 5 14
3139 43 51
3140 6 2
3141 5 2
3142 6 2
3143 44 51
3144 43 51
3145 5 13
3146 1 29
3147 1 28
3148 1 29
3149 5 2
3150 1 28
3151 44 51
3152 6 2
3153 5 14
3154 5 2
3155 5 13
3156 6 2
3157 1 29
3158 1 28
3159 43 51
3160 5 14
3161 5 13
3162 44 51
3163 1 29
3164 5 14
3165 5 13
3166 43 51
3167 1 28
3168 44 51
3169 5 14
3170 5 13
3171 29 15
3172 5 14
3173 43 51
3174 5 2
3175 44 51
3176 28 15
3177 6 2
3178 29 15
3179 1 29
3180 43 51
3181 44 51
3182 1 28
3183 1 29
3184 5 13
3185 43 51
3186 44 51
3187 43 51
3188 1 28
3189 28 15
3190 29 15
3191 44 51
3192 43 51
3193 44 51
3194 43 51
3195 5 2
3196 44 51
3197 43 51
3198 44 51
3199 28 15
3200 5 14
3201 5 13
3202 1 29
3203 43 51
3204 29 15
3205 44 51
3206 6 2
3207 1 28
3208 43 51
3209 5 2
3210 28 15
3211 29 15
3212 28 15
3213 29 15
3214 5 14
3215 1 29
3216 28 15
3217 6 2
3218 44 51
3219 5 13
3220 1 28
3221 43 51
3222 44 51
3223 1 29
3224 5 14
3225 5 13
3226 5 14
3227 43 51
3228 29 15
3229 1 28
3230 44 51
3231 1 29
3232 28 15
3233 29 15
3234 1 28
3235 5 13
3236 5 14
3237 43 51
3238 44 51
3239 1 29
3240 5 2
3241 6 2
3242 43 51
3243 5 13
3244 44 51
3245 43 51
3246 44 51
3247 5 2
3248 5 14
3249 6 2
3250 43 51
3251 28 15
3252 29 15
3253 1 28
3254 1 29
3255 44 51
3256 5 13
3257 28 15
3258 43 51
3259 5 14
3260 5 2
3261 29 15
3262 5 13
3263 44 51
3264 5 14
3265 6 2
3266 1 28
3267 5 13
3268 5 2
3269 6 2
3270 5 14
3271 43 51
3272 5 13
3273 5 2
3274 5 14
3275 1 29
3276 6 2
3277 5 13
3278 5 14
3279 5 2
3280 1 28
3281 1 29
3282 6 2
3283 5 13
3284 5 14
3285 1 28
3286 1 29
3287 5 13
3288 44 51
3289 5 14
3290 28 15
3291 5 13
3292 5 14
3293 43 51
3294 5 2
3295 6 2
3296 5 2
3297 29 15
3298 28 15
3299 29 15
3300 1 28
3301 5 13
3302 5 14
3303 28 15
3304 6 2
3305 5 13
3306 44 51
3307 5 2
3308 43 51
3309 44 51
3310 6 2
3311 5 2
3312 43 51
3313 44 51
3314 29 15
3315 6 2
3316 1 29
3317 5 2
3318 5 14
3319 28 15
3320 29 15
3321 6 2
3322 1 28
3323 1 29
3324 5 13
3325 28 15
3326 43 51
3327 1 28
3328 1 29
3329 5 14
3330 29 15
3331 44 51
3332 28 15
3333 5 2
3334 6 2
3335 1 28
3336 5 2
3337 29 15
3338 28 15
3339 29 15
3340 28 15
3341 6 2
3342 29 15
3343 28 15
3344 5 13
3345 43 51
3346 5 14
3347 44 51
3348 5 2
3349 5 13
3350 43 51
3351 6 2
3352 1 29
3353 5 14
3354 1 28
3355 1 29
3356 44 51
3357 43 51
3358 5 2
3359 29 15
3360 5 13
3361 5 14
3362 1 28
3363 1 29
3364 5 13
3365 44 51
3366 5 14
3367 5 13
3368 1 28
3369 28 15
3370 29 15
3371 43 51
3372 5 14
3373 28 15
3374 6 2
3375 1 29
3376 5 13
3377 29 15
3378 1 28
3379 5 14
3380 44 51
3381 1 29
3382 43 51
3383 44 51
3384 5 13
3385 1 28
3386 5 14
3387 1 29
3388 1 28
3389 43 51
3390 1 29
3391 28 15
3392 44 51
3393 5 2
3394 1 28
3395 29 15
3396 1 29
3397 43 51
3398 5 13
3399 5 14
3400 28 15
3401 1 28
3402 6 2
3403 44 51
3404 43 51
3405 44 51
3406 5 13
3407 5 2
3408 1 29
3409 5 14
3410 6 2
3411 43 51
3412 1 28
3413 5 13
3414 1 29
3415 44 51
3416 5 14
3417 5 2
3418 1 28
3419 29 15
3420 43 51
3421 6 2
3422 1 29
3423 5 13
3424 44 51
3425 5 2
3426 5 14
3427 28 15
3428 1 28
3429 43 51
3430 6 2
3431 44 51
3432 5 13
3433 29 15
3434 1 29
3435 28 15
3436 43 51
3437 5 14
3438 5 2
3439 6 2
3440 5 2
3441 5 13
3442 44 51
3443 43 51
3444 5 14
3445 5 13
3446 6 2
3447 1 28
3448 44 51
3449 43 51
3450 44 51
3451 5 14
3452 1 29
3453 5 2
3454 43 51
3455 5 13
3456 6 2
3457 5 14
3458 29 15
3459 1 28
3460 44 51
3461 1 29
3462 5 2
3463 1 28
3464 43 51
3465 44 51
3466 43 51
3467 5 13
3468 6 2
3469 28 15
3470 44 51
3471 1 29
3472 43 51
3473 1 28
3474 5 14
3475 44 51
3476 1 29
3477 43 51
3478 5 2
3479 6 2
3480 5 13
3481 29 15
3482 28 15
3483 44 51
3484 1 28
3485 1 29
3486 5 2
3487 6 2
3488 43 51
3489 29 15
3490 5 2
3491 28 15
3492 29 15
3493 44 51
3494 43 51
3495 6 2
3496 28 15
3497 44 51
3498 1 28
3499 29 15
3500 5 2
3501 5 14
3502 43 51
3503 5 13
3504 5 14
3505 1 29
3506 1 28
3507 44 51
3508 5 13
3509 6 2
3510 43 51
3511 44 51
3512 5 14
3513 5 2
3514 5 13
3515 43 51
3516 28 15
3517 5 14
3518 29 15
3519 6 2
3520 5 2
3521 1 29
3522 5 13
3523 28 15
3524 44 51
3525 5 14
3526 1 28
3527 1 29
3528 43 51
3529 1 28
3530 44 51
3531 43 51
3532 6 2
3533 44 51
3534 1 29
3535 43 51
3536 5 13
3537 5 2
3538 1 28
3539 6 2
3540 1 29
3541 5 2
3542 5 14
3543 1 28
3544 29 15
3545 6 2
3546 5 2
3547 44 51
3548 1 29
3549 43 51
3550 5 13
3551 6 2
3552 1 28
3553 5 14
3554 5 2
3555 44 51
3556 43 51
3557 1 29
3558 1 28
3559 28 15
3560 5 13
3561 5 14
3562 5 13
3563 6 2
3564 44 51
3565 5 14
3566 29 15
3567 43 51
3568 5 2
3569 28 15
3570 5 13
3571 29 15
3572 5 14
3573 5 13
3574 6 2
3575 5 14
3576 28 15
3577 44 51
3578 43 51
3579 5 2
3580 6 2
3581 5 2
3582 1 29
3583 44 51
3584 1 28
3585 5 13
3586 5 14
3587 6 2
3588 1 29
3589 43 51
3590 1 28
3591 1 29
3592 5 13
3593 1 28
3594 1 29
3595 5 2
3596 29 15
3597 44 51
3598 6 2
3599 5 14
3600 1 28
3601 5 13
3602 1 29
3603 5 2
3604 43 51
3605 1 28
3606 44 51
3607 6 2
3608 28 15
3609 1 29
3610 43 51
3611 5 14
3612 29 15
3613 28 15
3614 5 13
3615 5 14
3616 29 15
3617 5 13
3618 5 2
3619 5 14
3620 44 51
3621 28 15
3622 1 28
3623 6 2
3624 5 13
3625 5 2
3626 6 2
3627 43 51
3628 5 2
3629 1 29
3630 44 51
3631 43 51
3632 6 2
3633 1 28
3634 5 14
3635 5 2
3636 29 15
3637 28 15
3638 29 15
3639 5 13
3640 6 2
3641 28 15
3642 5 14
3643 29 15
3644 1 29
3645 44 51
3646 43 51
3647 5 13
3648 44 51
3649 1 28
3650 1 29
3651 1 28
3652 5 14
3653 28 15
3654 5 13
3655 43 51
3656 5 14
3657 5 13
3658 1 29
3659 5 14
3660 44 51
3661 29 15
3662 28 15
3663 43 51
3664 29 15
3665 44 51
3666 1 28
3667 5 13
3668 1 29
3669 28 15
3670 43 51
3671 44 51
3672 5 14
3673 5 13
3674 5 2
3675 43 51
3676 44 51
3677 29 15
3678 28 15
3679 43 51
3680 29 15
3681 1 28
3682 5 14
3683 1 29
3684 6 2
3685 28 15
3686 44 51
3687 29 15
3688 5 2
3689 6 2
3690 5 2
3691 43 51
3692 28 15
3693 1 28
3694 5 13
3695 29 15
3696 28 15
3697 1 29
3698 5 14
3699 6 2
3700 44 51
3701 29 15
3702 5 13
3703 1 28
3704 5 2
3705 5 14
3706 5 13
3707 5 14
3708 5 13
3709 1 29
3710 1 28
3711 43 51
3712 1 29
3713 1 28
3714 5 14
3715 5 13
3716 6 2
3717 5 14
3718 1 29
3719 28 15
3720 5 13
3721 5 14
3722 1 28
3723 44 51
3724 43 51
3725 1 29
3726 44 51
3727 5 2
3728 29 15
3729 43 51
3730 28 15
3731 1 28
3732 29 15
3733 28 15
3734 44 51
3735 29 15
3736 1 29
3737 43 51
3738 44 51
3739 43 51
3740 5 13
3741 44 51
3742 28 15
3743 29 15
3744 6 2
3745 5 2
3746 6 2
3747 5 14
3748 1 28
3749 1 29
3750 43 51
3751 44 51
3752 1 28
3753 5 2
3754 5 13
3755 43 51
3756 44 51
3757 5 14
3758 28 15
3759 29 15
3760 6 2
3761 1 29
3762 5 2
3763 5 13
3764 1 28
3765 1 29
3766 43 51
3767 5 14
3768 6 2
3769 5 13
3770 28 15
3771 1 28
3772 5 14
3773 1 29
3774 1 28
3775 1 29
3776 5 2
3777 29 15
3778 1 28
3779 5 13
3780 28 15
3781 5 14
3782 6 2
3783 44 51
3784 1 29
3785 29 15
3786 5 13
3787 1 28
3788 28 15
3789 43 51
3790 5 2
3791 44 51
3792 1 29
3793 5 14
3794 29 15
3795 5 13
3796 5 14
3797 43 51
3798 6 2
3799 44 51
3800 28 15
3801 5 2
3802 1 28
3803 43 51
3804 44 51
3805 1 29
3806 29 15
3807 43 51
3808 6 2
3809 5 2
3810 6 2
3811 28 15
3812 29 15
3813 1 28
3814 28 15
3815 5 13
3816 29 15
3817 1 29
3818 5 14
3819 5 13
3820 1 28
3821 1 29
3822 5 14
3823 44 51
3824 43 51
3825 28 15
3826 1 28
3827 44 51
3828 1 29
3829 43 51
3830 5 13
3831 29 15
3832 28 15
3833 1 28
3834 5 14
3835 5 13
3836 5 14
3837 5 2
3838 6 2
3839 44 51
3840 1 29
3841 5 2
3842 5 13
3843 6 2
3844 1 28
3845 1 29
3846 1 28
3847 1 29
3848 5 2
3849 6 2
3850 29 15
3851 1 28
3852 28 15
3853 29 15
3854 28 15
3855 1 29
3856 5 14
3857 5 2
3858 1 28
3859 43 51
3860 6 2
3861 29 15
3862 5 2
3863 6 2
3864 5 13
3865 5 14
3866 5 2
3867 28 15
3868 44 51
3869 5 13
3870 1 29
3871 5 14
3872 6 2
3873 43 51
3874 5 13
3875 5 14
3876 1 28
3877 5 13
3878 44 51
3879 1 29
3880 5 14
3881 5 13
3882 43 51
3883 44 51
3884 5 14
3885 29 15
3886 1 28
3887 1 29
3888 1 28
3889 28 15
3890 5 13
3891 1 29
3892 5 2
3893 29 15
3894 1 28
3895 43 51
3896 6 2
3897 28 15
3898 44 51
3899 5 14
3900 5 13
3901 5 14
3902 43 51
3903 5 2
3904 44 51
3905 29 15
3906 43 51
3907 44 51
3908 1 29
3909 28 15
3910 43 51
3911 44 51
3912 5 13
3913 5 14
3914 29 15
3915 6 2
3916 28 15
3917 1 28
3918 43 51
3919 44 51
3920 1 29
3921 29 15
3922 28 15
3923 1 28
3924 5 13
3925 5 2
3926 6 2
3927 29 15
3928 28 15
3929 5 14
3930 43 51
3931 5 2
3932 5 13
3933 29 15
3934 28 15
3935 5 14
3936 1 29
3937 1 28
3938 29 15
3939 1 29
3940 5 13
3941 28 15
3942 44 51
3943 29 15
3944 5 14
3945 5 13
3946 28 15
3947 29 15
3948 1 28
3949 6 2
3950 1 29
3951 1 28
3952 1 29
3953 43 51
3954 1 28
3955 44 51
3956 1 29
3957 1 28
3958 5 14
3959 1 29
3960 5 2
3961 28 15
3962 1 28
3963 1 29
3964 43 51
3965 1 28
3966 29 15
3967 28 15
3968 44 51
3969 1 29
3970 5 13
3971 6 2
3972 5 14
3973 5 13
3974 5 14
3975 29 15
3976 5 2
3977 5 13
3978 28 15
3979 43 51
3980 1 28
3981 29 15
3982 1 29
3983 44 51
3984 28 15
3985 43 51
3986 6 2
3987 44 51
3988 5 14
3989 5 2
3990 43 51
3991 29 15
3992 1 28
3993 5 13
3994 28 15
3995 5 14
3996 5 13
3997 6 2
3998 44 51
3999 29 15
4000 28 15
4001 5 2
4002 5 14
4003 5 13
4004 43 51
4005 5 14
4006 5 13
4007 44 51
4008 5 14
4009 5 13
4010 1 29
4011 6 2
4012 29 15
4013 1 28
4014 1 29
4015 43 51
4016 1 28
4017 44 51
4018 5 14
4019 5 2
4020 5 13
4021 43 51
4022 1 29
4023 6 2
4024 1 28
4025 5 14
4026 5 2
4027 1 29
4028 6 2
4029 1 28
4030 28 15
4031 29 15
4032 1 29
4033 44 51
4034 1 28
4035 5 13
4036 5 14
4037 28 15
4038 29 15
4039 1 29
4040 5 13
4041 5 14
4042 43 51
4043 5 13
4044 44 51
4045 5 14
4046 43 51
4047 5 2
4048 28 15
4049 6 2
4050 5 2
4051 5 13
4052 29 15
4053 5 14
4054 6 2
4055 5 13
4056 5 2
4057 44 51
4058 5 14
4059 43 51
4060 6 2
4061 1 28
4062 28 15
4063 5 13
4064 44 51
4065 5 2
4066 6 2
4067 5 2
4068 43 51
4069 44 51
4070 1 29
4071 43 51
4072 29 15
4073 6 2
4074 28 15
4075 5 14
4076 44 51
4077 5 13
4078 5 14
4079 5 13
4080 5 2
4081 6 2
4082 29 15
4083 28 15
4084 1 28
4085 43 51
4086 44 51
4087 5 14
4088 29 15
4089 1 29
4090 1 28
4091 43 51
4092 44 51
4093 43 51
4094 1 29
4095 5 2
4096 44 51
4097 5 13
4098 5 14
4099 1 28
4100 28 15
4101 43 51
4102 6 2
4103 29 15
4104 1 29
4105 28 15
4106 44 51
4107 43 51
4108 5 2
4109 1 28
4110 44 51
4111 6 2
4112 5 2
4113 5 13
4114 5 14
4115 43 51
4116 44 51
4117 6 2
4118 5 2
4119 29 15
4120 6 2
4121 5 13
4122 28 15
4123 5 2
4124 1 29
4125 1 28
4126 29 15
4127 5 14
4128 28 15
4129 1 29
4130 29 15
4131 5 13
4132 1 28
4133 1 29
4134 5 14
4135 43 51
4136 1 28
4137 44 51
4138 6 2
4139 28 15
4140 29 15
4141 5 13
4142 5 14
4143 1 29
4144 5 13
4145 1 28
4146 28 15
4147 5 14
4148 43 51
4149 5 13
4150 5 14
4151 1 29
4152 1 28
4153 1 29
4154 29 15
4155 28 15
4156 5 2
4157 5 13
4158 1 28
4159 6 2
4160 29 15
4161 1 29
4162 5 2
4163 5 14
4164 28 15
4165 29 15
4166 6 2
4167 44 51
4168 5 2
4169 5 13
4170 6 2
4171 5 14
4172 1 28
4173 1 29
4174 1 28
4175 28 15
4176 5 13
4177 43 51
4178 5 14
4179 29 15
4180 28 15
4181 5 2
4182 44 51
4183 5 13
4184 6 2
4185 5 2
4186 29 15
4187 43 51
4188 28 15
4189 44 51
4190 6 2
4191 5 2
4192 1 29
4193 6 2
4194 5 14
4195 5 13
4196 1 28
4197 1 29
4198 5 14
4199 1 28
4200 1 29
4201 5 13
4202 29 15
4203 1 28
4204 43 51
4205 44 51
4206 28 15
4207 1 29
4208 5 14
4209 1 28
4210 29 15
4211 1 29
4212 43 51
4213 5 13
4214 44 51
4215 1 28
4216 5 2
4217 5 14
4218 28 15
4219 5 13
4220 29 15
4221 43 51
4222 1 29
4223 5 14
4224 28 15
4225 44 51
4226 5 13
4227 29 15
4228 1 28
4229 43 51
4230 6 2
4231 5 2
4232 5 14
4233 5 13
4234 28 15
4235 5 14
4236 29 15
4237 5 13
4238 44 51
4239 5 14
4240 5 13
4241 5 14
4242 43 51
4243 5 13
4244 28 15
4245 1 29
4246 44 51
4247 6 2
4248 5 2
4249 5 14
4250 29 15
4251 28 15
4252 5 13
4253 29 15
4254 5 14
4255 28 15
4256 1 28
4257 1 29
4258 6 2
4259 43 51
4260 44 51
4261 29 15
4262 1 28
4263 5 2
4264 5 13
4265 1 29
4266 5 14
4267 6 2
4268 43 51
4269 1 28
4270 44 51
4271 1 29
4272 5 2
4273 6 2
4274 5 13
4275 28 15
4276 1 28
4277 1 29
4278 5 2
4279 1 28
4280 43 51
4281 29 15
4282 1 29
4283 1 28
4284 5 14
4285 1 29
4286 44 51
4287 5 13
4288 28 15
4289 43 51
4290 1 28
4291 5 14
4292 1 29
4293 44 51
4294 6 2
4295 5 2
4296 43 51
4297 5 13
4298 1 28
4299 6 2
4300 5 2
4301 44 51
4302 6 2
4303 5 14
4304 1 29
4305 5 2
4306 6 2
4307 5 2
4308 1 28
4309 6 2
4310 29 15
4311 43 51
4312 5 13
4313 5 14
4314 5 13
4315 44 51
4316 1 29
4317 43 51
4318 5 2
4319 1 28
4320 28 15
4321 5 14
4322 1 29
4323 6 2
4324 44 51
4325 5 13
4326 5 14
4327 1 28
4328 29 15
4329 28 15
4330 43 51
4331 5 2
4332 5 13
4333 44 51
4334 1 29
4335 43 51
4336 29 15
4337 1 28
4338 5 14
4339 28 15
4340 1 29
4341 6 2
4342 29 15
4343 44 51
4344 5 13
4345 1 28
4346 43 51
4347 44 51
4348 43 51
4349 28 15
4350 5 14
4351 29 15
4352 1 29
4353 44 51
4354 5 2
4355 6 2
4356 1 28
4357 5 2
4358 43 51
4359 28 15
4360 1 29
4361 29 15
4362 5 13
4363 5 14
4364 5 13
4365 6 2
4366 5 14
4367 44 51
4368 1 28
4369 5 2
4370 1 29
4371 6 2
4372 43 51
4373 44 51
4374 43 51
4375 5 2
4376 1 28
4377 1 29
4378 1 28
4379 1 29
4380 44 51
4381 43 51
4382 1 28
4383 28 15
4384 44 51
4385 1 29
4386 1 28
4387 1 29
4388 1 28
4389 1 29
4390 43 51
4391 1 28
4392 6 2
4393 1 29
4394 5 13
4395 5 14
4396 5 2
4397 5 13
4398 44 51
4399 29 15
4400 1 28
4401 1 29
4402 28 15
4403 29 15
4404 5 14
4405 1 28
4406 6 2
4407 1 29
4408 5 2
4409 6 2
4410 28 15
4411 43 51
4412 29 15
4413 5 13
4414 5 2
4415 6 2
4416 28 15
4417 44 51
4418 29 15
4419 5 2
4420 6 2
4421 5 2
4422 43 51
4423 28 15
4424 44 51
4425 1 28
4426 43 51
4427 1 29
4428 29 15
4429 6 2
4430 5 14
4431 5 13
4432 5 14
4433 1 28
4434 5 13
4435 44 51
4436 1 29
4437 1 28
4438 5 2
4439 28 15
4440 1 29
4441 5 14
4442 43 51
4443 29 15
4444 6 2
4445 5 2
4446 1 28
4447 6 2
4448 28 15
4449 44 51
4450 1 29
4451 43 51
4452 29 15
4453 28 15
4454 44 51
4455 29 15
4456 5 13
4457 1 28
4458 43 51
4459 1 29
4460 5 2
4461 5 14
4462 28 15
4463 44 51
4464 5 13
4465 43 51
4466 29 15
4467 6 2
4468 44 51
4469 28 15
4470 1 28
4471 43 51
4472 44 51
4473 5 14
4474 5 2
4475 29 15
4476 1 29
4477 6 2
4478 5 13
4479 5 2
4480 1 28
4481 28 15
4482 6 2
4483 5 2
4484 6 2
4485 43 51
4486 1 29
4487 5 2
4488 1 28
4489 6 2
4490 44 51
4491 1 29
4492 1 28
4493 29 15
4494 1 29
4495 5 14
4496 43 51
4497 5 2
4498 28 15
4499 5 13
4500 5 14
4501 1 28
4502 1 29
4503 44 51
4504 29 15
4505 6 2
4506 5 13
4507 28 15
4508 29 15
4509 28 15
4510 5 2
4511 5 14
4512 5 13
4513 6 2
4514 5 2
4515 1 28
4516 29 15
4517 43 51
4518 44 51
4519 6 2
4520 5 14
4521 28 15
4522 5 2
4523 6 2
4524 1 29
4525 1 28
4526 5 13
4527 5 2
4528 29 15
4529 5 14
4530 43 51
4531 1 29
4532 1 28
4533 44 51
4534 43 51
4535 28 15
4536 29 15
4537 44 51
4538 43 51
4539 28 15
4540 44 51
4541 1 29
4542 1 28
4543 29 15
4544 5 13
4545 6 2
4546 5 14
4547 5 2
4548 43 51
4549 44 51
4550 6 2
4551 28 15
4552 5 13
4553 1 29
4554 5 14
4555 5 13
4556 5 2
4557 1 28
4558 6 2
4559 29 15
4560 5 14
4561 1 29
4562 5 2
4563 6 2
4564 5 2
4565 28 15
4566 6 2
4567 5 2
4568 6 2
4569 43 51
4570 5 2
4571 1 28
4572 44 51
4573 43 51
4574 5 13
4575 5 14
4576 5 13
4577 5 14
4578 5 13
4579 44 51
4580 1 29
4581 29 15
4582 1 28
4583 1 29
4584 1 28
4585 6 2
4586 5 14
4587 28 15
4588 5 13
4589 5 2
4590 5 14
4591 29 15
4592 28 15
4593 43 51
4594 1 29
4595 6 2
4596 44 51
4597 5 13
4598 5 2
4599 6 2
4600 1 28
4601 5 2
4602 1 29
4603 29 15
4604 43 51
4605 1 28
4606 28 15
4607 5 14
4608 1 29
4609 44 51
4610 5 13
4611 1 28
4612 29 15
4613 6 2
4614 5 14
4615 1 29
4616 5 13
4617 5 14
4618 28 15
4619 1 28
4620 5 13
4621 5 14
4622 5 13
4623 43 51
4624 5 2
4625 1 29
4626 44 51
4627 43 51
4628 29 15
4629 6 2
4630 1 28
4631 44 51
4632 1 29
4633 5 14
4634 1 28
4635 5 13
4636 5 14
4637 5 13
4638 1 29
4639 5 14
4640 1 28
4641 43 51
4642 1 29
4643 44 51
4644 5 2
4645 1 28
4646 28 15
4647 43 51
4648 44 51
4649 43 51
4650 6 2
4651 29 15
4652 5 2
4653 5 13
4654 28 15
4655 5 14
4656 6 2
4657 1 29
4658 44 51
4659 5 2
4660 1 28
4661 43 51
4662 44 51
4663 6 2
4664 43 51
4665 29 15
4666 44 51
4667 1 29
4668 1 28
4669 28 15
4670 43 51
4671 44 51
4672 29 15
4673 43 51
4674 5 2
4675 28 15
4676 44 51
4677 43 51
4678 6 2
4679 29 15
4680 5 13
4681 44 51
4682 1 29
4683 28 15
4684 43 51
4685 44 51
4686 1 28
4687 1 29
4688 1 28
4689 5 14
4690 1 29
4691 5 2
4692 5 13
4693 1 28
4694 1 29
4695 43 51
4696 1 28
4697 5 14
4698 44 51
4699 5 13
4700 1 29
4701 43 51
4702 1 28
4703 6 2
4704 1 29
4705 5 2
4706 6 2
4707 5 2
4708 5 14
4709 29 15
4710 6 2
4711 28 15
4712 29 15
4713 28 15
4714 29 15
4715 1 28
4716 1 29
4717 5 13
4718 5 2
4719 28 15
4720 44 51
4721 1 28
4722 5 14
4723 29 15
4724 5 13
4725 1 29
4726 5 14
4727 43 51
4728 28 15
4729 5 13
4730 44 51
4731 1 28
4732 6 2
4733 43 51
4734 5 2
4735 6 2
4736 5 2
4737 5 14
4738 1 29
4739 1 28
4740 29 15
4741 6 2
4742 1 29
4743 28 15
4744 1 28
4745 29 15
4746 1 29
4747 28 15
4748 29 15
4749 5 13
4750 1 28
4751 44 51
4752 28 15
4753 5 2
4754 43 51
4755 1 29
4756 1 28
4757 29 15
4758 44 51
4759 5 14
4760 1 29
4761 1 28
4762 43 51
4763 1 29
4764 44 51
4765 1 28
4766 6 2
4767 1 29
4768 5 2
4769 1 28
4770 43 51
4771 1 29
4772 1 28
4773 6 2
4774 5 2
4775 28 15
4776 6 2
4777 5 2
4778 44 51
4779 6 2
4780 5 13
4781 1 29
4782 43 51
4783 29 15
4784 28 15
4785 5 14
4786 5 2
4787 6 2
4788 5 2
4789 44 51
4790 5 13
4791 5 14
4792 1 28
4793 6 2
4794 1 29
4795 1 28
4796 29 15
4797 43 51
4798 5 2
4799 44 51
4800 28 15
4801 29 15
4802 1 29
4803 5 13
4804 1 28
4805 43 51
4806 6 2
4807 44 51
4808 1 29
4809 1 28
4810 5 2
4811 1 29
4812 28 15
4813 43 51
4814 29 15
4815 1 28
4816 6 2
4817 5 2
4818 1 29
4819 1 28
4820 5 14
4821 5 13
4822 1 29
4823 1 28
4824 44 51
4825 28 15
4826 43 51
4827 29 15
4828 6 2
4829 5 14
4830 28 15
4831 5 2
4832 5 13
4833 44 51
4834 5 14
4835 5 13
4836 6 2
4837 5 2
4838 6 2
4839 5 2
4840 1 29
4841 1 28
4842 1 29
4843 6 2
4844 5 2
4845 29 15
4846 5 14
4847 28 15
4848 43 51
4849 6 2
4850 44 51
4851 5 13
4852 29 15
4853 43 51
4854 44 51
4855 1 28
4856 1 29
4857 5 14
4858 1 28
4859 43 51
4860 5 2
4861 6 2
4862 1 29
4863 5 13
4864 44 51
4865 5 2
4866 28 15
4867 1 28
4868 43 51
4869 1 29
4870 29 15
4871 28 15
4872 5 14
4873 44 51
4874 43 51
4875 44 51
4876 43 51
4877 1 28
4878 29 15
4879 5 13
4880 1 29
4881 5 14
4882 5 13
4883 5 14
4884 1 28
4885 1 29
4886 1 28
4887 28 15
4888 44 51
4889 29 15
4890 5 13
4891 1 29
4892 5 14
4893 5 13
4894 1 28
4895 5 14
4896 6 2
4897 5 2
4898 5 13
4899 5 14
4900 5 13
4901 6 2
4902 28 15
4903 43 51
4904 44 51
4905 43 51
4906 1 29
4907 44 51
4908 5 2
4909 29 15
4910 6 2
4911 5 2
4912 1 28
4913 5 14
4914 1 29
4915 5 13
4916 28 15
4917 43 51
4918 44 51
4919 1 28
4920 43 51
4921 29 15
4922 28 15
4923 6 2
4924 1 29
4925 29 15
4926 28 15
4927 1 28
4928 5 14
4929 44 51
4930 43 51
4931 29 15
4932 44 51
4933 28 15
4934 1 29
4935 1 28
4936 29 15
4937 28 15
4938 29 15
4939 5 13
4940 43 51
4941 5 2
4942 28 15
4943 1 29
4944 5 14
4945 5 13
4946 1 28
4947 5 14
4948 29 15
4949 6 2
4950 28 15
4951 5 2
4952 44 51
4953 6 2
4954 5 13
4955 43 51
4956 29 15
4957 28 15
4958 5 2
4959 6 2
4960 5 2
4961 1 29
4962 44 51
4963 6 2
4964 43 51
4965 5 14
4966 44 51
4967 5 13
4968 5 14
4969 29 15
4970 5 2
4971 43 51
4972 1 28
4973 28 15
4974 5 13
4975 5 14
4976 1 29
4977 29 15
4978 5 13
4979 28 15
4980 44 51
4981 43 51
4982 29 15
4983 28 15
4984 44 51
4985 5 14
4986 6 2
4987 43 51
4988 44 51
4989 1 28
4990 43 51
4991 29 15
4992 5 13
4993 28 15
4994 5 2
4995 6 2
4996 44 51
4997 29 15
4998 5 14
4999 5 2
5000 28 15
5001 6 2
5002 5 2
5003 6 2
5004 5 13
5005 5 2
5006 6 2
5007 1 29
5008 5 14
5009 5 2
5010 29 15
5011 5 13
5012 43 51
5013 1 28
5014 44 51
5015 43 51
5016 6 2
5017 1 29
5018 28 15
5019 1 28
5020 5 14
5021 1 29
5022 29 15
5023 44 51
5024 43 51
5025 5 2
5026 28 15
5027 5 13
5028 6 2
5029 5 14
5030 5 2
5031 29 15
5032 28 15
5033 1 28
5034 5 13
5035 6 2
5036 29 15
5037 44 51
5038 5 14
5039 1 29
5040 5 2
5041 1 28
5042 43 51
5043 28 15
5044 29 15
5045 1 29
5046 28 15
5047 1 28
5048 5 13
5049 29 15
5050 28 15
5051 29 15
5052 28 15
5053 29 15
5054 6 2
5055 28 15
5056 1 29
5057 1 28
5058 5 2
5059 5 14
5060 5 13
5061 6 2
5062 1 29
5063 5 14
5064 44 51
5065 29 15
5066 28 15
5067 43 51
5068 5 13
5069 29 15
5070 5 2
5071 5 14
5072 44 51
5073 5 13
5074 1 28
5075 5 14
5076 1 29
5077 6 2
5078 5 2
5079 5 13
5080 43 51
5081 1 28
5082 6 2
5083 5 14
5084 44 51
5085 28 15
5086 29 15
5087 1 29
5088 5 2
5089 6 2
5090 5 13
5091 5 2
5092 43 51
5093 28 15
5094 29 15
5095 1 28
5096 5 14
5097 5 13
5098 44 51
5099 43 51
5100 6 2
5101 28 15
5102 5 2
5103 29 15
5104 44 51
5105 6 2
5106 5 2
5107 5 14
5108 43 51
5109 1 29
5110 6 2
5111 5 13
5112 5 14
5113 28 15
5114 1 28
5115 5 2
5116 44 51
5117 5 13
5118 5 14
5119 1 29
5120 43 51
5121 29 15
5122 44 51
5123 5 13
5124 5 14
5125 43 51
5126 1 28
5127 5 13
5128 5 14
5129 28 15
5130 44 51
5131 1 29
5132 6 2
5133 43 51
5134 5 2
5135 5 13
5136 1 28
5137 1 29
5138 29 15
5139 44 51
5140 5 14
5141 43 51
5142 6 2
5143 44 51
5144 1 28
5145 5 2
5146 28 15
5147 5 13
5148 43 51
5149 44 51
5150 1 29
5151 5 14
5152 29 15
5153 43 51
5154 28 15
5155 44 51
5156 5 13
5157 1 28
5158 6 2
5159 43 51
5160 29 15
5161 1 29
5162 1 28
5163 1 29
5164 28 15
5165 5 14
5166 1 28
5167 44 51
5168 1 29
5169 1 28
5170 5 2
5171 43 51
5172 1 29
5173 6 2
5174 1 28
5175 5 13
5176 1 29
5177 1 28
5178 44 51
5179 43 51
5180 5 14
5181 5 2
5182 1 29
5183 6 2
5184 5 13
5185 29 15
5186 1 28
5187 28 15
5188 5 2
5189 5 14
5190 29 15
5191 44 51
5192 6 2
5193 28 15
5194 5 2
5195 5 13
5196 43 51
5197 29 15
5198 28 15
5199 5 14
5200 29 15
5201 28 15
5202 44 51
5203 5 13
5204 5 14
5205 29 15
5206 43 51
5207 28 15
5208 29 15
5209 28 15
5210 6 2
5211 44 51
5212 5 13
5213 5 14
5214 43 51
5215 29 15
5216 5 2
5217 1 29
5218 6 2
5219 5 2
5220 44 51
5221 43 51
5222 6 2
5223 5 13
5224 1 28
5225 5 14
5226 28 15
5227 1 29
5228 44 51
5229 5 2
5230 29 15
5231 1 28
5232 43 51
5233 1 29
5234 28 15
5235 5 13
5236 1 28
5237 5 14
5238 44 51
5239 1 29
5240 1 28
5241 5 13
5242 29 15
5243 6 2
5244 5 2
5245 6 2
5246 43 51
5247 5 14
5248 5 2
5249 6 2
5250 28 15
5251 44 51
5252 5 2
5253 6 2
5254 1 29
5255 1 28
5256 5 13
5257 1 29
5258 1 28
5259 43 51
5260 1 29
5261 5 2
5262 44 51
5263 5 14
5264 29 15
5265 6 2
5266 1 28
5267 28 15
5268 1 29
5269 5 13
5270 29 15
5271 1 28
5272 43 51
5273 44 51
5274 43 51
5275 5 14
5276 28 15
5277 29 15
5278 1 29
5279 1 28
5280 1 29
5281 5 2
5282 28 15
5283 44 51
5284 6 2
5285 29 15
5286 28 15
5287 5 13
5288 29 15
5289 5 14
5290 1 28
5291 5 2
5292 28 15
5293 1 29
5294 29 15
5295 28 15
5296 6 2
5297 5 2
5298 43 51
5299 1 28
5300 44 51
5301 6 2
5302 5 13
5303 1 29
5304 43 51
5305 5 14
5306 44 51
5307 43 51
5308 5 2
5309 6 2
5310 29 15
5311 1 28
5312 44 51
5313 1 29
5314 1 28
5315 5 13
5316 5 2
5317 5 14
5318 28 15
5319 43 51
5320 1 29
5321 5 13
5322 6 2
5323 5 2
5324 44 51
5325 1 28
5326 1 29
5327 29 15
5328 1 28
5329 28 15
5330 43 51
5331 1 29
5332 1 28
5333 29 15
5334 44 51
5335 5 14
5336 43 51
5337 44 51
5338 1 29
5339 28 15
5340 6 2
5341 5 2
5342 29 15
5343 43 51
5344 5 13
5345 28 15
5346 5 14
5347 44 51
5348 29 15
5349 5 13
5350 6 2
5351 43 51
5352 1 28
5353 28 15
5354 5 14
5355 1 29
5356 5 13
5357 1 28
5358 44 51
5359 29 15
5360 28 15
5361 1 29
5362 5 2
5363 43 51
5364 5 14
5365 6 2
5366 44 51
5367 1 28
5368 1 29
5369 29 15
5370 5 2
5371 28 15
5372 5 13
5373 5 14
5374 5 13
5375 6 2
5376 5 2
5377 5 14
5378 1 28
5379 29 15
5380 28 15
5381 29 15
5382 5 13
5383 6 2
5384 28 15
5385 5 2
5386 6 2
5387 29 15
5388 28 15
5389 29 15
5390 43 51
5391 5 14
5392 1 29
5393 1 28
5394 5 13
5395 28 15
5396 29 15
5397 44 51
5398 5 14
5399 5 13
5400 43 51
5401 28 15
5402 29 15
5403 1 29
5404 1 28
5405 28 15
5406 1 29
5407 1 28
5408 5 2
5409 29 15
5410 1 29
5411 28 15
5412 1 28
5413 5 14
5414 5 13
5415 44 51
5416 29 15
5417 1 29
5418 1 28
5419 5 14
5420 43 51
5421 5 13
5422 44 51
5423 43 51
5424 28 15
5425 5 14
5426 29 15
5427 1 29
5428 5 13
5429 1 28
5430 6 2
5431 5 14
5432 44 51
5433 5 13
5434 1 29
5435 43 51
5436 28 15
5437 1 28
5438 5 2
5439 1 29
5440 44 51
5441 43 51
5442 5 14
5443 1 28
5444 29 15
5445 28 15
5446 5 13
5447 44 51
5448 43 51
5449 5 14
5450 1 29
5451 44 51
5452 29 15
5453 1 28
5454 28 15
5455 1 29
5456 29 15
5457 43 51
5458 44 51
5459 28 15
5460 29 15
5461 28 15
5462 5 13
5463 29 15
5464 6 2
5465 5 2
5466 6 2
5467 5 14
5468 1 28
5469 5 2
5470 5 13
5471 6 2
5472 5 2
5473 28 15
5474 5 14
5475 43 51
5476 29 15
5477 6 2
5478 44 51
5479 5 13
5480 43 51
5481 28 15
5482 5 2
5483 6 2
5484 5 2
5485 1 29
5486 5 14
5487 5 13
5488 44 51
5489 29 15
5490 5 14
5491 5 13
5492 5 14
5493 28 15
5494 43 51
5495 44 51
5496 5 13
5497 29 15
5498 43 51
5499 5 14
5500 44 51
5501 6 2
5502 5 2
5503 43 51
5504 6 2
5505 5 13
5506 44 51
5507 43 51
5508 44 51
5509 1 28
5510 43 51
5511 1 29
5512 1 28
5513 44 51
5514 5 14
5515 28 15
5516 5 2
5517 5 13
5518 5 14
5519 43 51
5520 44 51
5521 5 13
5522 1 29
5523 29 15
5524 1 28
5525 5 14
5526 1 29
5527 1 28
5528 1 29
5529 1 28
5530 6 2
5531 5 2
5532 5 13
5533 5 14
5534 28 15
5535 6 2
5536 29 15
5537 28 15
5538 29 15
5539 5 13
5540 1 29
5541 5 14
5542 28 15
5543 1 28
5544 43 51
5545 5 13
5546 44 51
5547 5 14
5548 29 15
5549 28 15
5550 5 2
5551 5 13
5552 6 2
5553 5 2
5554 43 51
5555 5 14
5556 1 29
5557 5 13
5558 6 2
5559 29 15
5560 1 28
5561 44 51
5562 5 14
5563 5 13
5564 5 2
5565 28 15
5566 29 15
5567 1 29
5568 43 51
5569 44 51
5570 5 14
5571 6 2
5572 28 15
5573 29 15
5574 28 15
5575 43 51
5576 44 51
5577 5 13
5578 43 51
5579 5 2
5580 44 51
5581 5 14
5582 5 13
5583 1 28
5584 1 29
5585 6 2
5586 1 28
5587 1 29
5588 5 2
5589 6 2
5590 5 2
5591 29 15
5592 6 2
5593 28 15
5594 43 51
5595 5 14
5596 1 28
5597 1 29
5598 29 15
5599 1 28
5600 28 15
5601 44 51
5602 5 13
5603 5 2
5604 1 29
5605 6 2
5606 43 51
5607 5 14
5608 5 2
5609 44 51
5610 6 2
5611 5 2
5612 5 13
5613 29 15
5614 28 15
5615 29 15
5616 5 14
5617 28 15
5618 43 51
5619 6 2
5620 5 2
5621 1 28
5622 6 2
5623 1 29
5624 29 15
5625 5 13
5626 5 2
5627 6 2
5628 28 15
5629 44 51
5630 1 28
5631 43 51
5632 44 51
5633 5 2
5634 1 29
5635 1 28
5636 1 29
5637 1 28
5638 29 15
5639 5 14
5640 5 13
5641 43 51
5642 1 29
5643 1 28
5644 44 51
5645 1 29
5646 28 15
5647 1 28
5648 29 15
5649 43 51
5650 44 51
5651 28 15
5652 1 29
5653 5 14
5654 6 2
5655 1 28
5656 5 13
5657 29 15
5658 1 29
5659 5 14
5660 5 2
5661 6 2
5662 5 13
5663 1 28
5664 5 2
5665 43 51
5666 6 2
5667 1 29
5668 5 14
5669 1 28
5670 5 13
5671 28 15
5672 5 14
5673 5 13
5674 1 29
5675 29 15
5676 28 15
5677 1 28
5678 44 51
5679 43 51
5680 1 29
5681 44 51
5682 29 15
5683 5 2
5684 1 28
5685 1 29
5686 6 2
5687 28 15
5688 43 51
5689 29 15
5690 5 14
5691 44 51
5692 1 28
5693 28 15
5694 43 51
5695 5 13
5696 5 2
5697 5 14
5698 44 51
5699 5 13
5700 43 51
5701 29 15
5702 1 29
5703 5 14
5704 44 51
5705 5 13
5706 1 28
5707 5 14
5708 1 29
5709 5 13
5710 6 2
5711 5 2
5712 43 51
5713 28 15
5714 1 28
5715 1 29
5716 1 28
5717 29 15
5718 6 2
5719 28 15
5720 29 15
5721 1 29
5722 28 15
5723 44 51
5724 5 14
5725 1 28
5726 29 15
5727 1 29
5728 1 28
5729 1 29
5730 43 51
5731 28 15
5732 5 13
5733 5 2
5734 6 2
5735 44 51
5736 29 15
5737 5 2
5738 28 15
5739 6 2
5740 43 51
5741 5 2
5742 1 28
5743 6 2
5744 1 29
5745 44 51
5746 5 14
5747 43 51
5748 1 28
5749 5 2
5750 29 15
5751 1 29
5752 5 13
5753 28 15
5754 29 15
5755 28 15
5756 6 2
5757 29 15
5758 28 15
5759 5 2
5760 6 2
5761 5 14
5762 5 2
5763 29 15
5764 28 15
5765 29 15
5766 5 13
5767 1 28
5768 44 51
5769 1 29
5770 28 15
5771 43 51
5772 44 51
5773 5 14
5774 29 15
5775 28 15
5776 43 51
5777 5 13
5778 29 15
5779 5 14
5780 44 51
5781 5 13
5782 28 15
5783 43 51
5784 6 2
5785 1 28
5786 5 14
5787 29 15
5788 44 51
5789 28 15
5790 5 2
5791 43 51
5792 1 29
5793 1 28
5794 5 13
5795 5 14
5796 29 15
5797 1 29
5798 1 28
5799 1 29
5800 5 13
5801 28 15
5802 6 2
5803 29 15
5804 5 14
5805 28 15
5806 5 2
5807 1 28
5808 44 51
5809 6 2
5810 5 2
5811 5 13
5812 5 14
5813 5 13
5814 1 29
5815 29 15
5816 1 28
5817 1 29
5818 6 2
5819 43 51
5820 44 51
5821 5 2
5822 28 15
5823 29 15
5824 5 14
5825 1 28
5826 28 15
5827 43 51
5828 29 15
5829 1 29
5830 5 13
5831 5 14
5832 44 51
5833 43 51
5834 5 13
5835 5 14
5836 28 15
5837 1 28
5838 6 2
5839 1 29
5840 5 13
5841 5 2
5842 1 28
5843 44 51
5844 5 14
5845 43 51
5846 29 15
5847 44 51
5848 28 15
5849 5 13
5850 1 29
5851 1 28
5852 43 51
5853 44 51
5854 43 51
5855 1 29
5856 29 15
5857 1 28
5858 6 2
5859 44 51
5860 1 29
5861 43 51
5862 44 51
5863 28 15
5864 5 14
5865 5 2
5866 6 2
5867 43 51
5868 1 28
5869 29 15
5870 44 51
5871 5 13
5872 5 2
5873 6 2
5874 5 14
5875 5 2
5876 6 2
5877 5 2
5878 28 15
5879 1 29
5880 5 13
5881 5 14
5882 43 51
5883 5 13
5884 5 14
5885 29 15
5886 5 13
5887 5 14
5888 44 51
5889 6 2
5890 1 28
5891 1 29
5892 1 28
5893 28 15
5894 5 13
5895 5 14
5896 1 29
5897 1 28
5898 1 29
5899 29 15
5900 5 13
5901 28 15
5902 5 14
5903 5 2
5904 5 13
5905 5 14
5906 6 2
5907 5 13
5908 5 14
5909 5 2
5910 5 13
5911 5 14
5912 5 13
5913 5 14
5914 29 15
5915 28 15
5916 5 13
5917 29 15
5918 1 28
5919 43 51
5920 5 14
5921 28 15
5922 44 51
5923 6 2
5924 5 13
5925 5 14
5926 5 13
5927 1 29
5928 29 15
5929 43 51
5930 28 15
5931 44 51
5932 43 51
5933 44 51
5934 5 2
5935 43 51
5936 6 2
5937 1 28
5938 29 15
5939 1 29
5940 44 51
5941 5 2
5942 43 51
5943 44 51
5944 6 2
5945 28 15
5946 5 2
5947 5 14
5948 5 13
5949 1 28
5950 6 2
5951 5 14
5952 29 15
5953 1 29
5954 28 15
5955 29 15
5956 43 51
5957 5 13
5958 5 2
5959 5 14
5960 1 28
5961 44 51
5962 6 2
5963 28 15
5964 29 15
5965 5 13
5966 43 51
5967 5 2
5968 1 29
5969 6 2
5970 1 28
5971 5 2
5972 6 2
5973 44 51
5974 5 2
5975 1 29
5976 43 51
5977 1 28
5978 5 14
5979 44 51
5980 1 29
5981 5 13
5982 5 14
5983 6 2
5984 1 28
5985 43 51
5986 5 2
5987 5 13
5988 6 2
5989 44 51
5990 5 2
5991 28 15
5992 43 51
5993 1 29
5994 29 15
5995 28 15
5996 29 15
5997 5 14
5998 28 15
5999 5 13
6000 29 15
6001 6 2
6002 1 28
6003 28 15
6004 5 14
6005 29 15
6006 44 51
6007 5 2
6008 43 51
6009 28 15
6010 6 2
6011 44 51
6012 5 13
6013 5 2
6014 29 15
6015 5 14
6016 28 15
6017 6 2
6018 5 13
6019 1 29
6020 5 14
6021 43 51
6022 5 13
6023 5 14
6024 5 13
6025 44 51
6026 5 2
6027 6 2
6028 5 2
6029 1 28
6030 5 14
6031 43 51
6032 1 29
6033 1 28
6034 6 2
6035 1 29
6036 5 2
6037 44 51
6038 1 28
6039 29 15
6040 28 15
6041 1 29
6042 5 13
6043 29 15
6044 5 14
6045 28 15
6046 6 2
6047 5 13
6048 1 28
6049 1 29
6050 1 28
6051 43 51
6052 5 14
6053 1 29
6054 1 28
6055 44 51
6056 29 15
6057 5 13
6058 5 14
6059 5 2
6060 6 2
6061 5 2
6062 6 2
6063 28 15
6064 29 15
6065 1 29
6066 1 28
6067 5 2
6068 5 13
6069 6 2
6070 43 51
6071 44 51
6072 5 14
6073 1 29
6074 43 51
6075 5 2
6076 6 2
6077 44 51
6078 1 28
6079 28 15
6080 1 29
6081 5 13
6082 29 15
6083 43 51
6084 28 15
6085 29 15
6086 5 14
6087 5 13
6088 5 2
6089 44 51
6090 5 14
6091 1 28
6092 1 29
6093 28 15
6094 29 15
6095 5 13
6096 43 51
6097 28 15
6098 1 28
6099 6 2
6100 5 2
6101 29 15
6102 6 2
6103 28 15
6104 1 29
6105 5 14
6106 5 2
6107 1 28
6108 29 15
6109 6 2
6110 28 15
6111 1 29
6112 1 28
6113 5 13
6114 44 51
6115 43 51
6116 5 2
6117 6 2
6118 44 51
6119 43 51
6120 44 51
6121 5 14
6122 29 15
6123 1 29
6124 5 2
6125 1 28
6126 1 29
6127 43 51
6128 6 2
6129 1 28
6130 1 29
6131 5 13
6132 28 15
6133 5 2
6134 29 15
6135 1 28
6136 6 2
6137 1 29
6138 5 14
6139 1 28
6140 44 51
6141 1 29
6142 5 2
6143 6 2
6144 5 13
6145 5 14
6146 5 2
6147 1 28
6148 5 13
6149 6 2
6150 5 14
6151 43 51
6152 1 29
6153 5 2
6154 28 15
6155 6 2
6156 29 15
6157 44 51
6158 28 15
6159 5 13
6160 43 51
6161 5 2
6162 1 28
6163 29 15
6164 28 15
6165 29 15
6166 44 51
6167 6 2
6168 5 2
6169 6 2
6170 5 2
6171 5 14
6172 5 13
6173 1 29
6174 28 15
6175 5 14
6176 6 2
6177 29 15
6178 43 51
6179 1 28
6180 5 2
6181 44 51
6182 1 29
6183 1 28
6184 6 2
6185 43 51
6186 5 13
6187 5 14
6188 5 13
6189 28 15
6190 5 2
6191 1 29
6192 5 14
6193 44 51
6194 43 51
6195 44 51
6196 5 13
6197 5 14
6198 6 2
6199 1 28
6200 1 29
6201 1 28
6202 1 29
6203 29 15
6204 1 28
6205 43 51
6206 5 2
6207 5 13
6208 1 29
6209 44 51
6210 6 2
6211 28 15
6212 5 2
6213 29 15
6214 1 28
6215 28 15
6216 43 51
6217 5 14
6218 6 2
6219 44 51
6220 43 51
6221 5 2
6222 44 51
6223 29 15
6224 28 15
6225 6 2
6226 29 15
6227 5 2
6228 28 15
6229 43 51
6230 44 51
6231 29 15
6232 43 51
6233 28 15
6234 6 2
6235 5 13
6236 5 2
6237 29 15
6238 5 14
6239 1 29
6240 5 13
6241 6 2
6242 28 15
6243 5 14
6244 5 13
6245 5 2
6246 5 14
6247 29 15
6248 5 13
6249 1 28
6250 5 14
6251 5 13
6252 5 14
6253 44 51
6254 1 29
6255 28 15
6256 43 51
6257 44 51
6258 5 13
6259 43 51
6260 6 2
6261 1 28
6262 1 29
6263 44 51
6264 43 51
6265 5 14
6266 5 2
6267 29 15
6268 28 15
6269 44 51
6270 1 28
6271 43 51
6272 1 29
6273 1 28
6274 6 2
6275 1 29
6276 5 13
6277 44 51
6278 43 51
6279 1 28
6280 5 2
6281 44 51
6282 43 51
6283 1 29
6284 1 28
6285 5 14
6286 29 15
6287 44 51
6288 28 15
6289 43 51
6290 5 13
6291 5 14
6292 6 2
6293 1 29
6294 1 28
6295 1 29
6296 5 2
6297 29 15
6298 6 2
6299 5 2
6300 1 28
6301 44 51
6302 6 2
6303 43 51
6304 1 29
6305 44 51
6306 5 13
6307 5 14
6308 5 2
6309 43 51
6310 6 2
6311 5 13
6312 5 2
6313 44 51
6314 1 28
6315 28 15
6316 1 29
6317 6 2
6318 5 14
6319 5 2
6320 5 13
6321 29 15
6322 1 28
6323 5 14
6324 28 15
6325 43 51
6326 29 15
6327 6 2
6328 44 51
6329 43 51
6330 1 29
6331 5 13
6332 28 15
6333 5 14
6334 1 28
6335 1 29
6336 44 51
6337 1 28
6338 43 51
6339 29 15
6340 5 13
6341 5 2
6342 28 15
6343 6 2
6344 5 2
6345 5 14
6346 29 15
6347 28 15
6348 1 29
6349 29 15
6350 6 2
6351 28 15
6352 5 2
6353 44 51
6354 43 51
6355 6 2
6356 1 28
6357 29 15
6358 1 29
6359 1 28
6360 28 15
6361 5 13
6362 29 15
6363 28 15
6364 5 14
6365 5 13
6366 5 14
6367 5 13
6368 29 15
6369 5 14
6370 1 29
6371 1 28
6372 5 2
6373 1 29
6374 1 28
6375 44 51
6376 28 15
6377 5 13
6378 29 15
6379 5 14
6380 43 51
6381 1 29
6382 1 28
6383 1 29
6384 44 51
6385 5 13
6386 6 2
6387 28 15
6388 43 51
6389 29 15
6390 28 15
6391 1 28
6392 5 14
6393 5 13
6394 29 15
6395 44 51
6396 28 15
6397 1 29
6398 5 14
6399 43 51
6400 44 51
6401 29 15
6402 43 51
6403 28 15
6404 5 13
6405 29 15
6406 5 2
6407 6 2
6408 44 51
6409 43 51
6410 28 15
6411 1 28
6412 29 15
6413 1 29
6414 1 28
6415 28 15
6416 1 29
6417 5 14
6418 29 15
6419 5 2
6420 6 2
6421 44 51
6422 5 2
6423 1 28
6424 6 2
6425 5 13
6426 5 2
6427 5 14
6428 6 2
6429 43 51
6430 5 13
6431 5 14
6432 1 29
6433 28 15
6434 44 51
6435 43 51
6436 29 15
6437 44 51
6438 1 28
6439 28 15
6440 1 29
6441 29 15
6442 1 28
6443 1 29
6444 5 13
6445 43 51
6446 5 14
6447 28 15
6448 1 28
6449 29 15
6450 5 2
6451 1 29
6452 5 13
6453 1 28
6454 44 51
6455 5 14
6456 28 15
6457 1 29
6458 6 2
6459 43 51
6460 5 2
6461 6 2
6462 44 51
6463 43 51
6464 29 15
6465 28 15
6466 44 51
6467 1 28
6468 1 29
6469 1 28
6470 43 51
6471 29 15
6472 28 15
6473 5 2
6474 44 51
6475 43 51
6476 1 29
6477 29 15
6478 1 28
6479 1 29
6480 28 15
6481 1 28
6482 5 13
6483 44 51
6484 1 29
6485 1 28
6486 29 15
6487 43 51
6488 6 2
6489 5 14
6490 28 15
6491 5 13
6492 1 29
6493 29 15
6494 28 15
6495 44 51
6496 5 2
6497 43 51
6498 44 51
6499 29 15
6500 5 14
6501 5 13
6502 28 15
6503 6 2
6504 43 51
6505 1 28
6506 29 15
6507 28 15
6508 1 29
6509 5 14
6510 44 51
6511 1 28
6512 43 51
6513 5 13
6514 1 29
6515 5 14
6516 5 2
6517 44 51
6518 6 2
6519 1 28
6520 5 2
6521 43 51
6522 5 13
6523 6 2
6524 5 14
6525 1 29
6526 5 13
6527 1 28
6528 5 14
6529 5 2
6530 1 29
6531 5 13
6532 29 15
6533 5 14
6534 1 28
6535 28 15
6536 29 15
6537 1 29
6538 28 15
6539 29 15
6540 5 13
6541 28 15
6542 6 2
6543 5 2
6544 1 28
6545 29 15
6546 28 15
6547 6 2
6548 44 51
6549 29 15
6550 5 14
6551 5 13
6552 5 14
6553 1 29
6554 43 51
6555 5 13
6556 5 14
6557 28 15
6558 44 51
6559 43 51
6560 1 28
6561 1 29
6562 5 2
6563 29 15
6564 44 51
6565 1 28
6566 1 29
6567 28 15
6568 1 28
6569 43 51
6570 44 51
6571 5 13
6572 29 15
6573 6 2
6574 43 51
6575 1 29
6576 44 51
6577 43 51
6578 5 2
6579 28 15
6580 5 14
6581 6 2
6582 44 51
6583 5 13
6584 29 15
6585 5 14
6586 28 15
6587 5 13
6588 43 51
6589 44 51
6590 5 14
6591 1 28
6592 1 29
6593 5 2
6594 5 13
6595 43 51
6596 44 51
6597 1 28
6598 1 29
6599 6 2
6600 29 15
6601 5 2
6602 1 28
6603 28 15
6604 6 2
6605 5 14
6606 5 13
6607 5 14
6608 1 29
6609 5 13
6610 5 14
6611 29 15
6612 43 51
6613 44 51
6614 5 2
6615 43 51
6616 5 13
6617 5 14
6618 5 13
6619 6 2
6620 28 15
6621 29 15
6622 44 51
6623 43 51
6624 44 51
6625 28 15
6626 5 2
6627 43 51
6628 1 28
6629 5 14
6630 6 2
6631 29 15
6632 5 13
6633 1 29
6634 28 15
6635 5 2
6636 6 2
6637 5 14
6638 44 51
6639 1 28
6640 5 13
6641 29 15
6642 43 51
6643 44 51
6644 28 15
6645 43 51
6646 29 15
6647 5 2
6648 44 51
6649 28 15
6650 29 15
6651 1 29
6652 28 15
6653 29 15
6654 43 51
6655 28 15
6656 6 2
6657 44 51
6658 43 51
6659 44 51
6660 1 28
6661 43 51
6662 44 51
6663 1 29
6664 5 2
6665 1 28
6666 43 51
6667 29 15
6668 1 29
6669 44 51
6670 1 28
6671 6 2
6672 1 29
6673 5 14
6674 1 28
6675 5 2
6676 43 51
6677 5 13
6678 1 29
6679 5 14
6680 44 51
6681 6 2
6682 28 15
6683 5 2
6684 6 2
6685 43 51
6686 44 51
6687 29 15
6688 28 15
6689 5 2
6690 6 2
6691 29 15
6692 5 13
6693 5 14
6694 1 28
6695 43 51
6696 5 2
6697 28 15
6698 6 2
6699 5 2
6700 44 51
6701 43 51
6702 5 13
6703 6 2
6704 5 14
6705 5 13
6706 29 15
6707 44 51
6708 1 29
6709 5 14
6710 28 15
6711 5 13
6712 43 51
6713 1 28
6714 1 29
6715 5 2
6716 44 51
6717 43 51
6718 29 15
6719 28 15
6720 1 28
6721 44 51
6722 29 15
6723 28 15
6724 29 15
6725 43 51
6726 5 14
6727 5 13
6728 6 2
6729 5 14
6730 5 2
6731 28 15
6732 44 51
6733 6 2
6734 5 13
6735 1 29
6736 43 51
6737 29 15
6738 5 2
6739 5 14
6740 6 2
6741 28 15
6742 29 15
6743 28 15
6744 29 15
6745 1 28
6746 28 15
6747 29 15
6748 28 15
6749 5 13
6750 44 51
6751 5 2
6752 43 51
6753 44 51
6754 43 51
6755 44 51
6756 1 29
6757 1 28
6758 5 14
6759 1 29
6760 1 28
6761 43 51
6762 5 13
6763 29 15
6764 1 29
6765 44 51
6766 5 14
6767 43 51
6768 1 28
6769 1 29
6770 6 2
6771 5 13
6772 5 14
6773 44 51
6774 5 13
6775 43 51
6776 44 51
6777 28 15
6778 5 2
6779 29 15
6780 43 51
6781 5 14
6782 6 2
6783 1 28
6784 44 51
6785 28 15
6786 43 51
6787 29 15
6788 1 29
6789 44 51
6790 43 51
6791 44 51
6792 28 15
6793 29 15
6794 43 51
6795 5 2
6796 1 28
6797 28 15
6798 6 2
6799 44 51
6800 43 51
6801 44 51
6802 5 2
6803 43 51
6804 6 2
6805 44 51
6806 5 2
6807 5 13
6808 43 51
6809 1 29
6810 44 51
6811 5 14
6812 43 51
6813 44 51
6814 43 51
6815 44 51
6816 29 15
6817 43 51
6818 6 2
6819 1 28
6820 5 13
6821 44 51
6822 28 15
6823 1 29
6824 43 51
6825 1 28
6826 1 29
6827 5 2
6828 5 14
6829 44 51
6830 1 28
6831 1 29
6832 1 28
6833 6 2
6834 1 29
6835 5 2
6836 6 2
6837 5 13
6838 1 28
6839 5 14
6840 5 2
6841 6 2
6842 1 29
6843 1 28
6844 1 29
6845 43 51
6846 44 51
6847 5 13
6848 29 15
6849 5 14
6850 5 2
6851 28 15
6852 1 28
6853 5 13
6854 43 51
6855 44 51
6856 29 15
6857 28 15
6858 1 29
6859 29 15
6860 5 14
6861 1 28
6862 1 29
6863 1 28
6864 43 51
6865 6 2
6866 44 51
6867 5 13
6868 28 15
6869 1 29
6870 1 28
6871 5 2
6872 6 2
6873 1 29
6874 1 28
6875 1 29
6876 29 15
6877 1 28
6878 1 29
6879 28 15
6880 43 51
6881 44 51
6882 29 15
6883 5 14
6884 28 15
6885 1 28
6886 43 51
6887 1 29
6888 29 15
6889 28 15
6890 29 15
6891 5 2
6892 5 13
6893 28 15
6894 6 2
6895 1 28
6896 29 15
6897 5 2
6898 6 2
6899 5 2
6900 5 14
6901 6 2
6902 1 29
6903 44 51
6904 5 13
6905 1 28
6906 5 2
6907 28 15
6908 1 29
6909 29 15
6910 1 28
6911 1 29
6912 6 2
6913 5 2
6914 6 2
6915 1 28
6916 1 29
6917 43 51
6918 5 2
6919 1 28
6920 6 2
6921 28 15
6922 44 51
6923 5 2
6924 29 15
6925 43 51
6926 5 14
6927 44 51
6928 5 13
6929 1 29
6930 5 14
6931 28 15
6932 29 15
6933 6 2
6934 1 28
6935 5 2
6936 6 2
6937 5 13
6938 43 51
6939 5 2
6940 44 51
6941 6 2
6942 1 29
6943 5 2
6944 5 14
6945 6 2
6946 43 51
6947 28 15
6948 5 13
6949 29 15
6950 5 14
6951 44 51
6952 5 2
6953 43 51
6954 28 15
6955 44 51
6956 43 51
6957 1 28
6958 6 2
6959 5 13
6960 5 2
6961 29 15
6962 6 2
6963 44 51
6964 5 2
6965 1 29
6966 6 2
6967 5 14
6968 5 2
6969 1 28
6970 1 29
6971 1 28
6972 28 15
6973 6 2
6974 43 51
6975 44 51
6976 29 15
6977 1 29
6978 28 15
6979 5 2
6980 5 13
6981 29 15
6982 43 51
6983 44 51
6984 6 2
6985 5 2
6986 28 15
6987 1 28
6988 1 29
6989 6 2
6990 29 15
6991 1 28
6992 43 51
6993 28 15
6994 5 2
6995 6 2
6996 29 15
6997 28 15
6998 29 15
6999 28 15
7000 5 14
7001 5 13
7002 5 14
7003 5 2
7004 1 29
7005 1 28
7006 44 51
7007 5 13
7008 1 29
7009 1 28
7010 1 29
7011 5 14
7012 43 51
7013 44 51
7014 5 13
7015 1 28
7016 1 29
7017 6 2
7018 29 15
7019 5 2
7020 43 51
7021 6 2
7022 1 28
7023 1 29
7024 44 51
7025 5 14
7026 5 2
7027 28 15
7028 1 28
7029 5 13
7030 5 14
7031 29 15
7032 43 51
7033 6 2
7034 1 29
7035 5 13
7036 1 28
7037 5 2
7038 1 29
7039 1 28
7040 44 51
7041 5 14
7042 5 13
7043 28 15
7044 43 51
7045 44 51
7046 6 2
7047 5 14
7048 43 51
7049 5 2
7050 44 51
7051 1 29
7052 1 28
7053 29 15
7054 5 13
7055 6 2
7056 5 14
7057 43 51
7058 5 13
7059 1 29
7060 5 14
7061 5 13
7062 44 51
7063 28 15
7064 5 14
7065 43 51
7066 1 28
7067 29 15
7068 5 2
7069 1 29
7070 28 15
7071 6 2
7072 1 28
7073 1 29
7074 1 28
7075 5 13
7076 29 15
7077 1 29
7078 5 2
7079 28 15
7080 5 14
7081 44 51
7082 29 15
7083 43 51
7084 1 28
7085 44 51
7086 1 29
7087 1 28
7088 5 13
7089 1 29
7090 28 15
7091 1 28
7092 5 14
7093 29 15
7094 43 51
7095 28 15
7096 44 51
7097 1 29
7098 1 28
7099 5 13
7100 6 2
7101 5 14
7102 5 13
7103 29 15
7104 5 2
7105 43 51
7106 44 51
7107 6 2
7108 28 15
7109 1 29
7110 43 51
7111 5 2
7112 6 2
7113 29 15
7114 5 2
7115 44 51
7116 28 15
7117 43 51
7118 5 14
7119 44 51
7120 29 15
7121 1 28
7122 43 51
7123 6 2
7124 5 2
7125 6 2
7126 28 15
7127 44 51
7128 1 29
7129 5 13
7130 5 14
7131 1 28
7132 5 13
7133 43 51
7134 29 15
7135 5 14
7136 5 13
7137 5 2
7138 44 51
7139 6 2
7140 28 15
7141 29 15
7142 1 29
7143 5 14
7144 5 2
7145 28 15
7146 43 51
7147 5 13
7148 29 15
7149 28 15
7150 29 15
7151 1 28
7152 44 51
7153 6 2
7154 28 15
7155 5 2
7156 6 2
7157 5 14
7158 5 2
7159 43 51
7160 1 29
7161 6 2
7162 5 2
7163 6 2
7164 29 15
7165 5 13
7166 5 2
7167 1 28
7168 28 15
7169 6 2
7170 44 51
7171 29 15
7172 28 15
7173 5 14
7174 1 29
7175 43 51
7176 29 15
7177 5 2
7178 5 13
7179 44 51
7180 1 28
7181 5 14
7182 1 29
7183 43 51
7184 44 51
7185 1 28
7186 28 15
7187 5 13
7188 43 51
7189 1 29
7190 1 28
7191 29 15
7192 28 15
7193 5 14
7194 44 51
7195 1 29
7196 29 15
7197 1 28
7198 6 2
7199 5 13
7200 5 2
7201 28 15
7202 5 14
7203 29 15
7204 43 51
7205 5 13
7206 1 29
7207 1 28
7208 1 29
7209 6 2
7210 28 15
7211 5 14
7212 44 51
7213 43 51
7214 5 2
7215 29 15
7216 28 15
7217 5 13
7218 1 28
7219 6 2
7220 29 15
7221 5 14
7222 28 15
7223 1 29
7224 5 2
7225 5 13
7226 29 15
7227 44 51
7228 1 28
7229 1 29
7230 6 2
7231 5 14
7232 5 13
7233 28 15
7234 5 14
7235 1 28
7236 5 13
7237 5 2
7238 1 29
7239 5 14
7240 43 51
7241 29 15
7242 5 13
7243 28 15
7244 5 14
7245 5 13
7246 5 14
7247 44 51
7248 5 13
7249 43 51
7250 1 28
7251 44 51
7252 6 2
7253 5 14
7254 29 15
7255 43 51
7256 1 29
7257 5 2
7258 6 2
7259 44 51
7260 43 51
7261 5 2
7262 44 51
7263 1 28
7264 6 2
7265 1 29
7266 43 51
7267 5 2
7268 28 15
7269 44 51
7270 5 13
7271 5 14
7272 1 28
7273 43 51
7274 6 2
7275 1 29
7276 44 51
7277 43 51
7278 1 28
7279 1 29
7280 29 15
7281 1 28
7282 5 13
7283 28 15
7284 5 2
7285 1 29
7286 1 28
7287 1 29
7288 6 2
7289 44 51
7290 1 28
7291 1 29
7292 43 51
7293 5 14
7294 1 28
7295 5 13
7296 5 14
7297 29 15
7298 28 15
7299 5 13
7300 44 51
7301 29 15
7302 43 51
7303 5 14
7304 5 13
7305 5 2
7306 5 14
7307 6 2
7308 44 51
7309 5 2
7310 5 13
7311 5 14
7312 5 13
7313 5 14
7314 1 29
7315 43 51
7316 28 15
7317 29 15
7318 44 51
7319 1 28
7320 28 15
7321 29 15
7322 5 13
7323 1 29
7324 1 28
7325 28 15
7326 1 29
7327 29 15
7328 6 2
7329 28 15
7330 1 28
7331 1 29
7332 5 2
7333 43 51
7334 6 2
7335 5 2
7336 29 15
7337 5 14
7338 44 51
7339 6 2
7340 1 28
7341 5 13
7342 1 29
7343 1 28
7344 43 51
7345 44 51
7346 5 14
7347 5 13
7348 28 15
7349 43 51
7350 44 51
7351 29 15
7352 5 14
7353 5 13
7354 43 51
7355 5 2
7356 6 2
7357 5 14
7358 1 29
7359 28 15
7360 44 51
7361 43 51
7362 1 28
7363 29 15
7364 1 29
7365 28 15
7366 5 2
7367 6 2
7368 1 28
7369 1 29
7370 5 13
7371 29 15
7372 5 14
7373 5 2
7374 1 28
7375 1 29
7376 1 28
7377 28 15
7378 5 13
7379 5 14
7380 1 29
7381 44 51
7382 29 15
7383 43 51
7384 44 51
7385 6 2
7386 28 15
7387 43 51
7388 1 28
7389 5 13
7390 44 51
7391 5 14
7392 5 13
7393 1 29
7394 5 14
7395 1 28
7396 5 2
7397 43 51
7398 44 51
7399 6 2
7400 5 13
7401 29 15
7402 28 15
7403 43 51
7404 29 15
7405 5 14
7406 5 2
7407 28 15
7408 6 2
7409 29 15
7410 5 2
7411 5 13
7412 44 51
7413 6 2
7414 1 29
7415 28 15
7416 5 14
7417 5 13
7418 43 51
7419 1 28
7420 29 15
7421 28 15
7422 29 15
7423 5 14
7424 28 15
7425 44 51
7426 29 15
7427 1 29
7428 28 15
7429 5 13
7430 5 2
7431 1 28
7432 1 29
7433 43 51
7434 1 28
7435 1 29
7436 44 51
7437 43 51
7438 1 28
7439 44 51
7440 1 29
7441 29 15
7442 5 14
7443 43 51
7444 44 51
7445 5 13
7446 28 15
7447 43 51
7448 6 2
7449 29 15
7450 44 51
7451 43 51
7452 5 2
7453 1 28
7454 44 51
7455 28 15
7456 5 14
7457 5 13
7458 1 29
7459 6 2
7460 5 14
7461 1 28
7462 5 13
7463 1 29
7464 1 28
7465 29 15
7466 5 14
7467 28 15
7468 1 29
7469 29 15
7470 5 13
7471 28 15
7472 5 2
7473 5 14
7474 6 2
7475 5 13
7476 1 28
7477 43 51
7478 5 2
7479 1 29
7480 1 28
7481 44 51
7482 43 51
7483 1 29
7484 6 2
7485 5 2
7486 44 51
7487 1 28
7488 6 2
7489 1 29
7490 1 28
7491 43 51
7492 1 29
7493 5 2
7494 1 28
7495 1 29
7496 1 28
7497 44 51
7498 5 14
7499 43 51
7500 29 15
7501 1 29
7502 44 51
7503 43 51
7504 44 51
7505 28 15
7506 43 51
7507 6 2
7508 5 2
7509 6 2
7510 5 2
7511 5 13
7512 44 51
7513 29 15
7514 1 28
7515 5 14
7516 43 51
7517 44 51
7518 1 29
7519 1 28
7520 5 13
7521 28 15
7522 1 29
7523 5 14
7524 6 2
7525 29 15
7526 5 2
7527 43 51
7528 44 51
7529 28 15
7530 6 2
7531 29 15
7532 5 13
7533 5 2
7534 6 2
7535 1 28
7536 5 14
7537 5 2
7538 28 15
7539 1 29
7540 1 28
7541 1 29
7542 1 28
7543 43 51
7544 6 2
7545 44 51
7546 29 15
7547 5 2
7548 6 2
7549 43 51
7550 5 13
7551 28 15
7552 44 51
7553 5 14
7554 43 51
7555 5 13
7556 5 14
7557 5 2
7558 44 51
7559 29 15
7560 28 15
7561 43 51
7562 1 29
7563 29 15
7564 28 15
7565 44 51
7566 29 15
7567 43 51
7568 1 28
7569 5 13
7570 6 2
7571 1 29
7572 44 51
7573 1 28
7574 5 14
7575 5 13
7576 5 2
7577 43 51
7578 6 2
7579 5 14
7580 44 51
7581 5 13
7582 1 29
7583 28 15
7584 43 51
7585 29 15
7586 5 14
7587 1 28
7588 5 13
7589 5 2
7590 44 51
7591 28 15
7592 1 29
7593 1 28
7594 6 2
7595 29 15
7596 5 2
7597 6 2
7598 5 2
7599 5 14
7600 43 51
7601 6 2
7602 5 2
7603 1 29
7604 6 2
7605 5 2
7606 6 2
7607 5 2
7608 44 51
7609 43 51
7610 28 15
7611 5 13
7612 29 15
7613 1 28
7614 1 29
7615 28 15
7616 44 51
7617 29 15
7618 5 14
7619 5 13
7620 43 51
7621 1 28
7622 1 29
7623 1 28
7624 28 15
7625 29 15
7626 28 15
7627 44 51
7628 29 15
7629 6 2
7630 28 15
7631 29 15
7632 5 14
7633 43 51
7634 5 13
7635 44 51
7636 1 29
7637 43 51
7638 5 2
7639 5 14
7640 5 13
7641 1 28
7642 44 51
7643 5 14
7644 6 2
7645 28 15
7646 43 51
7647 5 2
7648 44 51
7649 29 15
7650 6 2
7651 5 2
7652 43 51
7653 44 51
7654 1 29
7655 6 2
7656 1 28
7657 43 51
7658 28 15
7659 5 2
7660 29 15
7661 1 29
7662 44 51
7663 1 28
7664 43 51
7665 6 2
7666 1 29
7667 1 28
7668 5 13
7669 1 29
7670 5 14
7671 1 28
7672 1 29
7673 5 13
7674 5 2
7675 6 2
7676 44 51
7677 43 51
7678 28 15
7679 1 28
7680 1 29
7681 29 15
7682 1 28
7683 5 2
7684 44 51
7685 1 29
7686 5 14
7687 6 2
7688 5 13
7689 5 14
7690 5 13
7691 43 51
7692 44 51
7693 28 15
7694 5 2
7695 1 28
7696 6 2
7697 43 51
7698 1 29
7699 44 51
7700 5 2
7701 5 14
7702 6 2
7703 5 2
7704 29 15
7705 5 13
7706 6 2
7707 43 51
7708 1 28
7709 5 2
7710 28 15
7711 1 29
7712 29 15
7713 5 14
7714 28 15
7715 5 13
7716 5 14
7717 1 28
7718 5 13
7719 1 29
7720 29 15
7721 6 2
7722 44 51
7723 43 51
7724 5 14
7725 44 51
7726 1 28
7727 28 15
7728 5 13
7729 5 14
7730 1 29
7731 29 15
7732 5 2
7733 43 51
7734 28 15
7735 6 2
7736 5 13
7737 1 28
7738 5 14
7739 5 2
7740 6 2
7741 5 13
7742 1 29
7743 5 14
7744 5 2
7745 44 51
7746 29 15
7747 1 28
7748 5 13
7749 5 14
7750 1 29
7751 5 13
7752 28 15
7753 43 51
7754 1 28
7755 29 15
7756 44 51
7757 5 14
7758 5 13
7759 6 2
7760 5 14
7761 1 29
7762 5 13
7763 1 28
7764 28 15
7765 5 2
7766 6 2
7767 1 29
7768 29 15
7769 5 14
7770 5 2
7771 1 28
7772 1 29
7773 5 13
7774 5 14
7775 28 15
7776 29 15
7777 28 15
7778 1 28
7779 1 29
7780 43 51
7781 1 28
7782 5 13
7783 5 14
7784 6 2
7785 44 51
7786 5 13
7787 43 51
7788 1 29
7789 5 2
7790 6 2
7791 29 15
7792 5 2
7793 5 14
7794 28 15
7795 5 13
7796 44 51
7797 5 14
7798 5 13
7799 1 28
7800 43 51
7801 1 29
7802 44 51
7803 1 28
7804 29 15
7805 28 15
7806 29 15
7807 28 15
7808 29 15
7809 5 14
7810 28 15
7811 5 13
7812 6 2
7813 29 15
7814 28 15
7815 1 29
7816 5 14
7817 29 15
7818 5 2
7819 6 2
7820 28 15
7821 29 15
7822 5 13
7823 5 2
7824 6 2
7825 1 28
7826 5 14
7827 43 51
7828 5 2
7829 44 51
7830 43 51
7831 5 13
7832 44 51
7833 28 15
7834 43 51
7835 6 2
7836 44 51
7837 5 2
7838 5 14
7839 5 13
7840 43 51
7841 29 15
7842 44 51
7843 28 15
7844 43 51
7845 29 15
7846 1 29
7847 28 15
7848 5 14
7849 1 28
7850 29 15
7851 5 13
7852 28 15
7853 1 29
7854 5 14
7855 6 2
7856 29 15
7857 44 51
7858 5 13
7859 43 51
7860 28 15
7861 5 2
7862 5 14
7863 5 13
7864 6 2
7865 1 28
7866 1 29
7867 1 28
7868 1 29
7869 5 14
7870 5 2
7871 29 15
7872 1 28
7873 28 15
7874 29 15
7875 1 29
7876 44 51
7877 6 2
7878 5 2
7879 28 15
7880 1 28
7881 6 2
7882 1 29
7883 29 15
7884 5 2
7885 28 15
7886 1 28
7887 29 15
7888 6 2
7889 1 29
7890 43 51
7891 1 28
7892 44 51
7893 43 51
7894 5 2
7895 44 51
7896 43 51
7897 44 51
7898 28 15
7899 1 29
7900 1 28
7901 1 29
7902 6 2
7903 5 2
7904 1 28
7905 29 15
7906 43 51
7907 5 13
7908 6 2
7909 5 14
7910 28 15
7911 1 29
7912 5 2
7913 1 28
7914 1 29
7915 6 2
7916 5 13
7917 5 14
7918 5 2
7919 29 15
7920 28 15
7921 6 2
7922 5 2
7923 6 2
7924 29 15
7925 5 2
7926 28 15
7927 29 15
7928 1 28
7929 6 2
7930 44 51
7931 43 51
7932 5 2
7933 5 13
7934 6 2
7935 5 2
7936 6 2
7937 28 15
7938 5 14
7939 5 2
7940 6 2
7941 1 29
7942 29 15
7943 5 2
7944 44 51
7945 43 51
7946 1 28
7947 5 13
7948 5 14
7949 1 29
7950 5 13
7951 1 28
7952 6 2
7953 5 2
7954 28 15
7955 29 15
7956 6 2
7957 5 14
7958 5 2
7959 1 29
7960 44 51
7961 28 15
7962 29 15
7963 43 51
7964 6 2
7965 28 15
7966 29 15
7967 44 51
7968 5 2
7969 1 28
7970 43 51
7971 44 51
7972 6 2
7973 5 13
7974 5 2
7975 43 51
7976 44 51
7977 28 15
7978 29 15
7979 5 14
7980 1 29
7981 1 28
7982 1 29
7983 43 51
7984 6 2
7985 5 13
7986 5 2
7987 1 28
7988 1 29
7989 1 28
7990 6 2
7991 1 29
7992 5 14
7993 28 15
7994 44 51
7995 1 28
7996 43 51
7997 1 29
7998 44 51
7999 5 13
8000 5 2
8001 43 51
8002 29 15
8003 44 51
8004 43 51
8005 1 28
8006 6 2
8007 1 29
8008 28 15
8009 5 14
8010 5 13
8011 44 51
8012 5 14
8013 43 51
8014 29 15
8015 5 2
8016 28 15
8017 5 13
8018 6 2
8019 5 2
8020 29 15
8021 1 28
8022 5 14
8023 44 51
8024 6 2
8025 5 13
8026 5 2
8027 5 14
8028 28 15
8029 5 13
8030 43 51
8031 5 14
8032 29 15
8033 5 13
8034 28 15
8035 5 14
8036 6 2
8037 29 15
8038 44 51
8039 43 51
8040 44 51
8041 43 51
8042 1 29
8043 28 15
8044 29 15
8045 44 51
8046 1 28
8047 5 13
8048 5 14
8049 43 51
8050 1 29
8051 28 15
8052 29 15
8053 1 28
8054 5 13
8055 44 51
8056 1 29
8057 5 14
8058 5 13
8059 5 14
8060 28 15
8061 5 2
8062 6 2
8063 1 28
8064 43 51
8065 29 15
8066 5 13
8067 5 2
8068 5 14
8069 44 51
8070 1 29
8071 1 28
8072 43 51
8073 1 29
8074 6 2
8075 1 28
8076 28 15
8077 1 29
8078 44 51
8079 43 51
8080 44 51
8081 5 2
8082 5 13
8083 5 14
8084 29 15
8085 6 2
8086 5 2
8087 6 2
8088 28 15
8089 5 13
8090 5 14
8091 5 2
8092 29 15
8093 43 51
8094 5 13
8095 6 2
8096 1 28
8097 1 29
8098 44 51
8099 1 28
8100 1 29
8101 5 2
8102 6 2
8103 5 2
8104 6 2
8105 1 28
8106 43 51
8107 1 29
8108 1 28
8109 44 51
8110 43 51
8111 5 2
8112 44 51
8113 1 29
8114 6 2
8115 43 51
8116 5 14
8117 1 28
8118 5 2
8119 28 15
8120 29 15
8121 6 2
8122 28 15
8123 44 51
8124 5 2
8125 6 2
8126 5 2
8127 43 51
8128 44 51
8129 6 2
8130 29 15
8131 5 2
8132 1 29
8133 6 2
8134 28 15
8135 43 51
8136 5 2
8137 29 15
8138 6 2
8139 5 2
8140 28 15
8141 29 15
8142 44 51
8143 6 2
8144 43 51
8145 1 28
8146 5 2
8147 44 51
8148 6 2
8149 5 2
8150 5 13
8151 6 2
8152 28 15
8153 43 51
8154 29 15
8155 44 51
8156 28 15
8157 5 2
8158 29 15
8159 6 2
8160 43 51
8161 28 15
8162 44 51
8163 5 2
8164 43 51
8165 5 14
8166 29 15
8167 28 15
8168 1 29
8169 29 15
8170 44 51
8171 5 13
8172 5 14
8173 6 2
8174 1 28
8175 28 15
8176 1 29
8177 5 13
8178 1 28
8179 43 51
8180 1 29
8181 5 2
8182 29 15
8183 28 15
8184 6 2
8185 5 2
8186 29 15
8187 28 15
8188 44 51
8189 43 51
8190 6 2
8191 1 28
8192 5 2
8193 1 29
8194 1 28
8195 44 51
8196 43 51
8197 1 29
8198 5 14
8199 44 51
8200 43 51
8201 44 51
8202 43 51
8203 44 51
8204 1 28
8205 5 13
8206 43 51
8207 29 15
8208 44 51
8209 6 2
8210 5 2
8211 28 15
8212 5 14
8213 43 51
8214 1 29
8215 29 15
8216 1 28
8217 44 51
8218 1 29
8219 43 51
8220 6 2
8221 1 28
8222 1 29
8223 28 15
8224 5 13
8225 5 14
8226 44 51
8227 29 15
8228 43 51
8229 5 2
8230 1 28
8231 6 2
8232 5 2
8233 6 2
8234 28 15
8235 5 13
8236 44 51
8237 29 15
8238 43 51
8239 1 29
8240 1 28
8241 5 2
8242 44 51
8243 43 51
8244 5 14
8245 6 2
8246 5 13
8247 1 29
8248 44 51
8249 5 2
8250 43 51
8251 44 51
8252 1 28
8253 6 2
8254 28 15
8255 1 29
8256 5 2
8257 43 51
8258 1 28
8259 5 14
8260 6 2
8261 44 51
8262 1 29
8263 1 28
8264 5 2
8265 6 2
8266 1 29
8267 29 15
8268 28 15
8269 5 2
8270 29 15
8271 1 28
8272 5 13
8273 28 15
8274 43 51
8275 29 15
8276 6 2
8277 44 51
8278 5 14
8279 1 29
8280 1 28
8281 28 15
8282 1 29
8283 1 28
8284 5 2
8285 29 15
8286 5 13
8287 28 15
8288 1 29
8289 29 15
8290 5 14
8291 6 2
8292 5 13
8293 28 15
8294 5 14
8295 5 2
8296 6 2
8297 5 13
8298 29 15
8299 5 2
8300 28 15
8301 43 51
8302 44 51
8303 5 14
8304 5 13
8305 43 51
8306 6 2
8307 5 2
8308 6 2
8309 5 14
8310 5 2
8311 5 13
8312 1 28
8313 5 14
8314 44 51
8315 1 29
8316 29 15
8317 43 51
8318 44 51
8319 6 2
8320 43 51
8321 44 51
8322 5 2
8323 43 51
8324 44 51
8325 6 2
8326 43 51
8327 28 15
8328 5 2
8329 5 13
8330 6 2
8331 1 28
8332 29 15
8333 5 2
8334 5 14
8335 28 15
8336 29 15
8337 6 2
8338 44 51
8339 28 15
8340 29 15
8341 5 2
8342 5 13
8343 6 2
8344 5 2
8345 1 29
8346 28 15
8347 6 2
8348 29 15
8349 1 28
8350 43 51
8351 1 29
8352 5 2
8353 1 28
8354 5 14
8355 28 15
8356 29 15
8357 5 13
8358 44 51
8359 6 2
8360 5 14
8361 28 15
8362 5 13
8363 29 15
8364 28 15
8365 43 51
8366 5 2
8367 5 14
8368 44 51
8369 43 51
8370 29 15
8371 1 29
8372 1 28
8373 5 13
8374 5 14
8375 6 2
8376 5 13
8377 28 15
8378 44 51
8379 5 14
8380 1 29
8381 5 2
8382 1 28
8383 29 15
8384 5 13
8385 1 29
8386 28 15
8387 29 15
8388 5 14
8389 6 2
8390 43 51
8391 44 51
8392 43 51
8393 1 28
8394 5 2
8395 28 15
8396 44 51
8397 1 29
8398 43 51
8399 6 2
8400 5 2
8401 44 51
8402 6 2
8403 43 51
8404 5 2
8405 5 13
8406 29 15
8407 1 28
8408 1 29
8409 1 28
8410 5 14
8411 44 51
8412 28 15
8413 5 13
8414 1 29
8415 29 15
8416 1 28
8417 43 51
8418 5 14
8419 28 15
8420 6 2
8421 5 13
8422 5 14
8423 5 13
8424 1 29
8425 1 28
8426 29 15
8427 28 15
8428 1 29
8429 44 51
8430 29 15
8431 1 28
8432 43 51
8433 28 15
8434 29 15
8435 5 14
8436 5 2
8437 1 29
8438 28 15
8439 44 51
8440 43 51
8441 29 15
8442 28 15
8443 44 51
8444 5 13
8445 6 2
8446 29 15
8447 28 15
8448 43 51
8449 29 15
8450 44 51
8451 1 28
8452 5 14
8453 5 13
8454 5 2
8455 6 2
8456 5 2
8457 5 14
8458 43 51
8459 28 15
8460 6 2
8461 29 15
8462 1 29
8463 5 13
8464 28 15
8465 1 28
8466 1 29
8467 29 15
8468 28 15
8469 29 15
8470 1 28
8471 5 14
8472 5 13
8473 1 29
8474 28 15
8475 1 28
8476 44 51
8477 43 51
8478 44 51
8479 5 14
8480 29 15
8481 43 51
8482 5 2
8483 44 51
8484 1 29
8485 28 15
8486 5 13
8487 43 51
8488 44 51
8489 29 15
8490 1 28
8491 28 15
8492 1 29
8493 5 14
8494 43 51
8495 29 15
8496 28 15
8497 1 28
8498 5 13
8499 5 14
8500 5 13
8501 29 15
8502 44 51
8503 1 29
8504 1 28
8505 28 15
8506 1 29
8507 1 28
8508 6 2
8509 1 29
8510 5 14
8511 43 51
8512 29 15
8513 28 15
8514 5 13
8515 29 15
8516 44 51
8517 5 14
8518 1 28
8519 5 13
8520 43 51
8521 28 15
8522 5 14
8523 44 51
8524 29 15
8525 28 15
8526 29 15
8527 28 15
8528 5 2
8529 29 15
8530 6 2
8531 1 29
8532 5 2
8533 1 28
8534 5 13
8535 1 29
8536 1 28
8537 6 2
8538 43 51
8539 5 2
8540 1 29
8541 6 2
8542 44 51
8543 28 15
8544 5 14
8545 5 13
8546 43 51
8547 1 28
8548 5 14
8549 5 2
8550 1 29
8551 1 28
8552 44 51
8553 1 29
8554 43 51
8555 1 28
8556 44 51
8557 6 2
8558 5 13
8559 5 14
8560 43 51
8561 1 29
8562 5 13
8563 1 28
8564 5 2
8565 44 51
8566 5 14
8567 5 13
8568 43 51
8569 1 29
8570 29 15
8571 1 28
8572 6 2
8573 5 14
8574 28 15
8575 1 29
8576 5 13
8577 5 14
8578 29 15
8579 28 15
8580 44 51
8581 5 13
8582 1 28
8583 29 15
8584 1 29
8585 5 2
8586 6 2
8587 5 14
8588 43 51
8589 1 28
8590 5 13
8591 1 29
8592 44 51
8593 5 2
8594 28 15
8595 29 15
8596 6 2
8597 5 2
8598 1 28
8599 1 29
8600 5 14
8601 5 13
8602 6 2
8603 5 2
8604 6 2
8605 43 51
8606 28 15
8607 5 2
8608 29 15
8609 6 2
8610 5 2
8611 5 14
8612 1 28
8613 44 51
8614 6 2
8615 28 15
8616 5 2
8617 5 13
8618 6 2
8619 1 29
8620 43 51
8621 44 51
8622 29 15
8623 43 51
8624 44 51
8625 5 14
8626 5 13
8627 28 15
8628 5 2
8629 43 51
8630 29 15
8631 6 2
8632 5 14
8633 1 28
8634 5 2
8635 44 51
8636 5 13
8637 43 51
8638 6 2
8639 5 14
8640 1 29
8641 28 15
8642 1 28
8643 44 51
8644 43 51
8645 5 13
8646 5 2
8647 29 15
8648 1 29
8649 28 15
8650 5 14
8651 1 28
8652 44 51
8653 29 15
8654 28 15
8655 43 51
8656 44 51
8657 43 51
8658 44 51
8659 1 29
8660 29 15
8661 5 13
8662 43 51
8663 28 15
8664 1 28
8665 5 14
8666 1 29
8667 5 13
8668 44 51
8669 5 14
8670 1 28
8671 6 2
8672 43 51
8673 44 51
8674 1 29
8675 5 13
8676 29 15
8677 28 15
8678 29 15
8679 5 14
8680 1 28
8681 5 13
8682 5 2
8683 5 14
8684 43 51
8685 6 2
8686 5 2
8687 1 29
8688 5 13
8689 28 15
8690 29 15
8691 5 14
8692 1 28
8693 6 2
8694 28 15
8695 44 51
8696 5 2
8697 1 29
8698 43 51
8699 6 2
8700 44 51
8701 1 28
8702 1 29
8703 5 2
8704 43 51
8705 6 2
8706 29 15
8707 5 13
8708 1 28
8709 28 15
8710 29 15
8711 28 15
8712 5 14
8713 5 13
8714 1 29
8715 29 15
8716 1 28
8717 5 14
8718 5 2
8719 28 15
8720 44 51
8721 6 2
8722 5 13
8723 1 29
8724 29 15
8725 1 28
8726 5 14
8727 5 13
8728 5 14
8729 43 51
8730 28 15
8731 5 13
8732 5 2
8733 5 14
8734 5 13
8735 29 15
8736 1 29
8737 28 15
8738 5 14
8739 1 28
8740 5 13
8741 5 14
8742 5 13
8743 29 15
8744 1 29
8745 6 2
8746 44 51
8747 43 51
8748 44 51
8749 43 51
8750 28 15
8751 5 14
8752 44 51
8753 43 51
8754 44 51
8755 29 15
8756 5 2
8757 28 15
8758 43 51
8759 29 15
8760 5 13
8761 44 51
8762 28 15
8763 6 2
8764 1 28
8765 29 15
8766 5 14
8767 43 51
8768 5 13
8769 44 51
8770 5 2
8771 6 2
8772 43 51
8773 44 51
8774 28 15
8775 5 2
8776 5 14
8777 29 15
8778 28 15
8779 1 29
8780 29 15
8781 43 51
8782 28 15
8783 44 51
8784 5 13
8785 6 2
8786 43 51
8787 29 15
8788 1 28
8789 28 15
8790 29 15
8791 5 2
8792 1 29
8793 28 15
8794 44 51
8795 29 15
8796 1 28
8797 1 29
8798 6 2
8799 5 2
8800 5 14
8801 43 51
8802 28 15
8803 6 2
8804 44 51
8805 29 15
8806 5 13
8807 5 2
8808 28 15
8809 1 28
8810 29 15
8811 6 2
8812 5 14
8813 5 2
8814 1 29
8815 6 2
8816 5 2
8817 5 13
8818 1 28
8819 6 2
8820 43 51
8821 1 29
8822 28 15
8823 5 14
8824 1 28
8825 44 51
8826 43 51
8827 5 2
8828 29 15
8829 5 13
8830 28 15
8831 6 2
8832 1 29
8833 5 14
8834 5 2
8835 44 51
8836 6 2
8837 1 28
8838 1 29
8839 1 28
8840 5 13
8841 29 15
8842 5 14
8843 43 51
8844 1 29
8845 5 2
8846 44 51
8847 28 15
8848 1 28
8849 5 13
8850 6 2
8851 5 2
8852 5 14
8853 29 15
8854 28 15
8855 6 2
8856 29 15
8857 5 2
8858 28 15
8859 43 51
8860 6 2
8861 1 29
8862 5 2
8863 29 15
8864 44 51
8865 5 13
8866 1 28
8867 28 15
8868 6 2
8869 43 51
8870 1 29
8871 44 51
8872 5 2
8873 29 15
8874 1 28
8875 1 29
8876 5 14
8877 28 15
8878 43 51
8879 6 2
8880 5 13
8881 44 51
8882 43 51
8883 1 28
8884 5 14
8885 5 2
8886 1 29
8887 6 2
8888 44 51
8889 5 2
8890 5 13
8891 6 2
8892 29 15
8893 5 2
8894 6 2
8895 1 28
8896 28 15
8897 5 14
8898 5 13
8899 29 15
8900 1 29
8901 5 2
8902 6 2
8903 28 15
8904 1 28
8905 5 2
8906 43 51
8907 29 15
8908 44 51
8909 43 51
8910 28 15
8911 44 51
8912 6 2
8913 1 29
8914 43 51
8915 5 2
8916 44 51
8917 5 14
8918 43 51
8919 6 2
8920 5 13
8921 5 2
8922 1 28
8923 6 2
8924 5 2
8925 5 14
8926 1 29
8927 1 28
8928 6 2
8929 44 51
8930 5 2
8931 29 15
8932 6 2
8933 5 2
8934 1 29
8935 6 2
8936 28 15
8937 29 15
8938 5 2
8939 1 28
8940 28 15
8941 1 29
8942 43 51
8943 6 2
8944 5 13
8945 5 14
8946 44 51
8947 1 28
8948 5 13
8949 1 29
8950 5 14
8951 5 2
8952 5 13
8953 1 28
8954 29 15
8955 28 15
8956 5 14
8957 1 29
8958 6 2
8959 29 15
8960 5 13
8961 43 51
8962 28 15
8963 5 14
8964 5 13
8965 5 14
8966 5 2
8967 29 15
8968 28 15
8969 5 13
8970 29 15
8971 1 28
8972 5 14
8973 5 13
8974 44 51
8975 1 29
8976 43 51
8977 1 28
8978 28 15
8979 5 14
8980 1 29
8981 6 2
8982 44 51
8983 29 15
8984 5 13
8985 5 2
8986 6 2
8987 1 28
8988 28 15
8989 5 14
8990 5 2
8991 5 13
8992 29 15
8993 1 29
8994 28 15
8995 6 2
8996 1 28
8997 5 2
8998 5 14
8999 43 51
9000 29 15
9001 5 13
9002 1 29
9003 5 14
9004 1 28
9005 44 51
9006 28 15
9007 5 13
9008 1 29
9009 43 51
9010 1 28
9011 1 29
9012 1 28
9013 5 14
9014 44 51
9015 29 15
9016 5 13
9017 5 14
9018 1 29
9019 43 51
9020 44 51
9021 5 13
9022 1 28
9023 6 2
9024 5 14
9025 43 51
9026 5 13
9027 5 14
9028 44 51
9029 28 15
9030 1 29
9031 43 51
9032 5 2
9033 1 28
9034 44 51
9035 5 13
9036 43 51
9037 6 2
9038 29 15
9039 5 14
9040 5 13
9041 44 51
9042 28 15
9043 1 29
9044 5 14
9045 29 15
9046 1 28
9047 5 2
9048 28 15
9049 1 29
9050 1 28
9051 1 29
9052 29 15
9053 43 51
9054 44 51
9055 43 51
9056 28 15
9057 44 51
9058 29 15
9059 5 13
9060 5 14
9061 1 28
9062 43 51
9063 6 2
9064 28 15
9065 29 15
9066 44 51
9067 43 51
9068 1 29
9069 28 15
9070 29 15
9071 5 13
9072 5 2
9073 6 2
9074 1 28
9075 5 14
9076 28 15
9077 5 2
9078 29 15
9079 6 2
9080 5 13
9081 5 2
9082 1 29
9083 28 15
9084 1 28
9085 29 15
9086 5 14
9087 6 2
9088 1 29
9089 44 51
9090 5 13
9091 43 51
9092 44 51
9093 5 14
9094 5 2
9095 5 13
9096 1 28
9097 6 2
9098 1 29
9099 5 14
9100 1 28
9101 5 13
9102 1 29
9103 5 14
9104 1 28
9105 43 51
9106 5 13
9107 28 15
9108 44 51
9109 29 15
9110 5 2
9111 28 15
9112 1 29
9113 5 14
9114 1 28
9115 43 51
9116 5 13
9117 29 15
9118 6 2
9119 28 15
9120 5 14
9121 5 2
9122 44 51
9123 1 29
9124 43 51
9125 44 51
9126 6 2
9127 5 13
9128 43 51
9129 5 2
9130 44 51
9131 43 51
9132 29 15
9133 6 2
9134 5 14
9135 44 51
9136 5 2
9137 1 28
9138 6 2
9139 1 29
9140 43 51
9141 44 51
9142 28 15
9143 1 28
9144 5 2
9145 6 2
9146 5 2
9147 5 13
9148 5 14
9149 1 29
9150 5 13
9151 5 14
9152 6 2
9153 5 2
9154 29 15
9155 28 15
9156 5 13
9157 6 2
9158 5 14
9159 5 13
9160 43 51
9161 29 15
9162 44 51
9163 5 14
9164 5 2
9165 43 51
9166 5 13
9167 5 14
9168 44 51
9169 1 28
9170 6 2
9171 1 29
9172 5 2
9173 1 28
9174 28 15
9175 43 51
9176 6 2
9177 1 29
9178 5 2
9179 6 2
9180 44 51
9181 43 51
9182 5 2
9183 44 51
9184 1 28
9185 1 29
9186 6 2
9187 43 51
9188 5 2
9189 29 15
9190 6 2
9191 44 51
9192 5 2
9193 1 28
9194 1 29
9195 28 15
9196 6 2
9197 43 51
9198 5 2
9199 1 28
9200 6 2
9201 44 51
9202 29 15
9203 1 29
9204 1 28
9205 5 2
9206 28 15
9207 6 2
9208 29 15
9209 5 13
9210 5 2
9211 1 29
9212 28 15
9213 6 2
9214 5 14
9215 43 51
9216 44 51
9217 29 15
9218 5 2
9219 1 28
9220 28 15
9221 6 2
9222 1 29
9223 29 15
9224 5 2
9225 1 28
9226 28 15
9227 29 15
9228 1 29
9229 6 2
9230 5 13
9231 43 51
9232 5 2
9233 6 2
9234 1 28
9235 28 15
9236 29 15
9237 5 14
9238 1 29
9239 44 51
9240 43 51
9241 5 13
9242 5 2
9243 44 51
9244 1 28
9245 43 51
9246 6 2
9247 1 29
9248 44 51
9249 1 28
9250 43 51
9251 1 29
9252 28 15
9253 29 15
9254 5 14
9255 28 15
9256 44 51
9257 43 51
9258 44 51
9259 5 2
9260 5 13
9261 1 28
9262 6 2
9263 5 14
9264 1 29
9265 29 15
9266 28 15
9267 1 28
9268 5 2
9269 5 13
9270 43 51
9271 29 15
9272 5 14
9273 44 51
9274 5 13
9275 43 51
9276 6 2
9277 44 51
9278 5 14
9279 43 51
9280 5 13
9281 28 15
9282 44 51
9283 43 51
9284 44 51
9285 29 15
9286 28 15
9287 5 14
9288 43 51
9289 29 15
9290 28 15
9291 29 15
9292 1 29
9293 44 51
9294 1 28
9295 1 29
9296 28 15
9297 5 13
9298 5 2
9299 43 51
9300 5 14
9301 6 2
9302 5 13
9303 5 14
9304 5 2
9305 44 51
9306 5 13
9307 5 14
9308 1 28
9309 6 2
9310 43 51
9311 44 51
9312 5 13
9313 43 51
9314 44 51
9315 43 51
9316 1 29
9317 5 2
9318 5 14
9319 44 51
9320 29 15
9321 1 28
9322 5 13
9323 6 2
9324 1 29
9325 5 14
9326 28 15
9327 29 15
9328 5 2
9329 43 51
9330 5 13
9331 1 28
9332 44 51
9333 5 14
9334 5 13
9335 43 51
9336 6 2
9337 44 51
9338 43 51
9339 1 29
9340 5 2
9341 44 51
9342 5 14
9343 1 28
9344 5 13
9345 5 14
9346 1 29
9347 43 51
9348 44 51
9349 6 2
9350 43 51
9351 1 28
9352 44 51
9353 43 51
9354 28 15
9355 5 13
9356 1 29
9357 1 28
9358 44 51
9359 1 29
9360 1 28
9361 5 2
9362 5 14
9363 5 13
9364 43 51
9365 29 15
9366 1 29
9367 28 15
9368 44 51
9369 29 15
9370 43 51
9371 44 51
9372 6 2
9373 5 2
9374 5 14
9375 5 13
9376 1 28
9377 1 29
9378 1 28
9379 28 15
9380 43 51
9381 29 15
9382 1 29
9383 28 15
9384 29 15
9385 28 15
9386 5 14
9387 5 13
9388 5 14
9389 44 51
9390 43 51
9391 29 15
9392 28 15
9393 1 28
9394 1 29
9395 1 28
9396 44 51
9397 29 15
9398 5 13
9399 28 15
9400 5 14
9401 6 2
9402 43 51
9403 5 13
9404 44 51
9405 43 51
9406 5 2
9407 29 15
# colocadas=9408 ocupadas=5 mayor=9872
