0 0 0
1 0 55
2 55 0
3 55 55
4 0 2
5 0 4
6 0 6
7 0 8
8 0 10
9 0 12
10 0 14
11 0 16
12 0 18
13 0 20
14 0 22
15 0 24
16 0 26
17 1 16
18 0 28
19 0 30
20 0 32
21 0 33
22 0 35
23 0 37
24 0 39
25 0 41
26 0 43
27 0 45
28 0 47
29 0 49
30 0 51
31 0 53
32 2 0
33 2 55
34 0 17
35 4 0
36 1 8
37 4 55
38 1 28
39 6 0
40 6 55
41 8 0
42 8 55
43 1 24
44 2 1
45 9 0
46 4 54
47 1 43
48 10 55
49 11 0
50 1 0
51 0 15
52 12 55
53 13 0
54 0 29
55 1 51
56 0 0
57 1 47
58 1 0
59 0 43
60 0 51
61 0 54
62 0 31
63 14 55
64 0 9
65 15 0
66 16 55
67 17 0
68 18 55
69 1 51
70 19 0
71 20 55
72 21 0
73 4 55
74 8 0
75 22 55
76 23 0
77 24 55
78 25 0
79 26 55
80 27 0
81 28 55
82 17 1
83 4 54
84 1 27
85 10 54
86 23 1
87 0 48
88 0 50
89 0 28
90 54 55
91 16 0
92 54 0
93 29 0
94 1 33
95 1 52
96 1 46
97 30 55
98 0 55
99 24 54
100 55 55
101 0 52
102 14 0
103 31 0
104 18 54
105 0 44
106 0 33
107 0 25
108 32 55
109 1 35
110 27 1
111 2 16
112 33 0
113 28 0
114 34 55
115 35 0
116 36 55
117 37 0
118 38 55
119 0 36
120 1 4
121 32 54
122 1 43
123 17 2
124 6 1
125 39 0
126 7 0
127 11 55
128 32 55
129 8 0
130 40 55
131 28 54
132 41 0
133 0 18
134 0 42
135 42 55
136 1 16
137 7 0
138 9 0
139 12 0
140 43 0
141 44 55
142 0 29
143 45 55
144 54 55
145 45 0
146 5 1
147 47 0
148 35 1
149 1 17
150 40 54
151 1 7
152 39 1
153 29 0
154 0 8
155 0 10
156 1 10
157 4 55
158 44 55
159 0 45
160 46 55
161 23 55
162 1 50
163 0 4
164 29 55
165 48 55
166 49 0
167 1 31
168 12 55
169 17 0
170 18 55
171 9 55
172 0 11
173 0 23
174 0 13
175 50 55
176 31 55
177 16 2
178 1 47
179 55 55
180 0 44
181 8 55
182 0 46
183 0 38
184 0 17
185 2 7
186 46 54
187 16 54
188 45 55
189 0 40
190 0 51
191 54 55
192 9 55
193 2 43
194 0 53
195 1 38
196 33 55
197 0 45
198 51 0
199 52 55
200 0 22
201 0 49
202 31 54
203 0 46
204 35 55
205 35 0
206 17 55
207 7 55
208 0 50
209 5 55
210 55 1
211 1 9
212 0 32
213 0 18
214 0 38
215 19 55
216 4 55
217 33 1
218 15 0
219 0 34
220 28 0
221 2 2
222 1 16
223 5 2
224 47 55
225 55 55
226 1 40
227 21 55
228 0 17
229 30 0
230 22 0
231 0 18
232 1 43
233 32 55
234 3 0
235 5 0
236 21 54
237 1 10
238 1 48
239 30 55
240 53 55
241 0 52
242 0 48
243 15 2
244 0 31
245 44 55
246 31 0
247 55 3
248 7 1
249 55 5
250 1 23
251 14 2
252 0 0
253 1 13
254 2 43
255 52 55
256 29 55
257 29 0
258 53 0
259 0 12
260 0 17
261 1 47
262 51 1
263 0 14
264 1 44
265 0 24
266 11 0
267 2 35
268 0 28
269 55 6
270 22 55
271 0 45
272 0 49
273 1 4
274 0 26
275 14 0
276 33 55
277 0 9
278 45 55
279 48 55
280 2 54
281 1 11
282 1 35
283 0 19
284 1 15
285 20 55
286 2 55
287 36 55
288 55 0
289 2 27
290 46 53
291 50 54
292 24 0
293 2 42
294 26 0
295 31 55
296 6 0
297 54 55
298 0 37
299 55 55
300 10 53
301 1 53
302 35 55
303 9 53
304 47 1
305 48 0
306 1 30
307 0 11
308 16 0
309 13 2
310 8 53
311 55 5
312 44 55
313 5 55
314 50 55
315 0 41
316 33 54
317 0 46
318 52 0
319 18 55
320 27 54
321 27 2
322 0 42
323 46 0
324 47 55
325 45 55
326 28 0
327 54 55
328 33 0
329 8 0
330 1 16
331 38 0
332 7 53
333 0 40
334 0 25
335 1 10
336 1 24
337 0 29
338 49 55
339 1 40
340 50 55
341 12 2
342 11 55
343 0 24
344 0 8
345 41 55
346 49 55
347 1 54
348 0 16
349 0 40
350 55 2
351 6 53
352 2 47
353 2 1
354 0 32
355 30 0
356 47 54
357 26 1
358 5 53
359 49 0
360 17 0
361 51 55
362 32 55
363 31 55
364 0 13
365 0 21
366 0 50
367 0 36
368 1 49
369 43 55
370 1 15
371 13 0
372 36 0
373 46 55
374 47 2
375 55 3
376 0 27
377 2 49
378 48 55
379 16 55
380 48 0
381 20 0
382 27 3
383 50 1
384 2 35
385 12 55
386 55 2
387 5 0
388 2 26
389 11 2
390 40 0
391 32 0
392 27 0
393 44 55
394 50 0
395 37 55
396 1 36
397 23 2
398 34 55
399 0 43
400 0 26
401 0 5
402 15 0
403 27 53
404 19 55
405 25 0
406 4 2
407 1 3
408 0 10
409 13 1
410 42 0
411 6 1
412 53 0
413 0 1
414 7 0
415 11 55
416 4 0
417 9 0
418 54 0
419 26 2
420 1 0
421 32 54
422 1 7
423 0 11
424 0 36
425 1 47
426 23 0
427 35 0
428 1 45
429 1 6
430 51 0
431 1 50
432 20 54
433 0 23
434 3 1
435 55 4
436 24 55
437 0 42
438 1 21
439 0 22
440 0 24
441 22 2
442 0 28
443 0 4
444 28 0
445 45 55
446 0 18
447 34 0
448 6 0
449 32 53
450 27 55
451 1 34
452 1 40
453 9 54
454 0 45
455 0 31
456 32 55
457 0 32
458 10 2
459 1 2
460 9 55
461 16 54
462 0 50
463 2 15
464 13 55
465 0 47
466 3 0
467 0 21
468 0 40
469 46 2
470 1 38
471 45 2
472 49 55
473 0 34
474 0 3
475 19 0
476 0 31
477 26 0
478 0 23
479 0 38
480 11 54
481 0 0
482 27 4
483 2 41
484 1 9
485 0 32
486 1 15
487 4 53
488 50 0
489 20 55
490 1 48
491 43 55
492 14 0
493 2 2
494 37 0
495 0 20
496 1 44
497 36 55
498 1 34
499 38 1
500 12 55
501 2 1
502 0 44
503 1 41
504 45 53
505 1 53
506 22 54
507 26 4
508 15 0
509 0 54
510 0 49
511 0 39
512 9 2
513 0 45
514 17 1
515 36 0
516 28 1
517 0 40
518 8 2
519 0 4
520 1 43
521 44 53
522 21 55
523 37 55
524 10 55
525 29 0
526 3 1
527 0 10
528 0 15
529 37 0
530 0 12
531 1 55
532 46 55
533 36 0
534 1 16
535 2 9
536 11 53
537 2 53
538 1 47
539 2 41
540 23 55
541 44 55
542 0 22
543 1 44
544 22 0
545 0 35
546 2 3
547 0 25
548 1 14
549 43 53
550 24 55
551 27 1
552 16 55
553 26 53
554 0 23
555 52 0
556 55 5
557 39 0
558 19 54
559 40 0
560 52 55
561 8 0
562 31 0
563 32 0
564 0 44
565 4 0
566 31 55
567 55 0
568 1 26
569 33 55
570 47 53
571 0 55
572 42 53
573 0 45
574 1 10
575 0 1
576 20 55
577 9 0
578 0 27
579 54 0
580 0 44
581 0 46
582 2 8
583 7 0
584 52 1
585 9 1
586 2 1
587 0 14
588 0 54
589 34 1
590 0 19
591 0 7
592 0 20
593 0 45
594 3 0
595 0 19
596 0 11
597 0 31
598 42 55
599 8 55
600 15 55
601 0 46
602 1 33
603 34 55
604 4 55
605 33 55
606 4 0
607 41 55
608 28 1
609 14 55
610 0 12
611 3 2
612 55 0
613 1 13
614 18 0
615 25 0
616 45 0
617 0 15
618 47 0
619 44 2
620 0 11
621 1 8
622 29 54
623 10 54
624 21 0
625 22 55
626 3 0
627 0 34
628 1 35
629 0 14
630 11 55
631 27 1
632 28 0
633 25 55
634 49 0
635 2 48
636 10 0
637 8 0
638 2 26
639 0 12
640 0 6
641 2 4
642 21 55
643 35 0
644 6 0
645 0 37
646 13 0
647 4 52
648 1 5
649 48 55
650 0 28
651 0 33
652 0 8
653 9 2
654 55 3
655 13 55
656 42 55
657 47 1
658 0 47
659 9 1
660 16 1
661 55 6
662 0 51
663 0 35
664 4 0
665 1 46
666 0 52
667 19 53
668 20 55
669 0 21
670 44 54
671 16 2
672 47 0
673 7 55
674 50 0
675 3 3
676 1 48
677 28 55
678 43 0
679 25 2
680 31 53
681 15 2
682 1 19
683 1 32
684 2 32
685 26 1
686 51 55
687 0 39
688 25 4
689 36 55
690 0 26
691 2 55
692 1 20
693 36 0
694 10 55
695 52 0
696 34 55
697 45 55
698 24 4
699 1 37
700 0 15
701 1 14
702 41 55
703 17 0
704 0 3
705 11 0
706 50 55
707 46 53
708 0 11
709 3 1
710 7 2
711 6 1
712 18 53
713 17 55
714 46 55
715 2 46
716 38 0
717 0 20
718 42 0
719 48 54
720 2 1
721 55 55
722 1 3
723 0 5
724 2 5
725 24 0
726 49 0
727 1 43
728 1 6
729 12 55
730 34 0
731 14 2
732 10 0
733 16 55
734 29 53
735 26 0
736 12 0
737 27 55
738 1 32
739 7 0
740 9 55
741 0 22
742 45 55
743 0 37
744 55 5
745 33 55
746 8 0
747 43 0
748 2 4
749 23 55
750 0 0
751 2 43
752 43 2
753 0 30
754 2 0
755 11 0
756 2 25
757 34 55
758 0 14
759 1 35
760 0 40
761 1 7
762 0 25
763 21 2
764 54 55
765 0 6
766 54 0
767 1 46
768 0 35
769 14 0
770 0 27
771 15 0
772 28 53
773 0 38
774 0 32
775 30 53
776 37 55
777 1 41
778 11 52
779 23 0
780 31 0
781 23 4
782 28 52
783 36 55
784 6 55
785 0 16
786 1 16
787 55 55
788 37 55
789 19 55
790 22 4
791 30 0
792 41 0
793 1 19
794 1 43
795 48 55
796 42 0
797 21 4
798 1 2
799 0 39
800 31 0
801 10 52
802 25 54
803 51 0
804 0 2
805 42 2
806 20 0
807 14 0
808 41 2
809 49 1
810 1 1
811 20 4
812 4 54
813 5 0
814 15 55
815 42 55
816 55 6
817 1 45
818 39 0
819 40 55
820 43 54
821 0 37
822 26 55
823 1 4
824 0 1
825 19 0
826 41 53
827 40 2
828 29 53
829 39 2
830 24 54
831 1 29
832 0 55
833 0 9
834 29 0
835 10 0
836 1 8
837 1 46
838 0 4
839 19 4
840 3 52
841 0 3
842 1 53
843 22 0
844 41 55
845 42 55
846 4 0
847 1 0
848 1 5
849 3 0
850 27 52
851 0 16
852 14 55
853 0 33
854 55 2
855 1 16
856 45 53
857 24 2
858 0 54
859 7 3
860 0 12
861 5 55
862 6 55
863 23 2
864 44 53
865 41 55
866 1 45
867 0 15
868 38 2
869 55 5
870 1 31
871 2 19
872 1 37
873 50 0
874 0 55
875 0 50
876 1 13
877 40 53
878 2 24
879 7 0
880 23 1
881 1 11
882 4 55
883 1 46
884 0 46
885 25 0
886 37 0
887 0 7
888 22 55
889 21 55
890 43 55
891 0 45
892 44 0
893 20 0
894 0 24
895 1 19
896 15 0
897 45 0
898 0 49
899 2 48
900 15 55
901 1 2
902 1 32
903 11 54
904 0 0
905 18 0
906 28 53
907 1 44
908 18 55
909 10 54
910 20 55
911 18 4
912 20 1
913 41 54
914 7 55
915 1 0
916 33 0
917 0 21
918 25 53
919 17 0
920 41 1
921 24 55
922 34 0
923 30 55
924 0 14
925 42 55
926 1 22
927 8 1
928 0 47
929 44 0
930 0 36
931 0 51
932 2 3
933 55 1
934 2 23
935 1 28
936 46 0
937 11 54
938 0 38
939 39 53
940 9 0
941 0 0
942 6 55
943 44 55
944 10 54
945 38 53
946 1 29
947 1 43
948 6 3
949 17 4
950 54 55
951 17 53
952 0 15
953 0 52
954 41 53
955 0 23
956 40 1
957 0 34
958 2 1
959 0 33
960 55 55
961 36 55
962 0 2
963 33 0
964 27 55
965 2 54
966 2 52
967 1 14
968 1 31
969 0 35
970 54 55
971 3 55
972 21 55
973 21 3
974 2 0
975 5 3
976 0 14
977 14 55
978 45 55
979 4 3
980 16 4
981 44 55
982 5 55
983 0 24
984 0 44
985 23 55
986 0 10
987 20 55
988 28 54
989 55 2
990 0 23
991 0 1
992 55 0
993 1 32
994 0 46
995 38 0
996 42 54
997 39 55
998 43 55
999 31 1
1000 0 5
1001 1 1
1002 44 55
1003 40 53
1004 0 36
1005 40 52
1006 37 55
1007 0 35
1008 0 48
1009 11 0
1010 15 55
1011 36 55
1012 15 4
1013 40 0
1014 0 17
1015 0 26
1016 23 2
1017 18 0
1018 40 1
1019 26 52
1020 24 53
1021 14 0
1022 48 1
1023 0 45
1024 11 54
1025 22 55
1026 36 0
1027 0 19
1028 48 0
1029 4 0
1030 0 16
1031 20 3
1032 55 55
1033 51 55
1034 41 0
1035 0 39
1036 29 55
1037 51 0
1038 20 0
1039 6 0
1040 0 37
1041 14 4
1042 54 55
1043 23 53
1044 1 5
1045 8 0
1046 43 0
1047 0 20
1048 1 37
1049 24 0
1050 2 51
1051 28 0
1052 2 11
1053 35 0
1054 0 44
1055 55 4
1056 4 2
1057 20 1
1058 0 25
1059 1 40
1060 9 52
1061 2 43
1062 13 0
1063 3 0
1064 0 2
1065 1 51
1066 32 0
1067 1 31
1068 38 55
1069 1 2
1070 49 0
1071 54 0
1072 14 0
1073 39 52
1074 22 2
1075 1 28
1076 37 2
1077 52 0
1078 0 36
1079 0 32
1080 27 0
1081 8 52
1082 0 2
1083 36 54
1084 13 55
1085 0 35
1086 30 1
1087 25 0
1088 1 50
1089 0 54
1090 0 38
1091 1 12
1092 30 55
1093 21 2
1094 9 0
1095 2 0
1096 0 9
1097 25 52
1098 1 21
1099 0 40
1100 31 0
1101 13 0
1102 2 55
1103 0 34
1104 11 1
1105 0 49
1106 1 42
1107 1 17
1108 47 55
1109 0 51
1110 1 52
1111 7 0
1112 1 36
1113 11 55
1114 20 0
1115 7 52
1116 42 55
1117 0 4
1118 41 55
1119 0 26
1120 0 52
1121 0 3
1122 28 0
1123 1 48
1124 37 53
1125 17 0
1126 16 53
1127 0 36
1128 26 55
1129 0 13
1130 2 48
1131 1 48
1132 1 53
1133 43 55
1134 2 31
1135 37 52
1136 0 42
1137 24 0
1138 1 32
1139 0 21
1140 10 0
1141 48 0
1142 13 4
1143 1 38
1144 24 52
1145 46 55
1146 43 53
1147 0 15
1148 6 55
1149 0 17
1150 39 1
1151 0 33
1152 8 2
1153 12 4
1154 0 34
1155 32 0
1156 2 14
1157 8 55
1158 1 51
1159 1 6
1160 27 0
1161 16 0
1162 0 47
1163 2 53
1164 20 54
1165 13 54
1166 12 0
1167 0 38
1168 1 5
1169 7 2
1170 3 2
1171 0 33
1172 0 55
1173 1 17
1174 36 52
1175 11 2
1176 44 0
1177 14 55
1178 21 55
1179 11 4
1180 0 12
1181 1 2
1182 28 55
1183 26 0
1184 0 10
1185 50 55
1186 0 9
1187 5 55
1188 13 2
1189 0 2
1190 5 1
1191 31 55
1192 34 0
1193 49 55
1194 5 2
1195 5 0
1196 1 55
1197 1 45
1198 25 55
1199 2 4
1200 0 28
1201 3 0
1202 38 52
1203 1 42
1204 0 46
1205 15 55
1206 24 55
1207 15 53
1208 51 0
1209 0 35
1210 0 43
1211 13 0
1212 0 32
1213 1 50
1214 19 0
1215 4 0
1216 24 51
1217 1 30
1218 19 54
1219 3 31
1220 36 2
1221 0 41
1222 0 34
1223 0 30
1224 46 1
1225 10 55
1226 1 41
1227 1 13
1228 19 3
1229 40 55
1230 1 31
1231 0 44
1232 0 24
1233 0 29
1234 39 2
1235 55 55
1236 14 53
1237 5 1
1238 18 0
1239 23 51
1240 1 26
1241 41 55
1242 38 2
1243 18 3
1244 0 14
1245 55 1
1246 13 55
1247 0 26
1248 53 0
1249 22 53
1250 36 55
1251 0 6
1252 33 55
1253 47 0
1254 55 0
1255 11 55
1256 1 40
1257 5 0
1258 0 11
1259 19 0
1260 34 55
1261 27 0
1262 0 37
1263 54 55
1264 35 52
1265 0 36
1266 3 3
1267 0 15
1268 1 6
1269 17 55
1270 8 0
1271 53 1
1272 18 55
1273 36 54
1274 0 18
1275 43 0
1276 36 55
1277 21 53
1278 1 43
1279 48 55
1280 12 0
1281 0 13
1282 0 47
1283 1 20
1284 4 1
1285 1 13
1286 1 5
1287 1 30
1288 18 0
1289 0 54
1290 6 2
1291 0 42
1292 13 53
1293 10 2
1294 6 52
1295 19 0
1296 2 31
1297 0 1
1298 5 2
1299 1 3
1300 33 55
1301 9 2
1302 0 7
1303 8 2
1304 0 40
1305 54 0
1306 1 23
1307 25 0
1308 18 0
1309 0 51
1310 0 45
1311 52 1
1312 0 22
1313 0 19
1314 12 55
1315 1 46
1316 20 53
1317 2 15
1318 27 55
1319 44 55
1320 1 44
1321 2 23
1322 14 55
1323 55 0
1324 1 0
1325 10 4
1326 1 21
1327 37 0
1328 34 55
1329 0 52
1330 2 8
1331 13 0
1332 2 48
1333 7 0
1334 1 34
1335 35 2
1336 12 53
1337 0 34
1338 9 0
1339 21 0
1340 19 55
1341 30 55
1342 0 3
1343 35 0
1344 0 13
1345 10 0
1346 13 55
1347 0 55
1348 40 55
1349 52 2
1350 23 55
1351 21 54
1352 30 0
1353 10 55
1354 0 30
1355 1 9
1356 0 48
1357 33 55
1358 51 2
1359 20 55
1360 1 26
1361 43 55
1362 48 0
1363 0 43
1364 0 6
1365 19 0
1366 37 2
1367 1 30
1368 20 2
1369 0 30
1370 1 20
1371 3 54
1372 3 2
1373 2 47
1374 34 52
1375 2 7
1376 2 14
1377 2 32
1378 0 10
1379 1 11
1380 1 14
1381 37 52
1382 2 0
1383 12 55
1384 0 21
1385 9 0
1386 19 53
1387 10 0
1388 0 7
1389 26 55
1390 0 51
1391 2 6
1392 1 29
1393 2 46
1394 41 55
1395 39 55
1396 33 0
1397 50 0
1398 1 12
1399 44 0
1400 0 46
1401 0 6
1402 32 55
1403 11 53
1404 19 2
1405 3 0
1406 54 0
1407 29 0
1408 1 2
1409 22 55
1410 35 55
1411 0 7
1412 0 31
1413 2 55
1414 1 55
1415 0 54
1416 5 52
1417 37 3
1418 0 18
1419 0 0
1420 10 54
1421 0 19
1422 0 4
1423 0 3
1424 0 33
1425 7 2
1426 0 49
1427 44 55
1428 8 0
1429 9 4
1430 36 3
1431 2 14
1432 29 55
1433 3 55
1434 2 45
1435 46 0
1436 48 1
1437 17 55
1438 46 54
1439 1 53
1440 18 0
1441 0 17
1442 20 0
1443 40 0
1444 1 32
1445 55 0
1446 0 23
1447 23 55
1448 32 0
1449 1 11
1450 2 50
1451 0 27
1452 0 45
1453 27 1
1454 3 3
1455 25 55
1456 1 34
1457 0 55
1458 0 22
1459 43 55
1460 1 43
1461 10 55
1462 1 12
1463 0 18
1464 1 49
1465 6 0
1466 2 44
1467 2 45
1468 22 51
1469 0 48
1470 48 0
1471 1 35
1472 34 0
1473 18 1
1474 4 52
1475 28 0
1476 0 12
1477 0 37
1478 11 0
1479 33 52
1480 47 55
1481 17 3
1482 2 7
1483 43 0
1484 36 0
1485 1 25
1486 0 39
1487 22 55
1488 26 1
1489 0 35
1490 36 4
1491 39 0
1492 24 55
1493 41 54
1494 0 50
1495 1 4
1496 24 0
1497 35 4
1498 1 47
1499 2 51
1500 48 1
1501 10 53
1502 16 55
1503 7 1
1504 2 49
1505 5 0
1506 48 55
1507 25 55
1508 0 42
1509 1 11
1510 0 53
1511 34 1
1512 26 0
1513 0 21
1514 6 1
1515 0 30
1516 2 11
1517 3 52
1518 12 54
1519 17 55
1520 38 0
1521 42 53
1522 1 19
1523 0 51
1524 1 55
1525 0 32
1526 5 3
1527 16 55
1528 31 55
1529 32 52
1530 6 55
1531 18 53
1532 0 9
1533 6 2
1534 48 0
1535 2 2
1536 1 51
1537 1 1
1538 36 52
1539 2 52
1540 47 55
1541 16 3
1542 0 44
1543 3 4
1544 15 0
1545 1 46
1546 2 6
1547 13 55
1548 0 24
1549 34 55
1550 1 54
1551 1 14
1552 2 43
1553 0 47
1554 38 55
1555 0 48
1556 24 55
1557 31 52
1558 26 1
1559 0 23
1560 0 1
1561 54 0
1562 0 55
1563 0 4
1564 1 31
1565 0 5
1566 48 1
1567 1 8
1568 0 33
1569 42 55
1570 7 0
1571 27 0
1572 48 0
1573 8 0
1574 37 55
1575 0 11
1576 34 4
1577 31 0
1578 32 55
1579 21 51
1580 1 43
1581 5 55
1582 33 4
1583 51 0
1584 23 0
1585 9 53
1586 0 52
1587 1 20
1588 35 0
1589 11 55
1590 6 55
1591 2 4
1592 37 0
1593 0 12
1594 22 0
1595 2 22
1596 1 3
1597 0 32
1598 23 0
1599 1 50
1600 0 45
1601 8 53
1602 45 0
1603 4 2
1604 17 53
1605 32 4
1606 10 0
1607 1 47
1608 0 20
1609 0 2
1610 2 8
1611 10 55
1612 2 31
1613 12 2
1614 7 0
1615 7 55
1616 19 0
1617 0 22
1618 55 3
1619 31 55
1620 2 1
1621 1 6
1622 0 50
1623 16 53
1624 30 0
1625 15 53
1626 2 21
1627 20 0
1628 3 4
1629 42 0
1630 2 22
1631 1 51
1632 50 0
1633 28 55
1634 1 50
1635 5 4
1636 25 55
1637 0 8
1638 0 10
1639 55 0
1640 0 19
1641 15 55
1642 38 0
1643 30 55
1644 29 0
1645 19 55
1646 11 54
1647 54 0
1648 55 55
1649 0 53
1650 0 33
1651 20 54
1652 2 44
1653 2 54
1654 0 21
1655 1 55
1656 30 52
1657 12 0
1658 0 26
1659 25 1
1660 31 4
1661 9 0
1662 18 0
1663 27 55
1664 0 44
1665 1 17
1666 17 0
1667 14 0
1668 5 3
1669 45 54
1670 1 51
1671 2 9
1672 30 0
1673 54 55
1674 11 0
1675 1 7
1676 0 51
1677 43 55
1678 3 2
1679 33 55
1680 20 51
1681 26 0
1682 36 0
1683 0 16
1684 35 3
1685 0 14
1686 16 55
1687 7 1
1688 1 14
1689 34 3
1690 20 53
1691 47 0
1692 8 55
1693 16 0
1694 1 42
1695 0 7
1696 55 0
1697 1 37
1698 41 55
1699 6 0
1700 55 55
1701 2 43
1702 7 55
1703 19 51
1704 15 3
1705 1 50
1706 34 0
1707 36 55
1708 0 14
1709 4 55
1710 19 0
1711 44 55
1712 12 0
1713 8 1
1714 15 55
1715 1 8
1716 17 0
1717 0 49
1718 2 17
1719 28 55
1720 3 55
1721 2 20
1722 50 2
1723 0 8
1724 0 54
1725 35 55
1726 2 48
1727 1 12
1728 1 4
1729 2 53
1730 31 55
1731 19 53
1732 10 0
1733 15 0
1734 0 3
1735 41 0
1736 0 12
1737 4 0
1738 49 2
1739 29 52
1740 1 7
1741 2 44
1742 2 43
1743 29 0
1744 4 55
1745 6 54
1746 1 31
1747 18 53
1748 1 18
1749 40 0
1750 9 55
1751 44 0
1752 1 41
1753 41 0
1754 22 0
1755 11 2
1756 9 0
1757 10 55
1758 45 53
1759 24 1
1760 46 55
1761 0 41
1762 0 53
1763 11 53
1764 1 52
1765 54 55
1766 1 22
1767 7 53
1768 4 3
1769 0 55
1770 21 55
1771 0 36
1772 0 42
1773 7 52
1774 0 6
1775 22 55
1776 7 0
1777 55 55
1778 10 0
1779 1 8
1780 10 2
1781 0 41
1782 18 55
1783 0 2
1784 2 50
1785 9 2
1786 1 50
1787 0 35
1788 30 55
1789 17 53
1790 1 7
1791 39 0
1792 30 4
1793 0 48
1794 17 55
1795 2 2
1796 1 28
1797 21 0
1798 42 0
1799 18 51
1800 1 0
1801 33 3
1802 14 53
1803 10 2
1804 9 0
1805 36 55
1806 32 55
1807 6 0
1808 3 55
1809 0 29
1810 0 30
1811 1 20
1812 29 4
1813 0 29
1814 12 55
1815 28 0
1816 38 0
1817 0 27
1818 44 53
1819 0 18
1820 2 28
1821 33 55
1822 55 2
1823 0 1
1824 0 42
1825 1 11
1826 31 55
1827 4 2
1828 0 25
1829 41 53
1830 0 4
1831 1 17
1832 13 53
1833 2 17
1834 49 0
1835 41 0
1836 40 0
1837 48 2
1838 17 1
1839 0 50
1840 0 13
1841 2 5
1842 0 32
1843 24 0
1844 47 2
1845 11 0
1846 0 3
1847 12 0
1848 8 4
1849 1 18
1850 0 4
1851 13 52
1852 2 54
1853 1 14
1854 40 55
1855 18 0
1856 0 9
1857 0 8
1858 6 52
1859 0 52
1860 5 54
1861 43 55
1862 11 0
1863 29 0
1864 1 28
1865 19 0
1866 28 0
1867 43 53
1868 45 55
1869 22 0
1870 0 15
1871 18 0
1872 6 3
1873 0 38
1874 50 0
1875 35 52
1876 1 53
1877 46 2
1878 7 0
1879 54 0
1880 46 0
1881 0 45
1882 38 1
1883 55 1
1884 1 36
1885 0 16
1886 24 1
1887 7 4
1888 5 55
1889 0 12
1890 38 0
1891 0 9
1892 0 22
1893 9 55
1894 0 10
1895 0 53
1896 9 2
1897 0 15
1898 1 2
1899 0 24
1900 1 5
1901 24 55
1902 27 55
1903 12 0
1904 2 7
1905 47 0
1906 21 55
1907 2 49
1908 0 18
1909 55 2
1910 46 0
1911 7 5
1912 42 55
1913 20 55
1914 26 55
1915 24 0
1916 7 1
1917 34 52
1918 1 7
1919 1 51
1920 2 7
1921 1 3
1922 5 52
1923 28 4
1924 3 0
1925 41 0
1926 1 55
1927 10 55
1928 1 9
1929 0 0
1930 0 2
1931 1 43
1932 16 53
1933 14 3
1934 1 0
1935 0 20
1936 1 37
1937 0 34
1938 3 2
1939 21 0
1940 1 19
1941 2 3
1942 0 3
1943 19 0
1944 23 55
1945 0 47
1946 0 17
1947 33 0
1948 4 2
1949 17 0
1950 1 1
1951 0 18
1952 0 25
1953 0 1
1954 1 46
1955 1 44
1956 0 49
1957 0 30
1958 35 55
1959 0 9
1960 43 55
1961 0 10
1962 0 51
1963 2 53
1964 18 0
1965 40 53
1966 29 0
1967 0 7
1968 1 50
1969 28 0
1970 19 0
1971 0 44
1972 1 36
1973 0 9
1974 3 2
1975 55 1
1976 0 4
1977 0 46
1978 42 55
1979 30 55
1980 0 36
1981 0 54
1982 1 40
1983 27 4
1984 0 33
1985 49 0
1986 23 0
1987 3 5
1988 2 11
1989 1 4
1990 22 55
1991 0 55
1992 0 24
1993 1 47
1994 39 0
1995 0 25
1996 9 55
1997 38 0
1998 15 53
1999 43 55
2000 0 0
2001 1 6
2002 1 55
2003 17 51
2004 4 52
2005 0 6
2006 18 55
2007 0 40
2008 32 3
2009 47 0
2010 10 55
2011 53 0
2012 1 21
2013 29 0
2014 13 3
2015 0 10
2016 0 8
2017 0 13
2018 39 0
2019 25 55
2020 2 0
2021 42 55
2022 10 53
2023 20 54
2024 1 3
2025 3 52
2026 0 7
2027 8 55
2028 10 0
2029 7 55
2030 1 34
2031 0 53
2032 13 55
2033 38 0
2034 2 3
2035 1 51
2036 12 55
2037 1 11
2038 6 1
2039 31 3
2040 0 35
2041 1 48
2042 0 8
2043 0 43
2044 0 11
2045 54 55
2046 14 53
2047 0 10
2048 9 0
2049 5 54
2050 1 45
2051 45 2
2052 5 1
2053 16 51
2054 1 12
2055 6 55
2056 9 55
2057 2 14
2058 46 0
2059 4 55
2060 18 0
2061 1 29
2062 2 50
2063 17 55
2064 20 0
2065 28 52
2066 5 0
2067 2 21
2068 0 54
2069 27 52
2070 25 0
2071 3 55
2072 29 55
2073 0 12
2074 33 52
2075 1 11
2076 26 4
2077 3 0
2078 47 0
2079 26 52
2080 21 55
2081 10 0
2082 14 0
2083 2 9
2084 6 5
2085 52 0
2086 1 40
2087 4 2
2088 1 0
2089 0 9
2090 0 37
2091 7 55
2092 1 47
2093 25 4
2094 12 52
2095 12 1
2096 3 1
2097 0 28
2098 0 55
2099 1 21
2100 32 55
2101 0 19
2102 4 0
2103 1 32
2104 35 0
2105 34 55
2106 0 45
2107 0 48
2108 13 0
2109 2 19
2110 0 40
2111 28 55
2112 0 32
2113 0 49
2114 0 47
2115 16 0
2116 4 3
2117 1 17
2118 28 0
2119 39 53
2120 1 53
2121 1 8
2122 1 14
2123 0 52
2124 18 2
2125 21 0
2126 2 2
2127 11 1
2128 25 52
2129 30 3
2130 6 2
2131 23 1
2132 0 34
2133 50 0
2134 1 2
2135 9 0
2136 0 10
2137 8 2
2138 22 55
2139 5 2
2140 0 24
2141 0 50
2142 6 55
2143 3 3
2144 27 55
2145 39 55
2146 32 0
2147 2 1
2148 0 44
2149 0 25
2150 2 49
2151 31 0
2152 31 55
2153 1 13
2154 37 0
2155 17 2
2156 1 54
2157 6 0
2158 0 45
2159 1 43
2160 0 0
2161 2 55
2162 2 11
2163 24 0
2164 8 55
2165 34 0
2166 11 55
2167 20 55
2168 5 55
2169 0 48
2170 0 41
2171 3 0
2172 1 16
2173 2 3
2174 24 55
2175 4 2
2176 30 55
2177 0 27
2178 1 17
2179 38 55
2180 0 42
2181 49 0
2182 1 20
2183 2 51
2184 10 55
2185 2 0
2186 0 41
2187 2 18
2188 0 36
2189 1 11
2190 9 53
2191 0 21
2192 0 2
2193 0 24
2194 22 54
2195 1 50
2196 0 22
2197 37 55
2198 8 0
2199 0 54
2200 2 53
2201 1 35
2202 25 0
2203 11 52
2204 36 55
2205 0 25
2206 10 52
2207 3 55
2208 0 42
2209 0 47
2210 14 55
2211 11 0
2212 46 0
2213 5 0
2214 33 0
2215 1 14
2216 20 0
2217 1 16
2218 26 55
2219 19 55
2220 2 10
2221 38 53
2222 6 1
2223 3 3
2224 0 13
2225 1 21
2226 32 52
2227 2 17
2228 2 55
2229 29 3
2230 34 0
2231 7 0
2232 31 52
2233 55 0
2234 2 9
2235 24 4
2236 2 14
2237 0 44
2238 8 53
2239 0 41
2240 27 55
2241 55 55
2242 2 3
2243 7 2
2244 4 0
2245 33 55
2246 22 55
2247 4 52
2248 24 52
2249 5 0
2250 36 0
2251 4 54
2252 7 55
2253 33 0
2254 8 55
2255 0 1
2256 0 46
2257 40 0
2258 1 20
2259 1 28
2260 26 55
2261 27 0
2262 0 26
2263 7 3
2264 0 17
2265 1 54
2266 0 8
2267 43 0
2268 0 37
2269 1 9
2270 1 12
2271 7 53
2272 3 52
2273 34 0
2274 23 0
2275 22 0
2276 1 0
2277 54 0
2278 1 14
2279 2 48
2280 44 2
2281 0 43
2282 15 0
2283 0 54
2284 1 53
2285 1 7
2286 1 42
2287 23 52
2288 24 54
2289 0 21
2290 2 42
2291 1 55
2292 0 18
2293 1 36
2294 2 14
2295 0 7
2296 54 55
2297 0 27
2298 39 0
2299 41 55
2300 3 53
2301 43 2
2302 0 51
2303 0 16
2304 0 3
2305 2 18
2306 1 29
2307 0 14
2308 13 55
2309 13 53
2310 0 23
2311 0 20
2312 0 0
2313 2 17
2314 2 9
2315 1 41
2316 0 8
2317 55 55
2318 24 55
2319 16 2
2320 37 53
2321 23 4
2322 0 1
2323 2 52
2324 1 15
2325 0 4
2326 1 44
2327 2 5
2328 1 48
2329 42 2
2330 12 55
2331 1 35
2332 23 0
2333 6 3
2334 32 55
2335 2 43
2336 22 0
2337 0 29
2338 54 55
2339 2 6
2340 2 42
2341 0 22
2342 1 36
2343 4 55
2344 16 0
2345 8 0
2346 0 55
2347 55 0
2348 1 5
2349 3 6
2350 12 53
2351 1 45
2352 28 0
2353 1 31
2354 0 47
2355 0 9
2356 6 53
2357 27 55
2358 25 55
2359 1 3
2360 0 30
2361 16 55
2362 42 0
2363 2 50
2364 2 8
2365 15 51
2366 2 5
2367 45 0
2368 24 0
2369 5 53
2370 4 54
2371 9 52
2372 44 0
2373 42 53
2374 41 0
2375 0 0
2376 28 3
2377 1 35
2378 1 49
2379 0 33
2380 0 34
2381 3 52
2382 27 3
2383 33 0
2384 12 3
2385 10 54
2386 0 19
2387 22 52
2388 0 54
2389 33 55
2390 0 33
2391 0 5
2392 11 3
2393 36 53
2394 40 55
2395 42 0
2396 0 46
2397 54 0
2398 0 39
2399 4 0
2400 2 13
2401 55 0
2402 41 53
2403 18 1
2404 22 4
2405 3 51
2406 3 54
2407 24 55
2408 5 5
2409 1 28
2410 41 0
2411 4 55
2412 43 0
2413 55 55
2414 0 50
2415 0 17
2416 14 0
2417 0 24
2418 11 55
2419 0 26
2420 0 35
2421 0 20
2422 0 7
2423 0 42
2424 5 55
2425 35 55
2426 2 43
2427 41 2
2428 17 0
2429 1 1
2430 1 48
2431 21 4
2432 1 24
2433 1 5
2434 15 2
2435 1 43
2436 1 18
2437 29 55
2438 0 53
2439 1 7
2440 2 49
2441 0 16
2442 0 28
2443 6 0
2444 3 53
2445 1 11
2446 0 4
2447 10 3
2448 1 28
2449 2 50
2450 1 35
2451 34 0
2452 40 0
2453 9 54
2454 0 47
2455 14 51
2456 1 32
2457 20 4
2458 21 55
2459 9 3
2460 7 55
2461 35 53
2462 2 5
2463 22 1
2464 36 55
2465 2 49
2466 2 43
2467 0 12
2468 10 55
2469 23 55
2470 0 19
2471 0 5
2472 14 2
2473 3 2
2474 8 3
2475 26 55
2476 40 2
2477 0 55
2478 4 55
2479 0 46
2480 3 50
2481 2 32
2482 22 0
2483 0 7
2484 0 49
2485 1 43
2486 8 54
2487 2 54
2488 2 0
2489 2 11
2490 2 43
2491 26 3
2492 13 0
2493 2 15
2494 1 52
2495 1 14
2496 3 1
2497 1 10
2498 0 1
2499 6 55
2500 5 3
2501 9 0
2502 1 6
2503 7 3
2504 0 8
2505 8 52
2506 34 53
2507 1 51
2508 0 32
2509 3 17
2510 0 52
2511 11 1
2512 25 0
2513 13 2
2514 0 36
2515 0 7
2516 25 3
2517 42 0
2518 0 8
2519 2 17
2520 41 0
2521 7 55
2522 30 52
2523 1 4
2524 54 55
2525 11 53
2526 3 7
2527 33 53
2528 54 0
2529 13 51
2530 3 51
2531 2 2
2532 0 28
2533 12 0
2534 8 0
2535 21 52
2536 43 0
2537 24 0
2538 0 7
2539 3 6
2540 16 0
2541 1 0
2542 4 3
2543 18 0
2544 1 40
2545 0 25
2546 15 55
2547 0 29
2548 0 54
2549 1 8
2550 21 54
2551 1 43
2552 4 5
2553 0 3
2554 3 50
2555 25 0
2556 13 0
2557 2 0
2558 2 3
2559 0 41
2560 6 1
2561 3 51
2562 33 0
2563 0 47
2564 7 0
2565 0 50
2566 2 2
2567 0 46
2568 18 55
2569 0 48
2570 19 4
2571 3 50
2572 6 55
2573 2 8
2574 3 17
2575 27 0
2576 7 52
2577 0 10
2578 0 55
2579 11 0
2580 25 55
2581 1 0
2582 5 52
2583 0 18
2584 20 52
2585 0 45
2586 55 55
2587 1 10
2588 1 30
2589 39 2
2590 0 0
2591 34 0
2592 0 19
2593 19 52
2594 3 3
2595 24 3
2596 0 53
2597 3 4
2598 1 23
2599 0 1
2600 1 17
2601 1 18
2602 51 0
2603 0 30
2604 18 1
2605 3 11
2606 1 17
2607 9 55
2608 12 2
2609 41 1
2610 2 55
2611 1 11
2612 2 3
2613 11 2
2614 0 8
2615 1 10
2616 1 34
2617 22 55
2618 12 51
2619 10 55
2620 24 55
2621 20 54
2622 0 0
2623 54 55
2624 4 52
2625 55 55
2626 0 52
2627 0 18
2628 42 0
2629 2 31
2630 2 7
2631 0 33
2632 1 46
2633 4 51
2634 10 2
2635 1 2
2636 1 55
2637 55 0
2638 9 2
2639 33 0
2640 3 55
2641 0 6
2642 1 8
2643 14 55
2644 39 55
2645 0 24
2646 0 20
2647 2 2
2648 32 53
2649 30 0
2650 44 55
2651 0 4
2652 32 0
2653 8 55
2654 0 31
2655 28 55
2656 48 0
2657 2 50
2658 3 52
2659 1 47
2660 33 0
2661 18 0
2662 2 16
2663 1 4
2664 0 27
2665 23 0
2666 21 55
2667 5 1
2668 22 55
2669 1 5
2670 1 35
2671 27 55
2672 0 47
2673 13 55
2674 0 7
2675 11 51
2676 0 10
2677 0 1
2678 20 55
2679 38 0
2680 5 2
2681 5 5
2682 4 50
2683 2 3
2684 0 15
2685 43 55
2686 0 54
2687 0 42
2688 8 54
2689 6 52
2690 31 53
2691 15 0
2692 0 55
2693 0 30
2694 29 0
2695 35 0
2696 1 20
2697 47 0
2698 0 41
2699 50 0
2700 0 25
2701 1 29
2702 0 21
2703 4 55
2704 2 6
2705 17 0
2706 0 4
2707 13 1
2708 2 12
2709 32 0
2710 54 55
2711 6 3
2712 40 1
2713 5 52
2714 31 0
2715 0 43
2716 0 37
2717 23 3
2718 22 3
2719 4 5
2720 40 0
2721 1 49
2722 0 24
2723 2 8
2724 29 52
2725 3 55
2726 18 52
2727 29 1
2728 17 55
2729 0 35
2730 2 2
2731 46 0
2732 30 0
2733 1 22
2734 1 46
2735 0 8
2736 0 31
2737 3 0
2738 2 13
2739 0 48
2740 6 4
2741 2 53
2742 40 53
2743 0 0
2744 42 55
2745 22 54
2746 49 0
2747 0 13
2748 37 0
2749 0 12
2750 1 35
2751 0 9
2752 38 0
2753 0 30
2754 1 8
2755 5 55
2756 1 11
2757 5 51
2758 1 43
2759 2 49
2760 1 6
2761 5 52
2762 1 28
2763 0 23
2764 13 0
2765 3 50
2766 31 0
2767 0 29
2768 0 26
2769 10 51
2770 15 1
2771 0 38
2772 9 51
2773 0 42
2774 16 0
2775 21 3
2776 10 53
2777 6 0
2778 2 5
2779 1 19
2780 0 39
2781 1 54
2782 14 1
2783 37 0
2784 0 25
2785 28 52
2786 0 38
2787 1 1
2788 9 53
2789 6 55
2790 10 53
2791 0 39
2792 1 47
2793 0 30
2794 55 55
2795 1 41
2796 0 5
2797 22 0
2798 0 44
2799 20 3
2800 2 22
2801 23 0
2802 0 32
2803 3 3
2804 1 22
2805 20 2
2806 2 7
2807 8 55
2808 0 45
2809 2 15
2810 30 53
2811 4 4
2812 1 2
2813 19 0
2814 0 35
2815 14 2
2816 2 16
2817 30 0
2818 38 0
2819 0 10
2820 2 52
2821 31 0
2822 38 55
2823 2 1
2824 0 29
2825 54 0
2826 0 54
2827 37 0
2828 3 2
2829 3 10
2830 10 0
2831 8 54
2832 12 0
2833 1 46
2834 0 17
2835 19 2
2836 0 14
2837 0 6
2838 2 48
2839 2 49
2840 5 1
2841 1 49
2842 1 55
2843 30 0
2844 3 52
2845 5 55
2846 25 1
2847 54 55
2848 0 47
2849 2 11
2850 3 4
2851 7 0
2852 0 4
2853 5 4
2854 12 55
2855 29 53
2856 4 2
2857 6 55
2858 22 55
2859 1 6
2860 26 0
2861 24 1
2862 0 20
2863 0 21
2864 17 52
2865 1 14
2866 1 44
2867 1 40
2868 3 13
2869 13 55
2870 35 55
2871 1 13
2872 0 20
2873 19 55
2874 8 55
2875 2 46
2876 27 52
2877 1 16
2878 1 53
2879 0 34
2880 4 55
2881 1 18
2882 0 48
2883 0 18
2884 2 49
2885 1 41
2886 18 0
2887 1 43
2888 2 15
2889 22 0
2890 20 55
2891 0 22
2892 2 17
2893 39 53
2894 2 55
2895 1 21
2896 3 3
2897 43 0
2898 2 52
2899 13 0
2900 48 0
2901 8 54
2902 25 0
2903 19 55
2904 21 55
2905 22 55
2906 36 55
2907 23 1
2908 2 8
2909 0 9
2910 1 50
2911 1 14
2912 16 55
2913 8 51
2914 38 0
2915 39 55
2916 1 55
2917 0 23
2918 2 7
2919 0 47
2920 0 17
2921 21 0
2922 0 30
2923 23 0
2924 12 0
2925 1 32
2926 3 55
2927 0 6
2928 1 40
2929 8 2
2930 2 0
2931 28 53
2932 3 17
2933 0 19
2934 35 55
2935 55 0
2936 0 2
2937 45 0
2938 18 55
2939 38 2
2940 3 4
2941 3 2
2942 1 2
2943 4 6
2944 6 0
2945 21 55
2946 0 32
2947 0 55
2948 16 52
2949 1 51
2950 13 2
2951 0 8
2952 12 55
2953 3 52
2954 46 0
2955 2 52
2956 3 6
2957 26 0
2958 28 1
2959 0 36
2960 1 34
2961 2 55
2962 26 52
2963 0 16
2964 0 20
2965 45 0
2966 7 2
2967 23 55
2968 1 1
2969 0 49
2970 15 55
2971 9 55
2972 0 28
2973 10 55
2974 0 18
2975 13 0
2976 0 35
2977 34 0
2978 5 3
2979 13 55
2980 0 27
2981 0 33
2982 32 55
2983 15 52
2984 24 0
2985 1 47
2986 14 52
2987 1 5
2988 7 51
2989 0 2
2990 3 0
2991 1 11
2992 1 41
2993 17 55
2994 15 54
2995 3 51
2996 12 0
2997 1 25
2998 0 41
2999 26 55
3000 9 55
3001 47 0
3002 0 48
3003 4 6
3004 28 0
3005 3 48
3006 2 10
3007 1 2
3008 0 17
3009 34 55
3010 0 47
3011 0 2
3012 1 31
3013 1 54
3014 4 1
3015 27 53
3016 1 46
3017 7 0
3018 0 22
3019 0 44
3020 9 53
3021 1 3
3022 31 55
3023 3 55
3024 2 55
3025 3 15
3026 16 55
3027 0 7
3028 38 53
3029 20 55
3030 13 0
3031 37 53
3032 1 53
3033 0 42
3034 30 55
3035 0 45
3036 38 55
3037 6 2
3038 1 18
3039 0 44
3040 5 55
3041 9 52
3042 0 32
3043 3 6
3044 18 4
3045 3 55
3046 7 54
3047 13 52
3048 27 54
3049 54 0
3050 6 0
3051 4 52
3052 7 55
3053 0 11
3054 12 0
3055 2 55
3056 12 2
3057 20 0
3058 0 33
3059 1 32
3060 0 13
3061 14 54
3062 3 50
3063 18 1
3064 4 6
3065 4 3
3066 18 0
3067 4 51
3068 41 55
3069 1 19
3070 41 0
3071 0 5
3072 43 1
3073 1 45
3074 1 11
3075 0 46
3076 12 52
3077 0 23
3078 2 16
3079 0 25
3080 2 2
3081 0 29
3082 2 4
3083 1 22
3084 1 50
3085 5 2
3086 2 14
3087 3 51
3088 1 25
3089 25 52
3090 3 18
3091 44 0
3092 2 45
3093 0 25
3094 4 55
3095 1 8
3096 5 55
3097 4 4
3098 18 1
3099 4 55
3100 55 55
3101 18 0
3102 12 55
3103 1 54
3104 0 10
3105 2 5
3106 2 9
3107 0 45
3108 5 1
3109 0 3
3110 0 38
3111 3 4
3112 1 31
3113 17 4
3114 1 15
3115 1 21
3116 0 19
3117 10 55
3118 0 8
3119 33 0
3120 2 51
3121 0 20
3122 1 3
3123 2 1
3124 3 6
3125 25 55
3126 0 6
3127 31 0
3128 9 0
3129 0 37
3130 4 50
3131 1 27
3132 0 54
3133 0 38
3134 1 7
3135 0 28
3136 1 4
3137 4 1
3138 0 22
3139 3 12
3140 15 55
3141 13 55
3142 37 55
3143 1 0
3144 36 55
3145 2 0
3146 0 31
3147 11 2
3148 3 0
3149 18 1
3150 2 18
3151 8 52
3152 26 1
3153 26 0
3154 1 55
3155 19 55
3156 4 49
3157 6 51
3158 1 49
3159 16 55
3160 26 1
3161 19 3
3162 2 3
3163 2 54
3164 1 44
3165 2 34
3166 22 55
3167 0 0
3168 6 55
3169 0 30
3170 0 4
3171 11 0
3172 0 9
3173 2 21
3174 0 47
3175 0 43
3176 2 8
3177 1 0
3178 0 50
3179 4 15
3180 46 0
3181 2 46
3182 2 0
3183 33 55
3184 0 37
3185 3 18
3186 0 55
3187 4 50
3188 0 41
3189 3 8
3190 1 12
3191 2 48
3192 2 13
3193 1 45
3194 1 51
3195 11 52
3196 1 3
3197 7 52
3198 1 11
3199 1 12
3200 21 55
3201 0 24
3202 0 25
3203 42 1
3204 30 0
3205 0 11
3206 4 4
3207 1 5
3208 2 18
3209 0 0
3210 3 4
3211 8 0
3212 0 27
3213 0 29
3214 47 0
3215 55 0
3216 15 55
3217 0 7
3218 3 11
3219 22 55
3220 31 0
3221 3 48
3222 16 55
3223 3 0
3224 4 8
3225 32 55
3226 4 49
3227 0 30
3228 0 6
3229 0 24
3230 2 3
3231 3 18
3232 4 4
3233 0 16
3234 1 26
3235 3 50
3236 5 51
3237 10 2
3238 0 38
3239 0 40
3240 3 8
3241 1 0
3242 46 0
3243 9 0
3244 40 0
3245 1 11
3246 2 17
3247 30 0
3248 0 53
3249 0 1
3250 19 0
3251 0 14
3252 5 3
3253 2 50
3254 1 55
3255 21 55
3256 40 55
3257 18 3
3258 33 55
3259 2 0
3260 4 51
3261 8 0
3262 43 0
3263 0 7
3264 1 34
3265 2 44
3266 5 2
3267 0 36
3268 0 0
3269 15 0
3270 1 10
3271 3 51
3272 37 0
3273 22 55
3274 1 3
3275 2 49
3276 0 25
3277 54 0
3278 0 45
3279 1 18
3280 45 0
3281 18 55
3282 2 1
3283 1 38
3284 9 0
3285 7 0
3286 0 6
3287 54 55
3288 6 0
3289 14 53
3290 0 18
3291 46 0
3292 0 8
3293 24 55
3294 7 55
3295 1 1
3296 2 47
3297 2 26
3298 45 0
3299 12 55
3300 55 55
3301 2 0
3302 0 23
3303 35 55
3304 27 0
3305 21 55
3306 1 21
3307 7 0
3308 36 0
3309 0 55
3310 0 54
3311 29 55
3312 6 0
3313 16 4
3314 0 5
3315 1 18
3316 0 29
3317 25 1
3318 17 1
3319 2 1
3320 55 0
3321 23 55
3322 0 49
3323 19 55
3324 36 55
3325 0 12
3326 0 13
3327 1 6
3328 0 32
3329 23 0
3330 54 0
3331 4 50
3332 4 49
3333 3 15
3334 17 3
3335 2 55
3336 35 55
3337 9 55
3338 3 47
3339 35 0
3340 55 0
3341 4 48
3342 15 4
3343 0 30
3344 4 49
3345 1 4
3346 1 48
3347 22 0
3348 5 55
3349 2 16
3350 24 52
3351 3 3
3352 0 1
3353 2 17
3354 2 16
3355 2 46
3356 3 2
3357 27 55
3358 3 50
3359 0 33
3360 2 3
3361 0 32
3362 13 53
3363 2 7
3364 3 55
3365 0 18
3366 0 10
3367 0 3
3368 14 0
3369 17 0
3370 2 17
3371 1 46
3372 0 15
3373 11 55
3374 0 4
3375 0 44
3376 8 0
3377 0 33
3378 37 2
3379 3 48
3380 36 53
3381 12 55
3382 26 0
3383 18 55
3384 1 54
3385 1 3
3386 0 22
3387 1 1
3388 1 10
3389 0 45
3390 2 55
3391 10 0
3392 10 55
3393 13 0
3394 2 53
3395 12 53
3396 3 47
3397 5 3
3398 3 51
3399 3 4
3400 0 50
3401 0 54
3402 0 35
3403 36 0
3404 1 4
3405 27 0
3406 2 34
3407 0 49
3408 1 14
3409 14 4
3410 4 3
3411 2 4
3412 1 0
3413 25 0
3414 10 52
3415 0 46
3416 2 45
3417 3 50
3418 54 55
3419 2 1
3420 1 17
3421 55 55
3422 35 53
3423 36 55
3424 0 36
3425 46 0
3426 20 55
3427 16 0
3428 32 55
3429 8 1
3430 35 0
3431 21 55
3432 5 1
3433 4 48
3434 8 55
3435 29 0
3436 2 21
3437 41 1
3438 0 51
3439 4 6
3440 1 44
3441 8 0
3442 2 5
3443 11 53
3444 0 28
3445 27 1
3446 39 55
3447 1 26
3448 5 2
3449 1 55
3450 1 15
3451 0 4
3452 2 17
3453 0 32
3454 41 2
3455 0 7
3456 0 6
3457 1 21
3458 3 55
3459 9 52
3460 0 8
3461 6 52
3462 1 9
3463 2 2
3464 0 23
3465 23 52
3466 0 53
3467 10 54
3468 1 30
3469 0 0
3470 2 12
3471 1 6
3472 0 55
3473 2 0
3474 3 45
3475 0 42
3476 54 55
3477 1 43
3478 12 0
3479 2 47
3480 0 2
3481 2 13
3482 9 2
3483 2 4
3484 15 55
3485 55 55
3486 14 55
3487 15 0
3488 1 45
3489 0 41
3490 2 1
3491 2 12
3492 18 0
3493 27 0
3494 1 1
3495 1 55
3496 0 24
3497 2 46
3498 31 55
3499 0 55
3500 40 2
3501 1 7
3502 21 0
3503 3 5
3504 20 55
3505 2 9
3506 0 44
3507 2 47
3508 36 0
3509 42 0
3510 8 1
3511 2 2
3512 11 52
3513 0 38
3514 17 0
3515 6 55
3516 0 52
3517 0 19
3518 0 17
3519 3 48
3520 27 1
3521 45 0
3522 0 31
3523 1 29
3524 2 7
3525 43 0
3526 2 16
3527 0 6
3528 4 4
3529 0 1
3530 24 0
3531 11 51
3532 1 38
3533 1 34
3534 2 46
3535 1 42
3536 22 55
3537 9 0
3538 10 55
3539 38 55
3540 1 5
3541 2 55
3542 10 54
3543 0 27
3544 20 0
3545 0 25
3546 0 48
3547 10 51
3548 2 18
3549 0 39
3550 1 49
3551 35 0
3552 9 3
3553 5 1
3554 54 0
3555 1 14
3556 0 53
3557 8 52
3558 2 47
3559 4 3
3560 9 55
3561 2 14
3562 0 40
3563 1 37
3564 11 55
3565 0 10
3566 18 0
3567 0 29
3568 5 2
3569 4 8
3570 11 0
3571 5 55
3572 22 52
3573 32 55
3574 27 0
3575 4 4
3576 5 6
3577 2 52
3578 12 55
3579 4 15
3580 3 10
3581 4 48
3582 1 14
3583 8 3
3584 2 53
3585 2 11
3586 1 8
3587 8 51
3588 2 6
3589 0 35
3590 1 16
3591 0 47
3592 0 18
3593 2 48
3594 16 3
3595 23 0
3596 7 3
3597 4 55
3598 2 49
3599 2 46
3600 4 1
3601 3 3
3602 0 37
3603 1 11
3604 20 54
3605 3 44
3606 15 3
3607 0 3
3608 3 15
3609 0 24
3610 3 0
3611 3 6
3612 0 46
3613 0 50
3614 5 55
3615 2 44
3616 0 54
3617 2 14
3618 0 22
3619 1 48
3620 1 33
3621 20 55
3622 1 47
3623 1 39
3624 20 54
3625 2 0
3626 26 0
3627 1 4
3628 2 11
3629 1 11
3630 0 9
3631 0 26
3632 0 5
3633 1 49
3634 17 55
3635 31 55
3636 39 2
3637 39 1
3638 10 53
3639 0 14
3640 2 5
3641 1 3
3642 21 0
3643 0 17
3644 0 34
3645 1 10
3646 3 11
3647 1 11
3648 1 10
3649 2 1
3650 1 20
3651 5 52
3652 24 0
3653 0 4
3654 0 28
3655 1 21
3656 0 45
3657 55 0
3658 5 3
3659 26 55
3660 0 52
3661 2 2
3662 28 0
3663 34 53
3664 8 55
3665 1 25
3666 0 49
3667 4 55
3668 36 2
3669 0 35
3670 1 0
3671 14 0
3672 38 1
3673 1 13
3674 42 0
3675 0 43
3676 4 52
3677 10 50
3678 1 12
3679 28 55
3680 3 9
3681 0 11
3682 3 16
3683 33 53
3684 23 0
3685 0 30
3686 1 18
3687 0 16
3688 1 13
3689 0 17
3690 0 7
3691 0 6
3692 2 50
3693 1 28
3694 0 38
3695 44 0
3696 7 55
3697 39 0
3698 21 55
3699 0 42
3700 0 0
3701 11 55
3702 0 5
3703 0 16
3704 2 7
3705 29 55
3706 12 0
3707 2 11
3708 5 5
3709 0 33
3710 1 20
3711 3 4
3712 0 17
3713 29 0
3714 45 0
3715 4 4
3716 9 53
3717 7 51
3718 1 44
3719 9 50
3720 6 55
3721 35 55
3722 21 52
3723 25 0
3724 0 8
3725 0 16
3726 0 32
3727 8 50
3728 6 51
3729 22 55
3730 34 55
3731 40 0
3732 2 18
3733 3 2
3734 2 4
3735 0 29
3736 39 0
3737 20 0
3738 0 27
3739 0 43
3740 0 17
3741 1 8
3742 1 55
3743 0 21
3744 54 55
3745 1 18
3746 21 55
3747 0 30
3748 3 15
3749 5 2
3750 10 55
3751 4 7
3752 7 50
3753 41 0
3754 0 29
3755 0 16
3756 1 12
3757 44 0
3758 2 39
3759 55 55
3760 32 0
3761 2 43
3762 2 18
3763 1 45
3764 54 0
3765 5 3
3766 5 2
3767 2 13
3768 16 55
3769 42 0
3770 31 0
3771 0 50
3772 7 1
3773 19 54
3774 1 7
3775 0 18
3776 0 8
3777 45 0
3778 15 0
3779 1 6
3780 0 30
3781 32 53
3782 0 41
3783 0 4
3784 1 44
3785 2 8
3786 7 49
3787 14 0
3788 0 15
3789 5 51
3790 3 10
3791 2 9
3792 28 0
3793 2 1
3794 41 0
3795 26 0
3796 29 0
3797 1 17
3798 1 45
3799 5 50
3800 32 55
3801 3 50
3802 1 41
3803 20 55
3804 1 1
3805 0 6
3806 0 10
3807 0 40
3808 3 0
3809 0 26
3810 3 3
3811 3 48
3812 0 12
3813 31 53
3814 1 11
3815 28 0
3816 2 50
3817 0 39
3818 2 38
3819 3 50
3820 7 55
3821 5 49
3822 22 0
3823 0 23
3824 0 41
3825 34 0
3826 20 52
3827 25 55
3828 9 55
3829 1 24
3830 5 3
3831 0 33
3832 3 46
3833 4 2
3834 0 5
3835 0 53
3836 2 8
3837 2 11
3838 0 32
3839 42 0
3840 4 1
3841 0 55
3842 0 34
3843 0 4
3844 13 55
3845 1 12
3846 30 0
3847 2 5
3848 3 11
3849 2 11
3850 0 42
3851 37 55
3852 1 0
3853 2 9
3854 1 4
3855 0 44
3856 2 46
3857 15 55
3858 28 55
3859 0 37
3860 55 0
3861 0 20
3862 4 10
3863 2 7
3864 4 49
3865 2 14
3866 15 0
3867 0 28
3868 3 4
3869 0 35
3870 14 0
3871 6 55
3872 20 1
3873 0 45
3874 15 0
3875 2 2
3876 2 45
3877 3 55
3878 0 3
3879 14 0
3880 7 4
3881 0 0
3882 5 55
3883 1 52
3884 1 0
3885 31 55
3886 44 0
3887 0 54
3888 54 55
3889 0 22
3890 0 55
3891 54 0
3892 25 0
3893 2 55
3894 4 6
3895 8 0
3896 2 50
3897 0 1
3898 41 0
3899 0 24
3900 4 55
3901 1 30
3902 2 19
3903 7 2
3904 20 0
3905 17 0
3906 55 55
3907 1 37
3908 1 55
3909 37 1
3910 16 0
3911 3 55
3912 5 2
3913 19 52
3914 3 9
3915 0 29
3916 1 9
3917 0 4
3918 27 0
3919 30 53
3920 33 0
3921 0 2
3922 28 0
3923 2 10
3924 1 8
3925 0 28
3926 0 34
3927 2 54
3928 16 55
3929 1 3
3930 0 30
3931 38 0
3932 2 13
3933 43 0
3934 0 52
3935 0 7
3936 0 12
3937 18 52
3938 0 19
3939 4 50
3940 3 8
3941 2 53
3942 4 4
3943 15 2
3944 0 16
3945 0 46
3946 37 0
3947 0 45
3948 8 55
3949 0 9
3950 44 0
3951 0 46
3952 1 14
3953 1 30
3954 1 6
3955 31 0
3956 2 4
3957 3 52
3958 4 3
3959 5 0
3960 1 43
3961 12 55
3962 27 55
3963 1 9
3964 1 24
3965 1 42
3966 4 9
3967 5 55
3968 2 18
3969 4 49
3970 0 51
3971 2 54
3972 0 37
3973 2 8
3974 0 3
3975 0 11
3976 0 31
3977 0 5
3978 14 1
3979 1 4
3980 28 55
3981 23 0
3982 1 2
3983 3 1
3984 0 8
3985 4 50
3986 0 55
3987 1 45
3988 1 16
3989 4 49
3990 2 1
3991 0 49
3992 2 15
3993 1 17
3994 0 6
3995 1 21
3996 2 45
3997 27 55
3998 3 9
3999 19 0
4000 0 40
4001 0 32
4002 3 8
4003 2 3
4004 3 51
4005 0 0
4006 4 4
4007 18 0
4008 30 0
4009 3 3
4010 2 19
4011 1 5
4012 4 1
4013 1 54
4014 3 2
4015 6 5
4016 0 48
4017 22 0
4018 2 16
4019 0 49
4020 4 9
4021 2 8
4022 1 48
4023 4 0
4024 31 0
4025 3 47
4026 18 54
4027 0 41
4028 1 18
4029 3 9
4030 0 17
4031 43 0
4032 3 49
4033 15 0
4034 28 55
4035 15 55
4036 2 48
4037 0 14
4038 3 3
4039 36 0
4040 33 55
4041 14 55
4042 4 49
4043 2 52
4044 21 0
4045 3 46
4046 2 0
4047 0 45
4048 7 0
4049 1 0
4050 4 2
4051 1 10
4052 0 7
4053 35 0
4054 1 53
4055 3 49
4056 18 55
4057 0 48
4058 40 0
4059 4 51
4060 1 38
4061 36 55
4062 0 49
4063 4 9
4064 24 55
4065 3 1
4066 1 17
4067 0 8
4068 35 2
4069 0 30
4070 8 0
4071 0 40
4072 20 0
4073 24 0
4074 0 53
4075 0 41
4076 1 9
4077 0 4
4078 27 55
4079 16 0
4080 15 3
4081 37 0
4082 0 47
4083 15 0
4084 2 55
4085 34 0
4086 42 0
4087 5 4
4088 0 24
4089 6 55
4090 6 6
4091 9 55
4092 10 0
4093 2 1
4094 3 1
4095 2 1
4096 4 4
4097 5 4
4098 0 54
4099 17 52
4100 1 51
4101 13 4
4102 0 20
4103 17 55
4104 5 2
4105 0 19
4106 29 53
4107 0 36
4108 16 0
4109 1 7
4110 7 1
4111 0 18
4112 1 47
4113 15 0
4114 0 55
4115 0 15
4116 2 15
4117 14 3
4118 1 30
4119 3 1
4120 0 54
4121 8 55
4122 39 0
4123 1 34
4124 1 55
4125 0 55
4126 4 49
4127 34 2
4128 1 20
4129 41 0
4130 7 3
4131 35 0
4132 0 29
4133 15 3
4134 7 0
4135 2 5
4136 0 9
4137 1 9
4138 0 20
4139 42 0
4140 0 35
4141 16 0
4142 1 54
4143 1 3
4144 54 55
4145 1 22
4146 8 53
4147 0 17
4148 0 22
4149 7 53
4150 3 0
4151 6 5
4152 2 0
4153 4 3
4154 26 55
4155 19 55
4156 28 53
4157 55 55
4158 6 49
4159 3 9
4160 4 0
4161 1 37
4162 6 0
4163 0 51
4164 0 18
4165 14 3
4166 0 27
4167 0 48
4168 9 0
4169 3 4
4170 2 16
4171 2 4
4172 8 1
4173 16 55
4174 33 1
4175 9 55
4176 3 4
4177 1 6
4178 11 55
4179 15 0
4180 27 0
4181 7 0
4182 34 3
4183 0 26
4184 0 28
4185 23 0
4186 5 55
4187 16 0
4188 1 2
4189 1 46
4190 0 10
4191 0 3
4192 17 55
4193 5 1
4194 2 1
4195 54 55
4196 1 22
4197 10 0
4198 1 47
4199 6 6
4200 33 0
4201 35 55
4202 16 55
4203 0 36
4204 0 11
4205 0 52
4206 3 49
4207 0 53
4208 23 55
4209 40 0
4210 2 42
4211 0 16
4212 0 35
4213 33 1
4214 1 19
4215 4 49
4216 0 54
4217 55 55
4218 33 54
4219 2 4
4220 14 0
4221 39 0
4222 16 52
4223 2 6
4224 0 15
4225 1 3
4226 0 55
4227 1 50
4228 3 7
4229 0 2
4230 27 53
4231 30 55
4232 0 1
4233 0 49
4234 0 2
4235 55 0
4236 2 2
4237 0 21
4238 0 4
4239 3 0
4240 21 0
4241 5 2
4242 6 55
4243 0 20
4244 1 26
4245 2 41
4246 2 11
4247 0 48
4248 21 55
4249 0 10
4250 3 47
4251 0 49
4252 4 7
4253 1 42
4254 0 16
4255 29 55
4256 2 55
4257 8 55
4258 3 51
4259 26 0
4260 0 47
4261 0 36
4262 1 48
4263 1 20
4264 4 5
4265 13 55
4266 10 55
4267 6 3
4268 34 0
4269 12 55
4270 12 4
4271 30 0
4272 5 6
4273 3 10
4274 3 55
4275 36 0
4276 12 1
4277 3 3
4278 0 46
4279 3 7
4280 3 49
4281 0 22
4282 6 0
4283 1 43
4284 2 5
4285 0 19
4286 16 1
4287 1 18
4288 2 9
4289 4 3
4290 26 53
4291 1 47
4292 1 5
4293 0 34
4294 54 0
4295 0 47
4296 2 49
4297 2 5
4298 34 55
4299 5 7
4300 2 54
4301 8 0
4302 3 49
4303 54 55
4304 33 3
4305 1 42
4306 21 54
4307 1 53
4308 24 0
4309 2 50
4310 4 10
4311 8 54
4312 1 47
4313 22 55
4314 1 17
4315 8 1
4316 2 48
4317 3 6
4318 8 55
4319 32 1
4320 5 55
4321 25 55
4322 23 0
4323 3 7
4324 24 0
4325 55 0
4326 1 38
4327 9 0
4328 2 4
4329 23 55
4330 1 43
4331 0 27
4332 1 21
4333 2 1
4334 1 52
4335 0 13
4336 4 6
4337 32 3
4338 2 8
4339 5 5
4340 13 0
4341 31 3
4342 3 1
4343 13 55
4344 0 53
4345 1 37
4346 3 10
4347 0 15
4348 26 55
4349 1 38
4350 0 7
4351 11 55
4352 3 9
4353 1 25
4354 7 1
4355 41 0
4356 2 52
4357 11 4
4358 2 15
4359 0 42
4360 20 0
4361 1 11
4362 13 3
4363 3 5
4364 32 54
4365 1 55
4366 28 55
4367 1 20
4368 0 30
4369 0 40
4370 3 6
4371 2 3
4372 0 47
4373 1 26
4374 0 18
4375 21 0
4376 1 50
4377 0 12
4378 5 49
4379 25 53
4380 0 9
4381 12 3
4382 5 0
4383 1 48
4384 42 0
4385 38 0
4386 0 8
4387 4 55
4388 36 1
4389 0 52
4390 1 25
4391 0 38
4392 0 50
4393 0 9
4394 1 34
4395 0 41
4396 4 6
4397 1 8
4398 0 48
4399 8 0
4400 7 55
4401 2 49
4402 3 54
4403 13 3
4404 4 2
4405 32 0
4406 2 0
4407 1 13
4408 2 21
4409 1 2
4410 1 1
4411 4 4
4412 6 5
4413 2 6
4414 0 13
4415 11 1
4416 22 55
4417 0 5
4418 1 14
4419 0 12
4420 35 0
4421 32 55
4422 1 2
4423 1 10
4424 10 55
4425 3 55
4426 23 0
4427 30 3
4428 16 0
4429 9 0
4430 1 53
4431 3 49
4432 2 16
4433 23 55
4434 1 42
4435 2 54
4436 0 13
4437 5 54
4438 2 10
4439 0 49
4440 0 21
4441 0 33
4442 11 0
4443 1 46
4444 0 32
4445 14 0
4446 2 8
4447 0 26
4448 5 2
4449 0 42
4450 31 55
4451 5 48
4452 33 55
4453 9 55
4454 3 54
4455 41 0
4456 13 0
4457 20 0
4458 24 53
4459 11 1
4460 1 6
4461 6 53
4462 0 19
4463 0 20
4464 1 43
4465 1 10
4466 8 0
4467 0 47
4468 2 14
4469 6 52
4470 0 51
4471 12 55
4472 2 49
4473 2 22
4474 2 43
4475 55 55
4476 0 27
4477 11 0
4478 1 7
4479 2 7
4480 30 55
4481 22 0
4482 10 0
4483 6 1
4484 2 9
4485 0 26
4486 0 17
4487 1 52
4488 28 54
4489 0 7
4490 0 33
4491 6 0
4492 25 55
4493 2 4
4494 10 55
4495 1 8
4496 3 45
4497 3 6
4498 5 0
4499 1 1
4500 10 4
4501 4 2
4502 33 0
4503 25 0
4504 36 2
4505 2 18
4506 22 55
4507 12 0
4508 10 1
4509 5 4
4510 0 27
4511 0 35
4512 54 55
4513 7 0
4514 5 52
4515 13 55
4516 1 17
4517 0 48
4518 12 3
4519 3 2
4520 35 2
4521 9 55
4522 0 10
4523 5 1
4524 0 46
4525 34 2
4526 15 55
4527 36 0
4528 35 0
4529 32 0
4530 1 12
4531 29 55
4532 1 44
4533 4 6
4534 1 41
4535 1 11
4536 2 54
4537 3 16
4538 24 55
4539 0 53
4540 0 55
4541 1 54
4542 2 52
4543 20 54
4544 23 0
4545 0 26
4546 10 55
4547 2 16
4548 1 22
4549 15 0
4550 2 34
4551 1 23
4552 3 49
4553 0 39
4554 0 17
4555 1 18
4556 0 49
4557 21 55
4558 1 5
4559 2 49
4560 0 48
4561 0 11
4562 54 0
4563 0 36
4564 1 20
4565 2 10
4566 0 10
4567 3 4
4568 2 20
4569 2 3
4570 9 4
4571 4 3
4572 8 4
4573 1 9
4574 4 52
4575 5 5
4576 11 0
4577 0 22
4578 22 55
4579 2 6
4580 4 48
4581 32 55
4582 3 49
4583 0 9
4584 3 8
4585 15 52
4586 1 4
4587 9 1
4588 1 14
4589 2 25
4590 5 4
4591 2 47
4592 6 6
4593 21 55
4594 37 0
4595 5 55
4596 2 55
4597 2 18
4598 1 40
4599 33 0
4600 1 25
4601 6 2
4602 26 0
4603 14 52
4604 4 47
4605 2 23
4606 1 18
4607 1 8
4608 4 55
4609 1 16
4610 32 0
4611 2 9
4612 0 10
4613 3 0
4614 2 45
4615 0 32
4616 9 0
4617 2 14
4618 4 2
4619 0 1
4620 1 6
4621 1 20
4622 0 41
4623 0 9
4624 23 53
4625 7 4
4626 22 0
4627 3 1
4628 25 0
4629 1 21
4630 40 0
4631 5 55
4632 1 38
4633 30 55
4634 1 5
4635 1 10
4636 34 0
4637 28 55
4638 0 6
4639 18 55
4640 17 0
4641 19 54
4642 0 33
4643 1 11
4644 2 5
4645 16 55
4646 4 0
4647 3 54
4648 2 42
4649 29 0
4650 4 53
4651 0 10
4652 2 2
4653 39 0
4654 1 5
4655 1 53
4656 2 10
4657 1 3
4658 0 2
4659 5 8
4660 0 42
4661 3 6
4662 1 52
4663 13 52
4664 6 1
4665 3 45
4666 4 46
4667 0 1
4668 31 0
4669 0 49
4670 1 54
4671 0 41
4672 20 55
4673 1 42
4674 3 0
4675 3 55
4676 55 55
4677 0 5
4678 0 50
4679 4 47
4680 1 0
4681 32 0
4682 0 51
4683 4 6
4684 0 8
4685 2 55
4686 0 32
4687 54 55
4688 6 5
4689 17 55
4690 5 3
4691 2 18
4692 1 20
4693 22 53
4694 0 18
4695 3 3
4696 3 1
4697 3 7
4698 4 52
4699 3 4
4700 28 0
4701 33 2
4702 4 3
4703 9 1
4704 2 4
4705 2 1
4706 3 3
4707 55 55
4708 0 23
4709 9 0
4710 0 44
4711 2 50
4712 1 12
4713 55 0
4714 0 14
4715 29 3
4716 1 24
4717 14 0
4718 8 55
4719 1 2
4720 0 29
4721 0 54
4722 2 22
4723 2 45
4724 1 43
4725 21 55
4726 1 15
4727 2 48
4728 1 55
4729 0 55
4730 5 5
4731 1 50
4732 2 9
4733 12 0
4734 6 5
4735 3 0
4736 23 55
4737 18 55
4738 24 0
4739 1 7
4740 15 55
4741 0 12
4742 1 5
4743 0 28
4744 0 38
4745 1 9
4746 2 50
4747 7 55
4748 1 42
4749 8 55
4750 2 54
4751 2 8
4752 5 1
4753 33 55
4754 0 29
4755 11 0
4756 0 11
4757 35 0
4758 27 55
4759 4 49
4760 0 47
4761 29 55
4762 0 50
4763 24 55
4764 0 7
4765 1 25
4766 27 0
4767 2 13
4768 2 44
4769 16 55
4770 1 45
4771 54 55
4772 1 37
4773 0 28
4774 32 2
4775 0 46
4776 4 5
4777 2 6
4778 55 55
4779 5 4
4780 30 55
4781 0 43
4782 4 0
4783 21 53
4784 0 48
4785 26 0
4786 2 55
4787 2 2
4788 28 3
4789 0 47
4790 40 0
4791 3 53
4792 7 3
4793 0 45
4794 2 53
4795 0 24
4796 38 0
4797 3 53
4798 3 6
4799 2 21
4800 1 6
4801 0 6
4802 4 8
4803 5 0
4804 0 46
4805 34 0
4806 0 29
4807 0 5
4808 5 52
4809 41 0
4810 54 0
4811 13 0
4812 0 44
4813 14 0
4814 5 2
4815 2 0
4816 54 55
4817 27 3
4818 0 28
4819 0 27
4820 1 39
4821 31 2
4822 4 9
4823 1 46
4824 3 5
4825 3 9
4826 2 7
4827 17 55
4828 1 10
4829 0 54
4830 0 55
4831 1 43
4832 4 53
4833 9 1
4834 1 1
4835 2 46
4836 1 45
4837 0 49
4838 0 7
4839 4 55
4840 2 10
4841 5 55
4842 4 0
4843 0 43
4844 19 55
4845 0 19
4846 0 18
4847 1 3
4848 1 4
4849 35 0
4850 5 51
4851 1 54
4852 23 55
4853 24 55
4854 1 7
4855 6 3
4856 2 54
4857 17 54
4858 0 21
4859 1 0
4860 0 29
4861 3 47
4862 0 54
4863 1 8
4864 0 47
4865 4 5
4866 17 53
4867 0 55
4868 1 16
4869 0 52
4870 10 0
4871 8 1
4872 1 47
4873 0 51
4874 3 5
4875 29 55
4876 3 46
4877 13 0
4878 9 0
4879 8 2
4880 3 55
4881 2 6
4882 6 0
4883 19 0
4884 0 44
4885 55 55
4886 0 45
4887 0 50
4888 0 31
4889 1 19
4890 6 1
4891 18 55
4892 19 55
4893 1 49
4894 1 34
4895 1 29
4896 0 51
4897 1 1
4898 32 55
4899 0 23
4900 0 20
4901 0 30
4902 7 55
4903 31 0
4904 7 2
4905 12 52
4906 2 3
4907 10 0
4908 2 2
4909 2 7
4910 26 3
4911 0 9
4912 1 53
4913 1 45
4914 18 55
4915 0 32
4916 26 55
4917 8 2
4918 23 55
4919 3 44
4920 2 37
4921 2 44
4922 0 3
4923 15 55
4924 7 2
4925 16 53
4926 24 55
4927 0 35
4928 3 48
4929 40 0
4930 17 55
4931 2 4
4932 1 15
4933 4 3
4934 27 0
4935 20 0
4936 0 43
4937 54 55
4938 3 2
4939 1 20
4940 4 9
4941 12 0
4942 8 55
4943 2 55
4944 5 1
4945 1 0
4946 1 9
4947 25 0
4948 55 0
4949 4 50
4950 0 26
4951 1 50
4952 2 8
4953 4 5
4954 1 6
4955 3 3
4956 2 5
4957 15 53
4958 4 47
4959 7 55
4960 0 54
4961 13 0
4962 3 4
4963 3 0
4964 0 46
4965 9 55
4966 34 0
4967 5 54
4968 9 0
4969 4 6
4970 2 11
4971 6 6
4972 2 2
4973 10 55
4974 2 48
4975 1 16
4976 1 2
4977 2 7
4978 11 52
4979 1 40
4980 0 52
4981 2 1
4982 31 55
4983 9 55
4984 3 9
4985 4 5
4986 30 2
4987 54 0
4988 1 37
4989 25 3
4990 3 44
4991 0 4
4992 16 0
4993 2 45
4994 5 0
4995 1 33
4996 0 12
4997 24 3
4998 1 10
4999 4 55
5000 0 45
5001 0 27
5002 2 2
5003 0 42
5004 3 43
5005 55 0
5006 3 55
5007 1 9
5008 28 55
5009 0 49
5010 24 0
5011 0 10
5012 20 55
5013 5 6
5014 2 0
5015 1 34
5016 0 29
5017 2 46
5018 4 49
5019 2 17
5020 0 11
5021 3 10
5022 1 51
5023 37 0
5024 14 55
5025 30 0
5026 5 50
5027 3 7
5028 3 3
5029 0 36
5030 1 19
5031 0 22
5032 3 46
5033 0 26
5034 0 48
5035 19 55
5036 1 28
5037 6 4
5038 0 40
5039 5 47
5040 25 0
5041 33 0
5042 1 15
5043 3 5
5044 3 47
5045 2 53
5046 4 55
5047 4 2
5048 10 0
5049 2 1
5050 8 0
5051 1 39
5052 1 7
5053 0 27
5054 1 12
5055 4 5
5056 2 39
5057 1 10
5058 3 0
5059 26 54
5060 3 55
5061 1 40
5062 0 13
5063 3 5
5064 4 0
5065 1 50
5066 1 44
5067 23 55
5068 0 31
5069 1 21
5070 3 0
5071 0 41
5072 0 46
5073 1 55
5074 55 55
5075 2 37
5076 12 55
5077 29 0
5078 2 4
5079 7 0
5080 23 3
5081 22 3
5082 0 15
5083 19 0
5084 6 2
5085 2 0
5086 18 0
5087 0 14
5088 0 39
5089 0 13
5090 21 0
5091 0 38
5092 20 53
5093 54 55
5094 4 3
5095 36 0
5096 35 0
5097 3 11
5098 19 0
5099 18 0
5100 39 0
5101 3 2
5102 0 2
5103 0 14
5104 0 12
5105 0 55
5106 9 0
5107 4 0
5108 0 44
5109 0 34
5110 1 15
5111 0 8
5112 2 49
5113 22 55
5114 5 51
5115 2 16
5116 0 42
5117 0 10
5118 0 41
5119 0 49
5120 2 21
5121 1 0
5122 1 45
5123 0 7
5124 36 0
5125 1 18
5126 20 0
5127 1 5
5128 2 14
5129 0 51
5130 0 13
5131 2 18
5132 2 45
5133 5 46
5134 2 48
5135 21 3
5136 6 55
5137 26 55
5138 32 0
5139 1 53
5140 0 19
5141 0 42
5142 20 3
5143 7 2
5144 0 32
5145 0 11
5146 1 18
5147 3 49
5148 0 16
5149 2 6
5150 30 0
5151 12 0
5152 0 25
5153 6 0
5154 0 5
5155 4 1
5156 2 2
5157 15 55
5158 1 48
5159 2 28
5160 19 3
5161 0 39
5162 3 53
5163 2 50
5164 33 0
5165 5 2
5166 7 55
5167 1 44
5168 2 0
5169 4 4
5170 1 6
5171 55 55
5172 28 0
5173 1 50
5174 0 3
5175 31 0
5176 2 50
5177 0 24
5178 29 2
5179 3 39
5180 1 20
5181 2 43
5182 2 10
5183 2 22
5184 30 55
5185 1 10
5186 11 55
5187 6 55
5188 0 12
5189 18 1
5190 5 3
5191 24 0
5192 1 1
5193 0 48
5194 1 0
5195 0 50
5196 2 51
5197 27 0
5198 4 54
5199 7 1
5200 4 51
5201 0 31
5202 2 13
5203 35 0
5204 1 4
5205 0 44
5206 0 11
5207 31 55
5208 8 0
5209 23 0
5210 14 53
5211 11 0
5212 28 2
5213 2 11
5214 0 32
5215 0 21
5216 1 52
5217 1 46
5218 17 54
5219 1 50
5220 1 8
5221 6 5
5222 0 52
5223 0 38
5224 4 6
5225 0 18
5226 26 0
5227 2 47
5228 10 52
5229 0 6
5230 19 53
5231 0 41
5232 0 5
5233 0 2
5234 18 55
5235 19 0
5236 2 53
5237 3 45
5238 0 8
5239 54 55
5240 2 1
5241 4 0
5242 0 30
5243 5 55
5244 2 4
5245 1 37
5246 33 1
5247 4 53
5248 2 14
5249 15 0
5250 13 53
5251 7 55
5252 2 17
5253 2 39
5254 1 54
5255 18 3
5256 0 14
5257 12 55
5258 2 49
5259 3 2
5260 5 5
5261 2 45
5262 1 45
5263 1 44
5264 27 2
5265 13 0
5266 4 50
5267 29 55
5268 1 5
5269 1 43
5270 1 42
5271 21 55
5272 0 40
5273 2 20
5274 0 54
5275 1 16
5276 1 4
5277 25 55
5278 3 43
5279 20 55
5280 1 46
5281 2 5
5282 0 12
5283 4 52
5284 2 2
5285 6 3
5286 3 1
5287 1 39
5288 0 23
5289 2 37
5290 2 1
5291 20 0
5292 3 5
5293 19 0
5294 0 13
5295 1 51
5296 1 43
5297 1 20
5298 16 0
5299 2 0
5300 22 0
5301 33 0
5302 0 3
5303 36 0
5304 17 55
5305 1 40
5306 3 17
5307 4 2
5308 3 11
5309 25 0
5310 5 4
5311 3 4
5312 2 39
5313 2 10
5314 24 0
5315 1 15
5316 0 53
5317 1 8
5318 1 36
5319 1 9
5320 38 0
5321 6 5
5322 0 45
5323 2 11
5324 0 46
5325 34 0
5326 33 0
5327 20 0
5328 11 55
5329 1 47
5330 3 53
5331 0 36
5332 9 54
5333 0 14
5334 30 0
5335 26 2
5336 28 55
5337 15 0
5338 1 17
5339 0 39
5340 1 37
5341 1 22
5342 2 52
5343 2 44
5344 6 6
5345 2 15
5346 9 52
5347 9 0
5348 1 32
5349 0 13
5350 24 55
5351 5 0
5352 0 9
5353 5 2
5354 1 55
5355 0 32
5356 1 7
5357 0 38
5358 2 5
5359 2 10
5360 2 37
5361 5 54
5362 22 1
5363 1 2
5364 3 42
5365 1 14
5366 22 0
5367 0 24
5368 25 0
5369 23 0
5370 5 52
5371 26 0
5372 3 16
5373 19 0
5374 0 11
5375 4 2
5376 19 55
5377 1 36
5378 4 5
5379 1 23
5380 11 1
5381 39 0
5382 1 46
5383 16 0
5384 0 49
5385 55 55
5386 0 14
5387 0 2
5388 9 55
5389 1 15
5390 17 1
5391 25 0
5392 0 36
5393 22 0
5394 2 12
5395 1 19
5396 1 32
5397 3 0
5398 9 54
5399 2 42
5400 30 55
5401 1 37
5402 0 43
5403 2 3
5404 7 0
5405 1 12
5406 2 0
5407 0 47
5408 10 55
5409 0 19
5410 6 2
5411 1 28
5412 2 2
5413 0 13
5414 0 26
5415 17 2
5416 2 16
5417 27 55
5418 1 43
5419 18 4
5420 1 11
5421 38 0
5422 3 47
5423 3 50
5424 1 1
5425 15 0
5426 10 0
5427 2 48
5428 1 5
5429 26 55
5430 0 35
5431 0 22
5432 5 6
5433 0 29
5434 0 21
5435 2 9
5436 20 55
5437 4 52
5438 1 0
5439 0 44
5440 2 14
5441 2 38
5442 29 0
5443 0 3
5444 2 5
5445 18 55
5446 0 2
5447 0 4
5448 1 48
5449 0 55
5450 3 6
5451 27 55
5452 28 0
5453 0 51
5454 3 10
5455 2 1
5456 0 14
5457 4 0
5458 2 0
5459 3 0
5460 54 0
5461 1 3
5462 11 55
5463 0 32
5464 5 55
5465 3 11
5466 0 31
5467 18 53
5468 1 4
5469 0 43
5470 0 18
5471 29 55
5472 3 46
5473 1 3
5474 32 0
5475 0 33
5476 0 46
5477 1 5
5478 4 51
5479 1 42
5480 1 53
5481 16 2
5482 0 13
5483 2 13
5484 17 4
5485 0 28
5486 2 39
5487 0 3
5488 3 10
5489 1 33
5490 3 45
5491 8 0
5492 54 55
5493 0 39
5494 0 40
5495 11 2
5496 6 3
5497 0 2
5498 35 0
5499 1 9
5500 25 2
5501 10 55
5502 23 55
5503 0 41
5504 2 3
5505 2 43
5506 0 34
5507 2 44
5508 2 4
5509 11 0
5510 1 14
5511 31 0
5512 0 35
5513 4 3
5514 0 37
5515 5 7
5516 2 9
5517 2 55
5518 0 8
5519 2 7
5520 1 45
5521 0 38
5522 3 55
5523 8 54
5524 16 0
5525 3 8
5526 2 55
5527 5 5
5528 16 4
5529 12 4
5530 3 5
5531 18 0
5532 37 0
5533 0 3
5534 1 47
5535 0 33
5536 1 8
5537 5 4
5538 0 12
5539 38 0
5540 0 19
5541 55 55
5542 0 40
5543 2 11
5544 6 2
5545 4 2
5546 0 18
5547 4 52
5548 27 0
5549 1 11
5550 30 0
5551 4 46
5552 16 54
5553 2 15
5554 3 4
5555 15 4
5556 1 26
5557 4 47
5558 21 55
5559 2 50
5560 24 0
5561 0 47
5562 3 47
5563 1 1
5564 2 4
5565 15 0
5566 17 55
5567 1 35
5568 2 16
5569 6 0
5570 0 30
5571 3 3
5572 0 19
5573 12 53
5574 0 15
5575 4 47
5576 0 17
5577 0 8
5578 20 55
5579 0 53
5580 1 7
5581 2 43
5582 0 9
5583 2 6
5584 1 3
5585 3 54
5586 16 0
5587 24 2
5588 1 54
5589 14 0
5590 0 52
5591 4 0
5592 4 3
5593 5 5
5594 10 0
5595 18 55
5596 11 53
5597 1 51
5598 23 2
5599 1 38
5600 3 47
5601 0 22
5602 2 2
5603 3 13
5604 0 50
5605 0 3
5606 0 39
5607 4 47
5608 1 48
5609 0 14
5610 3 4
5611 3 55
5612 4 10
5613 17 53
5614 0 27
5615 1 53
5616 0 42
5617 0 51
5618 0 40
5619 11 0
5620 1 54
5621 5 54
5622 2 13
5623 3 11
5624 5 4
5625 0 16
5626 2 49
5627 0 54
5628 0 39
5629 10 53
5630 0 21
5631 0 48
5632 9 0
5633 15 0
5634 8 0
5635 0 2
5636 2 7
5637 2 3
5638 0 47
5639 1 22
5640 1 4
5641 26 0
5642 8 53
5643 5 3
5644 0 43
5645 17 55
5646 4 51
5647 1 6
5648 54 55
5649 26 55
5650 5 5
5651 15 54
5652 24 1
5653 22 55
5654 4 3
5655 1 10
5656 0 42
5657 1 23
5658 34 0
5659 14 4
5660 1 37
5661 1 15
5662 1 50
5663 19 55
5664 1 12
5665 4 7
5666 10 2
5667 3 49
5668 2 44
5669 0 50
5670 0 17
5671 16 0
5672 2 48
5673 14 3
5674 0 16
5675 1 11
5676 16 55
5677 1 43
5678 0 3
5679 18 55
5680 33 0
5681 0 45
5682 37 0
5683 5 2
5684 0 49
5685 2 10
5686 1 14
5687 1 22
5688 55 55
5689 13 3
5690 2 51
5691 14 55
5692 15 0
5693 2 15
5694 13 0
5695 2 55
5696 6 55
5697 1 8
5698 0 35
5699 1 23
5700 1 15
5701 1 49
5702 28 55
5703 1 5
5704 2 43
5705 5 0
5706 1 46
5707 0 29
5708 0 11
5709 4 6
5710 29 0
5711 3 12
5712 13 1
5713 0 36
5714 5 53
5715 1 6
5716 1 9
5717 29 55
5718 2 45
5719 9 2
5720 21 0
5721 1 8
5722 4 50
5723 1 44
5724 2 9
5725 1 2
5726 0 44
5727 2 10
5728 0 13
5729 1 9
5730 4 9
5731 0 14
5732 1 1
5733 28 55
5734 22 2
5735 13 0
5736 1 2
5737 0 32
5738 9 0
5739 15 53
5740 1 8
5741 0 31
5742 0 2
5743 25 0
5744 4 1
5745 1 1
5746 0 22
5747 25 55
5748 2 6
5749 15 2
5750 1 18
5751 1 51
5752 4 51
5753 11 53
5754 2 16
5755 4 7
5756 0 32
5757 0 20
5758 0 34
5759 0 45
5760 0 31
5761 7 0
5762 55 0
5763 0 13
5764 2 28
5765 8 0
5766 26 0
5767 9 55
5768 16 54
5769 3 11
5770 1 28
5771 2 7
5772 0 30
5773 9 0
5774 17 55
5775 4 10
5776 0 48
5777 1 47
5778 20 0
5779 0 26
5780 4 9
5781 1 53
5782 0 21
5783 0 33
5784 28 0
5785 1 22
5786 2 47
5787 0 8
5788 3 12
5789 0 49
5790 25 0
5791 1 11
5792 7 53
5793 1 23
5794 0 46
5795 8 2
5796 4 0
5797 1 0
5798 1 25
5799 4 46
5800 17 0
5801 4 53
5802 11 1
5803 1 46
5804 4 4
5805 2 17
5806 0 14
5807 2 0
5808 0 12
5809 0 38
5810 10 0
5811 14 53
5812 1 12
5813 9 0
5814 19 0
5815 11 0
5816 0 44
5817 0 7
5818 0 47
5819 4 2
5820 0 51
5821 2 14
5822 36 0
5823 3 46
5824 0 46
5825 17 1
5826 7 2
5827 3 9
5828 35 0
5829 1 3
5830 13 1
5831 1 16
5832 5 1
5833 4 46
5834 0 22
5835 0 19
5836 3 8
5837 3 17
5838 21 55
5839 10 53
5840 9 1
5841 6 1
5842 5 53
5843 1 55
5844 0 28
5845 6 3
5846 4 10
5847 5 3
5848 14 3
5849 10 0
5850 8 52
5851 3 3
5852 0 3
5853 5 2
5854 1 15
5855 2 3
5856 1 43
5857 1 44
5858 4 9
5859 1 2
5860 1 39
5861 1 0
5862 1 47
5863 2 37
5864 3 3
5865 2 48
5866 26 0
5867 3 0
5868 2 23
5869 2 25
5870 13 55
5871 2 17
5872 0 55
5873 11 0
5874 5 6
5875 5 55
5876 1 46
5877 21 2
5878 0 17
5879 2 3
5880 1 19
5881 24 0
5882 3 4
5883 0 47
5884 0 53
5885 2 13
5886 2 43
5887 15 54
5888 5 0
5889 4 6
5890 3 55
5891 3 7
5892 1 23
5893 0 48
5894 11 4
5895 3 54
5896 0 46
5897 1 5
5898 0 21
5899 0 40
5900 0 23
5901 8 55
5902 1 9
5903 20 2
5904 1 22
5905 7 55
5906 1 11
5907 0 2
5908 0 47
5909 6 53
5910 4 0
5911 1 13
5912 1 18
5913 2 46
5914 2 16
5915 13 0
5916 16 55
5917 16 53
5918 8 0
5919 3 3
5920 0 24
5921 1 25
5922 1 52
5923 2 5
5924 20 55
5925 1 30
5926 4 53
5927 0 41
5928 13 3
5929 3 50
5930 1 23
5931 9 2
5932 3 1
5933 19 55
5934 4 4
5935 0 30
5936 1 40
5937 0 15
5938 5 5
5939 12 55
5940 13 1
5941 0 22
5942 0 3
5943 7 3
5944 16 52
5945 3 10
5946 0 43
5947 27 55
5948 18 0
5949 0 16
5950 4 45
5951 0 39
5952 0 5
5953 6 5
5954 28 55
5955 3 53
5956 3 5
5957 4 52
5958 2 15
5959 0 42
5960 0 44
5961 0 41
5962 29 0
5963 0 38
5964 2 1
5965 11 55
5966 1 17
5967 7 52
5968 2 11
5969 54 0
5970 3 45
5971 14 2
5972 3 13
5973 2 50
5974 2 51
5975 5 6
5976 16 1
5977 0 48
5978 1 8
5979 1 18
5980 0 20
5981 2 0
5982 28 0
5983 7 0
5984 3 44
5985 4 2
5986 3 12
5987 3 48
5988 13 53
5989 4 5
5990 1 50
5991 0 50
5992 5 7
5993 0 52
5994 1 1
5995 2 42
5996 18 55
5997 5 53
5998 23 0
5999 0 11
6000 0 32
6001 4 55
6002 8 0
6003 10 55
6004 12 53
6005 10 4
6006 1 0
6007 3 0
6008 16 2
6009 0 18
6010 19 2
6011 1 20
6012 2 55
6013 2 23
6014 0 12
6015 0 35
6016 2 48
6017 22 0
6018 18 2
6019 15 55
6020 13 0
6021 25 0
6022 0 21
6023 0 54
6024 1 1
6025 5 4
6026 5 3
6027 24 55
6028 1 5
6029 0 55
6030 1 53
6031 3 13
6032 1 16
6033 3 12
6034 1 46
6035 9 53
6036 1 42
6037 6 55
6038 16 1
6039 17 0
6040 2 4
6041 2 6
6042 27 55
6043 2 14
6044 6 52
6045 1 29
6046 10 0
6047 1 11
6048 6 0
6049 17 2
6050 9 55
6051 1 37
6052 14 54
6053 2 15
6054 5 55
6055 14 0
6056 0 4
6057 17 55
6058 0 23
6059 1 54
6060 1 0
6061 2 10
6062 2 12
6063 15 1
6064 2 49
6065 14 55
6066 1 9
6067 0 46
6068 13 2
6069 1 48
6070 13 54
6071 0 53
6072 9 4
6073 4 55
6074 3 1
6075 7 55
6076 15 55
6077 0 3
6078 55 0
6079 4 54
6080 2 45
6081 2 29
6082 3 0
6083 8 4
6084 2 53
6085 2 46
6086 3 8
6087 1 1
6088 2 3
6089 0 17
6090 16 0
6091 3 10
6092 0 2
6093 18 55
6094 0 8
6095 5 55
6096 0 16
6097 1 15
6098 14 55
6099 0 54
6100 12 0
6101 0 11
6102 1 43
6103 8 5
6104 4 55
6105 16 2
6106 3 43
6107 0 43
6108 1 45
6109 3 1
6110 6 4
6111 10 1
6112 0 12
6113 1 44
6114 5 54
6115 17 55
6116 8 2
6117 4 4
6118 1 24
6119 2 11
6120 3 0
6121 1 0
6122 0 45
6123 0 34
6124 1 7
6125 5 53
6126 36 0
6127 1 39
6128 14 1
6129 10 55
6130 3 51
6131 1 11
6132 0 40
6133 2 45
6134 2 14
6135 2 51
6136 6 1
6137 3 53
6138 0 5
6139 1 29
6140 0 4
6141 1 32
6142 5 9
6143 0 13
6144 35 0
6145 2 22
6146 0 5
6147 2 8
6148 3 8
6149 0 20
6150 1 55
6151 54 55
6152 2 52
6153 27 0
6154 36 0
6155 28 0
6156 1 25
6157 3 55
6158 13 55
6159 7 5
6160 1 51
6161 12 3
6162 2 7
6163 2 43
6164 0 25
6165 0 37
6166 0 55
6167 2 1
6168 0 36
6169 1 47
6170 0 41
6171 3 2
6172 1 3
6173 1 49
6174 4 8
6175 4 55
6176 1 2
6177 11 3
6178 0 7
6179 0 2
6180 1 8
6181 17 0
6182 0 31
6183 0 30
6184 21 0
6185 2 46
6186 10 0
6187 0 42
6188 4 51
6189 8 53
6190 5 55
6191 10 3
6192 35 0
6193 3 7
6194 0 31
6195 2 7
6196 3 7
6197 5 0
6198 1 41
6199 3 12
6200 1 6
6201 2 5
6202 2 7
6203 0 39
6204 1 30
6205 36 0
6206 19 0
6207 4 0
6208 7 0
6209 3 5
6210 0 52
6211 54 0
6212 1 12
6213 1 29
6214 3 51
6215 55 55
6216 54 55
6217 5 2
6218 0 3
6219 0 47
6220 55 55
6221 1 46
6222 1 24
6223 8 55
6224 5 6
6225 0 2
6226 3 13
6227 2 53
6228 3 8
6229 2 10
6230 3 6
6231 2 0
6232 3 3
6233 0 44
6234 19 1
6235 1 9
6236 0 12
6237 35 0
6238 4 1
6239 0 49
6240 1 8
6241 3 2
6242 0 30
6243 0 19
6244 24 0
6245 27 0
6246 15 55
6247 1 43
6248 0 35
6249 1 2
6250 0 27
6251 20 0
6252 1 17
6253 0 18
6254 4 0
6255 1 3
6256 3 52
6257 3 50
6258 9 0
6259 16 0
6260 17 0
6261 2 15
6262 55 0
6263 36 0
6264 1 44
6265 26 55
6266 9 3
6267 0 36
6268 1 5
6269 54 55
6270 27 55
6271 5 3
6272 2 51
6273 3 5
6274 2 9
6275 54 0
6276 15 1
6277 1 14
6278 2 48
6279 15 0
6280 12 55
6281 6 5
6282 2 6
6283 18 1
6284 0 3
6285 1 47
6286 15 1
6287 16 0
6288 14 1
6289 2 24
6290 1 13
6291 10 0
6292 1 48
6293 0 44
6294 1 46
6295 1 22
6296 7 6
6297 0 15
6298 2 3
6299 2 44
6300 0 45
6301 7 53
6302 1 55
6303 0 20
6304 4 3
6305 5 2
6306 1 45
6307 1 3
6308 17 0
6309 1 38
6310 8 1
6311 0 11
6312 9 2
6313 18 55
6314 2 55
6315 0 17
6316 1 0
6317 1 24
6318 3 49
6319 5 3
6320 2 10
6321 0 8
6322 19 0
6323 20 0
6324 3 1
6325 15 1
6326 1 28
6327 0 43
6328 7 2
6329 1 7
6330 6 51
6331 1 9
6332 4 6
6333 3 0
6334 7 55
6335 26 0
6336 2 8
6337 0 22
6338 2 7
6339 55 55
6340 2 14
6341 0 7
6342 0 9
6343 0 50
6344 0 49
6345 15 52
6346 0 8
6347 1 47
6348 2 15
6349 5 1
6350 3 4
6351 2 5
6352 0 29
6353 3 54
6354 1 37
6355 2 4
6356 1 46
6357 0 13
6358 4 52
6359 0 50
6360 0 42
6361 0 0
6362 0 24
6363 1 21
6364 0 12
6365 1 51
6366 4 55
6367 17 55
6368 16 0
6369 0 26
6370 5 55
6371 9 0
6372 18 0
6373 4 54
6374 1 7
6375 5 4
6376 10 0
6377 5 0
6378 0 31
6379 2 9
6380 4 55
6381 5 3
6382 35 0
6383 13 55
6384 1 40
6385 26 55
6386 18 55
6387 1 33
6388 12 2
6389 5 51
6390 13 0
6391 0 53
6392 1 48
6393 0 33
6394 1 38
6395 8 0
6396 0 28
6397 14 0
6398 2 5
6399 3 6
6400 21 0
6401 7 3
6402 0 23
6403 5 55
6404 1 25
6405 1 32
6406 0 25
6407 0 48
6408 3 48
6409 0 52
6410 11 2
6411 5 50
6412 1 23
6413 1 41
6414 3 10
6415 0 27
6416 32 0
6417 2 32
6418 1 14
6419 1 26
6420 2 26
6421 1 55
6422 27 0
6423 0 23
6424 3 7
6425 2 51
6426 7 52
6427 23 0
6428 2 47
6429 0 46
6430 0 38
6431 9 3
6432 3 44
6433 34 0
6434 1 47
6435 2 12
6436 5 5
6437 55 0
6438 2 16
6439 10 1
6440 0 7
6441 31 0
6442 4 50
6443 3 6
6444 20 0
6445 0 47
6446 1 0
6447 0 34
6448 1 25
6449 0 33
6450 6 6
6451 9 2
6452 0 35
6453 2 23
6454 3 55
6455 12 55
6456 1 51
6457 18 1
6458 17 55
6459 13 0
6460 2 15
6461 30 0
6462 1 10
6463 1 29
6464 4 5
6465 14 1
6466 11 0
6467 1 37
6468 5 5
6469 2 51
6470 0 16
6471 2 22
6472 3 14
6473 0 15
6474 1 13
6475 0 36
6476 7 2
6477 2 43
6478 0 14
6479 27 55
6480 2 55
6481 0 49
6482 2 11
6483 3 55
6484 9 55
6485 2 41
6486 0 22
6487 1 43
6488 2 45
6489 0 2
6490 0 8
6491 0 40
6492 54 0
6493 4 9
6494 0 29
6495 0 25
6496 22 0
6497 6 52
6498 0 11
6499 0 23
6500 1 12
6501 0 3
6502 1 15
6503 1 1
6504 3 7
6505 2 0
6506 0 44
6507 19 0
6508 11 55
6509 1 32
6510 0 21
6511 1 53
6512 0 5
6513 2 4
6514 1 40
6515 11 53
6516 6 51
6517 5 51
6518 2 6
6519 29 0
6520 9 3
6521 54 55
6522 1 46
6523 0 45
6524 2 12
6525 18 55
6526 15 0
6527 26 0
6528 3 50
6529 1 21
6530 0 10
6531 2 53
6532 0 15
6533 0 19
6534 6 0
6535 10 53
6536 3 52
6537 9 54
6538 4 0
6539 26 55
6540 4 4
6541 2 5
6542 10 52
6543 21 0
6544 1 0
6545 0 39
6546 4 51
6547 14 55
6548 0 44
6549 0 41
6550 3 6
6551 1 52
6552 9 52
6553 1 2
6554 4 48
6555 17 55
6556 1 48
6557 4 8
6558 6 2
6559 55 55
6560 5 51
6561 23 55
6562 1 25
6563 25 55
6564 2 55
6565 26 55
6566 4 1
6567 0 2
6568 2 27
6569 1 29
6570 33 0
6571 0 51
6572 54 55
6573 3 3
6574 0 16
6575 3 49
6576 14 2
6577 2 32
6578 0 21
6579 0 4
6580 0 7
6581 0 50
6582 0 46
6583 1 4
6584 25 55
6585 1 21
6586 2 23
6587 2 11
6588 16 55
6589 2 15
6590 2 16
6591 13 1
6592 1 9
6593 13 55
6594 2 42
6595 16 1
6596 2 14
6597 3 14
6598 0 35
6599 1 53
6600 0 49
6601 11 3
6602 2 0
6603 10 55
6604 0 48
6605 2 49
6606 13 0
6607 3 53
6608 2 14
6609 3 52
6610 0 14
6611 2 26
6612 0 37
6613 5 0
6614 6 1
6615 3 16
6616 3 2
6617 3 53
6618 15 55
6619 22 55
6620 1 35
6621 2 10
6622 8 55
6623 8 2
6624 0 43
6625 3 48
6626 2 16
6627 0 50
6628 0 29
6629 3 55
6630 22 0
6631 0 36
6632 0 42
6633 3 51
6634 55 55
6635 0 47
6636 0 5
6637 1 29
6638 3 7
6639 0 22
6640 2 52
6641 0 55
6642 0 44
6643 1 52
6644 3 6
6645 0 30
6646 2 53
6647 3 14
6648 1 44
6649 2 54
6650 8 52
6651 16 2
6652 2 3
6653 9 4
6654 14 52
6655 21 55
6656 3 0
6657 28 0
6658 1 18
6659 1 46
6660 1 23
6661 1 6
6662 1 17
6663 0 31
6664 0 8
6665 0 21
6666 7 0
6667 0 13
6668 0 14
6669 2 50
6670 3 45
6671 0 46
6672 1 18
6673 2 55
6674 0 29
6675 54 55
6676 0 41
6677 3 7
6678 0 13
6679 1 20
6680 1 17
6681 3 6
6682 2 40
6683 2 1
6684 1 34
6685 2 0
6686 2 53
6687 0 48
6688 0 6
6689 0 24
6690 1 42
6691 20 0
6692 4 0
6693 3 49
6694 0 43
6695 0 5
6696 1 31
6697 4 2
6698 3 1
6699 2 15
6700 23 0
6701 2 42
6702 8 0
6703 0 7
6704 11 55
6705 29 0
6706 0 30
6707 32 0
6708 3 0
6709 7 55
6710 1 42
6711 3 55
6712 3 5
6713 6 55
6714 2 55
6715 3 52
6716 16 1
6717 2 16
6718 0 44
6719 2 1
6720 2 14
6721 2 0
6722 0 25
6723 6 3
6724 3 1
6725 19 0
6726 10 55
6727 3 48
6728 3 51
6729 0 49
6730 3 0
6731 2 4
6732 8 4
6733 0 32
6734 6 53
6735 1 45
6736 7 4
6737 4 7
6738 3 46
6739 8 55
6740 1 22
6741 1 2
6742 5 4
6743 1 14
6744 55 0
6745 0 35
6746 0 2
6747 22 0
6748 3 52
6749 4 8
6750 5 53
6751 0 3
6752 1 50
6753 31 0
6754 13 1
6755 0 23
6756 14 3
6757 3 3
6758 0 33
6759 6 53
6760 2 3
6761 2 5
6762 3 16
6763 16 55
6764 5 3
6765 2 50
6766 9 53
6767 20 0
6768 0 38
6769 2 1
6770 5 5
6771 13 52
6772 4 51
6773 0 20
6774 0 37
6775 6 0
6776 19 0
6777 5 55
6778 1 8
6779 12 0
6780 3 1
6781 0 4
6782 10 3
6783 12 52
6784 25 0
6785 2 34
6786 0 32
6787 0 53
6788 11 52
6789 12 55
6790 32 0
6791 9 54
6792 1 18
6793 1 15
6794 0 17
6795 0 47
6796 1 49
6797 55 55
6798 3 9
6799 0 15
6800 1 5
6801 1 46
6802 2 12
6803 1 34
6804 2 48
6805 1 40
6806 0 5
6807 3 10
6808 2 22
6809 3 5
6810 6 4
6811 5 53
6812 1 4
6813 10 0
6814 1 10
6815 54 0
6816 0 49
6817 2 9
6818 0 4
6819 3 3
6820 5 2
6821 0 18
6822 31 0
6823 20 0
6824 14 0
6825 3 9
6826 13 55
6827 2 33
6828 0 34
6829 1 22
6830 0 35
6831 0 52
6832 5 6
6833 3 11
6834 2 22
6835 3 0
6836 7 55
6837 3 1
6838 1 39
6839 5 5
6840 7 2
6841 3 51
6842 0 16
6843 3 55
6844 19 0
6845 0 46
6846 8 1
6847 1 26
6848 0 5
6849 0 38
6850 15 0
6851 0 12
6852 4 7
6853 2 1
6854 4 3
6855 2 5
6856 8 55
6857 2 3
6858 8 0
6859 2 15
6860 2 4
6861 9 53
6862 1 16
6863 4 9
6864 0 45
6865 9 3
6866 2 31
6867 5 1
6868 0 37
6869 0 40
6870 3 10
6871 16 2
6872 20 0
6873 10 1
6874 2 54
6875 3 2
6876 0 41
6877 1 47
6878 6 2
6879 0 40
6880 0 21
6881 4 4
6882 18 0
6883 5 0
6884 20 55
6885 0 20
6886 5 6
6887 0 42
6888 1 49
6889 55 0
6890 0 50
6891 3 17
6892 2 5
6893 2 53
6894 1 22
6895 2 51
6896 1 55
6897 0 39
6898 14 0
6899 0 4
6900 54 0
6901 2 7
6902 3 4
6903 6 7
6904 0 17
6905 13 2
6906 0 18
6907 0 33
6908 14 4
6909 11 0
6910 0 22
6911 0 23
6912 0 24
6913 0 28
6914 4 4
6915 0 2
6916 2 46
6917 15 55
6918 16 55
6919 1 50
6920 7 0
6921 4 0
6922 3 15
6923 0 51
6924 6 8
6925 12 55
6926 6 55
6927 24 55
6928 1 5
6929 5 55
6930 1 2
6931 0 40
6932 55 0
6933 0 26
6934 2 22
6935 2 17
6936 1 6
6937 13 4
6938 5 5
6939 3 33
6940 7 55
6941 0 53
6942 2 33
6943 0 11
6944 13 0
6945 24 0
6946 0 49
6947 3 4
6948 2 0
6949 2 45
6950 4 3
6951 0 32
6952 1 5
6953 0 16
6954 1 31
6955 3 1
6956 5 7
6957 0 8
6958 1 49
6959 2 15
6960 2 31
6961 5 52
6962 0 22
6963 6 55
6964 7 1
6965 1 21
6966 7 0
6967 1 13
6968 2 50
6969 0 38
6970 5 55
6971 4 6
6972 1 14
6973 0 50
6974 0 46
6975 54 0
6976 0 17
6977 1 12
6978 3 52
6979 14 0
6980 3 0
6981 3 17
6982 5 53
6983 3 11
6984 3 7
6985 3 33
6986 1 24
6987 28 0
6988 30 0
6989 10 52
6990 2 10
6991 22 1
6992 1 44
6993 2 54
6994 1 30
6995 0 29
6996 0 43
6997 54 55
6998 0 49
6999 6 9
7000 9 55
7001 6 55
7002 0 14
7003 1 20
7004 7 52
7005 0 15
7006 2 1
7007 0 42
7008 4 1
7009 12 4
7010 0 18
7011 3 9
7012 0 28
7013 15 2
7014 1 46
7015 2 32
7016 55 55
7017 4 2
7018 1 4
7019 0 7
7020 3 47
7021 2 12
7022 1 17
7023 3 6
7024 4 5
7025 3 3
7026 6 1
7027 4 0
7028 3 0
7029 2 47
7030 2 7
7031 0 24
7032 1 16
7033 3 7
7034 10 51
7035 6 52
7036 3 46
7037 8 53
7038 15 1
7039 3 6
7040 1 12
7041 4 53
7042 5 2
7043 2 12
7044 1 18
7045 3 1
7046 3 43
7047 27 0
7048 3 7
7049 12 2
7050 8 3
7051 6 3
7052 1 13
7053 3 34
7054 1 51
7055 3 6
7056 5 9
7057 0 30
7058 1 7
7059 55 0
7060 0 14
7061 1 47
7062 11 2
7063 6 4
7064 0 17
7065 5 10
7066 6 0
7067 9 1
7068 10 2
7069 0 41
7070 0 19
7071 1 46
7072 2 14
7073 15 55
7074 22 0
7075 2 17
7076 0 36
7077 1 30
7078 0 34
7079 3 0
7080 2 15
7081 29 0
7082 0 29
7083 5 0
7084 54 55
7085 9 0
7086 0 21
7087 2 43
7088 54 0
7089 4 10
7090 8 1
7091 0 8
7092 55 55
7093 0 7
7094 1 9
7095 2 14
7096 6 3
7097 1 34
7098 2 0
7099 0 37
7100 30 0
7101 0 18
7102 3 17
7103 0 44
7104 4 2
7105 0 27
7106 10 0
7107 7 54
7108 2 31
7109 0 34
7110 2 52
7111 0 2
7112 1 8
7113 1 41
7114 1 44
7115 0 22
7116 20 1
7117 2 4
7118 54 55
7119 2 48
7120 4 1
7121 14 55
7122 3 50
7123 5 55
7124 19 55
7125 13 0
7126 9 0
7127 3 52
7128 0 21
7129 5 5
7130 0 8
7131 2 17
7132 4 0
7133 6 0
7134 15 55
7135 9 2
7136 0 28
7137 4 2
7138 0 19
7139 2 6
7140 0 4
7141 14 55
7142 3 12
7143 15 55
7144 3 5
7145 1 10
7146 0 40
7147 2 55
7148 0 31
7149 2 11
7150 15 0
7151 3 17
7152 5 2
7153 5 53
7154 7 55
7155 1 52
7156 0 55
7157 4 2
7158 2 9
7159 0 18
7160 0 47
7161 3 45
7162 3 0
7163 0 38
7164 1 29
7165 2 42
7166 4 7
7167 3 13
7168 1 51
7169 2 7
7170 0 26
7171 29 0
7172 3 47
7173 5 2
7174 0 48
7175 2 8
7176 2 30
7177 5 0
7178 2 52
7179 9 51
7180 1 54
7181 2 43
7182 1 26
7183 3 10
7184 2 42
7185 0 7
7186 0 49
7187 1 12
7188 5 6
7189 2 18
7190 3 9
7191 0 43
7192 3 1
7193 1 48
7194 1 53
7195 25 0
7196 4 8
7197 3 12
7198 1 8
7199 6 0
7200 2 49
7201 10 2
7202 11 55
7203 55 0
7204 13 55
7205 2 45
7206 0 16
7207 0 5
7208 4 52
7209 0 8
7210 6 4
7211 1 19
7212 8 51
7213 0 20
7214 13 1
7215 1 15
7216 0 41
7217 0 44
7218 1 50
7219 2 5
7220 12 0
7221 2 43
7222 5 0
7223 3 45
7224 4 1
7225 2 48
7226 0 10
7227 4 0
7228 0 29
7229 1 13
7230 0 48
7231 5 3
7232 1 16
7233 4 2
7234 1 4
7235 1 47
7236 0 7
7237 0 32
7238 1 44
7239 17 0
7240 2 1
7241 16 55
7242 55 55
7243 0 30
7244 3 54
7245 4 47
7246 0 54
7247 30 0
7248 2 3
7249 18 0
7250 5 0
7251 6 51
7252 1 10
7253 0 22
7254 23 55
7255 3 4
7256 11 0
7257 28 0
7258 13 0
7259 17 0
7260 0 8
7261 0 12
7262 2 8
7263 3 53
7264 1 20
7265 5 5
7266 2 9
7267 2 21
7268 1 42
7269 11 1
7270 1 36
7271 18 55
7272 8 50
7273 0 40
7274 20 0
7275 6 0
7276 54 0
7277 1 49
7278 4 10
7279 3 10
7280 2 29
7281 5 51
7282 2 22
7283 23 0
7284 11 54
7285 0 36
7286 3 7
7287 0 15
7288 3 3
7289 2 6
7290 12 55
7291 2 51
7292 1 41
7293 0 17
7294 1 42
7295 1 18
7296 0 14
7297 54 55
7298 55 0
7299 10 55
7300 1 12
7301 2 34
7302 1 9
7303 1 32
7304 1 2
7305 10 0
7306 0 13
7307 3 52
7308 2 15
7309 4 1
7310 0 2
7311 27 0
7312 7 53
7313 2 47
7314 3 9
7315 13 55
7316 2 14
7317 9 55
7318 4 53
7319 1 51
7320 0 42
7321 5 2
7322 1 5
7323 1 1
7324 3 43
7325 1 2
7326 2 45
7327 12 55
7328 22 0
7329 55 55
7330 0 10
7331 0 50
7332 0 55
7333 0 33
7334 0 34
7335 12 0
7336 1 47
7337 1 36
7338 0 19
7339 5 6
7340 0 43
7341 0 42
7342 2 46
7343 3 46
7344 1 15
7345 2 4
7346 2 50
7347 54 55
7348 29 0
7349 1 17
7350 19 55
7351 0 52
7352 2 39
7353 6 2
7354 4 0
7355 5 8
7356 22 55
7357 2 1
7358 7 2
7359 10 54
7360 0 4
7361 4 55
7362 0 17
7363 0 7
7364 2 46
7365 6 53
7366 18 0
7367 30 0
7368 15 55
7369 2 18
7370 1 40
7371 29 0
7372 0 40
7373 5 3
7374 7 0
7375 11 4
7376 0 18
7377 4 9
7378 0 20
7379 6 0
7380 0 25
7381 24 0
7382 25 0
7383 17 0
7384 0 43
7385 6 5
7386 17 55
7387 3 1
7388 0 54
7389 0 24
7390 3 54
7391 11 55
7392 0 55
7393 0 42
7394 2 19
7395 4 52
7396 0 43
7397 0 41
7398 19 0
7399 0 26
7400 3 45
7401 2 52
7402 6 8
7403 4 8
7404 0 54
7405 21 55
7406 1 10
7407 0 37
7408 0 21
7409 2 3
7410 4 53
7411 5 2
7412 2 10
7413 1 9
7414 1 11
7415 1 39
7416 54 0
7417 2 33
7418 24 0
7419 25 0
7420 17 1
7421 0 31
7422 0 5
7423 1 35
7424 6 2
7425 6 3
7426 24 0
7427 3 9
7428 0 45
7429 30 0
7430 8 55
7431 10 4
7432 3 2
7433 4 45
7434 7 0
7435 2 43
7436 0 40
7437 22 55
7438 1 8
7439 5 0
7440 3 11
7441 0 29
7442 0 2
7443 14 55
7444 6 0
7445 0 27
7446 2 28
7447 6 55
7448 0 36
7449 3 12
7450 3 10
7451 55 0
7452 0 46
7453 1 55
7454 9 2
7455 1 20
7456 0 32
7457 8 0
7458 0 14
7459 1 4
7460 0 51
7461 1 29
7462 2 9
7463 2 5
7464 0 12
7465 3 14
7466 0 33
7467 2 13
7468 54 0
7469 0 47
7470 26 0
7471 2 32
7472 2 55
7473 9 54
7474 0 38
7475 4 9
7476 0 20
7477 1 22
7478 2 10
7479 9 4
7480 5 0
7481 3 15
7482 0 42
7483 18 0
7484 5 55
7485 1 54
7486 0 13
7487 0 34
7488 7 0
7489 2 35
7490 55 55
7491 0 43
7492 13 0
7493 0 29
7494 1 20
7495 16 55
7496 0 37
7497 12 0
7498 1 50
7499 2 17
7500 0 15
7501 1 2
7502 21 55
7503 0 38
7504 1 51
7505 21 0
7506 14 0
7507 22 55
7508 0 20
7509 9 0
7510 2 9
7511 1 53
7512 1 7
7513 10 1
7514 2 14
7515 0 14
7516 3 16
7517 23 0
7518 3 45
7519 1 17
7520 2 39
7521 1 5
7522 1 55
7523 3 4
7524 1 50
7525 2 45
7526 0 44
7527 3 43
7528 0 33
7529 6 0
7530 18 55
7531 3 1
7532 1 51
7533 0 19
7534 54 55
7535 7 0
7536 7 55
7537 0 23
7538 19 55
7539 3 50
7540 1 3
7541 1 32
7542 2 32
7543 6 0
7544 3 52
7545 3 46
7546 10 2
7547 21 55
7548 0 55
7549 4 55
7550 0 15
7551 0 26
7552 0 24
7553 2 52
7554 1 44
7555 0 2
7556 1 31
7557 4 52
7558 9 2
7559 2 12
7560 55 0
7561 3 2
7562 1 45
7563 1 9
7564 3 6
7565 9 5
7566 1 38
7567 1 2
7568 5 3
7569 24 0
7570 3 7
7571 6 2
7572 0 48
7573 0 50
7574 10 55
7575 7 2
7576 1 10
7577 0 38
7578 3 55
7579 20 0
7580 7 50
7581 5 53
7582 1 41
7583 2 16
7584 1 13
7585 2 50
7586 3 11
7587 21 0
7588 2 43
7589 0 51
7590 0 13
7591 3 10
7592 1 38
7593 0 44
7594 2 45
7595 2 6
7596 3 12
7597 0 38
7598 2 46
7599 0 31
7600 19 0
7601 0 16
7602 0 45
7603 54 0
7604 13 55
7605 1 9
7606 1 4
7607 5 54
7608 3 16
7609 1 28
7610 15 0
7611 2 11
7612 2 16
7613 3 14
7614 23 0
7615 2 42
7616 6 4
7617 4 2
7618 2 10
7619 0 54
7620 1 44
7621 55 0
7622 0 22
7623 3 45
7624 11 1
7625 0 14
7626 1 31
7627 1 46
7628 0 7
7629 3 8
7630 1 36
7631 1 18
7632 4 55
7633 1 39
7634 4 1
7635 1 22
7636 0 55
7637 2 43
7638 11 55
7639 0 46
7640 0 44
7641 0 30
7642 0 41
7643 3 5
7644 3 55
7645 4 10
7646 0 50
7647 5 1
7648 0 27
7649 0 42
7650 1 21
7651 0 32
7652 0 22
7653 4 6
7654 0 51
7655 0 25
7656 0 24
7657 2 5
7658 15 55
7659 1 8
7660 8 4
7661 0 26
7662 3 3
7663 5 0
7664 8 55
7665 6 2
7666 0 11
7667 2 45
7668 3 4
7669 24 0
7670 1 50
7671 9 53
7672 0 36
7673 1 15
7674 1 7
7675 2 54
7676 0 43
7677 1 24
7678 7 2
7679 0 10
7680 2 47
7681 17 0
7682 1 44
7683 5 2
7684 2 21
7685 3 52
7686 3 45
7687 27 0
7688 4 12
7689 1 45
7690 2 14
7691 0 45
7692 1 17
7693 0 25
7694 0 40
7695 0 17
7696 54 0
7697 0 41
7698 0 26
7699 0 29
7700 1 3
7701 1 34
7702 1 8
7703 1 21
7704 0 34
7705 1 12
7706 55 0
7707 2 6
7708 5 50
7709 7 3
7710 0 23
7711 1 46
7712 1 34
7713 0 37
7714 3 1
7715 0 40
7716 0 30
7717 3 48
7718 0 50
7719 4 51
7720 23 0
7721 2 49
7722 13 54
7723 2 52
7724 0 46
7725 4 55
7726 13 55
7727 8 53
7728 1 48
7729 0 2
7730 0 21
7731 1 42
7732 22 55
7733 1 1
7734 7 0
7735 4 5
7736 0 33
7737 2 45
7738 3 12
7739 2 5
7740 7 53
7741 2 36
7742 10 1
7743 3 13
7744 0 8
7745 0 48
7746 1 9
7747 3 43
7748 7 55
7749 0 18
7750 1 25
7751 8 3
7752 4 0
7753 0 27
7754 1 29
7755 0 11
7756 5 8
7757 0 19
7758 19 1
7759 0 35
7760 1 10
7761 1 36
7762 2 8
7763 54 0
7764 0 20
7765 2 44
7766 1 48
7767 10 55
7768 0 34
7769 2 18
7770 4 6
7771 24 0
7772 2 9
7773 1 4
7774 8 5
7775 0 5
7776 0 44
7777 3 52
7778 0 38
7779 0 16
7780 2 51
7781 29 0
7782 23 0
7783 0 32
7784 4 4
7785 0 54
7786 4 46
7787 2 31
7788 3 4
7789 7 2
7790 5 4
7791 4 5
7792 7 49
7793 2 13
7794 1 33
7795 8 0
7796 0 10
7797 11 1
7798 4 11
7799 0 31
7800 21 55
7801 6 49
7802 5 0
7803 1 44
7804 4 0
7805 1 5
7806 16 55
7807 0 11
7808 0 32
7809 0 17
7810 1 18
7811 1 14
7812 18 55
7813 1 31
7814 6 2
7815 6 1
7816 1 8
7817 3 54
7818 0 15
7819 6 0
7820 5 53
7821 1 22
7822 20 55
7823 1 45
7824 1 51
7825 0 29
7826 3 46
7827 4 50
7828 4 6
7829 0 36
7830 1 44
7831 3 5
7832 2 50
7833 0 16
7834 2 52
7835 1 9
7836 0 42
7837 7 52
7838 12 55
7839 4 46
7840 5 55
7841 19 0
7842 1 36
7843 10 0
7844 0 51
7845 0 30
7846 2 14
7847 1 3
7848 0 31
7849 8 54
7850 3 45
7851 3 9
7852 2 17
7853 24 0
7854 1 16
7855 0 16
7856 3 52
7857 6 55
7858 0 18
7859 0 47
7860 1 51
7861 4 53
7862 14 0
7863 1 17
7864 1 15
7865 7 3
7866 3 12
7867 2 15
7868 4 49
7869 8 55
7870 2 53
7871 0 25
7872 1 53
7873 16 0
7874 5 0
7875 2 51
7876 6 52
7877 3 55
7878 0 32
7879 2 18
7880 4 3
7881 2 43
7882 7 0
7883 3 13
7884 0 28
7885 4 54
7886 2 55
7887 1 34
7888 0 41
7889 0 35
7890 4 9
7891 1 40
7892 2 42
7893 3 54
7894 11 2
7895 0 34
7896 12 1
7897 3 10
7898 1 10
7899 8 0
7900 6 0
7901 1 15
7902 10 54
7903 0 13
7904 2 45
7905 21 55
7906 0 26
7907 5 7
7908 7 5
7909 0 7
7910 0 12
7911 8 1
7912 0 27
7913 6 3
7914 7 3
7915 55 55
7916 4 8
7917 0 40
7918 1 11
7919 0 35
7920 0 11
7921 2 33
7922 6 7
7923 1 51
7924 2 49
7925 1 37
7926 2 19
7927 4 2
7928 4 12
7929 9 0
7930 4 10
7931 18 0
7932 0 14
7933 2 18
7934 0 13
7935 0 28
7936 13 0
7937 1 4
7938 1 13
7939 3 47
7940 0 15
7941 1 12
7942 1 36
7943 3 48
7944 1 19
7945 5 0
7946 10 0
7947 2 29
7948 0 48
7949 20 55
7950 1 20
7951 12 0
7952 11 1
7953 2 13
7954 5 2
7955 9 3
7956 3 10
7957 30 0
7958 1 19
7959 4 55
7960 1 3
7961 1 4
7962 0 12
7963 2 31
7964 2 8
7965 2 7
7966 0 16
7967 4 9
7968 1 3
7969 3 3
7970 1 12
7971 2 9
7972 3 4
7973 2 41
7974 4 1
7975 1 28
7976 9 0
7977 3 2
7978 10 1
7979 0 45
7980 6 2
7981 1 9
7982 3 41
7983 1 10
7984 1 50
7985 0 44
7986 6 3
7987 10 55
7988 11 0
7989 0 46
7990 14 0
7991 2 6
7992 0 55
7993 1 21
7994 4 5
7995 21 55
7996 1 54
7997 8 0
7998 2 8
7999 1 47
8000 4 0
8001 0 12
8002 4 8
8003 1 31
8004 0 33
8005 0 45
8006 1 37
8007 0 51
8008 1 48
8009 10 54
8010 1 42
8011 15 55
8012 2 12
8013 2 17
8014 2 3
8015 5 51
8016 1 8
8017 8 3
8018 2 19
8019 0 3
8020 9 55
8021 26 0
8022 11 55
8023 0 17
8024 2 32
8025 16 1
8026 3 7
8027 3 14
8028 0 25
8029 0 42
8030 27 0
8031 5 7
8032 4 50
8033 54 55
8034 1 42
8035 0 42
8036 0 50
8037 10 2
8038 3 1
8039 5 1
8040 1 43
8041 0 5
8042 5 55
8043 2 10
8044 1 19
8045 1 13
8046 5 2
8047 9 2
8048 2 33
8049 2 30
8050 7 1
8051 13 0
8052 3 46
8053 6 4
8054 3 2
8055 0 1
8056 2 9
8057 0 41
8058 2 8
8059 0 48
8060 2 32
8061 8 55
8062 2 41
8063 7 3
8064 5 1
8065 2 16
8066 3 6
8067 7 0
8068 20 0
8069 0 54
8070 1 51
8071 0 29
8072 4 55
8073 1 55
8074 4 48
8075 0 30
8076 2 53
8077 3 18
8078 1 7
8079 1 22
8080 55 0
8081 2 48
8082 5 6
8083 1 18
8084 8 2
8085 0 22
8086 2 13
8087 0 14
8088 0 55
8089 3 1
8090 0 31
8091 17 55
8092 1 5
8093 4 2
8094 1 54
8095 9 2
8096 0 8
8097 0 18
8098 0 42
8099 29 0
8100 0 54
8101 1 50
8102 0 32
8103 2 9
8104 0 23
8105 8 3
8106 1 39
8107 1 53
8108 12 55
8109 2 44
8110 6 3
8111 0 2
8112 5 2
8113 1 41
8114 14 55
8115 2 50
8116 0 17
8117 3 2
8118 1 19
8119 30 0
8120 0 26
8121 5 55
8122 0 15
8123 0 28
8124 0 1
8125 9 55
8126 2 41
8127 6 1
8128 8 55
8129 21 0
8130 3 11
8131 6 0
8132 1 36
8133 0 43
8134 6 5
8135 7 1
8136 0 29
8137 2 49
8138 26 0
8139 10 0
8140 0 41
8141 0 40
8142 0 10
8143 6 54
8144 1 45
8145 6 6
8146 2 39
8147 6 4
8148 3 50
8149 0 13
8150 0 34
8151 7 54
8152 3 44
8153 0 44
8154 15 55
8155 11 0
8156 2 19
8157 1 8
8158 4 51
8159 1 39
8160 0 50
8161 5 49
8162 3 17
8163 11 55
8164 8 5
8165 1 55
8166 5 1
8167 4 55
8168 2 47
8169 0 21
8170 18 55
8171 1 31
8172 5 51
8173 1 28
8174 2 43
8175 20 0
8176 9 1
8177 2 53
8178 0 8
8179 0 14
8180 7 5
8181 1 16
8182 0 11
8183 3 8
8184 1 8
8185 14 0
8186 3 7
8187 0 8
8188 0 20
8189 1 8
8190 3 48
8191 6 53
8192 12 55
8193 4 50
8194 5 53
8195 2 39
8196 29 0
8197 3 15
8198 1 41
8199 1 33
8200 6 7
8201 4 46
8202 1 17
8203 7 2
8204 4 8
8205 0 55
8206 16 0
8207 5 0
8208 0 2
8209 0 24
8210 0 13
8211 1 54
8212 8 4
8213 55 55
8214 6 8
8215 0 21
8216 4 3
8217 20 55
8218 2 5
8219 2 29
8220 1 53
8221 2 12
8222 1 48
8223 3 50
8224 4 13
8225 2 7
8226 2 41
8227 4 6
8228 2 30
8229 5 55
8230 0 5
8231 4 1
8232 0 20
8233 0 54
8234 2 50
8235 0 17
8236 11 55
8237 8 3
8238 1 39
8239 27 0
8240 0 30
8241 4 0
8242 1 55
8243 8 4
8244 16 1
8245 3 46
8246 5 0
8247 0 1
8248 0 55
8249 23 0
8250 1 54
8251 1 14
8252 4 53
8253 0 41
8254 4 44
8255 2 15
8256 2 13
8257 5 53
8258 1 1
8259 5 3
8260 13 0
8261 3 14
8262 1 40
8263 4 48
8264 16 0
8265 2 16
8266 9 55
8267 15 0
8268 0 54
8269 6 7
8270 0 22
8271 4 2
8272 22 0
8273 2 53
8274 3 48
8275 1 6
8276 1 39
8277 1 55
8278 0 51
8279 0 10
8280 0 43
8281 1 18
8282 8 3
8283 0 46
8284 5 1
8285 3 6
8286 6 8
8287 23 0
8288 4 50
8289 5 7
8290 3 50
8291 1 12
8292 30 0
8293 0 12
8294 0 19
8295 3 15
8296 1 34
8297 4 48
8298 26 0
8299 6 9
8300 0 55
8301 0 44
8302 2 45
8303 0 28
8304 7 55
8305 0 14
8306 0 40
8307 6 49
8308 7 54
8309 1 11
8310 0 16
8311 1 28
8312 2 29
8313 2 33
8314 14 55
8315 1 50
8316 21 55
8317 1 41
8318 2 48
8319 3 5
8320 0 13
8321 4 1
8322 2 32
8323 0 4
8324 4 51
8325 1 12
8326 1 54
8327 13 55
8328 5 49
8329 1 33
8330 0 37
8331 0 48
8332 54 55
8333 12 55
8334 4 53
8335 5 1
8336 9 2
8337 2 41
8338 3 14
8339 5 6
8340 1 11
8341 7 6
8342 5 9
8343 2 52
8344 1 24
8345 3 9
8346 14 55
8347 3 49
8348 1 30
8349 3 50
8350 20 55
8351 1 12
8352 3 49
8353 2 9
8354 3 7
8355 29 0
8356 3 18
8357 3 50
8358 2 4
8359 1 15
8360 0 25
8361 3 8
8362 55 55
8363 2 17
8364 4 1
8365 0 38
8366 5 50
8367 28 0
8368 4 0
8369 4 47
8370 4 48
8371 1 46
8372 4 6
8373 3 55
8374 17 0
8375 7 0
8376 0 1
8377 2 16
8378 5 53
8379 4 9
8380 3 10
8381 10 53
8382 0 2
8383 0 54
8384 0 47
8385 9 0
8386 54 55
8387 29 0
8388 15 55
8389 0 15
8390 1 42
8391 8 0
8392 2 39
8393 6 6
8394 4 4
8395 0 45
8396 4 2
8397 1 15
8398 9 1
8399 6 55
8400 0 29
8401 2 10
8402 2 20
8403 0 20
8404 1 51
8405 4 7
8406 0 6
8407 0 14
8408 5 0
8409 4 5
8410 1 53
8411 0 41
8412 3 44
8413 1 7
8414 0 40
8415 1 48
8416 3 41
8417 0 26
8418 3 17
8419 2 8
8420 25 0
8421 0 18
8422 28 0
8423 1 5
8424 0 7
8425 8 55
8426 0 17
8427 0 23
8428 7 53
8429 1 9
8430 6 0
8431 0 51
8432 3 49
8433 3 10
8434 0 8
8435 0 5
8436 4 47
8437 4 4
8438 0 46
8439 2 9
8440 27 0
8441 0 36
8442 4 48
8443 2 31
8444 5 55
8445 5 49
8446 6 55
8447 2 32
8448 7 0
8449 55 55
8450 54 55
8451 4 53
8452 5 55
8453 1 31
8454 10 0
8455 8 0
8456 9 53
8457 0 30
8458 1 45
8459 0 7
8460 0 31
8461 3 1
8462 1 39
8463 2 55
8464 1 55
8465 21 55
8466 2 46
8467 11 0
8468 2 49
8469 6 53
8470 2 39
8471 0 33
8472 1 47
8473 0 16
8474 2 15
8475 1 51
8476 3 12
8477 1 34
8478 1 18
8479 0 47
8480 0 25
8481 5 50
8482 10 0
8483 0 45
8484 1 6
8485 0 32
8486 2 6
8487 2 11
8488 1 14
8489 1 44
8490 11 0
8491 3 55
8492 0 43
8493 4 5
8494 1 30
8495 7 4
8496 2 16
8497 0 8
8498 4 44
8499 6 52
8500 3 6
8501 5 13
8502 1 45
8503 3 49
8504 0 19
8505 0 1
8506 3 2
8507 6 4
8508 1 38
8509 1 50
8510 5 9
8511 4 0
8512 3 44
8513 5 2
8514 5 49
8515 5 5
8516 2 24
8517 2 31
8518 54 0
8519 0 38
8520 2 49
8521 1 11
8522 0 12
8523 2 11
8524 1 2
8525 0 15
8526 0 26
8527 15 1
8528 15 0
8529 14 55
8530 1 39
8531 1 31
8532 0 25
8533 0 44
8534 4 5
8535 1 20
8536 1 47
8537 0 29
8538 0 42
8539 2 39
8540 10 0
8541 12 0
8542 0 7
8543 1 8
8544 5 50
8545 1 17
8546 4 13
8547 5 0
8548 2 7
8549 0 34
8550 1 33
8551 0 17
8552 2 15
8553 0 41
8554 2 41
8555 0 4
8556 0 43
8557 1 10
8558 0 46
8559 0 45
8560 1 44
8561 5 6
8562 2 51
8563 55 0
8564 0 14
8565 1 24
8566 1 40
8567 0 42
8568 3 41
8569 0 22
8570 4 8
8571 6 55
8572 0 26
8573 0 10
8574 1 12
8575 19 0
8576 1 16
8577 11 55
8578 2 38
8579 1 39
8580 9 55
8581 3 47
8582 0 50
8583 0 11
8584 3 5
8585 17 1
8586 4 0
8587 2 48
8588 1 50
8589 5 55
8590 1 17
8591 5 49
8592 5 13
8593 0 21
8594 5 52
8595 1 14
8596 0 16
8597 0 44
8598 6 5
8599 2 41
8600 0 25
8601 9 2
8602 2 37
8603 0 15
8604 0 22
8605 2 33
8606 0 6
8607 0 37
8608 2 53
8609 2 54
8610 8 53
8611 13 0
8612 2 40
8613 1 53
8614 3 6
8615 4 1
8616 2 5
8617 2 36
8618 2 35
8619 0 16
8620 12 0
8621 1 52
8622 20 55
8623 2 16
8624 3 31
8625 1 49
8626 8 55
8627 1 11
8628 17 0
8629 28 0
8630 5 7
8631 5 1
8632 0 47
8633 3 1
8634 10 1
8635 1 46
8636 11 0
8637 6 55
8638 0 48
8639 21 55
8640 1 21
8641 27 0
8642 54 0
8643 0 8
8644 4 2
8645 0 14
8646 55 0
8647 1 41
8648 4 12
8649 3 3
8650 7 53
8651 5 0
8652 3 30
8653 9 0
8654 2 10
8655 3 46
8656 10 55
8657 0 31
8658 0 43
8659 1 42
8660 0 2
8661 17 1
8662 1 36
8663 0 10
8664 7 0
8665 0 36
8666 1 20
8667 2 9
8668 6 4
8669 0 26
8670 0 18
8671 0 55
8672 3 50
8673 0 9
8674 1 10
8675 0 53
8676 5 55
8677 1 54
8678 0 15
8679 17 55
8680 3 18
8681 2 18
8682 0 40
8683 1 44
8684 2 47
8685 1 6
8686 2 50
8687 1 27
8688 6 52
8689 1 38
8690 6 55
8691 0 16
8692 1 39
8693 7 54
8694 1 55
8695 22 0
8696 0 47
8697 0 42
8698 0 7
8699 1 21
8700 1 30
8701 6 0
8702 1 28
8703 0 12
8704 0 25
8705 3 8
8706 2 15
8707 2 28
8708 4 14
8709 4 6
8710 1 4
8711 1 35
8712 0 1
8713 0 39
8714 0 20
8715 6 1
8716 11 55
8717 4 8
8718 2 4
8719 0 19
8720 5 50
8721 1 23
8722 12 0
8723 6 7
8724 2 54
8725 0 17
8726 14 0
8727 2 52
8728 3 51
8729 0 41
8730 4 0
8731 0 8
8732 0 21
8733 1 37
8734 0 28
8735 1 52
8736 2 41
8737 5 0
8738 11 1
8739 10 55
8740 3 7
8741 2 27
8742 24 0
8743 3 14
8744 2 26
8745 55 55
8746 1 50
8747 3 29
8748 1 13
8749 7 0
8750 5 49
8751 6 5
8752 0 43
8753 20 55
8754 2 19
8755 4 0
8756 1 18
8757 1 11
8758 1 40
8759 1 33
8760 2 53
8761 1 17
8762 0 22
8763 7 53
8764 1 39
8765 0 10
8766 1 15
8767 0 18
8768 0 21
8769 0 38
8770 11 0
8771 5 7
8772 0 23
8773 2 15
8774 4 55
8775 3 43
8776 0 7
8777 2 17
8778 0 27
8779 3 6
8780 2 50
8781 13 55
8782 1 50
8783 2 42
8784 2 20
8785 6 4
8786 1 19
8787 1 5
8788 2 28
8789 10 2
8790 1 42
8791 7 54
8792 2 6
8793 16 55
8794 0 50
8795 3 20
8796 2 11
8797 4 10
8798 2 40
8799 3 9
8800 0 5
8801 8 4
8802 1 17
8803 3 30
8804 1 25
8805 2 17
8806 2 9
8807 0 44
8808 2 37
8809 12 0
8810 7 3
8811 0 0
8812 2 42
8813 0 6
8814 2 20
8815 0 46
8816 3 48
8817 0 15
8818 19 55
8819 3 55
8820 0 37
8821 4 49
8822 1 45
8823 5 49
8824 4 46
8825 5 55
8826 0 25
8827 0 51
8828 2 36
8829 0 48
8830 1 47
8831 1 15
8832 5 52
8833 1 23
8834 6 54
8835 15 0
8836 18 0
8837 0 24
8838 9 2
8839 3 9
8840 3 8
8841 3 4
8842 0 50
8843 12 55
8844 6 9
8845 0 39
8846 0 17
8847 4 6
8848 26 0
8849 0 1
8850 4 55
8851 54 0
8852 2 54
8853 3 29
8854 13 55
8855 1 10
8856 3 46
8857 0 5
8858 5 51
8859 2 23
8860 4 43
8861 4 42
8862 3 12
8863 0 36
8864 55 0
8865 18 55
8866 54 0
8867 2 14
8868 1 22
8869 19 0
8870 4 41
8871 0 13
8872 1 4
8873 14 0
8874 15 0
8875 4 12
8876 2 45
8877 54 55
8878 5 0
8879 0 29
8880 12 55
8881 0 38
8882 21 0
8883 5 10
8884 1 51
8885 0 37
8886 4 46
8887 1 16
8888 3 53
8889 13 0
8890 0 10
8891 1 54
8892 2 9
8893 0 28
8894 0 35
8895 2 52
8896 1 15
8897 22 0
8898 4 8
8899 0 23
8900 5 55
8901 10 0
8902 6 5
8903 2 21
8904 15 55
8905 2 54
8906 4 53
8907 0 33
8908 1 3
8909 9 0
8910 0 54
8911 0 20
8912 2 13
8913 5 52
8914 0 0
8915 2 5
8916 0 45
8917 6 8
8918 2 48
8919 24 1
8920 0 14
8921 25 0
8922 2 16
8923 0 40
8924 0 6
8925 4 1
8926 16 0
8927 8 2
8928 0 51
8929 0 26
8930 0 15
8931 1 11
8932 15 0
8933 26 0
8934 16 0
8935 0 55
8936 6 3
8937 4 0
8938 3 40
8939 10 54
8940 0 42
8941 1 12
8942 11 0
8943 0 22
8944 17 55
8945 4 9
8946 2 40
8947 1 54
8948 5 14
8949 24 0
8950 0 11
8951 6 53
8952 3 46
8953 2 24
8954 1 35
8955 9 1
8956 2 55
8957 1 16
8958 5 11
8959 7 2
8960 3 54
8961 1 24
8962 1 46
8963 4 51
8964 7 4
8965 3 40
8966 0 8
8967 1 17
8968 1 21
8969 5 6
8970 0 12
8971 2 40
8972 1 13
8973 0 24
8974 10 0
8975 55 55
8976 21 0
8977 1 5
8978 4 49
8979 3 8
8980 12 0
8981 3 43
8982 0 19
8983 54 55
8984 18 55
8985 1 23
8986 2 47
8987 7 55
8988 3 55
8989 5 0
8990 2 44
8991 23 0
8992 17 55
8993 2 23
8994 2 17
8995 2 50
8996 25 0
8997 4 43
8998 5 13
8999 1 29
9000 0 36
9001 1 23
9002 3 30
9003 5 51
9004 8 4
9005 0 41
9006 13 0
9007 7 5
9008 0 10
9009 2 21
9010 3 53
9011 10 55
9012 4 53
9013 0 1
9014 1 53
9015 8 55
9016 0 0
9017 1 7
9018 2 7
9019 3 49
9020 0 47
9021 0 5
9022 2 37
9023 1 32
9024 2 48
9025 1 34
9026 26 0
9027 1 5
9028 0 48
9029 1 35
9030 0 17
9031 1 50
9032 6 4
9033 2 10
9034 0 11
9035 3 52
9036 2 5
9037 55 55
9038 2 6
9039 2 12
9040 2 14
9041 5 5
9042 4 5
9043 11 0
9044 3 43
9045 1 10
9046 8 3
9047 1 42
9048 1 15
9049 1 5
9050 8 0
9051 2 25
9052 12 0
9053 5 14
9054 2 41
9055 5 10
9056 0 1
9057 55 0
9058 4 54
9059 9 2
9060 15 0
9061 24 0
9062 0 0
9063 13 0
9064 4 3
9065 2 47
9066 0 20
9067 27 0
9068 1 30
9069 22 0
9070 18 55
9071 2 51
9072 0 46
9073 3 9
9074 4 7
9075 2 9
9076 1 29
9077 1 8
9078 2 7
9079 0 12
9080 0 27
9081 1 6
9082 21 0
9083 4 14
9084 4 8
9085 5 4
9086 54 55
9087 0 16
9088 2 11
9089 6 0
9090 55 55
9091 2 13
9092 1 5
9093 5 0
9094 2 45
9095 23 0
9096 0 1
9097 21 1
9098 2 14
9099 5 7
9100 0 11
9101 17 55
9102 1 44
9103 0 7
9104 2 50
9105 1 12
9106 26 0
9107 2 40
9108 0 18
9109 4 50
9110 25 0
9111 0 53
9112 1 50
9113 6 9
9114 4 53
9115 6 5
9116 0 28
9117 0 21
9118 1 20
9119 0 30
9120 0 17
9121 2 48
9122 0 10
9123 4 6
9124 6 6
9125 2 43
9126 0 47
9127 54 55
9128 0 23
9129 0 13
9130 3 6
9131 7 0
9132 1 31
9133 2 50
9134 5 52
9135 17 0
9136 1 48
9137 1 45
9138 13 55
9139 1 13
9140 0 5
9141 16 0
9142 7 55
9143 4 10
9144 1 34
9145 0 45
9146 1 46
9147 1 32
9148 2 4
9149 26 0
9150 0 44
9151 0 31
9152 9 55
9153 2 10
9154 2 12
9155 2 54
9156 1 12
9157 0 50
9158 18 55
9159 0 25
9160 8 4
9161 1 43
9162 0 14
9163 55 55
9164 9 1
9165 6 0
9166 4 54
9167 1 44
9168 2 32
9169 18 0
9170 6 55
9171 0 35
9172 0 40
9173 3 4
9174 0 44
9175 0 12
9176 5 10
9177 0 54
9178 0 36
9179 17 0
9180 0 20
9181 2 44
9182 1 54
9183 0 41
9184 0 6
9185 4 10
9186 4 6
9187 54 55
9188 5 55
9189 1 35
9190 25 0
9191 0 46
9192 4 53
9193 0 26
9194 0 22
9195 3 6
9196 2 27
9197 3 48
9198 5 1
9199 7 1
9200 0 19
9201 7 2
9202 1 21
9203 24 0
9204 0 15
9205 1 34
9206 2 30
9207 4 15
9208 1 30
9209 23 0
9210 0 30
9211 0 43
9212 21 0
9213 2 8
9214 12 0
9215 17 55
9216 1 16
9217 1 11
9218 3 49
9219 5 51
9220 1 27
9221 3 48
9222 5 10
9223 6 5
9224 3 2
9225 55 55
9226 0 13
9227 3 1
9228 24 0
9229 4 11
9230 0 51
9231 2 52
9232 20 0
9233 0 45
9234 1 37
9235 54 55
9236 0 44
9237 5 54
9238 0 25
9239 4 46
9240 0 35
9241 3 7
9242 2 6
9243 4 10
9244 0 32
9245 54 0
9246 1 50
9247 55 55
9248 1 24
9249 3 53
9250 12 55
9251 0 48
9252 5 10
9253 1 23
9254 0 43
9255 3 46
9256 0 47
9257 5 2
9258 2 7
9259 0 44
9260 0 11
9261 5 52
9262 0 50
9263 2 18
9264 0 48
9265 2 8
9266 1 15
9267 0 40
9268 0 15
9269 18 55
9270 2 41
9271 1 32
9272 1 33
9273 1 14
9274 2 9
9275 0 33
9276 1 12
9277 2 16
9278 55 0
9279 7 1
9280 0 41
9281 1 42
9282 4 10
9283 4 0
9284 1 41
9285 2 5
9286 14 55
9287 5 10
9288 6 8
9289 6 1
9290 54 55
9291 3 15
9292 1 10
9293 0 46
9294 4 1
9295 0 24
9296 3 3
9297 2 7
9298 4 52
9299 5 52
9300 3 1
9301 4 46
9302 3 44
9303 16 0
9304 0 8
9305 19 0
9306 1 47
9307 0 37
9308 1 45
9309 3 51
9310 2 55
9311 6 55
9312 1 49
9313 6 6
9314 0 7
9315 0 21
9316 0 23
9317 1 18
9318 3 8
9319 3 10
9320 3 41
9321 0 8
9322 0 43
9323 3 0
9324 0 22
9325 0 2
9326 1 17
9327 3 47
9328 3 54
9329 1 24
9330 2 17
9331 4 49
9332 1 52
9333 3 46
9334 5 8
9335 1 5
9336 4 8
9337 1 26
9338 5 8
9339 13 0
9340 8 55
9341 2 49
9342 0 23
9343 1 2
9344 4 54
9345 4 0
9346 7 4
9347 0 39
9348 2 44
9349 4 8
9350 9 55
9351 0 16
9352 2 46
9353 0 5
9354 2 45
9355 3 11
9356 1 48
9357 1 3
9358 1 1
9359 4 10
9360 0 29
9361 0 45
9362 0 18
9363 8 1
9364 0 46
9365 1 13
9366 2 41
9367 8 0
9368 4 4
9369 3 46
9370 2 48
9371 1 20
9372 4 2
9373 4 9
9374 3 55
9375 0 24
9376 17 0
9377 0 47
9378 0 9
9379 6 0
9380 3 4
9381 0 34
9382 0 15
9383 1 11
9384 0 36
9385 0 22
9386 0 35
9387 0 28
9388 4 1
9389 2 1
9390 0 42
9391 0 40
9392 1 2
9393 0 16
9394 12 0
9395 5 55
9396 3 9
9397 8 55
9398 20 0
9399 1 7
9400 6 7
9401 2 49
9402 0 45
9403 0 8
9404 1 6
9405 1 25
9406 8 1
9407 2 2
# colocadas=9408 ocupadas=115 mayor=594
