0 0 0
1 0 55
2 55 0
3 55 55
4 54 0
5 0 2
6 0 4
7 0 6
8 0 8
9 1 2
10 0 10
11 0 12
12 0 14
13 0 16
14 0 18
15 0 20
16 0 22
17 0 24
18 0 26
19 0 28
20 0 30
21 0 32
22 0 34
23 1 32
24 0 36
25 0 38
26 0 40
27 0 42
28 0 44
29 0 46
30 0 48
31 0 50
32 0 52
33 2 0
34 1 8
35 1 28
36 0 9
37 2 55
38 4 0
39 0 10
40 4 55
41 5 0
42 6 55
43 7 0
44 8 55
45 9 0
46 55 0
47 10 55
48 0 3
49 11 0
50 12 55
51 13 0
52 14 55
53 12 54
54 15 0
55 16 55
56 6 54
57 1 50
58 17 0
59 11 55
60 18 55
61 1 44
62 13 55
63 1 24
64 0 9
65 0 23
66 19 0
67 0 22
68 0 50
69 0 43
70 20 55
71 15 55
72 21 0
73 22 55
74 1 38
75 54 0
76 1 16
77 20 54
78 0 38
79 23 0
80 54 55
81 0 23
82 24 55
83 25 0
84 26 55
85 0 25
86 0 22
87 14 55
88 0 27
89 27 0
90 28 55
91 0 1
92 25 1
93 29 0
94 13 55
95 30 55
96 31 0
97 32 55
98 0 16
99 0 26
100 1 23
101 9 1
102 33 0
103 34 55
104 0 53
105 35 0
106 36 55
107 37 0
108 0 42
109 1 14
110 21 55
111 0 10
112 8 0
113 0 27
114 12 53
115 6 55
116 13 1
117 37 55
118 39 0
119 1 29
120 11 53
121 39 55
122 2 54
123 0 51
124 4 0
125 9 2
126 6 0
127 41 0
128 41 55
129 43 0
130 43 55
131 45 0
132 45 55
133 0 21
134 47 0
135 33 1
136 14 0
137 16 55
138 0 50
139 47 55
140 49 0
141 49 55
142 41 54
143 0 45
144 45 54
145 0 52
146 12 1
147 55 55
148 51 0
149 51 55
150 36 55
151 0 14
152 52 0
153 53 55
154 21 1
155 6 1
156 51 0
157 49 1
158 1 28
159 55 1
160 55 3
161 1 20
162 55 5
163 1 43
164 37 1
165 16 0
166 0 5
167 0 7
168 0 54
169 12 2
170 32 54
171 6 0
172 19 55
173 10 55
174 37 55
175 50 0
176 55 54
177 26 54
178 0 41
179 18 55
180 51 54
181 0 44
182 41 1
183 0 6
184 0 7
185 0 46
186 22 0
187 18 0
188 22 55
189 1 55
190 11 55
191 0 55
192 0 26
193 14 55
194 2 2
195 0 0
196 6 1
197 3 55
198 48 0
199 25 55
200 1 50
201 1 46
202 1 38
203 1 0
204 0 47
205 4 55
206 9 55
207 33 0
208 13 55
209 46 0
210 0 2
211 0 3
212 0 27
213 55 6
214 25 0
215 19 55
216 46 55
217 0 24
218 0 49
219 0 42
220 10 55
221 0 1
222 45 0
223 0 41
224 20 0
225 7 55
226 6 55
227 0 33
228 46 0
229 2 0
230 31 1
231 1 31
232 40 55
233 52 0
234 33 55
235 41 0
236 0 39
237 0 19
238 0 25
239 0 35
240 20 53
241 49 2
242 41 53
243 0 26
244 0 0
245 48 2
246 0 42
247 1 0
248 21 55
249 1 45
250 0 37
251 23 55
252 21 54
253 0 1
254 1 35
255 0 0
256 0 40
257 1 32
258 36 55
259 47 55
260 6 0
261 24 0
262 3 55
263 8 2
264 18 1
265 10 53
266 38 55
267 11 2
268 31 55
269 38 0
270 55 4
271 55 8
272 0 29
273 1 9
274 7 2
275 54 6
276 0 31
277 32 0
278 0 34
279 2 0
280 1 39
281 41 55
282 9 0
283 12 55
284 1 38
285 33 0
286 0 18
287 55 2
288 21 2
289 1 39
290 36 0
291 24 55
292 30 0
293 6 2
294 14 55
295 30 55
296 14 54
297 35 0
298 18 55
299 26 0
300 20 55
301 13 55
302 40 55
303 1 8
304 50 55
305 0 23
306 2 43
307 1 33
308 47 2
309 1 23
310 1 0
311 49 55
312 22 55
313 1 9
314 50 55
315 0 32
316 0 23
317 19 0
318 0 27
319 24 1
320 0 26
321 0 19
322 45 0
323 36 1
324 0 30
325 1 8
326 45 55
327 40 53
328 21 0
329 1 46
330 13 0
331 34 55
332 0 46
333 0 9
334 32 0
335 0 18
336 1 45
337 1 55
338 12 55
339 55 5
340 33 0
341 39 53
342 32 0
343 9 53
344 34 0
345 0 31
346 47 0
347 1 32
348 4 55
349 2 45
350 36 54
351 10 0
352 23 0
353 19 53
354 52 55
355 0 48
356 32 55
357 0 28
358 1 16
359 55 7
360 38 53
361 2 0
362 55 4
363 13 55
364 12 0
365 37 53
366 1 30
367 1 2
368 1 44
369 55 8
370 0 20
371 21 53
372 41 55
373 31 2
374 18 54
375 0 36
376 15 0
377 37 55
378 14 0
379 27 55
380 55 7
381 20 0
382 18 55
383 1 5
384 55 8
385 45 54
386 10 1
387 0 10
388 1 33
389 55 0
390 30 2
391 24 2
392 18 53
393 38 55
394 11 0
395 20 54
396 0 1
397 7 0
398 22 0
399 28 55
400 0 33
401 2 2
402 45 55
403 36 55
404 0 49
405 1 25
406 0 55
407 0 51
408 0 21
409 51 53
410 0 24
411 2 50
412 34 54
413 20 2
414 3 55
415 12 55
416 18 0
417 17 53
418 9 1
419 46 2
420 0 5
421 30 54
422 40 55
423 1 50
424 0 48
425 10 54
426 41 55
427 4 55
428 23 2
429 0 30
430 2 42
431 30 55
432 17 0
433 25 55
434 1 3
435 22 2
436 0 43
437 1 12
438 0 41
439 0 49
440 45 54
441 0 37
442 55 5
443 7 55
444 20 55
445 20 53
446 26 53
447 34 55
448 2 25
449 15 55
450 39 55
451 1 55
452 19 0
453 53 6
454 23 55
455 2 50
456 0 31
457 32 54
458 0 0
459 6 55
460 0 45
461 0 30
462 2 53
463 27 55
464 55 3
465 8 1
466 1 43
467 19 53
468 37 55
469 6 0
470 1 25
471 0 32
472 46 55
473 11 55
474 22 55
475 16 0
476 35 0
477 25 53
478 23 55
479 0 40
480 8 0
481 10 53
482 0 29
483 10 2
484 0 22
485 1 50
486 0 4
487 41 54
488 0 3
489 0 6
490 54 0
491 0 35
492 0 48
493 29 55
494 37 0
495 32 55
496 0 34
497 44 54
498 0 36
499 0 16
500 1 28
501 0 42
502 1 4
503 45 2
504 1 2
505 9 0
506 22 3
507 2 44
508 8 0
509 0 13
510 0 9
511 5 0
512 44 0
513 0 52
514 38 0
515 0 47
516 0 15
517 45 0
518 52 1
519 29 2
520 10 0
521 52 6
522 7 55
523 24 53
524 10 52
525 0 20
526 25 0
527 1 1
528 1 7
529 13 0
530 1 53
531 19 52
532 49 55
533 44 0
534 0 12
535 42 55
536 55 55
537 6 55
538 16 53
539 49 0
540 55 7
541 48 55
542 0 2
543 54 5
544 0 1
545 0 51
546 1 49
547 55 0
548 0 31
549 24 0
550 50 53
551 0 41
552 0 49
553 2 45
554 8 53
555 23 53
556 1 32
557 55 2
558 0 3
559 0 52
560 44 55
561 15 53
562 34 0
563 17 55
564 0 11
565 0 42
566 0 10
567 7 0
568 51 6
569 0 2
570 9 0
571 28 2
572 0 51
573 40 55
574 32 1
575 43 1
576 1 33
577 7 53
578 55 5
579 18 55
580 2 44
581 42 1
582 0 28
583 0 55
584 21 55
585 12 55
586 0 17
587 20 0
588 55 3
589 41 53
590 0 4
591 1 47
592 29 0
593 2 30
594 50 0
595 0 33
596 35 55
597 16 55
598 14 55
599 6 53
600 0 41
601 10 0
602 22 1
603 36 53
604 1 0
605 0 29
606 54 55
607 0 53
608 37 0
609 44 2
610 0 23
611 1 8
612 49 0
613 0 0
614 44 54
615 7 55
616 40 0
617 1 38
618 33 0
619 52 0
620 50 0
621 22 53
622 23 0
623 28 0
624 53 0
625 31 1
626 0 43
627 9 52
628 38 0
629 21 3
630 1 51
631 0 54
632 52 0
633 0 55
634 49 55
635 1 4
636 19 0
637 43 2
638 3 0
639 1 7
640 11 55
641 2 1
642 0 14
643 31 0
644 0 27
645 18 52
646 1 43
647 27 2
648 0 43
649 1 42
650 40 53
651 43 0
652 1 22
653 34 55
654 35 53
655 49 0
656 9 0
657 0 30
658 0 19
659 23 54
660 30 0
661 3 55
662 1 8
663 51 55
664 36 0
665 52 55
666 8 2
667 0 8
668 35 0
669 1 1
670 41 0
671 0 52
672 0 24
673 5 2
674 27 54
675 1 54
676 0 53
677 0 23
678 1 55
679 28 55
680 24 55
681 0 11
682 36 55
683 2 0
684 0 5
685 16 54
686 19 2
687 8 52
688 0 34
689 12 0
690 0 33
691 0 3
692 4 2
693 2 54
694 1 29
695 11 0
696 1 21
697 7 2
698 23 55
699 20 0
700 0 46
701 51 0
702 26 54
703 19 0
704 16 55
705 1 32
706 55 8
707 37 0
708 34 53
709 1 44
710 2 53
711 0 44
712 0 13
713 0 35
714 26 2
715 15 0
716 55 2
717 26 55
718 2 32
719 0 52
720 2 4
721 24 54
722 38 0
723 1 48
724 9 2
725 20 3
726 1 50
727 2 42
728 55 3
729 36 0
730 39 0
731 1 31
732 3 0
733 39 53
734 2 0
735 51 55
736 0 6
737 46 0
738 32 0
739 0 47
740 52 55
741 33 0
742 4 55
743 32 0
744 1 43
745 30 1
746 41 1
747 20 4
748 2 2
749 3 30
750 2 48
751 45 0
752 2 12
753 40 1
754 0 48
755 0 46
756 12 0
757 48 55
758 9 54
759 55 7
760 19 3
761 24 0
762 22 0
763 20 5
764 19 55
765 6 2
766 0 32
767 19 5
768 51 55
769 49 53
770 14 0
771 0 1
772 11 0
773 25 55
774 0 51
775 2 47
776 48 0
777 1 53
778 55 8
779 0 21
780 24 53
781 48 53
782 1 0
783 0 33
784 54 0
785 24 52
786 2 30
787 0 5
788 55 55
789 25 2
790 18 3
791 0 43
792 55 6
793 0 45
794 0 24
795 1 41
796 26 55
797 6 1
798 1 47
799 37 55
800 21 53
801 0 29
802 0 49
803 0 46
804 10 55
805 30 0
806 0 22
807 54 55
808 6 55
809 20 0
810 4 0
811 0 7
812 36 55
813 0 0
814 35 0
815 0 45
816 1 9
817 8 0
818 43 55
819 0 38
820 0 14
821 1 5
822 19 0
823 47 53
824 1 0
825 0 26
826 1 28
827 50 55
828 0 20
829 0 36
830 23 52
831 2 29
832 33 53
833 0 4
834 11 55
835 55 0
836 0 0
837 44 53
838 0 16
839 4 3
840 0 3
841 3 3
842 13 55
843 34 54
844 2 50
845 42 2
846 13 0
847 1 12
848 4 3
849 0 30
850 20 0
851 50 0
852 19 0
853 17 1
854 32 53
855 46 53
856 0 47
857 10 55
858 20 55
859 38 53
860 25 55
861 27 55
862 51 55
863 43 53
864 0 17
865 0 23
866 2 33
867 24 2
868 5 1
869 38 0
870 6 0
871 0 24
872 7 55
873 5 53
874 37 0
875 0 32
876 5 2
877 1 0
878 45 55
879 55 55
880 0 27
881 31 53
882 0 19
883 0 13
884 55 5
885 0 14
886 6 55
887 0 9
888 0 16
889 17 0
890 3 55
891 14 0
892 2 31
893 0 0
894 54 55
895 3 29
896 0 4
897 16 0
898 1 0
899 3 0
900 13 0
901 42 53
902 4 53
903 0 10
904 10 0
905 4 1
906 3 42
907 0 42
908 0 17
909 55 55
910 23 2
911 0 2
912 1 47
913 0 12
914 2 41
915 1 31
916 34 55
917 1 9
918 5 0
919 1 44
920 1 43
921 25 54
922 18 55
923 15 0
924 46 0
925 0 9
926 0 6
927 2 0
928 39 55
929 30 1
930 0 52
931 22 2
932 0 55
933 0 8
934 25 55
935 30 0
936 3 3
937 21 0
938 41 2
939 0 15
940 14 53
941 13 53
942 37 55
943 17 3
944 41 3
945 48 1
946 1 38
947 23 0
948 55 6
949 0 39
950 0 54
951 54 55
952 22 55
953 0 29
954 0 1
955 0 20
956 30 1
957 1 33
958 31 55
959 55 2
960 8 2
961 3 0
962 1 37
963 30 55
964 0 18
965 12 55
966 38 0
967 0 48
968 50 55
969 40 3
970 1 2
971 55 9
972 1 30
973 44 0
974 1 41
975 37 53
976 0 35
977 1 26
978 47 0
979 0 44
980 15 55
981 0 0
982 18 5
983 1 31
984 5 3
985 46 55
986 1 40
987 7 52
988 4 2
989 2 53
990 11 0
991 0 25
992 24 55
993 0 11
994 8 54
995 31 0
996 1 53
997 54 0
998 39 3
999 6 52
1000 5 4
1001 37 0
1002 0 2
1003 16 3
1004 2 28
1005 12 53
1006 0 28
1007 1 34
1008 0 38
1009 0 30
1010 9 55
1011 6 0
1012 0 55
1013 38 0
1014 1 20
1015 42 0
1016 21 1
1017 55 55
1018 55 1
1019 45 55
1020 11 53
1021 33 55
1022 2 42
1023 2 3
1024 30 53
1025 55 8
1026 45 53
1027 26 55
1028 0 14
1029 27 55
1030 0 21
1031 1 10
1032 11 55
1033 7 2
1034 32 0
1035 0 1
1036 36 53
1037 0 45
1038 46 55
1039 55 9
1040 5 55
1041 0 33
1042 54 55
1043 0 29
1044 1 6
1045 15 3
1046 3 30
1047 0 44
1048 30 0
1049 40 55
1050 22 0
1051 0 17
1052 8 55
1053 7 54
1054 2 27
1055 27 0
1056 45 55
1057 53 0
1058 1 44
1059 32 55
1060 0 26
1061 25 55
1062 48 2
1063 0 39
1064 52 0
1065 4 0
1066 28 55
1067 6 1
1068 55 5
1069 0 38
1070 6 54
1071 38 3
1072 1 3
1073 18 0
1074 1 50
1075 0 9
1076 17 55
1077 1 2
1078 2 0
1079 1 54
1080 2 10
1081 37 3
1082 0 41
1083 42 55
1084 50 6
1085 17 5
1086 0 42
1087 46 0
1088 22 52
1089 33 55
1090 10 0
1091 7 3
1092 27 55
1093 14 55
1094 5 52
1095 7 55
1096 39 55
1097 44 1
1098 41 55
1099 1 36
1100 26 0
1101 0 13
1102 8 55
1103 0 16
1104 29 53
1105 0 50
1106 45 0
1107 1 43
1108 47 2
1109 3 53
1110 55 0
1111 51 55
1112 43 1
1113 6 53
1114 1 0
1115 2 5
1116 33 0
1117 0 32
1118 0 54
1119 22 3
1120 0 8
1121 0 15
1122 1 33
1123 55 55
1124 49 6
1125 20 53
1126 1 10
1127 21 3
1128 0 0
1129 2 0
1130 32 55
1131 0 47
1132 6 54
1133 6 0
1134 48 6
1135 2 41
1136 1 26
1137 23 55
1138 37 0
1139 1 30
1140 6 3
1141 20 3
1142 25 0
1143 29 0
1144 36 55
1145 0 41
1146 43 2
1147 0 37
1148 0 22
1149 41 0
1150 55 4
1151 3 29
1152 28 53
1153 2 28
1154 10 55
1155 6 2
1156 27 53
1157 16 55
1158 5 0
1159 44 0
1160 0 9
1161 6 1
1162 19 3
1163 55 3
1164 0 7
1165 6 0
1166 54 55
1167 0 45
1168 23 0
1169 0 2
1170 0 1
1171 26 53
1172 2 53
1173 0 42
1174 1 46
1175 21 52
1176 1 2
1177 50 55
1178 41 53
1179 0 44
1180 2 2
1181 0 6
1182 14 3
1183 35 53
1184 0 12
1185 49 0
1186 11 55
1187 1 45
1188 0 45
1189 4 55
1190 1 7
1191 13 3
1192 22 55
1193 32 0
1194 0 24
1195 22 0
1196 0 3
1197 16 5
1198 8 1
1199 3 30
1200 19 53
1201 12 0
1202 38 0
1203 14 0
1204 15 5
1205 0 16
1206 8 0
1207 0 11
1208 54 0
1209 42 2
1210 17 0
1211 1 52
1212 0 12
1213 0 14
1214 44 53
1215 55 2
1216 1 5
1217 0 27
1218 19 54
1219 34 0
1220 40 53
1221 44 55
1222 18 54
1223 2 55
1224 4 52
1225 55 8
1226 47 55
1227 0 21
1228 31 0
1229 0 38
1230 5 55
1231 0 8
1232 0 52
1233 51 0
1234 1 55
1235 2 5
1236 24 0
1237 25 0
1238 0 9
1239 16 0
1240 38 55
1241 24 0
1242 41 2
1243 55 0
1244 43 0
1245 1 53
1246 0 44
1247 21 0
1248 0 55
1249 0 54
1250 20 52
1251 6 53
1252 14 1
1253 0 0
1254 1 37
1255 29 55
1256 46 55
1257 0 26
1258 12 3
1259 0 40
1260 0 28
1261 31 55
1262 0 22
1263 0 5
1264 47 6
1265 2 4
1266 13 0
1267 18 3
1268 14 2
1269 3 0
1270 33 0
1271 1 46
1272 18 55
1273 0 45
1274 8 1
1275 46 6
1276 48 0
1277 35 55
1278 23 0
1279 25 53
1280 39 53
1281 5 53
1282 38 53
1283 4 4
1284 10 53
1285 49 55
1286 3 52
1287 0 37
1288 7 55
1289 3 55
1290 10 55
1291 1 36
1292 14 5
1293 13 5
1294 40 0
1295 45 6
1296 4 5
1297 47 0
1298 24 55
1299 0 49
1300 2 36
1301 0 11
1302 1 36
1303 4 0
1304 0 20
1305 37 55
1306 4 53
1307 8 55
1308 1 34
1309 32 55
1310 11 55
1311 1 44
1312 3 54
1313 43 53
1314 16 54
1315 0 2
1316 39 1
1317 25 55
1318 1 24
1319 0 55
1320 8 0
1321 50 0
1322 0 29
1323 2 10
1324 40 2
1325 3 55
1326 1 2
1327 20 51
1328 48 55
1329 1 1
1330 5 0
1331 7 55
1332 34 0
1333 9 53
1334 31 55
1335 3 0
1336 13 2
1337 1 43
1338 12 0
1339 55 55
1340 0 39
1341 46 2
1342 0 48
1343 0 3
1344 55 7
1345 49 55
1346 1 10
1347 5 54
1348 43 55
1349 41 0
1350 55 3
1351 4 55
1352 20 0
1353 13 55
1354 1 3
1355 13 0
1356 2 5
1357 0 8
1358 17 52
1359 40 0
1360 6 54
1361 0 1
1362 4 4
1363 15 0
1364 33 0
1365 40 3
1366 54 0
1367 0 23
1368 0 41
1369 0 22
1370 1 28
1371 8 55
1372 2 40
1373 14 2
1374 0 23
1375 0 12
1376 0 25
1377 0 19
1378 0 44
1379 2 28
1380 0 31
1381 0 22
1382 1 14
1383 2 36
1384 44 6
1385 34 0
1386 0 34
1387 3 2
1388 7 0
1389 1 40
1390 37 0
1391 6 55
1392 2 52
1393 38 55
1394 42 53
1395 1 0
1396 32 0
1397 0 28
1398 22 0
1399 54 55
1400 19 0
1401 0 4
1402 23 0
1403 55 2
1404 34 53
1405 55 6
1406 2 27
1407 44 55
1408 29 54
1409 48 55
1410 2 0
1411 55 55
1412 6 2
1413 8 53
1414 37 55
1415 1 33
1416 41 53
1417 36 0
1418 1 29
1419 43 6
1420 40 53
1421 40 52
1422 30 55
1423 2 3
1424 8 0
1425 42 6
1426 0 27
1427 22 0
1428 2 51
1429 31 55
1430 46 54
1431 10 55
1432 0 29
1433 17 3
1434 0 47
1435 1 45
1436 3 55
1437 1 2
1438 0 21
1439 0 9
1440 3 4
1441 2 30
1442 1 5
1443 41 6
1444 43 55
1445 31 0
1446 19 51
1447 54 55
1448 0 28
1449 24 53
1450 0 3
1451 33 53
1452 40 6
1453 23 55
1454 39 52
1455 18 0
1456 16 0
1457 15 0
1458 0 42
1459 0 46
1460 0 24
1461 0 47
1462 0 0
1463 0 45
1464 25 54
1465 17 0
1466 41 0
1467 7 55
1468 0 27
1469 20 1
1470 1 47
1471 45 2
1472 11 3
1473 5 2
1474 0 22
1475 13 2
1476 49 0
1477 1 36
1478 5 55
1479 0 8
1480 0 26
1481 0 9
1482 1 0
1483 47 55
1484 21 55
1485 0 38
1486 39 0
1487 44 55
1488 1 32
1489 7 53
1490 16 3
1491 48 55
1492 55 5
1493 24 55
1494 6 53
1495 44 0
1496 3 54
1497 46 0
1498 3 5
1499 0 0
1500 26 55
1501 1 1
1502 1 30
1503 40 55
1504 3 4
1505 0 48
1506 43 0
1507 0 18
1508 6 52
1509 0 14
1510 18 51
1511 0 32
1512 0 39
1513 15 3
1514 41 1
1515 4 52
1516 0 1
1517 47 55
1518 0 4
1519 55 0
1520 2 43
1521 0 44
1522 9 55
1523 48 0
1524 32 0
1525 39 3
1526 16 52
1527 37 53
1528 32 53
1529 2 45
1530 43 55
1531 0 41
1532 30 55
1533 1 26
1534 1 43
1535 42 55
1536 17 55
1537 0 28
1538 14 3
1539 38 55
1540 28 54
1541 0 49
1542 44 2
1543 0 7
1544 25 53
1545 4 55
1546 1 3
1547 10 55
1548 3 0
1549 6 51
1550 55 3
1551 0 51
1552 1 0
1553 1 23
1554 15 54
1555 54 0
1556 3 5
1557 12 5
1558 5 55
1559 1 45
1560 1 6
1561 2 5
1562 16 55
1563 12 2
1564 48 55
1565 5 3
1566 5 51
1567 3 55
1568 34 1
1569 35 0
1570 0 54
1571 2 45
1572 17 51
1573 12 55
1574 9 55
1575 1 35
1576 21 0
1577 0 21
1578 1 16
1579 29 55
1580 46 55
1581 12 0
1582 31 0
1583 14 0
1584 0 55
1585 55 55
1586 2 55
1587 0 38
1588 15 52
1589 0 29
1590 40 54
1591 0 16
1592 37 55
1593 13 3
1594 6 0
1595 45 55
1596 39 2
1597 0 19
1598 43 2
1599 42 2
1600 15 0
1601 28 0
1602 33 1
1603 4 3
1604 55 6
1605 0 45
1606 0 22
1607 0 11
1608 23 55
1609 0 36
1610 0 5
1611 13 0
1612 1 7
1613 0 31
1614 0 37
1615 2 28
1616 2 54
1617 0 21
1618 55 0
1619 0 3
1620 22 0
1621 0 0
1622 5 0
1623 2 2
1624 2 55
1625 39 6
1626 38 2
1627 5 50
1628 1 33
1629 0 17
1630 0 26
1631 17 55
1632 54 55
1633 25 55
1634 1 25
1635 0 2
1636 49 0
1637 55 55
1638 0 48
1639 12 0
1640 10 55
1641 0 8
1642 1 4
1643 1 3
1644 2 50
1645 54 55
1646 42 0
1647 3 3
1648 47 55
1649 55 55
1650 23 54
1651 0 22
1652 0 49
1653 0 33
1654 15 55
1655 4 55
1656 44 55
1657 14 0
1658 0 23
1659 55 5
1660 0 13
1661 27 0
1662 4 50
1663 18 55
1664 3 54
1665 54 0
1666 1 9
1667 2 25
1668 40 1
1669 9 55
1670 0 39
1671 10 1
1672 3 53
1673 38 6
1674 1 50
1675 31 53
1676 2 40
1677 24 52
1678 15 0
1679 30 53
1680 0 36
1681 0 47
1682 6 55
1683 26 0
1684 1 6
1685 0 44
1686 0 3
1687 1 45
1688 34 0
1689 0 16
1690 11 5
1691 11 2
1692 2 30
1693 1 0
1694 3 50
1695 13 2
1696 1 10
1697 0 28
1698 14 0
1699 41 55
1700 0 30
1701 36 3
1702 1 9
1703 11 55
1704 2 27
1705 38 0
1706 39 54
1707 0 0
1708 10 0
1709 1 1
1710 30 55
1711 0 52
1712 23 52
1713 10 2
1714 3 5
1715 2 54
1716 48 0
1717 1 40
1718 24 53
1719 0 53
1720 9 2
1721 1 0
1722 12 55
1723 37 0
1724 7 55
1725 0 51
1726 0 31
1727 12 1
1728 2 4
1729 55 0
1730 22 52
1731 0 18
1732 0 42
1733 1 30
1734 0 4
1735 2 43
1736 13 3
1737 0 48
1738 24 52
1739 0 5
1740 0 15
1741 2 35
1742 14 55
1743 54 0
1744 7 0
1745 41 2
1746 15 55
1747 10 55
1748 1 55
1749 1 24
1750 10 5
1751 8 2
1752 40 0
1753 38 52
1754 32 1
1755 0 1
1756 21 0
1757 0 50
1758 3 6
1759 3 25
1760 55 2
1761 21 52
1762 55 0
1763 1 4
1764 7 2
1765 37 6
1766 1 49
1767 4 51
1768 55 3
1769 0 30
1770 0 25
1771 28 55
1772 54 0
1773 55 6
1774 49 0
1775 0 27
1776 0 20
1777 1 23
1778 16 0
1779 16 51
1780 0 21
1781 38 55
1782 40 2
1783 1 7
1784 0 23
1785 0 46
1786 34 55
1787 2 49
1788 0 52
1789 1 35
1790 2 45
1791 23 55
1792 27 55
1793 36 53
1794 0 55
1795 2 24
1796 33 55
1797 16 50
1798 1 20
1799 6 55
1800 1 48
1801 17 55
1802 3 26
1803 1 23
1804 39 0
1805 2 25
1806 14 52
1807 29 55
1808 15 50
1809 48 0
1810 9 5
1811 0 16
1812 2 6
1813 25 0
1814 17 0
1815 29 53
1816 0 10
1817 2 5
1818 1 2
1819 0 11
1820 0 48
1821 16 0
1822 0 10
1823 1 50
1824 0 50
1825 9 0
1826 28 53
1827 0 6
1828 2 9
1829 3 52
1830 0 32
1831 23 54
1832 43 55
1833 1 45
1834 0 15
1835 3 1
1836 13 52
1837 0 24
1838 45 0
1839 2 7
1840 0 31
1841 0 4
1842 17 0
1843 2 50
1844 3 55
1845 22 0
1846 24 55
1847 14 50
1848 13 0
1849 6 2
1850 0 5
1851 5 2
1852 13 50
1853 44 55
1854 0 16
1855 13 2
1856 0 15
1857 0 47
1858 0 53
1859 2 4
1860 1 41
1861 11 1
1862 35 53
1863 0 12
1864 40 1
1865 34 53
1866 23 52
1867 4 0
1868 16 0
1869 27 53
1870 54 55
1871 0 37
1872 2 1
1873 33 53
1874 2 0
1875 2 28
1876 1 22
1877 0 52
1878 0 40
1879 32 2
1880 5 0
1881 12 50
1882 37 2
1883 0 17
1884 0 4
1885 26 53
1886 0 2
1887 0 1
1888 20 55
1889 3 27
1890 26 55
1891 0 39
1892 4 55
1893 1 7
1894 3 26
1895 20 0
1896 7 55
1897 1 3
1898 10 3
1899 23 51
1900 27 55
1901 0 41
1902 0 43
1903 4 2
1904 0 33
1905 11 0
1906 22 51
1907 37 52
1908 55 0
1909 9 3
1910 41 0
1911 43 55
1912 2 55
1913 38 0
1914 14 55
1915 1 10
1916 39 0
1917 9 55
1918 39 53
1919 44 55
1920 3 2
1921 12 2
1922 11 50
1923 36 52
1924 44 0
1925 0 49
1926 20 52
1927 0 44
1928 19 52
1929 6 55
1930 42 0
1931 2 8
1932 19 0
1933 0 32
1934 0 36
1935 0 54
1936 0 42
1937 33 0
1938 1 43
1939 0 2
1940 14 0
1941 1 34
1942 3 3
1943 18 0
1944 47 0
1945 35 52
1946 0 14
1947 10 50
1948 30 0
1949 3 4
1950 40 2
1951 0 11
1952 1 25
1953 1 35
1954 4 4
1955 31 2
1956 12 0
1957 1 23
1958 2 43
1959 4 5
1960 30 2
1961 1 5
1962 0 22
1963 1 34
1964 11 55
1965 7 1
1966 32 53
1967 19 55
1968 2 23
1969 11 2
1970 8 0
1971 0 5
1972 1 43
1973 0 7
1974 1 2
1975 4 54
1976 0 41
1977 0 16
1978 0 3
1979 1 9
1980 29 2
1981 1 50
1982 1 35
1983 0 37
1984 0 13
1985 2 7
1986 1 4
1987 2 26
1988 0 15
1989 29 0
1990 54 0
1991 38 53
1992 1 1
1993 0 20
1994 25 53
1995 20 55
1996 0 34
1997 55 0
1998 1 28
1999 1 31
2000 0 23
2001 0 6
2002 9 50
2003 0 55
2004 55 5
2005 1 5
2006 2 6
2007 3 5
2008 14 1
2009 0 1
2010 36 6
2011 1 39
2012 8 50
2013 43 55
2014 26 55
2015 22 54
2016 44 55
2017 0 29
2018 23 55
2019 19 0
2020 0 5
2021 2 28
2022 8 5
2023 0 16
2024 10 2
2025 21 0
2026 45 0
2027 8 55
2028 13 55
2029 37 55
2030 2 43
2031 0 36
2032 1 48
2033 0 25
2034 0 46
2035 36 55
2036 35 55
2037 1 27
2038 2 45
2039 1 4
2040 2 3
2041 38 2
2042 6 1
2043 28 55
2044 3 2
2045 0 2
2046 40 55
2047 0 48
2048 0 9
2049 1 45
2050 14 0
2051 0 49
2052 7 5
2053 1 43
2054 40 0
2055 0 40
2056 24 55
2057 0 18
2058 46 55
2059 19 55
2060 36 55
2061 55 6
2062 3 4
2063 6 5
2064 35 3
2065 0 31
2066 44 0
2067 14 55
2068 26 54
2069 3 5
2070 12 52
2071 0 33
2072 9 55
2073 13 55
2074 14 55
2075 7 0
2076 2 25
2077 8 0
2078 0 28
2079 42 1
2080 2 4
2081 8 55
2082 5 5
2083 40 3
2084 0 51
2085 3 55
2086 2 45
2087 3 0
2088 2 26
2089 1 22
2090 32 0
2091 37 2
2092 31 53
2093 2 52
2094 0 14
2095 28 0
2096 31 0
2097 2 43
2098 11 52
2099 2 0
2100 2 24
2101 9 55
2102 39 3
2103 4 53
2104 0 39
2105 0 47
2106 1 7
2107 47 55
2108 3 51
2109 5 4
2110 34 52
2111 1 24
2112 18 52
2113 0 21
2114 6 2
2115 0 22
2116 0 20
2117 1 52
2118 2 51
2119 1 16
2120 54 0
2121 12 55
2122 30 0
2123 31 0
2124 27 55
2125 2 3
2126 21 51
2127 33 52
2128 2 24
2129 0 54
2130 0 6
2131 0 37
2132 1 10
2133 1 38
2134 2 4
2135 1 20
2136 35 6
2137 8 55
2138 1 47
2139 2 38
2140 1 43
2141 26 55
2142 4 5
2143 46 0
2144 0 45
2145 28 55
2146 46 55
2147 39 0
2148 0 55
2149 6 0
2150 55 5
2151 23 55
2152 47 55
2153 3 5
2154 2 1
2155 5 2
2156 0 35
2157 14 1
2158 20 55
2159 55 6
2160 0 20
2161 4 0
2162 0 44
2163 55 55
2164 43 55
2165 0 13
2166 2 48
2167 0 41
2168 22 0
2169 34 6
2170 39 55
2171 37 53
2172 30 0
2173 36 2
2174 5 55
2175 38 55
2176 24 55
2177 21 0
2178 54 55
2179 38 3
2180 7 50
2181 1 24
2182 3 53
2183 0 5
2184 15 0
2185 19 55
2186 2 24
2187 18 0
2188 29 55
2189 0 17
2190 28 2
2191 30 53
2192 1 39
2193 0 27
2194 2 37
2195 4 4
2196 27 2
2197 6 1
2198 23 55
2199 0 6
2200 0 12
2201 55 0
2202 0 3
2203 0 46
2204 1 45
2205 0 29
2206 2 36
2207 15 55
2208 1 27
2209 1 5
2210 0 54
2211 0 40
2212 43 0
2213 3 1
2214 33 6
2215 25 55
2216 1 8
2217 1 21
2218 2 49
2219 1 36
2220 0 27
2221 0 18
2222 21 54
2223 1 33
2224 6 0
2225 1 0
2226 22 55
2227 8 3
2228 1 7
2229 0 16
2230 11 55
2231 1 11
2232 36 0
2233 1 24
2234 42 55
2235 4 3
2236 34 3
2237 3 51
2238 20 55
2239 0 8
2240 16 0
2241 46 55
2242 32 6
2243 4 5
2244 6 1
2245 21 53
2246 14 0
2247 2 45
2248 1 38
2249 31 6
2250 2 2
2251 32 52
2252 18 55
2253 54 0
2254 0 34
2255 0 55
2256 17 52
2257 27 0
2258 24 0
2259 45 0
2260 39 55
2261 38 0
2262 2 51
2263 2 48
2264 39 0
2265 20 53
2266 10 55
2267 35 55
2268 4 2
2269 1 27
2270 3 3
2271 3 51
2272 26 0
2273 1 10
2274 1 39
2275 2 53
2276 3 0
2277 55 2
2278 35 0
2279 0 5
2280 20 0
2281 0 10
2282 0 14
2283 5 0
2284 0 47
2285 1 16
2286 42 0
2287 24 53
2288 2 1
2289 1 10
2290 0 48
2291 0 38
2292 0 19
2293 1 8
2294 1 47
2295 0 23
2296 0 43
2297 55 1
2298 0 52
2299 1 30
2300 27 0
2301 41 0
2302 26 2
2303 41 55
2304 14 1
2305 40 0
2306 15 0
2307 2 3
2308 37 3
2309 2 51
2310 45 55
2311 20 51
2312 0 37
2313 0 4
2314 28 55
2315 0 7
2316 0 54
2317 7 0
2318 7 55
2319 16 0
2320 36 53
2321 2 30
2322 3 28
2323 44 0
2324 19 51
2325 42 0
2326 45 0
2327 0 10
2328 55 55
2329 34 0
2330 19 55
2331 32 55
2332 15 0
2333 35 2
2334 0 28
2335 35 53
2336 1 45
2337 2 45
2338 1 10
2339 7 3
2340 2 0
2341 0 45
2342 8 0
2343 0 27
2344 33 0
2345 0 20
2346 1 0
2347 13 1
2348 4 0
2349 11 0
2350 1 6
2351 1 49
2352 2 24
2353 1 24
2354 24 55
2355 0 46
2356 0 19
2357 2 5
2358 16 52
2359 17 55
2360 1 50
2361 3 1
2362 25 55
2363 0 50
2364 0 55
2365 14 0
2366 2 49
2367 2 55
2368 43 0
2369 35 1
2370 55 5
2371 2 8
2372 0 2
2373 4 3
2374 0 10
2375 41 0
2376 1 42
2377 1 53
2378 42 55
2379 1 27
2380 31 55
2381 2 0
2382 27 55
2383 38 0
2384 37 0
2385 1 10
2386 0 51
2387 3 2
2388 44 55
2389 9 55
2390 53 0
2391 33 3
2392 41 55
2393 2 7
2394 29 0
2395 1 4
2396 10 52
2397 35 0
2398 0 11
2399 0 21
2400 4 55
2401 0 26
2402 32 3
2403 28 55
2404 0 6
2405 0 35
2406 2 54
2407 0 22
2408 6 3
2409 34 53
2410 52 0
2411 10 55
2412 0 17
2413 1 21
2414 38 0
2415 15 52
2416 0 49
2417 0 34
2418 5 0
2419 4 2
2420 0 24
2421 30 6
2422 3 1
2423 36 0
2424 9 55
2425 0 50
2426 0 3
2427 1 45
2428 9 52
2429 20 55
2430 43 55
2431 7 1
2432 1 32
2433 6 50
2434 0 21
2435 23 55
2436 27 55
2437 26 0
2438 31 52
2439 22 55
2440 18 55
2441 0 4
2442 1 30
2443 1 5
2444 41 54
2445 23 0
2446 6 55
2447 0 12
2448 14 55
2449 24 55
2450 33 53
2451 29 53
2452 15 0
2453 2 47
2454 30 55
2455 0 44
2456 5 50
2457 19 55
2458 0 30
2459 1 7
2460 29 6
2461 10 0
2462 6 1
2463 32 0
2464 41 55
2465 17 0
2466 5 3
2467 26 55
2468 0 11
2469 0 53
2470 0 2
2471 1 55
2472 0 32
2473 38 55
2474 1 48
2475 2 6
2476 1 3
2477 6 2
2478 0 3
2479 3 55
2480 1 8
2481 28 0
2482 22 0
2483 55 4
2484 1 50
2485 1 20
2486 0 38
2487 2 20
2488 37 55
2489 0 47
2490 0 29
2491 2 28
2492 23 55
2493 0 31
2494 25 0
2495 7 0
2496 3 2
2497 28 53
2498 0 27
2499 2 10
2500 6 1
2501 1 10
2502 0 23
2503 0 24
2504 2 39
2505 1 39
2506 3 49
2507 27 0
2508 1 27
2509 4 3
2510 38 55
2511 4 50
2512 1 4
2513 39 0
2514 0 46
2515 0 42
2516 32 53
2517 43 1
2518 19 53
2519 30 52
2520 0 32
2521 54 55
2522 0 16
2523 55 3
2524 0 41
2525 9 0
2526 25 55
2527 5 3
2528 2 45
2529 0 40
2530 0 47
2531 0 52
2532 13 55
2533 0 13
2534 6 2
2535 0 25
2536 55 55
2537 28 6
2538 3 5
2539 2 53
2540 13 0
2541 0 55
2542 1 31
2543 55 4
2544 18 53
2545 1 30
2546 8 52
2547 2 48
2548 23 53
2549 0 45
2550 29 55
2551 0 37
2552 55 0
2553 0 43
2554 18 0
2555 23 0
2556 14 52
2557 2 10
2558 0 4
2559 12 0
2560 25 2
2561 1 48
2562 0 38
2563 20 55
2564 44 55
2565 2 29
2566 1 15
2567 12 55
2568 4 3
2569 0 9
2570 0 27
2571 1 27
2572 0 7
2573 22 54
2574 0 14
2575 17 53
2576 0 54
2577 0 23
2578 11 0
2579 1 23
2580 21 54
2581 3 51
2582 28 0
2583 54 55
2584 37 55
2585 4 4
2586 0 17
2587 22 0
2588 42 0
2589 4 0
2590 14 0
2591 2 1
2592 27 53
2593 40 55
2594 2 49
2595 51 0
2596 31 53
2597 0 50
2598 1 55
2599 9 2
2600 5 55
2601 22 53
2602 22 55
2603 55 55
2604 2 4
2605 0 6
2606 1 2
2607 16 53
2608 0 2
2609 38 0
2610 0 7
2611 6 55
2612 54 0
2613 2 3
2614 0 35
2615 24 0
2616 1 19
2617 22 52
2618 36 3
2619 1 51
2620 1 5
2621 0 13
2622 0 41
2623 54 55
2624 43 2
2625 39 55
2626 40 55
2627 2 21
2628 50 0
2629 11 55
2630 1 1
2631 15 53
2632 1 40
2633 1 31
2634 2 20
2635 24 55
2636 0 14
2637 0 40
2638 1 16
2639 27 0
2640 31 3
2641 25 55
2642 1 10
2643 26 53
2644 1 39
2645 0 46
2646 0 24
2647 28 55
2648 0 37
2649 19 55
2650 8 2
2651 0 55
2652 2 25
2653 49 0
2654 35 3
2655 0 27
2656 0 6
2657 20 54
2658 8 55
2659 20 53
2660 38 55
2661 13 52
2662 0 44
2663 0 3
2664 41 0
2665 1 26
2666 0 5
2667 0 30
2668 55 0
2669 0 20
2670 1 0
2671 1 53
2672 1 50
2673 17 0
2674 24 55
2675 0 4
2676 48 0
2677 54 0
2678 41 55
2679 0 38
2680 1 29
2681 0 47
2682 55 3
2683 0 48
2684 5 55
2685 40 0
2686 3 49
2687 1 7
2688 42 2
2689 25 0
2690 0 8
2691 31 0
2692 18 51
2693 0 9
2694 0 29
2695 20 55
2696 0 51
2697 5 2
2698 7 55
2699 2 10
2700 31 54
2701 1 49
2702 21 52
2703 38 1
2704 0 52
2705 37 55
2706 3 1
2707 29 52
2708 0 51
2709 24 2
2710 41 2
2711 6 0
2712 12 0
2713 2 5
2714 0 21
2715 25 53
2716 1 52
2717 7 0
2718 1 48
2719 5 1
2720 0 25
2721 10 0
2722 0 46
2723 23 2
2724 22 2
2725 21 51
2726 27 6
2727 55 0
2728 1 8
2729 2 2
2730 47 0
2731 27 55
2732 1 5
2733 24 0
2734 26 6
2735 1 53
2736 2 21
2737 21 0
2738 5 50
2739 0 30
2740 28 52
2741 1 10
2742 2 51
2743 17 51
2744 34 55
2745 34 3
2746 1 37
2747 9 0
2748 0 37
2749 26 55
2750 33 3
2751 3 6
2752 30 3
2753 0 42
2754 25 6
2755 2 50
2756 0 38
2757 3 0
2758 3 7
2759 0 53
2760 40 2
2761 3 48
2762 2 20
2763 54 0
2764 5 0
2765 55 2
2766 22 0
2767 16 0
2768 40 55
2769 24 53
2770 2 4
2771 0 12
2772 2 5
2773 19 53
2774 0 34
2775 39 2
2776 3 3
2777 48 0
2778 7 2
2779 7 52
2780 0 18
2781 55 55
2782 0 17
2783 12 52
2784 2 51
2785 11 0
2786 1 36
2787 21 0
2788 6 0
2789 44 0
2790 20 51
2791 35 0
2792 10 55
2793 2 7
2794 0 29
2795 22 0
2796 39 0
2797 23 55
2798 0 3
2799 1 15
2800 21 2
2801 43 55
2802 40 0
2803 39 3
2804 3 2
2805 0 31
2806 47 0
2807 1 42
2808 0 48
2809 36 55
2810 2 24
2811 11 52
2812 32 3
2813 0 52
2814 0 23
2815 1 51
2816 1 47
2817 2 55
2818 2 39
2819 3 55
2820 0 13
2821 38 3
2822 43 0
2823 0 41
2824 20 54
2825 2 4
2826 27 52
2827 34 0
2828 55 0
2829 0 15
2830 0 4
2831 2 1
2832 0 40
2833 7 0
2834 2 48
2835 1 6
2836 55 3
2837 0 33
2838 17 55
2839 32 2
2840 3 7
2841 26 52
2842 6 0
2843 2 55
2844 1 23
2845 10 52
2846 0 54
2847 1 28
2848 9 52
2849 2 0
2850 31 2
2851 0 24
2852 6 2
2853 0 34
2854 0 7
2855 54 55
2856 38 0
2857 6 3
2858 12 0
2859 3 48
2860 2 51
2861 5 3
2862 4 1
2863 0 5
2864 16 51
2865 20 55
2866 37 3
2867 26 0
2868 22 54
2869 2 1
2870 23 53
2871 2 0
2872 2 8
2873 0 18
2874 2 6
2875 1 8
2876 1 4
2877 2 21
2878 1 13
2879 7 0
2880 37 55
2881 16 55
2882 1 20
2883 2 8
2884 33 55
2885 2 47
2886 0 14
2887 1 7
2888 0 30
2889 0 11
2890 5 2
2891 1 55
2892 22 1
2893 19 0
2894 1 19
2895 23 52
2896 42 55
2897 55 55
2898 9 51
2899 24 55
2900 22 52
2901 1 22
2902 31 55
2903 3 49
2904 33 0
2905 4 7
2906 46 0
2907 18 0
2908 34 55
2909 54 0
2910 39 55
2911 29 3
2912 0 26
2913 1 48
2914 30 55
2915 0 55
2916 34 0
2917 6 0
2918 36 55
2919 1 51
2920 24 6
2921 0 33
2922 21 52
2923 3 4
2924 0 4
2925 15 55
2926 3 7
2927 1 4
2928 11 0
2929 33 55
2930 18 53
2931 3 55
2932 25 52
2933 1 32
2934 30 2
2935 2 9
2936 3 54
2937 1 45
2938 22 55
2939 16 1
2940 0 23
2941 0 49
2942 15 51
2943 55 2
2944 6 52
2945 0 12
2946 36 3
2947 19 55
2948 24 54
2949 3 8
2950 0 47
2951 2 1
2952 24 55
2953 9 1
2954 13 0
2955 2 2
2956 0 28
2957 1 24
2958 55 0
2959 0 41
2960 23 6
2961 17 0
2962 20 2
2963 0 7
2964 2 22
2965 0 50
2966 15 1
2967 14 53
2968 0 34
2969 3 3
2970 38 55
2971 5 52
2972 54 0
2973 8 0
2974 7 0
2975 1 22
2976 8 0
2977 28 3
2978 2 20
2979 0 43
2980 0 4
2981 8 55
2982 0 25
2983 0 53
2984 9 2
2985 19 51
2986 0 27
2987 39 55
2988 2 42
2989 0 40
2990 0 24
2991 55 1
2992 45 0
2993 0 5
2994 4 55
2995 13 53
2996 0 19
2997 0 32
2998 0 22
2999 1 6
3000 4 50
3001 2 46
3002 0 11
3003 4 0
3004 1 1
3005 2 53
3006 4 52
3007 0 45
3008 1 39
3009 11 55
3010 0 42
3011 0 17
3012 3 4
3013 0 23
3014 29 2
3015 30 0
3016 29 0
3017 1 52
3018 2 41
3019 16 0
3020 8 51
3021 0 49
3022 0 20
3023 1 12
3024 27 0
3025 30 0
3026 0 44
3027 1 31
3028 0 3
3029 6 1
3030 8 2
3031 2 55
3032 41 0
3033 0 33
3034 33 0
3035 18 55
3036 2 39
3037 43 1
3038 29 55
3039 3 1
3040 10 0
3041 0 36
3042 24 54
3043 0 25
3044 2 10
3045 24 52
3046 35 3
3047 2 19
3048 28 55
3049 17 55
3050 5 55
3051 4 2
3052 1 55
3053 7 0
3054 10 55
3055 5 3
3056 14 51
3057 1 3
3058 41 55
3059 2 49
3060 1 32
3061 2 55
3062 0 16
3063 0 8
3064 1 42
3065 43 0
3066 3 52
3067 0 28
3068 14 55
3069 54 55
3070 2 24
3071 4 54
3072 0 18
3073 11 55
3074 1 10
3075 0 51
3076 0 32
3077 37 0
3078 19 2
3079 1 46
3080 36 0
3081 1 21
3082 3 50
3083 1 45
3084 13 55
3085 0 54
3086 4 50
3087 3 41
3088 22 0
3089 35 0
3090 1 16
3091 1 39
3092 9 0
3093 17 0
3094 16 55
3095 12 53
3096 26 0
3097 3 50
3098 13 51
3099 29 1
3100 20 52
3101 0 10
3102 1 13
3103 4 3
3104 0 16
3105 4 50
3106 0 22
3107 1 9
3108 0 4
3109 6 0
3110 55 2
3111 1 30
3112 1 55
3113 7 51
3114 2 21
3115 0 53
3116 27 0
3117 3 55
3118 25 0
3119 1 36
3120 4 2
3121 23 52
3122 29 55
3123 8 0
3124 15 55
3125 25 55
3126 12 0
3127 2 39
3128 1 16
3129 0 42
3130 1 20
3131 2 4
3132 17 53
3133 1 7
3134 5 0
3135 20 53
3136 24 0
3137 18 51
3138 1 10
3139 2 55
3140 2 41
3141 28 1
3142 0 43
3143 0 35
3144 6 2
3145 6 51
3146 0 31
3147 23 54
3148 2 3
3149 1 33
3150 32 55
3151 2 22
3152 1 0
3153 5 51
3154 0 6
3155 31 55
3156 0 55
3157 21 0
3158 2 18
3159 16 53
3160 1 37
3161 0 37
3162 2 1
3163 55 0
3164 0 32
3165 16 55
3166 3 1
3167 2 1
3168 0 5
3169 11 0
3170 0 27
3171 2 7
3172 40 0
3173 2 54
3174 0 28
3175 0 9
3176 0 10
3177 3 50
3178 27 3
3179 1 41
3180 3 2
3181 18 2
3182 2 5
3183 4 8
3184 54 0
3185 17 51
3186 4 3
3187 1 34
3188 42 0
3189 3 9
3190 0 9
3191 2 9
3192 2 48
3193 0 46
3194 32 0
3195 2 41
3196 26 0
3197 29 0
3198 1 8
3199 55 55
3200 0 48
3201 28 55
3202 0 54
3203 0 45
3204 0 15
3205 0 21
3206 3 1
3207 19 53
3208 1 44
3209 16 51
3210 1 51
3211 7 0
3212 3 7
3213 2 52
3214 44 0
3215 12 51
3216 1 39
3217 0 31
3218 8 1
3219 1 53
3220 0 55
3221 55 1
3222 4 53
3223 15 53
3224 0 3
3225 0 39
3226 35 55
3227 0 4
3228 2 44
3229 0 12
3230 3 9
3231 8 2
3232 34 0
3233 0 54
3234 1 44
3235 1 50
3236 27 55
3237 0 22
3238 1 43
3239 2 51
3240 2 52
3241 1 1
3242 1 2
3243 3 54
3244 14 55
3245 15 0
3246 2 43
3247 2 9
3248 0 8
3249 31 0
3250 0 41
3251 10 55
3252 17 55
3253 28 55
3254 27 1
3255 0 36
3256 1 4
3257 4 51
3258 11 53
3259 26 3
3260 45 0
3261 0 44
3262 4 9
3263 11 55
3264 1 40
3265 24 55
3266 0 5
3267 1 33
3268 0 20
3269 18 53
3270 39 0
3271 0 55
3272 0 32
3273 38 0
3274 37 0
3275 27 2
3276 27 55
3277 0 47
3278 0 30
3279 0 6
3280 4 1
3281 20 0
3282 2 1
3283 18 0
3284 10 53
3285 0 27
3286 33 0
3287 27 1
3288 0 10
3289 0 4
3290 23 0
3291 4 55
3292 17 2
3293 54 55
3294 1 14
3295 2 10
3296 25 0
3297 34 3
3298 0 46
3299 1 1
3300 16 2
3301 3 49
3302 6 0
3303 1 17
3304 0 31
3305 0 52
3306 7 55
3307 1 38
3308 42 55
3309 0 2
3310 5 55
3311 3 55
3312 0 28
3313 2 54
3314 5 2
3315 1 13
3316 34 0
3317 0 9
3318 5 54
3319 2 51
3320 25 3
3321 0 23
3322 17 0
3323 1 30
3324 22 6
3325 0 22
3326 1 20
3327 0 37
3328 3 1
3329 25 55
3330 0 47
3331 0 48
3332 13 55
3333 8 0
3334 30 55
3335 1 14
3336 2 52
3337 53 0
3338 9 0
3339 14 53
3340 3 50
3341 3 53
3342 22 0
3343 1 4
3344 18 0
3345 29 55
3346 0 49
3347 38 55
3348 0 33
3349 0 53
3350 0 10
3351 27 0
3352 33 0
3353 0 19
3354 0 17
3355 1 43
3356 24 3
3357 2 42
3358 1 17
3359 13 53
3360 1 0
3361 11 51
3362 2 6
3363 0 51
3364 1 35
3365 36 0
3366 4 53
3367 0 21
3368 3 0
3369 1 55
3370 2 2
3371 1 45
3372 2 0
3373 3 9
3374 1 2
3375 1 29
3376 4 55
3377 6 55
3378 14 0
3379 2 3
3380 1 22
3381 10 55
3382 34 55
3383 1 49
3384 2 5
3385 3 1
3386 2 38
3387 21 55
3388 29 1
3389 2 19
3390 1 7
3391 12 55
3392 4 4
3393 0 24
3394 0 30
3395 17 53
3396 0 48
3397 55 0
3398 3 54
3399 0 49
3400 52 0
3401 2 6
3402 1 8
3403 7 0
3404 2 29
3405 0 32
3406 9 1
3407 1 5
3408 1 30
3409 15 2
3410 0 18
3411 4 9
3412 0 46
3413 55 55
3414 0 13
3415 3 8
3416 0 12
3417 1 0
3418 1 23
3419 30 55
3420 23 3
3421 34 0
3422 0 27
3423 0 13
3424 3 2
3425 54 0
3426 0 11
3427 23 0
3428 5 51
3429 2 50
3430 2 28
3431 12 53
3432 2 4
3433 7 2
3434 1 51
3435 0 36
3436 5 0
3437 20 55
3438 7 55
3439 1 48
3440 25 1
3441 0 10
3442 22 3
3443 21 6
3444 0 31
3445 1 47
3446 33 3
3447 0 42
3448 2 43
3449 0 5
3450 1 41
3451 3 7
3452 3 3
3453 10 51
3454 8 0
3455 9 51
3456 1 1
3457 6 55
3458 1 43
3459 33 55
3460 1 28
3461 2 25
3462 2 54
3463 25 0
3464 2 43
3465 0 12
3466 28 0
3467 6 0
3468 44 0
3469 1 22
3470 54 55
3471 0 26
3472 16 53
3473 3 50
3474 1 34
3475 1 23
3476 3 42
3477 12 52
3478 1 40
3479 1 7
3480 2 5
3481 45 0
3482 0 9
3483 28 55
3484 55 0
3485 32 55
3486 2 6
3487 0 22
3488 0 38
3489 1 25
3490 3 2
3491 21 0
3492 0 43
3493 13 55
3494 24 55
3495 0 7
3496 5 1
3497 7 0
3498 3 41
3499 1 8
3500 0 34
3501 1 6
3502 1 3
3503 21 3
3504 0 48
3505 1 10
3506 0 10
3507 22 54
3508 55 55
3509 4 1
3510 0 39
3511 3 9
3512 0 9
3513 0 44
3514 1 43
3515 0 45
3516 1 16
3517 2 50
3518 3 6
3519 8 51
3520 3 5
3521 2 9
3522 4 3
3523 15 53
3524 1 11
3525 11 52
3526 20 6
3527 19 6
3528 0 2
3529 4 0
3530 3 48
3531 2 1
3532 8 0
3533 54 55
3534 7 0
3535 2 45
3536 3 54
3537 3 55
3538 22 52
3539 4 4
3540 1 38
3541 3 6
3542 1 37
3543 0 13
3544 0 35
3545 0 3
3546 11 51
3547 8 0
3548 2 23
3549 16 55
3550 10 51
3551 26 0
3552 0 33
3553 5 55
3554 2 14
3555 3 3
3556 2 7
3557 9 55
3558 10 0
3559 20 0
3560 0 23
3561 2 43
3562 0 51
3563 4 5
3564 29 2
3565 2 55
3566 8 55
3567 4 52
3568 0 55
3569 0 20
3570 30 54
3571 2 30
3572 3 5
3573 1 41
3574 0 36
3575 9 53
3576 41 55
3577 1 44
3578 0 4
3579 3 6
3580 27 55
3581 14 2
3582 12 55
3583 9 55
3584 21 52
3585 9 2
3586 0 35
3587 4 4
3588 13 0
3589 2 2
3590 4 5
3591 0 38
3592 0 2
3593 33 0
3594 4 3
3595 0 6
3596 41 0
3597 3 2
3598 1 22
3599 30 55
3600 6 2
3601 8 2
3602 4 53
3603 5 0
3604 2 10
3605 1 30
3606 0 21
3607 1 33
3608 6 0
3609 5 1
3610 23 55
3611 0 46
3612 0 49
3613 1 40
3614 0 10
3615 0 25
3616 19 55
3617 35 0
3618 8 53
3619 2 30
3620 0 14
3621 29 55
3622 54 0
3623 33 1
3624 1 12
3625 0 7
3626 44 0
3627 20 52
3628 1 36
3629 1 19
3630 3 5
3631 18 6
3632 8 3
3633 14 53
3634 55 55
3635 12 0
3636 2 48
3637 2 13
3638 1 5
3639 3 0
3640 0 33
3641 0 48
3642 0 34
3643 20 3
3644 21 54
3645 11 55
3646 25 0
3647 0 37
3648 0 49
3649 7 51
3650 1 33
3651 1 52
3652 1 2
3653 12 55
3654 0 17
3655 13 53
3656 0 48
3657 32 3
3658 4 0
3659 30 0
3660 1 11
3661 2 12
3662 2 24
3663 30 55
3664 18 55
3665 0 20
3666 1 50
3667 55 0
3668 43 0
3669 44 0
3670 3 0
3671 0 6
3672 0 54
3673 0 9
3674 1 21
3675 4 0
3676 26 55
3677 0 50
3678 1 49
3679 0 2
3680 10 1
3681 9 51
3682 0 44
3683 11 0
3684 12 0
3685 25 55
3686 54 55
3687 4 6
3688 54 0
3689 1 51
3690 37 55
3691 4 55
3692 26 55
3693 9 50
3694 1 46
3695 9 0
3696 4 7
3697 12 53
3698 19 3
3699 1 44
3700 8 50
3701 1 47
3702 19 52
3703 29 55
3704 3 48
3705 1 32
3706 2 3
3707 1 6
3708 0 33
3709 0 45
3710 18 3
3711 55 0
3712 0 47
3713 55 55
3714 17 3
3715 1 5
3716 54 55
3717 16 3
3718 0 38
3719 0 30
3720 31 3
3721 4 52
3722 31 0
3723 27 0
3724 10 2
3725 2 4
3726 1 18
3727 3 52
3728 28 0
3729 2 23
3730 2 46
3731 2 54
3732 0 24
3733 11 55
3734 54 0
3735 2 53
3736 2 2
3737 40 0
3738 22 0
3739 0 16
3740 7 0
3741 0 18
3742 4 54
3743 1 29
3744 10 0
3745 0 25
3746 15 55
3747 0 10
3748 28 55
3749 8 55
3750 4 51
3751 27 0
3752 1 24
3753 0 3
3754 34 0
3755 40 55
3756 15 3
3757 43 0
3758 0 7
3759 17 6
3760 51 0
3761 1 46
3762 1 48
3763 2 6
3764 0 31
3765 32 1
3766 7 53
3767 3 2
3768 8 49
3769 0 12
3770 1 25
3771 0 30
3772 0 48
3773 55 0
3774 9 2
3775 13 2
3776 18 52
3777 2 3
3778 0 44
3779 20 1
3780 17 0
3781 39 55
3782 29 55
3783 6 3
3784 14 55
3785 32 2
3786 0 22
3787 54 0
3788 1 28
3789 4 55
3790 1 14
3791 13 0
3792 0 36
3793 0 23
3794 0 9
3795 2 7
3796 11 53
3797 15 51
3798 0 47
3799 21 0
3800 28 55
3801 2 1
3802 6 2
3803 12 2
3804 50 0
3805 22 55
3806 4 50
3807 0 52
3808 17 52
3809 28 2
3810 10 53
3811 9 55
3812 0 40
3813 16 6
3814 0 11
3815 1 9
3816 1 22
3817 2 24
3818 20 54
3819 1 55
3820 40 55
3821 1 17
3822 4 6
3823 3 0
3824 55 0
3825 12 0
3826 0 15
3827 1 11
3828 1 8
3829 29 55
3830 36 55
3831 3 4
3832 11 2
3833 20 55
3834 2 29
3835 1 40
3836 55 55
3837 0 2
3838 0 6
3839 23 55
3840 0 10
3841 0 35
3842 3 6
3843 30 3
3844 2 4
3845 21 55
3846 1 7
3847 1 45
3848 13 0
3849 11 1
3850 25 55
3851 26 55
3852 7 3
3853 0 46
3854 1 53
3855 0 29
3856 0 37
3857 1 27
3858 7 4
3859 28 55
3860 1 24
3861 7 55
3862 0 17
3863 2 23
3864 2 6
3865 0 40
3866 14 51
3867 35 55
3868 3 47
3869 6 51
3870 3 55
3871 0 13
3872 29 3
3873 42 0
3874 2 0
3875 5 51
3876 30 0
3877 2 28
3878 0 11
3879 2 9
3880 2 52
3881 16 52
3882 12 0
3883 13 51
3884 20 55
3885 39 55
3886 0 32
3887 3 48
3888 0 7
3889 12 55
3890 6 55
3891 33 0
3892 0 30
3893 3 52
3894 8 2
3895 3 6
3896 13 0
3897 12 0
3898 0 18
3899 1 26
3900 0 8
3901 3 23
3902 39 0
3903 0 6
3904 29 0
3905 21 55
3906 25 55
3907 0 45
3908 2 53
3909 1 9
3910 2 14
3911 1 2
3912 0 3
3913 15 52
3914 1 28
3915 7 49
3916 5 52
3917 0 46
3918 19 1
3919 0 55
3920 0 29
3921 0 26
3922 4 4
3923 1 49
3924 2 51
3925 1 43
3926 2 55
3927 2 23
3928 1 52
3929 20 0
3930 0 7
3931 0 45
3932 38 0
3933 0 34
3934 23 54
3935 11 2
3936 2 28
3937 20 55
3938 0 28
3939 0 51
3940 27 1
3941 17 55
3942 4 3
3943 3 23
3944 16 55
3945 1 3
3946 2 1
3947 2 5
3948 6 0
3949 15 6
3950 13 0
3951 49 0
3952 1 12
3953 3 50
3954 14 52
3955 1 14
3956 1 21
3957 16 0
3958 19 55
3959 27 55
3960 0 8
3961 14 53
3962 0 39
3963 2 23
3964 6 4
3965 2 3
3966 2 41
3967 0 35
3968 15 0
3969 3 53
3970 2 24
3971 1 31
3972 28 0
3973 3 52
3974 3 7
3975 0 34
3976 24 55
3977 2 14
3978 21 0
3979 0 35
3980 54 0
3981 0 19
3982 13 55
3983 19 0
3984 0 17
3985 6 53
3986 0 27
3987 3 55
3988 3 4
3989 1 3
3990 5 3
3991 0 34
3992 31 2
3993 4 0
3994 13 53
3995 7 0
3996 0 50
3997 16 0
3998 2 12
3999 15 55
4000 0 20
4001 2 48
4002 8 55
4003 26 1
4004 0 31
4005 4 3
4006 0 18
4007 2 55
4008 11 55
4009 2 0
4010 41 0
4011 0 52
4012 31 55
4013 1 13
4014 2 1
4015 3 1
4016 1 27
4017 0 17
4018 0 46
4019 3 6
4020 2 15
4021 3 0
4022 0 43
4023 16 55
4024 0 49
4025 0 2
4026 3 49
4027 3 51
4028 1 48
4029 4 2
4030 0 18
4031 0 19
4032 0 5
4033 22 0
4034 15 55
4035 3 2
4036 3 52
4037 5 4
4038 1 6
4039 0 45
4040 34 55
4041 0 40
4042 0 17
4043 1 1
4044 3 51
4045 2 0
4046 2 14
4047 37 0
4048 10 55
4049 54 55
4050 3 7
4051 0 39
4052 2 1
4053 1 46
4054 1 0
4055 1 7
4056 6 3
4057 1 4
4058 3 52
4059 0 44
4060 8 54
4061 25 55
4062 5 51
4063 2 45
4064 0 13
4065 28 55
4066 55 55
4067 2 2
4068 10 2
4069 0 27
4070 0 33
4071 0 4
4072 0 34
4073 4 0
4074 12 51
4075 2 44
4076 48 0
4077 1 51
4078 26 2
4079 7 2
4080 1 14
4081 2 0
4082 0 22
4083 2 27
4084 14 6
4085 33 55
4086 0 23
4087 5 55
4088 3 6
4089 2 51
4090 13 6
4091 40 0
4092 1 42
4093 38 55
4094 0 30
4095 12 53
4096 1 10
4097 0 20
4098 2 28
4099 5 53
4100 55 0
4101 14 3
4102 36 0
4103 30 55
4104 1 12
4105 2 10
4106 2 22
4107 4 51
4108 2 1
4109 0 9
4110 27 0
4111 6 1
4112 21 0
4113 1 51
4114 12 54
4115 1 55
4116 0 21
4117 2 40
4118 0 36
4119 3 7
4120 27 55
4121 1 22
4122 1 9
4123 9 0
4124 18 0
4125 11 54
4126 2 14
4127 1 4
4128 1 41
4129 18 55
4130 2 52
4131 35 0
4132 0 6
4133 2 26
4134 0 46
4135 28 1
4136 10 0
4137 25 2
4138 8 2
4139 4 3
4140 9 53
4141 0 29
4142 1 15
4143 0 47
4144 2 2
4145 8 0
4146 0 55
4147 0 45
4148 19 0
4149 24 2
4150 1 32
4151 0 41
4152 37 55
4153 24 0
4154 10 3
4155 1 29
4156 1 49
4157 1 24
4158 0 28
4159 1 18
4160 24 55
4161 2 11
4162 9 55
4163 9 3
4164 0 49
4165 7 3
4166 0 15
4167 17 55
4168 0 10
4169 0 22
4170 0 32
4171 54 0
4172 26 0
4173 5 5
4174 1 26
4175 54 55
4176 18 55
4177 0 16
4178 36 0
4179 6 49
4180 1 41
4181 4 2
4182 28 0
4183 55 0
4184 2 6
4185 0 31
4186 23 0
4187 2 10
4188 10 55
4189 0 5
4190 1 11
4191 0 41
4192 1 43
4193 4 53
4194 2 46
4195 17 55
4196 1 41
4197 4 54
4198 3 3
4199 0 7
4200 3 8
4201 0 43
4202 7 2
4203 0 24
4204 1 32
4205 0 19
4206 1 49
4207 3 48
4208 11 51
4209 6 55
4210 9 2
4211 3 51
4212 0 8
4213 1 53
4214 29 0
4215 47 0
4216 26 55
4217 28 3
4218 2 39
4219 0 6
4220 32 0
4221 4 55
4222 3 4
4223 0 41
4224 27 55
4225 39 0
4226 5 49
4227 0 23
4228 28 0
4229 55 55
4230 12 55
4231 2 27
4232 0 7
4233 32 55
4234 10 51
4235 3 50
4236 6 0
4237 1 0
4238 38 0
4239 2 28
4240 0 8
4241 24 0
4242 1 44
4243 0 46
4244 8 55
4245 54 0
4246 26 1
4247 3 1
4248 0 40
4249 2 5
4250 46 0
4251 0 30
4252 3 47
4253 23 0
4254 2 45
4255 4 54
4256 2 1
4257 0 12
4258 2 6
4259 0 14
4260 14 55
4261 36 55
4262 3 0
4263 9 1
4264 26 55
4265 6 2
4266 3 55
4267 0 17
4268 12 0
4269 24 0
4270 54 55
4271 35 0
4272 2 3
4273 4 49
4274 0 27
4275 0 15
4276 1 14
4277 5 0
4278 1 12
4279 13 55
4280 29 55
4281 45 0
4282 0 38
4283 31 55
4284 0 5
4285 22 54
4286 4 0
4287 2 47
4288 0 7
4289 1 39
4290 0 14
4291 0 53
4292 12 55
4293 37 0
4294 23 2
4295 0 4
4296 16 55
4297 0 8
4298 0 52
4299 1 36
4300 4 5
4301 2 11
4302 0 15
4303 31 0
4304 0 7
4305 0 54
4306 0 9
4307 9 51
4308 3 45
4309 2 27
4310 2 45
4311 13 0
4312 30 2
4313 2 39
4314 55 55
4315 29 2
4316 1 6
4317 13 3
4318 2 18
4319 0 39
4320 0 11
4321 1 19
4322 2 4
4323 14 54
4324 38 0
4325 9 55
4326 2 17
4327 0 19
4328 18 0
4329 0 32
4330 2 8
4331 7 0
4332 10 55
4333 0 20
4334 37 0
4335 0 36
4336 27 0
4337 0 40
4338 0 28
4339 2 28
4340 9 55
4341 1 39
4342 11 0
4343 0 41
4344 1 34
4345 0 8
4346 3 52
4347 10 0
4348 12 3
4349 4 3
4350 2 51
4351 1 30
4352 10 54
4353 2 16
4354 3 45
4355 0 48
4356 0 29
4357 34 0
4358 0 25
4359 3 8
4360 0 51
4361 25 1
4362 0 55
4363 4 53
4364 0 22
4365 22 55
4366 21 55
4367 1 2
4368 20 55
4369 5 1
4370 10 55
4371 0 37
4372 2 10
4373 0 31
4374 1 47
4375 2 53
4376 0 9
4377 8 53
4378 35 55
4379 1 27
4380 1 54
4381 2 46
4382 2 7
4383 9 54
4384 2 30
4385 0 8
4386 1 21
4387 2 50
4388 2 55
4389 55 0
4390 5 2
4391 1 16
4392 0 10
4393 0 54
4394 27 3
4395 1 45
4396 15 0
4397 6 1
4398 1 26
4399 3 3
4400 5 55
4401 1 42
4402 19 55
4403 12 6
4404 0 23
4405 0 50
4406 0 27
4407 2 26
4408 17 0
4409 0 44
4410 54 55
4411 9 53
4412 32 55
4413 7 55
4414 1 51
4415 3 9
4416 0 7
4417 0 32
4418 55 55
4419 33 0
4420 8 1
4421 0 47
4422 2 11
4423 26 0
4424 0 30
4425 8 55
4426 0 11
4427 3 0
4428 3 44
4429 1 26
4430 7 55
4431 3 1
4432 11 6
4433 1 43
4434 1 52
4435 0 24
4436 0 21
4437 13 55
4438 10 6
4439 27 55
4440 9 0
4441 0 22
4442 3 51
4443 2 52
4444 0 23
4445 1 42
4446 15 1
4447 25 2
4448 0 22
4449 10 0
4450 2 10
4451 28 2
4452 1 20
4453 1 5
4454 8 51
4455 7 51
4456 1 23
4457 4 55
4458 0 40
4459 34 55
4460 25 1
4461 1 51
4462 0 35
4463 0 43
4464 9 55
4465 1 41
4466 1 22
4467 2 23
4468 0 14
4469 0 49
4470 3 46
4471 1 3
4472 23 55
4473 2 0
4474 1 25
4475 1 28
4476 2 20
4477 0 13
4478 2 44
4479 2 5
4480 12 55
4481 3 4
4482 2 53
4483 2 2
4484 6 55
4485 1 29
4486 0 51
4487 0 16
4488 0 22
4489 0 8
4490 34 0
4491 1 22
4492 15 55
4493 9 6
4494 15 0
4495 0 38
4496 0 45
4497 2 11
4498 7 53
4499 3 49
4500 27 0
4501 3 8
4502 54 0
4503 1 45
4504 0 5
4505 1 10
4506 30 55
4507 1 48
4508 0 26
4509 8 55
4510 2 46
4511 3 9
4512 26 0
4513 4 2
4514 0 41
4515 2 14
4516 11 3
4517 20 0
4518 6 51
4519 1 20
4520 0 6
4521 2 24
4522 16 55
4523 1 52
4524 26 3
4525 9 0
4526 1 55
4527 4 6
4528 4 3
4529 4 52
4530 23 0
4531 0 22
4532 5 0
4533 4 1
4534 0 9
4535 0 48
4536 0 27
4537 0 47
4538 4 0
4539 2 20
4540 26 55
4541 55 0
4542 2 48
4543 0 36
4544 32 54
4545 5 3
4546 12 0
4547 5 51
4548 27 0
4549 10 0
4550 4 49
4551 0 21
4552 4 3
4553 6 0
4554 11 55
4555 2 4
4556 0 53
4557 3 55
4558 1 28
4559 0 10
4560 0 3
4561 54 55
4562 6 3
4563 5 50
4564 1 2
4565 3 46
4566 3 1
4567 5 51
4568 22 55
4569 1 50
4570 0 35
4571 5 55
4572 0 55
4573 33 0
4574 10 55
4575 36 0
4576 3 5
4577 0 48
4578 2 2
4579 2 52
4580 2 23
4581 32 55
4582 2 39
4583 4 53
4584 2 47
4585 2 24
4586 0 33
4587 1 49
4588 8 6
4589 0 23
4590 0 36
4591 0 47
4592 11 55
4593 14 0
4594 2 29
4595 1 35
4596 2 55
4597 25 3
4598 5 0
4599 0 15
4600 54 0
4601 1 52
4602 32 54
4603 32 55
4604 0 35
4605 35 55
4606 2 8
4607 1 20
4608 22 0
4609 0 36
4610 34 55
4611 0 44
4612 0 25
4613 0 11
4614 1 34
4615 0 5
4616 1 8
4617 2 6
4618 3 55
4619 1 47
4620 0 32
4621 2 22
4622 0 45
4623 0 34
4624 0 29
4625 2 46
4626 7 0
4627 35 55
4628 1 13
4629 0 30
4630 1 40
4631 0 18
4632 6 55
4633 1 4
4634 1 24
4635 2 51
4636 0 39
4637 7 6
4638 2 4
4639 0 26
4640 0 25
4641 0 14
4642 25 0
4643 3 4
4644 1 1
4645 0 8
4646 2 9
4647 0 12
4648 1 5
4649 28 0
4650 2 43
4651 0 49
4652 14 55
4653 4 5
4654 2 3
4655 4 51
4656 3 49
4657 1 55
4658 1 32
4659 0 29
4660 0 48
4661 2 12
4662 10 55
4663 2 11
4664 0 42
4665 24 0
4666 15 0
4667 0 55
4668 24 3
4669 0 16
4670 0 32
4671 0 9
4672 0 10
4673 2 12
4674 0 13
4675 22 1
4676 1 3
4677 21 55
4678 3 46
4679 8 54
4680 18 55
4681 2 30
4682 1 16
4683 2 15
4684 19 55
4685 2 28
4686 0 2
4687 0 38
4688 2 3
4689 0 26
4690 1 28
4691 14 0
4692 0 17
4693 0 43
4694 0 6
4695 3 9
4696 18 55
4697 4 50
4698 3 0
4699 2 46
4700 5 55
4701 19 55
4702 1 30
4703 6 55
4704 24 4
4705 1 46
4706 0 8
4707 1 47
4708 3 2
4709 0 41
4710 1 19
4711 1 55
4712 23 3
4713 23 0
4714 0 39
4715 8 0
4716 33 55
4717 9 52
4718 0 42
4719 1 46
4720 55 55
4721 8 52
4722 29 55
4723 1 47
4724 4 6
4725 32 55
4726 1 22
4727 0 7
4728 2 11
4729 0 54
4730 0 25
4731 0 19
4732 4 0
4733 1 49
4734 0 26
4735 6 0
4736 1 12
4737 16 0
4738 30 0
4739 0 3
4740 34 55
4741 7 1
4742 0 9
4743 0 55
4744 2 42
4745 54 55
4746 0 28
4747 22 55
4748 13 55
4749 0 5
4750 4 51
4751 4 5
4752 12 55
4753 0 12
4754 5 0
4755 2 8
4756 0 11
4757 7 2
4758 6 53
4759 0 54
4760 0 50
4761 6 4
4762 3 50
4763 0 20
4764 0 46
4765 0 55
4766 0 38
4767 1 27
4768 0 10
4769 1 50
4770 10 3
4771 31 55
4772 55 55
4773 0 39
4774 33 55
4775 34 55
4776 5 51
4777 0 31
4778 22 3
4779 6 6
4780 0 47
4781 1 29
4782 1 13
4783 35 0
4784 0 2
4785 2 13
4786 1 26
4787 2 0
4788 4 0
4789 1 13
4790 10 1
4791 0 11
4792 24 0
4793 31 0
4794 6 52
4795 5 55
4796 2 54
4797 27 0
4798 9 3
4799 21 55
4800 0 15
4801 1 6
4802 1 19
4803 0 30
4804 33 1
4805 3 53
4806 2 6
4807 22 0
4808 25 55
4809 23 4
4810 6 2
4811 27 2
4812 33 0
4813 4 55
4814 19 0
4815 17 0
4816 0 14
4817 0 16
4818 1 8
4819 15 55
4820 2 49
4821 24 55
4822 3 52
4823 0 52
4824 4 6
4825 2 12
4826 33 1
4827 2 10
4828 33 55
4829 1 3
4830 9 0
4831 3 5
4832 0 44
4833 26 0
4834 2 53
4835 1 4
4836 28 55
4837 0 4
4838 2 29
4839 1 6
4840 1 43
4841 3 12
4842 23 55
4843 0 38
4844 2 2
4845 2 6
4846 3 4
4847 0 13
4848 24 1
4849 1 4
4850 1 0
4851 2 26
4852 11 0
4853 0 53
4854 2 54
4855 2 8
4856 6 53
4857 0 18
4858 18 55
4859 0 45
4860 0 49
4861 0 22
4862 34 0
4863 21 3
4864 1 11
4865 4 2
4866 30 0
4867 0 33
4868 0 15
4869 5 4
4870 2 41
4871 7 0
4872 1 9
4873 0 52
4874 0 46
4875 0 47
4876 12 0
4877 0 40
4878 0 4
4879 1 44
4880 0 46
4881 1 21
4882 25 0
4883 1 41
4884 11 0
4885 30 55
4886 0 3
4887 1 8
4888 17 55
4889 32 55
4890 8 3
4891 4 51
4892 13 55
4893 2 44
4894 0 12
4895 3 53
4896 4 3
4897 0 44
4898 0 31
4899 29 0
4900 1 5
4901 4 2
4902 1 48
4903 9 55
4904 0 14
4905 0 26
4906 30 54
4907 27 55
4908 26 0
4909 20 55
4910 2 12
4911 44 0
4912 26 55
4913 0 35
4914 2 0
4915 0 41
4916 2 21
4917 1 29
4918 5 3
4919 5 4
4920 24 0
4921 3 10
4922 2 25
4923 6 1
4924 32 1
4925 3 55
4926 13 0
4927 4 5
4928 16 0
4929 2 47
4930 2 7
4931 0 48
4932 2 19
4933 4 52
4934 10 2
4935 1 15
4936 1 54
4937 31 55
4938 3 0
4939 20 3
4940 0 54
4941 11 1
4942 11 0
4943 18 0
4944 1 20
4945 0 11
4946 7 3
4947 0 13
4948 0 29
4949 24 1
4950 0 8
4951 2 53
4952 32 55
4953 1 3
4954 0 37
4955 1 47
4956 9 2
4957 2 26
4958 0 17
4959 14 0
4960 5 0
4961 3 53
4962 16 1
4963 4 1
4964 6 2
4965 0 43
4966 25 0
4967 19 55
4968 43 0
4969 1 31
4970 26 2
4971 5 3
4972 2 11
4973 0 20
4974 2 55
4975 22 4
4976 0 6
4977 2 43
4978 4 51
4979 1 49
4980 5 53
4981 0 1
4982 0 28
4983 4 55
4984 12 0
4985 1 44
4986 30 55
4987 0 7
4988 0 45
4989 32 0
4990 1 0
4991 6 1
4992 1 45
4993 8 2
4994 1 8
4995 2 48
4996 4 6
4997 1 1
4998 0 12
4999 3 12
5000 0 46
5001 1 44
5002 8 0
5003 1 11
5004 2 10
5005 1 53
5006 4 2
5007 2 13
5008 3 5
5009 0 9
5010 1 10
5011 0 16
5012 0 24
5013 19 3
5014 5 55
5015 6 5
5016 4 0
5017 1 45
5018 42 0
5019 7 4
5020 3 49
5021 0 39
5022 25 2
5023 0 47
5024 2 4
5025 11 0
5026 2 1
5027 2 8
5028 3 2
5029 1 40
5030 1 1
5031 35 0
5032 0 8
5033 10 55
5034 28 0
5035 1 52
5036 17 54
5037 1 54
5038 1 21
5039 3 11
5040 0 51
5041 0 7
5042 12 55
5043 1 41
5044 3 4
5045 0 11
5046 21 4
5047 1 37
5048 2 1
5049 27 0
5050 1 53
5051 22 55
5052 0 37
5053 1 24
5054 25 3
5055 2 2
5056 2 47
5057 14 55
5058 4 3
5059 0 8
5060 24 0
5061 1 37
5062 0 53
5063 33 55
5064 4 9
5065 25 55
5066 3 5
5067 3 9
5068 0 31
5069 23 1
5070 7 2
5071 2 1
5072 2 38
5073 2 50
5074 0 54
5075 4 9
5076 1 7
5077 2 9
5078 2 51
5079 0 24
5080 0 12
5081 2 21
5082 25 0
5083 1 21
5084 0 17
5085 1 19
5086 32 55
5087 33 55
5088 17 55
5089 0 48
5090 0 5
5091 2 7
5092 1 55
5093 3 48
5094 20 55
5095 55 0
5096 31 0
5097 7 0
5098 18 3
5099 4 55
5100 17 3
5101 0 23
5102 2 25
5103 17 0
5104 2 50
5105 1 18
5106 0 40
5107 16 55
5108 2 27
5109 1 47
5110 8 55
5111 24 0
5112 0 19
5113 0 11
5114 7 55
5115 20 4
5116 0 27
5117 2 42
5118 1 7
5119 0 29
5120 3 4
5121 23 55
5122 16 3
5123 0 50
5124 0 1
5125 1 31
5126 41 0
5127 2 39
5128 1 25
5129 0 15
5130 0 16
5131 2 43
5132 0 10
5133 34 0
5134 1 6
5135 4 49
5136 0 30
5137 0 20
5138 1 12
5139 2 12
5140 4 8
5141 32 55
5142 2 7
5143 2 25
5144 3 5
5145 5 55
5146 3 10
5147 2 5
5148 23 2
5149 1 12
5150 0 18
5151 21 0
5152 22 55
5153 23 55
5154 0 28
5155 2 0
5156 1 32
5157 1 42
5158 1 52
5159 26 55
5160 54 0
5161 24 3
5162 2 53
5163 2 51
5164 17 55
5165 23 0
5166 0 36
5167 2 38
5168 33 55
5169 22 2
5170 3 6
5171 0 55
5172 13 0
5173 24 0
5174 1 55
5175 40 0
5176 3 0
5177 0 37
5178 0 47
5179 55 0
5180 0 6
5181 26 0
5182 1 8
5183 18 0
5184 2 12
5185 8 4
5186 1 11
5187 9 55
5188 0 52
5189 2 14
5190 22 55
5191 54 55
5192 20 0
5193 4 4
5194 0 9
5195 7 4
5196 0 5
5197 32 55
5198 5 52
5199 0 45
5200 33 0
5201 0 41
5202 3 11
5203 2 10
5204 15 55
5205 23 3
5206 3 52
5207 14 0
5208 2 47
5209 7 54
5210 1 41
5211 3 55
5212 2 50
5213 4 11
5214 2 8
5215 23 0
5216 19 55
5217 1 4
5218 1 38
5219 0 35
5220 14 55
5221 0 32
5222 1 24
5223 5 0
5224 30 0
5225 25 55
5226 0 24
5227 3 11
5228 13 0
5229 2 0
5230 19 4
5231 1 28
5232 2 54
5233 5 53
5234 1 0
5235 0 4
5236 4 55
5237 0 48
5238 0 40
5239 1 51
5240 1 24
5241 1 15
5242 23 4
5243 3 4
5244 0 25
5245 21 55
5246 2 4
5247 0 46
5248 8 4
5249 19 54
5250 5 49
5251 1 52
5252 2 0
5253 6 55
5254 0 8
5255 1 10
5256 4 7
5257 0 55
5258 4 8
5259 0 3
5260 1 47
5261 0 45
5262 1 2
5263 29 0
5264 1 44
5265 1 1
5266 0 7
5267 1 46
5268 2 1
5269 0 4
5270 0 19
5271 2 44
5272 0 47
5273 4 50
5274 4 7
5275 29 55
5276 1 44
5277 2 49
5278 1 5
5279 2 0
5280 0 41
5281 22 4
5282 3 25
5283 0 44
5284 8 55
5285 4 53
5286 0 28
5287 21 0
5288 1 45
5289 1 3
5290 9 55
5291 3 1
5292 0 40
5293 0 33
5294 1 0
5295 0 27
5296 2 3
5297 0 12
5298 32 0
5299 11 55
5300 3 10
5301 0 29
5302 19 55
5303 0 15
5304 0 3
5305 24 55
5306 3 14
5307 12 55
5308 0 26
5309 0 54
5310 1 13
5311 9 1
5312 5 48
5313 0 10
5314 22 55
5315 0 6
5316 16 55
5317 1 3
5318 0 39
5319 4 8
5320 4 4
5321 5 53
5322 0 42
5323 4 3
5324 0 5
5325 18 55
5326 0 52
5327 0 22
5328 0 13
5329 0 49
5330 1 43
5331 7 3
5332 39 0
5333 0 55
5334 0 4
5335 0 23
5336 4 53
5337 1 35
5338 1 53
5339 3 0
5340 18 4
5341 2 0
5342 5 5
5343 5 55
5344 21 4
5345 2 50
5346 4 1
5347 0 45
5348 2 6
5349 5 53
5350 17 4
5351 2 3
5352 28 0
5353 1 55
5354 0 22
5355 1 27
5356 25 55
5357 29 0
5358 3 6
5359 0 35
5360 0 20
5361 2 43
5362 0 32
5363 1 43
5364 4 0
5365 1 31
5366 1 28
5367 2 21
5368 0 51
5369 2 49
5370 15 3
5371 1 1
5372 2 52
5373 3 1
5374 1 23
5375 25 0
5376 2 7
5377 5 47
5378 1 48
5379 0 40
5380 31 55
5381 7 52
5382 21 2
5383 1 10
5384 32 55
5385 3 47
5386 5 46
5387 0 55
5388 1 0
5389 4 46
5390 0 3
5391 1 11
5392 15 0
5393 20 0
5394 11 55
5395 2 10
5396 2 9
5397 1 10
5398 6 52
5399 1 7
5400 2 47
5401 1 27
5402 2 1
5403 0 34
5404 19 55
5405 17 0
5406 2 50
5407 3 47
5408 1 5
5409 2 45
5410 3 54
5411 21 55
5412 28 55
5413 1 20
5414 2 7
5415 26 0
5416 3 5
5417 6 51
5418 31 0
5419 0 43
5420 2 0
5421 1 24
5422 12 55
5423 10 0
5424 8 55
5425 16 4
5426 0 17
5427 19 0
5428 0 42
5429 8 0
5430 14 3
5431 1 14
5432 0 52
5433 28 0
5434 12 0
5435 22 55
5436 2 48
5437 0 18
5438 0 28
5439 0 5
5440 4 49
5441 1 39
5442 5 51
5443 0 35
5444 5 4
5445 1 1
5446 3 52
5447 14 0
5448 0 54
5449 2 41
5450 2 55
5451 30 0
5452 3 9
5453 3 2
5454 16 0
5455 31 0
5456 11 55
5457 1 13
5458 6 0
5459 4 53
5460 0 34
5461 1 48
5462 6 3
5463 11 0
5464 12 1
5465 5 1
5466 0 50
5467 2 46
5468 1 49
5469 6 54
5470 0 21
5471 0 16
5472 13 3
5473 3 12
5474 7 55
5475 2 11
5476 0 48
5477 1 26
5478 0 14
5479 2 26
5480 18 55
5481 17 0
5482 25 0
5483 7 0
5484 2 53
5485 3 55
5486 6 53
5487 27 0
5488 1 16
5489 55 55
5490 6 1
5491 3 54
5492 1 55
5493 6 52
5494 3 24
5495 1 44
5496 25 1
5497 3 50
5498 20 2
5499 0 46
5500 4 51
5501 1 46
5502 13 0
5503 3 23
5504 0 27
5505 2 22
5506 24 55
5507 1 19
5508 0 16
5509 0 44
5510 0 29
5511 0 39
5512 0 30
5513 0 23
5514 1 20
5515 30 0
5516 1 47
5517 29 0
5518 20 4
5519 0 40
5520 5 5
5521 1 19
5522 25 55
5523 1 4
5524 4 4
5525 0 15
5526 1 8
5527 1 16
5528 4 3
5529 1 5
5530 0 28
5531 5 54
5532 0 10
5533 1 44
5534 0 4
5535 31 55
5536 1 53
5537 2 51
5538 12 2
5539 19 2
5540 0 55
5541 2 54
5542 13 55
5543 20 0
5544 30 55
5545 21 55
5546 1 10
5547 1 51
5548 9 0
5549 0 10
5550 2 4
5551 9 1
5552 24 55
5553 3 53
5554 54 55
5555 15 1
5556 23 55
5557 25 0
5558 55 55
5559 3 0
5560 15 4
5561 3 48
5562 0 54
5563 2 48
5564 14 55
5565 18 2
5566 0 49
5567 4 4
5568 24 55
5569 0 39
5570 10 0
5571 1 22
5572 15 0
5573 19 55
5574 38 0
5575 0 29
5576 2 9
5577 13 55
5578 0 36
5579 18 0
5580 5 51
5581 1 17
5582 3 9
5583 22 55
5584 1 34
5585 0 8
5586 0 45
5587 0 20
5588 1 50
5589 15 55
5590 4 7
5591 0 50
5592 2 49
5593 21 55
5594 3 55
5595 17 2
5596 13 4
5597 1 49
5598 1 0
5599 1 14
5600 8 0
5601 4 51
5602 7 0
5603 1 38
5604 1 13
5605 4 6
5606 0 33
5607 1 43
5608 1 10
5609 0 35
5610 2 14
5611 4 55
5612 0 9
5613 0 8
5614 54 55
5615 2 19
5616 4 0
5617 1 8
5618 7 4
5619 0 47
5620 19 4
5621 0 17
5622 2 43
5623 0 19
5624 3 6
5625 0 31
5626 1 26
5627 5 3
5628 0 49
5629 2 52
5630 5 53
5631 1 6
5632 2 50
5633 10 55
5634 18 55
5635 1 37
5636 0 8
5637 0 44
5638 16 55
5639 4 48
5640 0 41
5641 0 9
5642 0 55
5643 15 3
5644 5 0
5645 2 8
5646 2 15
5647 1 43
5648 5 2
5649 4 3
5650 0 50
5651 3 0
5652 2 14
5653 22 0
5654 16 0
5655 6 51
5656 0 14
5657 4 7
5658 0 49
5659 0 5
5660 15 55
5661 1 16
5662 18 1
5663 0 51
5664 3 48
5665 27 1
5666 3 51
5667 0 48
5668 12 55
5669 18 4
5670 23 55
5671 6 2
5672 1 46
5673 28 0
5674 11 0
5675 3 47
5676 2 24
5677 2 2
5678 1 11
5679 0 54
5680 1 24
5681 0 20
5682 27 55
5683 2 15
5684 4 51
5685 4 45
5686 10 0
5687 2 11
5688 6 50
5689 1 48
5690 0 38
5691 29 0
5692 4 4
5693 8 0
5694 16 2
5695 1 29
5696 3 10
5697 0 40
5698 0 16
5699 14 3
5700 6 55
5701 26 55
5702 0 53
5703 2 1
5704 9 55
5705 25 55
5706 1 53
5707 0 27
5708 2 26
5709 2 23
5710 2 47
5711 14 2
5712 3 50
5713 0 26
5714 28 0
5715 0 29
5716 0 55
5717 26 1
5718 1 36
5719 2 7
5720 17 4
5721 1 2
5722 2 25
5723 1 55
5724 3 13
5725 2 34
5726 3 43
5727 0 7
5728 11 55
5729 2 50
5730 27 0
5731 0 4
5732 2 0
5733 23 0
5734 9 2
5735 2 44
5736 14 55
5737 8 2
5738 5 3
5739 0 22
5740 0 10
5741 0 6
5742 4 3
5743 0 55
5744 16 3
5745 3 49
5746 0 8
5747 0 37
5748 3 4
5749 0 53
5750 15 0
5751 0 19
5752 1 34
5753 0 20
5754 1 51
5755 1 12
5756 5 3
5757 1 41
5758 0 46
5759 0 18
5760 2 36
5761 6 1
5762 12 55
5763 1 27
5764 1 14
5765 20 55
5766 1 45
5767 6 2
5768 0 7
5769 0 13
5770 16 0
5771 3 52
5772 0 24
5773 1 19
5774 1 46
5775 3 48
5776 2 8
5777 0 48
5778 6 1
5779 6 4
5780 1 5
5781 0 51
5782 2 6
5783 1 1
5784 29 55
5785 14 1
5786 14 2
5787 2 1
5788 4 2
5789 2 13
5790 24 0
5791 2 19
5792 11 55
5793 25 0
5794 4 53
5795 2 45
5796 14 1
5797 0 43
5798 17 5
5799 1 51
5800 0 49
5801 1 3
5802 1 19
5803 2 53
5804 0 21
5805 4 0
5806 24 0
5807 2 16
5808 1 45
5809 7 2
5810 1 28
5811 0 5
5812 2 19
5813 13 55
5814 25 0
5815 55 55
5816 0 22
5817 0 42
5818 2 43
5819 2 9
5820 18 0
5821 1 48
5822 16 5
5823 7 3
5824 6 5
5825 11 0
5826 26 55
5827 0 21
5828 3 3
5829 5 2
5830 5 0
5831 4 0
5832 1 47
5833 4 5
5834 0 47
5835 12 4
5836 0 54
5837 5 0
5838 3 47
5839 2 48
5840 4 4
5841 0 36
5842 0 43
5843 4 50
5844 15 55
5845 0 12
5846 0 23
5847 15 5
5848 0 28
5849 21 0
5850 3 54
5851 0 46
5852 15 3
5853 0 14
5854 5 3
5855 1 2
5856 14 5
5857 2 42
5858 1 21
5859 2 43
5860 0 53
5861 3 55
5862 8 55
5863 2 41
5864 4 5
5865 0 51
5866 2 14
5867 2 54
5868 10 55
5869 6 4
5870 1 3
5871 2 13
5872 0 25
5873 1 2
5874 0 8
5875 0 35
5876 54 0
5877 0 11
5878 0 47
5879 1 6
5880 3 46
5881 13 5
5882 4 10
5883 1 42
5884 12 55
5885 1 5
5886 4 1
5887 6 0
5888 0 32
5889 1 54
5890 1 49
5891 5 55
5892 0 38
5893 11 4
5894 10 54
5895 0 12
5896 19 0
5897 4 54
5898 2 22
5899 7 2
5900 0 30
5901 4 44
5902 11 2
5903 1 52
5904 3 11
5905 10 0
5906 1 3
5907 0 15
5908 1 55
5909 12 5
5910 2 23
5911 3 2
5912 6 49
5913 6 54
5914 17 55
5915 4 4
5916 2 53
5917 3 3
5918 3 51
5919 0 27
5920 2 7
5921 0 6
5922 0 44
5923 18 0
5924 3 5
5925 4 53
5926 24 0
5927 2 47
5928 2 48
5929 37 0
5930 2 3
5931 2 26
5932 25 1
5933 18 55
5934 17 55
5935 54 55
5936 0 37
5937 14 3
5938 2 22
5939 1 51
5940 4 9
5941 1 14
5942 19 55
5943 1 16
5944 5 0
5945 3 54
5946 19 0
5947 1 46
5948 0 43
5949 0 33
5950 0 52
5951 2 55
5952 22 55
5953 6 5
5954 2 34
5955 13 3
5956 1 29
5957 0 32
5958 0 19
5959 0 34
5960 0 44
5961 1 7
5962 14 2
5963 2 23
5964 11 0
5965 1 20
5966 0 28
5967 0 36
5968 2 7
5969 4 49
5970 11 55
5971 1 2
5972 6 53
5973 12 3
5974 6 52
5975 21 1
5976 21 55
5977 1 4
5978 1 7
5979 4 0
5980 3 0
5981 13 3
5982 4 52
5983 55 0
5984 4 54
5985 0 42
5986 36 0
5987 0 43
5988 2 4
5989 1 53
5990 26 0
5991 2 2
5992 4 2
5993 2 3
5994 0 9
5995 1 54
5996 0 53
5997 1 10
5998 4 5
5999 3 7
6000 0 26
6001 0 33
6002 0 24
6003 0 39
6004 15 0
6005 2 47
6006 22 55
6007 0 7
6008 3 13
6009 0 3
6010 35 0
6011 0 44
6012 0 6
6013 4 4
6014 10 2
6015 2 49
6016 2 12
6017 18 0
6018 0 27
6019 0 14
6020 1 12
6021 1 23
6022 9 54
6023 6 55
6024 21 55
6025 28 55
6026 2 37
6027 55 55
6028 1 5
6029 1 22
6030 0 50
6031 9 53
6032 5 55
6033 0 41
6034 4 48
6035 0 10
6036 0 20
6037 17 54
6038 3 6
6039 21 0
6040 23 1
6041 0 43
6042 3 44
6043 4 8
6044 0 45
6045 2 25
6046 0 52
6047 0 8
6048 4 46
6049 3 46
6050 2 13
6051 1 28
6052 5 5
6053 10 4
6054 22 1
6055 3 4
6056 0 29
6057 2 28
6058 2 48
6059 4 5
6060 4 47
6061 0 19
6062 54 0
6063 7 3
6064 0 17
6065 2 40
6066 2 6
6067 1 53
6068 1 28
6069 10 55
6070 0 34
6071 3 6
6072 4 0
6073 5 5
6074 1 47
6075 2 28
6076 17 0
6077 1 26
6078 2 7
6079 1 45
6080 2 33
6081 1 54
6082 4 3
6083 20 0
6084 27 0
6085 1 4
6086 3 54
6087 26 0
6088 0 37
6089 2 24
6090 2 23
6091 4 44
6092 3 44
6093 0 36
6094 0 49
6095 12 3
6096 25 2
6097 1 40
6098 29 55
6099 4 48
6100 3 55
6101 0 31
6102 0 4
6103 0 37
6104 2 4
6105 1 50
6106 7 55
6107 19 0
6108 0 42
6109 0 32
6110 17 1
6111 6 51
6112 24 2
6113 3 50
6114 1 11
6115 2 6
6116 0 18
6117 2 7
6118 3 53
6119 4 44
6120 27 0
6121 18 55
6122 2 1
6123 3 8
6124 8 55
6125 4 6
6126 26 0
6127 3 49
6128 3 1
6129 18 0
6130 34 0
6131 0 22
6132 4 51
6133 2 2
6134 3 5
6135 10 0
6136 2 49
6137 7 55
6138 9 55
6139 1 9
6140 0 7
6141 3 44
6142 20 55
6143 10 55
6144 12 0
6145 4 8
6146 16 54
6147 1 8
6148 23 2
6149 3 3
6150 16 1
6151 23 3
6152 2 12
6153 11 3
6154 3 0
6155 9 55
6156 5 54
6157 0 5
6158 2 53
6159 1 7
6160 0 7
6161 4 44
6162 9 2
6163 3 8
6164 1 28
6165 0 53
6166 1 41
6167 16 2
6168 1 13
6169 0 11
6170 1 1
6171 1 25
6172 25 55
6173 0 35
6174 1 55
6175 1 7
6176 8 53
6177 4 47
6178 0 30
6179 1 4
6180 3 48
6181 17 0
6182 11 2
6183 2 13
6184 5 55
6185 10 55
6186 0 43
6187 2 6
6188 1 33
6189 0 51
6190 2 7
6191 1 6
6192 2 42
6193 55 0
6194 0 42
6195 5 47
6196 3 10
6197 0 20
6198 0 44
6199 6 0
6200 4 47
6201 1 51
6202 5 2
6203 10 1
6204 3 1
6205 2 3
6206 33 0
6207 5 0
6208 22 0
6209 0 41
6210 4 1
6211 6 3
6212 2 12
6213 0 48
6214 2 5
6215 16 53
6216 3 0
6217 3 2
6218 3 44
6219 0 42
6220 2 2
6221 8 55
6222 0 36
6223 2 48
6224 0 9
6225 11 5
6226 3 7
6227 0 38
6228 0 52
6229 2 43
6230 0 50
6231 54 55
6232 22 3
6233 2 50
6234 1 18
6235 3 1
6236 0 49
6237 9 0
6238 4 1
6239 0 43
6240 1 37
6241 0 53
6242 21 3
6243 3 54
6244 14 0
6245 1 29
6246 3 2
6247 2 0
6248 10 0
6249 16 0
6250 0 39
6251 0 37
6252 4 5
6253 0 45
6254 0 23
6255 3 48
6256 15 53
6257 28 55
6258 11 55
6259 1 46
6260 21 0
6261 7 0
6262 1 15
6263 54 0
6264 4 7
6265 1 22
6266 10 55
6267 0 44
6268 0 22
6269 0 29
6270 10 1
6271 3 12
6272 3 50
6273 4 4
6274 0 41
6275 13 2
6276 32 0
6277 0 4
6278 5 49
6279 21 55
6280 14 53
6281 3 4
6282 0 26
6283 11 3
6284 0 7
6285 14 55
6286 3 19
6287 1 3
6288 55 55
6289 0 16
6290 2 19
6291 2 48
6292 0 50
6293 2 2
6294 2 52
6295 3 1
6296 2 22
6297 8 0
6298 2 55
6299 0 8
6300 7 53
6301 31 0
6302 9 0
6303 3 53
6304 11 55
6305 13 55
6306 0 34
6307 0 7
6308 0 49
6309 1 10
6310 3 5
6311 12 2
6312 2 4
6313 2 7
6314 1 5
6315 4 8
6316 0 42
6317 4 0
6318 3 2
6319 0 21
6320 2 33
6321 2 41
6322 0 50
6323 0 12
6324 3 8
6325 11 1
6326 0 38
6327 1 49
6328 1 45
6329 3 55
6330 0 40
6331 6 0
6332 0 3
6333 27 55
6334 15 55
6335 1 33
6336 1 21
6337 23 0
6338 15 2
6339 13 2
6340 1 6
6341 20 3
6342 1 11
6343 0 39
6344 0 22
6345 14 1
6346 55 0
6347 0 51
6348 6 55
6349 1 55
6350 19 3
6351 0 18
6352 0 49
6353 4 49
6354 0 48
6355 30 0
6356 9 55
6357 0 10
6358 2 23
6359 13 0
6360 0 28
6361 1 39
6362 1 36
6363 2 11
6364 11 6
6365 4 55
6366 0 46
6367 7 0
6368 3 55
6369 4 44
6370 1 19
6371 8 55
6372 0 25
6373 17 55
6374 5 47
6375 12 3
6376 0 36
6377 2 22
6378 0 49
6379 3 1
6380 6 53
6381 14 0
6382 18 3
6383 5 53
6384 4 52
6385 20 0
6386 0 27
6387 0 11
6388 1 0
6389 3 2
6390 0 55
6391 17 0
6392 1 50
6393 15 1
6394 0 37
6395 0 17
6396 5 4
6397 4 8
6398 1 9
6399 3 3
6400 15 0
6401 3 13
6402 1 41
6403 3 8
6404 4 47
6405 2 15
6406 3 12
6407 2 33
6408 14 1
6409 1 12
6410 0 52
6411 0 47
6412 5 1
6413 13 53
6414 1 48
6415 1 1
6416 12 53
6417 10 6
6418 1 16
6419 2 21
6420 19 0
6421 3 51
6422 15 54
6423 1 0
6424 1 21
6425 4 3
6426 1 55
6427 0 41
6428 0 8
6429 0 31
6430 0 54
6431 5 54
6432 0 30
6433 0 21
6434 5 51
6435 0 33
6436 2 9
6437 16 55
6438 2 32
6439 0 31
6440 54 0
6441 8 2
6442 1 38
6443 12 0
6444 2 6
6445 5 55
6446 0 50
6447 1 43
6448 3 44
6449 3 1
6450 28 55
6451 0 46
6452 0 48
6453 25 0
6454 0 13
6455 5 50
6456 1 2
6457 2 43
6458 3 3
6459 4 6
6460 1 11
6461 2 38
6462 2 55
6463 9 4
6464 22 0
6465 8 4
6466 54 55
6467 0 55
6468 2 1
6469 0 6
6470 4 7
6471 1 9
6472 5 2
6473 4 54
6474 0 54
6475 0 12
6476 0 24
6477 2 10
6478 17 55
6479 7 3
6480 0 34
6481 0 9
6482 10 55
6483 17 1
6484 1 49
6485 11 55
6486 2 2
6487 0 51
6488 17 3
6489 12 2
6490 0 43
6491 13 1
6492 17 0
6493 1 32
6494 10 0
6495 16 3
6496 1 40
6497 2 14
6498 0 42
6499 3 9
6500 3 8
6501 1 8
6502 15 3
6503 1 22
6504 1 44
6505 1 7
6506 0 30
6507 2 45
6508 0 11
6509 5 52
6510 2 53
6511 8 5
6512 1 4
6513 17 1
6514 4 3
6515 1 8
6516 1 50
6517 4 44
6518 17 0
6519 2 3
6520 9 6
6521 3 50
6522 1 53
6523 2 4
6524 0 25
6525 3 0
6526 0 24
6527 3 51
6528 1 41
6529 55 0
6530 0 41
6531 4 6
6532 2 42
6533 4 52
6534 3 3
6535 2 0
6536 0 28
6537 54 0
6538 0 7
6539 5 47
6540 0 10
6541 55 55
6542 0 45
6543 2 44
6544 0 23
6545 3 9
6546 3 42
6547 2 29
6548 4 1
6549 0 49
6550 4 3
6551 0 26
6552 14 1
6553 17 1
6554 9 0
6555 13 1
6556 6 2
6557 0 55
6558 4 7
6559 0 53
6560 24 0
6561 15 55
6562 3 1
6563 2 43
6564 17 0
6565 1 53
6566 11 2
6567 10 1
6568 7 55
6569 2 8
6570 0 12
6571 4 9
6572 1 6
6573 0 25
6574 2 7
6575 25 0
6576 10 0
6577 0 27
6578 2 3
6579 0 33
6580 2 6
6581 1 38
6582 1 9
6583 55 0
6584 2 7
6585 0 34
6586 1 21
6587 0 8
6588 13 54
6589 1 1
6590 2 23
6591 3 6
6592 1 7
6593 0 22
6594 3 8
6595 0 36
6596 11 53
6597 9 7
6598 1 24
6599 5 7
6600 1 49
6601 3 49
6602 10 1
6603 2 22
6604 5 5
6605 4 4
6606 5 52
6607 4 10
6608 0 42
6609 2 23
6610 0 52
6611 0 54
6612 3 2
6613 1 6
6614 3 55
6615 0 40
6616 2 5
6617 4 51
6618 1 7
6619 0 29
6620 5 0
6621 0 49
6622 1 12
6623 0 15
6624 10 55
6625 3 44
6626 0 32
6627 5 49
6628 1 35
6629 10 2
6630 20 55
6631 0 11
6632 0 43
6633 1 6
6634 2 11
6635 1 45
6636 0 33
6637 4 0
6638 4 6
6639 20 0
6640 4 47
6641 0 55
6642 1 2
6643 2 55
6644 14 55
6645 2 21
6646 1 37
6647 0 7
6648 3 55
6649 4 44
6650 0 35
6651 54 0
6652 3 10
6653 9 55
6654 3 3
6655 0 18
6656 0 6
6657 5 53
6658 5 8
6659 23 0
6660 4 48
6661 7 54
6662 8 0
6663 0 54
6664 27 55
6665 19 0
6666 0 50
6667 55 0
6668 5 2
6669 2 19
6670 0 10
6671 26 0
6672 25 0
6673 7 1
6674 4 10
6675 20 0
6676 7 55
6677 29 0
6678 0 7
6679 2 47
6680 0 55
6681 3 23
6682 6 3
6683 0 30
6684 4 1
6685 0 2
6686 0 6
6687 2 2
6688 0 24
6689 0 47
6690 0 51
6691 18 0
6692 1 20
6693 6 5
6694 1 11
6695 11 3
6696 0 53
6697 14 3
6698 1 53
6699 12 54
6700 1 12
6701 28 55
6702 2 1
6703 0 29
6704 2 18
6705 0 49
6706 2 2
6707 2 49
6708 0 14
6709 3 0
6710 11 55
6711 6 1
6712 0 44
6713 0 4
6714 2 3
6715 16 55
6716 11 4
6717 13 3
6718 0 42
6719 1 33
6720 0 11
6721 2 41
6722 3 5
6723 2 28
6724 0 37
6725 7 54
6726 13 55
6727 1 19
6728 3 13
6729 1 0
6730 4 7
6731 1 43
6732 14 1
6733 3 44
6734 14 55
6735 6 55
6736 2 33
6737 5 52
6738 1 33
6739 5 5
6740 3 51
6741 10 53
6742 1 6
6743 0 53
6744 24 55
6745 3 1
6746 2 55
6747 3 48
6748 1 53
6749 28 0
6750 7 5
6751 8 7
6752 3 9
6753 1 23
6754 26 0
6755 3 12
6756 1 8
6757 1 5
6758 1 51
6759 2 4
6760 0 30
6761 2 33
6762 0 6
6763 9 53
6764 13 1
6765 13 55
6766 23 55
6767 1 33
6768 3 55
6769 0 48
6770 4 1
6771 0 54
6772 2 17
6773 1 10
6774 4 11
6775 0 34
6776 22 55
6777 2 3
6778 0 36
6779 0 37
6780 1 4
6781 2 10
6782 0 49
6783 54 0
6784 4 46
6785 0 25
6786 8 55
6787 2 55
6788 0 52
6789 1 50
6790 7 0
6791 0 17
6792 55 0
6793 2 20
6794 8 0
6795 9 55
6796 1 36
6797 2 1
6798 2 51
6799 0 8
6800 1 40
6801 3 50
6802 2 13
6803 1 7
6804 54 0
6805 27 55
6806 1 6
6807 7 0
6808 3 13
6809 6 4
6810 4 0
6811 2 14
6812 10 3
6813 0 10
6814 1 28
6815 4 55
6816 0 23
6817 5 6
6818 3 12
6819 4 42
6820 0 40
6821 2 7
6822 0 55
6823 0 54
6824 0 50
6825 2 21
6826 2 18
6827 1 46
6828 22 0
6829 2 13
6830 0 26
6831 1 41
6832 4 54
6833 2 53
6834 2 8
6835 1 22
6836 6 3
6837 6 0
6838 4 9
6839 2 16
6840 4 2
6841 1 53
6842 0 41
6843 6 5
6844 3 2
6845 0 35
6846 4 6
6847 1 16
6848 8 53
6849 3 42
6850 7 2
6851 20 1
6852 0 7
6853 5 6
6854 54 55
6855 4 1
6856 26 55
6857 0 45
6858 0 3
6859 4 50
6860 0 48
6861 5 0
6862 1 25
6863 9 3
6864 2 42
6865 2 6
6866 0 47
6867 2 0
6868 3 50
6869 2 44
6870 8 0
6871 10 0
6872 3 3
6873 12 53
6874 0 48
6875 0 42
6876 2 45
6877 1 23
6878 1 6
6879 1 48
6880 0 34
6881 0 48
6882 1 50
6883 2 17
6884 0 46
6885 3 0
6886 3 9
6887 2 53
6888 4 55
6889 11 53
6890 8 55
6891 1 49
6892 7 0
6893 0 50
6894 1 22
6895 4 52
6896 0 20
6897 10 53
6898 8 52
6899 14 0
6900 12 1
6901 3 42
6902 0 28
6903 4 10
6904 0 11
6905 0 24
6906 1 51
6907 55 0
6908 0 12
6909 1 47
6910 0 43
6911 5 4
6912 0 11
6913 0 23
6914 21 0
6915 9 53
6916 7 52
6917 25 0
6918 7 5
6919 2 51
6920 6 6
6921 0 10
6922 15 0
6923 0 22
6924 23 55
6925 1 52
6926 8 3
6927 7 1
6928 1 44
6929 1 10
6930 0 51
6931 9 0
6932 4 11
6933 2 5
6934 55 55
6935 4 49
6936 3 5
6937 1 46
6938 54 0
6939 12 3
6940 10 0
6941 14 55
6942 3 52
6943 3 55
6944 2 50
6945 2 4
6946 55 0
6947 1 3
6948 0 41
6949 1 15
6950 3 7
6951 5 55
6952 4 2
6953 13 3
6954 0 47
6955 0 44
6956 1 18
6957 5 1
6958 0 25
6959 14 0
6960 2 23
6961 1 21
6962 0 16
6963 10 4
6964 0 49
6965 2 15
6966 15 0
6967 9 55
6968 4 0
6969 5 49
6970 0 18
6971 2 21
6972 13 0
6973 7 7
6974 1 39
6975 7 2
6976 1 13
6977 7 55
6978 0 40
6979 19 55
6980 1 17
6981 1 8
6982 2 33
6983 5 3
6984 2 7
6985 2 2
6986 3 13
6987 2 48
6988 27 0
6989 3 45
6990 5 54
6991 8 55
6992 5 55
6993 8 53
6994 3 2
6995 0 35
6996 0 0
6997 3 7
6998 2 24
6999 2 7
7000 4 52
7001 1 33
7002 1 50
7003 7 8
7004 1 30
7005 10 55
7006 1 23
7007 2 54
7008 4 47
7009 0 21
7010 0 24
7011 8 4
7012 22 0
7013 17 0
7014 4 54
7015 1 11
7016 3 12
7017 1 22
7018 0 45
7019 6 55
7020 6 3
7021 0 23
7022 8 3
7023 2 9
7024 2 20
7025 2 10
7026 1 1
7027 12 3
7028 9 4
7029 4 3
7030 4 46
7031 8 2
7032 1 38
7033 0 24
7034 5 55
7035 3 47
7036 3 49
7037 8 4
7038 1 47
7039 2 5
7040 2 16
7041 0 46
7042 2 12
7043 2 0
7044 0 39
7045 1 15
7046 54 55
7047 0 34
7048 3 11
7049 0 42
7050 18 55
7051 3 4
7052 0 23
7053 2 23
7054 0 11
7055 5 48
7056 6 2
7057 7 54
7058 22 55
7059 3 10
7060 2 4
7061 1 2
7062 9 4
7063 2 24
7064 0 13
7065 11 3
7066 0 36
7067 0 44
7068 1 45
7069 3 0
7070 0 31
7071 0 12
7072 24 0
7073 2 10
7074 2 22
7075 2 50
7076 4 8
7077 4 47
7078 11 1
7079 7 4
7080 1 13
7081 1 4
7082 2 53
7083 13 55
7084 3 9
7085 2 47
7086 0 37
7087 2 9
7088 9 53
7089 6 52
7090 6 0
7091 0 19
7092 3 10
7093 0 13
7094 21 0
7095 0 6
7096 0 2
7097 1 18
7098 7 5
7099 6 55
7100 3 48
7101 26 0
7102 25 55
7103 2 55
7104 1 35
7105 3 53
7106 7 4
7107 1 44
7108 2 6
7109 0 20
7110 0 8
7111 2 53
7112 24 55
7113 5 6
7114 19 1
7115 0 32
7116 0 30
7117 3 6
7118 3 24
7119 1 21
7120 5 46
7121 1 6
7122 5 5
7123 3 1
7124 1 50
7125 8 1
7126 5 3
7127 18 0
7128 19 55
7129 55 55
7130 3 49
7131 9 3
7132 4 11
7133 0 12
7134 0 43
7135 0 40
7136 0 35
7137 0 52
7138 12 1
7139 0 27
7140 5 55
7141 11 55
7142 0 17
7143 0 34
7144 1 51
7145 2 50
7146 3 55
7147 1 46
7148 2 10
7149 27 0
7150 1 19
7151 25 55
7152 1 53
7153 2 44
7154 1 7
7155 8 0
7156 27 55
7157 11 1
7158 1 42
7159 3 52
7160 54 55
7161 0 3
7162 5 45
7163 5 49
7164 5 44
7165 1 0
7166 3 48
7167 0 50
7168 0 15
7169 3 49
7170 6 55
7171 0 6
7172 0 45
7173 1 14
7174 8 3
7175 5 0
7176 4 5
7177 5 5
7178 0 47
7179 54 0
7180 1 44
7181 20 0
7182 2 55
7183 12 0
7184 0 49
7185 2 45
7186 0 55
7187 2 1
7188 7 53
7189 0 29
7190 14 55
7191 0 2
7192 2 41
7193 0 30
7194 2 33
7195 14 0
7196 15 0
7197 0 26
7198 4 2
7199 0 54
7200 8 2
7201 0 44
7202 24 55
7203 17 55
7204 55 55
7205 13 55
7206 0 51
7207 0 22
7208 1 33
7209 16 55
7210 0 29
7211 2 24
7212 4 0
7213 25 55
7214 6 8
7215 0 55
7216 7 0
7217 0 21
7218 1 36
7219 0 39
7220 13 0
7221 3 0
7222 0 35
7223 0 11
7224 0 40
7225 3 24
7226 7 54
7227 5 48
7228 19 2
7229 1 34
7230 54 55
7231 2 17
7232 21 55
7233 2 13
7234 2 3
7235 0 46
7236 3 55
7237 1 51
7238 12 0
7239 10 1
7240 2 48
7241 4 4
7242 6 5
7243 18 55
7244 3 47
7245 3 45
7246 1 12
7247 5 5
7248 7 1
7249 3 20
7250 1 6
7251 3 10
7252 6 4
7253 0 47
7254 5 55
7255 55 0
7256 0 3
7257 1 33
7258 1 34
7259 14 55
7260 0 27
7261 0 2
7262 26 0
7263 2 10
7264 4 53
7265 0 4
7266 0 39
7267 0 54
7268 2 15
7269 2 18
7270 6 1
7271 0 31
7272 4 44
7273 0 25
7274 4 5
7275 5 7
7276 0 18
7277 18 2
7278 13 55
7279 5 5
7280 9 55
7281 2 17
7282 2 44
7283 6 3
7284 0 14
7285 15 55
7286 0 50
7287 3 54
7288 13 0
7289 16 0
7290 4 1
7291 2 21
7292 3 3
7293 20 55
7294 0 34
7295 7 0
7296 3 43
7297 23 0
7298 17 2
7299 1 14
7300 4 5
7301 21 55
7302 0 55
7303 0 53
7304 9 1
7305 0 7
7306 0 33
7307 5 53
7308 0 14
7309 0 23
7310 16 2
7311 24 55
7312 0 10
7313 0 52
7314 1 5
7315 3 13
7316 2 6
7317 7 55
7318 54 0
7319 2 51
7320 15 0
7321 3 6
7322 4 52
7323 5 4
7324 3 55
7325 2 6
7326 2 12
7327 11 54
7328 3 11
7329 0 48
7330 0 54
7331 2 0
7332 16 55
7333 1 23
7334 1 12
7335 0 45
7336 7 54
7337 6 55
7338 0 49
7339 1 4
7340 0 6
7341 1 3
7342 2 34
7343 2 53
7344 0 42
7345 26 55
7346 3 19
7347 11 0
7348 5 54
7349 6 2
7350 12 55
7351 55 0
7352 25 0
7353 6 5
7354 7 53
7355 1 34
7356 0 4
7357 4 0
7358 0 23
7359 1 18
7360 0 11
7361 16 0
7362 0 32
7363 0 55
7364 3 0
7365 1 10
7366 0 35
7367 1 53
7368 1 2
7369 0 12
7370 2 20
7371 0 47
7372 3 6
7373 1 51
7374 1 27
7375 13 55
7376 3 5
7377 1 31
7378 2 6
7379 0 11
7380 0 41
7381 2 3
7382 0 17
7383 7 54
7384 3 8
7385 0 3
7386 5 44
7387 8 53
7388 1 8
7389 2 36
7390 6 51
7391 2 7
7392 27 0
7393 7 3
7394 8 52
7395 7 52
7396 3 6
7397 3 3
7398 23 55
7399 10 1
7400 9 1
7401 1 33
7402 4 7
7403 8 54
7404 0 51
7405 0 40
7406 0 7
7407 0 27
7408 7 4
7409 4 47
7410 0 12
7411 2 3
7412 0 54
7413 1 15
7414 22 0
7415 1 34
7416 54 0
7417 1 44
7418 1 11
7419 0 33
7420 2 12
7421 4 44
7422 19 55
7423 24 55
7424 2 6
7425 23 55
7426 5 49
7427 28 0
7428 1 10
7429 3 48
7430 0 44
7431 2 43
7432 1 16
7433 25 55
7434 3 43
7435 2 10
7436 2 13
7437 7 53
7438 2 46
7439 7 1
7440 0 15
7441 20 1
7442 2 21
7443 3 4
7444 0 45
7445 3 17
7446 2 7
7447 0 11
7448 10 55
7449 1 36
7450 2 4
7451 5 8
7452 0 31
7453 1 23
7454 10 1
7455 0 23
7456 0 4
7457 1 50
7458 7 55
7459 0 12
7460 8 3
7461 55 0
7462 2 24
7463 1 48
7464 2 49
7465 4 0
7466 6 55
7467 55 55
7468 1 23
7469 21 0
7470 8 2
7471 3 0
7472 4 49
7473 15 0
7474 0 46
7475 0 18
7476 4 50
7477 22 0
7478 0 42
7479 20 0
7480 23 54
7481 12 55
7482 0 11
7483 2 9
7484 2 10
7485 3 52
7486 10 0
7487 1 10
7488 54 0
7489 9 55
7490 2 20
7491 2 3
7492 5 51
7493 0 14
7494 9 1
7495 2 21
7496 0 45
7497 1 46
7498 0 55
7499 0 36
7500 0 37
7501 0 22
7502 16 0
7503 24 0
7504 15 2
7505 0 48
7506 0 32
7507 2 10
7508 3 14
7509 0 36
7510 3 12
7511 15 0
7512 0 23
7513 25 0
7514 0 6
7515 0 54
7516 15 55
7517 14 2
7518 55 0
7519 9 2
7520 1 27
7521 54 0
7522 54 55
7523 0 17
7524 2 6
7525 0 46
7526 1 22
7527 1 43
7528 10 55
7529 6 6
7530 0 3
7531 8 3
7532 7 3
7533 2 46
7534 3 47
7535 1 24
7536 2 24
7537 8 2
7538 13 2
7539 1 31
7540 24 55
7541 7 0
7542 0 19
7543 1 4
7544 0 52
7545 0 41
7546 0 22
7547 0 20
7548 17 0
7549 5 9
7550 0 15
7551 0 7
7552 3 9
7553 1 46
7554 27 0
7555 18 55
7556 3 1
7557 24 0
7558 5 52
7559 10 3
7560 7 5
7561 26 0
7562 0 34
7563 27 0
7564 5 6
7565 11 53
7566 25 55
7567 5 44
7568 0 31
7569 2 17
7570 17 55
7571 3 17
7572 1 5
7573 10 53
7574 1 23
7575 2 25
7576 1 30
7577 4 3
7578 5 8
7579 1 12
7580 0 24
7581 2 19
7582 6 5
7583 1 10
7584 2 10
7585 0 18
7586 0 16
7587 1 11
7588 2 53
7589 24 55
7590 25 0
7591 22 54
7592 0 37
7593 0 28
7594 3 49
7595 1 39
7596 2 39
7597 28 0
7598 0 36
7599 5 1
7600 2 2
7601 0 8
7602 0 44
7603 0 25
7604 1 26
7605 0 6
7606 0 51
7607 6 53
7608 1 45
7609 55 55
7610 0 43
7611 0 39
7612 20 55
7613 18 55
7614 1 20
7615 0 45
7616 1 24
7617 1 33
7618 5 3
7619 12 2
7620 24 0
7621 3 7
7622 0 21
7623 2 17
7624 2 50
7625 0 22
7626 0 20
7627 0 10
7628 17 55
7629 4 0
7630 11 2
7631 22 55
7632 4 46
7633 9 55
7634 3 51
7635 0 53
7636 0 42
7637 1 17
7638 1 29
7639 1 20
7640 7 54
7641 3 42
7642 0 54
7643 1 4
7644 55 0
7645 8 55
7646 3 11
7647 1 16
7648 5 0
7649 54 55
7650 0 55
7651 4 52
7652 4 54
7653 1 5
7654 1 7
7655 0 24
7656 0 33
7657 0 44
7658 0 27
7659 25 0
7660 1 55
7661 0 50
7662 0 29
7663 4 6
7664 5 5
7665 1 29
7666 4 14
7667 1 10
7668 14 55
7669 4 5
7670 1 8
7671 19 55
7672 3 17
7673 2 10
7674 0 7
7675 2 51
7676 1 10
7677 5 50
7678 3 16
7679 0 35
7680 0 45
7681 1 3
7682 0 25
7683 15 1
7684 0 51
7685 1 47
7686 55 55
7687 15 0
7688 0 16
7689 3 39
7690 0 43
7691 5 54
7692 1 42
7693 23 0
7694 2 5
7695 2 8
7696 3 12
7697 4 2
7698 0 30
7699 12 0
7700 1 4
7701 3 52
7702 1 50
7703 1 49
7704 0 24
7705 0 32
7706 2 3
7707 2 40
7708 0 40
7709 54 55
7710 2 50
7711 21 55
7712 2 6
7713 0 8
7714 3 10
7715 1 34
7716 2 9
7717 2 17
7718 7 53
7719 0 50
7720 1 15
7721 0 19
7722 2 47
7723 2 22
7724 1 14
7725 4 6
7726 4 12
7727 0 34
7728 11 55
7729 1 46
7730 0 29
7731 1 23
7732 0 36
7733 0 6
7734 16 55
7735 7 52
7736 13 55
7737 1 24
7738 0 33
7739 14 0
7740 7 4
7741 4 16
7742 3 8
7743 9 55
7744 1 45
7745 0 51
7746 14 55
7747 4 50
7748 0 50
7749 3 19
7750 6 5
7751 0 17
7752 18 55
7753 1 12
7754 15 0
7755 2 51
7756 0 44
7757 0 11
7758 4 55
7759 19 0
7760 5 4
7761 4 47
7762 13 0
7763 0 47
7764 1 28
7765 3 11
7766 3 38
7767 2 39
7768 3 0
7769 0 38
7770 4 5
7771 2 8
7772 9 0
7773 10 0
7774 0 51
7775 0 50
7776 0 7
7777 2 19
7778 0 26
7779 2 21
7780 1 27
7781 54 0
7782 0 21
7783 12 55
7784 15 1
7785 1 51
7786 4 54
7787 0 6
7788 7 51
7789 3 3
7790 0 30
7791 0 42
7792 55 55
7793 3 5
7794 0 25
7795 22 0
7796 6 6
7797 0 46
7798 3 51
7799 7 55
7800 14 54
7801 3 7
7802 15 0
7803 54 55
7804 3 55
7805 10 55
7806 4 53
7807 9 53
7808 1 53
7809 0 29
7810 23 55
7811 3 14
7812 2 11
7813 5 50
7814 15 1
7815 1 41
7816 0 55
7817 0 53
7818 1 9
7819 2 40
7820 12 0
7821 6 55
7822 1 48
7823 0 47
7824 0 49
7825 1 42
7826 1 41
7827 9 0
7828 21 0
7829 0 31
7830 0 50
7831 3 52
7832 55 55
7833 1 35
7834 5 55
7835 9 55
7836 0 52
7837 5 1
7838 0 54
7839 0 10
7840 2 22
7841 20 55
7842 5 6
7843 8 1
7844 0 49
7845 0 15
7846 1 21
7847 1 20
7848 7 3
7849 18 54
7850 4 44
7851 4 14
7852 6 55
7853 3 16
7854 24 0
7855 19 1
7856 2 10
7857 20 0
7858 0 39
7859 0 4
7860 0 41
7861 1 10
7862 2 52
7863 4 0
7864 0 7
7865 9 3
7866 1 8
7867 23 0
7868 1 2
7869 9 4
7870 2 1
7871 1 50
7872 1 6
7873 0 48
7874 0 46
7875 1 47
7876 8 4
7877 0 23
7878 27 0
7879 1 17
7880 21 0
7881 2 18
7882 3 12
7883 15 55
7884 3 1
7885 1 5
7886 0 12
7887 6 52
7888 2 20
7889 4 4
7890 2 42
7891 18 55
7892 13 54
7893 3 46
7894 0 49
7895 1 34
7896 3 53
7897 5 52
7898 1 23
7899 11 0
7900 0 40
7901 2 2
7902 1 19
7903 15 0
7904 4 52
7905 12 0
7906 0 51
7907 1 3
7908 6 1
7909 1 11
7910 3 18
7911 3 37
7912 4 16
7913 21 55
7914 0 22
7915 3 0
7916 2 39
7917 3 1
7918 2 28
7919 8 55
7920 2 50
7921 24 0
7922 10 2
7923 6 2
7924 11 0
7925 2 7
7926 1 9
7927 0 27
7928 0 23
7929 0 52
7930 1 2
7931 2 6
7932 2 4
7933 14 0
7934 20 0
7935 0 37
7936 0 22
7937 0 32
7938 55 0
7939 2 45
7940 0 3
7941 4 8
7942 0 16
7943 6 51
7944 0 23
7945 1 24
7946 26 0
7947 54 0
7948 7 1
7949 2 7
7950 1 29
7951 4 50
7952 8 53
7953 14 55
7954 10 1
7955 0 55
7956 2 18
7957 0 42
7958 3 10
7959 2 37
7960 0 45
7961 13 53
7962 3 14
7963 1 52
7964 17 55
7965 11 55
7966 1 3
7967 0 46
7968 2 27
7969 8 1
7970 9 55
7971 4 55
7972 21 0
7973 4 14
7974 1 44
7975 0 11
7976 2 40
7977 12 0
7978 20 55
7979 8 5
7980 0 44
7981 0 14
7982 7 1
7983 19 55
7984 2 55
7985 1 51
7986 1 6
7987 0 3
7988 0 33
7989 10 2
7990 1 35
7991 0 19
7992 2 1
7993 1 12
7994 0 15
7995 12 53
7996 4 48
7997 0 54
7998 0 4
7999 11 53
8000 2 3
8001 7 4
8002 0 3
8003 27 0
8004 5 50
8005 1 3
8006 0 16
8007 0 30
8008 1 44
8009 2 48
8010 0 41
8011 4 6
8012 0 39
8013 1 28
8014 0 35
8015 1 23
8016 1 45
8017 4 50
8018 19 0
8019 0 8
8020 55 0
8021 8 6
8022 54 55
8023 5 4
8024 1 20
8025 3 16
8026 12 55
8027 7 53
8028 2 43
8029 0 40
8030 0 17
8031 0 51
8032 19 1
8033 6 0
8034 26 0
8035 6 53
8036 0 3
8037 2 11
8038 2 47
8039 1 50
8040 1 49
8041 2 20
8042 0 36
8043 3 18
8044 7 6
8045 0 12
8046 2 49
8047 3 0
8048 16 55
8049 3 9
8050 1 29
8051 20 0
8052 2 8
8053 2 10
8054 4 4
8055 5 4
8056 8 0
8057 2 18
8058 1 4
8059 16 0
8060 0 49
8061 2 5
8062 5 0
8063 0 4
8064 1 28
8065 14 54
8066 23 0
8067 3 5
8068 1 51
8069 0 26
8070 6 0
8071 5 53
8072 2 7
8073 2 36
8074 3 18
8075 10 0
8076 2 8
8077 22 0
8078 7 0
8079 1 55
8080 0 24
8081 17 0
8082 0 39
8083 3 50
8084 15 55
8085 1 40
8086 7 55
8087 1 12
8088 3 45
8089 0 28
8090 3 22
8091 0 32
8092 0 37
8093 3 2
8094 0 45
8095 1 27
8096 2 53
8097 2 18
8098 1 7
8099 0 25
8100 3 51
8101 6 55
8102 0 16
8103 3 55
8104 0 44
8105 1 4
8106 2 24
8107 2 27
8108 1 14
8109 3 50
8110 1 30
8111 1 26
8112 2 28
8113 5 54
8114 3 14
8115 5 51
8116 1 45
8117 2 22
8118 1 19
8119 3 52
8120 0 15
8121 0 43
8122 4 14
8123 2 48
8124 2 25
8125 10 3
8126 1 10
8127 1 44
8128 1 53
8129 3 13
8130 0 6
8131 10 53
8132 9 3
8133 1 9
8134 7 1
8135 2 38
8136 5 0
8137 4 3
8138 2 40
8139 7 0
8140 9 4
8141 2 27
8142 11 55
8143 0 47
8144 7 1
8145 2 28
8146 4 0
8147 15 0
8148 2 27
8149 6 6
8150 0 50
8151 0 26
8152 2 42
8153 4 51
8154 2 11
8155 3 1
8156 2 43
8157 0 30
8158 0 48
8159 2 49
8160 2 7
8161 2 1
8162 1 49
8163 4 54
8164 2 4
8165 55 55
8166 3 4
8167 54 55
8168 3 20
8169 5 51
8170 2 5
8171 0 22
8172 14 0
8173 5 5
8174 1 28
8175 19 0
8176 1 38
8177 5 3
8178 2 42
8179 3 17
8180 8 3
8181 0 55
8182 55 55
8183 2 53
8184 4 1
8185 0 10
8186 2 48
8187 2 46
8188 3 27
8189 0 36
8190 5 8
8191 0 28
8192 0 7
8193 3 3
8194 22 55
8195 5 55
8196 21 0
8197 4 53
8198 3 2
8199 0 23
8200 1 6
8201 2 45
8202 22 0
8203 0 45
8204 4 2
8205 20 0
8206 0 54
8207 4 4
8208 10 1
8209 2 50
8210 23 0
8211 6 0
8212 2 3
8213 21 55
8214 25 0
8215 0 38
8216 2 21
8217 18 1
8218 6 55
8219 9 53
8220 0 19
8221 1 1
8222 18 55
8223 2 19
8224 13 54
8225 1 53
8226 6 4
8227 3 50
8228 9 0
8229 4 5
8230 2 37
8231 2 18
8232 2 36
8233 8 55
8234 1 26
8235 1 34
8236 8 53
8237 20 55
8238 2 14
8239 0 49
8240 2 16
8241 3 6
8242 13 55
8243 9 5
8244 4 54
8245 54 0
8246 3 46
8247 5 6
8248 2 10
8249 17 55
8250 15 54
8251 0 8
8252 2 43
8253 0 51
8254 1 40
8255 4 17
8256 4 53
8257 2 50
8258 0 20
8259 3 8
8260 22 0
8261 6 6
8262 3 17
8263 10 2
8264 0 7
8265 2 53
8266 2 19
8267 4 3
8268 0 33
8269 2 11
8270 0 31
8271 2 42
8272 1 27
8273 1 50
8274 54 55
8275 15 55
8276 2 34
8277 8 0
8278 1 3
8279 2 4
8280 1 21
8281 5 0
8282 8 5
8283 4 47
8284 1 43
8285 0 22
8286 3 9
8287 2 40
8288 18 55
8289 1 44
8290 3 21
8291 11 0
8292 1 24
8293 0 16
8294 9 0
8295 10 55
8296 1 15
8297 1 14
8298 1 33
8299 1 49
8300 3 7
8301 19 0
8302 1 26
8303 0 24
8304 1 18
8305 3 44
8306 55 55
8307 1 17
8308 6 0
8309 2 3
8310 0 50
8311 24 0
8312 1 5
8313 21 0
8314 0 26
8315 0 15
8316 2 46
8317 16 0
8318 3 50
8319 17 0
8320 16 0
8321 8 0
8322 0 33
8323 1 40
8324 3 10
8325 2 27
8326 7 5
8327 3 45
8328 22 0
8329 0 23
8330 8 5
8331 7 4
8332 1 35
8333 8 6
8334 2 49
8335 1 26
8336 7 2
8337 13 0
8338 2 28
8339 0 17
8340 8 5
8341 5 55
8342 0 46
8343 4 6
8344 16 55
8345 3 54
8346 18 54
8347 0 49
8348 19 55
8349 4 12
8350 0 16
8351 12 55
8352 2 14
8353 1 8
8354 4 1
8355 4 50
8356 1 23
8357 3 20
8358 2 55
8359 5 2
8360 5 53
8361 4 54
8362 1 55
8363 1 17
8364 0 21
8365 4 15
8366 2 41
8367 17 1
8368 4 8
8369 2 50
8370 3 6
8371 3 18
8372 1 6
8373 0 45
8374 3 15
8375 8 6
8376 2 8
8377 17 54
8378 1 4
8379 0 47
8380 5 3
8381 1 19
8382 0 30
8383 2 27
8384 1 42
8385 0 52
8386 4 49
8387 0 50
8388 1 14
8389 6 1
8390 1 9
8391 0 42
8392 9 3
8393 0 26
8394 54 55
8395 10 0
8396 4 9
8397 0 49
8398 2 7
8399 2 20
8400 0 20
8401 0 15
8402 17 2
8403 3 50
8404 7 53
8405 8 5
8406 1 50
8407 3 5
8408 4 7
8409 0 48
8410 3 43
8411 1 47
8412 0 17
8413 0 18
8414 2 49
8415 1 8
8416 5 0
8417 0 46
8418 7 52
8419 1 28
8420 2 43
8421 2 17
8422 0 32
8423 2 45
8424 55 0
8425 4 6
8426 6 4
8427 1 9
8428 7 3
8429 1 5
8430 9 4
8431 0 21
8432 3 4
8433 1 2
8434 16 2
8435 1 17
8436 3 19
8437 6 52
8438 1 16
8439 15 55
8440 2 55
8441 0 19
8442 17 55
8443 1 11
8444 7 1
8445 18 0
8446 1 4
8447 1 5
8448 0 39
8449 2 51
8450 0 51
8451 1 18
8452 3 54
8453 1 55
8454 1 8
8455 0 25
8456 2 13
8457 0 29
8458 3 13
8459 20 55
8460 0 20
8461 0 38
8462 7 52
8463 21 0
8464 2 47
8465 6 7
8466 2 24
8467 2 11
8468 2 37
8469 6 1
8470 18 55
8471 3 7
8472 2 16
8473 0 35
8474 0 28
8475 0 8
8476 9 3
8477 0 50
8478 6 52
8479 1 47
8480 4 51
8481 0 40
8482 5 51
8483 6 2
8484 7 0
8485 3 1
8486 2 5
8487 7 55
8488 17 55
8489 4 8
8490 1 1
8491 23 0
8492 3 43
8493 1 36
8494 1 43
8495 2 55
8496 1 28
8497 0 44
8498 5 49
8499 0 19
8500 3 0
8501 1 20
8502 15 0
8503 1 7
8504 3 9
8505 2 19
8506 24 0
8507 4 3
8508 1 55
8509 7 5
8510 0 34
8511 0 52
8512 0 12
8513 0 30
8514 5 8
8515 18 55
8516 16 0
8517 7 52
8518 1 41
8519 2 8
8520 3 46
8521 5 4
8522 20 0
8523 4 8
8524 8 0
8525 2 2
8526 4 50
8527 0 41
8528 1 22
8529 1 17
8530 5 3
8531 9 55
8532 2 55
8533 7 1
8534 5 2
8535 0 55
8536 0 7
8537 12 0
8538 14 55
8539 1 45
8540 0 43
8541 1 11
8542 1 2
8543 1 7
8544 0 20
8545 6 3
8546 1 32
8547 2 11
8548 1 51
8549 2 13
8550 1 49
8551 5 8
8552 0 42
8553 4 3
8554 0 45
8555 13 0
8556 1 3
8557 1 24
8558 3 50
8559 2 45
8560 1 53
8561 3 12
8562 2 4
8563 6 5
8564 4 0
8565 3 14
8566 2 15
8567 1 9
8568 2 3
8569 7 3
8570 4 49
8571 2 1
8572 11 55
8573 4 4
8574 2 26
8575 5 6
8576 1 16
8577 0 14
8578 3 4
8579 1 11
8580 2 50
8581 0 39
8582 0 9
8583 3 49
8584 11 0
8585 0 44
8586 10 1
8587 0 47
8588 2 51
8589 9 0
8590 0 19
8591 0 16
8592 4 5
8593 4 6
8594 5 6
8595 6 3
8596 2 24
8597 0 41
8598 1 13
8599 0 15
8600 0 17
8601 0 43
8602 15 0
8603 0 33
8604 1 46
8605 4 48
8606 0 40
8607 3 6
8608 3 17
8609 2 18
8610 13 55
8611 5 1
8612 2 22
8613 4 8
8614 1 14
8615 2 19
8616 0 46
8617 0 27
8618 4 7
8619 1 29
8620 3 1
8621 1 42
8622 55 55
8623 2 6
8624 1 31
8625 2 4
8626 15 2
8627 3 5
8628 3 4
8629 1 18
8630 1 54
8631 2 17
8632 14 55
8633 0 22
8634 0 29
8635 4 2
8636 0 48
8637 3 0
8638 0 16
8639 2 21
8640 16 0
8641 1 13
8642 54 55
8643 7 54
8644 1 1
8645 7 0
8646 1 34
8647 0 42
8648 3 50
8649 1 47
8650 0 37
8651 2 4
8652 3 2
8653 1 24
8654 0 20
8655 4 2
8656 2 43
8657 0 39
8658 1 23
8659 3 43
8660 4 52
8661 17 55
8662 1 16
8663 0 19
8664 6 53
8665 2 34
8666 3 7
8667 13 55
8668 2 47
8669 0 5
8670 1 4
8671 3 53
8672 3 3
8673 0 11
8674 4 3
8675 1 5
8676 4 5
8677 0 40
8678 8 0
8679 0 36
8680 5 53
8681 0 5
8682 8 55
8683 1 46
8684 14 2
8685 2 11
8686 4 50
8687 2 2
8688 0 32
8689 2 23
8690 4 0
8691 0 10
8692 4 46
8693 4 55
8694 5 48
8695 1 28
8696 0 16
8697 0 7
8698 1 8
8699 1 53
8700 3 19
8701 9 1
8702 0 33
8703 3 5
8704 18 1
8705 0 8
8706 2 7
8707 0 12
8708 6 54
8709 4 5
8710 2 8
8711 3 21
8712 1 17
8713 3 2
8714 1 2
8715 7 55
8716 5 55
8717 2 28
8718 15 0
8719 0 51
8720 5 2
8721 6 53
8722 3 50
8723 2 52
8724 6 0
8725 1 7
8726 0 47
8727 9 0
8728 10 55
8729 54 0
8730 4 2
8731 1 21
8732 4 48
8733 0 9
8734 2 50
8735 1 16
8736 2 2
8737 4 55
8738 0 8
8739 2 19
8740 2 43
8741 2 40
8742 2 39
8743 5 50
8744 12 55
8745 0 48
8746 6 55
8747 7 51
8748 6 51
8749 0 47
8750 4 6
8751 0 24
8752 13 1
8753 3 37
8754 19 0
8755 0 17
8756 0 26
8757 0 28
8758 14 3
8759 3 48
8760 3 50
8761 5 49
8762 55 55
8763 17 1
8764 1 3
8765 17 0
8766 1 5
8767 2 14
8768 0 4
8769 0 20
8770 2 50
8771 5 6
8772 1 41
8773 3 49
8774 2 15
8775 5 1
8776 4 54
8777 3 54
8778 2 40
8779 0 30
8780 3 5
8781 3 2
8782 1 42
8783 13 0
8784 4 55
8785 4 12
8786 0 19
8787 15 1
8788 0 35
8789 6 2
8790 0 16
8791 0 14
8792 6 8
8793 1 6
8794 0 27
8795 0 39
8796 5 54
8797 2 36
8798 5 50
8799 5 8
8800 3 10
8801 8 0
8802 1 10
8803 0 15
8804 3 0
8805 7 55
8806 3 12
8807 3 38
8808 0 48
8809 14 0
8810 5 55
8811 0 29
8812 0 46
8813 2 9
8814 5 0
8815 3 8
8816 0 32
8817 2 2
8818 0 5
8819 2 25
8820 4 1
8821 3 4
8822 3 53
8823 1 46
8824 7 51
8825 3 45
8826 5 48
8827 23 0
8828 1 4
8829 0 53
8830 6 4
8831 1 54
8832 6 1
8833 7 1
8834 0 52
8835 0 16
8836 5 4
8837 3 54
8838 1 23
8839 6 0
8840 2 4
8841 22 0
8842 6 52
8843 1 40
8844 0 20
8845 0 53
8846 4 10
8847 1 11
8848 6 4
8849 4 14
8850 1 7
8851 5 2
8852 10 0
8853 0 50
8854 4 47
8855 3 53
8856 1 24
8857 3 10
8858 0 17
8859 2 44
8860 7 0
8861 1 53
8862 4 10
8863 9 0
8864 5 3
8865 1 16
8866 3 37
8867 2 48
8868 3 3
8869 2 5
8870 0 38
8871 16 55
8872 2 12
8873 2 7
8874 9 1
8875 0 52
8876 2 43
8877 5 2
8878 21 0
8879 13 3
8880 0 30
8881 55 0
8882 4 4
8883 0 34
8884 4 54
8885 54 55
8886 8 3
8887 2 4
8888 1 23
8889 9 55
8890 0 51
8891 0 45
8892 2 47
8893 7 50
8894 3 20
8895 0 35
8896 6 2
8897 4 5
8898 11 0
8899 2 1
8900 0 28
8901 0 40
8902 7 49
8903 6 5
8904 55 55
8905 6 48
8906 3 21
8907 3 54
8908 2 44
8909 0 29
8910 2 22
8911 3 6
8912 5 48
8913 0 30
8914 5 9
8915 11 55
8916 1 14
8917 2 31
8918 5 1
8919 2 48
8920 1 26
8921 1 50
8922 5 4
8923 6 49
8924 0 27
8925 4 0
8926 0 9
8927 4 48
8928 0 34
8929 2 51
8930 1 41
8931 2 33
8932 6 3
8933 3 50
8934 1 33
8935 1 5
8936 0 18
8937 10 0
8938 0 1
8939 5 0
8940 5 51
8941 1 28
8942 1 8
8943 12 3
8944 4 3
8945 19 1
8946 0 26
8947 3 17
8948 0 49
8949 1 47
8950 15 2
8951 0 14
8952 0 21
8953 2 52
8954 0 28
8955 1 18
8956 3 3
8957 0 47
8958 2 14
8959 3 15
8960 0 18
8961 2 6
8962 4 55
8963 1 19
8964 0 25
8965 1 42
8966 0 8
8967 3 20
8968 4 2
8969 19 0
8970 0 9
8971 0 22
8972 0 46
8973 3 4
8974 2 17
8975 5 50
8976 3 0
8977 1 7
8978 1 30
8979 2 49
8980 1 51
8981 0 31
8982 2 2
8983 2 42
8984 54 0
8985 3 51
8986 4 50
8987 3 12
8988 0 50
8989 1 1
8990 3 42
8991 6 2
8992 0 54
8993 2 18
8994 5 8
8995 22 0
8996 1 48
8997 4 0
8998 5 0
8999 20 0
9000 2 32
9001 12 55
9002 1 54
9003 3 5
9004 3 50
9005 0 5
9006 54 55
9007 2 13
9008 7 3
9009 1 24
9010 2 20
9011 55 55
9012 4 53
9013 0 47
9014 3 53
9015 3 51
9016 3 55
9017 0 27
9018 1 27
9019 5 52
9020 1 47
9021 5 50
9022 1 8
9023 8 0
9024 3 48
9025 7 54
9026 11 55
9027 2 3
9028 2 53
9029 0 55
9030 4 54
9031 12 55
9032 0 48
9033 14 2
9034 2 42
9035 1 7
9036 6 48
9037 3 20
9038 1 50
9039 1 14
9040 6 0
9041 0 32
9042 13 2
9043 4 5
9044 3 11
9045 1 23
9046 23 0
9047 6 3
9048 0 28
9049 2 16
9050 4 50
9051 5 48
9052 2 51
9053 16 0
9054 11 3
9055 0 29
9056 9 2
9057 55 0
9058 8 55
9059 4 4
9060 3 5
9061 2 31
9062 0 19
9063 12 2
9064 1 16
9065 19 0
9066 1 24
9067 5 0
9068 17 0
9069 3 46
9070 4 6
9071 0 37
9072 0 54
9073 2 20
9074 2 46
9075 3 50
9076 0 42
9077 2 12
9078 4 13
9079 2 13
9080 1 36
9081 1 55
9082 2 32
9083 1 49
9084 2 16
9085 3 18
9086 0 44
9087 5 7
9088 0 27
9089 1 12
9090 4 1
9091 11 55
9092 1 8
9093 3 20
9094 2 48
9095 4 53
9096 54 55
9097 7 4
9098 0 49
9099 1 31
9100 5 8
9101 4 2
9102 16 0
9103 5 4
9104 2 37
9105 0 18
9106 1 51
9107 2 10
9108 9 55
9109 55 55
9110 0 55
9111 2 49
9112 13 0
9113 5 49
9114 54 0
9115 1 46
9116 18 0
9117 2 51
9118 0 46
9119 12 0
9120 4 4
9121 3 32
9122 3 1
9123 0 54
9124 6 6
9125 2 33
9126 2 55
9127 2 47
9128 1 45
9129 0 19
9130 1 35
9131 2 19
9132 3 14
9133 3 3
9134 5 7
9135 1 11
9136 1 49
9137 1 2
9138 6 2
9139 3 44
9140 54 55
9141 19 55
9142 0 16
9143 7 55
9144 13 0
9145 1 12
9146 1 27
9147 0 39
9148 3 7
9149 1 30
9150 3 8
9151 55 0
9152 1 53
9153 2 26
9154 5 8
9155 0 26
9156 22 0
9157 1 23
9158 2 12
9159 3 12
9160 15 0
9161 1 24
9162 3 53
9163 0 8
9164 1 28
9165 18 55
9166 5 5
9167 1 36
9168 21 0
9169 1 19
9170 2 2
9171 2 3
9172 9 54
9173 6 3
9174 1 33
9175 1 31
9176 4 50
9177 0 47
9178 8 2
9179 1 5
9180 5 4
9181 0 5
9182 16 0
9183 8 3
9184 4 9
9185 9 55
9186 7 54
9187 1 2
9188 2 23
9189 2 7
9190 4 12
9191 2 32
9192 55 55
9193 1 16
9194 9 0
9195 8 0
9196 9 0
9197 6 2
9198 4 3
9199 19 0
9200 15 55
9201 17 55
9202 0 15
9203 7 3
9204 10 3
9205 0 27
9206 0 51
9207 15 0
9208 3 2
9209 4 52
9210 11 2
9211 8 55
9212 0 26
9213 7 4
9214 0 49
9215 0 43
9216 3 13
9217 5 7
9218 1 34
9219 2 43
9220 3 6
9221 0 44
9222 11 1
9223 2 13
9224 3 49
9225 5 52
9226 14 55
9227 4 1
9228 8 1
9229 7 0
9230 0 31
9231 3 54
9232 4 7
9233 5 2
9234 0 52
9235 4 6
9236 0 17
9237 4 51
9238 4 50
9239 18 0
9240 2 12
9241 0 40
9242 1 49
9243 2 5
9244 2 25
9245 4 0
9246 2 22
9247 1 42
9248 0 13
9249 3 5
9250 1 23
9251 9 55
9252 4 55
9253 7 3
9254 16 0
9255 2 18
9256 4 10
9257 2 49
9258 11 0
9259 1 33
9260 1 7
9261 7 55
9262 0 41
9263 0 51
9264 2 6
9265 12 55
9266 8 2
9267 2 2
9268 1 39
9269 1 35
9270 2 31
9271 1 9
9272 1 18
9273 3 50
9274 6 5
9275 2 7
9276 0 36
9277 3 1
9278 1 46
9279 0 4
9280 6 0
9281 3 3
9282 6 55
9283 0 11
9284 1 43
9285 4 13
9286 3 55
9287 2 55
9288 7 1
9289 8 55
9290 1 10
9291 2 44
9292 19 0
9293 3 55
9294 0 23
9295 0 32
9296 4 52
9297 0 20
9298 1 5
9299 13 55
9300 0 14
9301 2 20
9302 14 55
9303 1 19
9304 3 20
9305 0 55
9306 3 10
9307 9 3
9308 5 7
9309 20 0
9310 0 40
9311 2 43
9312 1 24
9313 4 55
9314 0 5
9315 2 46
9316 1 48
9317 13 55
9318 0 41
9319 3 4
9320 0 9
9321 2 8
9322 4 50
9323 11 1
9324 2 10
9325 4 7
9326 1 18
9327 0 12
9328 1 6
9329 1 51
9330 9 4
9331 8 4
9332 2 54
9333 2 18
9334 0 48
9335 4 4
9336 0 18
9337 1 54
9338 1 22
9339 1 41
9340 0 25
9341 0 10
9342 0 4
9343 2 54
9344 0 5
9345 1 32
9346 12 0
9347 1 25
9348 5 5
9349 0 49
9350 1 50
9351 0 48
9352 8 5
9353 0 21
9354 3 5
9355 2 48
9356 0 39
9357 15 0
9358 0 30
9359 7 0
9360 1 43
9361 3 50
9362 0 17
9363 54 0
9364 0 15
9365 0 14
9366 0 40
9367 10 1
9368 11 0
9369 5 0
9370 0 53
9371 8 4
9372 1 4
9373 3 55
9374 0 37
9375 1 37
9376 12 0
9377 10 2
9378 0 46
9379 8 1
9380 0 38
9381 1 15
9382 4 49
9383 3 47
9384 2 9
9385 7 55
9386 4 53
9387 4 12
9388 2 47
9389 3 0
9390 1 42
9391 3 49
9392 1 36
9393 0 33
9394 0 34
9395 2 1
9396 0 28
9397 1 3
9398 0 9
9399 1 54
9400 2 49
9401 7 2
9402 0 43
9403 5 1
9404 3 4
9405 14 55
9406 1 0
9407 13 55
# colocadas=9408 ocupadas=114 mayor=624
