0 0 0
1 0 1
2 0 55
3 55 0
4 55 55
5 54 55
6 0 3
7 55 55
8 54 55
9 55 55
10 0 0
11 54 0
12 55 0
13 0 2
14 0 54
15 0 55
16 0 54
17 0 55
18 0 54
19 54 55
20 54 0
21 55 55
22 0 3
23 54 55
24 55 55
25 55 0
26 0 55
27 0 2
28 0 54
29 54 0
30 54 55
31 55 0
32 0 3
33 55 55
34 0 2
35 0 55
36 0 54
37 0 3
38 54 0
39 54 55
40 55 55
41 55 0
42 0 2
43 54 0
44 55 0
45 0 55
46 1 0
47 54 0
48 0 0
49 0 54
50 0 55
51 1 0
52 0 0
53 55 0
54 0 54
55 1 0
56 0 0
57 1 0
58 0 0
59 54 0
60 0 55
61 54 55
62 0 3
63 0 54
64 0 1
65 55 0
66 54 0
67 0 4
68 55 0
69 55 55
70 54 0
71 54 55
72 0 3
73 0 0
74 0 1
75 0 4
76 55 55
77 0 3
78 55 0
79 54 0
80 55 0
81 0 0
82 0 55
83 54 0
84 0 54
85 0 55
86 0 2
87 54 55
88 0 54
89 0 3
90 55 0
91 55 55
92 54 55
93 54 0
94 55 0
95 0 1
96 0 0
97 0 2
98 1 0
99 0 0
100 1 0
101 0 0
102 0 55
103 0 54
104 55 55
105 0 3
106 54 55
107 0 55
108 0 2
109 55 55
110 54 55
111 0 3
112 55 55
113 0 1
114 54 0
115 54 55
116 55 55
117 55 0
118 54 0
119 0 4
120 0 0
121 0 54
122 0 3
123 0 2
124 0 3
125 54 55
126 0 1
127 0 0
128 55 0
129 0 55
130 0 54
131 55 55
132 0 2
133 0 55
134 0 3
135 54 0
136 0 1
137 54 55
138 0 4
139 0 0
140 55 55
141 0 1
142 55 0
143 0 3
144 54 0
145 0 4
146 0 3
147 0 4
148 0 3
149 0 54
150 54 55
151 55 55
152 0 0
153 0 1
154 0 55
155 0 54
156 0 0
157 0 1
158 55 0
159 0 55
160 0 4
161 54 55
162 0 0
163 55 55
164 0 1
165 54 55
166 55 55
167 0 54
168 0 3
169 0 4
170 54 55
171 0 3
172 0 0
173 0 55
174 55 55
175 0 2
176 0 3
177 0 2
178 54 0
179 55 0
180 0 54
181 54 55
182 0 3
183 0 1
184 0 4
185 0 3
186 0 0
187 0 2
188 55 55
189 0 55
190 0 3
191 0 54
192 54 55
193 0 2
194 1 0
195 0 1
196 55 55
197 0 2
198 0 0
199 1 0
200 54 55
201 55 55
202 54 0
203 55 0
204 0 1
205 2 0
206 0 55
207 54 0
208 1 0
209 0 2
210 0 1
211 0 54
212 55 0
213 0 2
214 54 0
215 54 55
216 55 55
217 0 55
218 0 1
219 0 2
220 55 0
221 54 0
222 55 0
223 54 0
224 54 55
225 55 55
226 0 1
227 0 54
228 2 0
229 1 0
230 0 2
231 0 55
232 55 0
233 0 0
234 0 3
235 0 54
236 54 0
237 55 0
238 54 0
239 0 2
240 55 0
241 0 55
242 0 54
243 54 0
244 1 0
245 0 1
246 55 0
247 54 0
248 0 55
249 55 0
250 0 2
251 54 0
252 54 55
253 55 55
254 0 1
255 54 55
256 55 0
257 0 2
258 0 54
259 54 0
260 0 1
261 0 55
262 0 2
263 0 0
264 55 0
265 54 0
266 0 3
267 55 55
268 0 54
269 54 55
270 0 2
271 55 0
272 0 55
273 1 0
274 0 54
275 54 0
276 0 1
277 55 0
278 54 0
279 0 55
280 55 55
281 55 0
282 54 55
283 0 54
284 2 0
285 0 0
286 0 55
287 55 55
288 54 0
289 0 54
290 0 1
291 0 0
292 54 55
293 55 55
294 54 55
295 0 1
296 0 55
297 0 0
298 0 1
299 1 0
300 55 55
301 2 0
302 0 54
303 0 0
304 0 1
305 55 0
306 54 0
307 0 55
308 0 54
309 1 0
310 0 2
311 0 1
312 2 0
313 0 55
314 1 0
315 54 55
316 2 0
317 0 54
318 1 0
319 55 0
320 0 55
321 54 0
322 2 0
323 55 55
324 0 54
325 0 0
326 3 0
327 0 1
328 54 55
329 55 55
330 0 55
331 2 0
332 0 54
333 0 0
334 55 0
335 0 1
336 0 0
337 0 1
338 54 0
339 54 55
340 0 0
341 55 0
342 0 1
343 0 55
344 0 54
345 1 0
346 55 55
347 0 55
348 0 54
349 54 55
350 0 55
351 54 0
352 55 55
353 0 54
354 54 55
355 2 0
356 1 0
357 55 55
358 2 0
359 55 0
360 0 55
361 54 0
362 54 55
363 0 0
364 3 0
365 55 0
366 54 0
367 0 54
368 55 0
369 55 55
370 54 55
371 0 55
372 0 54
373 0 1
374 54 0
375 0 0
376 55 55
377 54 55
378 0 1
379 0 0
380 55 0
381 0 55
382 55 55
383 0 54
384 54 0
385 54 55
386 2 0
387 3 0
388 55 0
389 54 0
390 55 0
391 0 1
392 0 0
393 2 0
394 55 55
395 0 55
396 0 54
397 3 0
398 54 0
399 0 1
400 0 55
401 54 55
402 0 54
403 55 55
404 54 55
405 55 55
406 0 55
407 54 55
408 55 0
409 0 54
410 0 0
411 0 1
412 0 0
413 0 1
414 0 55
415 0 54
416 55 55
417 2 0
418 1 0
419 0 2
420 0 1
421 54 55
422 2 0
423 55 55
424 54 55
425 55 55
426 0 0
427 54 0
428 3 0
429 2 0
430 0 55
431 55 0
432 54 55
433 55 55
434 54 0
435 54 55
436 3 0
437 0 1
438 2 0
439 55 55
440 0 0
441 54 55
442 55 0
443 55 55
444 3 0
445 54 0
446 0 1
447 54 55
448 2 0
449 55 0
450 1 0
451 55 55
452 2 0
453 54 55
454 0 0
455 0 54
456 0 55
457 3 0
458 0 54
459 2 0
460 0 55
461 0 1
462 54 0
463 55 55
464 0 54
465 54 55
466 1 0
467 0 2
468 55 55
469 54 55
470 0 0
471 55 55
472 0 3
473 0 55
474 0 2
475 0 3
476 0 1
477 54 55
478 0 4
479 0 54
480 55 55
481 55 0
482 0 0
483 0 55
484 0 3
485 0 2
486 0 3
487 0 2
488 54 0
489 55 0
490 0 3
491 0 2
492 1 0
493 0 1
494 54 0
495 0 2
496 55 0
497 54 55
498 0 54
499 55 55
500 0 1
501 54 0
502 2 0
503 0 55
504 1 0
505 54 55
506 55 55
507 0 2
508 0 1
509 54 55
510 55 55
511 0 54
512 0 55
513 0 2
514 0 1
515 0 2
516 55 0
517 54 0
518 55 0
519 0 1
520 0 54
521 2 0
522 1 0
523 54 0
524 0 2
525 55 0
526 54 55
527 0 1
528 0 2
529 55 55
530 54 0
531 55 0
532 0 55
533 0 0
534 0 3
535 54 55
536 0 2
537 0 54
538 0 55
539 54 0
540 55 55
541 0 3
542 0 1
543 0 54
544 0 55
545 55 0
546 0 54
547 54 55
548 0 55
549 0 54
550 54 0
551 55 55
552 0 0
553 0 2
554 0 55
555 54 55
556 0 3
557 0 54
558 0 55
559 55 55
560 0 2
561 0 54
562 0 3
563 0 1
564 0 0
565 0 1
566 0 4
567 0 0
568 0 3
569 0 55
570 0 1
571 0 54
572 54 55
573 55 55
574 55 0
575 54 55
576 0 55
577 0 4
578 0 54
579 0 3
580 0 0
581 0 2
582 0 55
583 55 55
584 54 0
585 0 54
586 0 55
587 55 0
588 54 0
589 55 0
590 54 55
591 54 0
592 0 3
593 55 0
594 0 1
595 54 0
596 0 0
597 0 1
598 0 4
599 55 0
600 54 0
601 0 0
602 0 1
603 0 0
604 55 0
605 54 0
606 0 54
607 0 55
608 55 0
609 0 54
610 0 55
611 0 1
612 0 3
613 55 55
614 0 54
615 0 0
616 0 55
617 0 54
618 0 55
619 54 55
620 0 1
621 55 55
622 0 54
623 54 55
624 0 55
625 0 54
626 0 4
627 0 3
628 54 0
629 0 0
630 0 1
631 0 0
632 55 0
633 55 55
634 54 0
635 0 55
636 0 54
637 0 55
638 0 2
639 1 0
640 0 1
641 2 0
642 0 0
643 3 0
644 0 54
645 2 0
646 0 1
647 0 55
648 55 0
649 54 0
650 54 55
651 55 0
652 0 0
653 0 1
654 0 0
655 0 1
656 55 55
657 54 55
658 55 55
659 54 55
660 55 55
661 54 0
662 54 55
663 1 0
664 55 55
665 54 55
666 0 54
667 55 0
668 0 55
669 0 2
670 55 55
671 54 55
672 0 54
673 54 0
674 0 55
675 0 0
676 0 54
677 55 55
678 0 3
679 0 1
680 54 55
681 0 55
682 0 4
683 0 54
684 55 55
685 54 55
686 55 55
687 0 55
688 54 55
689 55 55
690 0 0
691 0 54
692 55 0
693 0 1
694 54 0
695 0 3
696 0 55
697 55 0
698 54 0
699 55 0
700 54 0
701 0 4
702 0 54
703 0 3
704 0 4
705 0 0
706 0 1
707 0 0
708 54 55
709 0 1
710 55 0
711 55 55
712 0 3
713 54 55
714 0 0
715 0 1
716 0 0
717 55 55
718 0 55
719 54 0
720 0 1
721 54 55
722 55 0
723 0 0
724 0 54
725 0 1
726 0 55
727 55 55
728 54 55
729 55 55
730 0 0
731 54 55
732 0 1
733 0 54
734 55 55
735 0 55
736 54 55
737 0 54
738 54 0
739 0 55
740 55 55
741 0 0
742 0 2
743 0 54
744 0 3
745 0 1
746 0 55
747 55 0
748 54 55
749 0 0
750 0 1
751 55 55
752 54 55
753 54 0
754 55 55
755 0 0
756 0 54
757 54 55
758 0 1
759 0 0
760 0 2
761 0 55
762 0 54
763 55 0
764 0 55
765 0 54
766 54 0
767 55 0
768 0 55
769 55 55
770 0 3
771 0 1
772 0 0
773 0 54
774 0 1
775 54 55
776 0 55
777 0 0
778 0 1
779 0 4
780 0 3
781 55 55
782 0 0
783 0 1
784 0 54
785 54 0
786 54 55
787 0 0
788 55 55
789 0 55
790 0 54
791 0 1
792 0 4
793 0 0
794 0 55
795 0 1
796 55 0
797 0 54
798 0 0
799 54 0
800 0 1
801 54 55
802 55 0
803 0 55
804 0 54
805 0 3
806 0 4
807 54 0
808 0 3
809 0 4
810 0 55
811 0 3
812 0 0
813 0 2
814 1 0
815 55 0
816 0 1
817 0 54
818 2 0
819 54 0
820 0 55
821 0 0
822 0 54
823 3 0
824 2 0
825 55 55
826 0 55
827 55 0
828 0 1
829 54 55
830 1 0
831 54 0
832 2 0
833 55 0
834 0 54
835 0 0
836 0 1
837 1 0
838 54 0
839 55 55
840 0 55
841 2 0
842 0 0
843 0 54
844 0 55
845 54 55
846 55 55
847 54 55
848 3 0
849 2 0
850 0 1
851 55 55
852 1 0
853 0 54
854 55 0
855 0 55
856 0 54
857 2 0
858 0 0
859 54 55
860 3 0
861 2 0
862 0 55
863 55 55
864 3 0
865 54 0
866 0 1
867 0 0
868 55 0
869 2 0
870 54 55
871 0 1
872 0 0
873 55 55
874 0 1
875 54 0
876 1 0
877 54 55
878 0 54
879 2 0
880 55 0
881 54 0
882 1 0
883 55 0
884 0 55
885 54 0
886 55 55
887 54 55
888 55 0
889 55 55
890 0 2
891 0 1
892 0 2
893 54 55
894 0 0
895 0 3
896 55 55
897 0 2
898 0 3
899 0 2
900 54 55
901 55 55
902 0 3
903 54 55
904 0 1
905 54 0
906 55 0
907 0 4
908 0 3
909 0 4
910 54 0
911 0 3
912 0 0
913 0 54
914 0 1
915 0 0
916 0 55
917 55 0
918 54 0
919 55 55
920 0 1
921 0 0
922 0 2
923 0 3
924 0 54
925 0 55
926 0 1
927 0 4
928 0 0
929 0 3
930 54 55
931 0 2
932 55 0
933 0 3
934 0 54
935 54 0
936 0 2
937 1 0
938 55 55
939 55 0
940 0 55
941 0 0
942 1 0
943 0 54
944 54 0
945 0 55
946 0 0
947 54 55
948 55 55
949 55 0
950 0 54
951 0 55
952 54 0
953 0 3
954 0 2
955 55 0
956 0 54
957 0 3
958 0 2
959 0 3
960 0 55
961 54 55
962 54 0
963 0 54
964 55 0
965 0 1
966 54 0
967 55 55
968 54 55
969 55 0
970 0 55
971 0 54
972 55 55
973 54 55
974 0 0
975 0 2
976 55 55
977 1 0
978 54 55
979 0 55
980 0 54
981 0 1
982 0 55
983 55 55
984 2 0
985 0 54
986 0 55
987 0 0
988 54 0
989 3 0
990 2 0
991 55 0
992 3 0
993 0 54
994 0 55
995 54 55
996 0 1
997 2 0
998 55 55
999 54 0
1000 0 54
1001 0 0
1002 55 0
1003 0 1
1004 54 0
1005 54 55
1006 1 0
1007 55 55
1008 55 0
1009 0 55
1010 0 54
1011 0 2
1012 54 0
1013 55 0
1014 0 1
1015 0 2
1016 54 0
1017 54 55
1018 0 55
1019 0 1
1020 2 0
1021 0 0
1022 3 0
1023 0 1
1024 0 0
1025 0 54
1026 55 0
1027 54 0
1028 55 55
1029 54 55
1030 0 1
1031 0 0
1032 55 55
1033 0 55
1034 0 54
1035 2 0
1036 0 1
1037 0 0
1038 0 1
1039 55 0
1040 0 55
1041 1 0
1042 0 2
1043 0 54
1044 54 0
1045 0 0
1046 0 55
1047 0 54
1048 1 0
1049 0 0
1050 55 0
1051 54 55
1052 0 55
1053 1 0
1054 54 0
1055 0 54
1056 0 55
1057 0 1
1058 55 55
1059 0 2
1060 0 1
1061 2 0
1062 54 55
1063 1 0
1064 2 0
1065 55 55
1066 0 0
1067 0 54
1068 55 0
1069 3 0
1070 0 1
1071 54 55
1072 55 55
1073 0 55
1074 0 0
1075 54 0
1076 0 1
1077 55 0
1078 54 55
1079 55 55
1080 54 0
1081 2 0
1082 0 0
1083 55 0
1084 54 0
1085 0 54
1086 55 0
1087 0 55
1088 54 0
1089 3 0
1090 54 55
1091 2 0
1092 55 55
1093 3 0
1094 55 0
1095 54 0
1096 0 1
1097 54 55
1098 0 54
1099 55 0
1100 0 55
1101 54 0
1102 55 0
1103 0 54
1104 2 0
1105 55 55
1106 54 55
1107 0 55
1108 54 0
1109 0 0
1110 3 0
1111 55 55
1112 54 55
1113 55 0
1114 54 0
1115 2 0
1116 0 54
1117 0 1
1118 55 55
1119 0 0
1120 55 0
1121 0 1
1122 54 0
1123 55 0
1124 1 0
1125 0 55
1126 2 0
1127 54 55
1128 55 55
1129 1 0
1130 2 0
1131 0 54
1132 0 55
1133 0 0
1134 0 54
1135 0 55
1136 3 0
1137 54 55
1138 0 54
1139 0 1
1140 54 0
1141 2 0
1142 0 0
1143 0 55
1144 55 0
1145 3 0
1146 55 55
1147 0 1
1148 54 55
1149 54 0
1150 0 54
1151 2 0
1152 55 0
1153 1 0
1154 0 55
1155 2 0
1156 1 0
1157 0 2
1158 0 54
1159 54 0
1160 55 55
1161 55 0
1162 54 55
1163 0 1
1164 2 0
1165 54 0
1166 55 55
1167 54 55
1168 0 55
1169 0 54
1170 55 55
1171 55 0
1172 0 0
1173 54 55
1174 0 1
1175 1 0
1176 55 55
1177 54 0
1178 54 55
1179 55 55
1180 54 55
1181 2 0
1182 55 55
1183 0 55
1184 0 54
1185 54 55
1186 0 0
1187 55 0
1188 54 0
1189 55 55
1190 0 1
1191 0 0
1192 54 55
1193 55 55
1194 3 0
1195 54 55
1196 0 1
1197 0 55
1198 55 0
1199 0 0
1200 54 0
1201 55 0
1202 0 54
1203 54 0
1204 2 0
1205 55 0
1206 54 0
1207 0 1
1208 0 55
1209 55 55
1210 54 55
1211 55 55
1212 0 54
1213 0 0
1214 54 55
1215 3 0
1216 2 0
1217 55 0
1218 54 0
1219 55 55
1220 54 55
1221 3 0
1222 0 55
1223 0 1
1224 0 0
1225 55 55
1226 55 0
1227 54 55
1228 55 55
1229 54 0
1230 0 54
1231 0 1
1232 2 0
1233 54 55
1234 0 0
1235 0 1
1236 0 55
1237 55 0
1238 0 0
1239 0 1
1240 0 54
1241 55 55
1242 54 55
1243 0 0
1244 55 55
1245 54 0
1246 55 0
1247 3 0
1248 54 55
1249 0 1
1250 0 0
1251 2 0
1252 3 0
1253 55 55
1254 54 0
1255 0 55
1256 55 0
1257 0 54
1258 0 1
1259 54 55
1260 54 0
1261 55 0
1262 0 0
1263 0 1
1264 54 0
1265 55 55
1266 0 55
1267 0 0
1268 2 0
1269 0 1
1270 55 0
1271 0 0
1272 0 54
1273 54 55
1274 3 0
1275 55 55
1276 2 0
1277 3 0
1278 0 55
1279 2 0
1280 54 55
1281 3 0
1282 0 1
1283 0 0
1284 0 54
1285 2 0
1286 54 0
1287 55 0
1288 0 1
1289 0 55
1290 0 0
1291 54 0
1292 0 1
1293 0 54
1294 1 0
1295 0 2
1296 0 0
1297 1 0
1298 0 1
1299 0 55
1300 55 0
1301 54 0
1302 55 55
1303 0 54
1304 55 0
1305 2 0
1306 0 0
1307 54 55
1308 0 55
1309 0 54
1310 3 0
1311 0 1
1312 2 0
1313 0 55
1314 55 55
1315 0 0
1316 0 54
1317 54 55
1318 55 55
1319 0 55
1320 0 54
1321 54 0
1322 54 55
1323 0 55
1324 55 0
1325 55 55
1326 0 54
1327 54 0
1328 0 55
1329 54 55
1330 3 0
1331 0 1
1332 2 0
1333 55 0
1334 54 0
1335 55 0
1336 55 55
1337 1 0
1338 0 54
1339 54 55
1340 54 0
1341 55 0
1342 54 0
1343 2 0
1344 55 0
1345 0 55
1346 55 55
1347 1 0
1348 0 54
1349 0 55
1350 0 2
1351 54 55
1352 0 1
1353 2 0
1354 0 0
1355 0 1
1356 55 55
1357 0 0
1358 0 1
1359 54 0
1360 54 55
1361 55 0
1362 0 54
1363 54 0
1364 55 55
1365 55 0
1366 0 0
1367 3 0
1368 0 1
1369 0 55
1370 54 55
1371 0 54
1372 55 55
1373 0 0
1374 54 55
1375 54 0
1376 55 55
1377 0 55
1378 54 55
1379 55 0
1380 54 0
1381 0 54
1382 55 0
1383 54 0
1384 55 55
1385 54 55
1386 55 55
1387 54 55
1388 0 55
1389 55 55
1390 54 55
1391 55 0
1392 55 55
1393 2 0
1394 0 1
1395 1 0
1396 0 54
1397 2 0
1398 0 55
1399 0 0
1400 54 0
1401 0 1
1402 54 55
1403 0 54
1404 55 0
1405 0 55
1406 0 54
1407 54 0
1408 55 55
1409 54 55
1410 0 55
1411 0 0
1412 55 55
1413 55 0
1414 54 55
1415 54 0
1416 55 55
1417 0 1
1418 0 54
1419 0 0
1420 0 55
1421 0 54
1422 0 55
1423 55 0
1424 0 54
1425 54 0
1426 0 1
1427 1 0
1428 0 55
1429 0 2
1430 0 1
1431 2 0
1432 0 54
1433 0 0
1434 0 1
1435 0 55
1436 0 54
1437 1 0
1438 0 55
1439 55 0
1440 0 2
1441 54 0
1442 0 1
1443 0 54
1444 0 2
1445 55 0
1446 0 1
1447 0 2
1448 0 55
1449 54 0
1450 0 1
1451 0 2
1452 0 54
1453 0 55
1454 55 0
1455 0 1
1456 0 2
1457 0 54
1458 0 55
1459 0 0
1460 0 3
1461 54 0
1462 55 0
1463 54 55
1464 55 55
1465 54 0
1466 0 2
1467 0 54
1468 0 3
1469 55 0
1470 0 2
1471 54 55
1472 1 0
1473 54 0
1474 55 0
1475 0 55
1476 0 0
1477 54 0
1478 55 0
1479 55 55
1480 54 55
1481 0 3
1482 0 1
1483 55 55
1484 54 0
1485 0 0
1486 55 0
1487 54 0
1488 0 2
1489 55 0
1490 54 55
1491 0 54
1492 55 55
1493 0 3
1494 0 2
1495 54 0
1496 54 55
1497 55 0
1498 54 0
1499 55 0
1500 0 3
1501 0 2
1502 55 55
1503 1 0
1504 0 1
1505 2 0
1506 54 0
1507 1 0
1508 55 0
1509 54 55
1510 54 0
1511 0 2
1512 0 55
1513 55 0
1514 55 55
1515 54 55
1516 54 0
1517 0 1
1518 55 0
1519 2 0
1520 1 0
1521 55 55
1522 54 0
1523 0 2
1524 0 1
1525 55 0
1526 54 55
1527 0 54
1528 2 0
1529 0 0
1530 0 1
1531 55 55
1532 1 0
1533 54 0
1534 0 55
1535 2 0
1536 1 0
1537 2 0
1538 54 55
1539 1 0
1540 2 0
1541 55 0
1542 54 0
1543 0 0
1544 0 54
1545 3 0
1546 0 55
1547 55 55
1548 0 1
1549 2 0
1550 0 0
1551 3 0
1552 55 0
1553 2 0
1554 0 1
1555 0 54
1556 0 0
1557 0 1
1558 0 55
1559 1 0
1560 2 0
1561 54 55
1562 54 0
1563 0 0
1564 0 54
1565 55 55
1566 0 55
1567 3 0
1568 54 55
1569 2 0
1570 55 0
1571 55 55
1572 3 0
1573 54 55
1574 55 55
1575 0 1
1576 0 54
1577 0 0
1578 2 0
1579 54 55
1580 0 55
1581 3 0
1582 54 0
1583 0 54
1584 2 0
1585 0 55
1586 55 55
1587 0 54
1588 0 55
1589 0 1
1590 0 54
1591 0 55
1592 55 0
1593 54 0
1594 0 0
1595 0 54
1596 3 0
1597 0 1
1598 0 0
1599 2 0
1600 55 0
1601 0 1
1602 54 0
1603 0 0
1604 54 55
1605 3 0
1606 0 55
1607 55 0
1608 0 54
1609 55 55
1610 0 55
1611 54 0
1612 54 55
1613 55 55
1614 55 0
1615 0 54
1616 54 0
1617 2 0
1618 54 55
1619 55 55
1620 54 55
1621 0 1
1622 55 55
1623 54 55
1624 55 0
1625 0 0
1626 0 1
1627 1 0
1628 2 0
1629 1 0
1630 2 0
1631 0 55
1632 54 0
1633 1 0
1634 2 0
1635 0 54
1636 0 0
1637 55 55
1638 54 55
1639 55 55
1640 0 1
1641 54 55
1642 0 0
1643 0 55
1644 55 55
1645 3 0
1646 54 55
1647 0 54
1648 0 1
1649 2 0
1650 0 55
1651 55 55
1652 55 0
1653 0 0
1654 54 0
1655 3 0
1656 2 0
1657 3 0
1658 0 54
1659 55 0
1660 54 0
1661 54 55
1662 0 55
1663 0 1
1664 2 0
1665 0 0
1666 3 0
1667 2 0
1668 0 1
1669 55 55
1670 55 0
1671 54 0
1672 0 54
1673 0 0
1674 0 1
1675 1 0
1676 2 0
1677 0 0
1678 55 0
1679 3 0
1680 54 0
1681 0 1
1682 0 0
1683 0 1
1684 2 0
1685 0 55
1686 55 0
1687 0 54
1688 0 0
1689 0 1
1690 0 55
1691 54 55
1692 54 0
1693 0 0
1694 0 1
1695 0 0
1696 55 0
1697 0 54
1698 3 0
1699 55 55
1700 54 0
1701 2 0
1702 55 0
1703 3 0
1704 0 55
1705 2 0
1706 0 1
1707 0 54
1708 1 0
1709 54 55
1710 2 0
1711 0 0
1712 0 1
1713 0 0
1714 55 55
1715 3 0
1716 0 55
1717 54 0
1718 0 1
1719 55 0
1720 54 0
1721 54 55
1722 55 0
1723 54 0
1724 2 0
1725 55 0
1726 0 54
1727 0 55
1728 0 54
1729 54 0
1730 55 0
1731 0 55
1732 0 54
1733 0 55
1734 54 0
1735 55 55
1736 54 55
1737 55 0
1738 55 55
1739 54 0
1740 0 0
1741 0 1
1742 54 55
1743 1 0
1744 55 0
1745 2 0
1746 55 55
1747 0 54
1748 54 55
1749 54 0
1750 1 0
1751 55 55
1752 2 0
1753 0 0
1754 0 1
1755 55 0
1756 1 0
1757 0 55
1758 0 2
1759 0 54
1760 0 55
1761 0 54
1762 0 1
1763 54 0
1764 55 0
1765 54 55
1766 0 55
1767 0 54
1768 55 55
1769 54 0
1770 55 0
1771 54 55
1772 2 0
1773 54 0
1774 55 55
1775 0 0
1776 3 0
1777 0 55
1778 0 1
1779 0 54
1780 0 55
1781 54 55
1782 55 0
1783 0 54
1784 0 0
1785 0 1
1786 2 0
1787 0 0
1788 54 0
1789 0 55
1790 0 1
1791 1 0
1792 2 0
1793 1 0
1794 2 0
1795 55 0
1796 0 54
1797 55 55
1798 0 55
1799 0 54
1800 54 55
1801 0 0
1802 54 0
1803 55 55
1804 55 0
1805 0 55
1806 3 0
1807 0 54
1808 0 55
1809 54 55
1810 0 1
1811 2 0
1812 55 55
1813 54 0
1814 1 0
1815 0 2
1816 54 55
1817 55 55
1818 0 54
1819 0 55
1820 0 0
1821 55 0
1822 0 54
1823 54 0
1824 0 3
1825 0 2
1826 1 0
1827 0 0
1828 54 55
1829 0 3
1830 0 2
1831 55 55
1832 55 0
1833 0 3
1834 0 1
1835 54 0
1836 54 55
1837 0 0
1838 0 1
1839 0 4
1840 55 55
1841 55 0
1842 54 0
1843 0 3
1844 0 4
1845 0 55
1846 0 0
1847 0 3
1848 54 55
1849 0 2
1850 0 3
1851 55 0
1852 55 55
1853 0 2
1854 0 54
1855 54 55
1856 1 0
1857 0 55
1858 0 0
1859 0 3
1860 0 1
1861 0 54
1862 0 0
1863 0 2
1864 0 3
1865 0 2
1866 54 0
1867 55 55
1868 0 3
1869 54 55
1870 0 55
1871 55 0
1872 0 1
1873 0 0
1874 0 54
1875 54 0
1876 0 1
1877 0 4
1878 0 3
1879 55 55
1880 55 0
1881 54 55
1882 0 55
1883 0 0
1884 0 2
1885 1 0
1886 54 0
1887 0 1
1888 0 54
1889 0 55
1890 2 0
1891 1 0
1892 55 55
1893 55 0
1894 54 0
1895 54 55
1896 2 0
1897 55 0
1898 54 0
1899 1 0
1900 55 55
1901 0 54
1902 0 2
1903 0 0
1904 54 55
1905 55 0
1906 1 0
1907 55 55
1908 0 55
1909 0 0
1910 0 3
1911 54 0
1912 55 0
1913 54 0
1914 0 1
1915 0 54
1916 0 55
1917 0 54
1918 54 55
1919 55 0
1920 0 0
1921 55 55
1922 0 2
1923 54 0
1924 0 3
1925 0 2
1926 0 55
1927 1 0
1928 0 54
1929 54 55
1930 0 55
1931 0 1
1932 0 54
1933 55 55
1934 2 0
1935 55 0
1936 1 0
1937 0 55
1938 54 0
1939 0 54
1940 2 0
1941 0 0
1942 0 55
1943 55 0
1944 0 1
1945 1 0
1946 2 0
1947 54 55
1948 0 54
1949 55 55
1950 0 55
1951 0 54
1952 54 0
1953 54 55
1954 0 0
1955 0 1
1956 0 0
1957 55 0
1958 0 1
1959 1 0
1960 2 0
1961 54 0
1962 1 0
1963 2 0
1964 55 0
1965 1 0
1966 0 2
1967 0 0
1968 54 0
1969 0 55
1970 55 0
1971 0 54
1972 54 0
1973 55 0
1974 0 3
1975 54 0
1976 55 0
1977 55 55
1978 54 55
1979 0 2
1980 1 0
1981 55 55
1982 0 55
1983 54 55
1984 54 0
1985 0 1
1986 0 54
1987 0 2
1988 55 0
1989 0 1
1990 54 0
1991 0 55
1992 0 2
1993 0 1
1994 55 0
1995 54 0
1996 0 2
1997 0 54
1998 0 0
1999 0 55
2000 0 3
2001 0 2
2002 0 54
2003 1 0
2004 0 1
2005 0 55
2006 0 54
2007 55 0
2008 54 0
2009 55 0
2010 2 0
2011 55 55
2012 0 0
2013 3 0
2014 0 1
2015 2 0
2016 0 0
2017 54 0
2018 3 0
2019 2 0
2020 54 55
2021 55 0
2022 0 55
2023 54 0
2024 55 0
2025 0 54
2026 0 55
2027 3 0
2028 0 1
2029 54 0
2030 0 54
2031 55 55
2032 2 0
2033 55 0
2034 0 0
2035 0 1
2036 1 0
2037 54 0
2038 0 2
2039 0 1
2040 0 2
2041 0 1
2042 55 0
2043 54 55
2044 0 55
2045 0 54
2046 55 55
2047 0 2
2048 0 1
2049 54 0
2050 2 0
2051 0 55
2052 0 54
2053 55 0
2054 0 0
2055 3 0
2056 54 0
2057 0 1
2058 0 0
2059 55 0
2060 54 55
2061 54 0
2062 55 55
2063 0 1
2064 54 55
2065 2 0
2066 55 55
2067 54 55
2068 55 0
2069 55 55
2070 54 55
2071 55 55
2072 54 0
2073 1 0
2074 2 0
2075 0 0
2076 0 1
2077 1 0
2078 2 0
2079 0 55
2080 0 0
2081 54 55
2082 0 1
2083 0 0
2084 55 0
2085 55 55
2086 54 55
2087 54 0
2088 0 54
2089 0 1
2090 55 55
2091 0 55
2092 55 0
2093 1 0
2094 0 54
2095 0 55
2096 0 2
2097 0 0
2098 54 0
2099 1 0
2100 0 1
2101 0 2
2102 0 54
2103 54 55
2104 55 55
2105 0 55
2106 0 54
2107 0 55
2108 55 0
2109 0 54
2110 0 0
2111 54 0
2112 55 0
2113 0 3
2114 0 2
2115 0 55
2116 54 0
2117 0 54
2118 55 0
2119 0 3
2120 0 1
2121 0 0
2122 54 0
2123 55 0
2124 0 1
2125 0 55
2126 0 0
2127 54 55
2128 55 55
2129 54 55
2130 0 54
2131 54 0
2132 0 2
2133 1 0
2134 55 0
2135 0 55
2136 55 55
2137 0 1
2138 54 0
2139 55 0
2140 0 2
2141 0 54
2142 0 0
2143 54 55
2144 1 0
2145 0 0
2146 0 3
2147 54 0
2148 55 0
2149 55 55
2150 0 2
2151 54 55
2152 55 55
2153 1 0
2154 0 0
2155 0 3
2156 54 0
2157 0 55
2158 0 2
2159 0 54
2160 54 55
2161 0 55
2162 0 54
2163 0 55
2164 1 0
2165 0 54
2166 55 55
2167 0 1
2168 0 2
2169 0 1
2170 2 0
2171 55 0
2172 1 0
2173 0 2
2174 0 1
2175 54 0
2176 55 0
2177 2 0
2178 0 55
2179 1 0
2180 0 54
2181 54 0
2182 2 0
2183 0 0
2184 54 55
2185 3 0
2186 0 55
2187 0 1
2188 2 0
2189 55 0
2190 54 0
2191 55 0
2192 0 0
2193 0 54
2194 54 0
2195 0 55
2196 0 1
2197 55 55
2198 1 0
2199 0 54
2200 54 55
2201 55 0
2202 0 55
2203 0 2
2204 0 54
2205 0 0
2206 55 55
2207 1 0
2208 54 55
2209 0 1
2210 54 0
2211 0 55
2212 0 2
2213 0 1
2214 2 0
2215 1 0
2216 0 54
2217 0 2
2218 55 55
2219 55 0
2220 54 0
2221 55 0
2222 54 55
2223 0 55
2224 0 0
2225 55 55
2226 0 3
2227 54 0
2228 55 0
2229 0 1
2230 54 0
2231 55 0
2232 0 0
2233 54 0
2234 0 54
2235 55 0
2236 0 1
2237 0 55
2238 54 0
2239 0 54
2240 54 55
2241 55 55
2242 0 0
2243 0 2
2244 0 3
2245 0 2
2246 54 55
2247 0 3
2248 0 2
2249 0 55
2250 0 3
2251 55 0
2252 54 0
2253 0 2
2254 0 3
2255 0 1
2256 0 4
2257 55 55
2258 0 0
2259 54 55
2260 55 0
2261 55 55
2262 0 3
2263 0 54
2264 54 0
2265 0 1
2266 54 55
2267 0 55
2268 55 0
2269 0 54
2270 55 55
2271 54 55
2272 55 55
2273 54 55
2274 55 55
2275 0 55
2276 0 4
2277 0 3
2278 54 0
2279 54 55
2280 55 55
2281 0 54
2282 0 55
2283 0 0
2284 0 2
2285 55 0
2286 0 3
2287 0 1
2288 0 54
2289 54 55
2290 54 0
2291 55 55
2292 54 55
2293 55 0
2294 55 55
2295 0 55
2296 0 4
2297 54 0
2298 0 0
2299 54 55
2300 55 55
2301 0 3
2302 0 54
2303 55 0
2304 0 1
2305 54 55
2306 0 4
2307 54 0
2308 0 55
2309 55 0
2310 0 54
2311 0 55
2312 0 3
2313 54 0
2314 0 54
2315 0 0
2316 55 0
2317 0 55
2318 54 0
2319 55 55
2320 0 2
2321 0 3
2322 0 1
2323 55 0
2324 0 4
2325 0 54
2326 54 0
2327 0 3
2328 0 4
2329 54 55
2330 0 3
2331 55 55
2332 0 4
2333 0 3
2334 0 4
2335 0 0
2336 0 1
2337 55 0
2338 54 0
2339 0 55
2340 0 54
2341 55 0
2342 54 55
2343 0 55
2344 0 0
2345 55 55
2346 54 55
2347 0 54
2348 55 55
2349 0 3
2350 0 2
2351 54 55
2352 54 0
2353 0 55
2354 0 54
2355 55 0
2356 0 3
2357 54 0
2358 0 55
2359 55 55
2360 0 2
2361 0 3
2362 0 2
2363 55 0
2364 0 54
2365 54 55
2366 1 0
2367 54 0
2368 55 0
2369 0 55
2370 0 1
2371 0 2
2372 0 1
2373 2 0
2374 1 0
2375 0 54
2376 2 0
2377 0 55
2378 1 0
2379 0 2
2380 0 0
2381 1 0
2382 54 0
2383 55 55
2384 54 55
2385 55 55
2386 0 1
2387 2 0
2388 55 0
2389 54 0
2390 0 54
2391 0 0
2392 55 0
2393 54 55
2394 54 0
2395 0 1
2396 55 55
2397 1 0
2398 0 55
2399 0 2
2400 0 0
2401 55 0
2402 0 3
2403 0 1
2404 54 55
2405 0 4
2406 0 54
2407 0 0
2408 0 55
2409 0 1
2410 55 55
2411 54 55
2412 54 0
2413 55 0
2414 0 54
2415 55 55
2416 0 55
2417 0 0
2418 54 55
2419 0 1
2420 0 54
2421 0 0
2422 55 55
2423 54 0
2424 0 55
2425 55 0
2426 0 54
2427 0 3
2428 0 2
2429 0 55
2430 54 0
2431 55 0
2432 54 55
2433 0 3
2434 55 55
2435 54 0
2436 0 54
2437 0 55
2438 0 1
2439 0 4
2440 0 0
2441 55 0
2442 0 3
2443 54 55
2444 0 1
2445 0 0
2446 54 0
2447 55 0
2448 54 0
2449 0 54
2450 0 2
2451 55 0
2452 0 3
2453 55 55
2454 0 1
2455 0 0
2456 0 55
2457 54 0
2458 0 1
2459 0 4
2460 0 0
2461 0 1
2462 54 55
2463 0 3
2464 0 0
2465 55 55
2466 0 2
2467 55 0
2468 0 54
2469 54 55
2470 0 3
2471 55 55
2472 54 0
2473 0 55
2474 0 1
2475 0 4
2476 0 54
2477 0 3
2478 55 0
2479 0 0
2480 54 55
2481 54 0
2482 0 1
2483 55 0
2484 0 4
2485 0 0
2486 55 55
2487 54 55
2488 0 1
2489 0 3
2490 0 0
2491 54 0
2492 0 55
2493 0 2
2494 0 54
2495 1 0
2496 0 0
2497 55 55
2498 55 0
2499 54 55
2500 0 3
2501 0 1
2502 54 0
2503 0 55
2504 0 0
2505 55 55
2506 0 1
2507 54 55
2508 0 54
2509 55 55
2510 55 0
2511 0 55
2512 0 0
2513 0 1
2514 54 55
2515 0 4
2516 0 0
2517 0 54
2518 0 1
2519 55 55
2520 54 55
2521 0 55
2522 54 0
2523 0 3
2524 55 55
2525 55 0
2526 54 55
2527 0 54
2528 55 55
2529 54 0
2530 0 55
2531 54 55
2532 55 0
2533 55 55
2534 0 4
2535 0 3
2536 0 4
2537 0 54
2538 54 0
2539 55 0
2540 0 55
2541 0 3
2542 0 4
2543 54 0
2544 0 0
2545 55 0
2546 0 1
2547 0 0
2548 54 0
2549 0 3
2550 0 1
2551 54 55
2552 0 54
2553 0 4
2554 55 0
2555 0 0
2556 0 55
2557 0 3
2558 0 1
2559 0 4
2560 54 0
2561 0 3
2562 0 0
2563 0 1
2564 0 0
2565 0 54
2566 0 1
2567 0 4
2568 0 55
2569 0 0
2570 55 0
2571 54 0
2572 0 3
2573 0 1
2574 0 54
2575 55 55
2576 55 0
2577 54 55
2578 0 55
2579 0 54
2580 55 55
2581 0 55
2582 0 0
2583 0 2
2584 54 55
2585 55 55
2586 54 55
2587 0 3
2588 0 2
2589 54 0
2590 1 0
2591 55 55
2592 0 54
2593 55 0
2594 54 55
2595 0 1
2596 54 0
2597 0 55
2598 55 55
2599 0 2
2600 54 55
2601 0 0
2602 55 0
2603 54 0
2604 0 54
2605 1 0
2606 55 0
2607 54 0
2608 0 55
2609 0 0
2610 0 54
2611 0 55
2612 0 54
2613 55 0
2614 0 3
2615 0 1
2616 0 0
2617 0 2
2618 0 3
2619 0 1
2620 0 4
2621 0 55
2622 55 55
2623 0 0
2624 0 1
2625 0 0
2626 0 3
2627 54 55
2628 54 0
2629 0 2
2630 1 0
2631 0 0
2632 1 0
2633 0 1
2634 55 0
2635 2 0
2636 0 0
2637 54 0
2638 0 1
2639 55 0
2640 0 0
2641 3 0
2642 2 0
2643 3 0
2644 0 1
2645 54 0
2646 0 54
2647 2 0
2648 55 55
2649 1 0
2650 55 0
2651 0 2
2652 0 0
2653 0 3
2654 0 55
2655 54 55
2656 0 1
2657 0 54
2658 54 0
2659 55 55
2660 0 55
2661 0 0
2662 0 1
2663 55 0
2664 54 55
2665 54 0
2666 55 0
2667 55 55
2668 54 55
2669 55 55
2670 54 0
2671 54 55
2672 0 54
2673 0 4
2674 55 55
2675 55 0
2676 0 0
2677 0 55
2678 54 55
2679 0 54
2680 0 55
2681 0 1
2682 0 3
2683 55 55
2684 0 54
2685 0 4
2686 54 0
2687 55 0
2688 0 0
2689 54 55
2690 55 55
2691 54 0
2692 54 55
2693 55 55
2694 0 1
2695 0 55
2696 0 3
2697 0 54
2698 54 55
2699 0 0
2700 55 0
2701 55 55
2702 0 55
2703 54 0
2704 0 54
2705 0 1
2706 0 0
2707 0 2
2708 54 55
2709 55 55
2710 55 0
2711 1 0
2712 0 0
2713 54 55
2714 55 55
2715 0 3
2716 0 2
2717 54 0
2718 1 0
2719 55 0
2720 54 55
2721 0 55
2722 0 1
2723 0 54
2724 0 55
2725 55 55
2726 0 54
2727 2 0
2728 0 0
2729 54 0
2730 3 0
2731 2 0
2732 0 55
2733 0 1
2734 0 0
2735 0 1
2736 1 0
2737 55 0
2738 0 2
2739 54 0
2740 0 54
2741 55 0
2742 0 1
2743 0 55
2744 54 0
2745 0 2
2746 54 55
2747 0 0
2748 55 55
2749 0 3
2750 0 1
2751 0 4
2752 54 55
2753 0 54
2754 0 55
2755 0 54
2756 0 3
2757 0 4
2758 0 3
2759 0 0
2760 0 1
2761 55 0
2762 0 55
2763 0 0
2764 0 54
2765 54 0
2766 0 1
2767 0 4
2768 0 3
2769 55 55
2770 55 0
2771 0 4
2772 0 3
2773 54 0
2774 55 0
2775 0 55
2776 54 55
2777 54 0
2778 0 4
2779 55 0
2780 55 55
2781 0 0
2782 54 55
2783 0 3
2784 54 0
2785 55 55
2786 0 1
2787 0 54
2788 55 0
2789 0 55
2790 0 4
2791 54 55
2792 0 3
2793 0 0
2794 55 55
2795 0 54
2796 0 2
2797 1 0
2798 54 55
2799 55 55
2800 54 0
2801 54 55
2802 55 0
2803 0 1
2804 55 55
2805 54 55
2806 2 0
2807 55 55
2808 0 0
2809 0 55
2810 54 0
2811 0 54
2812 55 0
2813 0 55
2814 0 1
2815 0 54
2816 0 55
2817 54 55
2818 54 0
2819 0 0
2820 55 55
2821 0 54
2822 55 0
2823 54 0
2824 54 55
2825 3 0
2826 55 0
2827 54 0
2828 55 0
2829 55 55
2830 2 0
2831 54 0
2832 0 55
2833 54 55
2834 55 55
2835 54 55
2836 0 54
2837 3 0
2838 2 0
2839 55 55
2840 54 55
2841 0 1
2842 55 55
2843 0 0
2844 0 55
2845 0 1
2846 55 0
2847 0 0
2848 54 55
2849 55 55
2850 0 54
2851 0 55
2852 3 0
2853 2 0
2854 0 1
2855 1 0
2856 54 0
2857 54 55
2858 0 54
2859 2 0
2860 0 0
2861 0 1
2862 0 0
2863 55 55
2864 0 1
2865 0 55
2866 54 55
2867 1 0
2868 0 2
2869 0 54
2870 0 0
2871 0 3
2872 0 2
2873 55 0
2874 1 0
2875 55 55
2876 0 55
2877 0 54
2878 54 55
2879 0 0
2880 0 3
2881 54 0
2882 0 2
2883 0 3
2884 0 2
2885 0 3
2886 0 55
2887 55 55
2888 55 0
2889 54 55
2890 0 2
2891 0 3
2892 0 54
2893 0 1
2894 0 0
2895 54 0
2896 0 55
2897 0 1
2898 55 0
2899 0 54
2900 54 0
2901 0 0
2902 0 1
2903 0 55
2904 0 54
2905 55 55
2906 55 0
2907 0 0
2908 54 55
2909 54 0
2910 0 2
2911 55 55
2912 0 55
2913 1 0
2914 0 1
2915 0 54
2916 55 0
2917 0 2
2918 54 0
2919 54 55
2920 55 0
2921 55 55
2922 0 1
2923 0 55
2924 2 0
2925 54 55
2926 0 0
2927 55 55
2928 3 0
2929 54 0
2930 0 54
2931 0 1
2932 54 55
2933 55 0
2934 54 0
2935 55 55
2936 0 55
2937 55 0
2938 0 54
2939 2 0
2940 54 0
2941 55 0
2942 0 55
2943 54 0
2944 1 0
2945 0 2
2946 0 0
2947 55 0
2948 0 3
2949 0 54
2950 54 55
2951 0 1
2952 0 4
2953 0 3
2954 0 0
2955 0 1
2956 0 0
2957 0 55
2958 0 2
2959 0 54
2960 0 3
2961 0 55
2962 0 1
2963 54 0
2964 0 54
2965 55 0
2966 0 0
2967 0 2
2968 55 55
2969 1 0
2970 54 55
2971 0 55
2972 0 1
2973 2 0
2974 0 0
2975 55 55
2976 0 54
2977 54 55
2978 55 55
2979 54 0
2980 0 1
2981 55 0
2982 0 55
2983 54 0
2984 0 54
2985 0 55
2986 1 0
2987 2 0
2988 55 0
2989 1 0
2990 0 54
2991 2 0
2992 0 0
2993 54 55
2994 0 55
2995 0 54
2996 0 1
2997 55 55
2998 0 55
2999 1 0
3000 54 0
3001 2 0
3002 0 0
3003 0 54
3004 0 1
3005 55 0
3006 0 55
3007 0 54
3008 0 0
3009 0 1
3010 1 0
3011 2 0
3012 0 0
3013 54 0
3014 0 1
3015 1 0
3016 0 55
3017 0 2
3018 0 1
3019 0 54
3020 0 2
3021 54 55
3022 55 0
3023 55 55
3024 0 1
3025 54 0
3026 0 2
3027 54 55
3028 0 55
3029 55 0
3030 0 0
3031 0 54
3032 0 55
3033 1 0
3034 0 0
3035 54 0
3036 1 0
3037 0 0
3038 55 55
3039 1 0
3040 0 54
3041 55 0
3042 0 1
3043 0 2
3044 54 55
3045 54 0
3046 0 55
3047 0 0
3048 55 0
3049 1 0
3050 0 0
3051 0 3
3052 55 55
3053 54 55
3054 0 2
3055 1 0
3056 54 0
3057 55 0
3058 0 0
3059 55 55
3060 0 3
3061 54 0
3062 0 1
3063 55 0
3064 0 4
3065 0 3
3066 0 0
3067 0 2
3068 0 54
3069 1 0
3070 54 0
3071 55 0
3072 54 0
3073 54 55
3074 0 0
3075 55 55
3076 0 3
3077 54 55
3078 55 0
3079 0 55
3080 0 2
3081 0 54
3082 1 0
3083 55 55
3084 0 55
3085 54 55
3086 0 0
3087 54 0
3088 55 55
3089 55 0
3090 1 0
3091 0 0
3092 0 54
3093 1 0
3094 0 55
3095 0 1
3096 0 2
3097 54 55
3098 0 0
3099 0 54
3100 54 0
3101 55 55
3102 0 3
3103 55 0
3104 0 55
3105 0 54
3106 0 55
3107 54 0
3108 0 1
3109 0 0
3110 0 1
3111 54 55
3112 0 4
3113 55 0
3114 55 55
3115 0 54
3116 0 0
3117 0 55
3118 54 55
3119 55 55
3120 0 1
3121 0 0
3122 54 55
3123 55 55
3124 0 54
3125 54 0
3126 0 3
3127 54 55
3128 0 2
3129 55 0
3130 1 0
3131 0 0
3132 54 0
3133 55 0
3134 0 55
3135 1 0
3136 0 1
3137 55 55
3138 2 0
3139 0 0
3140 54 55
3141 54 0
3142 0 1
3143 0 0
3144 0 1
3145 55 55
3146 0 0
3147 55 0
3148 3 0
3149 54 55
3150 54 0
3151 55 55
3152 0 1
3153 55 0
3154 0 0
3155 0 1
3156 0 0
3157 2 0
3158 54 55
3159 3 0
3160 0 1
3161 0 0
3162 2 0
3163 55 55
3164 54 55
3165 55 55
3166 54 0
3167 55 0
3168 54 0
3169 0 1
3170 1 0
3171 0 54
3172 55 0
3173 0 55
3174 0 54
3175 2 0
3176 0 0
3177 54 0
3178 54 55
3179 55 0
3180 0 1
3181 0 0
3182 0 1
3183 55 55
3184 0 0
3185 0 55
3186 54 55
3187 54 0
3188 0 54
3189 55 55
3190 0 55
3191 3 0
3192 0 54
3193 55 0
3194 0 1
3195 2 0
3196 54 0
3197 0 55
3198 54 55
3199 55 0
3200 55 55
3201 0 0
3202 54 0
3203 3 0
3204 0 1
3205 55 0
3206 2 0
3207 54 55
3208 54 0
3209 0 54
3210 55 0
3211 55 55
3212 0 0
3213 0 55
3214 54 55
3215 54 0
3216 55 55
3217 0 1
3218 0 54
3219 0 0
3220 0 55
3221 3 0
3222 2 0
3223 0 54
3224 54 55
3225 0 55
3226 0 54
3227 0 55
3228 0 1
3229 0 0
3230 0 1
3231 1 0
3232 0 2
3233 0 54
3234 55 55
3235 0 1
3236 54 55
3237 2 0
3238 1 0
3239 0 2
3240 0 55
3241 55 0
3242 0 1
3243 0 2
3244 0 1
3245 55 55
3246 54 55
3247 55 55
3248 54 55
3249 2 0
3250 54 0
3251 55 0
3252 54 0
3253 1 0
3254 0 54
3255 55 0
3256 0 2
3257 0 55
3258 0 54
3259 0 55
3260 0 1
3261 0 54
3262 0 55
3263 55 55
3264 2 0
3265 0 0
3266 3 0
3267 0 1
3268 54 55
3269 0 54
3270 54 0
3271 2 0
3272 0 55
3273 1 0
3274 55 0
3275 55 55
3276 0 54
3277 0 55
3278 54 55
3279 0 2
3280 55 55
3281 0 1
3282 0 2
3283 0 1
3284 54 55
3285 55 55
3286 54 0
3287 2 0
3288 55 0
3289 54 0
3290 1 0
3291 54 55
3292 55 0
3293 2 0
3294 1 0
3295 0 2
3296 0 0
3297 0 3
3298 0 2
3299 54 0
3300 0 54
3301 55 55
3302 0 55
3303 54 55
3304 0 54
3305 0 55
3306 1 0
3307 0 54
3308 0 55
3309 0 54
3310 55 0
3311 54 0
3312 55 0
3313 55 55
3314 0 1
3315 54 55
3316 0 55
3317 0 54
3318 0 55
3319 2 0
3320 0 0
3321 55 55
3322 54 0
3323 0 54
3324 3 0
3325 2 0
3326 55 0
3327 3 0
3328 0 55
3329 2 0
3330 54 55
3331 0 54
3332 3 0
3333 55 55
3334 54 0
3335 55 0
3336 54 0
3337 55 0
3338 54 0
3339 2 0
3340 0 55
3341 0 54
3342 55 0
3343 3 0
3344 54 0
3345 0 55
3346 54 55
3347 55 55
3348 54 55
3349 55 0
3350 55 55
3351 54 55
3352 54 0
3353 2 0
3354 55 0
3355 0 54
3356 0 55
3357 54 0
3358 55 0
3359 0 54
3360 54 0
3361 55 55
3362 55 0
3363 3 0
3364 0 1
3365 0 0
3366 2 0
3367 0 1
3368 0 0
3369 54 0
3370 3 0
3371 55 0
3372 2 0
3373 0 1
3374 0 55
3375 54 55
3376 0 54
3377 55 55
3378 1 0
3379 0 55
3380 2 0
3381 0 54
3382 54 0
3383 0 0
3384 54 55
3385 55 55
3386 55 0
3387 54 55
3388 3 0
3389 2 0
3390 3 0
3391 0 55
3392 55 55
3393 0 1
3394 2 0
3395 0 54
3396 1 0
3397 54 0
3398 55 0
3399 0 2
3400 54 0
3401 0 0
3402 0 3
3403 54 55
3404 55 0
3405 0 55
3406 0 54
3407 0 55
3408 0 54
3409 0 1
3410 0 55
3411 55 55
3412 0 54
3413 0 55
3414 54 55
3415 55 55
3416 0 4
3417 54 0
3418 54 55
3419 55 55
3420 0 0
3421 55 0
3422 54 55
3423 54 0
3424 0 3
3425 0 1
3426 0 4
3427 55 0
3428 55 55
3429 0 3
3430 0 4
3431 54 0
3432 55 0
3433 0 54
3434 0 3
3435 54 0
3436 54 55
3437 55 0
3438 55 55
3439 0 4
3440 54 0
3441 54 55
3442 0 0
3443 0 1
3444 55 0
3445 0 0
3446 0 1
3447 55 55
3448 0 55
3449 0 3
3450 54 0
3451 54 55
3452 0 0
3453 55 0
3454 0 1
3455 0 54
3456 55 55
3457 0 4
3458 54 55
3459 55 55
3460 0 55
3461 0 3
3462 0 4
3463 0 0
3464 0 1
3465 0 54
3466 54 55
3467 0 0
3468 0 55
3469 0 3
3470 0 54
3471 55 55
3472 54 0
3473 0 2
3474 1 0
3475 54 55
3476 55 55
3477 0 55
3478 0 0
3479 54 55
3480 1 0
3481 55 55
3482 55 0
3483 54 55
3484 55 55
3485 0 0
3486 1 0
3487 0 54
3488 54 55
3489 0 1
3490 2 0
3491 1 0
3492 0 2
3493 0 0
3494 54 0
3495 55 55
3496 0 3
3497 55 0
3498 0 2
3499 54 55
3500 0 55
3501 0 3
3502 0 54
3503 0 55
3504 55 55
3505 0 2
3506 0 3
3507 0 54
3508 0 55
3509 54 0
3510 55 0
3511 0 54
3512 54 0
3513 0 2
3514 55 0
3515 54 55
3516 0 3
3517 0 2
3518 55 55
3519 1 0
3520 54 0
3521 0 1
3522 55 0
3523 54 55
3524 55 55
3525 54 55
3526 54 0
3527 2 0
3528 1 0
3529 55 55
3530 0 55
3531 55 0
3532 2 0
3533 0 0
3534 54 55
3535 3 0
3536 0 54
3537 0 55
3538 55 55
3539 54 55
3540 0 54
3541 2 0
3542 0 55
3543 55 55
3544 0 1
3545 0 54
3546 0 0
3547 54 55
3548 54 0
3549 55 55
3550 3 0
3551 55 0
3552 54 0
3553 2 0
3554 0 1
3555 0 55
3556 54 55
3557 0 0
3558 3 0
3559 2 0
3560 3 0
3561 0 54
3562 0 55
3563 55 0
3564 54 0
3565 0 1
3566 0 0
3567 2 0
3568 0 54
3569 0 1
3570 0 0
3571 0 55
3572 3 0
3573 55 0
3574 0 54
3575 54 0
3576 55 55
3577 0 1
3578 55 0
3579 0 55
3580 0 54
3581 0 0
3582 54 55
3583 55 55
3584 0 55
3585 0 54
3586 0 55
3587 54 0
3588 0 1
3589 55 0
3590 0 0
3591 0 1
3592 54 55
3593 55 55
3594 0 54
3595 0 0
3596 0 55
3597 0 1
3598 54 0
3599 55 0
3600 54 55
3601 55 55
3602 0 0
3603 2 0
3604 3 0
3605 54 55
3606 2 0
3607 0 54
3608 0 1
3609 55 55
3610 1 0
3611 0 2
3612 54 55
3613 55 55
3614 54 0
3615 55 0
3616 0 0
3617 54 55
3618 54 0
3619 0 55
3620 0 3
3621 55 55
3622 0 2
3623 1 0
3624 0 0
3625 0 3
3626 0 54
3627 54 55
3628 55 55
3629 0 55
3630 0 54
3631 0 55
3632 54 55
3633 0 1
3634 0 54
3635 55 0
3636 55 55
3637 54 55
3638 54 0
3639 0 55
3640 0 0
3641 55 0
3642 0 2
3643 0 3
3644 54 0
3645 0 54
3646 55 55
3647 0 2
3648 0 3
3649 0 55
3650 0 2
3651 54 55
3652 0 3
3653 0 54
3654 0 2
3655 55 55
3656 0 55
3657 0 54
3658 1 0
3659 0 55
3660 55 0
3661 0 0
3662 0 54
3663 0 55
3664 54 0
3665 1 0
3666 0 54
3667 0 1
3668 0 2
3669 0 55
3670 0 0
3671 1 0
3672 54 55
3673 55 0
3674 54 0
3675 55 0
3676 54 0
3677 0 1
3678 0 54
3679 55 0
3680 55 55
3681 2 0
3682 54 55
3683 1 0
3684 2 0
3685 0 0
3686 0 55
3687 0 1
3688 54 0
3689 0 0
3690 0 1
3691 55 0
3692 54 0
3693 0 54
3694 0 55
3695 55 55
3696 54 55
3697 0 0
3698 3 0
3699 0 54
3700 55 55
3701 0 1
3702 54 55
3703 55 55
3704 54 55
3705 55 0
3706 54 0
3707 55 0
3708 0 55
3709 0 54
3710 2 0
3711 1 0
3712 0 55
3713 0 2
3714 0 0
3715 55 55
3716 0 54
3717 54 55
3718 55 55
3719 0 55
3720 0 54
3721 0 3
3722 54 55
3723 55 55
3724 0 2
3725 54 55
3726 55 55
3727 0 55
3728 0 54
3729 1 0
3730 54 0
3731 0 0
3732 54 55
3733 0 55
3734 55 55
3735 0 3
3736 0 1
3737 54 55
3738 0 0
3739 0 54
3740 0 2
3741 55 0
3742 0 55
3743 1 0
3744 0 54
3745 54 0
3746 55 0
3747 54 0
3748 0 0
3749 0 55
3750 0 54
3751 0 55
3752 0 54
3753 55 0
3754 54 0
3755 0 3
3756 0 2
3757 0 3
3758 55 55
3759 0 55
3760 54 55
3761 0 54
3762 0 55
3763 0 54
3764 0 1
3765 55 0
3766 0 55
3767 0 0
3768 0 1
3769 54 0
3770 0 54
3771 55 0
3772 55 55
3773 54 55
3774 0 0
3775 55 55
3776 54 55
3777 55 55
3778 54 55
3779 0 1
3780 55 55
3781 0 55
3782 0 0
3783 54 55
3784 55 55
3785 54 0
3786 54 55
3787 0 54
3788 55 0
3789 0 1
3790 0 0
3791 55 55
3792 0 55
3793 0 2
3794 0 3
3795 0 54
3796 0 1
3797 0 0
3798 54 0
3799 0 55
3800 0 54
3801 0 55
3802 55 0
3803 0 2
3804 54 55
3805 54 0
3806 55 0
3807 54 0
3808 55 0
3809 0 54
3810 54 0
3811 55 0
3812 55 55
3813 54 0
3814 0 55
3815 0 54
3816 0 55
3817 1 0
3818 55 0
3819 0 1
3820 54 0
3821 2 0
3822 55 0
3823 0 0
3824 3 0
3825 0 1
3826 0 54
3827 2 0
3828 54 55
3829 54 0
3830 1 0
3831 0 2
3832 0 0
3833 0 3
3834 55 55
3835 54 55
3836 0 55
3837 55 0
3838 55 55
3839 0 54
3840 0 55
3841 0 1
3842 54 55
3843 54 0
3844 0 54
3845 0 55
3846 0 4
3847 0 0
3848 55 55
3849 55 0
3850 0 1
3851 0 54
3852 54 0
3853 0 55
3854 0 3
3855 0 4
3856 55 0
3857 54 0
3858 0 3
3859 54 55
3860 55 55
3861 55 0
3862 54 0
3863 55 0
3864 0 4
3865 0 0
3866 54 0
3867 55 0
3868 0 3
3869 0 1
3870 0 0
3871 0 2
3872 54 55
3873 55 55
3874 0 3
3875 0 1
3876 54 55
3877 0 4
3878 54 0
3879 0 3
3880 55 0
3881 0 4
3882 0 0
3883 0 3
3884 54 0
3885 0 54
3886 55 55
3887 54 55
3888 0 2
3889 0 55
3890 55 55
3891 0 3
3892 0 1
3893 0 54
3894 0 0
3895 54 55
3896 55 0
3897 55 55
3898 0 2
3899 54 55
3900 54 0
3901 1 0
3902 0 1
3903 0 55
3904 2 0
3905 55 55
3906 1 0
3907 0 2
3908 54 55
3909 0 1
3910 55 55
3911 54 55
3912 0 2
3913 0 1
3914 0 2
3915 55 55
3916 0 0
3917 0 3
3918 0 54
3919 0 1
3920 54 55
3921 55 55
3922 0 55
3923 55 0
3924 54 55
3925 55 55
3926 0 54
3927 54 55
3928 0 55
3929 0 54
3930 0 55
3931 54 0
3932 55 0
3933 0 0
3934 0 2
3935 0 54
3936 0 3
3937 0 1
3938 54 0
3939 0 0
3940 55 0
3941 54 0
3942 0 2
3943 55 0
3944 54 0
3945 0 3
3946 0 1
3947 55 55
3948 0 0
3949 55 0
3950 0 1
3951 0 4
3952 0 0
3953 0 3
3954 0 55
3955 0 1
3956 0 4
3957 0 3
3958 0 4
3959 0 54
3960 54 0
3961 54 55
3962 55 0
3963 55 55
3964 54 0
3965 0 0
3966 0 55
3967 0 3
3968 55 0
3969 0 1
3970 54 55
3971 0 54
3972 0 0
3973 54 0
3974 0 2
3975 55 55
3976 0 55
3977 0 54
3978 0 55
3979 54 55
3980 55 0
3981 54 0
3982 0 3
3983 55 55
3984 0 2
3985 55 0
3986 0 3
3987 54 0
3988 54 55
3989 55 55
3990 54 55
3991 0 54
3992 0 1
3993 0 4
3994 55 0
3995 55 55
3996 54 0
3997 55 0
3998 54 55
3999 55 55
4000 54 0
4001 0 0
4002 55 0
4003 54 0
4004 55 0
4005 54 0
4006 0 55
4007 0 1
4008 55 0
4009 54 55
4010 55 55
4011 0 3
4012 0 0
4013 0 2
4014 54 0
4015 55 0
4016 54 55
4017 1 0
4018 0 54
4019 55 55
4020 0 55
4021 0 1
4022 54 0
4023 55 0
4024 0 2
4025 0 1
4026 2 0
4027 54 0
4028 0 0
4029 0 1
4030 0 54
4031 0 55
4032 0 0
4033 0 1
4034 1 0
4035 55 0
4036 54 55
4037 2 0
4038 0 0
4039 0 54
4040 55 55
4041 0 1
4042 54 0
4043 55 0
4044 54 55
4045 1 0
4046 55 55
4047 54 0
4048 55 0
4049 0 2
4050 0 1
4051 54 0
4052 2 0
4053 0 55
4054 54 55
4055 1 0
4056 55 0
4057 2 0
4058 0 54
4059 0 55
4060 1 0
4061 0 54
4062 55 55
4063 0 2
4064 0 55
4065 54 55
4066 0 0
4067 55 55
4068 1 0
4069 0 0
4070 54 55
4071 1 0
4072 0 54
4073 0 1
4074 0 55
4075 55 55
4076 54 55
4077 0 2
4078 55 55
4079 0 0
4080 54 0
4081 0 54
4082 54 55
4083 0 55
4084 0 3
4085 0 2
4086 0 54
4087 0 55
4088 0 54
4089 55 0
4090 55 55
4091 54 0
4092 1 0
4093 54 55
4094 55 0
4095 0 0
4096 1 0
4097 0 0
4098 0 55
4099 1 0
4100 0 0
4101 0 3
4102 0 1
4103 0 0
4104 0 1
4105 0 4
4106 0 0
4107 54 0
4108 0 1
4109 0 54
4110 0 0
4111 0 1
4112 0 3
4113 55 55
4114 0 0
4115 55 0
4116 0 2
4117 0 55
4118 54 55
4119 1 0
4120 0 54
4121 0 55
4122 55 55
4123 0 54
4124 54 55
4125 0 55
4126 55 55
4127 54 0
4128 0 54
4129 55 0
4130 54 55
4131 54 0
4132 55 0
4133 0 55
4134 0 54
4135 0 0
4136 0 3
4137 0 2
4138 55 55
4139 1 0
4140 54 55
4141 0 1
4142 0 55
4143 0 2
4144 0 1
4145 54 0
4146 0 54
4147 0 2
4148 0 1
4149 0 55
4150 0 2
4151 0 0
4152 55 0
4153 55 55
4154 0 3
4155 0 2
4156 1 0
4157 54 0
4158 0 1
4159 0 54
4160 54 55
4161 0 55
4162 0 2
4163 0 54
4164 0 55
4165 0 54
4166 0 1
4167 55 0
4168 0 2
4169 0 0
4170 55 55
4171 54 0
4172 55 0
4173 1 0
4174 0 0
4175 0 55
4176 54 55
4177 0 3
4178 0 2
4179 1 0
4180 0 0
4181 0 3
4182 0 2
4183 0 54
4184 0 3
4185 0 1
4186 0 55
4187 0 54
4188 55 55
4189 54 55
4190 0 4
4191 0 0
4192 0 3
4193 0 2
4194 55 55
4195 0 3
4196 0 2
4197 54 0
4198 55 0
4199 1 0
4200 0 0
4201 0 55
4202 54 0
4203 55 0
4204 0 3
4205 0 54
4206 54 0
4207 0 1
4208 0 0
4209 0 2
4210 1 0
4211 55 0
4212 0 1
4213 54 55
4214 55 55
4215 54 55
4216 54 0
4217 55 0
4218 2 0
4219 0 55
4220 55 55
4221 0 0
4222 54 55
4223 55 55
4224 54 55
4225 55 55
4226 0 1
4227 54 0
4228 0 54
4229 0 55
4230 0 0
4231 3 0
4232 0 54
4233 2 0
4234 55 0
4235 3 0
4236 0 1
4237 0 55
4238 0 0
4239 54 55
4240 54 0
4241 2 0
4242 0 54
4243 3 0
4244 0 1
4245 55 0
4246 54 0
4247 2 0
4248 1 0
4249 2 0
4250 0 0
4251 0 1
4252 0 0
4253 55 55
4254 54 55
4255 3 0
4256 55 55
4257 54 55
4258 55 55
4259 55 0
4260 0 1
4261 54 0
4262 54 55
4263 55 55
4264 0 55
4265 0 54
4266 0 0
4267 54 55
4268 2 0
4269 0 55
4270 55 0
4271 0 54
4272 55 55
4273 54 0
4274 0 55
4275 55 0
4276 3 0
4277 2 0
4278 3 0
4279 54 55
4280 0 54
4281 55 55
4282 54 55
4283 2 0
4284 0 1
4285 0 55
4286 0 0
4287 54 0
4288 0 54
4289 0 55
4290 55 0
4291 0 1
4292 0 54
4293 1 0
4294 0 2
4295 0 1
4296 0 55
4297 0 54
4298 0 55
4299 54 0
4300 0 2
4301 0 54
4302 0 55
4303 55 0
4304 0 54
4305 0 1
4306 2 0
4307 55 55
4308 0 0
4309 3 0
4310 0 1
4311 54 0
4312 55 0
4313 2 0
4314 0 0
4315 54 0
4316 54 55
4317 55 55
4318 0 1
4319 0 55
4320 55 0
4321 0 0
4322 54 55
4323 55 55
4324 0 54
4325 0 1
4326 54 55
4327 1 0
4328 0 2
4329 0 1
4330 2 0
4331 55 55
4332 54 0
4333 55 0
4334 54 0
4335 0 55
4336 0 0
4337 3 0
4338 2 0
4339 54 55
4340 55 0
4341 55 55
4342 0 54
4343 0 55
4344 54 0
4345 54 55
4346 55 55
4347 0 1
4348 0 54
4349 54 55
4350 0 55
4351 0 54
4352 0 0
4353 55 55
4354 0 1
4355 54 55
4356 1 0
4357 55 0
4358 0 55
4359 55 55
4360 54 55
4361 54 0
4362 0 54
4363 55 55
4364 54 55
4365 55 0
4366 2 0
4367 1 0
4368 54 0
4369 2 0
4370 1 0
4371 0 55
4372 0 54
4373 2 0
4374 55 0
4375 0 0
4376 0 1
4377 55 55
4378 1 0
4379 0 55
4380 54 55
4381 0 2
4382 0 1
4383 55 55
4384 54 55
4385 0 54
4386 0 55
4387 55 55
4388 0 54
4389 0 2
4390 0 1
4391 54 0
4392 0 2
4393 0 55
4394 0 0
4395 55 0
4396 54 55
4397 55 55
4398 54 0
4399 54 55
4400 55 0
4401 0 3
4402 0 1
4403 0 4
4404 0 3
4405 0 0
4406 0 1
4407 0 4
4408 55 55
4409 0 0
4410 0 1
4411 0 3
4412 54 0
4413 0 4
4414 0 0
4415 54 55
4416 0 3
4417 0 1
4418 55 0
4419 0 54
4420 0 55
4421 0 4
4422 54 0
4423 55 0
4424 54 0
4425 0 54
4426 0 55
4427 55 55
4428 0 54
4429 0 3
4430 0 0
4431 0 55
4432 0 1
4433 55 0
4434 0 4
4435 0 54
4436 0 0
4437 54 0
4438 0 3
4439 0 55
4440 0 1
4441 0 0
4442 55 0
4443 54 55
4444 54 0
4445 55 55
4446 0 54
4447 54 55
4448 0 1
4449 0 4
4450 0 0
4451 0 1
4452 0 3
4453 0 0
4454 0 2
4455 1 0
4456 0 1
4457 0 55
4458 55 0
4459 0 54
4460 0 55
4461 0 2
4462 0 1
4463 54 0
4464 0 2
4465 55 55
4466 0 1
4467 0 2
4468 55 0
4469 0 54
4470 0 1
4471 0 55
4472 54 55
4473 2 0
4474 0 54
4475 55 55
4476 0 55
4477 1 0
4478 54 0
4479 2 0
4480 1 0
4481 54 55
4482 0 54
4483 55 55
4484 2 0
4485 0 55
4486 54 55
4487 55 0
4488 54 0
4489 0 54
4490 1 0
4491 0 2
4492 55 0
4493 0 0
4494 0 55
4495 55 55
4496 1 0
4497 0 0
4498 54 55
4499 0 3
4500 0 54
4501 0 55
4502 0 54
4503 54 0
4504 55 55
4505 0 2
4506 55 0
4507 54 55
4508 55 55
4509 1 0
4510 54 0
4511 55 0
4512 0 55
4513 0 1
4514 0 2
4515 0 54
4516 54 0
4517 0 0
4518 55 0
4519 1 0
4520 54 0
4521 54 55
4522 55 55
4523 55 0
4524 0 55
4525 0 54
4526 54 0
4527 0 0
4528 0 3
4529 54 55
4530 0 2
4531 1 0
4532 55 55
4533 0 0
4534 1 0
4535 0 0
4536 55 0
4537 0 55
4538 1 0
4539 0 0
4540 0 3
4541 0 54
4542 0 55
4543 0 2
4544 0 54
4545 54 0
4546 55 0
4547 54 55
4548 0 55
4549 0 54
4550 55 55
4551 54 0
4552 54 55
4553 55 55
4554 54 55
4555 55 55
4556 1 0
4557 0 55
4558 0 54
4559 54 55
4560 55 0
4561 54 0
4562 0 55
4563 0 54
4564 0 0
4565 55 55
4566 0 55
4567 1 0
4568 0 54
4569 54 55
4570 0 0
4571 0 3
4572 0 2
4573 1 0
4574 55 0
4575 0 55
4576 54 0
4577 0 0
4578 0 54
4579 55 0
4580 0 3
4581 0 1
4582 0 0
4583 0 55
4584 0 2
4585 0 3
4586 0 1
4587 0 4
4588 54 0
4589 0 3
4590 0 0
4591 0 2
4592 55 0
4593 54 0
4594 0 54
4595 0 55
4596 0 54
4597 55 0
4598 0 55
4599 54 0
4600 0 54
4601 1 0
4602 55 0
4603 0 0
4604 54 0
4605 0 55
4606 55 55
4607 54 55
4608 1 0
4609 0 0
4610 1 0
4611 0 54
4612 0 1
4613 0 55
4614 2 0
4615 0 0
4616 55 0
4617 0 1
4618 54 0
4619 55 0
4620 0 54
4621 1 0
4622 0 55
4623 0 2
4624 55 55
4625 0 54
4626 0 55
4627 54 55
4628 0 54
4629 0 1
4630 2 0
4631 1 0
4632 0 2
4633 0 0
4634 55 55
4635 54 55
4636 1 0
4637 0 1
4638 0 2
4639 0 55
4640 0 0
4641 55 55
4642 1 0
4643 0 0
4644 0 54
4645 0 55
4646 1 0
4647 0 1
4648 0 54
4649 54 55
4650 0 2
4651 55 55
4652 0 55
4653 54 0
4654 55 0
4655 54 55
4656 0 54
4657 0 0
4658 0 3
4659 55 55
4660 54 0
4661 0 2
4662 1 0
4663 0 0
4664 1 0
4665 0 1
4666 0 55
4667 0 2
4668 0 54
4669 54 55
4670 0 0
4671 1 0
4672 0 55
4673 55 55
4674 54 55
4675 55 55
4676 0 0
4677 55 0
4678 0 54
4679 0 3
4680 54 0
4681 0 55
4682 54 55
4683 0 1
4684 55 0
4685 55 55
4686 0 0
4687 54 0
4688 0 54
4689 0 2
4690 54 55
4691 55 55
4692 1 0
4693 54 55
4694 0 0
4695 1 0
4696 55 55
4697 0 55
4698 0 1
4699 0 2
4700 0 54
4701 0 1
4702 0 55
4703 0 2
4704 0 1
4705 2 0
4706 0 0
4707 0 54
4708 0 55
4709 55 0
4710 0 1
4711 0 0
4712 54 55
4713 54 0
4714 55 55
4715 54 55
4716 0 1
4717 0 0
4718 55 0
4719 0 54
4720 0 55
4721 0 54
4722 55 55
4723 0 1
4724 54 0
4725 0 0
4726 55 0
4727 3 0
4728 0 55
4729 0 54
4730 54 0
4731 0 55
4732 55 0
4733 54 0
4734 55 0
4735 2 0
4736 0 1
4737 0 0
4738 0 1
4739 0 54
4740 1 0
4741 54 55
4742 54 0
4743 2 0
4744 55 55
4745 54 55
4746 1 0
4747 55 55
4748 54 55
4749 0 55
4750 0 2
4751 0 54
4752 0 1
4753 55 0
4754 55 55
4755 0 2
4756 54 55
4757 55 55
4758 54 0
4759 0 55
4760 55 0
4761 0 54
4762 0 0
4763 1 0
4764 0 0
4765 0 3
4766 0 1
4767 54 0
4768 0 0
4769 54 55
4770 55 0
4771 0 2
4772 54 0
4773 55 0
4774 54 0
4775 55 0
4776 54 0
4777 0 3
4778 0 2
4779 55 0
4780 54 0
4781 1 0
4782 0 55
4783 55 55
4784 0 0
4785 1 0
4786 54 55
4787 0 54
4788 0 0
4789 55 0
4790 54 0
4791 0 55
4792 0 54
4793 0 55
4794 55 0
4795 0 3
4796 0 2
4797 0 54
4798 0 3
4799 54 0
4800 0 2
4801 55 0
4802 1 0
4803 54 0
4804 0 1
4805 0 55
4806 2 0
4807 55 0
4808 55 55
4809 0 54
4810 0 55
4811 0 0
4812 54 55
4813 0 54
4814 55 55
4815 54 0
4816 55 0
4817 0 55
4818 0 1
4819 1 0
4820 0 54
4821 54 0
4822 2 0
4823 1 0
4824 0 2
4825 54 55
4826 55 55
4827 55 0
4828 0 1
4829 0 2
4830 0 0
4831 0 3
4832 54 0
4833 0 55
4834 55 0
4835 0 1
4836 0 0
4837 0 54
4838 0 1
4839 54 55
4840 0 4
4841 54 0
4842 0 3
4843 0 0
4844 55 55
4845 55 0
4846 0 1
4847 0 55
4848 0 0
4849 0 1
4850 0 0
4851 0 2
4852 1 0
4853 0 0
4854 54 55
4855 54 0
4856 0 3
4857 55 55
4858 55 0
4859 54 55
4860 54 0
4861 55 0
4862 0 2
4863 0 54
4864 54 0
4865 55 55
4866 54 55
4867 55 0
4868 0 3
4869 55 55
4870 54 55
4871 0 2
4872 1 0
4873 0 55
4874 54 0
4875 0 1
4876 55 55
4877 0 2
4878 55 0
4879 54 55
4880 54 0
4881 55 0
4882 54 0
4883 55 55
4884 54 55
4885 0 0
4886 0 54
4887 55 55
4888 0 55
4889 55 0
4890 1 0
4891 0 1
4892 0 54
4893 0 55
4894 54 55
4895 0 2
4896 54 0
4897 55 0
4898 54 0
4899 0 54
4900 55 55
4901 0 0
4902 55 0
4903 54 0
4904 0 55
4905 1 0
4906 0 1
4907 0 54
4908 55 0
4909 54 0
4910 55 0
4911 0 2
4912 0 55
4913 54 55
4914 54 0
4915 0 0
4916 55 55
4917 55 0
4918 54 0
4919 1 0
4920 55 0
4921 54 0
4922 0 1
4923 0 2
4924 0 54
4925 0 0
4926 54 55
4927 55 0
4928 55 55
4929 0 3
4930 54 55
4931 54 0
4932 55 55
4933 0 55
4934 0 54
4935 55 0
4936 0 55
4937 54 0
4938 0 1
4939 0 54
4940 0 4
4941 0 0
4942 0 3
4943 0 1
4944 0 0
4945 55 0
4946 0 1
4947 54 0
4948 0 55
4949 0 0
4950 0 54
4951 0 55
4952 54 55
4953 0 1
4954 0 54
4955 55 55
4956 55 0
4957 0 55
4958 54 55
4959 55 55
4960 54 0
4961 0 0
4962 55 0
4963 54 0
4964 54 55
4965 55 0
4966 0 2
4967 0 3
4968 0 2
4969 0 3
4970 55 55
4971 0 54
4972 54 0
4973 0 55
4974 0 1
4975 54 55
4976 0 0
4977 0 54
4978 0 55
4979 55 0
4980 55 55
4981 54 0
4982 0 1
4983 0 4
4984 0 0
4985 0 3
4986 55 0
4987 54 55
4988 54 0
4989 0 54
4990 0 2
4991 1 0
4992 0 55
4993 0 1
4994 55 0
4995 54 0
4996 0 2
4997 0 0
4998 0 54
4999 55 55
5000 0 3
5001 0 55
5002 0 1
5003 54 55
5004 0 54
5005 55 0
5006 0 0
5007 0 2
5008 0 3
5009 0 55
5010 54 0
5011 0 2
5012 0 54
5013 55 0
5014 0 55
5015 0 3
5016 55 55
5017 54 55
5018 0 54
5019 55 55
5020 0 2
5021 54 0
5022 55 0
5023 54 55
5024 1 0
5025 54 0
5026 0 1
5027 0 55
5028 0 54
5029 2 0
5030 0 0
5031 3 0
5032 2 0
5033 0 1
5034 1 0
5035 2 0
5036 55 0
5037 55 55
5038 1 0
5039 0 55
5040 2 0
5041 54 0
5042 55 0
5043 0 54
5044 1 0
5045 2 0
5046 0 0
5047 0 55
5048 0 54
5049 54 55
5050 3 0
5051 0 55
5052 0 54
5053 2 0
5054 3 0
5055 55 55
5056 2 0
5057 54 55
5058 0 1
5059 0 55
5060 0 0
5061 54 0
5062 0 1
5063 0 54
5064 55 55
5065 0 55
5066 1 0
5067 54 55
5068 0 2
5069 55 55
5070 0 0
5071 0 3
5072 0 1
5073 0 4
5074 54 55
5075 0 54
5076 0 3
5077 0 0
5078 55 55
5079 54 55
5080 0 2
5081 0 3
5082 0 55
5083 55 55
5084 0 54
5085 54 55
5086 55 0
5087 55 55
5088 54 0
5089 54 55
5090 0 2
5091 55 0
5092 55 55
5093 54 0
5094 0 55
5095 54 55
5096 1 0
5097 55 55
5098 0 54
5099 0 55
5100 0 1
5101 0 2
5102 0 0
5103 0 54
5104 1 0
5105 0 1
5106 0 55
5107 54 55
5108 55 55
5109 54 55
5110 2 0
5111 55 55
5112 0 0
5113 0 54
5114 0 1
5115 1 0
5116 54 55
5117 0 55
5118 55 0
5119 0 54
5120 0 2
5121 0 1
5122 54 0
5123 0 2
5124 55 0
5125 54 0
5126 55 55
5127 55 0
5128 0 0
5129 54 0
5130 0 55
5131 0 54
5132 1 0
5133 54 55
5134 0 0
5135 55 0
5136 0 55
5137 1 0
5138 55 55
5139 0 1
5140 54 0
5141 2 0
5142 54 55
5143 0 54
5144 1 0
5145 55 55
5146 2 0
5147 0 55
5148 0 0
5149 54 55
5150 0 1
5151 55 55
5152 54 55
5153 1 0
5154 0 2
5155 55 55
5156 0 0
5157 0 54
5158 55 0
5159 1 0
5160 54 55
5161 0 55
5162 55 55
5163 54 55
5164 0 1
5165 0 2
5166 0 54
5167 0 55
5168 0 0
5169 54 0
5170 55 0
5171 0 3
5172 54 0
5173 0 1
5174 55 55
5175 0 54
5176 0 0
5177 0 2
5178 55 0
5179 54 55
5180 54 0
5181 55 55
5182 0 3
5183 0 2
5184 55 0
5185 54 0
5186 0 55
5187 55 0
5188 0 3
5189 0 2
5190 0 3
5191 0 2
5192 1 0
5193 0 1
5194 54 55
5195 0 2
5196 54 0
5197 55 55
5198 54 55
5199 55 55
5200 54 55
5201 55 55
5202 0 1
5203 54 55
5204 55 0
5205 0 2
5206 55 55
5207 54 55
5208 0 0
5209 0 54
5210 54 0
5211 0 3
5212 0 1
5213 0 55
5214 0 4
5215 55 55
5216 0 3
5217 0 0
5218 54 55
5219 0 2
5220 55 55
5221 1 0
5222 0 54
5223 0 55
5224 0 1
5225 0 54
5226 54 55
5227 2 0
5228 55 55
5229 1 0
5230 2 0
5231 0 55
5232 55 0
5233 0 54
5234 54 0
5235 54 55
5236 0 0
5237 55 55
5238 0 55
5239 0 1
5240 55 0
5241 0 0
5242 3 0
5243 54 55
5244 54 0
5245 0 1
5246 0 54
5247 55 55
5248 0 0
5249 54 55
5250 55 55
5251 55 0
5252 0 55
5253 0 54
5254 54 0
5255 0 1
5256 55 0
5257 2 0
5258 54 55
5259 0 55
5260 1 0
5261 0 54
5262 0 2
5263 0 55
5264 0 1
5265 55 55
5266 54 55
5267 2 0
5268 1 0
5269 0 2
5270 55 55
5271 54 0
5272 55 0
5273 54 55
5274 54 0
5275 0 1
5276 0 2
5277 0 1
5278 0 2
5279 0 54
5280 0 55
5281 55 0
5282 0 0
5283 0 3
5284 0 2
5285 0 54
5286 54 0
5287 55 55
5288 54 55
5289 55 55
5290 1 0
5291 0 55
5292 0 0
5293 1 0
5294 0 54
5295 0 0
5296 1 0
5297 0 0
5298 54 55
5299 0 55
5300 55 55
5301 54 55
5302 1 0
5303 0 54
5304 55 0
5305 0 55
5306 0 0
5307 0 3
5308 0 1
5309 54 0
5310 55 55
5311 0 54
5312 0 0
5313 55 0
5314 0 2
5315 54 0
5316 1 0
5317 0 0
5318 54 55
5319 0 55
5320 55 0
5321 55 55
5322 1 0
5323 54 0
5324 0 54
5325 0 55
5326 54 55
5327 0 54
5328 0 0
5329 55 0
5330 0 55
5331 0 3
5332 0 54
5333 55 55
5334 54 0
5335 0 2
5336 54 55
5337 0 3
5338 55 0
5339 55 55
5340 0 55
5341 0 2
5342 54 55
5343 0 3
5344 0 54
5345 54 0
5346 0 55
5347 0 54
5348 55 0
5349 0 2
5350 0 3
5351 54 0
5352 55 55
5353 54 55
5354 0 1
5355 0 4
5356 0 55
5357 0 54
5358 0 0
5359 55 0
5360 55 55
5361 0 55
5362 54 55
5363 0 1
5364 0 54
5365 0 3
5366 54 0
5367 55 55
5368 54 55
5369 0 0
5370 0 1
5371 55 55
5372 0 4
5373 0 0
5374 54 55
5375 55 55
5376 0 55
5377 54 55
5378 0 54
5379 55 55
5380 0 1
5381 0 0
5382 55 0
5383 0 55
5384 54 55
5385 54 0
5386 55 55
5387 55 0
5388 54 55
5389 54 0
5390 0 54
5391 55 55
5392 0 55
5393 0 54
5394 54 55
5395 0 3
5396 55 0
5397 54 0
5398 55 0
5399 55 55
5400 0 1
5401 0 4
5402 0 3
5403 54 0
5404 55 0
5405 54 55
5406 0 55
5407 0 4
5408 55 55
5409 0 0
5410 54 0
5411 0 1
5412 55 0
5413 0 54
5414 0 0
5415 0 55
5416 0 3
5417 0 54
5418 54 55
5419 0 1
5420 0 0
5421 54 0
5422 55 0
5423 0 2
5424 0 3
5425 0 1
5426 0 4
5427 0 3
5428 0 0
5429 0 55
5430 0 2
5431 1 0
5432 0 54
5433 0 1
5434 54 0
5435 55 55
5436 54 55
5437 0 2
5438 55 55
5439 0 0
5440 0 55
5441 54 55
5442 55 55
5443 1 0
5444 0 54
5445 0 55
5446 0 0
5447 55 0
5448 1 0
5449 54 0
5450 55 0
5451 54 55
5452 55 55
5453 0 54
5454 0 0
5455 0 55
5456 54 55
5457 54 0
5458 55 55
5459 54 55
5460 0 54
5461 1 0
5462 0 0
5463 0 55
5464 55 0
5465 54 0
5466 0 54
5467 0 55
5468 55 0
5469 54 0
5470 1 0
5471 55 55
5472 54 55
5473 0 1
5474 0 54
5475 0 55
5476 2 0
5477 0 0
5478 55 0
5479 0 1
5480 1 0
5481 54 0
5482 55 55
5483 2 0
5484 0 54
5485 0 0
5486 55 0
5487 0 55
5488 0 54
5489 54 0
5490 0 55
5491 54 55
5492 0 1
5493 55 55
5494 54 55
5495 55 55
5496 1 0
5497 2 0
5498 0 0
5499 54 55
5500 3 0
5501 2 0
5502 3 0
5503 0 54
5504 55 0
5505 0 55
5506 55 55
5507 54 0
5508 55 0
5509 2 0
5510 0 54
5511 0 1
5512 54 55
5513 54 0
5514 0 55
5515 55 0
5516 54 0
5517 0 54
5518 1 0
5519 0 2
5520 0 55
5521 0 54
5522 55 55
5523 55 0
5524 0 1
5525 54 55
5526 0 2
5527 54 0
5528 0 55
5529 0 0
5530 0 3
5531 55 55
5532 0 1
5533 0 4
5534 0 3
5535 0 54
5536 0 0
5537 0 2
5538 55 0
5539 54 0
5540 55 0
5541 0 3
5542 0 1
5543 54 0
5544 54 55
5545 0 55
5546 55 55
5547 0 54
5548 55 0
5549 54 0
5550 0 55
5551 0 0
5552 0 2
5553 54 55
5554 55 55
5555 55 0
5556 0 3
5557 0 2
5558 0 54
5559 0 3
5560 54 55
5561 0 2
5562 55 55
5563 54 0
5564 0 55
5565 54 55
5566 55 55
5567 0 54
5568 54 55
5569 0 55
5570 55 0
5571 0 54
5572 54 0
5573 55 0
5574 54 0
5575 1 0
5576 0 55
5577 55 0
5578 0 0
5579 55 55
5580 0 3
5581 0 54
5582 54 55
5583 0 1
5584 54 0
5585 0 0
5586 0 2
5587 1 0
5588 55 0
5589 0 1
5590 2 0
5591 0 0
5592 0 55
5593 3 0
5594 0 54
5595 54 0
5596 55 0
5597 54 0
5598 55 0
5599 2 0
5600 0 1
5601 55 55
5602 54 55
5603 54 0
5604 55 55
5605 54 55
5606 55 55
5607 0 0
5608 0 1
5609 0 0
5610 0 1
5611 1 0
5612 0 55
5613 54 55
5614 0 2
5615 55 55
5616 0 1
5617 0 2
5618 0 0
5619 55 0
5620 1 0
5621 0 54
5622 0 1
5623 0 55
5624 2 0
5625 0 0
5626 54 0
5627 0 1
5628 0 54
5629 54 55
5630 0 55
5631 1 0
5632 0 54
5633 0 2
5634 55 0
5635 54 0
5636 0 55
5637 55 55
5638 54 55
5639 55 0
5640 0 54
5641 0 55
5642 0 0
5643 0 3
5644 55 55
5645 0 54
5646 54 0
5647 0 55
5648 54 55
5649 55 55
5650 55 0
5651 0 2
5652 1 0
5653 0 1
5654 54 0
5655 0 54
5656 55 0
5657 2 0
5658 54 0
5659 0 0
5660 54 55
5661 3 0
5662 0 55
5663 2 0
5664 0 1
5665 55 0
5666 1 0
5667 55 55
5668 0 2
5669 0 1
5670 2 0
5671 1 0
5672 0 54
5673 2 0
5674 54 0
5675 0 0
5676 55 0
5677 54 55
5678 0 55
5679 54 0
5680 55 0
5681 3 0
5682 0 1
5683 0 0
5684 54 0
5685 55 0
5686 0 54
5687 54 0
5688 0 55
5689 0 1
5690 0 54
5691 0 0
5692 55 55
5693 54 55
5694 0 1
5695 0 55
5696 55 0
5697 2 0
5698 0 0
5699 55 55
5700 0 54
5701 0 1
5702 54 0
5703 0 0
5704 0 55
5705 54 55
5706 0 1
5707 1 0
5708 55 0
5709 0 54
5710 0 55
5711 2 0
5712 0 0
5713 55 55
5714 0 1
5715 0 54
5716 54 55
5717 0 55
5718 0 54
5719 0 55
5720 0 54
5721 55 55
5722 54 0
5723 1 0
5724 0 55
5725 2 0
5726 54 55
5727 1 0
5728 0 2
5729 0 54
5730 0 1
5731 0 55
5732 0 2
5733 0 1
5734 55 55
5735 54 55
5736 2 0
5737 0 0
5738 0 54
5739 0 1
5740 0 55
5741 0 0
5742 3 0
5743 55 55
5744 0 1
5745 2 0
5746 1 0
5747 0 54
5748 55 0
5749 54 55
5750 54 0
5751 55 55
5752 0 2
5753 55 0
5754 54 0
5755 0 1
5756 0 2
5757 0 0
5758 54 55
5759 55 0
5760 0 3
5761 0 1
5762 55 55
5763 54 55
5764 0 55
5765 0 54
5766 0 0
5767 55 55
5768 54 55
5769 0 1
5770 0 4
5771 0 55
5772 55 55
5773 54 0
5774 54 55
5775 0 0
5776 55 0
5777 0 1
5778 0 54
5779 54 0
5780 55 0
5781 0 0
5782 0 55
5783 0 3
5784 0 1
5785 0 4
5786 55 55
5787 0 0
5788 0 54
5789 0 55
5790 54 0
5791 0 1
5792 0 54
5793 0 55
5794 0 0
5795 0 1
5796 54 55
5797 55 0
5798 0 3
5799 0 54
5800 0 4
5801 0 0
5802 55 55
5803 54 55
5804 0 55
5805 54 0
5806 0 54
5807 0 55
5808 0 1
5809 55 0
5810 0 0
5811 0 54
5812 0 1
5813 54 0
5814 55 0
5815 0 3
5816 0 55
5817 0 54
5818 55 55
5819 0 55
5820 0 54
5821 0 0
5822 54 55
5823 0 2
5824 54 0
5825 1 0
5826 0 0
5827 0 3
5828 0 1
5829 0 4
5830 0 0
5831 0 1
5832 55 55
5833 0 0
5834 55 0
5835 0 55
5836 54 55
5837 0 3
5838 0 2
5839 0 54
5840 1 0
5841 0 1
5842 55 55
5843 2 0
5844 54 0
5845 55 0
5846 54 55
5847 55 55
5848 1 0
5849 54 55
5850 0 2
5851 0 0
5852 0 55
5853 54 0
5854 0 3
5855 55 0
5856 55 55
5857 0 54
5858 54 0
5859 0 55
5860 55 0
5861 0 2
5862 54 55
5863 54 0
5864 0 54
5865 55 0
5866 0 55
5867 54 0
5868 0 3
5869 55 55
5870 0 2
5871 55 0
5872 54 0
5873 54 55
5874 55 0
5875 55 55
5876 1 0
5877 0 0
5878 54 55
5879 1 0
5880 0 1
5881 54 0
5882 0 54
5883 0 2
5884 55 0
5885 0 55
5886 0 0
5887 0 54
5888 0 55
5889 54 0
5890 1 0
5891 55 55
5892 0 54
5893 54 55
5894 55 55
5895 55 0
5896 0 1
5897 0 2
5898 54 55
5899 55 55
5900 0 55
5901 0 54
5902 0 55
5903 54 0
5904 0 1
5905 0 2
5906 54 55
5907 55 0
5908 0 0
5909 1 0
5910 0 54
5911 0 55
5912 0 0
5913 54 0
5914 55 55
5915 55 0
5916 1 0
5917 0 0
5918 54 0
5919 1 0
5920 0 54
5921 55 0
5922 54 0
5923 0 0
5924 1 0
5925 0 55
5926 55 0
5927 54 55
5928 0 0
5929 54 0
5930 55 0
5931 0 54
5932 54 0
5933 1 0
5934 55 55
5935 0 0
5936 1 0
5937 55 0
5938 0 1
5939 0 55
5940 54 0
5941 54 55
5942 0 2
5943 0 54
5944 0 1
5945 2 0
5946 1 0
5947 55 0
5948 54 0
5949 0 55
5950 55 0
5951 54 0
5952 2 0
5953 0 0
5954 0 1
5955 0 54
5956 0 55
5957 55 0
5958 54 0
5959 0 54
5960 55 55
5961 54 55
5962 55 0
5963 1 0
5964 2 0
5965 0 0
5966 0 55
5967 55 55
5968 54 55
5969 54 0
5970 0 54
5971 0 55
5972 55 55
5973 54 55
5974 55 55
5975 0 1
5976 1 0
5977 2 0
5978 0 54
5979 0 0
5980 0 1
5981 55 0
5982 54 55
5983 0 55
5984 55 55
5985 0 54
5986 1 0
5987 2 0
5988 54 55
5989 55 55
5990 0 0
5991 54 55
5992 0 55
5993 0 1
5994 0 54
5995 0 0
5996 3 0
5997 54 0
5998 55 0
5999 0 1
6000 0 0
6001 2 0
6002 3 0
6003 55 55
6004 54 0
6005 0 1
6006 54 55
6007 55 0
6008 0 55
6009 54 0
6010 0 0
6011 0 1
6012 55 0
6013 54 0
6014 2 0
6015 55 55
6016 0 54
6017 0 0
6018 54 55
6019 55 55
6020 0 55
6021 0 54
6022 0 1
6023 0 0
6024 54 55
6025 3 0
6026 2 0
6027 3 0
6028 55 55
6029 0 55
6030 0 1
6031 2 0
6032 54 55
6033 0 0
6034 3 0
6035 0 54
6036 0 1
6037 55 55
6038 55 0
6039 0 55
6040 54 55
6041 55 55
6042 2 0
6043 1 0
6044 0 2
6045 54 55
6046 0 0
6047 0 54
6048 1 0
6049 0 1
6050 2 0
6051 0 55
6052 54 0
6053 0 0
6054 0 1
6055 55 55
6056 0 54
6057 0 0
6058 0 1
6059 54 55
6060 1 0
6061 0 2
6062 0 0
6063 55 55
6064 55 0
6065 54 55
6066 55 55
6067 54 55
6068 55 55
6069 0 55
6070 0 3
6071 54 0
6072 0 2
6073 0 3
6074 55 0
6075 0 1
6076 54 55
6077 0 0
6078 0 1
6079 0 4
6080 0 3
6081 0 54
6082 0 55
6083 0 54
6084 0 4
6085 0 3
6086 0 55
6087 0 0
6088 55 55
6089 54 55
6090 54 0
6091 55 55
6092 0 2
6093 54 55
6094 55 55
6095 1 0
6096 0 0
6097 55 0
6098 1 0
6099 54 0
6100 0 1
6101 0 54
6102 0 55
6103 0 2
6104 55 0
6105 0 54
6106 0 1
6107 54 55
6108 2 0
6109 54 0
6110 55 55
6111 54 55
6112 1 0
6113 55 0
6114 0 55
6115 2 0
6116 1 0
6117 54 0
6118 55 55
6119 0 54
6120 0 55
6121 2 0
6122 55 0
6123 54 0
6124 54 55
6125 55 55
6126 1 0
6127 0 2
6128 0 54
6129 54 55
6130 55 55
6131 0 1
6132 2 0
6133 54 55
6134 55 0
6135 1 0
6136 0 55
6137 2 0
6138 54 0
6139 55 0
6140 0 54
6141 0 0
6142 0 1
6143 0 55
6144 1 0
6145 0 54
6146 55 55
6147 0 55
6148 0 2
6149 0 0
6150 0 3
6151 0 54
6152 54 55
6153 0 55
6154 0 2
6155 1 0
6156 0 54
6157 0 1
6158 0 55
6159 0 2
6160 0 0
6161 55 55
6162 1 0
6163 54 55
6164 54 0
6165 0 1
6166 2 0
6167 55 55
6168 54 55
6169 0 54
6170 0 0
6171 0 1
6172 55 55
6173 0 0
6174 0 1
6175 55 0
6176 54 0
6177 0 0
6178 0 55
6179 0 54
6180 0 1
6181 55 0
6182 1 0
6183 2 0
6184 0 0
6185 0 55
6186 0 54
6187 3 0
6188 54 0
6189 55 0
6190 2 0
6191 54 0
6192 0 55
6193 0 1
6194 55 0
6195 54 0
6196 0 0
6197 55 0
6198 0 54
6199 0 1
6200 1 0
6201 54 0
6202 54 55
6203 55 0
6204 55 55
6205 2 0
6206 54 55
6207 1 0
6208 0 2
6209 0 55
6210 0 1
6211 0 54
6212 0 55
6213 54 0
6214 2 0
6215 1 0
6216 0 2
6217 0 1
6218 55 0
6219 0 54
6220 0 2
6221 54 0
6222 0 0
6223 1 0
6224 0 55
6225 0 1
6226 0 54
6227 0 55
6228 0 54
6229 55 55
6230 54 55
6231 55 55
6232 0 2
6233 54 55
6234 55 0
6235 0 1
6236 55 55
6237 54 55
6238 0 2
6239 55 55
6240 0 1
6241 0 2
6242 54 0
6243 55 0
6244 54 55
6245 54 0
6246 55 0
6247 0 1
6248 0 2
6249 55 55
6250 0 1
6251 54 55
6252 0 55
6253 54 0
6254 0 2
6255 55 0
6256 0 1
6257 0 54
6258 54 0
6259 0 2
6260 0 0
6261 1 0
6262 0 1
6263 2 0
6264 0 0
6265 3 0
6266 2 0
6267 55 55
6268 55 0
6269 0 55
6270 54 55
6271 0 1
6272 0 54
6273 1 0
6274 2 0
6275 54 0
6276 0 0
6277 55 0
6278 3 0
6279 0 1
6280 0 0
6281 0 55
6282 0 54
6283 54 0
6284 55 0
6285 55 55
6286 0 1
6287 54 0
6288 0 55
6289 2 0
6290 0 0
6291 0 54
6292 0 55
6293 0 54
6294 54 55
6295 0 1
6296 0 55
6297 55 55
6298 55 0
6299 54 0
6300 54 55
6301 55 0
6302 1 0
6303 54 0
6304 0 2
6305 0 1
6306 2 0
6307 0 54
6308 55 55
6309 1 0
6310 0 55
6311 0 2
6312 54 55
6313 55 55
6314 0 0
6315 54 55
6316 0 3
6317 55 55
6318 0 2
6319 0 54
6320 55 0
6321 0 55
6322 0 54
6323 54 0
6324 55 0
6325 0 3
6326 0 55
6327 54 55
6328 0 54
6329 0 2
6330 54 0
6331 55 55
6332 0 55
6333 0 54
6334 54 55
6335 55 0
6336 0 3
6337 54 0
6338 0 55
6339 0 2
6340 55 0
6341 54 0
6342 1 0
6343 0 54
6344 55 55
6345 0 0
6346 0 55
6347 55 0
6348 1 0
6349 0 0
6350 54 0
6351 0 54
6352 0 3
6353 0 1
6354 0 0
6355 54 55
6356 0 55
6357 55 55
6358 0 2
6359 55 0
6360 0 54
6361 0 3
6362 0 2
6363 0 3
6364 0 55
6365 0 2
6366 0 3
6367 54 0
6368 0 54
6369 54 55
6370 0 1
6371 55 0
6372 0 4
6373 54 0
6374 0 0
6375 0 3
6376 0 2
6377 55 55
6378 55 0
6379 0 3
6380 54 55
6381 54 0
6382 0 55
6383 55 0
6384 0 2
6385 54 0
6386 55 0
6387 0 54
6388 0 55
6389 55 55
6390 0 54
6391 0 3
6392 0 1
6393 0 55
6394 0 54
6395 0 4
6396 54 0
6397 0 3
6398 55 0
6399 0 0
6400 0 1
6401 54 55
6402 0 0
6403 55 55
6404 54 0
6405 55 0
6406 54 55
6407 0 55
6408 0 2
6409 55 55
6410 0 3
6411 54 55
6412 55 55
6413 0 2
6414 1 0
6415 54 55
6416 54 0
6417 0 0
6418 0 3
6419 55 0
6420 55 55
6421 54 55
6422 0 54
6423 54 0
6424 0 2
6425 55 0
6426 55 55
6427 0 3
6428 0 2
6429 0 3
6430 54 0
6431 0 2
6432 54 55
6433 55 55
6434 1 0
6435 0 1
6436 2 0
6437 54 55
6438 55 55
6439 0 0
6440 55 0
6441 0 55
6442 3 0
6443 0 1
6444 2 0
6445 0 0
6446 3 0
6447 0 1
6448 54 0
6449 54 55
6450 2 0
6451 1 0
6452 2 0
6453 0 0
6454 55 0
6455 0 1
6456 54 0
6457 55 0
6458 55 55
6459 0 0
6460 54 0
6461 0 1
6462 55 0
6463 0 54
6464 0 55
6465 54 0
6466 54 55
6467 1 0
6468 0 54
6469 0 55
6470 55 55
6471 0 54
6472 54 55
6473 55 0
6474 0 2
6475 0 55
6476 0 54
6477 0 55
6478 54 0
6479 0 1
6480 2 0
6481 55 0
6482 0 54
6483 0 55
6484 55 55
6485 0 54
6486 54 55
6487 1 0
6488 55 55
6489 54 55
6490 0 55
6491 0 2
6492 0 54
6493 0 1
6494 0 55
6495 2 0
6496 0 54
6497 54 0
6498 55 0
6499 0 0
6500 55 55
6501 54 0
6502 0 55
6503 55 0
6504 0 54
6505 0 55
6506 54 55
6507 0 1
6508 0 54
6509 54 0
6510 55 55
6511 54 55
6512 55 0
6513 0 55
6514 0 0
6515 0 54
6516 0 1
6517 55 55
6518 54 0
6519 1 0
6520 2 0
6521 55 0
6522 54 0
6523 0 0
6524 0 1
6525 55 0
6526 0 0
6527 54 55
6528 0 55
6529 0 1
6530 0 54
6531 0 55
6532 54 0
6533 0 54
6534 0 0
6535 55 55
6536 0 1
6537 0 0
6538 54 55
6539 0 55
6540 55 55
6541 54 55
6542 55 0
6543 55 55
6544 0 1
6545 54 0
6546 0 54
6547 54 55
6548 55 0
6549 0 55
6550 0 54
6551 1 0
6552 0 2
6553 54 0
6554 0 55
6555 0 54
6556 55 55
6557 0 0
6558 54 55
6559 0 3
6560 0 1
6561 0 4
6562 55 0
6563 0 3
6564 54 0
6565 0 0
6566 0 2
6567 55 0
6568 0 55
6569 55 55
6570 0 54
6571 54 0
6572 54 55
6573 0 55
6574 0 54
6575 0 3
6576 0 55
6577 55 0
6578 54 0
6579 0 1
6580 55 0
6581 0 4
6582 55 55
6583 0 54
6584 54 0
6585 0 3
6586 0 4
6587 54 55
6588 55 0
6589 0 3
6590 54 0
6591 0 55
6592 55 55
6593 0 4
6594 0 0
6595 55 0
6596 0 54
6597 54 55
6598 0 3
6599 55 55
6600 0 55
6601 0 54
6602 54 55
6603 55 55
6604 0 2
6605 54 0
6606 54 55
6607 1 0
6608 0 55
6609 0 1
6610 2 0
6611 0 0
6612 0 54
6613 55 0
6614 54 0
6615 3 0
6616 55 55
6617 2 0
6618 3 0
6619 2 0
6620 55 0
6621 0 55
6622 0 54
6623 54 55
6624 0 55
6625 55 55
6626 54 0
6627 54 55
6628 0 1
6629 1 0
6630 2 0
6631 0 0
6632 0 54
6633 0 55
6634 0 1
6635 0 54
6636 1 0
6637 55 55
6638 2 0
6639 0 55
6640 1 0
6641 2 0
6642 0 0
6643 0 54
6644 54 55
6645 0 1
6646 0 55
6647 0 54
6648 55 0
6649 1 0
6650 54 0
6651 55 0
6652 54 0
6653 55 55
6654 0 2
6655 0 1
6656 55 0
6657 54 0
6658 0 55
6659 55 0
6660 54 0
6661 55 0
6662 54 55
6663 55 55
6664 0 2
6665 0 54
6666 0 0
6667 54 0
6668 55 0
6669 0 3
6670 0 55
6671 54 0
6672 54 55
6673 0 54
6674 55 0
6675 54 0
6676 55 0
6677 55 55
6678 0 55
6679 54 0
6680 54 55
6681 0 1
6682 55 55
6683 0 54
6684 54 55
6685 55 55
6686 0 0
6687 0 2
6688 0 3
6689 55 0
6690 0 55
6691 0 54
6692 54 55
6693 0 2
6694 55 55
6695 0 55
6696 0 54
6697 1 0
6698 0 55
6699 0 1
6700 54 0
6701 2 0
6702 0 0
6703 0 54
6704 3 0
6705 2 0
6706 55 0
6707 54 0
6708 3 0
6709 54 55
6710 55 0
6711 0 1
6712 55 55
6713 0 55
6714 0 54
6715 2 0
6716 54 0
6717 1 0
6718 55 0
6719 0 55
6720 2 0
6721 1 0
6722 0 2
6723 54 55
6724 0 54
6725 0 55
6726 55 55
6727 0 0
6728 0 54
6729 0 55
6730 54 0
6731 0 3
6732 0 54
6733 0 2
6734 55 0
6735 54 55
6736 54 0
6737 1 0
6738 55 55
6739 0 55
6740 0 1
6741 55 0
6742 0 54
6743 0 55
6744 54 0
6745 0 2
6746 55 0
6747 54 55
6748 0 54
6749 0 1
6750 55 55
6751 54 55
6752 0 55
6753 0 2
6754 55 55
6755 0 1
6756 2 0
6757 0 0
6758 54 0
6759 0 54
6760 3 0
6761 2 0
6762 0 55
6763 54 55
6764 0 54
6765 0 55
6766 0 1
6767 0 0
6768 0 1
6769 0 54
6770 0 55
6771 55 55
6772 55 0
6773 54 55
6774 55 55
6775 0 54
6776 54 0
6777 0 55
6778 0 0
6779 54 55
6780 55 55
6781 3 0
6782 0 54
6783 54 55
6784 0 55
6785 0 1
6786 55 0
6787 54 0
6788 55 55
6789 55 0
6790 54 0
6791 0 54
6792 54 55
6793 2 0
6794 55 0
6795 54 0
6796 55 0
6797 55 55
6798 0 55
6799 54 55
6800 55 55
6801 54 0
6802 55 0
6803 54 55
6804 0 0
6805 54 0
6806 55 55
6807 55 0
6808 3 0
6809 0 54
6810 54 0
6811 2 0
6812 0 1
6813 0 55
6814 54 55
6815 1 0
6816 55 55
6817 54 55
6818 2 0
6819 55 55
6820 1 0
6821 54 55
6822 0 2
6823 0 0
6824 55 0
6825 54 0
6826 1 0
6827 55 0
6828 54 0
6829 0 54
6830 0 1
6831 55 0
6832 54 0
6833 55 0
6834 0 55
6835 55 55
6836 54 0
6837 0 2
6838 55 0
6839 54 55
6840 0 54
6841 0 55
6842 0 54
6843 0 55
6844 0 0
6845 0 54
6846 0 55
6847 55 55
6848 0 54
6849 0 3
6850 0 55
6851 0 1
6852 0 0
6853 0 1
6854 54 55
6855 0 54
6856 55 55
6857 0 55
6858 0 0
6859 54 55
6860 54 0
6861 55 55
6862 54 55
6863 0 2
6864 0 3
6865 55 55
6866 54 55
6867 0 54
6868 0 1
6869 55 0
6870 54 0
6871 0 0
6872 0 2
6873 55 55
6874 54 55
6875 0 3
6876 0 55
6877 0 54
6878 0 1
6879 0 4
6880 0 3
6881 0 0
6882 0 1
6883 55 0
6884 54 0
6885 0 0
6886 55 55
6887 0 1
6888 54 55
6889 0 55
6890 0 4
6891 55 55
6892 0 54
6893 0 55
6894 54 55
6895 55 55
6896 0 0
6897 0 54
6898 54 55
6899 0 3
6900 0 2
6901 55 0
6902 0 55
6903 54 0
6904 1 0
6905 0 0
6906 55 0
6907 1 0
6908 0 0
6909 0 54
6910 0 3
6911 0 1
6912 0 0
6913 55 55
6914 54 55
6915 54 0
6916 0 55
6917 55 0
6918 0 1
6919 0 4
6920 55 55
6921 54 0
6922 0 0
6923 0 1
6924 55 0
6925 54 0
6926 0 0
6927 0 1
6928 54 55
6929 0 3
6930 55 0
6931 54 0
6932 0 4
6933 0 0
6934 0 54
6935 0 1
6936 55 0
6937 54 0
6938 55 0
6939 54 0
6940 0 0
6941 0 1
6942 0 55
6943 0 0
6944 0 3
6945 0 1
6946 0 4
6947 0 0
6948 0 3
6949 55 0
6950 54 0
6951 55 55
6952 0 2
6953 54 55
6954 55 55
6955 0 3
6956 0 1
6957 54 55
6958 55 0
6959 0 0
6960 55 55
6961 54 0
6962 55 0
6963 0 2
6964 1 0
6965 0 54
6966 0 55
6967 0 0
6968 54 55
6969 0 54
6970 0 3
6971 0 55
6972 55 55
6973 0 54
6974 54 55
6975 0 55
6976 0 2
6977 55 55
6978 0 54
6979 0 3
6980 0 55
6981 54 55
6982 0 54
6983 0 2
6984 55 55
6985 0 55
6986 0 3
6987 0 1
6988 0 54
6989 0 55
6990 54 0
6991 54 55
6992 0 54
6993 55 55
6994 0 4
6995 54 55
6996 0 0
6997 0 3
6998 55 55
6999 0 2
7000 55 0
7001 54 55
7002 1 0
7003 0 0
7004 1 0
7005 0 0
7006 1 0
7007 55 55
7008 54 55
7009 55 55
7010 0 0
7011 1 0
7012 54 0
7013 0 55
7014 0 54
7015 55 0
7016 54 0
7017 54 55
7018 0 1
7019 0 55
7020 55 55
7021 0 2
7022 0 1
7023 0 2
7024 54 55
7025 55 0
7026 55 55
7027 0 0
7028 54 55
7029 0 3
7030 0 2
7031 0 54
7032 54 0
7033 0 55
7034 0 3
7035 0 2
7036 55 55
7037 54 55
7038 55 55
7039 0 54
7040 0 55
7041 0 54
7042 0 3
7043 0 1
7044 55 0
7045 0 55
7046 0 54
7047 54 55
7048 55 55
7049 0 4
7050 54 0
7051 0 55
7052 0 3
7053 54 55
7054 0 0
7055 55 55
7056 54 55
7057 55 0
7058 55 55
7059 54 0
7060 0 2
7061 0 3
7062 0 54
7063 0 1
7064 0 0
7065 55 0
7066 54 55
7067 55 55
7068 0 2
7069 0 3
7070 54 0
7071 54 55
7072 55 55
7073 55 0
7074 54 0
7075 54 55
7076 0 55
7077 0 1
7078 0 54
7079 0 4
7080 0 3
7081 55 0
7082 55 55
7083 0 0
7084 0 2
7085 0 3
7086 0 55
7087 54 55
7088 55 55
7089 0 1
7090 54 55
7091 55 55
7092 0 54
7093 0 0
7094 0 2
7095 1 0
7096 0 1
7097 54 55
7098 0 2
7099 54 0
7100 55 0
7101 55 55
7102 0 0
7103 54 55
7104 1 0
7105 55 55
7106 0 0
7107 54 55
7108 54 0
7109 0 55
7110 0 3
7111 0 2
7112 55 55
7113 0 3
7114 54 55
7115 55 55
7116 54 55
7117 0 54
7118 55 0
7119 0 55
7120 55 55
7121 0 1
7122 54 0
7123 54 55
7124 55 55
7125 0 0
7126 0 1
7127 54 55
7128 0 0
7129 55 0
7130 0 2
7131 55 55
7132 0 54
7133 1 0
7134 54 0
7135 0 55
7136 54 55
7137 55 0
7138 0 54
7139 55 55
7140 0 0
7141 54 55
7142 0 3
7143 0 55
7144 54 0
7145 0 2
7146 55 0
7147 54 0
7148 0 54
7149 0 3
7150 0 1
7151 55 55
7152 0 55
7153 0 0
7154 0 2
7155 0 3
7156 54 55
7157 0 1
7158 55 0
7159 0 4
7160 55 55
7161 0 0
7162 54 0
7163 0 1
7164 54 55
7165 0 0
7166 0 54
7167 0 55
7168 55 0
7169 55 55
7170 54 0
7171 0 1
7172 55 0
7173 0 3
7174 0 4
7175 54 55
7176 0 3
7177 0 54
7178 0 55
7179 0 54
7180 54 0
7181 0 0
7182 0 2
7183 55 55
7184 55 0
7185 0 55
7186 54 0
7187 54 55
7188 1 0
7189 0 54
7190 0 55
7191 0 1
7192 55 0
7193 0 54
7194 0 2
7195 54 0
7196 55 55
7197 55 0
7198 0 1
7199 54 0
7200 55 0
7201 0 2
7202 0 1
7203 0 2
7204 0 55
7205 0 1
7206 2 0
7207 1 0
7208 54 0
7209 54 55
7210 55 55
7211 54 55
7212 0 2
7213 0 54
7214 0 0
7215 55 0
7216 55 55
7217 54 0
7218 0 55
7219 55 0
7220 54 0
7221 0 54
7222 55 0
7223 0 55
7224 54 55
7225 1 0
7226 55 55
7227 0 1
7228 2 0
7229 54 0
7230 0 0
7231 0 1
7232 0 54
7233 1 0
7234 54 55
7235 55 0
7236 0 55
7237 0 54
7238 54 0
7239 2 0
7240 55 0
7241 55 55
7242 1 0
7243 0 55
7244 54 0
7245 55 0
7246 0 54
7247 0 55
7248 0 54
7249 2 0
7250 0 55
7251 54 0
7252 55 0
7253 54 0
7254 0 54
7255 54 55
7256 55 0
7257 1 0
7258 2 0
7259 1 0
7260 0 55
7261 54 0
7262 0 54
7263 55 0
7264 2 0
7265 54 0
7266 55 0
7267 54 0
7268 1 0
7269 55 55
7270 54 55
7271 55 0
7272 2 0
7273 55 55
7274 0 55
7275 0 54
7276 0 55
7277 0 0
7278 0 1
7279 1 0
7280 0 2
7281 0 54
7282 54 55
7283 54 0
7284 0 55
7285 55 0
7286 54 0
7287 55 0
7288 54 0
7289 55 0
7290 55 55
7291 54 55
7292 0 1
7293 55 55
7294 54 0
7295 0 2
7296 55 0
7297 0 1
7298 0 2
7299 54 55
7300 55 55
7301 0 54
7302 0 1
7303 0 2
7304 0 55
7305 0 1
7306 0 54
7307 0 2
7308 54 55
7309 0 0
7310 54 0
7311 1 0
7312 0 55
7313 0 1
7314 2 0
7315 0 54
7316 55 55
7317 1 0
7318 0 2
7319 0 55
7320 0 0
7321 1 0
7322 55 0
7323 54 55
7324 0 54
7325 0 1
7326 55 55
7327 54 55
7328 54 0
7329 55 55
7330 0 55
7331 0 54
7332 2 0
7333 55 0
7334 54 0
7335 0 55
7336 0 54
7337 55 0
7338 54 0
7339 0 55
7340 0 0
7341 55 0
7342 54 55
7343 55 55
7344 0 1
7345 54 55
7346 54 0
7347 55 55
7348 54 55
7349 55 0
7350 1 0
7351 55 55
7352 0 2
7353 0 1
7354 54 55
7355 0 54
7356 55 55
7357 54 55
7358 2 0
7359 0 0
7360 0 1
7361 55 55
7362 0 0
7363 0 1
7364 1 0
7365 0 55
7366 0 54
7367 54 55
7368 0 55
7369 2 0
7370 0 0
7371 0 54
7372 3 0
7373 0 55
7374 0 54
7375 0 1
7376 0 0
7377 2 0
7378 3 0
7379 54 0
7380 0 55
7381 55 0
7382 0 1
7383 0 0
7384 55 55
7385 2 0
7386 0 54
7387 0 55
7388 54 0
7389 0 1
7390 54 55
7391 55 0
7392 1 0
7393 55 55
7394 2 0
7395 0 0
7396 0 54
7397 0 1
7398 54 55
7399 1 0
7400 55 55
7401 54 55
7402 0 2
7403 0 0
7404 55 55
7405 54 55
7406 1 0
7407 0 0
7408 0 3
7409 0 55
7410 55 55
7411 0 54
7412 54 0
7413 0 1
7414 54 55
7415 55 55
7416 0 4
7417 0 3
7418 0 4
7419 0 0
7420 54 55
7421 0 1
7422 0 3
7423 0 55
7424 0 4
7425 0 3
7426 0 0
7427 55 0
7428 0 2
7429 0 3
7430 54 0
7431 55 55
7432 55 0
7433 54 55
7434 0 1
7435 0 4
7436 0 54
7437 0 3
7438 55 55
7439 0 55
7440 0 0
7441 0 1
7442 0 4
7443 0 0
7444 54 55
7445 54 0
7446 0 3
7447 55 55
7448 55 0
7449 0 54
7450 0 1
7451 54 0
7452 55 0
7453 0 55
7454 0 4
7455 54 55
7456 0 3
7457 54 0
7458 0 4
7459 55 55
7460 0 0
7461 55 0
7462 0 3
7463 54 0
7464 55 0
7465 0 1
7466 54 55
7467 54 0
7468 0 0
7469 0 2
7470 0 54
7471 55 55
7472 1 0
7473 0 0
7474 55 0
7475 0 3
7476 0 55
7477 54 0
7478 0 1
7479 0 4
7480 0 54
7481 0 3
7482 0 4
7483 54 55
7484 0 3
7485 55 0
7486 0 55
7487 54 0
7488 0 54
7489 55 55
7490 55 0
7491 54 0
7492 0 0
7493 0 55
7494 54 55
7495 0 2
7496 1 0
7497 0 54
7498 0 55
7499 55 55
7500 0 1
7501 55 0
7502 0 54
7503 54 55
7504 55 55
7505 54 55
7506 2 0
7507 55 55
7508 0 55
7509 1 0
7510 2 0
7511 54 55
7512 0 54
7513 55 55
7514 54 0
7515 55 0
7516 54 0
7517 54 55
7518 0 0
7519 0 55
7520 0 1
7521 0 54
7522 55 55
7523 0 0
7524 0 55
7525 0 54
7526 3 0
7527 2 0
7528 0 55
7529 0 54
7530 3 0
7531 2 0
7532 0 1
7533 1 0
7534 2 0
7535 0 55
7536 1 0
7537 55 0
7538 54 55
7539 0 54
7540 55 55
7541 54 0
7542 0 55
7543 2 0
7544 54 55
7545 0 54
7546 0 0
7547 55 55
7548 0 55
7549 55 0
7550 54 0
7551 0 1
7552 0 0
7553 0 1
7554 54 55
7555 55 55
7556 0 54
7557 54 55
7558 0 0
7559 3 0
7560 2 0
7561 55 55
7562 55 0
7563 54 55
7564 0 1
7565 0 55
7566 1 0
7567 0 54
7568 2 0
7569 54 0
7570 0 55
7571 55 0
7572 54 0
7573 1 0
7574 55 0
7575 2 0
7576 54 0
7577 55 0
7578 54 0
7579 0 0
7580 3 0
7581 0 1
7582 0 0
7583 55 55
7584 2 0
7585 54 55
7586 55 55
7587 0 1
7588 0 54
7589 1 0
7590 0 55
7591 0 2
7592 54 55
7593 0 0
7594 0 54
7595 55 55
7596 0 3
7597 54 55
7598 0 55
7599 55 0
7600 54 0
7601 55 55
7602 0 1
7603 0 0
7604 0 54
7605 0 1
7606 0 0
7607 54 55
7608 55 0
7609 0 2
7610 1 0
7611 0 1
7612 54 0
7613 55 0
7614 2 0
7615 55 55
7616 54 0
7617 55 0
7618 0 0
7619 54 55
7620 55 55
7621 54 0
7622 0 1
7623 0 0
7624 3 0
7625 2 0
7626 54 55
7627 0 1
7628 55 55
7629 55 0
7630 0 0
7631 3 0
7632 2 0
7633 3 0
7634 2 0
7635 0 1
7636 54 0
7637 54 55
7638 0 0
7639 0 1
7640 0 55
7641 55 55
7642 0 54
7643 1 0
7644 2 0
7645 0 55
7646 54 55
7647 55 0
7648 54 0
7649 0 0
7650 0 54
7651 0 1
7652 1 0
7653 2 0
7654 1 0
7655 0 55
7656 0 2
7657 0 54
7658 0 1
7659 55 0
7660 0 55
7661 0 2
7662 54 0
7663 55 0
7664 54 0
7665 0 54
7666 55 0
7667 0 1
7668 54 0
7669 55 55
7670 0 55
7671 0 2
7672 55 0
7673 0 1
7674 2 0
7675 1 0
7676 2 0
7677 0 54
7678 54 0
7679 55 0
7680 0 55
7681 0 0
7682 54 55
7683 0 1
7684 54 0
7685 1 0
7686 0 54
7687 55 55
7688 54 55
7689 2 0
7690 55 55
7691 55 0
7692 1 0
7693 0 2
7694 54 0
7695 0 1
7696 54 55
7697 2 0
7698 0 55
7699 55 0
7700 55 55
7701 54 0
7702 54 55
7703 0 54
7704 1 0
7705 2 0
7706 55 0
7707 1 0
7708 0 2
7709 0 0
7710 54 0
7711 55 55
7712 54 55
7713 55 55
7714 0 55
7715 54 55
7716 55 0
7717 0 54
7718 1 0
7719 55 55
7720 0 1
7721 54 55
7722 0 55
7723 0 54
7724 54 0
7725 0 2
7726 55 55
7727 55 0
7728 54 55
7729 0 0
7730 55 55
7731 0 55
7732 0 3
7733 0 1
7734 0 4
7735 0 3
7736 54 0
7737 0 54
7738 0 0
7739 0 1
7740 0 55
7741 55 0
7742 0 0
7743 0 1
7744 0 4
7745 0 3
7746 0 54
7747 0 0
7748 54 0
7749 0 1
7750 0 0
7751 0 1
7752 55 0
7753 0 4
7754 0 3
7755 54 55
7756 0 4
7757 0 0
7758 0 1
7759 0 55
7760 0 0
7761 55 55
7762 0 1
7763 0 54
7764 0 3
7765 0 0
7766 0 55
7767 0 1
7768 54 0
7769 0 4
7770 0 0
7771 55 0
7772 0 3
7773 0 2
7774 1 0
7775 54 55
7776 0 0
7777 1 0
7778 55 55
7779 0 1
7780 0 2
7781 0 54
7782 0 1
7783 54 0
7784 54 55
7785 0 2
7786 55 55
7787 0 0
7788 55 0
7789 54 0
7790 0 3
7791 55 0
7792 54 0
7793 0 55
7794 0 1
7795 0 0
7796 0 2
7797 0 54
7798 0 55
7799 1 0
7800 0 0
7801 54 55
7802 0 54
7803 0 55
7804 0 3
7805 0 2
7806 55 55
7807 54 55
7808 55 55
7809 54 55
7810 0 3
7811 0 2
7812 55 55
7813 54 55
7814 1 0
7815 0 54
7816 55 55
7817 0 1
7818 0 55
7819 54 55
7820 55 0
7821 0 2
7822 0 54
7823 54 0
7824 0 55
7825 55 55
7826 54 55
7827 0 0
7828 0 54
7829 0 3
7830 55 0
7831 54 0
7832 55 0
7833 0 55
7834 0 2
7835 0 3
7836 55 55
7837 0 2
7838 0 54
7839 0 3
7840 0 2
7841 0 55
7842 0 3
7843 54 0
7844 55 0
7845 54 0
7846 0 1
7847 0 54
7848 0 4
7849 0 0
7850 0 3
7851 0 1
7852 55 0
7853 0 4
7854 54 55
7855 55 55
7856 54 55
7857 54 0
7858 0 0
7859 0 1
7860 0 0
7861 0 3
7862 0 2
7863 55 0
7864 54 0
7865 55 0
7866 0 3
7867 55 55
7868 0 1
7869 54 55
7870 0 4
7871 0 3
7872 0 4
7873 0 0
7874 0 55
7875 54 0
7876 55 55
7877 0 1
7878 0 54
7879 0 0
7880 0 3
7881 55 0
7882 54 0
7883 55 0
7884 0 55
7885 0 2
7886 0 54
7887 1 0
7888 0 0
7889 0 55
7890 0 54
7891 0 55
7892 1 0
7893 0 0
7894 54 0
7895 0 3
7896 0 2
7897 54 55
7898 55 0
7899 1 0
7900 55 55
7901 0 0
7902 1 0
7903 0 1
7904 0 54
7905 54 0
7906 2 0
7907 54 55
7908 0 0
7909 3 0
7910 0 55
7911 55 55
7912 0 1
7913 54 55
7914 55 55
7915 2 0
7916 1 0
7917 0 2
7918 0 54
7919 54 55
7920 55 55
7921 54 55
7922 0 0
7923 1 0
7924 55 0
7925 0 0
7926 1 0
7927 55 55
7928 0 55
7929 54 55
7930 0 1
7931 54 0
7932 2 0
7933 0 54
7934 1 0
7935 0 55
7936 55 55
7937 0 54
7938 54 55
7939 55 0
7940 55 55
7941 2 0
7942 54 55
7943 55 55
7944 0 0
7945 54 0
7946 54 55
7947 0 55
7948 55 0
7949 0 1
7950 55 55
7951 0 0
7952 54 55
7953 0 54
7954 3 0
7955 0 55
7956 0 1
7957 2 0
7958 0 54
7959 54 0
7960 0 0
7961 55 55
7962 54 55
7963 55 0
7964 3 0
7965 0 55
7966 2 0
7967 54 0
7968 0 54
7969 3 0
7970 0 1
7971 0 55
7972 55 55
7973 55 0
7974 54 0
7975 55 0
7976 0 0
7977 54 55
7978 54 0
7979 2 0
7980 3 0
7981 2 0
7982 55 55
7983 54 55
7984 55 55
7985 55 0
7986 54 55
7987 0 54
7988 55 55
7989 54 0
7990 54 55
7991 0 55
7992 0 54
7993 55 55
7994 55 0
7995 0 1
7996 54 55
7997 1 0
7998 0 2
7999 54 0
8000 0 55
8001 55 55
8002 0 54
8003 54 55
8004 0 1
8005 55 55
8006 2 0
8007 54 55
8008 55 55
8009 1 0
8010 55 0
8011 0 2
8012 0 0
8013 54 55
8014 55 55
8015 0 3
8016 0 1
8017 0 0
8018 54 55
8019 0 1
8020 54 0
8021 0 0
8022 55 55
8023 0 1
8024 0 0
8025 0 1
8026 0 0
8027 0 55
8028 54 55
8029 55 55
8030 0 1
8031 0 54
8032 54 55
8033 0 4
8034 0 3
8035 0 0
8036 0 2
8037 1 0
8038 55 0
8039 55 55
8040 0 55
8041 54 0
8042 0 54
8043 55 0
8044 0 0
8045 54 0
8046 1 0
8047 0 1
8048 0 2
8049 0 1
8050 0 55
8051 0 54
8052 55 0
8053 2 0
8054 0 55
8055 0 0
8056 0 54
8057 54 0
8058 3 0
8059 54 55
8060 2 0
8061 0 1
8062 0 55
8063 55 55
8064 0 0
8065 0 54
8066 55 0
8067 54 55
8068 0 1
8069 0 55
8070 55 55
8071 54 55
8072 0 0
8073 0 54
8074 0 55
8075 0 1
8076 1 0
8077 0 2
8078 0 1
8079 0 54
8080 2 0
8081 55 55
8082 54 55
8083 1 0
8084 0 2
8085 0 0
8086 1 0
8087 0 1
8088 0 55
8089 54 0
8090 55 55
8091 2 0
8092 0 0
8093 0 1
8094 0 0
8095 54 55
8096 3 0
8097 55 55
8098 0 1
8099 54 55
8100 0 0
8101 0 1
8102 0 54
8103 0 55
8104 55 0
8105 0 54
8106 2 0
8107 55 55
8108 1 0
8109 54 0
8110 54 55
8111 0 2
8112 0 1
8113 2 0
8114 0 55
8115 0 54
8116 55 0
8117 0 0
8118 55 55
8119 3 0
8120 0 1
8121 54 55
8122 54 0
8123 55 55
8124 55 0
8125 54 0
8126 54 55
8127 55 0
8128 55 55
8129 0 55
8130 0 0
8131 0 1
8132 2 0
8133 1 0
8134 2 0
8135 1 0
8136 54 0
8137 55 0
8138 0 54
8139 0 55
8140 2 0
8141 54 55
8142 0 0
8143 0 54
8144 54 0
8145 55 0
8146 55 55
8147 0 1
8148 0 55
8149 0 0
8150 54 55
8151 0 54
8152 0 55
8153 54 0
8154 0 54
8155 3 0
8156 0 1
8157 55 55
8158 0 0
8159 0 55
8160 0 54
8161 54 55
8162 2 0
8163 3 0
8164 55 55
8165 0 55
8166 0 54
8167 54 55
8168 0 55
8169 2 0
8170 55 55
8171 55 0
8172 3 0
8173 54 55
8174 54 0
8175 55 55
8176 2 0
8177 0 1
8178 54 55
8179 0 0
8180 0 1
8181 0 0
8182 3 0
8183 55 0
8184 0 54
8185 0 55
8186 2 0
8187 3 0
8188 55 55
8189 54 55
8190 54 0
8191 55 0
8192 2 0
8193 0 1
8194 0 54
8195 54 0
8196 55 0
8197 55 55
8198 54 0
8199 1 0
8200 0 55
8201 2 0
8202 54 55
8203 0 0
8204 0 1
8205 1 0
8206 55 0
8207 55 55
8208 0 54
8209 54 55
8210 0 2
8211 0 1
8212 0 55
8213 55 55
8214 0 54
8215 54 55
8216 0 2
8217 0 55
8218 0 0
8219 54 0
8220 55 0
8221 54 0
8222 55 0
8223 54 0
8224 0 54
8225 1 0
8226 0 55
8227 55 55
8228 55 0
8229 0 0
8230 0 54
8231 0 3
8232 0 55
8233 54 0
8234 0 54
8235 55 0
8236 54 55
8237 55 55
8238 54 55
8239 54 0
8240 55 55
8241 55 0
8242 54 55
8243 55 55
8244 0 2
8245 0 55
8246 0 54
8247 1 0
8248 54 0
8249 0 55
8250 0 54
8251 0 0
8252 55 0
8253 54 0
8254 0 3
8255 0 1
8256 0 0
8257 0 55
8258 0 1
8259 0 0
8260 55 0
8261 0 54
8262 54 0
8263 54 55
8264 0 2
8265 55 55
8266 0 3
8267 0 55
8268 54 55
8269 0 1
8270 55 0
8271 0 0
8272 0 1
8273 0 54
8274 0 0
8275 55 55
8276 0 1
8277 54 55
8278 54 0
8279 55 0
8280 55 55
8281 0 0
8282 0 2
8283 54 55
8284 0 55
8285 54 0
8286 55 55
8287 0 3
8288 0 2
8289 1 0
8290 55 0
8291 54 0
8292 55 0
8293 0 0
8294 54 55
8295 55 55
8296 0 54
8297 0 3
8298 0 1
8299 54 0
8300 55 0
8301 0 4
8302 0 3
8303 0 0
8304 54 0
8305 55 0
8306 54 0
8307 55 0
8308 0 2
8309 54 0
8310 55 0
8311 0 55
8312 54 55
8313 55 55
8314 54 55
8315 0 54
8316 55 55
8317 0 3
8318 54 0
8319 55 0
8320 0 55
8321 0 54
8322 0 1
8323 0 0
8324 54 0
8325 55 0
8326 0 2
8327 1 0
8328 0 0
8329 1 0
8330 54 55
8331 0 55
8332 55 55
8333 54 0
8334 0 1
8335 2 0
8336 0 54
8337 0 55
8338 54 55
8339 0 54
8340 55 0
8341 1 0
8342 54 0
8343 0 55
8344 55 0
8345 55 55
8346 54 55
8347 55 55
8348 2 0
8349 0 54
8350 54 55
8351 54 0
8352 0 55
8353 55 55
8354 55 0
8355 1 0
8356 0 2
8357 0 54
8358 0 55
8359 0 0
8360 54 55
8361 0 3
8362 55 55
8363 54 55
8364 54 0
8365 55 0
8366 55 55
8367 54 55
8368 0 2
8369 1 0
8370 55 55
8371 0 1
8372 54 0
8373 0 2
8374 0 54
8375 54 55
8376 55 0
8377 54 0
8378 0 1
8379 0 55
8380 2 0
8381 1 0
8382 2 0
8383 55 55
8384 0 54
8385 0 0
8386 0 1
8387 1 0
8388 2 0
8389 1 0
8390 0 2
8391 0 0
8392 55 0
8393 0 3
8394 0 1
8395 0 4
8396 54 0
8397 0 0
8398 54 55
8399 55 55
8400 0 1
8401 0 3
8402 54 55
8403 0 55
8404 55 55
8405 0 0
8406 54 55
8407 55 0
8408 54 0
8409 0 1
8410 0 0
8411 0 54
8412 0 55
8413 0 1
8414 55 0
8415 0 4
8416 55 55
8417 54 0
8418 0 3
8419 0 54
8420 0 55
8421 54 55
8422 0 0
8423 0 1
8424 0 4
8425 0 3
8426 0 54
8427 0 0
8428 55 55
8429 55 0
8430 0 1
8431 0 0
8432 0 1
8433 0 55
8434 54 55
8435 0 54
8436 0 0
8437 0 55
8438 0 1
8439 54 0
8440 55 0
8441 54 0
8442 0 4
8443 55 0
8444 54 0
8445 55 55
8446 54 55
8447 0 0
8448 0 1
8449 0 0
8450 55 55
8451 54 55
8452 55 55
8453 54 55
8454 0 54
8455 55 0
8456 0 3
8457 55 55
8458 0 55
8459 0 54
8460 0 1
8461 54 0
8462 0 4
8463 0 55
8464 54 55
8465 0 0
8466 0 54
8467 0 55
8468 55 0
8469 0 54
8470 0 55
8471 0 3
8472 55 55
8473 0 54
8474 0 1
8475 0 4
8476 54 55
8477 55 55
8478 54 55
8479 0 0
8480 55 55
8481 0 3
8482 54 0
8483 0 1
8484 0 0
8485 0 2
8486 0 55
8487 0 3
8488 0 2
8489 55 0
8490 0 54
8491 54 55
8492 0 55
8493 55 55
8494 54 0
8495 0 3
8496 0 2
8497 0 54
8498 0 3
8499 0 55
8500 0 1
8501 0 0
8502 0 1
8503 0 4
8504 0 3
8505 0 0
8506 55 0
8507 0 54
8508 0 55
8509 0 1
8510 0 54
8511 0 4
8512 0 3
8513 54 55
8514 0 4
8515 0 55
8516 0 3
8517 54 0
8518 0 4
8519 0 3
8520 0 54
8521 0 4
8522 55 0
8523 54 0
8524 0 55
8525 0 3
8526 55 0
8527 0 4
8528 0 0
8529 54 0
8530 55 0
8531 0 1
8532 54 0
8533 55 0
8534 55 55
8535 0 54
8536 54 0
8537 0 3
8538 0 0
8539 54 55
8540 0 2
8541 1 0
8542 0 55
8543 0 1
8544 55 55
8545 55 0
8546 2 0
8547 0 0
8548 54 0
8549 0 54
8550 3 0
8551 54 55
8552 0 55
8553 0 54
8554 55 0
8555 0 1
8556 54 0
8557 55 55
8558 0 55
8559 0 0
8560 55 0
8561 0 54
8562 54 0
8563 0 1
8564 55 0
8565 2 0
8566 0 0
8567 3 0
8568 0 1
8569 2 0
8570 0 55
8571 54 0
8572 55 0
8573 54 55
8574 0 54
8575 55 55
8576 1 0
8577 0 55
8578 54 55
8579 54 0
8580 0 54
8581 0 2
8582 0 55
8583 0 54
8584 55 55
8585 0 55
8586 0 0
8587 55 0
8588 54 55
8589 0 3
8590 55 55
8591 0 1
8592 0 0
8593 54 0
8594 0 54
8595 0 2
8596 0 55
8597 54 55
8598 55 0
8599 0 3
8600 55 55
8601 0 1
8602 0 4
8603 0 0
8604 54 55
8605 54 0
8606 55 55
8607 0 3
8608 0 54
8609 55 0
8610 54 0
8611 55 0
8612 54 0
8613 0 2
8614 0 55
8615 0 54
8616 55 0
8617 54 0
8618 0 3
8619 0 2
8620 0 3
8621 0 55
8622 0 54
8623 0 1
8624 0 55
8625 0 54
8626 0 55
8627 0 54
8628 54 55
8629 0 0
8630 0 2
8631 0 55
8632 1 0
8633 55 0
8634 0 1
8635 2 0
8636 1 0
8637 0 54
8638 0 2
8639 54 0
8640 0 55
8641 0 54
8642 0 0
8643 55 0
8644 55 55
8645 0 3
8646 54 0
8647 0 1
8648 0 4
8649 54 55
8650 0 0
8651 0 3
8652 55 55
8653 54 55
8654 0 55
8655 0 54
8656 0 2
8657 0 3
8658 0 2
8659 55 55
8660 0 3
8661 0 1
8662 54 55
8663 0 4
8664 0 0
8665 55 0
8666 0 55
8667 0 3
8668 0 2
8669 1 0
8670 0 54
8671 55 55
8672 0 0
8673 0 3
8674 0 1
8675 0 4
8676 0 3
8677 0 4
8678 54 0
8679 0 0
8680 0 1
8681 54 55
8682 55 55
8683 54 55
8684 0 3
8685 55 55
8686 0 4
8687 0 3
8688 0 55
8689 0 0
8690 0 54
8691 0 2
8692 1 0
8693 54 55
8694 0 1
8695 0 2
8696 0 0
8697 55 55
8698 54 55
8699 0 3
8700 0 55
8701 55 0
8702 0 1
8703 54 0
8704 0 54
8705 55 0
8706 55 55
8707 54 0
8708 54 55
8709 0 0
8710 55 0
8711 0 55
8712 0 1
8713 0 54
8714 55 55
8715 0 4
8716 54 55
8717 55 55
8718 0 0
8719 0 55
8720 54 0
8721 0 54
8722 54 55
8723 0 1
8724 55 55
8725 54 55
8726 0 0
8727 0 3
8728 55 0
8729 54 0
8730 0 1
8731 0 4
8732 55 55
8733 54 55
8734 55 55
8735 54 55
8736 0 55
8737 0 54
8738 55 0
8739 0 55
8740 0 3
8741 0 4
8742 54 0
8743 0 3
8744 0 54
8745 0 55
8746 0 0
8747 0 2
8748 55 0
8749 55 55
8750 1 0
8751 0 0
8752 0 54
8753 0 3
8754 54 55
8755 55 55
8756 0 1
8757 0 55
8758 0 0
8759 0 1
8760 54 0
8761 0 4
8762 0 3
8763 54 55
8764 55 55
8765 54 55
8766 55 0
8767 54 0
8768 0 0
8769 55 0
8770 0 54
8771 54 0
8772 55 55
8773 55 0
8774 54 0
8775 0 2
8776 54 55
8777 1 0
8778 0 55
8779 55 55
8780 0 1
8781 0 54
8782 0 55
8783 2 0
8784 1 0
8785 0 54
8786 0 55
8787 0 54
8788 0 55
8789 55 0
8790 54 55
8791 54 0
8792 55 55
8793 0 54
8794 2 0
8795 1 0
8796 0 55
8797 0 54
8798 55 0
8799 0 55
8800 2 0
8801 0 0
8802 0 54
8803 54 55
8804 54 0
8805 55 0
8806 55 55
8807 54 55
8808 0 1
8809 1 0
8810 54 0
8811 55 0
8812 55 55
8813 0 55
8814 0 54
8815 54 55
8816 0 2
8817 54 0
8818 55 0
8819 0 1
8820 55 55
8821 2 0
8822 54 0
8823 1 0
8824 55 0
8825 0 55
8826 2 0
8827 1 0
8828 0 2
8829 0 0
8830 54 55
8831 54 0
8832 0 54
8833 55 55
8834 0 3
8835 0 2
8836 55 0
8837 0 3
8838 54 0
8839 0 55
8840 54 55
8841 0 2
8842 55 55
8843 0 3
8844 55 0
8845 0 2
8846 0 54
8847 1 0
8848 0 1
8849 54 55
8850 55 55
8851 0 2
8852 0 1
8853 2 0
8854 0 55
8855 54 55
8856 54 0
8857 55 55
8858 1 0
8859 2 0
8860 0 0
8861 3 0
8862 0 1
8863 0 0
8864 2 0
8865 55 0
8866 0 54
8867 54 0
8868 54 55
8869 3 0
8870 55 55
8871 54 55
8872 2 0
8873 0 1
8874 55 0
8875 1 0
8876 55 55
8877 0 55
8878 54 0
8879 0 54
8880 55 0
8881 0 55
8882 54 0
8883 55 0
8884 2 0
8885 54 0
8886 1 0
8887 54 55
8888 55 0
8889 54 0
8890 0 2
8891 55 0
8892 55 55
8893 54 0
8894 0 54
8895 0 55
8896 54 55
8897 55 0
8898 0 0
8899 54 0
8900 55 0
8901 0 3
8902 55 55
8903 54 55
8904 0 1
8905 0 54
8906 54 0
8907 55 55
8908 54 55
8909 0 0
8910 0 55
8911 0 2
8912 0 3
8913 0 54
8914 0 1
8915 0 55
8916 55 0
8917 0 54
8918 55 55
8919 0 55
8920 0 0
8921 0 2
8922 1 0
8923 0 54
8924 54 0
8925 0 1
8926 55 0
8927 54 55
8928 0 2
8929 0 55
8930 0 0
8931 54 0
8932 0 54
8933 0 55
8934 0 3
8935 55 55
8936 0 1
8937 0 54
8938 55 0
8939 54 55
8940 0 4
8941 0 3
8942 0 55
8943 0 0
8944 55 55
8945 0 2
8946 1 0
8947 54 55
8948 0 54
8949 0 1
8950 54 0
8951 0 55
8952 0 2
8953 55 0
8954 54 0
8955 55 0
8956 0 1
8957 0 54
8958 0 55
8959 54 0
8960 0 54
8961 0 2
8962 0 1
8963 2 0
8964 0 0
8965 55 55
8966 0 1
8967 0 55
8968 54 55
8969 0 0
8970 0 54
8971 55 0
8972 0 55
8973 0 54
8974 0 55
8975 55 55
8976 0 54
8977 54 55
8978 0 55
8979 3 0
8980 0 54
8981 2 0
8982 55 55
8983 3 0
8984 0 55
8985 2 0
8986 0 1
8987 0 54
8988 0 0
8989 54 0
8990 0 1
8991 1 0
8992 55 0
8993 54 55
8994 55 55
8995 54 0
8996 0 55
8997 55 0
8998 0 2
8999 0 54
9000 54 0
9001 55 0
9002 54 0
9003 0 55
9004 55 0
9005 0 0
9006 0 54
9007 0 3
9008 0 2
9009 54 0
9010 0 55
9011 0 3
9012 0 1
9013 55 0
9014 54 55
9015 54 0
9016 55 55
9017 0 4
9018 0 3
9019 0 4
9020 55 0
9021 54 0
9022 0 54
9023 55 0
9024 54 55
9025 0 55
9026 54 0
9027 55 55
9028 55 0
9029 54 55
9030 54 0
9031 0 3
9032 0 4
9033 0 0
9034 0 54
9035 0 3
9036 0 1
9037 0 4
9038 55 55
9039 0 55
9040 0 3
9041 0 4
9042 0 3
9043 0 4
9044 54 55
9045 55 0
9046 54 0
9047 0 3
9048 55 0
9049 0 0
9050 54 0
9051 0 2
9052 1 0
9053 0 0
9054 55 55
9055 0 3
9056 54 55
9057 0 54
9058 0 2
9059 0 3
9060 0 2
9061 55 55
9062 0 3
9063 0 1
9064 0 55
9065 54 55
9066 55 0
9067 54 0
9068 55 0
9069 0 0
9070 0 2
9071 0 3
9072 54 0
9073 0 54
9074 0 1
9075 0 0
9076 0 2
9077 1 0
9078 55 55
9079 0 1
9080 2 0
9081 1 0
9082 0 2
9083 0 1
9084 2 0
9085 54 55
9086 55 55
9087 54 55
9088 1 0
9089 55 55
9090 55 0
9091 0 55
9092 0 54
9093 2 0
9094 0 55
9095 54 55
9096 54 0
9097 0 54
9098 0 55
9099 55 0
9100 54 0
9101 55 0
9102 0 0
9103 0 54
9104 0 55
9105 0 54
9106 0 1
9107 55 55
9108 0 55
9109 54 55
9110 55 55
9111 54 55
9112 0 54
9113 1 0
9114 0 55
9115 0 2
9116 0 54
9117 0 55
9118 0 54
9119 55 55
9120 0 0
9121 1 0
9122 0 55
9123 54 0
9124 55 0
9125 54 0
9126 54 55
9127 0 0
9128 1 0
9129 0 54
9130 0 1
9131 55 0
9132 54 0
9133 55 55
9134 54 55
9135 0 2
9136 55 55
9137 0 0
9138 55 0
9139 0 3
9140 54 0
9141 0 55
9142 0 1
9143 54 55
9144 55 55
9145 54 55
9146 55 55
9147 0 0
9148 54 55
9149 0 54
9150 0 1
9151 0 0
9152 0 2
9153 55 0
9154 1 0
9155 55 55
9156 0 55
9157 0 1
9158 2 0
9159 0 54
9160 0 55
9161 54 0
9162 1 0
9163 0 54
9164 0 55
9165 0 2
9166 0 54
9167 55 0
9168 54 0
9169 54 55
9170 0 55
9171 55 55
9172 0 1
9173 0 54
9174 2 0
9175 1 0
9176 54 55
9177 55 55
9178 2 0
9179 54 55
9180 0 55
9181 0 54
9182 55 55
9183 0 55
9184 54 55
9185 55 0
9186 1 0
9187 2 0
9188 1 0
9189 0 2
9190 0 1
9191 54 0
9192 2 0
9193 55 55
9194 55 0
9195 54 0
9196 55 0
9197 0 54
9198 54 0
9199 0 55
9200 0 0
9201 0 1
9202 0 0
9203 0 1
9204 55 0
9205 0 54
9206 0 55
9207 0 54
9208 0 0
9209 54 55
9210 0 55
9211 0 54
9212 55 55
9213 0 1
9214 0 0
9215 0 1
9216 0 55
9217 1 0
9218 54 55
9219 0 54
9220 0 55
9221 0 54
9222 55 55
9223 2 0
9224 54 55
9225 0 55
9226 54 0
9227 0 0
9228 0 54
9229 55 0
9230 0 1
9231 0 0
9232 0 55
9233 55 55
9234 54 0
9235 0 54
9236 54 55
9237 3 0
9238 2 0
9239 55 0
9240 0 55
9241 54 0
9242 0 1
9243 55 55
9244 1 0
9245 0 2
9246 0 54
9247 0 55
9248 54 55
9249 0 0
9250 55 55
9251 0 54
9252 0 3
9253 0 2
9254 0 3
9255 54 55
9256 55 55
9257 0 2
9258 0 3
9259 54 55
9260 55 55
9261 0 1
9262 55 0
9263 0 55
9264 0 0
9265 0 54
9266 0 1
9267 0 0
9268 0 2
9269 0 55
9270 1 0
9271 0 54
9272 0 0
9273 54 0
9274 55 0
9275 0 3
9276 54 55
9277 0 55
9278 0 2
9279 54 0
9280 55 55
9281 0 54
9282 0 55
9283 0 54
9284 54 55
9285 0 55
9286 1 0
9287 55 0
9288 0 1
9289 0 2
9290 0 0
9291 55 55
9292 54 55
9293 1 0
9294 55 55
9295 0 54
9296 0 1
9297 54 0
9298 0 2
9299 0 1
9300 0 2
9301 0 0
9302 1 0
9303 0 1
9304 55 0
9305 2 0
9306 54 0
9307 0 55
9308 1 0
9309 0 54
9310 0 55
9311 2 0
9312 55 0
9313 1 0
9314 2 0
9315 0 0
9316 3 0
9317 2 0
9318 54 55
9319 0 54
9320 55 55
9321 3 0
9322 2 0
9323 0 55
9324 0 54
9325 0 55
9326 3 0
9327 2 0
9328 54 0
9329 0 54
9330 3 0
9331 54 55
9332 0 1
9333 55 0
9334 0 0
9335 55 55
9336 0 1
9337 54 55
9338 0 0
9339 55 55
9340 2 0
9341 3 0
9342 54 0
9343 2 0
9344 54 55
9345 0 55
9346 55 55
9347 55 0
9348 0 54
9349 54 55
9350 3 0
9351 54 0
9352 55 55
9353 54 55
9354 55 0
9355 0 1
9356 55 55
9357 54 55
9358 54 0
9359 0 55
9360 2 0
9361 55 0
9362 55 55
9363 1 0
9364 0 2
9365 0 1
9366 0 2
9367 0 54
9368 54 0
9369 0 1
9370 55 0
9371 54 0
9372 0 55
9373 0 2
9374 54 55
9375 0 1
9376 0 2
9377 55 55
9378 54 55
9379 0 0
9380 55 55
9381 55 0
9382 54 0
9383 0 54
9384 1 0
9385 0 0
9386 0 55
9387 0 54
9388 1 0
9389 0 55
9390 54 55
9391 0 1
9392 0 2
9393 0 0
9394 0 3
9395 0 54
9396 55 0
9397 0 1
9398 0 4
9399 55 55
9400 0 55
9401 54 55
9402 0 54
9403 0 55
9404 0 0
9405 55 55
9406 0 3
9407 0 2
# colocadas=9408 ocupadas=5 mayor=9575
