0 0 0
1 0 1
2 0 55
3 0 54
4 0 55
5 55 0
6 0 54
7 0 0
8 0 55
9 54 0
10 0 1
11 0 0
12 55 0
13 55 55
14 0 54
15 0 2
16 0 3
17 0 55
18 54 0
19 0 54
20 0 1
21 54 55
22 0 0
23 0 1
24 55 0
25 54 0
26 55 0
27 0 55
28 0 54
29 0 4
30 0 3
31 0 4
32 0 55
33 0 0
34 0 3
35 55 55
36 54 0
37 0 2
38 55 0
39 54 55
40 54 0
41 55 55
42 0 54
43 55 0
44 0 55
45 0 54
46 54 55
47 55 55
48 54 55
49 55 55
50 54 0
51 0 55
52 1 0
53 0 1
54 0 2
55 55 0
56 54 0
57 55 0
58 54 55
59 0 1
60 2 0
61 54 0
62 0 54
63 0 55
64 55 55
65 0 54
66 54 55
67 0 55
68 55 55
69 55 0
70 0 0
71 54 0
72 0 54
73 54 55
74 0 1
75 0 0
76 3 0
77 2 0
78 0 1
79 0 0
80 55 55
81 0 55
82 0 1
83 1 0
84 2 0
85 1 0
86 54 55
87 0 54
88 0 2
89 55 0
90 55 55
91 0 0
92 0 1
93 54 55
94 0 55
95 0 2
96 0 3
97 55 55
98 0 54
99 54 0
100 0 55
101 55 0
102 54 0
103 55 0
104 54 55
105 0 1
106 55 55
107 0 54
108 54 0
109 0 0
110 55 0
111 0 2
112 0 3
113 54 55
114 55 55
115 54 55
116 0 55
117 54 0
118 55 55
119 54 55
120 0 54
121 0 1
122 0 55
123 55 0
124 0 54
125 0 4
126 0 3
127 54 0
128 0 4
129 0 0
130 0 55
131 0 1
132 0 3
133 55 55
134 0 54
135 54 55
136 0 0
137 0 55
138 0 54
139 55 55
140 0 2
141 54 55
142 55 55
143 54 55
144 55 0
145 55 55
146 0 55
147 0 3
148 0 2
149 0 3
150 54 0
151 0 2
152 0 1
153 55 0
154 0 0
155 54 55
156 55 55
157 54 55
158 54 0
159 55 0
160 0 54
161 55 55
162 54 0
163 55 0
164 54 0
165 1 0
166 0 55
167 0 54
168 55 0
169 54 0
170 54 55
171 0 1
172 0 2
173 55 0
174 0 55
175 55 55
176 0 54
177 54 55
178 54 0
179 0 0
180 55 55
181 54 55
182 55 0
183 55 55
184 54 55
185 55 55
186 0 3
187 54 55
188 0 55
189 0 54
190 55 55
191 54 55
192 55 55
193 0 2
194 54 55
195 1 0
196 54 0
197 0 1
198 0 55
199 0 2
200 55 0
201 54 0
202 0 0
203 0 1
204 0 54
205 55 0
206 54 0
207 0 0
208 55 0
209 0 55
210 0 54
211 1 0
212 0 0
213 0 55
214 0 3
215 0 54
216 54 0
217 0 1
218 55 55
219 55 0
220 0 0
221 0 55
222 0 1
223 54 0
224 55 0
225 0 54
226 54 0
227 54 55
228 55 55
229 54 55
230 0 0
231 55 55
232 0 2
233 1 0
234 0 0
235 0 55
236 0 3
237 54 55
238 0 1
239 55 55
240 54 55
241 0 4
242 55 55
243 55 0
244 54 55
245 0 3
246 54 0
247 55 0
248 0 0
249 54 0
250 0 54
251 55 55
252 54 55
253 55 55
254 0 55
255 54 55
256 0 2
257 55 0
258 0 3
259 0 2
260 0 54
261 54 0
262 0 3
263 0 2
264 1 0
265 0 1
266 55 55
267 0 55
268 0 2
269 0 54
270 0 0
271 55 0
272 1 0
273 54 55
274 0 55
275 0 54
276 0 1
277 0 2
278 54 0
279 0 0
280 55 0
281 0 3
282 0 55
283 0 2
284 54 0
285 55 55
286 55 0
287 0 1
288 0 54
289 54 55
290 0 0
291 0 55
292 54 0
293 0 54
294 55 0
295 0 55
296 1 0
297 0 0
298 0 3
299 55 55
300 54 0
301 0 2
302 0 54
303 55 0
304 0 3
305 54 55
306 55 55
307 0 1
308 0 0
309 54 0
310 0 1
311 0 0
312 0 55
313 54 55
314 0 1
315 55 0
316 0 54
317 55 55
318 0 55
319 0 54
320 54 0
321 54 55
322 0 4
323 0 3
324 55 55
325 54 55
326 0 0
327 0 1
328 0 0
329 0 2
330 55 55
331 54 55
332 1 0
333 55 0
334 55 55
335 54 0
336 55 0
337 54 55
338 54 0
339 55 0
340 54 0
341 0 1
342 0 2
343 0 55
344 0 54
345 0 0
346 1 0
347 0 1
348 55 0
349 0 0
350 1 0
351 0 0
352 0 55
353 55 55
354 54 55
355 54 0
356 1 0
357 55 55
358 55 0
359 54 0
360 54 55
361 55 0
362 54 0
363 55 55
364 2 0
365 55 0
366 1 0
367 0 0
368 0 1
369 0 54
370 0 0
371 54 0
372 55 0
373 0 55
374 54 55
375 0 1
376 55 55
377 54 0
378 0 54
379 54 55
380 55 55
381 2 0
382 54 55
383 55 55
384 0 55
385 1 0
386 0 2
387 0 1
388 55 0
389 0 54
390 54 55
391 2 0
392 55 55
393 54 0
394 0 0
395 55 0
396 54 0
397 0 1
398 0 0
399 55 0
400 54 0
401 0 1
402 1 0
403 0 55
404 55 0
405 2 0
406 54 55
407 55 55
408 0 0
409 0 54
410 0 55
411 54 0
412 0 1
413 54 55
414 1 0
415 55 55
416 0 54
417 54 55
418 55 55
419 2 0
420 1 0
421 0 55
422 54 55
423 0 2
424 0 0
425 0 54
426 0 55
427 0 54
428 55 0
429 0 55
430 55 55
431 0 54
432 54 55
433 0 1
434 55 55
435 54 0
436 0 55
437 55 0
438 54 0
439 54 55
440 0 54
441 55 0
442 55 55
443 54 55
444 0 2
445 0 3
446 0 1
447 55 55
448 0 4
449 54 55
450 0 0
451 0 3
452 0 2
453 54 0
454 55 55
455 1 0
456 0 0
457 1 0
458 0 55
459 0 1
460 0 54
461 55 0
462 54 0
463 0 2
464 0 0
465 54 55
466 0 3
467 0 55
468 55 0
469 0 1
470 0 4
471 54 0
472 0 3
473 0 0
474 0 1
475 55 0
476 54 0
477 55 55
478 0 0
479 0 2
480 0 3
481 55 0
482 54 0
483 0 54
484 0 1
485 0 4
486 54 55
487 0 3
488 0 4
489 0 55
490 55 55
491 0 54
492 0 55
493 0 0
494 54 55
495 55 0
496 0 3
497 55 55
498 0 1
499 54 55
500 54 0
501 55 55
502 54 55
503 0 4
504 0 0
505 55 0
506 0 3
507 55 55
508 54 55
509 0 54
510 0 1
511 0 55
512 0 54
513 0 4
514 0 0
515 55 55
516 54 55
517 54 0
518 0 55
519 55 0
520 0 54
521 0 3
522 55 55
523 0 55
524 54 0
525 55 0
526 0 2
527 54 0
528 0 54
529 0 55
530 1 0
531 54 55
532 55 0
533 54 0
534 55 55
535 0 54
536 54 55
537 0 0
538 0 3
539 55 0
540 0 2
541 0 55
542 54 0
543 0 3
544 0 1
545 55 0
546 55 55
547 0 0
548 0 2
549 0 54
550 0 55
551 54 55
552 54 0
553 55 0
554 54 0
555 1 0
556 0 54
557 55 55
558 0 1
559 55 0
560 54 0
561 0 2
562 0 55
563 54 55
564 0 0
565 1 0
566 0 0
567 55 0
568 55 55
569 54 0
570 1 0
571 0 1
572 2 0
573 54 55
574 1 0
575 2 0
576 55 55
577 55 0
578 54 55
579 55 55
580 54 55
581 0 0
582 54 0
583 0 54
584 3 0
585 0 1
586 55 0
587 55 55
588 0 55
589 54 55
590 54 0
591 0 0
592 55 0
593 54 0
594 0 54
595 55 0
596 0 55
597 54 0
598 0 54
599 2 0
600 3 0
601 0 1
602 2 0
603 0 55
604 55 0
605 55 55
606 1 0
607 54 0
608 0 54
609 54 55
610 0 55
611 0 2
612 0 54
613 0 1
614 0 55
615 0 2
616 0 54
617 0 1
618 0 2
619 0 0
620 0 55
621 0 1
622 0 0
623 55 0
624 54 0
625 55 0
626 0 54
627 0 55
628 0 54
629 0 55
630 55 55
631 54 0
632 0 54
633 54 55
634 55 0
635 1 0
636 0 1
637 2 0
638 0 55
639 55 55
640 54 0
641 0 0
642 0 1
643 0 54
644 55 0
645 0 0
646 0 55
647 3 0
648 2 0
649 0 1
650 0 54
651 1 0
652 2 0
653 54 0
654 1 0
655 54 55
656 0 2
657 55 0
658 0 0
659 0 3
660 0 55
661 0 1
662 0 0
663 0 2
664 1 0
665 0 0
666 54 0
667 0 3
668 55 55
669 0 1
670 0 2
671 55 0
672 0 54
673 0 55
674 54 0
675 54 55
676 55 55
677 0 3
678 54 55
679 55 0
680 55 55
681 54 0
682 0 4
683 55 0
684 54 55
685 55 55
686 0 54
687 0 55
688 0 0
689 54 0
690 55 0
691 0 3
692 0 54
693 0 1
694 0 4
695 0 55
696 0 3
697 0 4
698 0 54
699 0 0
700 54 55
701 0 3
702 54 0
703 0 1
704 55 0
705 0 55
706 0 0
707 0 1
708 0 4
709 0 0
710 55 55
711 54 0
712 55 0
713 0 1
714 0 3
715 0 4
716 0 3
717 0 0
718 0 2
719 1 0
720 0 0
721 1 0
722 0 1
723 2 0
724 54 0
725 55 0
726 0 0
727 0 1
728 54 55
729 54 0
730 55 55
731 0 0
732 55 0
733 3 0
734 0 54
735 0 1
736 0 55
737 2 0
738 54 0
739 1 0
740 54 55
741 0 54
742 0 2
743 0 55
744 55 0
745 54 0
746 0 54
747 0 0
748 0 55
749 0 54
750 0 55
751 55 0
752 55 55
753 0 54
754 54 0
755 0 3
756 0 1
757 0 0
758 54 55
759 0 55
760 0 2
761 0 1
762 55 0
763 0 0
764 0 54
765 55 55
766 0 55
767 1 0
768 0 54
769 54 55
770 0 55
771 55 55
772 0 54
773 0 1
774 0 2
775 54 0
776 0 1
777 0 2
778 0 0
779 55 0
780 54 0
781 0 3
782 0 1
783 0 55
784 0 0
785 0 1
786 0 4
787 54 55
788 0 0
789 0 1
790 0 3
791 0 4
792 0 0
793 55 0
794 0 54
795 0 3
796 54 0
797 0 55
798 55 0
799 0 2
800 0 3
801 0 1
802 55 55
803 54 0
804 0 0
805 0 54
806 0 2
807 54 55
808 0 55
809 1 0
810 0 0
811 55 55
812 55 0
813 1 0
814 0 54
815 0 55
816 0 1
817 54 55
818 2 0
819 55 55
820 0 54
821 54 0
822 0 55
823 0 0
824 54 55
825 0 1
826 1 0
827 55 55
828 0 54
829 0 2
830 54 55
831 55 0
832 0 55
833 0 1
834 54 0
835 2 0
836 0 0
837 3 0
838 55 0
839 55 55
840 0 1
841 0 54
842 0 0
843 54 55
844 55 55
845 2 0
846 54 0
847 0 1
848 1 0
849 0 55
850 0 2
851 0 0
852 0 54
853 54 55
854 0 55
855 55 0
856 0 1
857 0 54
858 0 0
859 0 55
860 55 55
861 54 0
862 55 0
863 54 0
864 54 55
865 55 0
866 55 55
867 54 0
868 54 55
869 0 3
870 55 0
871 0 2
872 0 1
873 0 54
874 54 0
875 55 55
876 0 0
877 0 1
878 0 55
879 0 0
880 54 55
881 0 54
882 55 55
883 54 55
884 55 0
885 54 0
886 0 55
887 55 0
888 0 3
889 0 2
890 54 0
891 55 0
892 1 0
893 55 55
894 54 0
895 55 0
896 0 1
897 2 0
898 0 54
899 1 0
900 2 0
901 54 55
902 0 55
903 0 0
904 54 0
905 55 0
906 55 55
907 54 0
908 55 0
909 0 54
910 1 0
911 2 0
912 54 0
913 0 55
914 55 0
915 54 0
916 0 54
917 55 0
918 54 0
919 54 55
920 3 0
921 2 0
922 3 0
923 0 55
924 55 55
925 0 54
926 0 1
927 2 0
928 55 0
929 1 0
930 54 0
931 0 2
932 0 55
933 0 1
934 54 55
935 0 2
936 55 0
937 55 55
938 0 0
939 1 0
940 0 0
941 0 3
942 54 55
943 0 54
944 0 1
945 0 0
946 54 0
947 0 55
948 0 1
949 0 4
950 0 3
951 0 0
952 0 1
953 0 0
954 0 54
955 55 0
956 0 2
957 0 55
958 0 1
959 0 54
960 54 0
961 0 2
962 55 55
963 55 0
964 0 3
965 0 2
966 0 55
967 54 55
968 0 3
969 0 54
970 0 1
971 55 55
972 0 2
973 54 55
974 0 3
975 0 2
976 54 0
977 55 0
978 54 0
979 55 55
980 0 3
981 0 4
982 0 55
983 55 0
984 54 0
985 0 3
986 0 54
987 55 0
988 0 55
989 54 55
990 55 55
991 0 0
992 0 54
993 0 1
994 0 4
995 54 55
996 0 55
997 0 0
998 55 55
999 54 0
1000 54 55
1001 55 0
1002 54 0
1003 55 0
1004 0 54
1005 55 55
1006 54 55
1007 55 55
1008 54 55
1009 55 55
1010 54 55
1011 55 55
1012 0 55
1013 0 3
1014 0 54
1015 0 2
1016 1 0
1017 54 55
1018 0 55
1019 0 0
1020 54 0
1021 0 54
1022 55 0
1023 0 55
1024 0 3
1025 0 1
1026 0 54
1027 54 0
1028 0 0
1029 0 55
1030 0 2
1031 0 1
1032 0 2
1033 55 55
1034 55 0
1035 0 54
1036 54 0
1037 55 0
1038 54 55
1039 55 55
1040 54 0
1041 55 0
1042 0 55
1043 0 54
1044 0 55
1045 54 0
1046 0 3
1047 54 55
1048 55 0
1049 0 1
1050 0 4
1051 0 54
1052 55 55
1053 0 0
1054 54 0
1055 0 3
1056 0 1
1057 54 55
1058 0 4
1059 0 3
1060 0 55
1061 0 4
1062 0 0
1063 0 54
1064 0 3
1065 55 0
1066 0 1
1067 0 0
1068 55 55
1069 0 55
1070 0 2
1071 1 0
1072 54 0
1073 0 1
1074 2 0
1075 0 54
1076 55 0
1077 0 55
1078 54 55
1079 1 0
1080 2 0
1081 0 54
1082 0 0
1083 0 55
1084 3 0
1085 54 0
1086 55 55
1087 55 0
1088 0 54
1089 0 1
1090 0 0
1091 54 55
1092 2 0
1093 54 0
1094 55 0
1095 3 0
1096 54 0
1097 0 1
1098 2 0
1099 0 0
1100 55 55
1101 0 55
1102 0 54
1103 55 0
1104 0 1
1105 0 55
1106 1 0
1107 54 55
1108 2 0
1109 0 0
1110 3 0
1111 0 54
1112 2 0
1113 0 1
1114 0 55
1115 55 55
1116 54 0
1117 1 0
1118 0 2
1119 0 1
1120 0 54
1121 2 0
1122 0 55
1123 0 0
1124 0 54
1125 1 0
1126 55 0
1127 2 0
1128 3 0
1129 0 55
1130 54 0
1131 54 55
1132 0 54
1133 0 55
1134 55 55
1135 0 54
1136 0 1
1137 2 0
1138 1 0
1139 2 0
1140 55 0
1141 0 55
1142 1 0
1143 54 55
1144 0 2
1145 0 54
1146 55 55
1147 54 0
1148 54 55
1149 0 1
1150 0 2
1151 0 55
1152 55 55
1153 0 0
1154 0 3
1155 54 55
1156 0 54
1157 0 1
1158 0 4
1159 0 0
1160 55 0
1161 55 55
1162 0 1
1163 0 55
1164 54 55
1165 0 3
1166 0 54
1167 0 0
1168 0 55
1169 55 55
1170 0 2
1171 54 0
1172 1 0
1173 54 55
1174 55 55
1175 0 1
1176 2 0
1177 1 0
1178 0 2
1179 55 0
1180 0 0
1181 1 0
1182 54 0
1183 55 0
1184 0 0
1185 0 3
1186 0 1
1187 0 54
1188 54 0
1189 0 0
1190 0 1
1191 0 55
1192 0 0
1193 55 0
1194 0 2
1195 54 0
1196 0 54
1197 1 0
1198 55 0
1199 0 0
1200 0 3
1201 0 1
1202 54 0
1203 0 55
1204 54 55
1205 0 54
1206 0 0
1207 55 55
1208 54 55
1209 0 1
1210 0 55
1211 55 0
1212 0 2
1213 55 55
1214 0 54
1215 54 55
1216 0 3
1217 55 55
1218 0 4
1219 54 55
1220 0 55
1221 55 55
1222 54 0
1223 0 3
1224 0 0
1225 0 2
1226 54 55
1227 0 54
1228 0 55
1229 1 0
1230 0 1
1231 0 54
1232 55 0
1233 55 55
1234 0 2
1235 0 55
1236 0 54
1237 0 0
1238 1 0
1239 0 55
1240 54 0
1241 0 0
1242 0 54
1243 1 0
1244 0 55
1245 0 1
1246 0 54
1247 55 0
1248 0 55
1249 54 0
1250 55 0
1251 54 55
1252 55 55
1253 54 0
1254 0 2
1255 0 1
1256 2 0
1257 0 54
1258 1 0
1259 0 55
1260 55 0
1261 54 0
1262 54 55
1263 0 2
1264 0 0
1265 55 55
1266 55 0
1267 0 54
1268 0 55
1269 54 0
1270 1 0
1271 55 0
1272 54 0
1273 0 0
1274 1 0
1275 54 55
1276 0 1
1277 0 0
1278 55 55
1279 55 0
1280 54 55
1281 54 0
1282 0 1
1283 55 55
1284 0 2
1285 54 55
1286 55 0
1287 54 0
1288 0 1
1289 0 54
1290 55 0
1291 2 0
1292 0 55
1293 55 55
1294 54 55
1295 55 55
1296 0 0
1297 54 0
1298 54 55
1299 3 0
1300 0 1
1301 55 0
1302 54 0
1303 0 0
1304 0 1
1305 0 54
1306 55 55
1307 55 0
1308 0 0
1309 0 1
1310 54 55
1311 54 0
1312 0 0
1313 0 55
1314 0 54
1315 55 0
1316 2 0
1317 55 55
1318 0 1
1319 1 0
1320 2 0
1321 54 55
1322 1 0
1323 0 2
1324 55 55
1325 54 0
1326 0 0
1327 0 3
1328 0 2
1329 0 3
1330 0 55
1331 0 2
1332 0 54
1333 0 3
1334 0 2
1335 1 0
1336 0 1
1337 0 2
1338 55 0
1339 0 55
1340 0 0
1341 1 0
1342 0 1
1343 0 54
1344 54 55
1345 0 2
1346 0 1
1347 0 55
1348 2 0
1349 0 0
1350 0 1
1351 0 54
1352 0 0
1353 54 0
1354 55 0
1355 0 55
1356 0 1
1357 1 0
1358 55 55
1359 54 0
1360 0 2
1361 0 0
1362 55 0
1363 54 55
1364 54 0
1365 0 54
1366 0 55
1367 0 54
1368 1 0
1369 0 1
1370 55 55
1371 2 0
1372 55 0
1373 0 55
1374 0 0
1375 3 0
1376 54 55
1377 55 55
1378 2 0
1379 0 54
1380 54 0
1381 55 0
1382 0 55
1383 3 0
1384 0 1
1385 0 0
1386 0 1
1387 2 0
1388 0 54
1389 0 55
1390 0 54
1391 54 0
1392 0 0
1393 1 0
1394 0 0
1395 1 0
1396 0 55
1397 0 0
1398 0 54
1399 54 55
1400 0 1
1401 0 55
1402 0 0
1403 0 1
1404 55 0
1405 0 54
1406 0 0
1407 0 1
1408 0 0
1409 0 1
1410 1 0
1411 2 0
1412 0 0
1413 55 55
1414 0 55
1415 0 54
1416 0 1
1417 0 55
1418 0 0
1419 54 0
1420 0 54
1421 0 55
1422 3 0
1423 2 0
1424 0 1
1425 1 0
1426 0 54
1427 55 0
1428 0 2
1429 0 0
1430 0 55
1431 0 54
1432 54 55
1433 0 55
1434 54 0
1435 1 0
1436 0 1
1437 2 0
1438 0 54
1439 0 55
1440 55 0
1441 0 0
1442 0 54
1443 0 55
1444 0 1
1445 0 54
1446 1 0
1447 0 2
1448 0 1
1449 2 0
1450 0 55
1451 54 0
1452 55 55
1453 54 55
1454 55 0
1455 0 54
1456 54 0
1457 0 0
1458 0 1
1459 0 0
1460 55 55
1461 54 55
1462 0 1
1463 55 0
1464 54 0
1465 55 55
1466 1 0
1467 0 55
1468 0 2
1469 0 0
1470 55 0
1471 1 0
1472 0 0
1473 0 54
1474 1 0
1475 0 1
1476 0 0
1477 0 55
1478 54 55
1479 54 0
1480 0 1
1481 55 55
1482 54 55
1483 55 55
1484 55 0
1485 54 0
1486 55 0
1487 54 55
1488 54 0
1489 0 0
1490 0 54
1491 55 55
1492 0 55
1493 0 54
1494 0 1
1495 54 55
1496 0 0
1497 0 55
1498 55 0
1499 0 54
1500 54 0
1501 55 0
1502 55 55
1503 0 1
1504 0 2
1505 0 55
1506 0 1
1507 0 2
1508 0 54
1509 54 55
1510 0 55
1511 0 54
1512 0 1
1513 0 55
1514 0 0
1515 1 0
1516 2 0
1517 55 55
1518 0 54
1519 54 0
1520 0 55
1521 0 54
1522 1 0
1523 0 55
1524 55 0
1525 0 2
1526 0 54
1527 54 55
1528 54 0
1529 0 0
1530 55 0
1531 55 55
1532 0 3
1533 54 55
1534 0 2
1535 1 0
1536 54 0
1537 0 1
1538 0 55
1539 0 2
1540 55 0
1541 0 54
1542 0 0
1543 0 3
1544 54 0
1545 0 55
1546 55 55
1547 55 0
1548 0 54
1549 54 55
1550 0 2
1551 0 3
1552 0 1
1553 54 0
1554 0 55
1555 0 54
1556 55 0
1557 55 55
1558 0 0
1559 0 2
1560 0 55
1561 0 3
1562 0 2
1563 1 0
1564 0 1
1565 0 54
1566 54 55
1567 0 55
1568 54 0
1569 2 0
1570 55 55
1571 0 0
1572 0 54
1573 0 55
1574 0 54
1575 54 55
1576 0 1
1577 1 0
1578 55 55
1579 0 2
1580 54 55
1581 55 55
1582 0 0
1583 0 55
1584 55 0
1585 54 55
1586 54 0
1587 55 55
1588 55 0
1589 1 0
1590 54 0
1591 55 0
1592 0 54
1593 54 0
1594 54 55
1595 55 0
1596 0 55
1597 0 0
1598 0 3
1599 0 1
1600 0 4
1601 54 0
1602 0 54
1603 55 55
1604 0 0
1605 0 55
1606 0 54
1607 0 55
1608 55 0
1609 0 1
1610 0 54
1611 54 0
1612 0 3
1613 54 55
1614 55 0
1615 0 4
1616 0 55
1617 0 3
1618 0 0
1619 55 55
1620 54 55
1621 0 54
1622 55 55
1623 0 1
1624 0 55
1625 0 4
1626 0 0
1627 0 3
1628 54 0
1629 54 55
1630 0 1
1631 0 54
1632 0 4
1633 0 55
1634 55 0
1635 55 55
1636 54 55
1637 55 55
1638 54 0
1639 0 0
1640 0 1
1641 0 3
1642 54 55
1643 0 0
1644 0 1
1645 55 55
1646 0 4
1647 55 0
1648 0 54
1649 0 0
1650 54 0
1651 0 1
1652 0 55
1653 0 54
1654 0 55
1655 0 0
1656 54 55
1657 0 54
1658 55 0
1659 0 1
1660 0 0
1661 0 55
1662 55 55
1663 0 1
1664 0 3
1665 0 4
1666 0 0
1667 0 3
1668 0 2
1669 0 3
1670 0 54
1671 54 0
1672 0 2
1673 55 0
1674 1 0
1675 0 0
1676 54 55
1677 55 55
1678 54 0
1679 54 55
1680 1 0
1681 0 0
1682 55 55
1683 0 3
1684 54 55
1685 0 1
1686 0 4
1687 0 3
1688 55 0
1689 0 55
1690 0 0
1691 0 2
1692 1 0
1693 0 1
1694 54 0
1695 55 0
1696 0 2
1697 55 55
1698 54 0
1699 55 0
1700 54 55
1701 0 54
1702 0 55
1703 55 55
1704 0 1
1705 2 0
1706 1 0
1707 2 0
1708 0 0
1709 54 55
1710 3 0
1711 0 1
1712 0 54
1713 55 55
1714 54 0
1715 0 55
1716 0 0
1717 2 0
1718 55 0
1719 0 54
1720 54 0
1721 54 55
1722 55 55
1723 1 0
1724 54 55
1725 55 0
1726 2 0
1727 3 0
1728 0 55
1729 54 0
1730 55 55
1731 0 54
1732 54 55
1733 2 0
1734 55 55
1735 0 55
1736 0 54
1737 0 1
1738 1 0
1739 54 55
1740 2 0
1741 55 0
1742 54 0
1743 0 55
1744 0 0
1745 55 55
1746 54 55
1747 3 0
1748 0 1
1749 0 54
1750 55 55
1751 0 0
1752 54 55
1753 55 0
1754 2 0
1755 3 0
1756 2 0
1757 0 1
1758 1 0
1759 0 55
1760 2 0
1761 55 55
1762 1 0
1763 54 55
1764 2 0
1765 54 0
1766 55 55
1767 0 0
1768 54 55
1769 0 54
1770 55 55
1771 0 1
1772 0 0
1773 0 55
1774 55 0
1775 0 54
1776 3 0
1777 54 55
1778 54 0
1779 55 0
1780 55 55
1781 0 1
1782 2 0
1783 54 0
1784 0 55
1785 55 0
1786 54 55
1787 54 0
1788 0 54
1789 0 55
1790 0 0
1791 0 1
1792 55 0
1793 1 0
1794 0 2
1795 54 0
1796 0 1
1797 55 0
1798 55 55
1799 2 0
1800 0 54
1801 1 0
1802 0 55
1803 2 0
1804 54 55
1805 0 0
1806 55 55
1807 0 54
1808 54 55
1809 55 55
1810 3 0
1811 2 0
1812 0 55
1813 0 54
1814 54 55
1815 55 55
1816 3 0
1817 0 55
1818 2 0
1819 0 54
1820 0 1
1821 54 0
1822 1 0
1823 54 55
1824 55 55
1825 55 0
1826 54 55
1827 55 55
1828 54 0
1829 54 55
1830 55 0
1831 54 0
1832 2 0
1833 55 55
1834 55 0
1835 1 0
1836 54 0
1837 54 55
1838 0 55
1839 2 0
1840 0 0
1841 55 0
1842 54 0
1843 55 55
1844 55 0
1845 54 0
1846 54 55
1847 3 0
1848 0 54
1849 55 0
1850 54 0
1851 55 55
1852 0 55
1853 0 1
1854 55 0
1855 54 55
1856 2 0
1857 55 55
1858 54 0
1859 1 0
1860 0 0
1861 0 1
1862 55 0
1863 0 2
1864 0 1
1865 0 54
1866 0 2
1867 0 1
1868 0 55
1869 0 2
1870 0 1
1871 0 2
1872 0 0
1873 54 55
1874 55 55
1875 54 55
1876 0 54
1877 55 55
1878 0 3
1879 54 0
1880 54 55
1881 0 2
1882 55 0
1883 0 3
1884 0 55
1885 0 1
1886 54 0
1887 55 55
1888 55 0
1889 54 0
1890 0 0
1891 0 54
1892 55 0
1893 54 0
1894 0 2
1895 0 55
1896 0 3
1897 0 1
1898 55 0
1899 0 4
1900 0 54
1901 0 3
1902 0 0
1903 54 55
1904 54 0
1905 0 55
1906 0 54
1907 0 2
1908 55 0
1909 0 1
1910 0 55
1911 55 55
1912 54 0
1913 54 55
1914 55 0
1915 55 55
1916 0 54
1917 0 55
1918 54 55
1919 0 0
1920 0 54
1921 0 3
1922 0 1
1923 0 4
1924 0 3
1925 54 0
1926 55 55
1927 0 0
1928 0 1
1929 55 0
1930 54 55
1931 0 0
1932 54 0
1933 0 1
1934 0 55
1935 0 54
1936 55 0
1937 54 0
1938 0 4
1939 55 55
1940 0 0
1941 0 1
1942 0 55
1943 0 0
1944 55 0
1945 0 1
1946 0 3
1947 54 55
1948 55 55
1949 54 55
1950 54 0
1951 0 0
1952 55 55
1953 55 0
1954 0 2
1955 0 54
1956 54 55
1957 0 55
1958 0 3
1959 0 2
1960 0 3
1961 0 1
1962 0 4
1963 54 0
1964 0 3
1965 0 54
1966 0 55
1967 55 55
1968 55 0
1969 0 0
1970 54 55
1971 0 1
1972 0 0
1973 55 55
1974 0 1
1975 54 0
1976 55 0
1977 54 0
1978 0 4
1979 55 0
1980 0 3
1981 0 0
1982 54 55
1983 55 55
1984 0 2
1985 0 3
1986 0 1
1987 54 55
1988 0 0
1989 0 54
1990 0 1
1991 54 0
1992 0 4
1993 55 0
1994 54 0
1995 0 3
1996 55 55
1997 0 55
1998 0 0
1999 0 54
2000 54 55
2001 55 0
2002 0 1
2003 0 55
2004 0 4
2005 0 3
2006 54 0
2007 55 55
2008 55 0
2009 0 4
2010 0 3
2011 0 0
2012 54 0
2013 55 0
2014 54 55
2015 0 54
2016 0 1
2017 54 0
2018 0 0
2019 55 55
2020 54 55
2021 55 55
2022 0 1
2023 0 4
2024 55 0
2025 54 0
2026 54 55
2027 55 55
2028 55 0
2029 0 0
2030 0 3
2031 54 55
2032 0 2
2033 55 55
2034 1 0
2035 0 0
2036 0 55
2037 1 0
2038 0 54
2039 0 55
2040 0 1
2041 2 0
2042 54 0
2043 55 0
2044 0 54
2045 0 0
2046 0 1
2047 54 55
2048 54 0
2049 0 0
2050 55 0
2051 0 1
2052 0 0
2053 0 55
2054 55 55
2055 0 1
2056 1 0
2057 0 2
2058 0 54
2059 0 55
2060 0 1
2061 2 0
2062 0 54
2063 0 55
2064 0 0
2065 54 0
2066 55 0
2067 0 1
2068 54 0
2069 55 0
2070 54 0
2071 54 55
2072 1 0
2073 55 0
2074 2 0
2075 0 54
2076 1 0
2077 55 55
2078 54 0
2079 0 55
2080 0 54
2081 0 55
2082 55 0
2083 54 0
2084 0 2
2085 0 1
2086 54 55
2087 0 2
2088 0 0
2089 0 3
2090 55 0
2091 55 55
2092 54 0
2093 0 2
2094 1 0
2095 55 0
2096 54 0
2097 55 0
2098 0 0
2099 0 54
2100 0 3
2101 0 2
2102 1 0
2103 0 1
2104 2 0
2105 54 55
2106 0 0
2107 0 1
2108 1 0
2109 0 2
2110 54 0
2111 0 1
2112 55 55
2113 54 55
2114 55 55
2115 0 2
2116 55 0
2117 0 1
2118 0 55
2119 2 0
2120 1 0
2121 2 0
2122 1 0
2123 0 54
2124 0 2
2125 54 55
2126 0 55
2127 55 55
2128 0 1
2129 0 2
2130 0 0
2131 54 55
2132 55 55
2133 0 3
2134 0 2
2135 54 55
2136 0 54
2137 1 0
2138 55 55
2139 0 1
2140 54 0
2141 0 55
2142 54 55
2143 0 54
2144 0 55
2145 55 55
2146 0 2
2147 0 0
2148 54 55
2149 1 0
2150 55 55
2151 0 54
2152 0 1
2153 54 55
2154 55 55
2155 2 0
2156 0 0
2157 55 0
2158 54 55
2159 0 55
2160 3 0
2161 2 0
2162 0 54
2163 54 0
2164 3 0
2165 2 0
2166 55 55
2167 3 0
2168 0 1
2169 54 55
2170 0 55
2171 55 55
2172 0 0
2173 0 54
2174 2 0
2175 54 55
2176 0 1
2177 0 0
2178 0 55
2179 0 54
2180 55 0
2181 0 1
2182 1 0
2183 54 0
2184 55 0
2185 0 2
2186 55 55
2187 0 1
2188 2 0
2189 1 0
2190 0 2
2191 54 55
2192 0 0
2193 55 55
2194 54 55
2195 55 55
2196 54 55
2197 0 55
2198 0 54
2199 55 55
2200 0 3
2201 0 1
2202 54 0
2203 55 0
2204 0 0
2205 54 55
2206 55 55
2207 0 2
2208 0 3
2209 54 55
2210 0 55
2211 0 2
2212 54 0
2213 1 0
2214 55 0
2215 0 54
2216 55 55
2217 54 55
2218 0 1
2219 2 0
2220 54 0
2221 1 0
2222 0 2
2223 0 0
2224 55 0
2225 55 55
2226 0 3
2227 0 55
2228 0 54
2229 54 0
2230 0 1
2231 54 55
2232 0 0
2233 0 2
2234 1 0
2235 0 55
2236 0 54
2237 0 55
2238 0 0
2239 1 0
2240 55 0
2241 55 55
2242 0 0
2243 1 0
2244 0 1
2245 54 0
2246 54 55
2247 0 2
2248 0 1
2249 2 0
2250 0 0
2251 3 0
2252 0 54
2253 0 1
2254 0 0
2255 2 0
2256 3 0
2257 0 1
2258 2 0
2259 1 0
2260 55 0
2261 55 55
2262 54 0
2263 0 2
2264 0 0
2265 55 0
2266 0 3
2267 0 2
2268 0 3
2269 0 55
2270 0 2
2271 54 55
2272 0 54
2273 1 0
2274 0 55
2275 54 0
2276 0 0
2277 55 55
2278 1 0
2279 0 1
2280 2 0
2281 0 54
2282 0 55
2283 0 54
2284 0 55
2285 55 0
2286 54 0
2287 54 55
2288 55 55
2289 0 0
2290 1 0
2291 54 55
2292 55 55
2293 0 54
2294 54 55
2295 55 55
2296 0 55
2297 55 0
2298 2 0
2299 3 0
2300 54 0
2301 55 0
2302 54 55
2303 2 0
2304 0 1
2305 55 55
2306 0 0
2307 54 0
2308 0 1
2309 1 0
2310 55 0
2311 0 0
2312 0 1
2313 54 55
2314 54 0
2315 55 0
2316 0 54
2317 54 0
2318 55 0
2319 54 0
2320 55 55
2321 54 55
2322 55 55
2323 0 2
2324 0 0
2325 0 55
2326 0 54
2327 55 0
2328 0 3
2329 0 1
2330 0 0
2331 54 0
2332 0 2
2333 1 0
2334 0 1
2335 0 55
2336 0 2
2337 55 0
2338 0 1
2339 54 0
2340 54 55
2341 55 0
2342 2 0
2343 54 0
2344 0 54
2345 0 55
2346 0 54
2347 0 0
2348 55 0
2349 3 0
2350 0 55
2351 0 1
2352 0 54
2353 0 0
2354 55 55
2355 2 0
2356 0 1
2357 54 55
2358 55 55
2359 0 55
2360 1 0
2361 0 54
2362 0 2
2363 0 1
2364 2 0
2365 0 0
2366 54 0
2367 0 55
2368 54 55
2369 55 55
2370 1 0
2371 55 0
2372 0 54
2373 0 55
2374 0 54
2375 54 55
2376 0 55
2377 0 54
2378 54 0
2379 0 55
2380 2 0
2381 0 1
2382 0 0
2383 3 0
2384 2 0
2385 55 55
2386 0 54
2387 54 55
2388 55 55
2389 0 55
2390 0 1
2391 55 0
2392 54 0
2393 55 0
2394 54 0
2395 54 55
2396 0 0
2397 55 55
2398 55 0
2399 3 0
2400 0 54
2401 54 0
2402 0 1
2403 0 0
2404 54 55
2405 2 0
2406 0 55
2407 0 54
2408 3 0
2409 55 0
2410 0 1
2411 0 0
2412 2 0
2413 55 55
2414 54 55
2415 3 0
2416 54 0
2417 2 0
2418 0 55
2419 0 54
2420 55 55
2421 3 0
2422 0 55
2423 0 1
2424 0 54
2425 0 0
2426 0 1
2427 2 0
2428 0 55
2429 55 0
2430 54 55
2431 55 55
2432 54 0
2433 55 0
2434 54 55
2435 55 55
2436 54 55
2437 55 55
2438 54 0
2439 0 0
2440 3 0
2441 0 54
2442 55 0
2443 0 1
2444 0 0
2445 0 1
2446 2 0
2447 0 0
2448 0 55
2449 3 0
2450 54 0
2451 55 0
2452 54 0
2453 0 54
2454 0 55
2455 2 0
2456 0 54
2457 0 55
2458 3 0
2459 0 1
2460 0 54
2461 2 0
2462 54 55
2463 55 55
2464 0 55
2465 55 0
2466 0 54
2467 0 0
2468 3 0
2469 54 0
2470 55 0
2471 0 1
2472 0 0
2473 0 55
2474 54 55
2475 2 0
2476 55 55
2477 1 0
2478 0 0
2479 1 0
2480 0 0
2481 0 54
2482 54 55
2483 0 55
2484 0 1
2485 0 0
2486 0 1
2487 0 0
2488 55 55
2489 54 0
2490 0 54
2491 0 55
2492 3 0
2493 0 1
2494 2 0
2495 55 0
2496 0 54
2497 1 0
2498 2 0
2499 0 0
2500 3 0
2501 0 1
2502 0 0
2503 54 55
2504 55 55
2505 54 55
2506 54 0
2507 55 0
2508 55 55
2509 54 55
2510 55 55
2511 0 1
2512 54 0
2513 2 0
2514 54 55
2515 55 55
2516 55 0
2517 0 0
2518 3 0
2519 0 55
2520 54 0
2521 0 1
2522 2 0
2523 1 0
2524 55 0
2525 0 54
2526 0 2
2527 0 55
2528 54 0
2529 0 54
2530 55 0
2531 54 0
2532 54 55
2533 55 55
2534 0 55
2535 0 0
2536 0 3
2537 55 0
2538 0 54
2539 0 2
2540 0 55
2541 54 55
2542 54 0
2543 55 0
2544 0 54
2545 1 0
2546 54 0
2547 55 0
2548 0 0
2549 0 55
2550 0 3
2551 0 1
2552 0 4
2553 55 55
2554 0 0
2555 0 54
2556 0 3
2557 0 2
2558 0 3
2559 0 1
2560 54 55
2561 0 55
2562 0 54
2563 55 55
2564 54 0
2565 54 55
2566 55 0
2567 55 55
2568 54 0
2569 0 55
2570 0 0
2571 0 1
2572 0 4
2573 0 3
2574 0 4
2575 54 55
2576 55 0
2577 0 3
2578 54 0
2579 0 54
2580 0 0
2581 55 0
2582 55 55
2583 54 0
2584 0 1
2585 0 4
2586 54 55
2587 0 55
2588 0 0
2589 0 1
2590 0 3
2591 0 54
2592 55 55
2593 54 55
2594 0 4
2595 55 0
2596 54 0
2597 0 3
2598 0 4
2599 0 3
2600 55 0
2601 0 4
2602 54 0
2603 0 3
2604 0 0
2605 55 0
2606 0 2
2607 0 3
2608 0 1
2609 54 0
2610 55 55
2611 0 55
2612 55 0
2613 0 0
2614 0 2
2615 0 54
2616 54 55
2617 0 3
2618 0 2
2619 0 3
2620 0 2
2621 1 0
2622 0 1
2623 0 2
2624 54 0
2625 55 55
2626 0 1
2627 2 0
2628 0 0
2629 3 0
2630 0 55
2631 0 1
2632 0 54
2633 54 55
2634 2 0
2635 1 0
2636 0 2
2637 0 0
2638 0 55
2639 55 55
2640 55 0
2641 0 3
2642 54 55
2643 55 55
2644 54 0
2645 55 0
2646 0 2
2647 54 0
2648 1 0
2649 54 55
2650 55 55
2651 0 0
2652 1 0
2653 0 1
2654 0 54
2655 54 55
2656 0 55
2657 0 2
2658 55 0
2659 0 1
2660 54 0
2661 2 0
2662 0 0
2663 55 0
2664 0 1
2665 55 55
2666 1 0
2667 54 0
2668 54 55
2669 55 0
2670 55 55
2671 0 2
2672 54 55
2673 54 0
2674 0 1
2675 55 55
2676 2 0
2677 1 0
2678 55 0
2679 2 0
2680 54 0
2681 1 0
2682 55 0
2683 2 0
2684 0 0
2685 54 55
2686 0 1
2687 54 0
2688 1 0
2689 55 0
2690 54 0
2691 55 55
2692 55 0
2693 0 54
2694 0 55
2695 54 55
2696 54 0
2697 55 0
2698 2 0
2699 55 55
2700 0 0
2701 3 0
2702 0 1
2703 54 55
2704 2 0
2705 0 0
2706 54 0
2707 0 1
2708 0 54
2709 55 0
2710 1 0
2711 0 2
2712 0 1
2713 0 2
2714 55 55
2715 54 0
2716 0 0
2717 1 0
2718 0 55
2719 54 55
2720 55 55
2721 55 0
2722 54 0
2723 54 55
2724 0 54
2725 0 1
2726 0 55
2727 55 0
2728 0 0
2729 55 55
2730 54 55
2731 54 0
2732 0 1
2733 0 54
2734 55 0
2735 0 55
2736 55 55
2737 54 55
2738 0 2
2739 55 55
2740 0 54
2741 0 55
2742 0 1
2743 54 55
2744 2 0
2745 0 0
2746 55 55
2747 54 55
2748 3 0
2749 0 1
2750 54 0
2751 2 0
2752 55 55
2753 1 0
2754 2 0
2755 1 0
2756 54 55
2757 0 54
2758 0 55
2759 55 55
2760 54 55
2761 0 2
2762 55 0
2763 0 1
2764 2 0
2765 1 0
2766 2 0
2767 55 55
2768 0 54
2769 54 55
2770 1 0
2771 54 0
2772 0 55
2773 2 0
2774 0 0
2775 55 0
2776 54 0
2777 3 0
2778 2 0
2779 0 1
2780 55 0
2781 54 0
2782 1 0
2783 55 55
2784 0 54
2785 0 55
2786 0 54
2787 55 0
2788 2 0
2789 1 0
2790 54 55
2791 2 0
2792 54 0
2793 1 0
2794 55 55
2795 2 0
2796 0 55
2797 0 0
2798 54 55
2799 3 0
2800 0 1
2801 0 0
2802 2 0
2803 55 55
2804 0 54
2805 3 0
2806 0 1
2807 55 0
2808 0 0
2809 0 55
2810 0 1
2811 0 54
2812 0 0
2813 54 0
2814 0 55
2815 0 54
2816 0 55
2817 55 0
2818 2 0
2819 0 54
2820 54 0
2821 0 1
2822 54 55
2823 0 55
2824 55 0
2825 1 0
2826 2 0
2827 1 0
2828 0 54
2829 55 55
2830 0 2
2831 54 55
2832 54 0
2833 0 1
2834 2 0
2835 55 55
2836 0 0
2837 0 55
2838 0 54
2839 0 1
2840 0 55
2841 54 55
2842 0 54
2843 55 55
2844 54 55
2845 0 0
2846 0 55
2847 0 1
2848 1 0
2849 0 2
2850 0 0
2851 1 0
2852 55 55
2853 54 55
2854 0 1
2855 55 55
2856 2 0
2857 1 0
2858 0 2
2859 55 0
2860 54 0
2861 55 0
2862 0 54
2863 54 55
2864 0 0
2865 1 0
2866 55 55
2867 0 1
2868 54 55
2869 54 0
2870 55 55
2871 0 55
2872 54 55
2873 55 0
2874 2 0
2875 54 0
2876 1 0
2877 0 2
2878 0 54
2879 0 1
2880 2 0
2881 55 0
2882 0 0
2883 55 55
2884 0 55
2885 0 54
2886 3 0
2887 54 0
2888 54 55
2889 0 1
2890 0 55
2891 55 55
2892 55 0
2893 54 0
2894 55 0
2895 54 55
2896 0 0
2897 54 0
2898 0 54
2899 55 0
2900 54 0
2901 0 1
2902 55 0
2903 54 0
2904 2 0
2905 0 55
2906 55 0
2907 1 0
2908 54 0
2909 0 54
2910 55 0
2911 54 0
2912 0 2
2913 0 1
2914 0 0
2915 55 0
2916 55 55
2917 54 55
2918 55 55
2919 54 0
2920 55 0
2921 0 55
2922 0 54
2923 1 0
2924 54 0
2925 2 0
2926 1 0
2927 54 55
2928 0 2
2929 0 55
2930 55 0
2931 0 1
2932 2 0
2933 0 0
2934 54 0
2935 0 1
2936 55 55
2937 55 0
2938 54 0
2939 54 55
2940 0 0
2941 0 1
2942 55 0
2943 54 0
2944 55 55
2945 1 0
2946 54 55
2947 0 2
2948 0 1
2949 55 0
2950 0 54
2951 54 0
2952 0 55
2953 55 0
2954 54 0
2955 0 2
2956 55 55
2957 0 0
2958 1 0
2959 55 0
2960 54 0
2961 0 54
2962 0 1
2963 55 0
2964 54 0
2965 0 55
2966 0 54
2967 2 0
2968 55 0
2969 1 0
2970 0 2
2971 54 0
2972 0 1
2973 2 0
2974 55 0
2975 0 0
2976 54 55
2977 0 1
2978 0 0
2979 3 0
2980 54 0
2981 0 55
2982 55 55
2983 0 1
2984 0 54
2985 55 0
2986 0 55
2987 2 0
2988 1 0
2989 2 0
2990 1 0
2991 54 55
2992 54 0
2993 55 0
2994 54 0
2995 0 2
2996 55 55
2997 0 0
2998 0 3
2999 54 55
3000 0 1
3001 55 55
3002 0 54
3003 55 0
3004 0 4
3005 0 0
3006 0 55
3007 54 55
3008 0 54
3009 0 1
3010 55 55
3011 0 0
3012 0 55
3013 54 0
3014 55 0
3015 0 3
3016 0 54
3017 54 55
3018 0 2
3019 55 55
3020 54 55
3021 1 0
3022 0 1
3023 55 55
3024 54 0
3025 2 0
3026 0 0
3027 55 0
3028 54 0
3029 0 1
3030 0 0
3031 3 0
3032 54 55
3033 55 0
3034 0 55
3035 2 0
3036 0 1
3037 0 0
3038 54 0
3039 0 54
3040 3 0
3041 55 55
3042 0 1
3043 54 55
3044 0 0
3045 0 1
3046 55 55
3047 0 0
3048 0 55
3049 2 0
3050 0 1
3051 0 54
3052 0 55
3053 1 0
3054 2 0
3055 54 55
3056 0 0
3057 55 55
3058 3 0
3059 55 0
3060 0 1
3061 54 55
3062 54 0
3063 2 0
3064 0 54
3065 1 0
3066 55 0
3067 54 0
3068 0 55
3069 55 0
3070 0 2
3071 54 0
3072 0 54
3073 55 0
3074 0 0
3075 55 55
3076 0 3
3077 0 55
3078 0 2
3079 0 3
3080 0 54
3081 0 1
3082 0 0
3083 0 2
3084 54 55
3085 54 0
3086 55 0
3087 1 0
3088 54 0
3089 0 0
3090 55 55
3091 55 0
3092 0 3
3093 0 1
3094 0 0
3095 0 55
3096 0 1
3097 54 0
3098 0 4
3099 54 55
3100 0 54
3101 0 3
3102 55 55
3103 55 0
3104 54 0
3105 54 55
3106 0 55
3107 0 4
3108 0 0
3109 0 1
3110 0 54
3111 0 0
3112 0 1
3113 55 55
3114 55 0
3115 0 3
3116 54 55
3117 55 55
3118 0 55
3119 0 4
3120 0 3
3121 54 0
3122 0 54
3123 55 0
3124 54 55
3125 54 0
3126 0 0
3127 0 55
3128 0 2
3129 1 0
3130 0 54
3131 0 55
3132 0 1
3133 2 0
3134 0 0
3135 3 0
3136 55 55
3137 0 54
3138 0 1
3139 0 0
3140 55 0
3141 2 0
3142 54 0
3143 0 1
3144 0 0
3145 0 1
3146 54 55
3147 1 0
3148 55 0
3149 0 55
3150 55 55
3151 54 0
3152 0 54
3153 54 55
3154 0 2
3155 0 55
3156 0 54
3157 55 55
3158 0 55
3159 0 0
3160 54 55
3161 1 0
3162 0 1
3163 55 55
3164 0 0
3165 55 0
3166 0 54
3167 0 1
3168 0 55
3169 0 2
3170 54 55
3171 54 0
3172 0 1
3173 55 55
3174 0 54
3175 54 55
3176 2 0
3177 55 0
3178 0 0
3179 54 0
3180 0 1
3181 55 0
3182 0 55
3183 1 0
3184 0 54
3185 54 0
3186 55 55
3187 0 55
3188 2 0
3189 0 54
3190 0 0
3191 0 55
3192 0 54
3193 3 0
3194 0 55
3195 55 0
3196 54 0
3197 2 0
3198 55 0
3199 0 1
3200 54 55
3201 55 55
3202 0 54
3203 54 55
3204 54 0
3205 55 55
3206 0 0
3207 3 0
3208 0 1
3209 0 55
3210 2 0
3211 54 55
3212 1 0
3213 55 0
3214 54 0
3215 0 54
3216 55 0
3217 54 0
3218 0 55
3219 0 2
3220 0 1
3221 0 54
3222 55 0
3223 55 55
3224 0 55
3225 2 0
3226 0 54
3227 0 0
3228 0 55
3229 54 0
3230 0 1
3231 0 54
3232 1 0
3233 0 2
3234 54 55
3235 55 0
3236 0 55
3237 55 55
3238 54 0
3239 54 55
3240 0 0
3241 55 55
3242 55 0
3243 1 0
3244 0 54
3245 0 55
3246 54 0
3247 0 54
3248 55 0
3249 0 55
3250 0 0
3251 1 0
3252 0 1
3253 0 54
3254 2 0
3255 0 0
3256 54 0
3257 55 0
3258 54 0
3259 54 55
3260 55 0
3261 54 0
3262 0 55
3263 3 0
3264 0 1
3265 0 54
3266 55 55
3267 0 0
3268 55 0
3269 54 0
3270 0 1
3271 0 0
3272 2 0
3273 55 0
3274 3 0
3275 54 0
3276 0 1
3277 0 55
3278 0 54
3279 0 0
3280 54 55
3281 0 55
3282 2 0
3283 55 55
3284 54 55
3285 3 0
3286 55 0
3287 2 0
3288 3 0
3289 54 0
3290 2 0
3291 55 55
3292 0 54
3293 54 55
3294 0 1
3295 55 55
3296 54 55
3297 1 0
3298 0 2
3299 0 1
3300 0 2
3301 0 1
3302 55 0
3303 54 0
3304 2 0
3305 55 0
3306 55 55
3307 54 55
3308 0 0
3309 0 55
3310 0 1
3311 54 0
3312 55 0
3313 55 55
3314 1 0
3315 0 2
3316 54 55
3317 0 0
3318 0 1
3319 0 0
3320 55 55
3321 54 55
3322 0 54
3323 54 0
3324 55 55
3325 55 0
3326 54 55
3327 55 55
3328 1 0
3329 0 0
3330 0 55
3331 0 54
3332 54 55
3333 54 0
3334 0 1
3335 0 2
3336 55 55
3337 0 1
3338 55 0
3339 54 55
3340 0 55
3341 0 54
3342 0 2
3343 0 3
3344 0 2
3345 54 0
3346 55 0
3347 55 55
3348 1 0
3349 0 0
3350 0 3
3351 0 1
3352 54 55
3353 0 55
3354 55 55
3355 0 4
3356 0 54
3357 0 55
3358 0 54
3359 0 0
3360 54 0
3361 0 3
3362 0 2
3363 54 55
3364 55 0
3365 0 3
3366 54 0
3367 55 0
3368 55 55
3369 0 55
3370 0 2
3371 54 0
3372 1 0
3373 54 55
3374 55 55
3375 0 1
3376 54 55
3377 55 0
3378 54 0
3379 55 0
3380 0 2
3381 0 0
3382 55 55
3383 0 3
3384 54 0
3385 0 2
3386 54 55
3387 55 55
3388 0 54
3389 0 3
3390 0 1
3391 54 55
3392 0 55
3393 55 0
3394 55 55
3395 0 54
3396 0 55
3397 0 54
3398 54 55
3399 55 55
3400 0 55
3401 0 54
3402 54 0
3403 55 0
3404 0 55
3405 0 54
3406 54 55
3407 55 55
3408 0 4
3409 0 3
3410 54 55
3411 0 55
3412 0 0
3413 0 2
3414 54 0
3415 0 54
3416 55 0
3417 0 3
3418 0 2
3419 1 0
3420 0 55
3421 54 0
3422 0 54
3423 55 0
3424 55 55
3425 0 1
3426 0 2
3427 54 0
3428 54 55
3429 0 0
3430 0 3
3431 0 55
3432 0 1
3433 55 0
3434 0 4
3435 0 54
3436 0 55
3437 0 3
3438 54 0
3439 0 0
3440 55 55
3441 0 54
3442 55 0
3443 0 55
3444 0 1
3445 54 0
3446 55 0
3447 0 0
3448 0 1
3449 0 54
3450 0 0
3451 54 0
3452 0 1
3453 55 0
3454 54 55
3455 0 0
3456 54 0
3457 0 55
3458 0 1
3459 55 0
3460 54 0
3461 0 0
3462 55 0
3463 0 54
3464 55 55
3465 54 0
3466 0 55
3467 0 2
3468 0 54
3469 0 3
3470 54 55
3471 0 2
3472 55 55
3473 55 0
3474 54 55
3475 1 0
3476 54 0
3477 0 0
3478 55 0
3479 0 55
3480 54 0
3481 0 3
3482 0 54
3483 0 55
3484 0 2
3485 1 0
3486 0 54
3487 55 55
3488 0 55
3489 0 54
3490 0 0
3491 55 0
3492 54 0
3493 1 0
3494 55 0
3495 0 1
3496 0 2
3497 54 0
3498 0 55
3499 54 55
3500 55 55
3501 0 1
3502 0 2
3503 0 0
3504 55 0
3505 54 0
3506 1 0
3507 0 1
3508 0 54
3509 0 55
3510 0 2
3511 0 54
3512 55 0
3513 0 55
3514 0 54
3515 0 1
3516 54 0
3517 2 0
3518 0 55
3519 0 0
3520 0 54
3521 54 55
3522 3 0
3523 55 55
3524 0 1
3525 2 0
3526 0 55
3527 0 54
3528 0 0
3529 55 0
3530 0 1
3531 0 0
3532 0 55
3533 0 54
3534 54 55
3535 0 55
3536 3 0
3537 54 0
3538 55 55
3539 0 1
3540 55 0
3541 54 0
3542 55 0
3543 0 0
3544 0 1
3545 54 0
3546 0 54
3547 2 0
3548 0 0
3549 54 55
3550 0 1
3551 1 0
3552 55 0
3553 2 0
3554 0 55
3555 1 0
3556 2 0
3557 1 0
3558 0 2
3559 0 0
3560 0 3
3561 0 54
3562 55 55
3563 54 0
3564 0 2
3565 55 0
3566 1 0
3567 0 0
3568 54 55
3569 0 55
3570 54 0
3571 0 54
3572 0 3
3573 0 55
3574 55 0
3575 0 54
3576 0 55
3577 0 1
3578 0 2
3579 54 0
3580 55 55
3581 54 55
3582 55 55
3583 0 3
3584 0 54
3585 54 55
3586 55 0
3587 55 55
3588 54 55
3589 0 2
3590 55 55
3591 54 0
3592 55 0
3593 54 0
3594 0 55
3595 55 0
3596 54 55
3597 0 54
3598 0 3
3599 54 0
3600 55 0
3601 54 0
3602 55 0
3603 0 2
3604 0 3
3605 54 0
3606 55 55
3607 55 0
3608 0 55
3609 0 54
3610 0 55
3611 0 4
3612 54 55
3613 54 0
3614 55 0
3615 55 55
3616 0 0
3617 54 0
3618 55 0
3619 0 3
3620 0 54
3621 54 55
3622 0 1
3623 0 2
3624 0 3
3625 0 55
3626 0 54
3627 54 0
3628 0 4
3629 55 0
3630 54 0
3631 55 0
3632 54 0
3633 0 55
3634 55 55
3635 0 3
3636 0 0
3637 54 55
3638 0 54
3639 55 0
3640 55 55
3641 0 1
3642 54 55
3643 54 0
3644 0 55
3645 0 4
3646 0 0
3647 55 0
3648 0 3
3649 0 54
3650 55 55
3651 54 0
3652 0 2
3653 0 3
3654 55 0
3655 0 1
3656 54 55
3657 0 4
3658 55 55
3659 0 0
3660 0 1
3661 0 0
3662 54 55
3663 54 0
3664 0 3
3665 0 2
3666 55 55
3667 1 0
3668 54 55
3669 55 55
3670 54 55
3671 0 1
3672 0 55
3673 55 55
3674 0 54
3675 0 55
3676 0 2
3677 0 54
3678 54 55
3679 55 55
3680 0 0
3681 0 55
3682 0 1
3683 55 0
3684 0 54
3685 54 55
3686 0 2
3687 0 55
3688 0 54
3689 0 55
3690 0 3
3691 0 2
3692 54 0
3693 55 55
3694 1 0
3695 0 1
3696 0 2
3697 0 1
3698 54 55
3699 0 54
3700 2 0
3701 0 0
3702 3 0
3703 55 55
3704 55 0
3705 0 1
3706 54 0
3707 55 0
3708 54 55
3709 0 0
3710 2 0
3711 0 55
3712 3 0
3713 2 0
3714 55 55
3715 0 1
3716 1 0
3717 0 54
3718 54 0
3719 55 0
3720 54 55
3721 0 55
3722 0 2
3723 0 1
3724 54 0
3725 0 2
3726 55 55
3727 0 54
3728 0 0
3729 55 0
3730 1 0
3731 0 1
3732 0 2
3733 54 55
3734 0 55
3735 0 54
3736 0 0
3737 55 55
3738 54 0
3739 54 55
3740 1 0
3741 55 0
3742 0 1
3743 55 55
3744 0 2
3745 54 55
3746 54 0
3747 0 55
3748 55 55
3749 55 0
3750 0 1
3751 0 54
3752 2 0
3753 1 0
3754 2 0
3755 0 0
3756 0 1
3757 54 55
3758 0 55
3759 55 55
3760 54 55
3761 0 54
3762 0 0
3763 55 55
3764 0 1
3765 0 0
3766 3 0
3767 54 0
3768 2 0
3769 54 55
3770 55 55
3771 0 1
3772 1 0
3773 54 55
3774 55 0
3775 0 2
3776 0 1
3777 0 2
3778 54 0
3779 0 55
3780 55 0
3781 0 0
3782 0 54
3783 1 0
3784 0 55
3785 55 55
3786 0 0
3787 0 54
3788 1 0
3789 0 1
3790 0 2
3791 0 0
3792 0 3
3793 54 0
3794 0 1
3795 54 55
3796 55 0
3797 54 0
3798 0 4
3799 55 55
3800 0 3
3801 0 4
3802 0 3
3803 0 55
3804 0 0
3805 54 55
3806 55 55
3807 55 0
3808 54 0
3809 0 1
3810 0 2
3811 0 3
3812 55 0
3813 0 4
3814 0 3
3815 0 4
3816 54 0
3817 0 54
3818 0 55
3819 55 0
3820 0 3
3821 0 4
3822 54 55
3823 0 0
3824 0 1
3825 0 54
3826 54 0
3827 0 55
3828 0 54
3829 0 0
3830 0 55
3831 0 1
3832 0 54
3833 55 0
3834 54 0
3835 55 55
3836 0 3
3837 0 0
3838 55 0
3839 0 55
3840 0 54
3841 54 0
3842 0 55
3843 0 2
3844 1 0
3845 0 54
3846 0 1
3847 2 0
3848 0 55
3849 0 0
3850 54 55
3851 3 0
3852 0 54
3853 0 55
3854 2 0
3855 0 54
3856 55 0
3857 0 1
3858 55 55
3859 54 55
3860 0 55
3861 54 0
3862 55 55
3863 54 55
3864 55 0
3865 1 0
3866 0 54
3867 54 0
3868 0 2
3869 55 0
3870 55 55
3871 54 55
3872 0 0
3873 0 3
3874 0 1
3875 54 0
3876 0 0
3877 55 0
3878 0 2
3879 0 55
3880 0 3
3881 54 0
3882 55 0
3883 0 54
3884 0 55
3885 54 0
3886 0 2
3887 0 54
3888 55 55
3889 1 0
3890 55 0
3891 0 1
3892 54 0
3893 0 55
3894 0 2
3895 54 55
3896 55 55
3897 0 0
3898 0 54
3899 54 55
3900 1 0
3901 55 0
3902 0 55
3903 55 55
3904 0 0
3905 0 3
3906 0 54
3907 0 2
3908 0 55
3909 0 3
3910 0 1
3911 0 0
3912 0 1
3913 0 54
3914 0 0
3915 54 0
3916 0 2
3917 1 0
3918 54 55
3919 0 55
3920 55 0
3921 0 1
3922 0 2
3923 54 0
3924 0 1
3925 55 55
3926 0 54
3927 0 2
3928 0 0
3929 54 55
3930 55 0
3931 1 0
3932 55 55
3933 54 55
3934 0 55
3935 54 0
3936 0 54
3937 0 1
3938 0 2
3939 55 55
3940 0 0
3941 0 55
3942 0 54
3943 0 1
3944 0 55
3945 54 55
3946 0 2
3947 0 54
3948 55 0
3949 54 0
3950 55 55
3951 0 3
3952 55 0
3953 0 2
3954 54 0
3955 55 0
3956 1 0
3957 54 55
3958 0 1
3959 55 55
3960 0 0
3961 54 55
3962 54 0
3963 55 55
3964 0 55
3965 54 55
3966 55 0
3967 1 0
3968 0 54
3969 0 55
3970 2 0
3971 0 54
3972 1 0
3973 0 55
3974 2 0
3975 55 55
3976 54 55
3977 54 0
3978 55 0
3979 55 55
3980 0 0
3981 3 0
3982 2 0
3983 54 55
3984 3 0
3985 54 0
3986 0 54
3987 0 55
3988 2 0
3989 0 54
3990 3 0
3991 0 1
3992 55 55
3993 0 0
3994 55 0
3995 0 1
3996 54 0
3997 2 0
3998 54 55
3999 0 0
4000 0 55
4001 55 55
4002 3 0
4003 54 55
4004 55 0
4005 0 54
4006 0 1
4007 54 0
4008 55 55
4009 0 0
4010 2 0
4011 54 55
4012 55 0
4013 0 1
4014 0 0
4015 0 55
4016 55 55
4017 3 0
4018 0 54
4019 0 55
4020 54 55
4021 55 55
4022 0 1
4023 0 0
4024 54 55
4025 0 54
4026 55 55
4027 0 1
4028 54 0
4029 54 55
4030 0 0
4031 55 55
4032 0 55
4033 2 0
4034 0 54
4035 3 0
4036 54 55
4037 2 0
4038 3 0
4039 0 1
4040 55 55
4041 2 0
4042 0 0
4043 3 0
4044 55 0
4045 54 55
4046 2 0
4047 0 55
4048 0 54
4049 0 1
4050 0 55
4051 0 54
4052 1 0
4053 2 0
4054 0 0
4055 3 0
4056 0 55
4057 2 0
4058 55 55
4059 3 0
4060 54 0
4061 54 55
4062 55 55
4063 0 54
4064 0 1
4065 2 0
4066 0 0
4067 0 55
4068 55 0
4069 54 55
4070 3 0
4071 55 55
4072 0 54
4073 0 55
4074 0 54
4075 0 1
4076 2 0
4077 54 0
4078 0 55
4079 1 0
4080 0 2
4081 54 55
4082 0 54
4083 0 55
4084 0 1
4085 2 0
4086 1 0
4087 0 2
4088 0 54
4089 55 0
4090 0 0
4091 0 3
4092 0 1
4093 0 0
4094 0 2
4095 1 0
4096 55 55
4097 54 55
4098 0 0
4099 0 3
4100 0 55
4101 0 1
4102 54 0
4103 0 4
4104 0 54
4105 0 3
4106 0 4
4107 55 0
4108 54 0
4109 55 0
4110 0 0
4111 0 3
4112 54 0
4113 0 55
4114 55 0
4115 0 2
4116 55 55
4117 54 55
4118 54 0
4119 55 55
4120 54 55
4121 0 3
4122 0 1
4123 55 0
4124 0 0
4125 0 1
4126 54 0
4127 0 2
4128 0 3
4129 55 0
4130 0 54
4131 0 4
4132 0 3
4133 0 4
4134 0 3
4135 0 4
4136 54 0
4137 55 55
4138 55 0
4139 0 0
4140 54 55
4141 54 0
4142 0 3
4143 0 1
4144 0 0
4145 55 55
4146 55 0
4147 0 2
4148 1 0
4149 0 55
4150 54 0
4151 0 54
4152 0 55
4153 0 0
4154 54 55
4155 55 0
4156 55 55
4157 0 3
4158 0 2
4159 0 3
4160 54 55
4161 54 0
4162 55 0
4163 0 54
4164 55 55
4165 54 0
4166 0 1
4167 55 0
4168 0 0
4169 0 1
4170 0 0
4171 0 2
4172 54 0
4173 0 55
4174 54 55
4175 0 3
4176 0 1
4177 55 0
4178 0 2
4179 0 3
4180 54 0
4181 0 4
4182 55 55
4183 0 54
4184 55 0
4185 54 0
4186 0 3
4187 0 4
4188 0 55
4189 55 0
4190 54 55
4191 0 0
4192 54 0
4193 55 0
4194 54 0
4195 0 54
4196 0 55
4197 55 0
4198 0 1
4199 0 3
4200 0 2
4201 0 3
4202 0 2
4203 55 55
4204 54 0
4205 0 3
4206 0 54
4207 54 55
4208 0 55
4209 55 55
4210 0 4
4211 54 55
4212 0 3
4213 55 55
4214 0 54
4215 0 55
4216 55 0
4217 54 0
4218 0 0
4219 0 2
4220 0 3
4221 54 55
4222 55 55
4223 0 2
4224 0 3
4225 0 1
4226 0 54
4227 0 4
4228 55 0
4229 0 0
4230 0 1
4231 0 0
4232 0 55
4233 0 3
4234 0 54
4235 0 55
4236 54 55
4237 54 0
4238 0 2
4239 1 0
4240 0 0
4241 55 55
4242 0 54
4243 55 0
4244 0 3
4245 0 55
4246 54 0
4247 54 55
4248 0 1
4249 0 54
4250 0 0
4251 55 0
4252 0 55
4253 0 2
4254 1 0
4255 0 0
4256 55 55
4257 0 3
4258 0 54
4259 54 0
4260 0 55
4261 0 1
4262 55 0
4263 54 0
4264 0 0
4265 55 0
4266 54 0
4267 0 1
4268 0 54
4269 55 0
4270 54 0
4271 0 0
4272 0 55
4273 0 54
4274 0 1
4275 54 55
4276 0 0
4277 55 55
4278 55 0
4279 54 55
4280 0 55
4281 0 54
4282 54 0
4283 0 1
4284 55 55
4285 0 0
4286 0 1
4287 0 55
4288 0 0
4289 0 1
4290 0 4
4291 0 54
4292 54 55
4293 0 55
4294 55 55
4295 0 0
4296 0 1
4297 0 0
4298 0 54
4299 0 1
4300 55 0
4301 0 3
4302 0 55
4303 54 0
4304 0 54
4305 0 4
4306 0 3
4307 54 55
4308 55 55
4309 0 4
4310 0 3
4311 54 55
4312 55 55
4313 0 0
4314 0 1
4315 0 55
4316 0 0
4317 0 54
4318 55 0
4319 0 2
4320 0 3
4321 54 55
4322 0 55
4323 0 54
4324 0 1
4325 0 55
4326 54 0
4327 55 0
4328 55 55
4329 0 54
4330 0 4
4331 0 3
4332 54 0
4333 54 55
4334 55 55
4335 54 55
4336 55 0
4337 0 0
4338 0 55
4339 55 55
4340 0 1
4341 0 54
4342 54 55
4343 55 55
4344 0 0
4345 0 2
4346 54 0
4347 1 0
4348 0 0
4349 55 0
4350 1 0
4351 0 55
4352 54 0
4353 54 55
4354 0 1
4355 0 54
4356 0 55
4357 0 0
4358 55 0
4359 0 54
4360 54 0
4361 55 0
4362 0 55
4363 54 0
4364 0 54
4365 1 0
4366 2 0
4367 1 0
4368 55 0
4369 2 0
4370 55 55
4371 0 0
4372 3 0
4373 0 1
4374 0 0
4375 2 0
4376 54 55
4377 54 0
4378 0 1
4379 55 0
4380 0 0
4381 0 55
4382 3 0
4383 2 0
4384 3 0
4385 0 1
4386 2 0
4387 54 0
4388 0 54
4389 0 0
4390 3 0
4391 55 0
4392 0 55
4393 2 0
4394 0 54
4395 0 55
4396 0 1
4397 0 54
4398 1 0
4399 55 55
4400 54 0
4401 0 2
4402 54 55
4403 0 0
4404 0 3
4405 0 2
4406 1 0
4407 0 1
4408 55 55
4409 54 55
4410 0 55
4411 55 55
4412 0 54
4413 0 55
4414 2 0
4415 54 55
4416 0 0
4417 0 1
4418 1 0
4419 55 55
4420 55 0
4421 54 0
4422 55 0
4423 0 54
4424 54 55
4425 54 0
4426 0 0
4427 0 1
4428 0 0
4429 55 0
4430 0 1
4431 54 0
4432 55 55
4433 0 55
4434 0 0
4435 55 0
4436 0 54
4437 0 1
4438 0 0
4439 54 0
4440 0 1
4441 0 0
4442 54 55
4443 55 0
4444 0 1
4445 54 0
4446 55 55
4447 54 55
4448 55 55
4449 54 55
4450 55 55
4451 54 55
4452 2 0
4453 55 0
4454 0 0
4455 54 0
4456 55 55
4457 0 55
4458 3 0
4459 55 0
4460 2 0
4461 3 0
4462 54 0
4463 0 54
4464 0 55
4465 0 54
4466 55 0
4467 54 55
4468 0 1
4469 55 55
4470 0 55
4471 54 0
4472 0 54
4473 54 55
4474 0 0
4475 55 0
4476 0 55
4477 0 1
4478 54 0
4479 0 54
4480 2 0
4481 55 0
4482 54 0
4483 1 0
4484 2 0
4485 1 0
4486 55 0
4487 0 2
4488 54 0
4489 0 1
4490 0 55
4491 2 0
4492 55 55
4493 0 0
4494 54 55
4495 0 54
4496 55 55
4497 0 1
4498 0 0
4499 0 1
4500 0 0
4501 0 55
4502 0 1
4503 0 54
4504 54 55
4505 55 0
4506 1 0
4507 54 0
4508 0 2
4509 0 55
4510 0 54
4511 0 55
4512 0 1
4513 2 0
4514 1 0
4515 0 54
4516 55 55
4517 0 55
4518 55 0
4519 2 0
4520 0 0
4521 54 0
4522 0 54
4523 54 55
4524 0 55
4525 0 1
4526 0 0
4527 55 0
4528 3 0
4529 0 1
4530 0 54
4531 0 0
4532 2 0
4533 55 55
4534 0 1
4535 1 0
4536 54 0
4537 55 0
4538 0 2
4539 0 0
4540 0 55
4541 0 3
4542 0 2
4543 1 0
4544 54 55
4545 54 0
4546 55 55
4547 54 55
4548 0 1
4549 55 0
4550 54 0
4551 0 2
4552 0 1
4553 55 55
4554 55 0
4555 2 0
4556 1 0
4557 2 0
4558 0 0
4559 0 1
4560 54 0
4561 1 0
4562 2 0
4563 0 54
4564 0 0
4565 0 1
4566 0 55
4567 1 0
4568 2 0
4569 1 0
4570 0 2
4571 0 0
4572 54 55
4573 55 0
4574 0 1
4575 55 55
4576 0 54
4577 0 0
4578 1 0
4579 54 0
4580 55 0
4581 0 55
4582 0 54
4583 0 55
4584 54 55
4585 0 1
4586 54 0
4587 55 55
4588 0 54
4589 0 55
4590 2 0
4591 0 0
4592 55 0
4593 0 1
4594 0 54
4595 54 0
4596 0 0
4597 0 1
4598 1 0
4599 54 55
4600 55 55
4601 0 55
4602 55 0
4603 0 54
4604 54 0
4605 54 55
4606 0 55
4607 0 2
4608 0 0
4609 0 54
4610 1 0
4611 55 55
4612 0 55
4613 0 1
4614 0 2
4615 0 54
4616 55 0
4617 0 55
4618 0 54
4619 0 0
4620 1 0
4621 54 55
4622 0 0
4623 0 55
4624 0 3
4625 0 54
4626 0 55
4627 0 2
4628 55 55
4629 1 0
4630 0 1
4631 0 54
4632 0 55
4633 2 0
4634 1 0
4635 2 0
4636 0 0
4637 0 1
4638 0 54
4639 54 0
4640 54 55
4641 0 55
4642 0 0
4643 3 0
4644 0 54
4645 0 1
4646 55 0
4647 54 0
4648 55 0
4649 55 55
4650 54 55
4651 2 0
4652 0 0
4653 0 1
4654 55 55
4655 54 0
4656 0 0
4657 3 0
4658 0 1
4659 55 0
4660 0 0
4661 0 55
4662 0 54
4663 54 55
4664 0 1
4665 0 0
4666 0 1
4667 55 55
4668 0 55
4669 0 54
4670 54 0
4671 55 0
4672 54 0
4673 55 0
4674 54 0
4675 0 0
4676 54 55
4677 0 1
4678 2 0
4679 1 0
4680 0 2
4681 0 0
4682 0 55
4683 55 0
4684 55 55
4685 0 3
4686 0 1
4687 54 55
4688 0 4
4689 0 54
4690 0 0
4691 54 0
4692 55 55
4693 0 55
4694 55 0
4695 0 1
4696 0 54
4697 0 0
4698 54 55
4699 54 0
4700 55 0
4701 54 0
4702 0 55
4703 0 54
4704 55 55
4705 0 55
4706 0 1
4707 54 55
4708 55 55
4709 0 3
4710 0 4
4711 0 0
4712 54 55
4713 0 54
4714 0 55
4715 0 1
4716 55 0
4717 0 3
4718 54 0
4719 0 54
4720 0 0
4721 55 0
4722 0 55
4723 55 55
4724 0 1
4725 0 54
4726 0 55
4727 54 55
4728 0 4
4729 55 55
4730 54 0
4731 0 3
4732 55 0
4733 0 54
4734 54 55
4735 0 55
4736 0 4
4737 0 54
4738 0 0
4739 0 55
4740 55 55
4741 0 3
4742 0 2
4743 0 54
4744 54 55
4745 0 3
4746 0 55
4747 54 0
4748 0 54
4749 0 2
4750 1 0
4751 0 55
4752 55 55
4753 55 0
4754 0 0
4755 54 0
4756 55 0
4757 1 0
4758 0 1
4759 2 0
4760 0 54
4761 54 0
4762 54 55
4763 55 0
4764 54 0
4765 0 55
4766 55 0
4767 0 0
4768 3 0
4769 55 55
4770 54 0
4771 0 54
4772 0 1
4773 2 0
4774 0 55
4775 1 0
4776 54 55
4777 55 55
4778 55 0
4779 54 55
4780 0 54
4781 0 55
4782 0 2
4783 0 1
4784 0 2
4785 54 0
4786 0 0
4787 55 0
4788 55 55
4789 54 55
4790 1 0
4791 55 55
4792 54 0
4793 0 1
4794 0 2
4795 54 55
4796 55 55
4797 0 54
4798 55 0
4799 0 0
4800 0 3
4801 0 2
4802 54 0
4803 54 55
4804 0 3
4805 0 1
4806 0 55
4807 55 55
4808 54 55
4809 0 4
4810 0 0
4811 55 55
4812 0 3
4813 0 1
4814 0 54
4815 0 4
4816 0 3
4817 55 0
4818 54 0
4819 0 55
4820 0 54
4821 0 4
4822 0 3
4823 55 0
4824 0 55
4825 0 0
4826 0 2
4827 0 54
4828 0 55
4829 1 0
4830 54 55
4831 0 54
4832 55 55
4833 0 0
4834 0 3
4835 54 0
4836 0 1
4837 55 0
4838 0 55
4839 0 2
4840 0 3
4841 0 54
4842 54 55
4843 0 2
4844 55 55
4845 0 55
4846 54 0
4847 55 0
4848 54 55
4849 54 0
4850 0 3
4851 55 55
4852 55 0
4853 0 4
4854 0 54
4855 0 0
4856 54 55
4857 0 1
4858 0 3
4859 0 55
4860 0 4
4861 54 0
4862 0 3
4863 0 54
4864 0 55
4865 0 0
4866 0 1
4867 0 0
4868 0 1
4869 0 0
4870 55 55
4871 54 55
4872 0 1
4873 55 0
4874 0 4
4875 0 54
4876 0 0
4877 0 55
4878 0 3
4879 0 1
4880 0 4
4881 0 3
4882 0 0
4883 55 55
4884 0 2
4885 54 55
4886 1 0
4887 55 55
4888 0 54
4889 0 55
4890 0 1
4891 54 55
4892 0 0
4893 54 0
4894 55 55
4895 1 0
4896 0 0
4897 55 0
4898 1 0
4899 0 54
4900 2 0
4901 1 0
4902 54 55
4903 54 0
4904 55 55
4905 55 0
4906 0 55
4907 2 0
4908 1 0
4909 0 2
4910 54 0
4911 55 0
4912 0 1
4913 0 2
4914 0 54
4915 0 0
4916 0 3
4917 0 1
4918 0 55
4919 0 4
4920 0 0
4921 0 54
4922 54 55
4923 54 0
4924 0 1
4925 0 55
4926 55 0
4927 0 54
4928 0 55
4929 55 55
4930 0 0
4931 0 1
4932 0 54
4933 54 55
4934 0 55
4935 0 3
4936 54 0
4937 0 0
4938 55 55
4939 0 2
4940 0 54
4941 55 0
4942 54 55
4943 54 0
4944 55 0
4945 0 55
4946 0 54
4947 0 3
4948 0 1
4949 0 55
4950 0 0
4951 0 2
4952 0 54
4953 54 0
4954 55 0
4955 0 3
4956 0 1
4957 54 0
4958 0 0
4959 0 2
4960 55 0
4961 0 55
4962 0 54
4963 0 3
4964 54 0
4965 0 2
4966 55 55
4967 54 55
4968 55 55
4969 55 0
4970 54 0
4971 55 0
4972 0 3
4973 0 1
4974 54 55
4975 0 4
4976 0 55
4977 55 55
4978 54 0
4979 0 54
4980 54 55
4981 0 55
4982 0 54
4983 55 0
4984 0 0
4985 0 1
4986 0 3
4987 0 4
4988 0 0
4989 55 55
4990 0 1
4991 0 0
4992 0 55
4993 54 0
4994 0 3
4995 0 2
4996 1 0
4997 0 54
4998 54 55
4999 55 0
5000 0 1
5001 54 0
5002 0 55
5003 0 2
5004 0 54
5005 0 0
5006 0 55
5007 0 54
5008 55 0
5009 54 0
5010 55 0
5011 55 55
5012 54 0
5013 54 55
5014 55 55
5015 54 55
5016 0 55
5017 0 54
5018 1 0
5019 55 0
5020 54 0
5021 0 0
5022 0 55
5023 0 54
5024 55 55
5025 55 0
5026 54 0
5027 55 0
5028 0 3
5029 54 0
5030 0 55
5031 0 2
5032 55 0
5033 54 0
5034 0 3
5035 55 0
5036 54 55
5037 0 2
5038 1 0
5039 0 54
5040 54 0
5041 0 55
5042 0 1
5043 2 0
5044 55 55
5045 54 55
5046 1 0
5047 0 54
5048 2 0
5049 0 0
5050 55 0
5051 0 1
5052 0 0
5053 0 1
5054 54 0
5055 1 0
5056 0 55
5057 55 55
5058 55 0
5059 54 0
5060 2 0
5061 0 0
5062 0 54
5063 54 55
5064 0 1
5065 55 55
5066 0 0
5067 0 1
5068 54 55
5069 55 55
5070 54 55
5071 1 0
5072 0 55
5073 55 0
5074 55 55
5075 0 0
5076 54 0
5077 0 54
5078 54 55
5079 1 0
5080 0 55
5081 2 0
5082 1 0
5083 0 54
5084 55 55
5085 54 55
5086 2 0
5087 55 0
5088 54 0
5089 0 0
5090 55 0
5091 0 55
5092 3 0
5093 0 54
5094 0 55
5095 54 0
5096 0 1
5097 55 55
5098 54 55
5099 55 0
5100 54 0
5101 55 55
5102 0 0
5103 54 55
5104 0 1
5105 0 0
5106 0 1
5107 55 55
5108 55 0
5109 54 0
5110 0 54
5111 54 55
5112 55 55
5113 54 55
5114 55 55
5115 0 0
5116 55 0
5117 0 1
5118 54 0
5119 54 55
5120 55 55
5121 0 55
5122 2 0
5123 1 0
5124 0 2
5125 54 55
5126 55 55
5127 0 0
5128 0 54
5129 0 55
5130 55 0
5131 0 3
5132 0 54
5133 0 1
5134 0 0
5135 0 55
5136 54 55
5137 55 55
5138 0 1
5139 0 0
5140 0 1
5141 0 4
5142 54 0
5143 0 54
5144 0 55
5145 0 0
5146 0 54
5147 55 0
5148 54 55
5149 55 55
5150 54 0
5151 0 55
5152 0 54
5153 54 55
5154 0 3
5155 0 1
5156 0 0
5157 0 2
5158 55 0
5159 54 0
5160 55 0
5161 0 55
5162 0 3
5163 0 54
5164 0 1
5165 0 4
5166 0 55
5167 0 0
5168 55 55
5169 54 55
5170 0 3
5171 55 55
5172 54 0
5173 54 55
5174 0 2
5175 55 55
5176 0 1
5177 54 55
5178 0 0
5179 55 55
5180 55 0
5181 0 1
5182 0 0
5183 54 55
5184 55 55
5185 0 54
5186 54 0
5187 54 55
5188 1 0
5189 0 0
5190 55 0
5191 55 55
5192 0 55
5193 0 1
5194 54 55
5195 0 54
5196 0 55
5197 54 0
5198 0 2
5199 0 3
5200 0 54
5201 0 2
5202 0 3
5203 0 55
5204 55 0
5205 0 54
5206 0 2
5207 0 55
5208 1 0
5209 0 0
5210 0 3
5211 0 1
5212 0 0
5213 0 1
5214 55 55
5215 54 55
5216 54 0
5217 0 0
5218 0 2
5219 0 3
5220 55 0
5221 0 54
5222 55 55
5223 0 55
5224 0 2
5225 1 0
5226 54 55
5227 54 0
5228 0 0
5229 0 54
5230 1 0
5231 0 0
5232 55 0
5233 1 0
5234 0 1
5235 2 0
5236 1 0
5237 0 55
5238 2 0
5239 0 54
5240 54 0
5241 1 0
5242 0 2
5243 55 55
5244 0 1
5245 55 0
5246 2 0
5247 0 0
5248 3 0
5249 2 0
5250 0 1
5251 0 0
5252 3 0
5253 54 0
5254 0 1
5255 55 0
5256 54 0
5257 54 55
5258 55 55
5259 0 0
5260 55 0
5261 0 55
5262 54 55
5263 2 0
5264 3 0
5265 2 0
5266 0 1
5267 1 0
5268 0 54
5269 0 2
5270 0 55
5271 0 0
5272 0 3
5273 54 0
5274 0 2
5275 0 54
5276 0 55
5277 1 0
5278 55 0
5279 0 1
5280 0 54
5281 54 0
5282 0 2
5283 0 55
5284 0 1
5285 55 0
5286 0 0
5287 54 0
5288 55 55
5289 55 0
5290 54 55
5291 55 55
5292 54 55
5293 1 0
5294 2 0
5295 55 55
5296 0 54
5297 54 55
5298 1 0
5299 0 55
5300 0 2
5301 0 54
5302 0 1
5303 0 55
5304 54 0
5305 55 0
5306 54 0
5307 2 0
5308 0 54
5309 0 0
5310 55 55
5311 54 55
5312 55 55
5313 54 55
5314 3 0
5315 2 0
5316 0 1
5317 0 0
5318 0 55
5319 55 55
5320 3 0
5321 54 55
5322 55 0
5323 0 1
5324 55 55
5325 0 0
5326 0 1
5327 0 54
5328 0 55
5329 0 0
5330 0 54
5331 0 1
5332 2 0
5333 54 55
5334 1 0
5335 2 0
5336 55 55
5337 1 0
5338 0 2
5339 54 55
5340 54 0
5341 0 0
5342 55 55
5343 0 55
5344 0 3
5345 54 55
5346 0 2
5347 0 3
5348 0 1
5349 0 54
5350 0 0
5351 0 2
5352 0 3
5353 55 55
5354 55 0
5355 54 0
5356 54 55
5357 55 55
5358 0 1
5359 0 0
5360 0 2
5361 0 3
5362 0 2
5363 55 0
5364 54 0
5365 1 0
5366 55 0
5367 0 55
5368 0 1
5369 2 0
5370 0 0
5371 54 0
5372 3 0
5373 2 0
5374 3 0
5375 55 0
5376 0 1
5377 0 54
5378 0 55
5379 54 55
5380 55 55
5381 54 0
5382 0 54
5383 54 55
5384 2 0
5385 55 55
5386 55 0
5387 1 0
5388 54 55
5389 54 0
5390 0 2
5391 55 0
5392 0 55
5393 54 0
5394 55 55
5395 0 0
5396 0 3
5397 55 0
5398 54 0
5399 0 2
5400 1 0
5401 0 0
5402 54 55
5403 0 3
5404 55 0
5405 55 55
5406 0 54
5407 54 0
5408 0 1
5409 55 0
5410 0 4
5411 0 55
5412 0 0
5413 0 54
5414 54 55
5415 55 55
5416 54 0
5417 0 3
5418 0 1
5419 0 0
5420 0 55
5421 54 55
5422 55 55
5423 0 1
5424 0 0
5425 55 0
5426 0 2
5427 54 0
5428 54 55
5429 0 1
5430 55 0
5431 0 54
5432 54 0
5433 0 2
5434 55 55
5435 0 3
5436 0 55
5437 54 55
5438 55 0
5439 55 55
5440 54 0
5441 0 1
5442 0 4
5443 0 54
5444 0 55
5445 0 0
5446 0 3
5447 0 54
5448 0 1
5449 0 55
5450 54 55
5451 0 54
5452 55 55
5453 55 0
5454 54 0
5455 55 0
5456 54 0
5457 54 55
5458 0 0
5459 55 55
5460 0 2
5461 0 3
5462 0 2
5463 54 55
5464 0 3
5465 0 2
5466 1 0
5467 0 1
5468 0 55
5469 55 0
5470 0 54
5471 2 0
5472 0 0
5473 54 0
5474 0 55
5475 3 0
5476 55 55
5477 0 1
5478 2 0
5479 1 0
5480 0 0
5481 1 0
5482 0 0
5483 1 0
5484 55 0
5485 54 0
5486 54 55
5487 55 0
5488 55 55
5489 54 55
5490 0 54
5491 2 0
5492 54 0
5493 1 0
5494 55 55
5495 2 0
5496 0 0
5497 0 55
5498 0 1
5499 0 0
5500 55 0
5501 3 0
5502 0 54
5503 0 55
5504 0 1
5505 54 55
5506 54 0
5507 55 0
5508 2 0
5509 54 0
5510 55 0
5511 0 0
5512 54 0
5513 55 0
5514 1 0
5515 54 0
5516 0 54
5517 0 0
5518 55 0
5519 0 55
5520 0 1
5521 0 54
5522 0 0
5523 0 1
5524 0 0
5525 55 55
5526 0 1
5527 0 0
5528 0 1
5529 1 0
5530 2 0
5531 54 0
5532 0 0
5533 0 1
5534 1 0
5535 0 0
5536 1 0
5537 2 0
5538 0 55
5539 54 55
5540 55 0
5541 1 0
5542 2 0
5543 54 0
5544 55 55
5545 55 0
5546 54 0
5547 0 0
5548 0 54
5549 55 0
5550 54 0
5551 3 0
5552 54 55
5553 0 1
5554 0 55
5555 55 55
5556 54 55
5557 55 0
5558 54 0
5559 0 0
5560 0 1
5561 2 0
5562 0 0
5563 0 1
5564 55 55
5565 1 0
5566 54 55
5567 0 54
5568 0 2
5569 0 1
5570 0 55
5571 0 54
5572 2 0
5573 55 55
5574 54 55
5575 0 55
5576 0 0
5577 3 0
5578 2 0
5579 55 55
5580 0 54
5581 0 55
5582 1 0
5583 55 0
5584 0 54
5585 0 55
5586 0 0
5587 54 55
5588 1 0
5589 54 0
5590 0 0
5591 0 1
5592 0 0
5593 55 0
5594 55 55
5595 0 1
5596 0 54
5597 54 0
5598 0 55
5599 0 0
5600 3 0
5601 2 0
5602 3 0
5603 55 0
5604 2 0
5605 0 54
5606 0 55
5607 54 55
5608 54 0
5609 55 0
5610 0 1
5611 55 55
5612 54 0
5613 1 0
5614 55 0
5615 0 2
5616 54 0
5617 0 0
5618 0 54
5619 0 3
5620 0 1
5621 0 0
5622 0 2
5623 55 0
5624 54 55
5625 54 0
5626 55 0
5627 55 55
5628 0 55
5629 54 55
5630 55 55
5631 0 3
5632 0 1
5633 54 55
5634 54 0
5635 0 54
5636 0 0
5637 0 2
5638 0 3
5639 55 55
5640 0 2
5641 54 55
5642 0 3
5643 0 1
5644 55 0
5645 54 0
5646 55 0
5647 55 55
5648 0 4
5649 0 0
5650 0 55
5651 0 1
5652 54 55
5653 55 55
5654 0 54
5655 0 0
5656 0 1
5657 54 55
5658 0 55
5659 0 3
5660 0 0
5661 0 54
5662 0 1
5663 0 4
5664 0 0
5665 54 0
5666 55 0
5667 0 55
5668 0 3
5669 0 2
5670 0 3
5671 0 54
5672 0 1
5673 55 55
5674 0 4
5675 0 55
5676 54 0
5677 0 54
5678 0 55
5679 0 0
5680 0 1
5681 0 54
5682 0 0
5683 0 3
5684 0 1
5685 55 0
5686 0 55
5687 0 0
5688 0 54
5689 0 2
5690 54 0
5691 0 55
5692 0 3
5693 54 55
5694 0 2
5695 55 0
5696 1 0
5697 0 54
5698 0 1
5699 54 0
5700 0 55
5701 0 2
5702 0 0
5703 1 0
5704 0 1
5705 55 55
5706 55 0
5707 2 0
5708 0 54
5709 0 0
5710 54 0
5711 1 0
5712 55 0
5713 0 55
5714 0 54
5715 2 0
5716 1 0
5717 54 55
5718 0 55
5719 0 54
5720 2 0
5721 0 55
5722 1 0
5723 2 0
5724 55 55
5725 54 55
5726 0 54
5727 55 55
5728 1 0
5729 54 55
5730 0 55
5731 54 0
5732 55 55
5733 55 0
5734 54 0
5735 54 55
5736 0 54
5737 2 0
5738 55 0
5739 1 0
5740 54 0
5741 55 55
5742 0 55
5743 55 0
5744 0 54
5745 0 55
5746 2 0
5747 0 54
5748 54 55
5749 55 55
5750 0 1
5751 0 55
5752 0 54
5753 0 55
5754 54 55
5755 55 55
5756 1 0
5757 0 54
5758 54 0
5759 54 55
5760 55 0
5761 0 55
5762 0 2
5763 0 54
5764 55 55
5765 0 0
5766 0 55
5767 54 55
5768 0 54
5769 54 0
5770 0 3
5771 0 2
5772 55 55
5773 55 0
5774 54 0
5775 1 0
5776 0 55
5777 0 1
5778 54 55
5779 55 55
5780 0 0
5781 0 54
5782 0 55
5783 0 1
5784 55 0
5785 0 54
5786 0 2
5787 54 0
5788 54 55
5789 0 55
5790 0 54
5791 55 0
5792 0 0
5793 55 55
5794 54 0
5795 0 55
5796 54 55
5797 55 55
5798 55 0
5799 54 0
5800 54 55
5801 55 0
5802 0 3
5803 0 2
5804 0 54
5805 54 0
5806 0 3
5807 0 1
5808 55 55
5809 55 0
5810 54 55
5811 0 55
5812 0 0
5813 55 55
5814 0 54
5815 0 1
5816 0 55
5817 0 0
5818 0 2
5819 54 55
5820 1 0
5821 0 1
5822 0 54
5823 55 55
5824 54 55
5825 54 0
5826 55 55
5827 0 2
5828 55 0
5829 54 55
5830 0 55
5831 0 54
5832 54 0
5833 55 0
5834 54 0
5835 0 0
5836 55 55
5837 0 1
5838 0 55
5839 0 54
5840 54 55
5841 0 2
5842 0 3
5843 55 55
5844 0 2
5845 0 55
5846 54 55
5847 0 54
5848 55 55
5849 0 55
5850 1 0
5851 0 0
5852 0 54
5853 0 3
5854 0 1
5855 54 55
5856 55 55
5857 0 0
5858 0 55
5859 0 2
5860 54 55
5861 0 1
5862 0 54
5863 55 55
5864 55 0
5865 0 2
5866 0 1
5867 54 55
5868 0 55
5869 54 0
5870 55 0
5871 54 0
5872 0 2
5873 0 54
5874 55 0
5875 0 55
5876 54 0
5877 1 0
5878 0 54
5879 0 1
5880 55 55
5881 54 55
5882 55 0
5883 54 0
5884 55 0
5885 54 0
5886 2 0
5887 0 55
5888 55 55
5889 1 0
5890 2 0
5891 0 54
5892 0 55
5893 1 0
5894 0 2
5895 0 54
5896 55 0
5897 54 0
5898 0 1
5899 55 0
5900 2 0
5901 54 55
5902 0 55
5903 54 0
5904 0 0
5905 0 54
5906 3 0
5907 0 1
5908 55 0
5909 54 0
5910 0 55
5911 0 0
5912 0 1
5913 0 54
5914 55 0
5915 2 0
5916 0 55
5917 1 0
5918 0 2
5919 55 55
5920 0 1
5921 0 2
5922 0 1
5923 2 0
5924 1 0
5925 54 0
5926 2 0
5927 54 55
5928 1 0
5929 0 2
5930 55 55
5931 55 0
5932 0 54
5933 0 0
5934 0 3
5935 0 1
5936 54 55
5937 55 55
5938 0 4
5939 54 0
5940 54 55
5941 55 0
5942 0 55
5943 0 3
5944 55 55
5945 0 54
5946 0 0
5947 0 55
5948 0 2
5949 1 0
5950 54 0
5951 55 0
5952 0 0
5953 1 0
5954 54 55
5955 55 55
5956 54 0
5957 0 0
5958 0 3
5959 0 1
5960 0 54
5961 0 55
5962 0 54
5963 55 0
5964 0 0
5965 54 0
5966 55 0
5967 0 2
5968 54 55
5969 0 55
5970 0 1
5971 0 54
5972 0 55
5973 0 0
5974 55 55
5975 0 54
5976 54 55
5977 55 55
5978 54 55
5979 55 55
5980 54 0
5981 0 3
5982 54 55
5983 0 1
5984 0 55
5985 55 55
5986 55 0
5987 0 0
5988 54 0
5989 0 2
5990 55 0
5991 0 1
5992 0 0
5993 54 0
5994 54 55
5995 0 1
5996 0 0
5997 55 0
5998 55 55
5999 54 0
6000 1 0
6001 0 0
6002 55 0
6003 54 55
6004 55 55
6005 1 0
6006 0 0
6007 0 3
6008 54 0
6009 54 55
6010 55 55
6011 0 2
6012 0 3
6013 0 1
6014 0 0
6015 0 1
6016 55 0
6017 54 0
6018 0 0
6019 0 54
6020 0 1
6021 54 55
6022 55 55
6023 55 0
6024 0 4
6025 0 0
6026 0 3
6027 0 1
6028 54 0
6029 0 4
6030 0 3
6031 0 0
6032 0 1
6033 0 55
6034 0 4
6035 54 55
6036 0 0
6037 55 0
6038 0 54
6039 0 1
6040 0 0
6041 55 55
6042 54 55
6043 0 1
6044 54 0
6045 55 55
6046 0 0
6047 0 3
6048 0 2
6049 0 3
6050 0 55
6051 0 54
6052 0 55
6053 0 1
6054 0 54
6055 54 55
6056 55 0
6057 0 0
6058 0 1
6059 55 55
6060 0 55
6061 0 4
6062 54 0
6063 54 55
6064 0 54
6065 0 0
6066 55 0
6067 55 55
6068 0 55
6069 0 1
6070 0 0
6071 0 3
6072 54 0
6073 0 1
6074 0 54
6075 0 0
6076 0 55
6077 0 1
6078 0 4
6079 0 0
6080 55 0
6081 0 3
6082 54 55
6083 0 1
6084 54 0
6085 55 0
6086 0 4
6087 0 54
6088 0 55
6089 0 54
6090 0 3
6091 54 0
6092 0 4
6093 0 0
6094 0 55
6095 0 3
6096 55 0
6097 0 54
6098 0 1
6099 0 2
6100 55 55
6101 0 3
6102 0 55
6103 54 0
6104 0 4
6105 0 3
6106 0 54
6107 0 4
6108 0 3
6109 0 4
6110 0 55
6111 55 0
6112 0 54
6113 54 0
6114 0 0
6115 54 55
6116 0 55
6117 0 1
6118 0 0
6119 0 54
6120 0 55
6121 0 1
6122 0 0
6123 55 0
6124 55 55
6125 0 54
6126 54 0
6127 55 0
6128 0 3
6129 54 55
6130 0 55
6131 0 54
6132 54 0
6133 55 0
6134 0 2
6135 1 0
6136 0 0
6137 0 3
6138 0 2
6139 0 55
6140 54 0
6141 55 55
6142 54 55
6143 55 55
6144 0 3
6145 0 54
6146 0 1
6147 0 4
6148 0 3
6149 0 4
6150 0 3
6151 0 4
6152 54 55
6153 0 0
6154 0 1
6155 0 55
6156 0 3
6157 55 0
6158 54 0
6159 0 0
6160 0 2
6161 55 55
6162 0 1
6163 0 0
6164 55 0
6165 54 55
6166 1 0
6167 54 0
6168 55 55
6169 54 55
6170 0 0
6171 1 0
6172 0 54
6173 0 0
6174 0 3
6175 0 1
6176 0 4
6177 0 3
6178 55 55
6179 0 0
6180 0 55
6181 0 2
6182 1 0
6183 0 1
6184 0 54
6185 55 0
6186 2 0
6187 0 55
6188 1 0
6189 0 54
6190 54 55
6191 55 55
6192 2 0
6193 1 0
6194 0 2
6195 0 1
6196 2 0
6197 1 0
6198 0 2
6199 0 1
6200 0 0
6201 0 55
6202 1 0
6203 54 55
6204 54 0
6205 0 54
6206 55 55
6207 2 0
6208 1 0
6209 54 55
6210 55 55
6211 0 0
6212 55 0
6213 0 55
6214 54 55
6215 0 1
6216 0 54
6217 55 55
6218 54 0
6219 0 2
6220 54 55
6221 0 55
6222 0 54
6223 0 0
6224 55 0
6225 54 0
6226 0 55
6227 0 54
6228 0 3
6229 0 1
6230 0 4
6231 55 0
6232 0 3
6233 54 0
6234 55 55
6235 0 55
6236 54 55
6237 0 0
6238 0 2
6239 1 0
6240 55 55
6241 55 0
6242 54 55
6243 0 1
6244 2 0
6245 0 0
6246 55 55
6247 0 54
6248 54 0
6249 0 55
6250 0 1
6251 0 54
6252 0 55
6253 55 0
6254 1 0
6255 54 0
6256 0 54
6257 0 55
6258 54 55
6259 0 54
6260 2 0
6261 1 0
6262 0 55
6263 55 0
6264 0 2
6265 54 0
6266 0 0
6267 55 55
6268 54 55
6269 1 0
6270 0 1
6271 0 2
6272 0 54
6273 0 0
6274 0 55
6275 55 55
6276 0 54
6277 54 55
6278 55 0
6279 54 0
6280 0 3
6281 0 55
6282 55 55
6283 0 54
6284 54 55
6285 55 0
6286 0 55
6287 0 1
6288 54 0
6289 0 0
6290 55 0
6291 0 2
6292 54 0
6293 0 3
6294 0 1
6295 0 54
6296 55 0
6297 0 4
6298 54 0
6299 55 0
6300 54 0
6301 0 3
6302 0 0
6303 55 0
6304 55 55
6305 54 55
6306 0 55
6307 55 55
6308 0 54
6309 54 55
6310 54 0
6311 0 55
6312 55 55
6313 0 54
6314 0 55
6315 0 2
6316 54 55
6317 0 1
6318 0 54
6319 0 55
6320 0 54
6321 55 0
6322 0 2
6323 0 3
6324 54 0
6325 0 2
6326 55 55
6327 55 0
6328 54 55
6329 54 0
6330 1 0
6331 55 55
6332 0 55
6333 0 1
6334 54 55
6335 2 0
6336 0 54
6337 1 0
6338 55 0
6339 0 2
6340 0 55
6341 0 1
6342 0 54
6343 55 55
6344 0 2
6345 0 0
6346 54 55
6347 1 0
6348 54 0
6349 0 1
6350 2 0
6351 55 55
6352 55 0
6353 54 0
6354 0 55
6355 1 0
6356 2 0
6357 0 0
6358 1 0
6359 0 54
6360 55 0
6361 0 55
6362 0 0
6363 54 0
6364 55 0
6365 54 55
6366 54 0
6367 55 0
6368 0 54
6369 54 0
6370 55 55
6371 0 55
6372 55 0
6373 54 0
6374 3 0
6375 0 54
6376 55 0
6377 0 55
6378 2 0
6379 3 0
6380 54 55
6381 0 1
6382 55 55
6383 0 54
6384 0 55
6385 0 54
6386 54 55
6387 54 0
6388 0 0
6389 2 0
6390 3 0
6391 0 1
6392 55 0
6393 55 55
6394 54 55
6395 54 0
6396 55 55
6397 0 0
6398 55 0
6399 0 1
6400 54 55
6401 0 0
6402 2 0
6403 0 1
6404 54 0
6405 0 0
6406 55 55
6407 55 0
6408 3 0
6409 0 55
6410 54 0
6411 0 54
6412 55 0
6413 0 55
6414 2 0
6415 3 0
6416 0 54
6417 0 1
6418 2 0
6419 0 0
6420 54 0
6421 3 0
6422 0 1
6423 55 0
6424 0 55
6425 54 55
6426 55 55
6427 54 0
6428 2 0
6429 1 0
6430 54 55
6431 0 2
6432 55 0
6433 54 0
6434 55 55
6435 0 0
6436 55 0
6437 0 3
6438 54 55
6439 0 2
6440 1 0
6441 0 54
6442 0 1
6443 2 0
6444 54 0
6445 0 0
6446 55 0
6447 3 0
6448 0 1
6449 54 0
6450 55 0
6451 2 0
6452 55 55
6453 1 0
6454 54 55
6455 0 2
6456 55 55
6457 54 0
6458 54 55
6459 0 0
6460 0 55
6461 0 3
6462 0 54
6463 0 1
6464 0 55
6465 0 0
6466 55 55
6467 55 0
6468 54 55
6469 0 2
6470 1 0
6471 0 0
6472 0 3
6473 0 1
6474 0 4
6475 0 3
6476 0 0
6477 54 0
6478 55 0
6479 55 55
6480 54 0
6481 55 0
6482 0 2
6483 0 3
6484 0 1
6485 0 4
6486 54 55
6487 55 55
6488 54 55
6489 0 0
6490 54 0
6491 0 3
6492 0 1
6493 0 0
6494 0 54
6495 0 1
6496 0 55
6497 0 54
6498 55 0
6499 54 0
6500 0 0
6501 0 55
6502 0 1
6503 0 54
6504 0 4
6505 0 3
6506 55 55
6507 0 0
6508 0 2
6509 1 0
6510 55 0
6511 0 55
6512 0 1
6513 0 2
6514 0 54
6515 0 0
6516 0 3
6517 0 2
6518 54 55
6519 1 0
6520 0 0
6521 0 55
6522 54 0
6523 0 3
6524 55 55
6525 55 0
6526 54 55
6527 0 1
6528 0 4
6529 55 55
6530 0 3
6531 54 0
6532 0 54
6533 55 0
6534 54 0
6535 55 0
6536 0 0
6537 54 0
6538 54 55
6539 55 0
6540 55 55
6541 54 55
6542 0 55
6543 55 55
6544 0 2
6545 0 3
6546 54 55
6547 55 55
6548 0 54
6549 0 55
6550 0 54
6551 54 55
6552 0 2
6553 0 55
6554 1 0
6555 55 55
6556 54 0
6557 54 55
6558 0 0
6559 55 0
6560 0 1
6561 0 54
6562 0 55
6563 0 54
6564 0 2
6565 55 55
6566 0 1
6567 54 55
6568 0 2
6569 54 0
6570 55 55
6571 54 55
6572 55 0
6573 0 3
6574 55 55
6575 0 55
6576 0 54
6577 0 2
6578 1 0
6579 54 0
6580 0 1
6581 0 55
6582 0 54
6583 55 0
6584 0 2
6585 0 55
6586 0 54
6587 0 1
6588 54 55
6589 2 0
6590 0 0
6591 3 0
6592 2 0
6593 0 1
6594 0 0
6595 0 55
6596 0 54
6597 0 1
6598 0 0
6599 3 0
6600 54 0
6601 2 0
6602 55 0
6603 0 55
6604 0 1
6605 0 54
6606 1 0
6607 0 2
6608 0 1
6609 55 55
6610 54 0
6611 54 55
6612 2 0
6613 55 0
6614 0 0
6615 55 55
6616 3 0
6617 0 55
6618 54 55
6619 55 55
6620 2 0
6621 54 55
6622 0 1
6623 0 0
6624 3 0
6625 55 55
6626 54 55
6627 2 0
6628 54 0
6629 0 1
6630 0 54
6631 1 0
6632 55 0
6633 0 2
6634 54 0
6635 0 0
6636 55 55
6637 55 0
6638 1 0
6639 54 55
6640 55 55
6641 54 55
6642 54 0
6643 0 1
6644 55 55
6645 54 55
6646 0 2
6647 55 0
6648 0 55
6649 0 54
6650 0 55
6651 0 0
6652 1 0
6653 0 0
6654 1 0
6655 54 0
6656 0 54
6657 0 0
6658 0 3
6659 55 55
6660 0 55
6661 0 1
6662 0 54
6663 0 55
6664 0 4
6665 55 0
6666 0 3
6667 0 54
6668 0 55
6669 0 4
6670 54 55
6671 0 3
6672 54 0
6673 55 55
6674 0 0
6675 0 2
6676 0 3
6677 54 55
6678 0 1
6679 55 55
6680 0 54
6681 0 4
6682 55 0
6683 54 0
6684 0 0
6685 0 55
6686 0 1
6687 0 0
6688 0 54
6689 54 55
6690 0 55
6691 0 1
6692 55 0
6693 54 0
6694 0 0
6695 0 3
6696 0 2
6697 55 55
6698 0 3
6699 0 54
6700 0 55
6701 55 0
6702 0 1
6703 0 4
6704 54 0
6705 0 54
6706 55 0
6707 54 55
6708 0 0
6709 0 1
6710 0 55
6711 0 0
6712 0 3
6713 0 1
6714 0 54
6715 0 0
6716 55 55
6717 54 55
6718 0 55
6719 0 54
6720 0 1
6721 0 4
6722 54 0
6723 0 3
6724 55 55
6725 0 0
6726 0 2
6727 0 3
6728 0 1
6729 0 4
6730 55 0
6731 0 3
6732 0 0
6733 0 1
6734 0 55
6735 54 0
6736 54 55
6737 0 54
6738 55 0
6739 55 55
6740 54 0
6741 54 55
6742 0 0
6743 0 1
6744 0 55
6745 0 4
6746 55 55
6747 0 0
6748 0 54
6749 0 55
6750 54 55
6751 0 1
6752 0 3
6753 0 4
6754 55 0
6755 0 0
6756 0 3
6757 0 54
6758 0 1
6759 0 0
6760 0 1
6761 54 0
6762 0 4
6763 0 3
6764 0 4
6765 0 55
6766 0 3
6767 0 54
6768 55 0
6769 0 55
6770 0 54
6771 0 4
6772 0 0
6773 0 55
6774 0 1
6775 0 3
6776 0 4
6777 0 54
6778 54 0
6779 0 3
6780 55 0
6781 54 0
6782 0 4
6783 0 0
6784 0 55
6785 0 54
6786 0 1
6787 55 55
6788 0 0
6789 0 1
6790 0 0
6791 54 55
6792 55 0
6793 54 0
6794 55 55
6795 0 55
6796 55 0
6797 0 54
6798 0 55
6799 0 3
6800 54 0
6801 0 2
6802 1 0
6803 0 54
6804 0 55
6805 55 0
6806 0 54
6807 54 55
6808 54 0
6809 0 55
6810 0 0
6811 0 3
6812 55 0
6813 0 1
6814 0 54
6815 54 0
6816 55 55
6817 54 55
6818 55 55
6819 54 55
6820 0 55
6821 0 4
6822 55 55
6823 0 0
6824 0 1
6825 54 55
6826 55 0
6827 0 0
6828 0 54
6829 55 55
6830 0 1
6831 54 0
6832 55 0
6833 54 0
6834 0 55
6835 54 55
6836 0 3
6837 55 0
6838 0 0
6839 0 2
6840 55 55
6841 54 0
6842 54 55
6843 0 54
6844 0 3
6845 0 2
6846 0 55
6847 0 3
6848 55 0
6849 54 0
6850 0 54
6851 0 1
6852 0 2
6853 0 55
6854 0 3
6855 0 54
6856 55 55
6857 55 0
6858 0 4
6859 54 0
6860 54 55
6861 55 55
6862 0 55
6863 54 55
6864 0 0
6865 55 55
6866 0 3
6867 0 1
6868 0 54
6869 54 55
6870 55 0
6871 0 0
6872 0 1
6873 54 0
6874 0 2
6875 0 3
6876 55 0
6877 54 0
6878 55 55
6879 54 55
6880 55 55
6881 0 55
6882 0 54
6883 54 55
6884 55 0
6885 0 0
6886 0 55
6887 0 1
6888 0 54
6889 55 55
6890 0 4
6891 0 0
6892 0 3
6893 0 2
6894 1 0
6895 54 55
6896 0 55
6897 0 1
6898 0 54
6899 54 0
6900 55 0
6901 0 55
6902 55 55
6903 0 2
6904 54 55
6905 0 54
6906 55 55
6907 0 1
6908 2 0
6909 0 55
6910 54 0
6911 54 55
6912 0 0
6913 55 0
6914 0 54
6915 55 55
6916 0 1
6917 54 55
6918 55 55
6919 1 0
6920 0 55
6921 0 0
6922 54 55
6923 0 54
6924 55 55
6925 0 55
6926 0 54
6927 54 55
6928 1 0
6929 54 0
6930 55 55
6931 54 55
6932 55 0
6933 54 0
6934 0 55
6935 2 0
6936 55 0
6937 55 55
6938 0 0
6939 54 0
6940 3 0
6941 0 54
6942 55 0
6943 54 55
6944 55 55
6945 0 1
6946 0 55
6947 0 0
6948 0 54
6949 54 0
6950 0 1
6951 0 55
6952 0 0
6953 54 55
6954 2 0
6955 55 0
6956 0 54
6957 3 0
6958 2 0
6959 55 55
6960 3 0
6961 0 1
6962 0 55
6963 0 54
6964 0 0
6965 0 55
6966 54 0
6967 55 0
6968 2 0
6969 54 55
6970 0 1
6971 0 54
6972 55 55
6973 54 55
6974 54 0
6975 55 0
6976 55 55
6977 54 0
6978 55 0
6979 1 0
6980 54 0
6981 0 55
6982 55 0
6983 0 54
6984 0 55
6985 0 54
6986 54 0
6987 0 2
6988 54 55
6989 0 0
6990 55 55
6991 0 55
6992 1 0
6993 0 54
6994 0 0
6995 54 55
6996 1 0
6997 0 1
6998 0 2
6999 0 0
7000 0 3
7001 0 2
7002 55 55
7003 54 55
7004 55 0
7005 0 55
7006 54 0
7007 55 55
7008 0 54
7009 0 55
7010 1 0
7011 55 0
7012 0 54
7013 0 0
7014 1 0
7015 54 0
7016 0 55
7017 0 0
7018 1 0
7019 0 1
7020 54 55
7021 0 2
7022 55 0
7023 0 54
7024 54 0
7025 55 55
7026 0 55
7027 55 0
7028 0 0
7029 0 3
7030 0 1
7031 0 54
7032 54 55
7033 54 0
7034 0 55
7035 55 55
7036 55 0
7037 0 54
7038 0 0
7039 0 1
7040 54 55
7041 55 55
7042 0 0
7043 54 0
7044 0 1
7045 0 55
7046 0 0
7047 0 54
7048 0 55
7049 0 1
7050 0 0
7051 0 1
7052 0 54
7053 0 4
7054 0 0
7055 0 55
7056 54 55
7057 0 3
7058 0 2
7059 1 0
7060 55 55
7061 55 0
7062 0 54
7063 0 1
7064 54 55
7065 55 55
7066 0 2
7067 54 0
7068 55 0
7069 0 55
7070 0 1
7071 0 54
7072 0 55
7073 0 54
7074 54 0
7075 2 0
7076 0 0
7077 3 0
7078 2 0
7079 0 55
7080 55 0
7081 0 54
7082 0 1
7083 0 0
7084 54 55
7085 55 55
7086 0 55
7087 0 1
7088 0 0
7089 3 0
7090 0 1
7091 0 0
7092 0 54
7093 54 0
7094 0 55
7095 55 0
7096 54 0
7097 55 0
7098 0 54
7099 0 1
7100 0 55
7101 2 0
7102 0 54
7103 54 55
7104 0 55
7105 0 54
7106 0 0
7107 0 1
7108 0 55
7109 55 55
7110 0 54
7111 0 0
7112 0 55
7113 54 0
7114 0 1
7115 0 54
7116 55 0
7117 1 0
7118 0 55
7119 0 54
7120 54 0
7121 55 0
7122 0 2
7123 54 55
7124 0 1
7125 55 55
7126 0 55
7127 54 0
7128 55 0
7129 2 0
7130 0 54
7131 54 55
7132 54 0
7133 1 0
7134 55 55
7135 0 2
7136 0 55
7137 55 0
7138 0 54
7139 54 55
7140 0 1
7141 55 55
7142 2 0
7143 0 55
7144 0 54
7145 0 55
7146 0 0
7147 3 0
7148 0 1
7149 0 0
7150 0 1
7151 54 0
7152 0 0
7153 2 0
7154 0 54
7155 0 55
7156 0 54
7157 0 1
7158 55 0
7159 1 0
7160 0 55
7161 0 54
7162 0 55
7163 0 54
7164 2 0
7165 54 55
7166 0 0
7167 3 0
7168 55 55
7169 0 55
7170 0 1
7171 54 0
7172 54 55
7173 2 0
7174 55 0
7175 55 55
7176 54 0
7177 55 0
7178 0 54
7179 54 55
7180 54 0
7181 55 0
7182 1 0
7183 54 0
7184 2 0
7185 1 0
7186 55 0
7187 55 55
7188 0 55
7189 0 54
7190 2 0
7191 54 0
7192 0 0
7193 3 0
7194 2 0
7195 0 1
7196 54 55
7197 55 55
7198 55 0
7199 0 55
7200 1 0
7201 0 2
7202 0 54
7203 0 55
7204 54 0
7205 0 1
7206 0 54
7207 54 55
7208 2 0
7209 0 55
7210 55 55
7211 54 55
7212 0 54
7213 55 0
7214 55 55
7215 0 0
7216 0 1
7217 1 0
7218 0 55
7219 54 0
7220 0 54
7221 55 0
7222 0 55
7223 0 54
7224 2 0
7225 54 0
7226 0 55
7227 0 0
7228 0 54
7229 54 55
7230 3 0
7231 0 1
7232 0 0
7233 55 0
7234 55 55
7235 0 1
7236 0 0
7237 0 55
7238 0 54
7239 0 55
7240 54 55
7241 54 0
7242 55 55
7243 55 0
7244 2 0
7245 54 55
7246 0 1
7247 1 0
7248 55 55
7249 0 54
7250 0 2
7251 54 55
7252 55 55
7253 54 55
7254 0 0
7255 0 3
7256 0 2
7257 54 0
7258 0 3
7259 55 55
7260 0 1
7261 55 0
7262 0 0
7263 54 55
7264 0 1
7265 0 55
7266 55 55
7267 0 4
7268 0 54
7269 0 3
7270 54 0
7271 0 4
7272 55 0
7273 54 55
7274 55 55
7275 0 0
7276 0 1
7277 54 0
7278 0 55
7279 0 3
7280 54 55
7281 0 4
7282 55 0
7283 0 0
7284 0 1
7285 0 54
7286 54 0
7287 55 0
7288 0 3
7289 0 4
7290 0 55
7291 0 3
7292 0 54
7293 54 0
7294 0 4
7295 0 3
7296 0 4
7297 55 0
7298 0 0
7299 0 1
7300 54 0
7301 0 0
7302 55 55
7303 0 55
7304 54 55
7305 0 54
7306 0 1
7307 0 3
7308 0 4
7309 0 0
7310 55 0
7311 54 0
7312 55 0
7313 55 55
7314 0 1
7315 0 0
7316 0 55
7317 54 0
7318 0 3
7319 54 55
7320 0 1
7321 55 0
7322 0 54
7323 0 4
7324 0 3
7325 0 4
7326 54 0
7327 0 3
7328 0 4
7329 0 55
7330 0 3
7331 0 0
7332 55 55
7333 0 1
7334 55 0
7335 0 54
7336 0 0
7337 0 55
7338 54 0
7339 0 1
7340 55 0
7341 0 0
7342 0 1
7343 0 54
7344 0 55
7345 0 4
7346 54 0
7347 54 55
7348 0 0
7349 55 0
7350 54 0
7351 0 3
7352 0 1
7353 0 0
7354 0 54
7355 0 55
7356 55 55
7357 54 55
7358 55 0
7359 55 55
7360 0 54
7361 54 0
7362 0 1
7363 0 55
7364 54 55
7365 0 4
7366 55 0
7367 0 54
7368 54 0
7369 0 0
7370 55 55
7371 0 3
7372 0 55
7373 55 0
7374 0 2
7375 54 0
7376 55 0
7377 0 3
7378 0 54
7379 54 0
7380 0 55
7381 55 0
7382 0 1
7383 0 2
7384 54 55
7385 0 3
7386 55 55
7387 0 2
7388 54 55
7389 55 55
7390 0 3
7391 54 0
7392 54 55
7393 0 54
7394 0 2
7395 55 55
7396 54 55
7397 0 55
7398 55 55
7399 55 0
7400 54 0
7401 0 54
7402 0 3
7403 0 4
7404 0 55
7405 0 54
7406 0 3
7407 0 4
7408 0 55
7409 55 0
7410 0 0
7411 0 54
7412 0 55
7413 0 54
7414 54 0
7415 0 1
7416 55 0
7417 0 0
7418 0 55
7419 0 3
7420 54 55
7421 55 55
7422 0 1
7423 0 2
7424 54 0
7425 55 0
7426 54 55
7427 54 0
7428 0 54
7429 0 3
7430 55 0
7431 55 55
7432 0 55
7433 0 54
7434 54 55
7435 55 55
7436 54 0
7437 55 0
7438 0 0
7439 54 55
7440 55 55
7441 54 0
7442 0 55
7443 0 1
7444 0 4
7445 55 0
7446 0 54
7447 0 0
7448 0 3
7449 0 1
7450 0 4
7451 0 55
7452 0 54
7453 0 55
7454 54 0
7455 0 3
7456 54 55
7457 0 0
7458 55 55
7459 0 54
7460 0 1
7461 0 55
7462 55 0
7463 0 0
7464 0 1
7465 54 0
7466 0 4
7467 55 0
7468 54 55
7469 54 0
7470 0 0
7471 0 1
7472 0 54
7473 0 3
7474 0 4
7475 0 3
7476 55 55
7477 0 4
7478 0 0
7479 0 3
7480 55 0
7481 54 55
7482 0 55
7483 54 0
7484 0 54
7485 0 55
7486 55 55
7487 0 2
7488 1 0
7489 0 1
7490 0 2
7491 0 1
7492 54 55
7493 0 2
7494 0 0
7495 0 1
7496 55 55
7497 55 0
7498 54 0
7499 0 54
7500 54 55
7501 0 55
7502 0 54
7503 0 0
7504 1 0
7505 55 0
7506 0 55
7507 54 0
7508 0 54
7509 0 0
7510 0 55
7511 55 0
7512 0 3
7513 0 1
7514 55 55
7515 54 0
7516 0 4
7517 0 54
7518 0 0
7519 0 3
7520 0 55
7521 0 1
7522 55 0
7523 0 4
7524 0 0
7525 0 3
7526 0 2
7527 54 55
7528 54 0
7529 0 54
7530 0 55
7531 55 0
7532 1 0
7533 55 55
7534 0 0
7535 54 0
7536 1 0
7537 54 55
7538 0 54
7539 55 0
7540 0 1
7541 54 0
7542 0 55
7543 55 0
7544 0 54
7545 0 2
7546 54 0
7547 55 0
7548 0 55
7549 0 0
7550 1 0
7551 0 0
7552 1 0
7553 0 1
7554 2 0
7555 55 55
7556 0 54
7557 0 55
7558 0 0
7559 54 55
7560 0 1
7561 0 0
7562 54 0
7563 0 1
7564 55 0
7565 1 0
7566 2 0
7567 55 55
7568 0 0
7569 3 0
7570 54 0
7571 0 54
7572 0 1
7573 0 55
7574 2 0
7575 55 0
7576 54 0
7577 0 54
7578 0 0
7579 0 55
7580 54 55
7581 3 0
7582 0 1
7583 2 0
7584 0 0
7585 0 54
7586 0 55
7587 55 55
7588 0 54
7589 55 0
7590 0 1
7591 54 55
7592 0 0
7593 3 0
7594 55 55
7595 54 0
7596 0 1
7597 0 0
7598 55 0
7599 2 0
7600 0 55
7601 54 0
7602 54 55
7603 1 0
7604 55 0
7605 0 54
7606 2 0
7607 54 0
7608 0 55
7609 55 55
7610 3 0
7611 2 0
7612 55 0
7613 0 54
7614 54 0
7615 55 0
7616 0 1
7617 1 0
7618 0 55
7619 0 2
7620 0 54
7621 54 0
7622 55 0
7623 0 1
7624 54 55
7625 54 0
7626 0 2
7627 0 0
7628 0 3
7629 0 1
7630 0 4
7631 0 55
7632 0 3
7633 55 0
7634 0 0
7635 0 1
7636 0 54
7637 55 55
7638 0 0
7639 0 1
7640 0 4
7641 0 55
7642 54 0
7643 0 3
7644 0 4
7645 0 54
7646 0 3
7647 55 0
7648 0 0
7649 0 55
7650 0 2
7651 1 0
7652 54 0
7653 0 1
7654 54 55
7655 2 0
7656 0 0
7657 0 1
7658 55 0
7659 54 0
7660 55 55
7661 0 0
7662 54 55
7663 55 55
7664 55 0
7665 54 0
7666 55 0
7667 3 0
7668 2 0
7669 54 0
7670 3 0
7671 0 1
7672 0 0
7673 0 1
7674 2 0
7675 0 0
7676 54 55
7677 55 55
7678 54 55
7679 55 0
7680 55 55
7681 3 0
7682 0 1
7683 54 0
7684 54 55
7685 55 0
7686 0 54
7687 0 0
7688 0 1
7689 2 0
7690 1 0
7691 55 55
7692 0 55
7693 0 54
7694 0 2
7695 0 0
7696 0 3
7697 54 55
7698 0 2
7699 0 3
7700 0 1
7701 55 55
7702 54 55
7703 55 55
7704 54 0
7705 0 0
7706 0 1
7707 55 0
7708 54 55
7709 0 55
7710 0 4
7711 54 0
7712 55 0
7713 0 3
7714 54 0
7715 0 4
7716 0 0
7717 0 1
7718 55 0
7719 55 55
7720 0 0
7721 54 55
7722 0 1
7723 0 0
7724 0 1
7725 0 54
7726 0 55
7727 55 55
7728 54 55
7729 54 0
7730 0 54
7731 0 3
7732 0 0
7733 0 1
7734 0 4
7735 0 0
7736 55 0
7737 0 1
7738 0 3
7739 0 4
7740 55 55
7741 54 55
7742 54 0
7743 55 55
7744 0 55
7745 0 3
7746 54 55
7747 55 0
7748 0 54
7749 0 0
7750 0 1
7751 0 55
7752 0 0
7753 55 55
7754 0 54
7755 0 55
7756 0 1
7757 0 4
7758 0 54
7759 0 0
7760 54 0
7761 0 1
7762 54 55
7763 55 0
7764 0 3
7765 55 55
7766 0 0
7767 54 55
7768 0 2
7769 1 0
7770 0 0
7771 0 3
7772 0 55
7773 0 1
7774 0 0
7775 55 55
7776 54 0
7777 0 54
7778 54 55
7779 0 2
7780 55 0
7781 54 0
7782 55 55
7783 0 3
7784 55 0
7785 0 2
7786 0 3
7787 54 0
7788 0 1
7789 0 0
7790 0 55
7791 0 2
7792 54 55
7793 0 3
7794 55 0
7795 0 54
7796 55 55
7797 0 55
7798 54 55
7799 0 1
7800 0 54
7801 0 4
7802 55 55
7803 0 3
7804 0 4
7805 0 0
7806 54 55
7807 54 0
7808 55 55
7809 54 55
7810 0 1
7811 0 55
7812 0 0
7813 55 0
7814 55 55
7815 54 55
7816 54 0
7817 55 55
7818 0 1
7819 55 0
7820 0 0
7821 0 54
7822 0 55
7823 0 1
7824 54 55
7825 0 0
7826 0 1
7827 54 0
7828 55 0
7829 55 55
7830 0 54
7831 0 3
7832 0 0
7833 0 2
7834 0 55
7835 1 0
7836 0 54
7837 0 1
7838 54 55
7839 2 0
7840 1 0
7841 54 0
7842 0 0
7843 0 1
7844 55 55
7845 55 0
7846 0 55
7847 54 55
7848 54 0
7849 0 2
7850 0 54
7851 55 55
7852 55 0
7853 54 0
7854 55 0
7855 0 55
7856 0 1
7857 54 55
7858 2 0
7859 0 0
7860 3 0
7861 2 0
7862 3 0
7863 54 0
7864 0 54
7865 55 0
7866 0 1
7867 0 0
7868 2 0
7869 1 0
7870 55 55
7871 54 0
7872 54 55
7873 0 55
7874 0 54
7875 55 0
7876 0 55
7877 0 54
7878 0 55
7879 54 0
7880 3 0
7881 0 54
7882 0 0
7883 0 55
7884 55 55
7885 54 55
7886 2 0
7887 0 1
7888 0 0
7889 0 1
7890 55 0
7891 54 0
7892 55 0
7893 1 0
7894 55 55
7895 0 2
7896 54 0
7897 55 0
7898 54 55
7899 54 0
7900 0 0
7901 0 3
7902 0 1
7903 0 54
7904 0 0
7905 55 55
7906 54 55
7907 0 2
7908 0 55
7909 0 54
7910 1 0
7911 0 1
7912 0 0
7913 55 55
7914 0 1
7915 0 2
7916 54 55
7917 55 0
7918 55 55
7919 0 1
7920 54 0
7921 0 55
7922 54 55
7923 55 0
7924 55 55
7925 2 0
7926 54 55
7927 1 0
7928 55 55
7929 0 2
7930 0 54
7931 0 55
7932 0 0
7933 0 54
7934 0 55
7935 0 3
7936 0 1
7937 54 55
7938 0 0
7939 0 1
7940 0 54
7941 55 55
7942 0 0
7943 0 2
7944 54 0
7945 0 3
7946 55 0
7947 54 55
7948 55 55
7949 0 2
7950 0 55
7951 0 3
7952 0 1
7953 0 0
7954 0 2
7955 0 3
7956 54 55
7957 0 1
7958 0 54
7959 54 0
7960 55 55
7961 0 4
7962 0 0
7963 55 0
7964 0 55
7965 0 54
7966 54 0
7967 55 0
7968 54 55
7969 55 55
7970 0 3
7971 0 1
7972 54 55
7973 55 55
7974 54 55
7975 0 0
7976 55 55
7977 0 55
7978 0 54
7979 0 55
7980 0 1
7981 0 0
7982 0 54
7983 54 0
7984 0 55
7985 55 0
7986 54 0
7987 54 55
7988 55 0
7989 0 1
7990 0 0
7991 0 2
7992 0 54
7993 54 0
7994 0 55
7995 55 55
7996 1 0
7997 54 55
7998 0 54
7999 55 0
8000 0 1
8001 2 0
8002 55 55
8003 0 55
8004 0 0
8005 3 0
8006 54 0
8007 0 1
8008 0 0
8009 2 0
8010 55 0
8011 0 54
8012 54 0
8013 0 1
8014 55 0
8015 0 55
8016 0 54
8017 0 55
8018 1 0
8019 54 0
8020 0 54
8021 0 55
8022 55 0
8023 54 55
8024 2 0
8025 0 0
8026 0 1
8027 54 0
8028 55 55
8029 0 0
8030 54 55
8031 0 54
8032 55 55
8033 0 1
8034 0 0
8035 3 0
8036 0 55
8037 0 1
8038 2 0
8039 55 0
8040 54 0
8041 0 0
8042 55 0
8043 3 0
8044 54 55
8045 0 1
8046 0 0
8047 54 0
8048 55 0
8049 2 0
8050 1 0
8051 0 54
8052 55 55
8053 0 0
8054 54 0
8055 0 55
8056 55 0
8057 0 54
8058 54 55
8059 0 1
8060 55 55
8061 54 55
8062 0 55
8063 0 0
8064 0 1
8065 0 54
8066 0 0
8067 3 0
8068 0 1
8069 2 0
8070 1 0
8071 2 0
8072 55 55
8073 54 0
8074 54 55
8075 55 55
8076 0 55
8077 1 0
8078 55 0
8079 54 55
8080 0 2
8081 0 54
8082 0 55
8083 0 54
8084 0 55
8085 0 0
8086 1 0
8087 0 54
8088 0 55
8089 0 1
8090 55 55
8091 0 2
8092 54 0
8093 0 0
8094 0 3
8095 55 0
8096 54 55
8097 0 1
8098 0 54
8099 0 55
8100 54 0
8101 55 55
8102 0 54
8103 54 55
8104 0 4
8105 0 0
8106 0 3
8107 0 55
8108 0 1
8109 0 4
8110 0 0
8111 0 3
8112 55 0
8113 0 54
8114 55 55
8115 54 55
8116 0 55
8117 0 54
8118 54 0
8119 0 55
8120 0 54
8121 55 55
8122 54 55
8123 55 55
8124 54 55
8125 55 0
8126 54 0
8127 0 2
8128 1 0
8129 55 55
8130 54 55
8131 0 0
8132 0 1
8133 55 55
8134 54 55
8135 55 55
8136 0 2
8137 0 55
8138 55 0
8139 0 1
8140 0 54
8141 54 55
8142 0 55
8143 0 2
8144 0 3
8145 54 0
8146 0 2
8147 0 3
8148 0 54
8149 55 0
8150 0 1
8151 0 0
8152 0 55
8153 55 55
8154 54 0
8155 0 54
8156 55 0
8157 0 2
8158 54 0
8159 55 0
8160 54 0
8161 54 55
8162 55 55
8163 55 0
8164 54 0
8165 1 0
8166 0 1
8167 0 2
8168 0 0
8169 54 55
8170 55 55
8171 0 55
8172 0 3
8173 55 0
8174 54 0
8175 54 55
8176 55 0
8177 54 0
8178 55 0
8179 0 1
8180 54 0
8181 0 0
8182 55 55
8183 0 54
8184 54 55
8185 55 0
8186 54 0
8187 0 2
8188 55 55
8189 54 55
8190 55 0
8191 0 55
8192 0 54
8193 1 0
8194 0 1
8195 54 0
8196 55 55
8197 2 0
8198 0 0
8199 55 0
8200 0 55
8201 3 0
8202 54 0
8203 54 55
8204 55 0
8205 0 1
8206 0 54
8207 2 0
8208 0 0
8209 0 55
8210 55 55
8211 54 55
8212 0 54
8213 3 0
8214 2 0
8215 0 55
8216 0 1
8217 1 0
8218 0 2
8219 0 0
8220 55 55
8221 1 0
8222 0 1
8223 2 0
8224 0 0
8225 0 54
8226 0 1
8227 54 0
8228 54 55
8229 1 0
8230 55 0
8231 0 0
8232 54 0
8233 0 55
8234 0 54
8235 0 55
8236 55 55
8237 54 55
8238 1 0
8239 0 54
8240 0 0
8241 55 0
8242 55 55
8243 1 0
8244 0 55
8245 54 0
8246 2 0
8247 54 55
8248 55 0
8249 54 0
8250 0 54
8251 0 0
8252 0 1
8253 55 55
8254 54 55
8255 0 55
8256 0 54
8257 55 0
8258 1 0
8259 55 55
8260 0 55
8261 54 0
8262 0 2
8263 0 0
8264 0 54
8265 0 3
8266 55 0
8267 54 55
8268 54 0
8269 0 1
8270 0 55
8271 0 4
8272 0 54
8273 0 3
8274 0 0
8275 0 2
8276 1 0
8277 0 1
8278 0 0
8279 0 55
8280 55 0
8281 0 54
8282 55 55
8283 0 55
8284 1 0
8285 0 0
8286 0 54
8287 54 55
8288 0 55
8289 55 55
8290 0 54
8291 54 0
8292 54 55
8293 1 0
8294 0 55
8295 55 0
8296 0 54
8297 0 2
8298 0 55
8299 54 0
8300 55 55
8301 0 0
8302 1 0
8303 54 55
8304 0 0
8305 0 54
8306 55 0
8307 0 55
8308 0 1
8309 0 2
8310 55 55
8311 54 0
8312 55 0
8313 0 1
8314 54 55
8315 55 55
8316 0 54
8317 54 0
8318 0 55
8319 54 55
8320 55 55
8321 54 55
8322 0 2
8323 0 54
8324 55 55
8325 0 3
8326 54 55
8327 55 55
8328 54 55
8329 0 1
8330 55 0
8331 54 0
8332 0 4
8333 55 55
8334 55 0
8335 0 0
8336 0 3
8337 0 55
8338 0 54
8339 54 55
8340 0 2
8341 1 0
8342 54 0
8343 0 0
8344 1 0
8345 0 55
8346 0 1
8347 0 54
8348 0 2
8349 0 0
8350 55 55
8351 55 0
8352 54 55
8353 0 3
8354 0 1
8355 0 55
8356 54 0
8357 0 54
8358 0 4
8359 0 0
8360 0 55
8361 0 1
8362 55 55
8363 55 0
8364 54 55
8365 54 0
8366 0 3
8367 0 0
8368 55 55
8369 54 55
8370 55 0
8371 54 0
8372 0 54
8373 55 55
8374 54 55
8375 0 2
8376 55 55
8377 55 0
8378 1 0
8379 0 0
8380 54 0
8381 0 1
8382 54 55
8383 55 55
8384 54 55
8385 0 55
8386 55 55
8387 0 2
8388 55 0
8389 0 54
8390 54 55
8391 0 55
8392 54 0
8393 0 3
8394 55 55
8395 0 54
8396 55 0
8397 0 2
8398 54 55
8399 1 0
8400 54 0
8401 55 0
8402 54 0
8403 0 1
8404 0 2
8405 55 55
8406 0 0
8407 55 0
8408 0 3
8409 0 55
8410 0 1
8411 0 54
8412 54 55
8413 0 4
8414 0 3
8415 54 0
8416 0 4
8417 0 55
8418 55 55
8419 0 54
8420 0 0
8421 0 55
8422 0 54
8423 0 55
8424 0 3
8425 0 2
8426 1 0
8427 0 1
8428 55 0
8429 54 55
8430 0 54
8431 0 2
8432 55 55
8433 0 55
8434 54 0
8435 0 0
8436 0 3
8437 55 0
8438 54 55
8439 0 2
8440 0 3
8441 0 1
8442 54 0
8443 55 0
8444 0 4
8445 0 54
8446 55 55
8447 0 0
8448 54 55
8449 0 1
8450 54 0
8451 55 0
8452 0 55
8453 54 0
8454 0 54
8455 55 55
8456 55 0
8457 54 55
8458 55 55
8459 54 55
8460 0 0
8461 55 55
8462 54 55
8463 0 1
8464 0 55
8465 0 54
8466 0 3
8467 0 55
8468 0 4
8469 0 0
8470 54 0
8471 55 55
8472 0 54
8473 54 55
8474 0 3
8475 55 0
8476 0 55
8477 55 55
8478 0 54
8479 0 1
8480 54 0
8481 0 2
8482 0 3
8483 0 55
8484 55 0
8485 0 4
8486 0 3
8487 0 54
8488 54 55
8489 54 0
8490 0 4
8491 0 55
8492 0 3
8493 0 54
8494 55 55
8495 0 0
8496 54 55
8497 55 0
8498 55 55
8499 54 0
8500 55 0
8501 54 55
8502 0 1
8503 0 55
8504 0 54
8505 55 55
8506 54 0
8507 0 4
8508 0 0
8509 54 55
8510 0 3
8511 0 1
8512 0 4
8513 0 0
8514 0 1
8515 55 0
8516 54 0
8517 0 55
8518 0 54
8519 55 0
8520 54 0
8521 0 3
8522 0 0
8523 0 1
8524 0 55
8525 0 54
8526 0 0
8527 55 55
8528 0 2
8529 1 0
8530 0 1
8531 2 0
8532 0 55
8533 0 54
8534 55 0
8535 1 0
8536 0 55
8537 2 0
8538 54 55
8539 0 0
8540 1 0
8541 0 54
8542 0 0
8543 54 0
8544 55 55
8545 54 55
8546 1 0
8547 55 0
8548 54 0
8549 55 55
8550 0 0
8551 0 1
8552 0 55
8553 0 54
8554 55 0
8555 0 0
8556 0 55
8557 0 1
8558 1 0
8559 54 0
8560 2 0
8561 0 0
8562 55 0
8563 54 55
8564 0 1
8565 0 0
8566 3 0
8567 0 54
8568 0 55
8569 0 1
8570 0 54
8571 55 55
8572 54 55
8573 0 55
8574 0 0
8575 54 0
8576 0 54
8577 2 0
8578 55 55
8579 0 55
8580 0 54
8581 54 55
8582 3 0
8583 55 0
8584 0 55
8585 0 1
8586 2 0
8587 1 0
8588 55 55
8589 54 55
8590 55 55
8591 0 54
8592 0 2
8593 0 1
8594 0 2
8595 54 55
8596 0 0
8597 55 55
8598 0 3
8599 0 2
8600 54 0
8601 55 0
8602 54 0
8603 0 3
8604 0 1
8605 0 0
8606 0 55
8607 0 54
8608 0 2
8609 55 0
8610 54 0
8611 55 0
8612 0 3
8613 0 1
8614 0 0
8615 0 2
8616 54 55
8617 0 3
8618 0 2
8619 0 55
8620 55 55
8621 1 0
8622 0 0
8623 54 55
8624 0 54
8625 0 3
8626 55 55
8627 0 1
8628 54 55
8629 0 0
8630 55 55
8631 0 55
8632 54 0
8633 0 2
8634 54 55
8635 55 0
8636 0 54
8637 1 0
8638 54 0
8639 0 55
8640 0 1
8641 0 54
8642 55 55
8643 0 2
8644 0 0
8645 0 3
8646 0 1
8647 0 4
8648 0 55
8649 0 3
8650 0 4
8651 0 3
8652 54 55
8653 0 0
8654 0 2
8655 55 0
8656 1 0
8657 0 54
8658 0 1
8659 0 55
8660 0 2
8661 0 0
8662 0 54
8663 1 0
8664 0 55
8665 54 0
8666 55 0
8667 0 54
8668 55 55
8669 0 0
8670 1 0
8671 0 1
8672 54 55
8673 54 0
8674 55 0
8675 0 2
8676 0 55
8677 0 54
8678 0 55
8679 0 0
8680 0 3
8681 0 2
8682 55 55
8683 54 55
8684 1 0
8685 55 55
8686 0 0
8687 54 55
8688 0 1
8689 0 2
8690 0 3
8691 0 54
8692 54 0
8693 0 55
8694 55 55
8695 0 54
8696 0 55
8697 0 54
8698 54 55
8699 0 1
8700 0 2
8701 0 55
8702 0 3
8703 55 55
8704 0 54
8705 55 0
8706 0 55
8707 0 4
8708 54 55
8709 54 0
8710 55 0
8711 0 54
8712 0 55
8713 0 54
8714 54 0
8715 55 55
8716 0 0
8717 0 1
8718 54 55
8719 0 0
8720 55 0
8721 0 1
8722 0 0
8723 54 0
8724 55 55
8725 0 55
8726 0 3
8727 0 54
8728 0 55
8729 0 1
8730 54 55
8731 55 55
8732 0 54
8733 0 0
8734 0 1
8735 55 0
8736 0 2
8737 0 55
8738 0 3
8739 54 55
8740 55 55
8741 54 0
8742 55 0
8743 0 4
8744 0 3
8745 54 55
8746 0 4
8747 54 0
8748 55 55
8749 0 0
8750 54 55
8751 0 54
8752 0 1
8753 0 3
8754 0 4
8755 0 0
8756 0 55
8757 0 54
8758 0 55
8759 55 55
8760 0 1
8761 0 54
8762 54 55
8763 55 0
8764 0 55
8765 0 54
8766 55 55
8767 54 0
8768 54 55
8769 0 3
8770 55 0
8771 55 55
8772 54 55
8773 54 0
8774 0 0
8775 55 0
8776 55 55
8777 54 55
8778 0 1
8779 0 55
8780 0 4
8781 0 0
8782 0 3
8783 54 0
8784 55 55
8785 0 1
8786 54 55
8787 55 55
8788 54 55
8789 0 0
8790 0 54
8791 55 0
8792 0 2
8793 55 55
8794 54 0
8795 1 0
8796 0 1
8797 0 55
8798 2 0
8799 1 0
8800 0 54
8801 54 55
8802 55 55
8803 54 55
8804 2 0
8805 55 0
8806 1 0
8807 55 55
8808 0 0
8809 0 55
8810 0 54
8811 54 55
8812 54 0
8813 55 55
8814 0 1
8815 0 55
8816 55 0
8817 0 2
8818 54 55
8819 0 54
8820 0 55
8821 0 0
8822 0 1
8823 55 55
8824 54 0
8825 55 0
8826 54 55
8827 54 0
8828 55 0
8829 54 0
8830 55 0
8831 55 55
8832 54 0
8833 0 54
8834 54 55
8835 0 55
8836 0 54
8837 55 55
8838 1 0
8839 55 0
8840 2 0
8841 0 55
8842 54 0
8843 1 0
8844 2 0
8845 0 54
8846 54 55
8847 0 0
8848 55 0
8849 3 0
8850 54 0
8851 55 55
8852 2 0
8853 3 0
8854 54 55
8855 55 55
8856 0 1
8857 55 0
8858 54 0
8859 0 0
8860 0 55
8861 0 1
8862 0 54
8863 54 55
8864 0 0
8865 0 55
8866 55 0
8867 55 55
8868 2 0
8869 54 55
8870 0 54
8871 3 0
8872 2 0
8873 0 55
8874 3 0
8875 54 0
8876 2 0
8877 0 1
8878 55 0
8879 0 0
8880 55 55
8881 54 0
8882 55 0
8883 0 1
8884 1 0
8885 2 0
8886 0 0
8887 0 54
8888 1 0
8889 2 0
8890 54 55
8891 0 55
8892 0 54
8893 54 0
8894 1 0
8895 0 55
8896 55 55
8897 0 54
8898 0 55
8899 0 54
8900 2 0
8901 54 55
8902 0 55
8903 3 0
8904 0 54
8905 55 0
8906 0 1
8907 55 55
8908 0 55
8909 54 55
8910 0 54
8911 55 55
8912 2 0
8913 1 0
8914 54 55
8915 0 55
8916 0 2
8917 55 55
8918 0 54
8919 54 0
8920 55 0
8921 54 0
8922 0 0
8923 55 0
8924 0 55
8925 0 54
8926 54 55
8927 0 3
8928 0 2
8929 0 3
8930 0 1
8931 0 0
8932 0 55
8933 0 54
8934 55 55
8935 0 55
8936 0 2
8937 54 0
8938 0 54
8939 1 0
8940 0 1
8941 2 0
8942 0 0
8943 0 55
8944 0 1
8945 1 0
8946 55 0
8947 0 2
8948 0 1
8949 2 0
8950 0 54
8951 1 0
8952 2 0
8953 0 0
8954 54 0
8955 55 0
8956 3 0
8957 0 1
8958 2 0
8959 54 0
8960 0 0
8961 54 55
8962 3 0
8963 55 0
8964 54 0
8965 55 0
8966 0 1
8967 0 0
8968 55 55
8969 54 0
8970 0 55
8971 0 54
8972 0 55
8973 0 1
8974 54 55
8975 55 0
8976 0 54
8977 54 0
8978 0 55
8979 2 0
8980 55 55
8981 54 55
8982 0 0
8983 55 55
8984 55 0
8985 0 1
8986 1 0
8987 0 2
8988 0 1
8989 0 2
8990 54 55
8991 0 1
8992 54 0
8993 0 2
8994 55 55
8995 0 0
8996 1 0
8997 54 55
8998 0 1
8999 55 55
9000 0 2
9001 54 55
9002 55 0
9003 55 55
9004 0 54
9005 0 1
9006 54 55
9007 2 0
9008 0 55
9009 0 0
9010 0 54
9011 55 55
9012 54 55
9013 55 55
9014 54 0
9015 0 55
9016 0 54
9017 0 55
9018 3 0
9019 55 0
9020 2 0
9021 0 54
9022 0 1
9023 0 55
9024 0 54
9025 1 0
9026 0 0
9027 54 55
9028 54 0
9029 0 55
9030 0 54
9031 55 55
9032 0 55
9033 55 0
9034 54 0
9035 0 54
9036 0 55
9037 55 0
9038 54 55
9039 54 0
9040 0 1
9041 2 0
9042 55 0
9043 1 0
9044 0 2
9045 55 55
9046 0 1
9047 0 2
9048 54 0
9049 0 1
9050 2 0
9051 1 0
9052 2 0
9053 55 0
9054 0 0
9055 0 1
9056 54 55
9057 0 54
9058 55 55
9059 0 0
9060 54 0
9061 3 0
9062 54 55
9063 0 1
9064 0 55
9065 55 0
9066 54 0
9067 2 0
9068 0 0
9069 3 0
9070 55 55
9071 55 0
9072 54 55
9073 0 1
9074 2 0
9075 54 0
9076 1 0
9077 0 54
9078 2 0
9079 55 0
9080 54 0
9081 55 55
9082 0 0
9083 55 0
9084 54 55
9085 55 55
9086 54 55
9087 0 1
9088 55 55
9089 0 55
9090 0 54
9091 0 0
9092 1 0
9093 54 55
9094 0 55
9095 54 0
9096 55 0
9097 54 0
9098 0 54
9099 2 0
9100 55 0
9101 54 0
9102 55 0
9103 0 55
9104 3 0
9105 2 0
9106 55 55
9107 3 0
9108 54 55
9109 55 55
9110 0 1
9111 0 0
9112 0 1
9113 0 0
9114 2 0
9115 3 0
9116 54 55
9117 2 0
9118 55 55
9119 0 1
9120 0 54
9121 0 0
9122 54 55
9123 0 1
9124 0 55
9125 54 0
9126 1 0
9127 55 0
9128 2 0
9129 55 55
9130 0 0
9131 0 1
9132 54 55
9133 55 55
9134 1 0
9135 2 0
9136 1 0
9137 54 0
9138 54 55
9139 0 2
9140 0 0
9141 55 0
9142 0 1
9143 54 0
9144 0 0
9145 55 0
9146 0 54
9147 0 55
9148 0 54
9149 0 1
9150 54 0
9151 0 55
9152 0 0
9153 55 55
9154 55 0
9155 0 54
9156 54 55
9157 54 0
9158 1 0
9159 55 55
9160 55 0
9161 54 0
9162 0 0
9163 55 0
9164 0 55
9165 0 3
9166 54 55
9167 0 1
9168 55 55
9169 0 54
9170 0 0
9171 54 0
9172 0 2
9173 55 0
9174 54 0
9175 55 0
9176 0 55
9177 54 55
9178 0 54
9179 55 55
9180 0 55
9181 0 3
9182 0 1
9183 0 4
9184 0 3
9185 54 55
9186 0 0
9187 55 55
9188 0 1
9189 54 0
9190 0 4
9191 0 3
9192 0 0
9193 0 54
9194 0 1
9195 54 55
9196 0 0
9197 55 0
9198 54 0
9199 0 2
9200 1 0
9201 55 0
9202 54 0
9203 0 55
9204 0 0
9205 0 54
9206 55 0
9207 0 3
9208 0 2
9209 0 3
9210 0 2
9211 54 0
9212 55 55
9213 1 0
9214 54 55
9215 0 1
9216 55 0
9217 0 2
9218 55 55
9219 0 1
9220 0 2
9221 54 55
9222 0 55
9223 0 54
9224 0 1
9225 2 0
9226 0 0
9227 0 1
9228 1 0
9229 0 2
9230 0 0
9231 0 3
9232 55 55
9233 0 2
9234 1 0
9235 0 1
9236 2 0
9237 0 55
9238 0 0
9239 1 0
9240 0 0
9241 54 0
9242 55 0
9243 54 55
9244 55 55
9245 0 54
9246 54 55
9247 0 55
9248 54 0
9249 55 0
9250 55 55
9251 54 0
9252 54 55
9253 3 0
9254 55 0
9255 55 55
9256 54 55
9257 54 0
9258 0 1
9259 55 55
9260 0 0
9261 55 0
9262 0 54
9263 2 0
9264 54 0
9265 54 55
9266 3 0
9267 2 0
9268 0 55
9269 1 0
9270 0 0
9271 55 55
9272 0 54
9273 55 0
9274 1 0
9275 0 55
9276 0 0
9277 54 55
9278 55 55
9279 54 0
9280 0 1
9281 0 54
9282 0 55
9283 0 54
9284 55 0
9285 0 55
9286 1 0
9287 0 2
9288 0 1
9289 0 54
9290 2 0
9291 0 55
9292 54 0
9293 0 54
9294 0 0
9295 54 55
9296 3 0
9297 0 55
9298 55 0
9299 0 1
9300 0 54
9301 0 0
9302 54 0
9303 55 0
9304 55 55
9305 54 55
9306 54 0
9307 0 55
9308 55 55
9309 2 0
9310 55 0
9311 0 54
9312 54 55
9313 55 55
9314 0 1
9315 0 0
9316 54 55
9317 3 0
9318 0 55
9319 55 55
9320 0 1
9321 54 55
9322 54 0
9323 55 55
9324 2 0
9325 54 55
9326 0 54
9327 55 0
9328 54 0
9329 55 55
9330 55 0
9331 0 55
9332 0 0
9333 0 1
9334 54 55
9335 1 0
9336 54 0
9337 0 54
9338 0 2
9339 0 1
9340 0 2
9341 0 55
9342 55 55
9343 55 0
9344 0 1
9345 54 55
9346 55 55
9347 0 2
9348 0 0
9349 1 0
9350 54 0
9351 0 0
9352 1 0
9353 0 1
9354 55 0
9355 54 0
9356 2 0
9357 1 0
9358 0 0
9359 54 55
9360 0 1
9361 55 55
9362 0 2
9363 0 54
9364 54 55
9365 0 55
9366 0 1
9367 55 55
9368 54 55
9369 0 54
9370 2 0
9371 0 55
9372 0 54
9373 1 0
9374 0 2
9375 0 1
9376 0 55
9377 0 2
9378 0 54
9379 55 0
9380 0 55
9381 0 54
9382 0 1
9383 2 0
9384 0 55
9385 54 0
9386 0 0
9387 55 55
9388 0 54
9389 3 0
9390 0 1
9391 55 0
9392 54 55
9393 0 55
9394 0 0
9395 55 55
9396 54 55
9397 55 55
9398 2 0
9399 3 0
9400 54 55
9401 0 1
9402 55 55
9403 0 0
9404 0 1
9405 54 0
9406 55 0
9407 2 0
# colocadas=9408 ocupadas=5 mayor=9855
