0 29 48
1 12 43
2 4 31
3 23 17
4 4 32
5 4 31
6 22 31
7 0 44
8 21 31
9 5 31
10 22 17
11 30 48
12 29 48
13 4 31
14 23 17
15 22 31
16 39 40
17 49 43
18 3 32
19 15 26
20 43 21
21 12 44
22 12 43
23 12 45
24 0 43
25 23 16
26 23 17
27 0 44
28 43 20
29 21 32
30 43 21
31 34 5
32 49 42
33 15 25
34 21 31
35 15 26
36 22 16
37 39 39
38 39 40
39 22 17
40 38 40
41 39 40
42 12 44
43 40 39
44 23 18
45 12 42
46 3 33
47 44 20
48 21 32
49 28 48
50 29 48
51 12 43
52 11 42
53 29 47
54 0 45
55 3 32
56 12 45
57 35 5
58 29 48
59 43 20
60 23 17
61 44 20
62 12 42
63 49 43
64 22 16
65 39 39
66 49 42
67 40 39
68 34 5
69 0 44
70 12 44
71 3 33
72 30 47
73 22 17
74 23 17
75 3 32
76 4 32
77 12 43
78 23 16
79 29 47
80 22 15
81 39 39
82 21 31
83 22 31
84 23 17
85 3 33
86 40 39
87 11 42
88 43 20
89 39 39
90 29 48
91 30 48
92 21 31
93 22 16
94 12 42
95 35 5
96 21 17
97 38 40
98 4 31
99 43 21
100 49 43
101 11 42
102 29 48
103 34 5
104 49 42
105 22 17
106 3 32
107 43 20
108 0 45
109 28 48
110 20 17
111 22 16
112 39 40
113 43 21
114 30 46
115 12 44
116 12 42
117 3 33
118 0 44
119 15 25
120 31 46
121 22 17
122 39 39
123 35 5
124 39 40
125 10 42
126 32 46
127 15 26
128 0 42
129 43 20
130 12 43
131 4 32
132 22 31
133 40 39
134 23 17
135 29 48
136 0 43
137 3 32
138 34 5
139 49 43
140 4 31
141 30 47
142 1 42
143 21 31
144 23 31
145 49 42
146 12 42
147 22 15
148 31 46
149 31 48
150 3 33
151 30 48
152 32 46
153 35 5
154 31 46
155 32 46
156 31 46
157 5 31
158 15 25
159 29 48
160 4 31
161 22 31
162 39 39
163 45 20
164 43 21
165 30 46
166 0 42
167 0 44
168 12 43
169 11 42
170 39 40
171 32 46
172 20 16
173 44 20
174 3 32
175 31 46
176 22 16
177 21 17
178 0 43
179 19 16
180 31 49
181 21 32
182 15 26
183 0 44
184 0 43
185 12 42
186 30 47
187 49 43
188 20 16
189 4 33
190 43 20
191 3 33
192 44 21
193 11 42
194 4 32
195 31 48
196 32 46
197 39 39
198 22 17
199 21 31
200 34 5
201 12 41
202 23 17
203 15 25
204 43 21
205 39 40
206 22 17
207 30 48
208 12 42
209 4 33
210 20 32
211 21 32
212 44 21
213 39 39
214 22 31
215 19 16
216 49 42
217 3 33
218 30 46
219 0 44
220 43 21
221 31 49
222 4 34
223 0 43
224 23 16
225 12 44
226 12 43
227 11 42
228 4 33
229 15 26
230 20 16
231 12 44
232 23 17
233 12 43
234 35 5
235 15 25
236 22 17
237 23 17
238 3 32
239 1 42
240 13 41
241 4 31
242 0 42
243 44 20
244 31 48
245 4 32
246 0 44
247 15 26
248 19 16
249 12 41
250 3 33
251 43 20
252 20 16
253 31 49
254 0 43
255 31 48
256 21 17
257 12 44
258 2 32
259 49 43
260 31 46
261 21 31
262 39 40
263 12 42
264 49 42
265 32 46
266 19 16
267 13 41
268 34 5
269 0 45
270 4 31
271 0 44
272 43 21
273 20 32
274 12 43
275 39 39
276 12 42
277 29 48
278 12 43
279 15 25
280 22 17
281 20 17
282 41 39
283 12 42
284 23 17
285 30 48
286 22 17
287 29 48
288 31 46
289 23 17
290 22 17
291 22 31
292 22 16
293 12 43
294 21 32
295 35 5
296 21 31
297 22 17
298 20 16
299 40 39
300 15 26
301 12 42
302 19 17
303 21 32
304 30 47
305 49 43
306 43 20
307 12 43
308 4 32
309 49 42
310 15 25
311 30 46
312 43 21
313 21 31
314 30 47
315 11 42
316 49 43
317 23 16
318 43 20
319 23 31
320 44 20
321 23 17
322 3 32
323 43 20
324 44 21
325 22 31
326 24 31
327 0 43
328 30 46
329 12 41
330 0 44
331 34 5
332 43 21
333 22 16
334 30 48
335 22 17
336 13 41
337 3 33
338 12 42
339 4 31
340 29 48
341 0 42
342 30 48
343 32 46
344 22 15
345 11 42
346 23 17
347 12 44
348 39 40
349 12 41
350 3 32
351 29 48
352 4 32
353 13 41
354 35 5
355 31 46
356 39 39
357 15 26
358 4 33
359 0 43
360 0 42
361 15 25
362 4 31
363 12 42
364 0 43
365 1 42
366 44 20
367 4 32
368 21 31
369 0 42
370 41 39
371 19 16
372 20 17
373 20 16
374 19 16
375 3 33
376 30 46
377 20 16
378 31 46
379 31 49
380 1 42
381 30 46
382 19 16
383 0 42
384 1 42
385 25 31
386 30 48
387 22 16
388 12 43
389 2 32
390 20 16
391 24 31
392 12 41
393 19 16
394 0 44
395 15 26
396 31 48
397 31 46
398 4 31
399 31 49
400 11 42
401 4 32
402 25 31
403 3 32
404 30 47
405 2 32
406 3 32
407 49 42
408 40 39
409 31 48
410 49 43
411 34 5
412 35 5
413 32 46
414 39 40
415 12 42
416 22 17
417 13 41
418 29 48
419 4 31
420 0 42
421 34 5
422 20 16
423 35 5
424 30 46
425 43 20
426 20 17
427 39 39
428 24 31
429 11 42
430 44 20
431 34 5
432 23 17
433 25 31
434 22 31
435 24 31
436 0 43
437 31 49
438 20 16
439 31 46
440 25 31
441 3 33
442 4 32
443 12 44
444 15 25
445 19 15
446 19 16
447 35 5
448 3 32
449 2 32
450 18 15
451 3 32
452 30 46
453 39 40
454 43 20
455 34 5
456 12 42
457 39 39
458 31 48
459 12 43
460 44 21
461 11 42
462 41 39
463 31 49
464 30 48
465 29 48
466 21 31
467 18 14
468 2 31
469 31 46
470 1 31
471 12 42
472 49 42
473 11 42
474 43 21
475 22 17
476 22 15
477 20 16
478 43 20
479 19 16
480 40 39
481 43 21
482 12 42
483 12 41
484 41 39
485 35 5
486 1 42
487 20 16
488 22 31
489 0 44
490 0 31
491 0 42
492 30 47
493 34 5
494 0 43
495 39 40
496 1 42
497 24 31
498 3 33
499 3 32
500 15 26
501 0 44
502 0 42
503 4 31
504 4 32
505 40 39
506 25 31
507 13 41
508 39 39
509 30 48
510 22 16
511 32 46
512 3 33
513 49 43
514 0 43
515 30 46
516 3 32
517 3 33
518 12 44
519 18 15
520 0 44
521 38 40
522 12 43
523 19 16
524 43 20
525 24 31
526 39 40
527 4 31
528 21 31
529 31 46
530 39 39
531 18 14
532 30 46
533 3 32
534 29 48
535 12 41
536 22 15
537 12 44
538 13 41
539 31 46
540 0 43
541 30 47
542 22 31
543 4 32
544 31 48
545 49 42
546 35 5
547 1 31
548 12 43
549 39 40
550 31 49
551 0 45
552 34 5
553 12 41
554 32 46
555 20 16
556 12 45
557 30 48
558 21 31
559 49 43
560 25 31
561 13 41
562 22 16
563 18 15
564 29 48
565 0 44
566 30 48
567 39 39
568 39 40
569 22 31
570 0 45
571 18 14
572 49 42
573 18 15
574 29 48
575 43 21
576 12 44
577 31 46
578 4 31
579 18 14
580 12 41
581 44 21
582 12 42
583 12 43
584 15 25
585 11 42
586 23 17
587 30 46
588 30 48
589 19 16
590 0 44
591 30 47
592 22 17
593 43 21
594 32 46
595 0 43
596 35 5
597 0 31
598 21 31
599 31 46
600 0 44
601 0 45
602 4 32
603 0 44
604 15 26
605 12 42
606 22 16
607 40 39
608 1 45
609 4 31
610 49 43
611 22 31
612 32 46
613 31 48
614 24 31
615 12 44
616 15 25
617 22 17
618 22 15
619 12 43
620 31 46
621 20 16
622 39 39
623 22 16
624 12 44
625 29 48
626 21 31
627 43 20
628 1 46
629 25 31
630 49 42
631 12 43
632 12 44
633 12 43
634 30 46
635 0 43
636 30 47
637 4 32
638 38 40
639 22 31
640 11 42
641 4 31
642 3 33
643 30 48
644 43 21
645 18 15
646 21 31
647 18 14
648 22 31
649 44 20
650 19 16
651 3 32
652 39 40
653 34 5
654 0 44
655 32 46
656 1 45
657 12 42
658 24 31
659 43 20
660 29 48
661 37 40
662 21 31
663 35 5
664 44 21
665 34 5
666 30 48
667 22 15
668 43 21
669 15 26
670 15 25
671 39 39
672 49 43
673 11 42
674 31 49
675 3 33
676 39 40
677 49 42
678 12 44
679 35 5
680 25 31
681 29 48
682 1 31
683 37 41
684 1 46
685 0 31
686 31 46
687 44 20
688 0 43
689 30 46
690 0 44
691 22 31
692 12 42
693 3 32
694 15 26
695 30 47
696 39 39
697 30 48
698 43 20
699 30 46
700 44 21
701 12 43
702 31 48
703 30 47
704 1 31
705 12 44
706 0 43
707 1 45
708 0 44
709 13 41
710 3 33
711 21 31
712 3 32
713 3 33
714 18 15
715 23 17
716 29 48
717 31 49
718 12 43
719 39 40
720 0 43
721 24 31
722 1 46
723 30 46
724 12 41
725 25 31
726 49 43
727 43 21
728 30 48
729 44 20
730 1 45
731 11 42
732 37 40
733 20 16
734 37 41
735 34 5
736 1 46
737 22 17
738 22 16
739 43 20
740 35 5
741 22 15
742 37 40
743 22 16
744 13 41
745 29 48
746 44 20
747 24 31
748 4 32
749 43 20
750 30 47
751 23 17
752 31 48
753 45 20
754 34 5
755 44 20
756 30 46
757 30 47
758 19 16
759 0 44
760 32 46
761 39 39
762 4 31
763 25 31
764 18 14
765 30 48
766 0 43
767 24 31
768 35 5
769 31 49
770 22 17
771 31 48
772 30 46
773 31 49
774 39 40
775 31 46
776 32 47
777 3 32
778 0 44
779 39 39
780 25 31
781 31 48
782 15 25
783 0 43
784 0 31
785 24 31
786 43 21
787 1 45
788 22 15
789 18 15
790 32 46
791 22 31
792 4 32
793 43 20
794 49 42
795 1 46
796 31 49
797 29 48
798 30 46
799 1 31
800 20 16
801 12 42
802 34 5
803 44 20
804 11 42
805 30 48
806 39 40
807 22 16
808 12 44
809 31 46
810 32 47
811 22 15
812 0 31
813 15 26
814 43 20
815 44 20
816 21 31
817 1 45
818 12 41
819 23 17
820 3 33
821 1 46
822 32 46
823 31 48
824 15 25
825 43 20
826 15 26
827 35 5
828 25 31
829 3 32
830 24 31
831 44 21
832 0 44
833 22 31
834 12 42
835 1 31
836 15 25
837 25 31
838 22 17
839 12 43
840 21 31
841 12 42
842 22 31
843 34 5
844 49 43
845 4 31
846 23 17
847 31 49
848 12 43
849 12 42
850 31 46
851 12 43
852 32 46
853 49 42
854 0 43
855 31 48
856 31 46
857 11 42
858 15 26
859 19 16
860 31 49
861 35 5
862 34 5
863 24 31
864 22 17
865 49 43
866 12 44
867 18 14
868 29 48
869 1 45
870 39 39
871 49 42
872 12 43
873 32 46
874 1 46
875 0 44
876 30 48
877 15 25
878 49 43
879 22 16
880 43 21
881 0 43
882 25 31
883 3 33
884 4 32
885 3 32
886 12 44
887 21 31
888 23 17
889 49 42
890 37 41
891 22 17
892 12 42
893 15 26
894 22 15
895 44 20
896 22 31
897 49 43
898 15 25
899 37 40
900 23 17
901 24 31
902 32 47
903 29 48
904 32 46
905 31 47
906 43 20
907 21 31
908 22 17
909 22 16
910 18 15
911 31 48
912 31 46
913 31 49
914 1 45
915 12 43
916 35 5
917 22 31
918 39 40
919 13 41
920 12 41
921 31 48
922 18 14
923 49 42
924 23 17
925 30 48
926 22 17
927 37 41
928 18 15
929 29 48
930 39 39
931 18 14
932 12 45
933 30 48
934 31 49
935 29 48
936 12 44
937 4 31
938 4 32
939 3 33
940 13 41
941 12 41
942 0 31
943 32 47
944 4 31
945 32 46
946 23 16
947 39 40
948 4 32
949 20 16
950 11 45
951 23 17
952 44 20
953 12 43
954 31 48
955 25 31
956 30 48
957 12 45
958 37 40
959 29 48
960 13 41
961 37 41
962 22 16
963 37 40
964 22 17
965 21 31
966 1 46
967 34 5
968 35 5
969 4 31
970 4 32
971 0 44
972 12 44
973 3 32
974 1 45
975 19 16
976 3 33
977 1 31
978 22 16
979 43 20
980 0 31
981 31 49
982 24 31
983 12 43
984 30 48
985 49 43
986 1 46
987 45 20
988 32 47
989 3 32
990 32 46
991 49 42
992 31 48
993 31 49
994 20 16
995 22 17
996 3 33
997 1 31
998 4 31
999 44 20
1000 29 48
1001 1 45
1002 4 32
1003 31 47
1004 15 26
1005 12 41
1006 43 21
1007 12 44
1008 19 16
1009 12 42
1010 12 43
1011 39 39
1012 12 45
1013 1 46
1014 25 31
1015 15 25
1016 4 31
1017 23 17
1018 30 48
1019 49 43
1020 13 41
1021 34 5
1022 43 20
1023 12 44
1024 0 43
1025 0 44
1026 31 48
1027 35 5
1028 3 32
1029 34 5
1030 39 40
1031 22 31
1032 21 31
1033 12 41
1034 22 17
1035 31 49
1036 20 16
1037 44 21
1038 49 42
1039 0 43
1040 11 45
1041 0 44
1042 23 17
1043 12 43
1044 1 45
1045 31 46
1046 43 21
1047 44 20
1048 29 48
1049 18 15
1050 39 39
1051 22 17
1052 12 44
1053 19 16
1054 15 26
1055 23 16
1056 49 43
1057 0 31
1058 13 41
1059 35 5
1060 1 31
1061 31 48
1062 30 46
1063 20 16
1064 0 31
1065 37 41
1066 34 5
1067 39 40
1068 4 32
1069 19 16
1070 20 16
1071 4 31
1072 12 43
1073 31 46
1074 49 42
1075 30 48
1076 18 14
1077 4 32
1078 15 25
1079 3 33
1080 22 31
1081 4 31
1082 21 31
1083 12 41
1084 37 40
1085 24 31
1086 22 31
1087 23 17
1088 25 31
1089 35 5
1090 32 46
1091 13 41
1092 34 5
1093 1 31
1094 43 20
1095 12 44
1096 18 15
1097 3 32
1098 12 41
1099 22 17
1100 23 17
1101 3 33
1102 12 43
1103 22 16
1104 0 43
1105 49 43
1106 22 17
1107 13 41
1108 31 46
1109 30 46
1110 29 48
1111 35 5
1112 3 32
1113 19 16
1114 15 26
1115 0 44
1116 23 16
1117 0 43
1118 12 45
1119 18 14
1120 30 48
1121 23 17
1122 12 44
1123 22 16
1124 37 41
1125 20 16
1126 21 31
1127 18 15
1128 31 49
1129 15 25
1130 34 5
1131 35 5
1132 19 16
1133 39 39
1134 37 40
1135 43 21
1136 0 31
1137 43 20
1138 1 46
1139 12 42
1140 12 41
1141 18 14
1142 22 17
1143 29 48
1144 1 31
1145 22 31
1146 3 33
1147 20 16
1148 39 40
1149 15 26
1150 4 32
1151 43 21
1152 0 44
1153 15 25
1154 21 31
1155 13 41
1156 0 43
1157 18 15
1158 39 39
1159 23 16
1160 30 48
1161 12 41
1162 18 14
1163 4 31
1164 23 17
1165 39 40
1166 22 17
1167 43 20
1168 39 39
1169 4 32
1170 31 48
1171 0 44
1172 31 46
1173 22 31
1174 32 47
1175 24 31
1176 4 31
1177 34 5
1178 25 31
1179 44 20
1180 4 32
1181 23 17
1182 32 46
1183 19 16
1184 31 49
1185 12 43
1186 21 31
1187 31 47
1188 43 20
1189 12 44
1190 1 45
1191 31 46
1192 44 21
1193 22 17
1194 49 42
1195 39 40
1196 12 43
1197 24 31
1198 1 46
1199 43 21
1200 20 16
1201 23 17
1202 1 45
1203 49 43
1204 25 31
1205 23 16
1206 1 46
1207 31 48
1208 29 48
1209 3 32
1210 32 47
1211 39 39
1212 31 49
1213 3 33
1214 31 48
1215 4 31
1216 0 43
1217 44 20
1218 19 16
1219 43 20
1220 24 31
1221 49 42
1222 20 16
1223 37 41
1224 44 21
1225 0 44
1226 32 46
1227 39 40
1228 23 17
1229 19 16
1230 12 45
1231 30 48
1232 39 39
1233 0 31
1234 3 32
1235 0 43
1236 22 17
1237 23 17
1238 29 48
1239 32 47
1240 18 15
1241 22 17
1242 3 33
1243 30 48
1244 23 17
1245 32 46
1246 43 21
1247 39 40
1248 12 44
1249 12 45
1250 25 31
1251 20 16
1252 49 43
1253 31 49
1254 23 16
1255 37 40
1256 31 47
1257 43 20
1258 31 46
1259 1 45
1260 12 44
1261 35 5
1262 39 39
1263 23 17
1264 37 41
1265 0 44
1266 22 16
1267 18 14
1268 49 42
1269 37 40
1270 43 21
1271 32 47
1272 19 16
1273 43 20
1274 1 46
1275 37 41
1276 11 45
1277 1 31
1278 22 17
1279 0 43
1280 24 31
1281 20 16
1282 25 31
1283 29 48
1284 13 41
1285 34 5
1286 43 21
1287 19 16
1288 12 43
1289 37 40
1290 22 31
1291 22 15
1292 24 31
1293 25 31
1294 15 26
1295 37 41
1296 30 48
1297 12 45
1298 31 48
1299 49 43
1300 22 16
1301 31 49
1302 22 15
1303 37 40
1304 24 31
1305 18 15
1306 20 16
1307 12 44
1308 11 45
1309 35 5
1310 21 31
1311 12 41
1312 37 41
1313 31 48
1314 18 14
1315 12 43
1316 44 20
1317 31 49
1318 49 42
1319 12 45
1320 1 45
1321 0 31
1322 12 44
1323 22 31
1324 3 32
1325 37 40
1326 4 32
1327 25 31
1328 34 5
1329 4 31
1330 39 40
1331 12 43
1332 43 20
1333 13 41
1334 35 5
1335 37 41
1336 49 43
1337 12 41
1338 22 16
1339 23 17
1340 1 46
1341 32 46
1342 34 5
1343 21 31
1344 0 44
1345 35 5
1346 22 31
1347 12 44
1348 49 42
1349 15 25
1350 4 32
1351 37 40
1352 39 39
1353 1 31
1354 21 31
1355 22 17
1356 0 43
1357 29 48
1358 18 15
1359 15 26
1360 12 45
1361 31 48
1362 30 48
1363 31 47
1364 44 20
1365 3 33
1366 29 48
1367 39 40
1368 22 31
1369 39 39
1370 15 25
1371 12 44
1372 43 20
1373 49 43
1374 39 40
1375 31 49
1376 45 20
1377 24 31
1378 44 20
1379 15 26
1380 0 44
1381 39 39
1382 3 32
1383 22 16
1384 37 41
1385 45 20
1386 3 33
1387 31 46
1388 1 45
1389 43 21
1390 1 46
1391 11 45
1392 43 20
1393 18 14
1394 31 48
1395 15 25
1396 22 17
1397 12 43
1398 23 17
1399 22 17
1400 39 40
1401 23 17
1402 22 17
1403 4 31
1404 19 16
1405 0 43
1406 15 26
1407 49 42
1408 37 40
1409 34 5
1410 37 41
1411 23 17
1412 13 41
1413 12 41
1414 18 15
1415 12 45
1416 31 49
1417 1 45
1418 12 44
1419 37 40
1420 31 48
1421 31 49
1422 35 5
1423 21 31
1424 1 46
1425 37 41
1426 12 43
1427 22 17
1428 43 21
1429 34 5
1430 32 47
1431 22 31
1432 12 44
1433 18 14
1434 35 5
1435 32 46
1436 37 40
1437 4 32
1438 39 39
1439 30 48
1440 29 48
1441 43 20
1442 0 44
1443 37 41
1444 49 43
1445 23 17
1446 25 31
1447 22 17
1448 12 43
1449 0 43
1450 23 17
1451 20 16
1452 37 40
1453 43 21
1454 31 48
1455 39 40
1456 32 47
1457 32 46
1458 21 31
1459 34 5
1460 44 20
1461 35 5
1462 15 25
1463 43 20
1464 31 49
1465 39 39
1466 15 26
1467 12 44
1468 12 43
1469 4 31
1470 34 5
1471 30 46
1472 31 46
1473 13 41
1474 39 40
1475 49 42
1476 0 31
1477 22 17
1478 12 44
1479 30 48
1480 1 31
1481 29 48
1482 15 25
1483 35 5
1484 15 26
1485 1 45
1486 44 20
1487 49 43
1488 12 45
1489 12 41
1490 18 15
1491 34 5
1492 0 44
1493 43 20
1494 13 41
1495 22 16
1496 37 41
1497 12 44
1498 30 48
1499 31 48
1500 35 5
1501 15 25
1502 43 21
1503 12 41
1504 29 48
1505 49 42
1506 22 17
1507 24 31
1508 13 41
1509 3 32
1510 25 31
1511 0 43
1512 1 46
1513 18 14
1514 15 26
1515 19 16
1516 31 49
1517 34 5
1518 23 16
1519 30 48
1520 12 41
1521 43 20
1522 22 31
1523 0 31
1524 23 17
1525 3 33
1526 18 15
1527 24 31
1528 20 16
1529 32 47
1530 49 43
1531 21 31
1532 35 5
1533 1 31
1534 13 41
1535 49 42
1536 19 16
1537 12 42
1538 18 14
1539 18 15
1540 37 40
1541 49 43
1542 32 46
1543 1 45
1544 31 48
1545 12 43
1546 4 32
1547 22 31
1548 37 41
1549 12 41
1550 4 31
1551 39 39
1552 15 25
1553 49 42
1554 18 14
1555 29 48
1556 30 48
1557 25 31
1558 12 44
1559 31 47
1560 0 44
1561 29 48
1562 20 16
1563 49 43
1564 34 5
1565 13 41
1566 12 41
1567 37 40
1568 44 20
1569 1 46
1570 12 43
1571 31 46
1572 24 31
1573 0 31
1574 21 31
1575 22 16
1576 22 17
1577 39 40
1578 22 15
1579 35 5
1580 30 46
1581 22 16
1582 23 17
1583 31 46
1584 12 44
1585 22 17
1586 3 32
1587 1 45
1588 18 15
1589 12 43
1590 13 41
1591 22 15
1592 18 14
1593 18 15
1594 39 39
1595 30 46
1596 3 33
1597 25 31
1598 31 46
1599 32 46
1600 31 46
1601 30 48
1602 43 20
1603 12 41
1604 0 43
1605 44 20
1606 39 40
1607 31 49
1608 43 20
1609 19 16
1610 23 17
1611 22 16
1612 0 44
1613 0 43
1614 20 16
1615 15 26
1616 3 32
1617 39 39
1618 29 48
1619 12 42
1620 22 17
1621 15 25
1622 39 40
1623 32 47
1624 37 41
1625 37 40
1626 3 33
1627 13 41
1628 12 43
1629 22 15
1630 11 42
1631 19 16
1632 23 17
1633 34 5
1634 1 31
1635 12 42
1636 0 31
1637 22 17
1638 49 42
1639 22 16
1640 22 31
1641 30 48
1642 4 32
1643 21 31
1644 43 21
1645 23 17
1646 22 17
1647 12 41
1648 35 5
1649 23 16
1650 43 20
1651 39 39
1652 49 43
1653 3 32
1654 18 14
1655 12 44
1656 32 46
1657 31 46
1658 45 20
1659 0 44
1660 3 33
1661 29 48
1662 13 41
1663 20 16
1664 3 32
1665 30 48
1666 22 31
1667 1 31
1668 15 26
1669 21 31
1670 1 46
1671 32 46
1672 3 33
1673 37 41
1674 43 21
1675 19 16
1676 43 20
1677 0 43
1678 31 46
1679 20 16
1680 19 16
1681 34 5
1682 12 43
1683 29 48
1684 0 44
1685 44 20
1686 22 31
1687 32 46
1688 1 45
1689 23 17
1690 24 31
1691 49 42
1692 43 21
1693 15 25
1694 12 41
1695 18 15
1696 21 31
1697 12 42
1698 31 46
1699 49 43
1700 0 43
1701 4 31
1702 22 31
1703 0 31
1704 15 26
1705 43 20
1706 13 41
1707 31 48
1708 32 46
1709 15 25
1710 35 5
1711 39 40
1712 0 44
1713 49 42
1714 30 48
1715 37 40
1716 1 31
1717 44 21
1718 31 49
1719 31 47
1720 49 43
1721 15 26
1722 0 31
1723 43 21
1724 12 43
1725 39 39
1726 0 43
1727 22 17
1728 4 32
1729 29 48
1730 0 44
1731 25 31
1732 21 31
1733 44 20
1734 23 17
1735 12 41
1736 18 14
1737 49 42
1738 31 48
1739 23 16
1740 23 17
1741 22 17
1742 18 15
1743 30 48
1744 1 46
1745 31 46
1746 18 14
1747 22 31
1748 12 45
1749 49 43
1750 24 31
1751 49 42
1752 15 25
1753 31 49
1754 43 20
1755 12 44
1756 23 17
1757 39 40
1758 29 48
1759 1 31
1760 4 31
1761 0 43
1762 30 48
1763 4 32
1764 49 43
1765 37 41
1766 45 20
1767 20 16
1768 4 31
1769 0 44
1770 12 43
1771 37 40
1772 29 48
1773 0 43
1774 0 31
1775 12 44
1776 31 48
1777 43 21
1778 39 39
1779 25 31
1780 39 40
1781 18 15
1782 30 46
1783 0 44
1784 43 20
1785 34 5
1786 1 31
1787 44 20
1788 31 46
1789 22 16
1790 32 47
1791 45 20
1792 37 41
1793 24 31
1794 11 45
1795 49 42
1796 0 31
1797 25 31
1798 31 49
1799 12 43
1800 49 43
1801 19 16
1802 1 31
1803 43 21
1804 15 26
1805 49 42
1806 18 14
1807 35 5
1808 24 31
1809 0 31
1810 25 31
1811 22 17
1812 30 48
1813 29 48
1814 39 39
1815 20 16
1816 31 48
1817 30 48
1818 32 46
1819 31 49
1820 49 43
1821 39 40
1822 31 48
1823 39 39
1824 39 40
1825 31 47
1826 19 16
1827 1 45
1828 21 31
1829 3 32
1830 3 33
1831 44 20
1832 31 46
1833 30 46
1834 22 16
1835 37 40
1836 18 15
1837 12 44
1838 12 45
1839 0 43
1840 3 32
1841 22 17
1842 39 39
1843 13 41
1844 11 45
1845 23 17
1846 34 5
1847 24 31
1848 31 46
1849 49 42
1850 22 17
1851 49 43
1852 25 31
1853 30 46
1854 22 15
1855 18 14
1856 22 16
1857 35 5
1858 31 46
1859 4 32
1860 43 20
1861 22 15
1862 24 31
1863 3 33
1864 32 46
1865 25 31
1866 31 49
1867 39 40
1868 39 39
1869 20 16
1870 23 17
1871 19 16
1872 37 41
1873 24 31
1874 15 25
1875 15 26
1876 44 21
1877 31 46
1878 1 46
1879 43 21
1880 39 40
1881 25 31
1882 3 32
1883 24 31
1884 22 17
1885 20 16
1886 12 43
1887 12 44
1888 15 25
1889 1 31
1890 37 40
1891 1 45
1892 12 45
1893 0 44
1894 0 31
1895 4 31
1896 12 43
1897 22 31
1898 32 46
1899 31 48
1900 37 41
1901 21 31
1902 44 21
1903 49 42
1904 12 44
1905 22 16
1906 31 49
1907 31 48
1908 29 48
1909 31 46
1910 22 15
1911 30 47
1912 37 40
1913 15 26
1914 18 15
1915 31 49
1916 15 25
1917 22 31
1918 12 41
1919 30 46
1920 13 41
1921 18 14
1922 25 31
1923 31 48
1924 12 45
1925 39 39
1926 0 43
1927 43 21
1928 0 44
1929 12 44
1930 22 16
1931 21 31
1932 4 32
1933 3 33
1934 19 16
1935 11 45
1936 22 31
1937 1 46
1938 12 41
1939 32 46
1940 31 46
1941 22 15
1942 13 41
1943 4 31
1944 1 31
1945 31 49
1946 22 16
1947 24 31
1948 23 17
1949 4 32
1950 32 47
1951 3 32
1952 49 43
1953 22 17
1954 4 31
1955 44 21
1956 22 16
1957 43 21
1958 12 41
1959 4 32
1960 44 21
1961 30 48
1962 39 40
1963 22 17
1964 0 31
1965 1 45
1966 25 31
1967 15 26
1968 43 21
1969 18 15
1970 32 46
1971 1 46
1972 13 41
1973 0 43
1974 21 31
1975 12 45
1976 22 31
1977 24 31
1978 23 16
1979 31 48
1980 44 21
1981 12 41
1982 23 17
1983 20 16
1984 22 17
1985 21 31
1986 29 48
1987 1 31
1988 25 31
1989 23 17
1990 30 48
1991 13 41
1992 12 43
1993 31 49
1994 19 16
1995 15 25
1996 12 44
1997 29 48
1998 15 26
1999 43 21
2000 12 42
2001 1 45
2002 24 31
2003 12 43
2004 0 44
2005 30 48
2006 22 31
2007 4 31
2008 31 46
2009 32 46
2010 37 41
2011 1 46
2012 25 31
2013 30 46
2014 37 40
2015 43 20
2016 31 46
2017 0 43
2018 34 5
2019 4 32
2020 1 45
2021 15 25
2022 24 31
2023 25 31
2024 18 14
2025 23 16
2026 12 44
2027 21 31
2028 18 15
2029 18 14
2030 12 41
2031 20 16
2032 49 42
2033 49 43
2034 35 5
2035 18 15
2036 18 14
2037 12 43
2038 30 46
2039 29 48
2040 13 41
2041 3 33
2042 1 46
2043 34 5
2044 49 42
2045 23 17
2046 49 43
2047 39 39
2048 30 48
2049 31 46
2050 30 46
2051 39 40
2052 24 31
2053 12 41
2054 15 26
2055 22 31
2056 35 5
2057 31 46
2058 34 5
2059 15 25
2060 18 15
2061 0 44
2062 4 31
2063 25 31
2064 4 32
2065 3 32
2066 12 45
2067 18 14
2068 37 41
2069 4 31
2070 18 15
2071 12 44
2072 21 31
2073 18 14
2074 18 15
2075 30 47
2076 0 31
2077 30 46
2078 0 43
2079 22 16
2080 13 41
2081 22 31
2082 24 31
2083 32 46
2084 31 46
2085 37 40
2086 30 47
2087 15 26
2088 1 31
2089 39 39
2090 1 45
2091 3 33
2092 25 31
2093 3 32
2094 22 17
2095 23 16
2096 1 46
2097 12 41
2098 18 14
2099 37 41
2100 43 21
2101 21 31
2102 32 46
2103 12 45
2104 22 31
2105 35 5
2106 0 44
2107 34 5
2108 19 16
2109 24 31
2110 31 48
2111 44 21
2112 0 43
2113 31 49
2114 1 45
2115 12 44
2116 31 48
2117 3 33
2118 20 16
2119 25 31
2120 29 48
2121 0 31
2122 1 46
2123 1 45
2124 35 5
2125 13 41
2126 31 49
2127 31 48
2128 43 21
2129 11 45
2130 1 46
2131 19 16
2132 31 49
2133 1 45
2134 12 41
2135 31 48
2136 37 40
2137 21 31
2138 49 42
2139 1 46
2140 13 41
2141 37 41
2142 4 32
2143 1 31
2144 44 21
2145 34 5
2146 35 5
2147 15 25
2148 12 45
2149 39 40
2150 0 44
2151 34 5
2152 35 5
2153 4 31
2154 12 43
2155 1 45
2156 23 17
2157 30 46
2158 15 26
2159 0 43
2160 31 49
2161 15 25
2162 43 21
2163 22 16
2164 31 46
2165 22 17
2166 44 20
2167 43 20
2168 22 15
2169 37 40
2170 49 43
2171 12 41
2172 1 46
2173 3 32
2174 12 44
2175 49 42
2176 34 5
2177 22 16
2178 22 15
2179 32 47
2180 24 31
2181 44 21
2182 11 45
2183 1 45
2184 39 39
2185 15 26
2186 43 21
2187 4 32
2188 35 5
2189 32 46
2190 44 21
2191 25 31
2192 22 31
2193 12 43
2194 1 46
2195 24 31
2196 43 21
2197 39 40
2198 34 5
2199 1 45
2200 3 33
2201 30 48
2202 22 16
2203 35 5
2204 30 46
2205 0 44
2206 1 46
2207 18 15
2208 12 44
2209 29 48
2210 12 45
2211 44 20
2212 11 45
2213 12 43
2214 37 41
2215 37 40
2216 0 43
2217 39 39
2218 43 20
2219 1 45
2220 12 44
2221 31 46
2222 44 20
2223 12 45
2224 39 40
2225 37 41
2226 34 5
2227 32 46
2228 0 44
2229 25 31
2230 0 31
2231 31 48
2232 43 20
2233 43 21
2234 31 46
2235 24 31
2236 4 31
2237 20 16
2238 15 25
2239 30 48
2240 39 39
2241 35 5
2242 37 40
2243 4 32
2244 39 40
2245 43 20
2246 30 46
2247 31 46
2248 21 31
2249 37 41
2250 49 43
2251 31 49
2252 19 16
2253 29 48
2254 23 17
2255 11 45
2256 0 43
2257 22 17
2258 30 48
2259 1 31
2260 49 42
2261 15 26
2262 20 16
2263 44 20
2264 15 25
2265 43 20
2266 0 31
2267 18 14
2268 1 46
2269 12 43
2270 25 31
2271 19 16
2272 22 16
2273 31 48
2274 22 31
2275 12 45
2276 12 44
2277 4 31
2278 44 21
2279 29 48
2280 22 17
2281 31 49
2282 23 16
2283 15 26
2284 49 43
2285 24 31
2286 11 45
2287 20 16
2288 49 42
2289 31 48
2290 39 39
2291 19 16
2292 31 49
2293 0 44
2294 49 43
2295 12 43
2296 43 21
2297 4 32
2298 3 32
2299 44 20
2300 23 17
2301 12 45
2302 43 20
2303 30 46
2304 31 46
2305 12 44
2306 39 40
2307 25 31
2308 32 47
2309 20 16
2310 34 5
2311 31 48
2312 19 16
2313 22 17
2314 35 5
2315 1 45
2316 12 45
2317 32 46
2318 21 31
2319 39 39
2320 13 41
2321 45 20
2322 15 25
2323 1 31
2324 31 49
2325 23 17
2326 0 31
2327 31 48
2328 22 16
2329 43 21
2330 15 26
2331 1 31
2332 39 40
2333 3 33
2334 0 43
2335 12 41
2336 31 46
2337 32 46
2338 31 49
2339 31 47
2340 37 40
2341 34 5
2342 31 46
2343 12 44
2344 43 20
2345 31 48
2346 37 41
2347 32 46
2348 15 25
2349 22 17
2350 22 31
2351 13 41
2352 43 21
2353 43 20
2354 37 40
2355 35 5
2356 31 49
2357 12 41
2358 0 44
2359 20 16
2360 13 41
2361 49 42
2362 37 41
2363 31 46
2364 11 45
2365 39 39
2366 44 20
2367 37 40
2368 23 17
2369 3 32
2370 0 43
2371 0 44
2372 21 31
2373 1 46
2374 31 48
2375 12 45
2376 12 41
2377 11 45
2378 32 47
2379 12 43
2380 0 31
2381 12 44
2382 34 5
2383 15 26
2384 15 25
2385 31 49
2386 3 33
2387 49 43
2388 35 5
2389 1 31
2390 30 48
2391 4 31
2392 32 46
2393 0 43
2394 1 45
2395 22 17
2396 18 15
2397 3 32
2398 3 33
2399 39 40
2400 12 43
2401 49 42
2402 4 32
2403 34 5
2404 22 31
2405 23 16
2406 37 41
2407 12 44
2408 30 46
2409 13 41
2410 29 48
2411 0 31
2412 31 46
2413 39 39
2414 15 26
2415 0 44
2416 30 46
2417 23 17
2418 15 25
2419 1 46
2420 43 21
2421 37 40
2422 49 43
2423 3 32
2424 1 31
2425 12 41
2426 21 31
2427 31 46
2428 18 14
2429 15 26
2430 35 5
2431 39 40
2432 12 45
2433 24 31
2434 12 43
2435 34 5
2436 35 5
2437 22 16
2438 31 48
2439 34 5
2440 19 16
2441 22 17
2442 43 20
2443 13 41
2444 32 46
2445 30 48
2446 22 31
2447 3 33
2448 18 15
2449 37 41
2450 12 41
2451 25 31
2452 39 39
2453 49 42
2454 0 31
2455 44 21
2456 24 31
2457 15 25
2458 3 32
2459 1 45
2460 37 40
2461 23 16
2462 39 40
2463 43 21
2464 31 46
2465 4 31
2466 30 47
2467 35 5
2468 3 33
2469 12 44
2470 21 31
2471 12 45
2472 12 44
2473 49 43
2474 39 39
2475 0 43
2476 25 31
2477 39 40
2478 23 17
2479 12 42
2480 1 46
2481 1 45
2482 29 48
2483 0 44
2484 13 41
2485 39 39
2486 20 16
2487 39 40
2488 49 42
2489 34 5
2490 3 32
2491 15 26
2492 37 41
2493 12 43
2494 22 17
2495 32 46
2496 1 46
2497 24 31
2498 11 42
2499 31 49
2500 39 39
2501 31 48
2502 44 21
2503 43 21
2504 22 31
2505 21 31
2506 44 20
2507 1 45
2508 12 42
2509 30 46
2510 49 43
2511 25 31
2512 12 41
2513 15 25
2514 35 5
2515 13 41
2516 12 41
2517 23 17
2518 43 20
2519 31 49
2520 12 44
2521 22 16
2522 31 46
2523 0 43
2524 44 20
2525 22 17
2526 34 5
2527 30 46
2528 31 46
2529 43 20
2530 35 5
2531 3 33
2532 18 14
2533 23 17
2534 39 40
2535 49 42
2536 22 17
2537 37 40
2538 4 32
2539 37 41
2540 32 46
2541 12 43
2542 44 20
2543 0 44
2544 43 20
2545 44 20
2546 18 15
2547 39 39
2548 19 16
2549 43 20
2550 1 31
2551 20 16
2552 4 31
2553 13 41
2554 4 32
2555 30 48
2556 0 43
2557 31 48
2558 22 16
2559 31 46
2560 43 21
2561 39 40
2562 19 16
2563 15 26
2564 34 5
2565 15 25
2566 24 31
2567 18 14
2568 30 47
2569 29 48
2570 11 42
2571 12 42
2572 22 31
2573 35 5
2574 22 17
2575 43 20
2576 12 44
2577 44 21
2578 32 46
2579 43 21
2580 34 5
2581 20 16
2582 1 46
2583 22 15
2584 49 43
2585 30 46
2586 31 46
2587 30 48
2588 12 43
2589 15 26
2590 39 39
2591 49 42
2592 25 31
2593 32 47
2594 44 20
2595 29 48
2596 12 41
2597 32 46
2598 12 44
2599 18 15
2600 21 31
2601 19 16
2602 37 40
2603 22 16
2604 13 41
2605 22 31
2606 21 31
2607 43 20
2608 22 31
2609 15 25
2610 21 31
2611 22 31
2612 4 31
2613 12 41
2614 23 17
2615 22 17
2616 31 49
2617 20 16
2618 31 46
2619 13 41
2620 30 48
2621 23 16
2622 44 20
2623 23 17
2624 22 16
2625 32 46
2626 32 47
2627 39 40
2628 29 48
2629 18 14
2630 37 41
2631 43 20
2632 21 31
2633 44 20
2634 39 39
2635 35 5
2636 22 17
2637 43 20
2638 24 31
2639 1 45
2640 4 32
2641 34 5
2642 31 48
2643 25 31
2644 22 31
2645 35 5
2646 49 43
2647 0 31
2648 19 16
2649 15 26
2650 18 15
2651 12 43
2652 1 31
2653 30 48
2654 32 46
2655 0 44
2656 21 31
2657 34 5
2658 0 31
2659 35 5
2660 49 42
2661 0 43
2662 44 21
2663 23 16
2664 12 44
2665 12 43
2666 29 48
2667 3 32
2668 4 31
2669 12 42
2670 37 40
2671 37 41
2672 12 41
2673 4 32
2674 34 5
2675 23 17
2676 30 48
2677 4 31
2678 31 47
2679 20 16
2680 15 25
2681 35 5
2682 0 44
2683 39 40
2684 22 31
2685 12 43
2686 43 21
2687 1 46
2688 22 16
2689 22 17
2690 29 48
2691 44 20
2692 31 49
2693 30 48
2694 3 33
2695 15 26
2696 3 32
2697 39 39
2698 1 31
2699 31 48
2700 13 41
2701 12 41
2702 19 16
2703 15 25
2704 3 33
2705 49 43
2706 49 42
2707 31 49
2708 3 32
2709 43 20
2710 22 15
2711 31 46
2712 30 46
2713 0 43
2714 11 42
2715 24 31
2716 37 40
2717 31 46
2718 39 40
2719 39 39
2720 49 43
2721 22 16
2722 34 5
2723 44 20
2724 43 20
2725 20 16
2726 37 41
2727 4 32
2728 1 45
2729 13 41
2730 29 48
2731 0 31
2732 30 48
2733 23 17
2734 37 40
2735 37 41
2736 39 40
2737 29 48
2738 25 31
2739 3 33
2740 31 48
2741 31 49
2742 19 16
2743 31 48
2744 18 14
2745 32 47
2746 1 46
2747 22 17
2748 20 16
2749 1 31
2750 32 46
2751 4 31
2752 4 32
2753 12 41
2754 37 40
2755 19 16
2756 20 16
2757 49 42
2758 4 31
2759 12 44
2760 22 16
2761 44 21
2762 39 39
2763 4 32
2764 15 26
2765 0 44
2766 30 48
2767 4 31
2768 30 46
2769 24 31
2770 0 43
2771 3 32
2772 0 44
2773 35 5
2774 22 17
2775 22 16
2776 1 45
2777 29 48
2778 18 15
2779 18 14
2780 31 46
2781 22 17
2782 32 46
2783 0 43
2784 19 16
2785 31 46
2786 1 46
2787 30 48
2788 30 46
2789 0 31
2790 20 16
2791 3 33
2792 18 15
2793 4 32
2794 3 32
2795 29 48
2796 12 43
2797 34 5
2798 23 17
2799 25 31
2800 43 21
2801 35 5
2802 12 44
2803 22 17
2804 1 45
2805 12 43
2806 30 48
2807 13 41
2808 39 40
2809 49 43
2810 1 31
2811 0 44
2812 31 46
2813 3 33
2814 43 20
2815 19 16
2816 49 42
2817 12 42
2818 21 31
2819 11 42
2820 22 16
2821 22 17
2822 0 31
2823 43 21
2824 15 25
2825 0 43
2826 31 49
2827 3 32
2828 4 31
2829 24 31
2830 23 16
2831 12 42
2832 44 21
2833 30 47
2834 43 21
2835 29 48
2836 0 44
2837 23 17
2838 20 16
2839 32 46
2840 4 32
2841 31 48
2842 30 46
2843 11 42
2844 44 20
2845 0 43
2846 12 44
2847 15 26
2848 0 44
2849 12 42
2850 31 46
2851 49 43
2852 18 14
2853 22 17
2854 22 31
2855 23 17
2856 15 25
2857 18 15
2858 30 47
2859 43 20
2860 19 16
2861 18 14
2862 39 39
2863 23 16
2864 31 49
2865 15 26
2866 23 17
2867 1 46
2868 37 41
2869 12 43
2870 25 31
2871 12 42
2872 1 45
2873 32 46
2874 30 48
2875 1 46
2876 0 43
2877 39 40
2878 22 17
2879 30 46
2880 49 42
2881 20 16
2882 31 48
2883 1 45
2884 18 15
2885 49 43
2886 24 31
2887 21 31
2888 3 33
2889 3 32
2890 18 14
2891 12 43
2892 29 48
2893 23 17
2894 31 49
2895 25 31
2896 34 5
2897 23 16
2898 0 44
2899 35 5
2900 24 31
2901 45 20
2902 12 41
2903 43 21
2904 3 33
2905 4 31
2906 30 48
2907 23 17
2908 18 15
2909 4 32
2910 31 46
2911 4 31
2912 0 43
2913 13 41
2914 12 41
2915 12 44
2916 3 32
2917 15 25
2918 49 42
2919 19 16
2920 37 40
2921 22 16
2922 25 31
2923 32 47
2924 0 44
2925 20 16
2926 4 32
2927 0 43
2928 32 46
2929 18 14
2930 34 5
2931 12 43
2932 31 48
2933 43 20
2934 31 47
2935 1 46
2936 12 42
2937 31 46
2938 37 41
2939 4 31
2940 49 43
2941 32 47
2942 31 49
2943 0 44
2944 18 15
2945 3 33
2946 22 17
2947 15 26
2948 35 5
2949 4 32
2950 34 5
2951 13 41
2952 35 5
2953 22 16
2954 39 39
2955 1 45
2956 15 25
2957 1 31
2958 4 31
2959 43 21
2960 37 40
2961 22 17
2962 44 20
2963 22 31
2964 43 20
2965 32 46
2966 4 32
2967 44 21
2968 22 15
2969 32 47
2970 32 46
2971 18 14
2972 4 31
2973 31 46
2974 32 46
2975 43 21
2976 31 46
2977 4 32
2978 39 40
2979 43 20
2980 23 17
2981 0 31
2982 0 43
2983 3 32
2984 22 16
2985 19 16
2986 15 26
2987 32 46
2988 12 41
2989 43 21
2990 0 44
2991 0 43
2992 29 48
2993 22 17
2994 21 31
2995 44 21
2996 31 48
2997 12 43
2998 49 42
2999 30 48
3000 24 31
3001 49 43
3002 3 33
3003 49 42
3004 37 41
3005 37 40
3006 18 15
3007 31 46
3008 22 31
3009 18 14
3010 43 21
3011 32 46
3012 32 47
3013 49 43
3014 32 46
3015 43 20
3016 43 21
3017 20 16
3018 13 41
3019 23 17
3020 0 44
3021 39 39
3022 11 42
3023 22 17
3024 1 46
3025 43 20
3026 30 46
3027 43 21
3028 25 31
3029 15 25
3030 22 16
3031 12 44
3032 12 43
3033 12 44
3034 3 32
3035 15 26
3036 21 31
3037 1 31
3038 12 41
3039 13 41
3040 31 46
3041 1 45
3042 34 5
3043 0 43
3044 31 49
3045 31 48
3046 22 17
3047 39 40
3048 12 41
3049 15 25
3050 22 31
3051 39 39
3052 12 43
3053 30 46
3054 18 15
3055 18 14
3056 31 49
3057 0 44
3058 35 5
3059 44 21
3060 43 21
3061 12 44
3062 31 46
3063 21 31
3064 44 20
3065 0 31
3066 18 15
3067 15 26
3068 19 16
3069 23 16
3070 1 31
3071 12 42
3072 31 48
3073 18 14
3074 31 49
3075 32 46
3076 12 43
3077 15 25
3078 43 20
3079 49 42
3080 15 26
3081 44 20
3082 24 31
3083 49 43
3084 20 16
3085 3 33
3086 25 31
3087 13 41
3088 29 48
3089 15 25
3090 31 46
3091 22 31
3092 30 47
3093 23 17
3094 15 26
3095 43 20
3096 1 46
3097 24 31
3098 31 48
3099 32 46
3100 25 31
3101 30 48
3102 22 16
3103 39 40
3104 31 46
3105 24 31
3106 49 42
3107 31 49
3108 25 31
3109 30 46
3110 0 43
3111 3 32
3112 12 44
3113 0 44
3114 45 20
3115 3 33
3116 1 45
3117 12 43
3118 22 17
3119 1 46
3120 39 39
3121 31 48
3122 12 41
3123 30 47
3124 15 25
3125 0 31
3126 39 40
3127 21 31
3128 32 46
3129 44 20
3130 11 42
3131 31 46
3132 34 5
3133 29 48
3134 30 46
3135 24 31
3136 23 17
3137 19 16
3138 31 49
3139 12 44
3140 13 41
3141 32 46
3142 31 46
3143 22 17
3144 15 26
3145 0 43
3146 12 43
3147 35 5
3148 1 45
3149 43 21
3150 18 15
3151 43 20
3152 37 41
3153 0 44
3154 23 16
3155 18 14
3156 12 44
3157 30 48
3158 39 39
3159 34 5
3160 1 46
3161 20 16
3162 12 41
3163 4 31
3164 12 43
3165 15 25
3166 13 41
3167 12 41
3168 25 31
3169 39 40
3170 15 26
3171 29 48
3172 12 44
3173 37 40
3174 15 25
3175 30 48
3176 29 48
3177 24 31
3178 4 32
3179 13 41
3180 39 39
3181 44 20
3182 32 47
3183 4 31
3184 4 32
3185 19 16
3186 18 15
3187 43 20
3188 1 31
3189 1 45
3190 30 48
3191 1 46
3192 43 21
3193 35 5
3194 3 32
3195 12 41
3196 1 45
3197 43 20
3198 22 31
3199 23 17
3200 39 40
3201 13 41
3202 12 43
3203 34 5
3204 25 31
3205 49 43
3206 12 41
3207 24 31
3208 49 42
3209 20 16
3210 19 16
3211 32 46
3212 29 48
3213 18 14
3214 30 48
3215 31 48
3216 21 31
3217 12 44
3218 22 16
3219 3 33
3220 12 43
3221 0 43
3222 12 42
3223 35 5
3224 22 31
3225 44 21
3226 49 43
3227 25 31
3228 49 42
3229 3 32
3230 1 46
3231 22 17
3232 15 26
3233 12 44
3234 49 43
3235 20 16
3236 13 41
3237 49 42
3238 31 46
3239 18 15
3240 18 14
3241 37 41
3242 0 44
3243 37 40
3244 19 16
3245 4 31
3246 32 46
3247 1 45
3248 29 48
3249 3 33
3250 43 21
3251 18 15
3252 15 25
3253 12 41
3254 31 47
3255 20 16
3256 24 31
3257 0 43
3258 44 20
3259 4 32
3260 30 48
3261 49 43
3262 4 31
3263 18 14
3264 21 31
3265 0 31
3266 23 16
3267 43 20
3268 12 43
3269 25 31
3270 12 45
3271 12 44
3272 12 45
3273 12 44
3274 12 45
3275 31 46
3276 13 41
3277 39 39
3278 3 32
3279 23 17
3280 12 41
3281 29 48
3282 37 41
3283 23 16
3284 44 20
3285 15 26
3286 15 25
3287 30 46
3288 31 49
3289 24 31
3290 23 17
3291 22 31
3292 43 20
3293 23 16
3294 23 17
3295 1 46
3296 1 45
3297 22 17
3298 39 40
3299 37 40
3300 43 21
3301 25 31
3302 31 46
3303 30 47
3304 12 44
3305 30 46
3306 1 31
3307 1 46
3308 34 5
3309 0 44
3310 21 31
3311 37 41
3312 15 26
3313 12 45
3314 15 25
3315 23 17
3316 15 26
3317 31 48
3318 22 31
3319 18 15
3320 4 32
3321 49 42
3322 22 16
3323 3 33
3324 37 40
3325 49 43
3326 12 44
3327 19 16
3328 13 41
3329 0 31
3330 39 39
3331 12 41
3332 20 16
3333 32 46
3334 18 14
3335 22 17
3336 18 15
3337 4 31
3338 31 46
3339 35 5
3340 24 31
3341 12 43
3342 22 15
3343 25 31
3344 22 16
3345 18 14
3346 13 41
3347 32 46
3348 43 20
3349 3 32
3350 31 49
3351 31 46
3352 15 25
3353 31 48
3354 30 46
3355 31 46
3356 4 32
3357 12 41
3358 30 47
3359 34 5
3360 12 44
3361 31 49
3362 30 46
3363 30 47
3364 23 17
3365 11 45
3366 12 43
3367 49 42
3368 13 41
3369 12 45
3370 1 45
3371 35 5
3372 12 44
3373 4 31
3374 0 43
3375 3 33
3376 37 41
3377 1 31
3378 4 32
3379 1 46
3380 44 21
3381 18 15
3382 49 43
3383 19 16
3384 30 46
3385 39 40
3386 1 45
3387 37 40
3388 43 21
3389 39 39
3390 21 31
3391 20 16
3392 18 14
3393 0 44
3394 11 45
3395 24 31
3396 12 41
3397 0 43
3398 12 45
3399 13 41
3400 4 31
3401 30 47
3402 22 31
3403 32 46
3404 3 32
3405 44 20
3406 31 46
3407 25 31
3408 11 45
3409 43 20
3410 31 48
3411 4 32
3412 39 40
3413 22 17
3414 3 33
3415 30 48
3416 3 32
3417 37 41
3418 43 21
3419 18 15
3420 4 31
3421 15 26
3422 15 25
3423 3 33
3424 39 39
3425 0 44
3426 31 49
3427 22 16
3428 0 43
3429 24 31
3430 3 32
3431 34 5
3432 1 46
3433 22 17
3434 30 46
3435 19 16
3436 49 42
3437 37 40
3438 0 31
3439 20 16
3440 1 45
3441 31 48
3442 4 32
3443 37 41
3444 43 20
3445 19 16
3446 23 17
3447 44 21
3448 32 46
3449 25 31
3450 21 31
3451 29 48
3452 39 40
3453 31 49
3454 31 46
3455 31 48
3456 37 40
3457 1 31
3458 32 46
3459 49 43
3460 3 33
3461 0 31
3462 12 45
3463 1 46
3464 31 46
3465 3 32
3466 30 47
3467 49 42
3468 30 48
3469 43 21
3470 22 17
3471 12 43
3472 24 31
3473 25 31
3474 23 16
3475 44 21
3476 12 41
3477 35 5
3478 22 31
3479 21 31
3480 30 46
3481 29 48
3482 31 49
3483 13 41
3484 0 44
3485 49 43
3486 30 47
3487 49 42
3488 43 21
3489 1 31
3490 39 39
3491 30 48
3492 49 43
3493 20 16
3494 0 31
3495 23 17
3496 15 26
3497 32 46
3498 12 41
3499 29 48
3500 22 16
3501 30 46
3502 0 43
3503 4 31
3504 13 41
3505 1 45
3506 31 48
3507 34 5
3508 22 17
3509 15 25
3510 43 20
3511 4 32
3512 31 49
3513 49 42
3514 31 46
3515 39 40
3516 30 47
3517 24 31
3518 30 48
3519 31 48
3520 29 48
3521 4 31
3522 18 14
3523 25 31
3524 1 46
3525 35 5
3526 37 41
3527 37 40
3528 22 31
3529 12 41
3530 43 21
3531 37 41
3532 32 46
3533 23 17
3534 31 46
3535 34 5
3536 12 44
3537 37 40
3538 31 49
3539 18 15
3540 1 45
3541 30 48
3542 1 46
3543 3 33
3544 19 16
3545 21 31
3546 35 5
3547 32 46
3548 44 20
3549 15 26
3550 34 5
3551 1 45
3552 22 17
3553 22 31
3554 22 16
3555 39 39
3556 21 31
3557 18 14
3558 39 40
3559 29 48
3560 0 44
3561 31 46
3562 30 46
3563 18 15
3564 43 20
3565 37 41
3566 18 14
3567 12 42
3568 12 43
3569 11 42
3570 18 15
3571 12 44
3572 30 48
3573 22 31
3574 20 16
3575 44 21
3576 35 5
3577 49 43
3578 24 31
3579 29 48
3580 13 41
3581 43 21
3582 19 16
3583 18 14
3584 31 48
3585 32 46
3586 20 16
3587 18 15
3588 4 32
3589 37 40
3590 18 14
3591 44 20
3592 21 31
3593 15 25
3594 39 39
3595 22 17
3596 1 31
3597 37 41
3598 49 42
3599 18 15
3600 22 15
3601 31 46
3602 12 42
3603 49 43
3604 4 31
3605 12 43
3606 11 42
3607 22 16
3608 49 42
3609 15 26
3610 0 31
3611 39 40
3612 12 41
3613 22 31
3614 31 49
3615 12 42
3616 37 40
3617 12 44
3618 43 20
3619 12 43
3620 25 31
3621 18 14
3622 0 43
3623 15 25
3624 1 46
3625 23 17
3626 30 48
3627 31 48
3628 1 45
3629 39 39
3630 29 48
3631 37 41
3632 32 46
3633 24 31
3634 22 17
3635 4 32
3636 44 20
3637 22 15
3638 31 46
3639 13 41
3640 22 16
3641 12 41
3642 19 16
3643 4 31
3644 34 5
3645 20 16
3646 1 46
3647 43 20
3648 13 41
3649 31 49
3650 22 15
3651 18 15
3652 21 31
3653 19 16
3654 31 48
3655 25 31
3656 12 41
3657 22 16
3658 13 41
3659 3 32
3660 1 45
3661 22 15
3662 44 21
3663 18 14
3664 37 40
3665 11 42
3666 24 31
3667 0 44
3668 30 48
3669 29 48
3670 12 41
3671 23 17
3672 12 44
3673 31 49
3674 49 43
3675 13 41
3676 12 41
3677 30 46
3678 25 31
3679 22 31
3680 39 40
3681 35 5
3682 49 42
3683 4 32
3684 4 31
3685 13 41
3686 22 17
3687 18 15
3688 0 43
3689 18 14
3690 31 46
3691 21 31
3692 12 41
3693 34 5
3694 20 16
3695 32 46
3696 18 15
3697 24 31
3698 4 32
3699 49 43
3700 35 5
3701 19 16
3702 31 48
3703 18 14
3704 43 21
3705 22 16
3706 1 46
3707 31 46
3708 20 16
3709 39 39
3710 4 31
3711 0 44
3712 13 41
3713 23 17
3714 4 32
3715 30 46
3716 22 17
3717 4 31
3718 43 20
3719 43 21
3720 22 15
3721 12 42
3722 3 33
3723 31 46
3724 39 40
3725 1 45
3726 39 39
3727 12 43
3728 30 46
3729 44 20
3730 34 5
3731 12 45
3732 12 44
3733 19 16
3734 0 43
3735 11 45
3736 37 41
3737 1 31
3738 23 17
3739 31 49
3740 49 42
3741 39 40
3742 22 31
3743 3 32
3744 31 46
3745 12 43
3746 15 26
3747 31 48
3748 18 15
3749 18 14
3750 0 44
3751 30 47
3752 0 31
3753 21 31
3754 12 45
3755 35 5
3756 4 32
3757 30 48
3758 22 17
3759 37 40
3760 4 31
3761 20 16
3762 25 31
3763 22 31
3764 43 20
3765 15 25
3766 43 21
3767 37 41
3768 34 5
3769 3 33
3770 1 31
3771 43 20
3772 12 41
3773 0 43
3774 39 39
3775 45 20
3776 31 49
3777 1 46
3778 49 43
3779 29 48
3780 23 17
3781 35 5
3782 18 15
3783 22 16
3784 15 26
3785 15 25
3786 0 44
3787 0 43
3788 3 32
3789 21 31
3790 24 31
3791 4 32
3792 1 45
3793 0 44
3794 31 48
3795 22 31
3796 25 31
3797 19 16
3798 13 41
3799 22 17
3800 18 14
3801 12 44
3802 22 15
3803 44 20
3804 4 31
3805 0 31
3806 0 43
3807 3 33
3808 31 49
3809 45 20
3810 24 31
3811 18 15
3812 21 31
3813 37 40
3814 1 46
3815 30 48
3816 49 42
3817 44 20
3818 34 5
3819 37 41
3820 35 5
3821 30 46
3822 18 14
3823 12 41
3824 0 44
3825 4 32
3826 31 48
3827 1 45
3828 29 48
3829 18 15
3830 32 46
3831 30 48
3832 45 20
3833 34 5
3834 11 45
3835 22 31
3836 23 17
3837 21 31
3838 22 17
3839 1 31
3840 31 49
3841 1 46
3842 18 14
3843 22 16
3844 29 48
3845 35 5
3846 22 31
3847 20 16
3848 4 31
3849 44 20
3850 13 41
3851 12 41
3852 31 46
3853 39 40
3854 12 45
3855 43 21
3856 43 20
3857 3 32
3858 32 46
3859 18 15
3860 0 31
3861 1 31
3862 39 39
3863 45 20
3864 18 14
3865 21 31
3866 19 16
3867 31 46
3868 43 21
3869 31 48
3870 22 31
3871 3 33
3872 22 15
3873 30 48
3874 12 43
3875 31 49
3876 3 32
3877 12 44
3878 1 45
3879 4 32
3880 12 42
3881 31 48
3882 4 31
3883 20 16
3884 34 5
3885 35 5
3886 19 16
3887 43 20
3888 23 17
3889 20 16
3890 0 31
3891 12 43
3892 43 21
3893 11 42
3894 39 40
3895 18 15
3896 4 32
3897 4 31
3898 39 39
3899 3 33
3900 29 48
3901 44 20
3902 1 31
3903 22 17
3904 3 32
3905 34 5
3906 13 41
3907 39 40
3908 12 44
3909 4 32
3910 25 31
3911 21 31
3912 0 43
3913 31 49
3914 12 43
3915 35 5
3916 31 48
3917 39 39
3918 30 48
3919 37 40
3920 43 20
3921 15 26
3922 39 40
3923 24 31
3924 18 14
3925 32 46
3926 22 31
3927 45 20
3928 3 33
3929 23 17
3930 29 48
3931 39 39
3932 0 31
3933 1 46
3934 1 31
3935 44 20
3936 12 44
3937 34 5
3938 43 21
3939 31 46
3940 30 46
3941 37 41
3942 39 40
3943 43 20
3944 37 40
3945 1 45
3946 12 42
3947 31 46
3948 49 43
3949 37 41
3950 4 31
3951 4 32
3952 22 16
3953 0 44
3954 31 49
3955 25 31
3956 49 42
3957 22 17
3958 35 5
3959 18 15
3960 30 48
3961 31 48
3962 21 31
3963 44 20
3964 32 47
3965 1 46
3966 12 41
3967 1 45
3968 23 17
3969 12 43
3970 0 31
3971 22 17
3972 3 32
3973 12 42
3974 18 14
3975 1 46
3976 13 41
3977 24 31
3978 23 16
3979 1 45
3980 0 43
3981 12 43
3982 15 25
3983 29 48
3984 39 39
3985 43 20
3986 15 26
3987 22 31
3988 30 48
3989 1 46
3990 39 40
3991 1 45
3992 15 25
3993 12 41
3994 31 49
3995 49 43
3996 32 46
3997 23 17
3998 22 16
3999 37 40
4000 12 42
4001 43 21
4002 18 15
4003 31 46
4004 19 16
4005 39 39
4006 39 40
4007 21 31
4008 20 16
4009 12 43
4010 29 48
4011 3 33
4012 49 42
4013 3 32
4014 12 42
4015 37 41
4016 15 26
4017 39 39
4018 39 40
4019 18 14
4020 25 31
4021 13 41
4022 49 43
4023 37 40
4024 24 31
4025 0 44
4026 0 43
4027 12 43
4028 43 20
4029 39 39
4030 39 40
4031 12 42
4032 22 17
4033 23 17
4034 37 41
4035 37 40
4036 12 43
4037 32 46
4038 22 31
4039 19 16
4040 32 47
4041 21 31
4042 39 39
4043 22 31
4044 12 42
4045 12 43
4046 25 31
4047 1 31
4048 20 16
4049 22 17
4050 18 15
4051 21 31
4052 12 42
4053 39 40
4054 22 31
4055 21 31
4056 22 15
4057 24 31
4058 12 43
4059 19 16
4060 18 14
4061 12 41
4062 31 48
4063 34 5
4064 3 33
4065 18 15
4066 23 17
4067 12 42
4068 45 20
4069 15 25
4070 1 46
4071 25 31
4072 1 45
4073 13 41
4074 20 16
4075 35 5
4076 4 31
4077 18 14
4078 32 46
4079 39 39
4080 24 31
4081 22 31
4082 0 44
4083 12 43
4084 37 41
4085 31 47
4086 0 43
4087 0 31
4088 18 15
4089 18 14
4090 37 40
4091 30 48
4092 31 46
4093 34 5
4094 19 16
4095 31 49
4096 31 48
4097 11 42
4098 12 44
4099 43 21
4100 0 44
4101 4 32
4102 1 31
4103 49 42
4104 22 16
4105 31 49
4106 44 20
4107 31 48
4108 12 42
4109 4 31
4110 3 32
4111 15 26
4112 22 17
4113 18 15
4114 31 49
4115 37 41
4116 49 43
4117 12 41
4118 43 20
4119 18 14
4120 18 15
4121 45 20
4122 4 32
4123 30 46
4124 29 48
4125 31 48
4126 25 31
4127 24 31
4128 31 46
4129 35 5
4130 12 43
4131 0 31
4132 23 17
4133 3 33
4134 13 41
4135 44 20
4136 30 46
4137 31 46
4138 39 40
4139 39 39
4140 25 31
4141 43 21
4142 31 49
4143 12 41
4144 37 40
4145 49 42
4146 12 45
4147 20 16
4148 30 48
4149 32 46
4150 22 17
4151 31 46
4152 34 5
4153 1 46
4154 43 20
4155 44 21
4156 24 31
4157 1 31
4158 15 25
4159 32 47
4160 13 41
4161 31 48
4162 19 16
4163 43 21
4164 25 31
4165 22 16
4166 31 49
4167 35 5
4168 1 45
4169 0 43
4170 22 17
4171 0 44
4172 3 32
4173 32 46
4174 3 33
4175 23 16
4176 34 5
4177 39 40
4178 0 31
4179 35 5
4180 31 46
4181 39 39
4182 43 20
4183 0 43
4184 32 46
4185 20 16
4186 1 46
4187 31 48
4188 19 16
4189 23 17
4190 22 16
4191 30 46
4192 49 43
4193 43 21
4194 39 40
4195 34 5
4196 31 46
4197 44 21
4198 29 48
4199 30 48
4200 18 14
4201 49 42
4202 39 39
4203 12 44
4204 22 17
4205 12 43
4206 24 31
4207 0 44
4208 20 16
4209 1 31
4210 43 21
4211 31 49
4212 29 48
4213 12 44
4214 43 20
4215 4 31
4216 18 15
4217 22 16
4218 12 41
4219 22 17
4220 12 45
4221 43 21
4222 30 48
4223 44 20
4224 18 14
4225 29 48
4226 35 5
4227 0 43
4228 43 20
4229 23 17
4230 15 26
4231 12 44
4232 30 48
4233 30 46
4234 19 16
4235 31 48
4236 15 25
4237 21 31
4238 29 48
4239 12 45
4240 30 48
4241 1 45
4242 34 5
4243 20 16
4244 18 15
4245 0 44
4246 3 32
4247 12 44
4248 44 20
4249 31 46
4250 4 32
4251 19 16
4252 0 43
4253 1 46
4254 39 40
4255 43 20
4256 37 41
4257 3 33
4258 32 46
4259 31 49
4260 37 40
4261 35 5
4262 13 41
4263 45 20
4264 18 14
4265 39 39
4266 22 31
4267 39 40
4268 4 31
4269 1 45
4270 22 17
4271 0 31
4272 1 46
4273 34 5
4274 15 26
4275 31 48
4276 25 31
4277 15 25
4278 22 15
4279 15 26
4280 49 43
4281 4 32
4282 21 31
4283 31 46
4284 23 17
4285 1 31
4286 12 41
4287 0 44
4288 29 48
4289 13 41
4290 31 49
4291 3 32
4292 15 25
4293 30 48
4294 32 47
4295 24 31
4296 35 5
4297 29 48
4298 3 33
4299 43 21
4300 32 46
4301 31 48
4302 31 49
4303 11 45
4304 30 48
4305 12 45
4306 1 45
4307 20 16
4308 39 39
4309 11 45
4310 39 40
4311 4 31
4312 15 26
4313 12 41
4314 22 17
4315 15 25
4316 22 31
4317 4 32
4318 31 47
4319 44 20
4320 3 32
4321 12 43
4322 29 48
4323 37 41
4324 30 48
4325 19 16
4326 31 46
4327 12 44
4328 29 48
4329 22 16
4330 18 15
4331 49 42
4332 20 16
4333 49 43
4334 30 48
4335 43 20
4336 45 20
4337 44 20
4338 15 26
4339 12 45
4340 19 16
4341 13 41
4342 32 47
4343 45 20
4344 1 46
4345 1 45
4346 12 43
4347 32 46
4348 4 31
4349 39 39
4350 18 14
4351 43 21
4352 31 48
4353 30 46
4354 39 40
4355 12 41
4356 20 16
4357 0 31
4358 12 44
4359 18 15
4360 31 46
4361 3 33
4362 37 40
4363 43 20
4364 0 43
4365 1 31
4366 0 31
4367 0 44
4368 1 31
4369 15 25
4370 19 16
4371 21 31
4372 31 49
4373 22 15
4374 43 21
4375 11 45
4376 1 46
4377 25 31
4378 34 5
4379 3 32
4380 12 45
4381 0 43
4382 30 46
4383 31 48
4384 43 20
4385 29 48
4386 44 20
4387 31 49
4388 22 31
4389 0 44
4390 39 39
4391 31 46
4392 3 33
4393 37 41
4394 22 16
4395 35 5
4396 23 17
4397 15 26
4398 3 32
4399 39 40
4400 0 31
4401 32 47
4402 1 31
4403 37 40
4404 0 43
4405 32 46
4406 15 25
4407 3 33
4408 30 48
4409 49 42
4410 22 17
4411 31 48
4412 31 47
4413 18 14
4414 18 15
4415 18 14
4416 29 48
4417 22 15
4418 23 17
4419 0 31
4420 45 20
4421 13 41
4422 31 49
4423 44 20
4424 20 16
4425 18 15
4426 3 32
4427 12 43
4428 39 39
4429 3 33
4430 18 14
4431 12 44
4432 37 41
4433 31 46
4434 18 15
4435 12 43
4436 49 43
4437 15 26
4438 37 40
4439 18 14
4440 30 46
4441 0 44
4442 12 44
4443 11 45
4444 0 43
4445 31 46
4446 22 17
4447 3 32
4448 0 44
4449 30 46
4450 31 48
4451 15 25
4452 45 20
4453 23 17
4454 19 16
4455 20 16
4456 1 31
4457 0 31
4458 44 20
4459 34 5
4460 3 33
4461 18 15
4462 43 21
4463 49 42
4464 19 16
4465 31 46
4466 0 43
4467 1 31
4468 31 49
4469 32 47
4470 0 44
4471 1 45
4472 12 41
4473 37 41
4474 3 32
4475 12 45
4476 43 20
4477 31 48
4478 39 40
4479 30 48
4480 15 26
4481 39 39
4482 11 45
4483 0 43
4484 18 14
4485 12 45
4486 3 33
4487 39 40
4488 0 44
4489 1 46
4490 0 31
4491 0 43
4492 35 5
4493 37 40
4494 22 17
4495 21 31
4496 34 5
4497 31 49
4498 24 31
4499 35 5
4500 44 20
4501 18 15
4502 0 44
4503 34 5
4504 23 17
4505 4 32
4506 49 43
4507 25 31
4508 15 25
4509 20 16
4510 0 43
4511 18 14
4512 43 20
4513 39 39
4514 44 20
4515 24 31
4516 4 31
4517 22 17
4518 19 16
4519 43 20
4520 23 17
4521 1 31
4522 35 5
4523 18 15
4524 22 16
4525 32 46
4526 22 31
4527 31 46
4528 39 40
4529 44 21
4530 1 45
4531 49 42
4532 13 41
4533 12 43
4534 1 46
4535 12 41
4536 15 26
4537 13 41
4538 12 41
4539 43 21
4540 18 14
4541 0 44
4542 25 31
4543 44 20
4544 32 46
4545 39 39
4546 4 32
4547 20 16
4548 43 20
4549 31 46
4550 34 5
4551 49 43
4552 39 40
4553 49 42
4554 15 25
4555 39 39
4556 37 41
4557 0 31
4558 12 44
4559 3 32
4560 1 45
4561 22 17
4562 22 15
4563 19 16
4564 0 43
4565 0 44
4566 12 42
4567 20 16
4568 13 41
4569 31 48
4570 45 20
4571 18 15
4572 21 31
4573 1 31
4574 15 26
4575 29 48
4576 30 48
4577 12 41
4578 0 43
4579 18 14
4580 0 31
4581 32 46
4582 13 41
4583 44 20
4584 45 20
4585 1 31
4586 22 16
4587 31 47
4588 37 40
4589 12 43
4590 44 20
4591 12 41
4592 15 25
4593 23 17
4594 45 20
4595 1 46
4596 0 31
4597 22 17
4598 13 41
4599 39 40
4600 0 44
4601 18 15
4602 31 46
4603 32 46
4604 44 20
4605 35 5
4606 31 46
4607 43 21
4608 1 45
4609 43 20
4610 34 5
4611 49 43
4612 3 33
4613 3 32
4614 1 46
4615 23 16
4616 30 46
4617 22 31
4618 1 31
4619 44 20
4620 23 17
4621 0 43
4622 19 16
4623 1 45
4624 20 16
4625 0 44
4626 49 42
4627 35 5
4628 22 17
4629 19 16
4630 31 46
4631 12 42
4632 18 14
4633 39 39
4634 0 31
4635 12 43
4636 21 31
4637 37 41
4638 39 40
4639 3 33
4640 3 32
4641 39 39
4642 3 33
4643 29 48
4644 22 31
4645 1 46
4646 18 15
4647 31 49
4648 23 17
4649 43 20
4650 39 40
4651 30 47
4652 37 40
4653 32 46
4654 39 39
4655 20 16
4656 34 5
4657 21 31
4658 22 16
4659 19 16
4660 30 46
4661 31 48
4662 15 26
4663 31 49
4664 43 21
4665 3 32
4666 22 17
4667 22 31
4668 22 15
4669 31 46
4670 22 16
4671 1 45
4672 3 33
4673 31 48
4674 22 15
4675 1 46
4676 39 40
4677 12 41
4678 0 43
4679 20 16
4680 1 31
4681 43 20
4682 30 46
4683 24 31
4684 0 31
4685 12 45
4686 1 45
4687 21 31
4688 39 39
4689 3 32
4690 12 44
4691 23 17
4692 12 42
4693 49 43
4694 30 48
4695 18 14
4696 1 31
4697 19 16
4698 37 41
4699 0 44
4700 18 15
4701 0 31
4702 44 20
4703 18 14
4704 22 16
4705 43 20
4706 1 46
4707 44 20
4708 0 43
4709 43 20
4710 43 21
4711 12 43
4712 31 46
4713 3 33
4714 22 31
4715 49 42
4716 32 47
4717 31 49
4718 43 20
4719 45 20
4720 22 17
4721 31 48
4722 49 43
4723 44 20
4724 32 46
4725 32 47
4726 0 44
4727 29 48
4728 31 49
4729 21 31
4730 3 32
4731 43 21
4732 13 41
4733 31 48
4734 15 25
4735 15 26
4736 31 49
4737 30 48
4738 12 44
4739 1 45
4740 35 5
4741 43 20
4742 1 46
4743 22 31
4744 39 40
4745 23 17
4746 20 16
4747 12 41
4748 37 40
4749 22 17
4750 19 16
4751 32 46
4752 37 41
4753 22 15
4754 13 41
4755 30 46
4756 3 33
4757 43 21
4758 25 31
4759 21 31
4760 3 32
4761 22 16
4762 34 5
4763 49 42
4764 12 41
4765 22 31
4766 21 31
4767 12 43
4768 3 33
4769 31 48
4770 4 31
4771 31 46
4772 23 17
4773 22 31
4774 35 5
4775 34 5
4776 20 16
4777 22 17
4778 30 47
4779 37 40
4780 13 41
4781 43 20
4782 31 49
4783 29 48
4784 30 46
4785 31 48
4786 15 25
4787 37 41
4788 12 41
4789 31 49
4790 32 46
4791 22 16
4792 3 32
4793 12 44
4794 24 31
4795 18 15
4796 12 43
4797 44 21
4798 4 32
4799 13 41
4800 39 39
4801 21 31
4802 43 21
4803 22 17
4804 1 31
4805 44 20
4806 22 31
4807 1 45
4808 18 14
4809 22 16
4810 43 20
4811 15 26
4812 0 31
4813 1 31
4814 22 17
4815 30 48
4816 39 40
4817 31 46
4818 30 46
4819 35 5
4820 25 31
4821 18 15
4822 45 20
4823 37 40
4824 31 46
4825 31 48
4826 0 31
4827 4 31
4828 34 5
4829 1 46
4830 49 43
4831 29 48
4832 19 16
4833 43 21
4834 12 44
4835 24 31
4836 49 42
4837 25 31
4838 44 20
4839 21 31
4840 49 43
4841 31 49
4842 18 14
4843 22 31
4844 0 43
4845 21 31
4846 30 48
4847 39 39
4848 3 33
4849 24 31
4850 37 41
4851 15 25
4852 4 32
4853 37 40
4854 12 43
4855 30 47
4856 25 31
4857 11 42
4858 1 31
4859 35 5
4860 30 46
4861 12 42
4862 29 48
4863 30 47
4864 22 15
4865 39 40
4866 12 44
4867 1 45
4868 30 46
4869 22 16
4870 39 39
4871 15 26
4872 1 46
4873 37 41
4874 12 41
4875 13 41
4876 4 31
4877 32 46
4878 23 17
4879 20 16
4880 12 41
4881 0 44
4882 43 20
4883 39 40
4884 4 32
4885 31 46
4886 1 45
4887 30 47
4888 0 31
4889 34 5
4890 4 31
4891 19 16
4892 37 40
4893 20 16
4894 39 39
4895 45 20
4896 39 40
4897 35 5
4898 22 17
4899 12 43
4900 24 31
4901 39 39
4902 44 20
4903 15 25
4904 30 46
4905 3 32
4906 32 46
4907 49 42
4908 43 21
4909 13 41
4910 31 48
4911 4 32
4912 49 43
4913 43 20
4914 37 41
4915 44 21
4916 0 43
4917 43 21
4918 22 16
4919 22 17
4920 3 33
4921 4 31
4922 15 26
4923 44 20
4924 1 31
4925 0 31
4926 23 16
4927 31 46
4928 30 48
4929 0 44
4930 22 31
4931 43 20
4932 45 20
4933 19 16
4934 32 46
4935 25 31
4936 12 44
4937 34 5
4938 12 43
4939 31 46
4940 12 45
4941 4 32
4942 4 31
4943 23 17
4944 49 42
4945 39 40
4946 4 32
4947 30 46
4948 20 16
4949 3 32
4950 31 46
4951 43 21
4952 35 5
4953 1 46
4954 21 31
4955 0 43
4956 32 47
4957 15 25
4958 12 44
4959 23 16
4960 12 41
4961 43 20
4962 29 48
4963 39 39
4964 44 20
4965 49 43
4966 45 20
4967 13 41
4968 4 31
4969 23 17
4970 15 26
4971 22 17
4972 23 17
4973 49 42
4974 1 31
4975 22 17
4976 30 48
4977 19 16
4978 20 16
4979 31 49
4980 24 31
4981 22 31
4982 19 16
4983 18 15
4984 4 32
4985 34 5
4986 32 46
4987 30 46
4988 12 41
4989 0 31
4990 37 40
4991 44 20
4992 35 5
4993 31 46
4994 1 45
4995 25 31
4996 32 46
4997 21 31
4998 39 40
4999 31 48
5000 13 41
5001 34 5
5002 15 25
5003 23 17
5004 4 31
5005 18 14
5006 39 39
5007 31 49
5008 29 48
5009 3 33
5010 4 32
5011 12 43
5012 1 31
5013 31 46
5014 18 15
5015 37 41
5016 12 41
5017 35 5
5018 4 31
5019 4 32
5020 34 5
5021 32 47
5022 15 26
5023 43 21
5024 39 40
5025 4 31
5026 22 31
5027 1 46
5028 39 39
5029 39 40
5030 21 31
5031 30 48
5032 32 46
5033 15 25
5034 12 44
5035 18 14
5036 0 31
5037 12 45
5038 0 44
5039 31 48
5040 3 32
5041 31 46
5042 37 40
5043 39 39
5044 29 48
5045 39 40
5046 22 17
5047 22 31
5048 0 43
5049 12 44
5050 18 15
5051 18 14
5052 21 31
5053 1 31
5054 15 26
5055 0 44
5056 0 43
5057 35 5
5058 23 17
5059 32 46
5060 43 20
5061 22 31
5062 12 45
5063 34 5
5064 18 15
5065 49 43
5066 30 48
5067 18 14
5068 22 17
5069 3 33
5070 31 47
5071 0 44
5072 13 41
5073 12 44
5074 21 31
5075 18 15
5076 22 31
5077 1 45
5078 12 43
5079 0 31
5080 39 39
5081 0 43
5082 44 20
5083 0 44
5084 12 44
5085 43 20
5086 35 5
5087 34 5
5088 1 31
5089 44 21
5090 29 48
5091 21 31
5092 11 45
5093 24 31
5094 12 41
5095 0 43
5096 0 31
5097 15 25
5098 31 46
5099 18 14
5100 32 46
5101 12 43
5102 15 26
5103 23 17
5104 12 44
5105 43 21
5106 43 20
5107 1 31
5108 12 45
5109 0 44
5110 20 16
5111 43 21
5112 49 42
5113 39 40
5114 19 16
5115 22 16
5116 20 16
5117 19 16
5118 22 31
5119 44 20
5120 30 48
5121 18 15
5122 31 46
5123 32 46
5124 21 31
5125 22 17
5126 4 32
5127 13 41
5128 15 25
5129 25 31
5130 12 43
5131 20 16
5132 3 32
5133 29 48
5134 24 31
5135 35 5
5136 43 20
5137 49 43
5138 22 16
5139 22 17
5140 18 14
5141 34 5
5142 22 31
5143 15 26
5144 30 48
5145 18 15
5146 31 49
5147 29 48
5148 3 33
5149 22 16
5150 44 21
5151 1 46
5152 18 14
5153 18 15
5154 19 16
5155 12 44
5156 22 17
5157 39 39
5158 37 41
5159 49 42
5160 0 43
5161 15 25
5162 18 14
5163 12 43
5164 0 31
5165 43 21
5166 44 20
5167 12 41
5168 35 5
5169 3 32
5170 31 46
5171 12 44
5172 23 16
5173 43 20
5174 12 45
5175 4 31
5176 12 44
5177 21 31
5178 45 20
5179 0 44
5180 30 48
5181 11 45
5182 32 47
5183 23 17
5184 22 16
5185 4 32
5186 4 31
5187 15 26
5188 37 40
5189 31 48
5190 18 15
5191 22 17
5192 1 45
5193 22 15
5194 3 33
5195 4 32
5196 23 17
5197 34 5
5198 25 31
5199 13 41
5200 29 48
5201 43 21
5202 31 49
5203 1 46
5204 35 5
5205 15 25
5206 44 20
5207 22 17
5208 0 43
5209 20 16
5210 39 40
5211 1 31
5212 12 43
5213 31 48
5214 22 31
5215 43 20
5216 12 41
5217 39 39
5218 13 41
5219 45 20
5220 34 5
5221 1 45
5222 0 31
5223 12 41
5224 1 31
5225 49 43
5226 0 31
5227 31 49
5228 23 17
5229 37 41
5230 22 16
5231 19 16
5232 18 14
5233 24 31
5234 37 40
5235 39 40
5236 1 31
5237 44 20
5238 43 21
5239 3 32
5240 0 31
5241 25 31
5242 15 26
5243 22 17
5244 3 33
5245 18 15
5246 30 48
5247 13 41
5248 4 31
5249 12 41
5250 35 5
5251 37 41
5252 37 40
5253 18 14
5254 32 46
5255 1 46
5256 18 15
5257 21 31
5258 18 14
5259 39 39
5260 0 44
5261 13 41
5262 1 45
5263 1 31
5264 34 5
5265 0 43
5266 29 48
5267 0 44
5268 37 41
5269 23 16
5270 49 42
5271 35 5
5272 43 20
5273 20 16
5274 18 15
5275 30 46
5276 34 5
5277 12 44
5278 24 31
5279 12 43
5280 44 21
5281 15 25
5282 15 26
5283 12 41
5284 15 25
5285 25 31
5286 19 16
5287 1 46
5288 35 5
5289 39 40
5290 15 26
5291 37 40
5292 31 46
5293 1 45
5294 0 43
5295 20 16
5296 39 39
5297 39 40
5298 30 48
5299 37 41
5300 31 48
5301 43 21
5302 13 41
5303 12 44
5304 23 17
5305 49 43
5306 31 49
5307 37 40
5308 19 16
5309 22 31
5310 32 47
5311 49 42
5312 34 5
5313 1 46
5314 18 14
5315 29 48
5316 0 31
5317 39 39
5318 32 46
5319 18 15
5320 22 16
5321 24 31
5322 49 43
5323 22 17
5324 25 31
5325 12 41
5326 12 45
5327 12 43
5328 31 47
5329 31 46
5330 20 16
5331 32 47
5332 4 32
5333 12 44
5334 23 16
5335 12 42
5336 24 31
5337 43 20
5338 37 41
5339 12 43
5340 23 17
5341 12 42
5342 37 40
5343 18 14
5344 15 25
5345 12 43
5346 37 41
5347 13 41
5348 32 46
5349 25 31
5350 22 17
5351 39 40
5352 1 31
5353 12 45
5354 12 44
5355 11 45
5356 49 42
5357 0 31
5358 32 47
5359 43 21
5360 49 43
5361 19 16
5362 1 45
5363 20 16
5364 12 41
5365 23 17
5366 12 45
5367 0 44
5368 11 45
5369 12 43
5370 32 46
5371 0 43
5372 43 20
5373 39 39
5374 1 31
5375 12 45
5376 21 31
5377 35 5
5378 31 48
5379 31 47
5380 34 5
5381 31 49
5382 3 32
5383 4 31
5384 35 5
5385 24 31
5386 34 5
5387 22 31
5388 0 44
5389 35 5
5390 22 16
5391 4 32
5392 43 21
5393 1 46
5394 37 40
5395 31 48
5396 31 49
5397 1 45
5398 31 48
5399 21 31
5400 25 31
5401 12 44
5402 12 42
5403 44 20
5404 13 41
5405 22 17
5406 12 43
5407 24 31
5408 25 31
5409 34 5
5410 18 15
5411 18 14
5412 31 46
5413 49 42
5414 22 31
5415 12 45
5416 30 46
5417 31 49
5418 30 48
5419 49 43
5420 0 43
5421 0 31
5422 37 41
5423 4 31
5424 15 26
5425 23 16
5426 43 20
5427 1 46
5428 43 21
5429 15 25
5430 31 46
5431 24 31
5432 12 44
5433 1 31
5434 23 17
5435 18 15
5436 31 48
5437 43 20
5438 45 20
5439 25 31
5440 19 16
5441 12 41
5442 31 49
5443 44 20
5444 37 40
5445 1 45
5446 45 20
5447 43 21
5448 21 31
5449 39 40
5450 12 45
5451 29 48
5452 31 48
5453 39 39
5454 22 17
5455 30 48
5456 37 41
5457 24 31
5458 43 20
5459 25 31
5460 44 20
5461 31 49
5462 30 47
5463 4 32
5464 23 17
5465 37 40
5466 32 46
5467 0 44
5468 31 48
5469 20 16
5470 12 44
5471 12 43
5472 31 46
5473 22 16
5474 15 26
5475 4 31
5476 45 20
5477 19 16
5478 32 46
5479 20 16
5480 13 41
5481 22 17
5482 12 44
5483 15 25
5484 37 41
5485 18 14
5486 19 16
5487 0 31
5488 12 42
5489 23 17
5490 43 21
5491 18 15
5492 12 43
5493 20 16
5494 15 26
5495 19 16
5496 12 44
5497 12 43
5498 3 33
5499 12 41
5500 31 49
5501 0 43
5502 43 20
5503 15 25
5504 12 45
5505 0 44
5506 49 42
5507 49 43
5508 12 44
5509 20 16
5510 44 20
5511 30 46
5512 45 20
5513 22 31
5514 49 42
5515 29 48
5516 0 43
5517 30 48
5518 15 26
5519 31 46
5520 37 40
5521 49 43
5522 49 42
5523 29 48
5524 22 17
5525 32 47
5526 32 46
5527 12 43
5528 22 16
5529 30 48
5530 12 44
5531 18 14
5532 1 46
5533 19 16
5534 24 31
5535 35 5
5536 37 41
5537 3 32
5538 22 17
5539 3 33
5540 21 31
5541 18 15
5542 34 5
5543 1 45
5544 35 5
5545 18 14
5546 1 46
5547 3 32
5548 49 43
5549 1 45
5550 39 40
5551 49 42
5552 49 43
5553 25 31
5554 23 17
5555 29 48
5556 49 42
5557 12 45
5558 22 17
5559 13 41
5560 22 15
5561 24 31
5562 22 31
5563 25 31
5564 34 5
5565 3 33
5566 32 47
5567 22 16
5568 49 43
5569 32 46
5570 4 32
5571 0 44
5572 30 48
5573 12 41
5574 4 31
5575 44 20
5576 31 48
5577 35 5
5578 21 31
5579 23 17
5580 31 49
5581 12 44
5582 31 48
5583 18 15
5584 45 20
5585 3 32
5586 13 41
5587 12 43
5588 31 49
5589 1 31
5590 18 14
5591 31 47
5592 24 31
5593 18 15
5594 0 31
5595 3 33
5596 31 46
5597 31 48
5598 0 43
5599 25 31
5600 15 25
5601 31 49
5602 15 26
5603 12 41
5604 24 31
5605 18 14
5606 1 46
5607 49 42
5608 1 45
5609 22 31
5610 31 48
5611 1 31
5612 3 32
5613 30 46
5614 22 17
5615 49 43
5616 13 41
5617 31 46
5618 4 32
5619 44 20
5620 15 25
5621 43 21
5622 49 42
5623 12 44
5624 32 47
5625 22 15
5626 20 16
5627 32 46
5628 30 46
5629 43 20
5630 18 15
5631 29 48
5632 12 43
5633 37 40
5634 12 41
5635 13 41
5636 3 33
5637 12 41
5638 0 31
5639 19 16
5640 44 21
5641 3 32
5642 21 31
5643 22 16
5644 37 41
5645 22 31
5646 31 49
5647 20 16
5648 31 46
5649 22 15
5650 30 47
5651 13 41
5652 31 48
5653 43 21
5654 30 48
5655 19 16
5656 30 46
5657 18 14
5658 31 49
5659 25 31
5660 1 31
5661 12 44
5662 23 17
5663 3 33
5664 20 16
5665 0 31
5666 31 48
5667 31 49
5668 34 5
5669 15 26
5670 49 43
5671 44 21
5672 0 44
5673 29 48
5674 4 31
5675 19 16
5676 1 31
5677 12 43
5678 4 32
5679 21 31
5680 0 31
5681 12 44
5682 32 46
5683 31 48
5684 31 49
5685 35 5
5686 4 31
5687 4 32
5688 20 16
5689 31 48
5690 31 46
5691 30 48
5692 22 16
5693 15 25
5694 3 32
5695 43 21
5696 31 49
5697 44 20
5698 12 43
5699 22 17
5700 15 26
5701 32 46
5702 37 40
5703 1 46
5704 37 41
5705 31 46
5706 37 40
5707 12 44
5708 19 16
5709 15 25
5710 20 16
5711 22 16
5712 12 42
5713 3 33
5714 29 48
5715 43 20
5716 12 43
5717 1 31
5718 12 41
5719 22 31
5720 15 26
5721 11 42
5722 19 16
5723 12 44
5724 22 17
5725 43 21
5726 49 42
5727 30 48
5728 34 5
5729 12 42
5730 29 48
5731 23 16
5732 0 43
5733 43 20
5734 49 43
5735 35 5
5736 0 31
5737 49 42
5738 32 46
5739 21 31
5740 1 45
5741 30 48
5742 31 46
5743 22 31
5744 3 32
5745 24 31
5746 3 33
5747 32 46
5748 23 17
5749 37 41
5750 29 48
5751 12 43
5752 44 21
5753 12 42
5754 3 32
5755 25 31
5756 31 46
5757 39 39
5758 43 21
5759 44 20
5760 13 41
5761 43 20
5762 34 5
5763 12 43
5764 30 47
5765 18 15
5766 0 44
5767 44 20
5768 3 33
5769 39 40
5770 30 48
5771 24 31
5772 1 31
5773 49 43
5774 0 43
5775 25 31
5776 21 31
5777 31 48
5778 43 20
5779 4 31
5780 24 31
5781 3 32
5782 29 48
5783 1 46
5784 35 5
5785 22 17
5786 23 17
5787 1 45
5788 39 39
5789 22 17
5790 12 44
5791 49 42
5792 34 5
5793 12 43
5794 18 14
5795 35 5
5796 23 17
5797 20 16
5798 15 25
5799 3 33
5800 30 46
5801 11 42
5802 49 43
5803 44 21
5804 22 31
5805 37 40
5806 12 44
5807 31 49
5808 0 44
5809 49 42
5810 12 43
5811 30 48
5812 49 43
5813 0 31
5814 12 44
5815 22 16
5816 21 31
5817 19 16
5818 49 42
5819 22 31
5820 22 17
5821 31 48
5822 15 26
5823 49 43
5824 4 32
5825 4 31
5826 32 46
5827 21 31
5828 23 16
5829 31 46
5830 37 41
5831 37 40
5832 20 16
5833 37 41
5834 43 21
5835 30 47
5836 37 40
5837 37 41
5838 25 31
5839 31 49
5840 37 40
5841 22 31
5842 12 41
5843 31 48
5844 21 31
5845 39 40
5846 1 31
5847 15 25
5848 44 21
5849 1 46
5850 18 15
5851 43 21
5852 3 32
5853 30 46
5854 32 46
5855 12 42
5856 15 26
5857 49 42
5858 0 43
5859 49 43
5860 37 41
5861 18 14
5862 37 40
5863 39 39
5864 37 41
5865 12 43
5866 23 17
5867 44 21
5868 34 5
5869 4 32
5870 11 42
5871 23 16
5872 3 33
5873 12 42
5874 31 46
5875 22 31
5876 0 44
5877 39 40
5878 19 16
5879 24 31
5880 25 31
5881 15 25
5882 31 49
5883 20 16
5884 0 31
5885 24 31
5886 39 39
5887 37 40
5888 1 45
5889 12 44
5890 30 46
5891 1 31
5892 31 46
5893 30 47
5894 35 5
5895 39 40
5896 23 17
5897 18 15
5898 15 26
5899 49 42
5900 22 16
5901 34 5
5902 22 17
5903 3 32
5904 4 31
5905 4 32
5906 12 43
5907 12 42
5908 12 43
5909 15 25
5910 15 26
5911 22 15
5912 19 16
5913 15 25
5914 13 41
5915 37 41
5916 43 21
5917 22 16
5918 25 31
5919 44 21
5920 29 48
5921 3 33
5922 12 41
5923 23 17
5924 32 46
5925 18 14
5926 12 44
5927 31 48
5928 31 49
5929 4 31
5930 39 39
5931 20 16
5932 0 31
5933 13 41
5934 12 41
5935 22 17
5936 31 46
5937 3 32
5938 15 26
5939 3 33
5940 31 48
5941 30 46
5942 18 15
5943 31 49
5944 37 40
5945 18 14
5946 23 17
5947 43 21
5948 13 41
5949 1 46
5950 37 41
5951 12 43
5952 49 43
5953 4 32
5954 44 21
5955 3 32
5956 12 44
5957 1 45
5958 12 43
5959 21 31
5960 12 41
5961 30 48
5962 22 17
5963 15 25
5964 4 31
5965 0 43
5966 43 21
5967 32 46
5968 29 48
5969 31 48
5970 1 31
5971 12 42
5972 15 26
5973 3 33
5974 15 25
5975 1 46
5976 49 42
5977 24 31
5978 30 48
5979 13 41
5980 12 41
5981 3 32
5982 18 15
5983 0 44
5984 18 14
5985 19 16
5986 4 32
5987 13 41
5988 39 40
5989 44 21
5990 29 48
5991 1 45
5992 39 39
5993 22 16
5994 31 46
5995 43 21
5996 37 40
5997 1 46
5998 37 41
5999 18 15
6000 3 33
6001 22 31
6002 0 31
6003 44 20
6004 30 48
6005 31 49
6006 49 43
6007 3 32
6008 22 17
6009 23 16
6010 4 31
6011 12 41
6012 29 48
6013 37 40
6014 23 17
6015 12 43
6016 25 31
6017 23 16
6018 43 20
6019 12 42
6020 24 31
6021 15 26
6022 35 5
6023 1 31
6024 49 42
6025 34 5
6026 13 41
6027 23 17
6028 25 31
6029 15 25
6030 12 43
6031 35 5
6032 0 31
6033 20 16
6034 31 48
6035 1 45
6036 11 42
6037 12 41
6038 32 47
6039 1 46
6040 45 20
6041 13 41
6042 34 5
6043 31 49
6044 0 43
6045 19 16
6046 37 41
6047 3 33
6048 24 31
6049 25 31
6050 22 16
6051 12 44
6052 4 32
6053 32 46
6054 44 20
6055 37 40
6056 22 17
6057 12 43
6058 31 48
6059 4 31
6060 31 49
6061 12 42
6062 0 44
6063 49 43
6064 45 20
6065 39 40
6066 31 47
6067 43 21
6068 12 44
6069 1 31
6070 21 31
6071 31 46
6072 37 41
6073 4 32
6074 43 20
6075 12 43
6076 23 16
6077 3 32
6078 18 14
6079 35 5
6080 43 21
6081 43 20
6082 30 46
6083 1 45
6084 30 48
6085 39 39
6086 18 15
6087 29 48
6088 31 46
6089 20 16
6090 19 16
6091 34 5
6092 35 5
6093 30 46
6094 31 46
6095 3 33
6096 0 31
6097 39 40
6098 34 5
6099 31 48
6100 12 44
6101 1 46
6102 39 39
6103 30 47
6104 23 17
6105 12 43
6106 37 40
6107 1 45
6108 12 41
6109 1 46
6110 22 16
6111 15 26
6112 1 31
6113 24 31
6114 25 31
6115 18 14
6116 11 42
6117 18 15
6118 18 14
6119 35 5
6120 30 48
6121 18 15
6122 1 45
6123 31 49
6124 37 41
6125 30 46
6126 29 48
6127 12 42
6128 13 41
6129 1 46
6130 4 31
6131 15 25
6132 18 14
6133 1 45
6134 37 40
6135 4 32
6136 11 42
6137 37 41
6138 0 31
6139 32 46
6140 30 48
6141 34 5
6142 49 42
6143 1 31
6144 44 20
6145 31 48
6146 12 41
6147 31 46
6148 0 31
6149 30 47
6150 22 17
6151 1 31
6152 23 16
6153 3 32
6154 13 41
6155 0 31
6156 1 31
6157 39 40
6158 18 15
6159 29 48
6160 30 48
6161 35 5
6162 23 17
6163 31 49
6164 12 44
6165 37 40
6166 20 16
6167 22 17
6168 32 46
6169 39 39
6170 12 42
6171 3 33
6172 30 46
6173 22 31
6174 43 21
6175 29 48
6176 34 5
6177 31 48
6178 23 17
6179 23 16
6180 31 49
6181 1 46
6182 3 32
6183 23 17
6184 0 31
6185 1 31
6186 12 41
6187 18 14
6188 43 20
6189 3 33
6190 30 48
6191 24 31
6192 49 43
6193 0 43
6194 13 41
6195 31 48
6196 4 31
6197 21 31
6198 0 44
6199 45 20
6200 31 49
6201 12 43
6202 39 40
6203 4 32
6204 12 41
6205 1 45
6206 4 31
6207 37 41
6208 44 20
6209 13 41
6210 12 41
6211 49 42
6212 23 16
6213 31 46
6214 37 40
6215 13 41
6216 0 43
6217 30 47
6218 35 5
6219 12 41
6220 30 46
6221 37 41
6222 30 47
6223 31 48
6224 1 46
6225 15 26
6226 29 48
6227 45 20
6228 37 40
6229 49 43
6230 3 32
6231 23 17
6232 0 31
6233 25 31
6234 11 42
6235 13 41
6236 3 33
6237 15 25
6238 12 41
6239 0 44
6240 13 41
6241 37 41
6242 1 31
6243 12 44
6244 30 48
6245 12 43
6246 30 46
6247 0 43
6248 4 32
6249 1 45
6250 44 20
6251 30 47
6252 30 46
6253 34 5
6254 0 31
6255 31 49
6256 12 41
6257 35 5
6258 1 31
6259 43 21
6260 43 20
6261 44 20
6262 31 48
6263 0 44
6264 29 48
6265 15 26
6266 0 31
6267 34 5
6268 15 25
6269 22 16
6270 4 31
6271 22 17
6272 24 31
6273 30 47
6274 13 41
6275 22 16
6276 4 32
6277 22 17
6278 19 16
6279 49 42
6280 12 41
6281 30 46
6282 43 20
6283 3 32
6284 3 33
6285 22 31
6286 49 43
6287 23 16
6288 23 17
6289 45 20
6290 49 42
6291 31 49
6292 3 32
6293 30 47
6294 18 15
6295 13 41
6296 20 16
6297 15 26
6298 43 21
6299 3 33
6300 35 5
6301 4 31
6302 15 25
6303 12 44
6304 1 31
6305 21 31
6306 22 31
6307 3 32
6308 3 33
6309 25 31
6310 37 40
6311 22 16
6312 1 46
6313 18 14
6314 24 31
6315 31 48
6316 0 43
6317 37 41
6318 12 41
6319 15 26
6320 43 20
6321 19 16
6322 3 32
6323 39 39
6324 31 49
6325 4 32
6326 44 20
6327 12 42
6328 43 21
6329 43 20
6330 13 41
6331 45 20
6332 22 17
6333 34 5
6334 39 40
6335 43 21
6336 0 44
6337 12 43
6338 23 17
6339 22 17
6340 30 48
6341 0 31
6342 25 31
6343 44 20
6344 15 25
6345 29 48
6346 0 43
6347 3 33
6348 1 31
6349 21 31
6350 0 31
6351 11 42
6352 32 46
6353 20 16
6354 31 46
6355 4 31
6356 37 40
6357 1 45
6358 19 16
6359 43 20
6360 22 16
6361 39 39
6362 12 41
6363 24 31
6364 15 26
6365 44 21
6366 20 16
6367 43 21
6368 44 20
6369 35 5
6370 49 43
6371 37 41
6372 43 20
6373 18 15
6374 31 48
6375 3 32
6376 30 46
6377 19 16
6378 12 42
6379 13 41
6380 34 5
6381 30 48
6382 1 31
6383 35 5
6384 18 14
6385 44 21
6386 22 17
6387 39 40
6388 11 42
6389 12 41
6390 22 31
6391 1 46
6392 12 44
6393 23 16
6394 30 47
6395 12 42
6396 4 32
6397 31 49
6398 21 31
6399 30 46
6400 29 48
6401 23 17
6402 20 16
6403 31 48
6404 31 49
6405 31 48
6406 22 17
6407 43 21
6408 23 17
6409 32 46
6410 3 33
6411 19 16
6412 39 39
6413 13 41
6414 31 46
6415 12 43
6416 12 41
6417 15 25
6418 44 20
6419 0 44
6420 43 20
6421 25 31
6422 39 40
6423 12 42
6424 0 43
6425 30 47
6426 22 31
6427 13 41
6428 32 46
6429 1 45
6430 37 40
6431 34 5
6432 1 46
6433 15 26
6434 15 25
6435 21 31
6436 22 31
6437 18 15
6438 44 21
6439 1 45
6440 0 44
6441 23 16
6442 39 39
6443 43 21
6444 30 48
6445 0 31
6446 12 43
6447 49 42
6448 35 5
6449 12 41
6450 34 5
6451 20 16
6452 31 46
6453 29 48
6454 12 42
6455 15 26
6456 32 46
6457 49 43
6458 30 46
6459 30 48
6460 24 31
6461 39 40
6462 44 20
6463 31 46
6464 12 43
6465 32 46
6466 23 17
6467 37 41
6468 31 46
6469 3 32
6470 29 48
6471 21 31
6472 39 39
6473 35 5
6474 37 40
6475 39 40
6476 43 20
6477 4 31
6478 18 14
6479 49 42
6480 22 31
6481 1 46
6482 1 31
6483 1 45
6484 12 44
6485 0 31
6486 30 46
6487 3 33
6488 1 31
6489 22 16
6490 0 43
6491 22 17
6492 1 46
6493 44 20
6494 15 25
6495 0 31
6496 19 16
6497 31 49
6498 13 41
6499 31 48
6500 31 49
6501 21 31
6502 1 31
6503 0 44
6504 34 5
6505 22 31
6506 1 45
6507 43 20
6508 39 39
6509 18 15
6510 12 43
6511 31 46
6512 22 15
6513 1 46
6514 30 47
6515 21 31
6516 12 44
6517 35 5
6518 1 45
6519 1 46
6520 15 26
6521 25 31
6522 12 43
6523 1 45
6524 44 20
6525 0 43
6526 0 31
6527 24 31
6528 20 16
6529 0 44
6530 12 41
6531 30 48
6532 49 43
6533 18 14
6534 30 46
6535 11 42
6536 22 16
6537 0 43
6538 32 46
6539 31 48
6540 39 40
6541 23 17
6542 19 16
6543 43 20
6544 1 31
6545 31 49
6546 49 42
6547 12 44
6548 13 41
6549 12 42
6550 31 46
6551 44 20
6552 22 17
6553 1 46
6554 15 25
6555 23 17
6556 39 39
6557 37 41
6558 29 48
6559 12 43
6560 30 48
6561 39 40
6562 0 44
6563 43 20
6564 1 45
6565 12 44
6566 22 17
6567 4 32
6568 37 40
6569 18 15
6570 32 47
6571 31 48
6572 25 31
6573 44 20
6574 29 48
6575 30 48
6576 4 31
6577 22 16
6578 32 46
6579 22 31
6580 29 48
6581 39 39
6582 21 31
6583 0 43
6584 30 48
6585 22 31
6586 0 44
6587 31 47
6588 21 31
6589 31 46
6590 20 16
6591 37 41
6592 24 31
6593 0 31
6594 18 14
6595 32 47
6596 12 41
6597 15 26
6598 3 32
6599 29 48
6600 12 43
6601 19 16
6602 4 32
6603 20 16
6604 4 31
6605 32 46
6606 18 15
6607 31 49
6608 0 43
6609 19 16
6610 3 33
6611 37 40
6612 0 44
6613 25 31
6614 43 20
6615 13 41
6616 1 46
6617 24 31
6618 25 31
6619 1 45
6620 37 41
6621 12 42
6622 24 31
6623 15 25
6624 1 31
6625 34 5
6626 44 20
6627 15 26
6628 12 41
6629 22 17
6630 49 43
6631 39 40
6632 0 43
6633 3 32
6634 4 32
6635 35 5
6636 22 31
6637 13 41
6638 37 40
6639 43 20
6640 31 48
6641 37 41
6642 30 46
6643 45 20
6644 39 39
6645 0 44
6646 39 40
6647 25 31
6648 44 20
6649 34 5
6650 31 46
6651 0 43
6652 31 49
6653 0 31
6654 32 46
6655 12 43
6656 24 31
6657 18 14
6658 30 48
6659 12 45
6660 31 48
6661 37 40
6662 15 25
6663 37 41
6664 35 5
6665 43 21
6666 12 44
6667 0 44
6668 39 39
6669 49 42
6670 39 40
6671 29 48
6672 30 48
6673 43 20
6674 31 49
6675 43 21
6676 37 40
6677 4 31
6678 25 31
6679 31 48
6680 37 41
6681 20 16
6682 49 43
6683 1 46
6684 12 41
6685 23 16
6686 3 33
6687 0 43
6688 43 20
6689 31 46
6690 3 32
6691 1 45
6692 21 31
6693 4 32
6694 24 31
6695 3 33
6696 11 45
6697 1 31
6698 12 45
6699 22 31
6700 25 31
6701 34 5
6702 0 44
6703 1 46
6704 49 42
6705 12 43
6706 0 43
6707 19 16
6708 12 44
6709 12 43
6710 1 45
6711 44 21
6712 20 16
6713 23 17
6714 32 47
6715 18 15
6716 3 32
6717 0 31
6718 0 44
6719 21 31
6720 39 39
6721 19 16
6722 1 46
6723 12 44
6724 39 40
6725 37 40
6726 39 39
6727 22 31
6728 22 17
6729 31 49
6730 37 41
6731 43 21
6732 23 17
6733 35 5
6734 39 40
6735 1 31
6736 21 31
6737 18 14
6738 22 31
6739 4 31
6740 24 31
6741 13 41
6742 3 33
6743 12 45
6744 32 46
6745 12 41
6746 43 20
6747 31 48
6748 12 44
6749 4 32
6750 30 46
6751 15 26
6752 18 15
6753 3 32
6754 29 48
6755 22 16
6756 31 46
6757 3 33
6758 12 45
6759 32 47
6760 1 45
6761 21 31
6762 25 31
6763 13 41
6764 22 17
6765 39 39
6766 32 46
6767 22 31
6768 43 21
6769 12 44
6770 12 41
6771 37 40
6772 49 43
6773 21 31
6774 31 49
6775 32 47
6776 32 46
6777 32 47
6778 39 40
6779 39 39
6780 3 32
6781 22 31
6782 12 43
6783 0 43
6784 24 31
6785 43 20
6786 0 31
6787 43 21
6788 3 33
6789 12 44
6790 15 25
6791 12 42
6792 0 44
6793 0 43
6794 15 26
6795 1 31
6796 13 41
6797 0 44
6798 18 14
6799 32 46
6800 12 41
6801 25 31
6802 31 48
6803 30 48
6804 0 43
6805 34 5
6806 24 31
6807 15 25
6808 22 15
6809 49 42
6810 37 41
6811 31 49
6812 22 16
6813 39 40
6814 12 43
6815 35 5
6816 0 31
6817 4 31
6818 22 15
6819 49 43
6820 13 41
6821 29 48
6822 37 40
6823 37 41
6824 12 44
6825 0 44
6826 49 42
6827 34 5
6828 12 43
6829 31 48
6830 22 16
6831 20 16
6832 35 5
6833 12 44
6834 30 48
6835 3 32
6836 49 43
6837 44 20
6838 18 15
6839 43 20
6840 12 41
6841 12 43
6842 0 43
6843 31 46
6844 13 41
6845 32 46
6846 4 32
6847 44 20
6848 12 41
6849 49 42
6850 23 17
6851 43 20
6852 30 46
6853 4 31
6854 22 17
6855 37 40
6856 34 5
6857 19 16
6858 23 17
6859 25 31
6860 31 46
6861 44 20
6862 43 20
6863 22 17
6864 49 43
6865 24 31
6866 30 46
6867 11 42
6868 25 31
6869 35 5
6870 15 26
6871 4 32
6872 13 41
6873 21 31
6874 12 42
6875 0 44
6876 34 5
6877 3 33
6878 24 31
6879 11 42
6880 31 46
6881 30 47
6882 12 44
6883 49 42
6884 35 5
6885 12 42
6886 18 14
6887 12 43
6888 34 5
6889 22 31
6890 1 31
6891 20 16
6892 15 25
6893 12 44
6894 3 32
6895 18 15
6896 15 26
6897 21 31
6898 12 41
6899 29 48
6900 23 16
6901 49 43
6902 12 43
6903 31 49
6904 30 46
6905 0 31
6906 18 14
6907 0 43
6908 30 47
6909 11 42
6910 0 44
6911 32 46
6912 39 39
6913 1 31
6914 12 44
6915 22 31
6916 13 41
6917 30 48
6918 30 46
6919 18 15
6920 4 31
6921 39 40
6922 29 48
6923 3 33
6924 31 46
6925 3 32
6926 23 17
6927 22 16
6928 43 21
6929 21 31
6930 12 43
6931 4 32
6932 31 48
6933 1 46
6934 22 17
6935 15 25
6936 1 45
6937 35 5
6938 0 43
6939 0 31
6940 4 31
6941 39 39
6942 18 14
6943 43 20
6944 18 15
6945 32 46
6946 0 44
6947 3 33
6948 12 41
6949 45 20
6950 37 41
6951 1 31
6952 37 40
6953 0 31
6954 12 42
6955 19 16
6956 22 31
6957 39 40
6958 23 16
6959 30 48
6960 20 16
6961 0 43
6962 11 42
6963 3 32
6964 19 16
6965 44 20
6966 29 48
6967 1 31
6968 45 20
6969 15 26
6970 21 31
6971 0 44
6972 44 20
6973 15 25
6974 45 20
6975 23 17
6976 25 31
6977 37 41
6978 13 41
6979 49 42
6980 49 43
6981 30 48
6982 22 31
6983 49 42
6984 37 40
6985 0 43
6986 22 16
6987 31 49
6988 4 32
6989 34 5
6990 0 31
6991 1 31
6992 35 5
6993 21 31
6994 37 41
6995 31 46
6996 31 48
6997 37 40
6998 20 16
6999 37 41
7000 18 14
7001 22 31
7002 18 15
7003 15 26
7004 1 46
7005 1 45
7006 0 31
7007 12 44
7008 24 31
7009 3 33
7010 22 17
7011 22 16
7012 12 43
7013 1 46
7014 1 31
7015 21 31
7016 22 17
7017 0 31
7018 19 16
7019 34 5
7020 49 43
7021 22 16
7022 22 17
7023 18 14
7024 0 44
7025 4 31
7026 30 47
7027 1 31
7028 3 32
7029 12 41
7030 25 31
7031 22 16
7032 44 20
7033 22 17
7034 35 5
7035 31 49
7036 24 31
7037 3 33
7038 12 42
7039 32 46
7040 45 20
7041 20 16
7042 22 16
7043 11 42
7044 13 41
7045 15 25
7046 22 17
7047 31 46
7048 31 48
7049 0 43
7050 49 42
7051 1 45
7052 22 15
7053 19 16
7054 30 46
7055 15 26
7056 23 17
7057 37 40
7058 32 46
7059 4 32
7060 31 46
7061 3 32
7062 3 33
7063 20 16
7064 25 31
7065 0 31
7066 39 39
7067 43 21
7068 34 5
7069 12 42
7070 43 20
7071 24 31
7072 29 48
7073 18 15
7074 1 31
7075 18 14
7076 30 48
7077 31 49
7078 22 17
7079 30 47
7080 31 48
7081 22 16
7082 12 44
7083 39 40
7084 4 31
7085 31 49
7086 39 39
7087 4 32
7088 22 31
7089 12 41
7090 15 25
7091 15 26
7092 18 15
7093 25 31
7094 12 43
7095 30 46
7096 23 17
7097 49 43
7098 30 47
7099 35 5
7100 24 31
7101 4 31
7102 34 5
7103 43 21
7104 13 41
7105 12 44
7106 30 46
7107 35 5
7108 25 31
7109 15 25
7110 29 48
7111 12 43
7112 34 5
7113 4 32
7114 44 20
7115 43 20
7116 1 46
7117 24 31
7118 19 16
7119 3 32
7120 25 31
7121 30 47
7122 32 46
7123 37 41
7124 18 14
7125 22 17
7126 49 42
7127 1 45
7128 49 43
7129 23 16
7130 24 31
7131 3 33
7132 31 48
7133 30 46
7134 43 21
7135 12 41
7136 31 46
7137 12 44
7138 23 17
7139 12 43
7140 35 5
7141 1 46
7142 21 31
7143 32 46
7144 3 32
7145 18 15
7146 43 20
7147 11 42
7148 18 14
7149 4 31
7150 49 42
7151 34 5
7152 12 44
7153 35 5
7154 37 40
7155 22 16
7156 25 31
7157 22 17
7158 0 44
7159 18 15
7160 23 17
7161 22 17
7162 24 31
7163 15 26
7164 25 31
7165 31 46
7166 24 31
7167 20 16
7168 12 42
7169 25 31
7170 34 5
7171 30 46
7172 19 16
7173 31 49
7174 3 33
7175 45 20
7176 31 46
7177 32 46
7178 31 46
7179 0 43
7180 35 5
7181 12 43
7182 43 21
7183 44 20
7184 20 16
7185 34 5
7186 37 41
7187 37 40
7188 37 41
7189 1 45
7190 39 40
7191 23 17
7192 19 16
7193 1 46
7194 22 31
7195 30 48
7196 29 48
7197 12 44
7198 13 41
7199 37 40
7200 3 32
7201 20 16
7202 35 5
7203 18 14
7204 22 17
7205 39 39
7206 3 33
7207 22 15
7208 21 31
7209 18 15
7210 1 45
7211 19 16
7212 12 43
7213 34 5
7214 15 25
7215 37 41
7216 15 26
7217 3 32
7218 12 41
7219 13 41
7220 43 20
7221 12 42
7222 32 47
7223 39 40
7224 12 41
7225 20 16
7226 37 40
7227 15 25
7228 44 20
7229 22 31
7230 23 17
7231 43 20
7232 32 46
7233 22 16
7234 0 44
7235 30 46
7236 44 21
7237 3 33
7238 43 21
7239 22 17
7240 31 48
7241 1 46
7242 31 46
7243 49 43
7244 31 49
7245 35 5
7246 30 47
7247 32 46
7248 15 26
7249 0 43
7250 30 46
7251 18 14
7252 31 46
7253 30 46
7254 34 5
7255 0 44
7256 23 17
7257 21 31
7258 22 31
7259 39 39
7260 12 43
7261 3 32
7262 4 32
7263 18 15
7264 0 31
7265 22 17
7266 13 41
7267 37 41
7268 15 25
7269 43 20
7270 23 16
7271 43 21
7272 24 31
7273 44 21
7274 31 46
7275 4 31
7276 21 31
7277 43 21
7278 39 40
7279 32 46
7280 1 31
7281 43 20
7282 35 5
7283 49 42
7284 31 48
7285 18 14
7286 19 16
7287 43 21
7288 44 20
7289 30 48
7290 39 39
7291 0 31
7292 0 43
7293 31 46
7294 32 46
7295 15 26
7296 49 43
7297 29 48
7298 43 20
7299 31 49
7300 1 45
7301 31 46
7302 37 40
7303 12 44
7304 23 17
7305 30 48
7306 32 46
7307 1 31
7308 31 48
7309 22 16
7310 44 20
7311 34 5
7312 39 40
7313 12 43
7314 31 46
7315 22 17
7316 25 31
7317 37 41
7318 0 44
7319 3 33
7320 29 48
7321 24 31
7322 18 15
7323 32 47
7324 43 20
7325 25 31
7326 32 46
7327 1 46
7328 31 49
7329 31 46
7330 37 40
7331 11 42
7332 18 14
7333 22 16
7334 32 46
7335 20 16
7336 37 41
7337 35 5
7338 19 16
7339 22 17
7340 30 48
7341 22 16
7342 22 31
7343 12 44
7344 0 43
7345 24 31
7346 0 44
7347 4 32
7348 0 31
7349 22 17
7350 39 39
7351 0 43
7352 4 31
7353 31 46
7354 37 40
7355 21 31
7356 23 17
7357 39 40
7358 22 17
7359 49 42
7360 22 31
7361 29 48
7362 32 46
7363 37 41
7364 39 39
7365 18 15
7366 12 42
7367 12 43
7368 22 16
7369 21 31
7370 1 31
7371 30 46
7372 25 31
7373 3 32
7374 12 44
7375 39 40
7376 1 45
7377 43 21
7378 24 31
7379 22 31
7380 0 44
7381 0 43
7382 21 31
7383 37 40
7384 30 48
7385 22 17
7386 25 31
7387 22 31
7388 37 41
7389 12 41
7390 13 41
7391 24 31
7392 3 33
7393 49 43
7394 21 31
7395 22 31
7396 1 46
7397 0 44
7398 34 5
7399 23 17
7400 22 17
7401 21 31
7402 4 32
7403 37 40
7404 12 43
7405 0 43
7406 29 48
7407 12 44
7408 49 42
7409 31 48
7410 22 31
7411 0 44
7412 37 41
7413 12 43
7414 30 48
7415 21 31
7416 0 43
7417 35 5
7418 18 14
7419 31 46
7420 30 47
7421 25 31
7422 49 43
7423 34 5
7424 24 31
7425 35 5
7426 15 25
7427 3 32
7428 39 39
7429 25 31
7430 20 16
7431 49 42
7432 12 42
7433 24 31
7434 49 43
7435 4 31
7436 30 46
7437 22 31
7438 12 43
7439 15 26
7440 31 49
7441 12 45
7442 0 31
7443 32 46
7444 19 16
7445 43 20
7446 25 31
7447 21 31
7448 1 31
7449 12 41
7450 0 44
7451 15 25
7452 44 21
7453 22 15
7454 23 17
7455 22 16
7456 22 17
7457 3 33
7458 34 5
7459 22 31
7460 3 32
7461 0 43
7462 20 16
7463 31 48
7464 18 15
7465 39 40
7466 35 5
7467 23 17
7468 22 17
7469 29 48
7470 3 33
7471 39 39
7472 15 26
7473 30 48
7474 19 16
7475 21 31
7476 15 25
7477 29 48
7478 43 21
7479 12 44
7480 34 5
7481 39 40
7482 22 31
7483 4 32
7484 39 39
7485 18 14
7486 4 31
7487 39 40
7488 0 44
7489 0 31
7490 1 31
7491 0 43
7492 13 41
7493 31 49
7494 23 16
7495 0 31
7496 20 16
7497 12 42
7498 37 40
7499 39 39
7500 39 40
7501 3 32
7502 30 48
7503 4 32
7504 44 20
7505 19 16
7506 31 46
7507 39 39
7508 23 17
7509 39 40
7510 31 48
7511 29 48
7512 22 17
7513 4 31
7514 30 48
7515 37 41
7516 18 15
7517 43 20
7518 0 44
7519 23 17
7520 12 43
7521 0 43
7522 23 16
7523 21 31
7524 1 45
7525 30 47
7526 3 33
7527 35 5
7528 1 31
7529 30 46
7530 23 17
7531 3 32
7532 3 33
7533 11 42
7534 24 31
7535 20 16
7536 19 16
7537 23 16
7538 44 20
7539 43 20
7540 25 31
7541 23 17
7542 15 26
7543 30 47
7544 12 44
7545 43 21
7546 3 32
7547 15 25
7548 1 46
7549 15 26
7550 12 42
7551 29 48
7552 30 48
7553 12 43
7554 3 33
7555 49 42
7556 37 40
7557 4 32
7558 12 41
7559 0 31
7560 49 43
7561 3 32
7562 12 42
7563 3 33
7564 30 46
7565 1 45
7566 24 31
7567 25 31
7568 32 46
7569 43 20
7570 49 42
7571 44 20
7572 31 46
7573 1 46
7574 22 17
7575 20 16
7576 43 20
7577 13 41
7578 15 25
7579 18 14
7580 43 21
7581 0 44
7582 49 43
7583 39 39
7584 39 40
7585 22 31
7586 12 43
7587 18 15
7588 12 45
7589 24 31
7590 4 31
7591 34 5
7592 39 39
7593 1 45
7594 18 14
7595 12 41
7596 13 41
7597 3 32
7598 39 40
7599 43 20
7600 23 17
7601 37 41
7602 19 16
7603 44 21
7604 12 44
7605 29 48
7606 12 45
7607 21 31
7608 12 44
7609 22 16
7610 20 16
7611 0 43
7612 32 47
7613 49 42
7614 15 26
7615 12 43
7616 22 17
7617 22 31
7618 32 46
7619 43 21
7620 4 32
7621 4 31
7622 3 33
7623 43 20
7624 3 32
7625 3 33
7626 15 25
7627 21 31
7628 49 43
7629 39 39
7630 43 21
7631 35 5
7632 31 49
7633 1 31
7634 18 15
7635 37 40
7636 19 16
7637 49 42
7638 44 20
7639 15 26
7640 37 41
7641 49 43
7642 37 40
7643 30 46
7644 0 44
7645 0 31
7646 31 48
7647 12 44
7648 43 20
7649 22 15
7650 22 31
7651 12 41
7652 1 31
7653 31 46
7654 25 31
7655 45 20
7656 12 43
7657 12 44
7658 1 46
7659 4 32
7660 21 31
7661 11 45
7662 44 20
7663 30 46
7664 49 42
7665 45 20
7666 23 17
7667 39 40
7668 18 14
7669 31 46
7670 37 41
7671 32 47
7672 43 21
7673 39 39
7674 30 48
7675 18 15
7676 39 40
7677 15 25
7678 43 20
7679 39 39
7680 12 43
7681 0 43
7682 44 20
7683 29 48
7684 12 45
7685 31 49
7686 22 16
7687 30 48
7688 12 44
7689 13 41
7690 20 16
7691 0 31
7692 34 5
7693 29 48
7694 1 45
7695 4 31
7696 31 48
7697 12 41
7698 32 46
7699 43 21
7700 30 46
7701 13 41
7702 3 32
7703 3 33
7704 43 20
7705 12 43
7706 22 17
7707 19 16
7708 44 20
7709 22 15
7710 18 14
7711 35 5
7712 1 46
7713 37 40
7714 30 48
7715 22 31
7716 4 32
7717 49 43
7718 37 41
7719 12 44
7720 12 42
7721 21 31
7722 24 31
7723 1 31
7724 31 49
7725 31 46
7726 31 48
7727 39 40
7728 39 39
7729 31 49
7730 32 47
7731 23 17
7732 12 41
7733 29 48
7734 49 42
7735 37 40
7736 18 15
7737 22 17
7738 39 40
7739 30 48
7740 3 32
7741 43 20
7742 4 31
7743 0 31
7744 31 48
7745 12 43
7746 18 14
7747 15 26
7748 12 44
7749 0 44
7750 49 43
7751 12 43
7752 32 46
7753 18 15
7754 29 48
7755 18 14
7756 12 42
7757 22 31
7758 45 20
7759 12 43
7760 32 47
7761 31 49
7762 43 21
7763 32 46
7764 44 20
7765 30 48
7766 13 41
7767 20 16
7768 39 39
7769 0 43
7770 31 46
7771 4 32
7772 4 31
7773 4 32
7774 12 44
7775 12 43
7776 29 48
7777 0 44
7778 1 45
7779 1 31
7780 12 44
7781 0 43
7782 3 33
7783 39 40
7784 30 48
7785 18 15
7786 0 31
7787 29 48
7788 37 41
7789 32 46
7790 32 47
7791 19 16
7792 22 16
7793 32 46
7794 1 46
7795 30 48
7796 49 42
7797 31 46
7798 12 41
7799 34 5
7800 18 14
7801 4 31
7802 29 48
7803 22 15
7804 43 20
7805 1 31
7806 0 31
7807 1 45
7808 12 43
# colocadas=7809 ocupadas=25 mayor=1764
