0 1 29
1 28 15
2 5 2
3 43 51
4 5 14
5 4 28
6 53 14
7 22 50
8 55 36
9 36 11
10 26 4
11 16 13
12 10 17
13 9 31
14 43 21
15 43 35
16 44 45
17 33 20
18 19 22
19 6 2
20 5 2
21 4 2
22 19 23
23 5 2
24 19 22
25 28 42
26 0 48
27 40 42
28 36 47
29 45 45
30 44 45
31 53 34
32 27 4
33 26 4
34 27 3
35 26 31
36 1 35
37 20 22
38 19 22
39 54 36
40 55 36
41 36 50
42 24 26
43 19 28
44 21 9
45 46 18
46 44 51
47 43 51
48 28 41
49 28 42
50 4 3
51 16 33
52 22 25
53 3 3
54 37 3
55 51 19
56 38 13
57 36 51
58 21 50
59 54 14
60 53 14
61 22 50
62 5 13
63 5 14
64 18 22
65 19 22
66 36 50
67 15 0
68 55 22
69 26 13
70 36 32
71 38 12
72 3 4
73 38 13
74 55 37
75 29 15
76 28 15
77 55 36
78 47 36
79 43 3
80 25 11
81 48 47
82 55 21
83 55 22
84 46 45
85 33 21
86 37 51
87 28 40
88 38 11
89 6 3
90 48 48
91 43 50
92 43 51
93 33 20
94 25 26
95 46 17
96 4 13
97 10 18
98 10 17
99 24 26
100 36 46
101 46 36
102 28 16
103 21 25
104 28 15
105 47 36
106 33 22
107 36 47
108 38 51
109 5 13
110 52 14
111 5 14
112 53 14
113 43 49
114 2 35
115 21 22
116 52 13
117 1 35
118 27 4
119 46 18
120 28 41
121 28 42
122 20 22
123 19 22
124 51 20
125 27 3
126 6 2
127 43 45
128 4 2
129 5 2
130 44 45
131 22 25
132 47 45
133 44 46
134 43 50
135 43 51
136 29 16
137 44 45
138 55 20
139 3 28
140 4 28
141 36 45
142 55 35
143 27 41
144 26 14
145 36 10
146 55 36
147 29 14
148 44 50
149 48 47
150 4 29
151 1 28
152 16 34
153 43 46
154 36 51
155 44 46
156 52 12
157 48 48
158 52 14
159 1 29
160 36 11
161 4 3
162 48 47
163 4 28
164 53 14
165 43 20
166 55 38
167 48 48
168 33 21
169 27 4
170 46 45
171 46 36
172 42 35
173 47 45
174 43 21
175 21 26
176 38 12
177 43 35
178 15 13
179 4 12
180 53 15
181 42 20
182 35 45
183 47 36
184 16 13
185 55 21
186 15 13
187 48 47
188 43 50
189 43 51
190 38 52
191 53 14
192 20 26
193 42 49
194 26 11
195 54 35
196 55 39
197 55 40
198 3 3
199 43 49
200 42 46
201 16 13
202 25 11
203 19 21
204 44 45
205 26 11
206 10 18
207 10 17
208 36 10
209 52 13
210 11 18
211 4 2
212 6 2
213 5 2
214 26 5
215 52 14
216 42 45
217 36 11
218 24 27
219 42 49
220 26 4
221 21 49
222 52 13
223 24 26
224 36 45
225 21 50
226 37 32
227 3 35
228 36 12
229 43 20
230 46 45
231 43 36
232 30 14
233 43 35
234 43 21
235 29 14
236 22 50
237 38 10
238 36 46
239 27 40
240 3 27
241 28 39
242 51 19
243 4 13
244 36 11
245 27 3
246 1 27
247 3 28
248 46 19
249 35 12
250 3 4
251 4 28
252 34 22
253 25 5
254 42 35
255 4 30
256 6 3
257 1 28
258 45 50
259 43 45
260 28 40
261 5 13
262 19 22
263 28 39
264 47 45
265 16 33
266 43 49
267 42 51
268 38 13
269 28 40
270 55 37
271 40 43
272 51 20
273 34 12
274 30 14
275 43 51
276 6 2
277 43 35
278 54 15
279 27 40
280 46 18
281 34 23
282 29 14
283 35 10
284 1 26
285 22 49
286 44 45
287 36 47
288 43 46
289 52 12
290 43 50
291 43 20
292 36 50
293 39 52
294 3 29
295 44 46
296 3 28
297 34 24
298 36 10
299 1 29
300 54 14
301 33 12
302 24 27
303 20 21
304 42 49
305 42 34
306 28 40
307 16 0
308 21 21
309 16 34
310 51 19
311 3 12
312 24 26
313 40 42
314 19 26
315 30 16
316 53 14
317 22 9
318 43 21
319 30 15
320 19 23
321 42 46
322 40 43
323 42 35
324 55 19
325 20 26
326 45 51
327 48 48
328 44 45
329 2 35
330 3 30
331 20 20
332 55 36
333 36 51
334 54 37
335 46 36
336 21 20
337 34 25
338 30 14
339 36 11
340 10 18
341 36 32
342 6 3
343 5 14
344 29 15
345 36 50
346 5 15
347 36 10
348 16 33
349 22 50
350 54 19
351 27 4
352 42 33
353 53 33
354 28 15
355 3 26
356 28 16
357 52 15
358 37 4
359 3 36
360 55 22
361 55 21
362 11 19
363 25 6
364 43 51
365 10 17
366 21 50
367 4 12
368 3 12
369 28 15
370 55 22
371 54 36
372 39 53
373 29 16
374 1 35
375 27 40
376 9 32
377 35 10
378 43 46
379 36 46
380 10 18
381 25 31
382 43 47
383 43 35
384 55 14
385 39 52
386 37 32
387 15 13
388 19 22
389 36 10
390 54 14
391 36 12
392 36 11
393 21 49
394 38 11
395 46 45
396 21 50
397 42 35
398 17 22
399 43 4
400 4 29
401 43 35
402 42 35
403 55 21
404 3 3
405 43 46
406 18 21
407 51 15
408 55 37
409 43 3
410 41 33
411 6 2
412 35 45
413 45 50
414 40 42
415 18 20
416 10 17
417 6 3
418 43 45
419 3 4
420 21 25
421 38 12
422 43 49
423 43 35
424 28 16
425 27 2
426 43 50
427 52 15
428 4 28
429 16 13
430 36 12
431 21 19
432 47 45
433 1 30
434 53 15
435 42 46
436 4 12
437 29 13
438 54 34
439 9 31
440 41 20
441 26 13
442 34 24
443 51 15
444 22 50
445 43 20
446 33 20
447 6 2
448 3 37
449 40 33
450 39 53
451 53 14
452 28 15
453 55 13
454 25 11
455 26 2
456 55 19
457 21 50
458 5 14
459 4 13
460 38 13
461 26 14
462 42 35
463 44 45
464 43 35
465 2 37
466 29 12
467 18 21
468 4 12
469 45 45
470 4 13
471 37 3
472 24 6
473 18 20
474 52 15
475 26 13
476 21 49
477 36 47
478 1 29
479 36 11
480 29 13
481 53 34
482 28 41
483 5 12
484 15 13
485 55 14
486 48 47
487 18 21
488 26 11
489 2 35
490 27 16
491 37 4
492 35 12
493 25 26
494 9 32
495 34 25
496 36 45
497 26 14
498 4 3
499 21 20
500 52 14
501 44 46
502 36 51
503 52 13
504 51 15
505 9 31
506 16 13
507 54 33
508 15 0
509 44 45
510 25 6
511 34 24
512 4 2
513 46 17
514 44 46
515 47 36
516 26 31
517 17 23
518 53 33
519 2 26
520 34 25
521 51 20
522 25 11
523 17 22
524 10 18
525 30 16
526 26 13
527 28 40
528 24 26
529 40 32
530 46 18
531 48 48
532 16 34
533 46 16
534 18 20
535 40 33
536 42 35
537 4 12
538 55 22
539 29 39
540 53 14
541 28 39
542 37 3
543 11 18
544 3 27
545 1 27
546 55 36
547 4 30
548 46 36
549 19 26
550 25 31
551 29 12
552 21 19
553 1 37
554 16 33
555 37 4
556 54 14
557 43 46
558 34 12
559 52 15
560 38 12
561 33 21
562 54 35
563 20 26
564 55 33
565 1 38
566 22 49
567 29 39
568 22 25
569 36 50
570 18 28
571 22 50
572 47 36
573 52 12
574 21 50
575 39 13
576 29 13
577 44 45
578 21 9
579 10 17
580 39 52
581 54 40
582 3 28
583 36 10
584 36 11
585 5 13
586 16 34
587 53 14
588 48 47
589 16 0
590 21 20
591 11 19
592 55 13
593 52 13
594 36 51
595 37 3
596 5 2
597 42 51
598 43 21
599 21 49
600 43 51
601 10 18
602 55 40
603 52 12
604 3 2
605 46 17
606 25 25
607 3 3
608 22 49
609 10 17
610 4 28
611 45 45
612 38 13
613 26 14
614 54 19
615 9 32
616 4 2
617 29 14
618 42 45
619 55 14
620 33 13
621 26 4
622 43 50
623 52 14
624 42 46
625 5 3
626 5 2
627 48 48
628 25 26
629 53 14
630 27 40
631 29 12
632 1 37
633 21 25
634 5 14
635 43 51
636 3 26
637 40 20
638 27 4
639 5 13
640 29 15
641 54 33
642 3 5
643 3 31
644 26 4
645 36 50
646 52 13
647 33 20
648 1 35
649 26 13
650 3 4
651 36 10
652 26 31
653 36 11
654 43 50
655 22 9
656 3 30
657 33 12
658 4 3
659 26 14
660 6 13
661 44 45
662 43 51
663 28 39
664 15 13
665 25 31
666 40 43
667 1 26
668 1 28
669 5 13
670 54 36
671 46 19
672 40 32
673 1 27
674 24 6
675 46 45
676 3 28
677 43 49
678 53 34
679 2 31
680 36 10
681 42 45
682 40 42
683 55 19
684 48 47
685 16 33
686 40 33
687 54 19
688 54 40
689 55 33
690 26 11
691 34 24
692 17 23
693 53 33
694 10 18
695 35 45
696 18 21
697 2 32
698 37 4
699 48 48
700 28 40
701 23 50
702 10 17
703 30 14
704 44 52
705 26 13
706 54 33
707 28 15
708 39 13
709 3 13
710 48 47
711 4 30
712 43 20
713 19 26
714 29 13
715 36 11
716 55 13
717 52 12
718 27 4
719 1 38
720 55 21
721 17 22
722 2 35
723 40 32
724 36 32
725 46 36
726 3 3
727 35 12
728 29 14
729 26 31
730 17 23
731 47 46
732 41 45
733 10 18
734 55 37
735 36 10
736 42 45
737 26 14
738 28 39
739 40 45
740 18 20
741 1 28
742 55 36
743 2 31
744 36 51
745 22 50
746 3 12
747 44 51
748 28 40
749 51 15
750 26 1
751 34 25
752 19 23
753 38 13
754 46 18
755 44 52
756 37 32
757 25 25
758 15 0
759 48 48
760 26 4
761 47 45
762 29 12
763 42 46
764 21 21
765 16 0
766 43 4
767 21 49
768 5 14
769 25 26
770 45 51
771 37 3
772 20 26
773 44 51
774 34 12
775 25 31
776 52 14
777 36 46
778 18 21
779 26 16
780 39 53
781 30 14
782 1 37
783 21 9
784 9 31
785 43 21
786 10 17
787 40 43
788 36 11
789 3 4
790 40 44
791 26 25
792 9 32
793 0 49
794 16 34
795 41 45
796 22 25
797 3 3
798 25 25
799 11 18
800 36 47
801 26 13
802 4 28
803 25 11
804 47 47
805 45 51
806 53 14
807 1 35
808 33 13
809 33 12
810 37 4
811 46 45
812 52 15
813 36 45
814 54 35
815 44 51
816 54 14
817 36 46
818 40 42
819 53 14
820 2 35
821 28 39
822 51 15
823 3 30
824 11 19
825 30 15
826 35 45
827 28 40
828 1 35
829 16 33
830 5 13
831 25 6
832 39 13
833 54 36
834 54 35
835 21 20
836 2 32
837 3 4
838 46 19
839 33 14
840 46 18
841 45 50
842 55 14
843 29 13
844 52 14
845 47 19
846 41 20
847 52 13
848 2 27
849 53 14
850 36 32
851 19 26
852 43 35
853 51 19
854 38 13
855 36 47
856 53 34
857 3 3
858 1 29
859 40 43
860 40 33
861 26 2
862 29 14
863 20 26
864 4 30
865 2 26
866 21 19
867 15 0
868 3 27
869 27 4
870 55 19
871 26 14
872 55 40
873 55 33
874 26 4
875 11 18
876 37 32
877 42 45
878 43 3
879 29 12
880 3 13
881 48 47
882 29 15
883 48 49
884 5 14
885 1 38
886 24 6
887 36 46
888 27 4
889 52 15
890 1 26
891 36 45
892 42 35
893 21 20
894 39 52
895 19 26
896 36 10
897 5 13
898 40 45
899 25 6
900 36 50
901 16 34
902 10 18
903 6 2
904 40 44
905 0 48
906 11 19
907 43 4
908 2 26
909 36 47
910 45 51
911 18 20
912 30 14
913 47 45
914 33 21
915 54 36
916 33 20
917 52 14
918 17 22
919 3 4
920 39 53
921 45 50
922 38 11
923 42 46
924 24 26
925 43 52
926 33 13
927 55 22
928 54 40
929 37 3
930 36 46
931 16 0
932 3 12
933 26 31
934 46 45
935 26 1
936 2 3
937 2 31
938 21 50
939 21 22
940 19 28
941 51 20
942 28 42
943 40 20
944 25 16
945 22 9
946 28 41
947 33 12
948 3 26
949 20 26
950 25 15
951 19 26
952 48 48
953 17 23
954 25 26
955 26 2
956 10 17
957 37 4
958 17 22
959 54 14
960 28 42
961 16 33
962 54 15
963 38 12
964 51 19
965 54 14
966 36 11
967 53 33
968 21 25
969 35 45
970 3 30
971 18 21
972 36 45
973 3 13
974 54 33
975 20 26
976 38 13
977 45 51
978 18 28
979 28 41
980 17 23
981 1 28
982 21 21
983 2 35
984 26 4
985 47 45
986 21 19
987 47 49
988 26 1
989 39 42
990 38 12
991 6 14
992 38 11
993 42 45
994 2 27
995 41 20
996 28 42
997 29 13
998 52 15
999 3 3
1000 34 24
1001 28 41
1002 21 20
1003 21 48
1004 26 11
1005 24 6
1006 45 45
1007 9 31
1008 33 21
1009 33 20
1010 33 13
1011 42 46
1012 17 22
1013 2 26
1014 26 25
1015 27 4
1016 45 50
1017 29 39
1018 33 21
1019 5 2
1020 25 6
1021 55 36
1022 22 50
1023 27 40
1024 29 14
1025 55 33
1026 21 50
1027 53 15
1028 42 49
1029 22 50
1030 38 12
1031 15 0
1032 37 3
1033 3 12
1034 25 16
1035 53 14
1036 3 14
1037 16 0
1038 29 12
1039 4 2
1040 43 49
1041 40 20
1042 45 51
1043 26 2
1044 4 12
1045 25 15
1046 40 45
1047 52 12
1048 36 51
1049 3 4
1050 28 39
1051 43 3
1052 1 37
1053 54 33
1054 40 42
1055 34 25
1056 54 15
1057 36 50
1058 21 50
1059 36 32
1060 28 15
1061 25 11
1062 40 43
1063 37 32
1064 35 45
1065 1 38
1066 3 28
1067 21 49
1068 28 40
1069 1 29
1070 43 20
1071 45 50
1072 3 26
1073 22 50
1074 33 12
1075 39 13
1076 46 45
1077 42 49
1078 5 14
1079 48 49
1080 2 26
1081 43 21
1082 3 3
1083 25 25
1084 37 4
1085 48 47
1086 6 3
1087 55 21
1088 4 28
1089 47 45
1090 55 22
1091 41 20
1092 26 13
1093 25 16
1094 42 45
1095 1 35
1096 43 51
1097 36 10
1098 33 13
1099 19 28
1100 3 4
1101 3 12
1102 6 15
1103 2 35
1104 28 42
1105 44 45
1106 40 42
1107 47 20
1108 24 6
1109 19 22
1110 43 49
1111 34 14
1112 18 20
1113 16 13
1114 55 21
1115 1 3
1116 51 15
1117 54 19
1118 26 1
1119 21 50
1120 3 3
1121 39 42
1122 21 19
1123 1 37
1124 55 40
1125 22 25
1126 34 24
1127 26 11
1128 36 45
1129 19 23
1130 45 45
1131 15 0
1132 19 22
1133 30 14
1134 54 40
1135 25 11
1136 45 51
1137 23 50
1138 4 30
1139 16 34
1140 2 32
1141 55 33
1142 43 4
1143 36 51
1144 17 23
1145 15 13
1146 43 50
1147 11 18
1148 52 13
1149 27 40
1150 47 19
1151 38 13
1152 28 40
1153 29 39
1154 0 26
1155 53 34
1156 3 30
1157 28 39
1158 27 40
1159 43 51
1160 54 14
1161 1 2
1162 16 0
1163 26 25
1164 40 32
1165 55 22
1166 25 31
1167 28 41
1168 35 45
1169 9 32
1170 4 3
1171 25 6
1172 24 6
1173 45 50
1174 0 49
1175 28 42
1176 42 46
1177 5 15
1178 54 33
1179 47 20
1180 26 11
1181 16 33
1182 3 4
1183 54 36
1184 21 20
1185 1 26
1186 21 9
1187 36 11
1188 48 48
1189 54 15
1190 51 20
1191 37 3
1192 55 37
1193 43 20
1194 33 12
1195 43 50
1196 37 4
1197 21 19
1198 54 14
1199 4 12
1200 19 23
1201 0 26
1202 11 19
1203 3 27
1204 0 48
1205 17 22
1206 42 45
1207 29 14
1208 55 40
1209 28 40
1210 22 50
1211 27 41
1212 44 49
1213 26 31
1214 28 41
1215 17 23
1216 1 35
1217 1 26
1218 55 21
1219 16 13
1220 23 50
1221 51 19
1222 25 31
1223 21 20
1224 54 15
1225 39 52
1226 11 18
1227 44 45
1228 15 13
1229 29 13
1230 3 26
1231 40 20
1232 48 47
1233 3 15
1234 43 21
1235 42 46
1236 2 31
1237 16 34
1238 51 20
1239 22 50
1240 30 14
1241 45 45
1242 15 0
1243 36 47
1244 18 28
1245 36 46
1246 1 3
1247 55 36
1248 28 42
1249 53 33
1250 28 41
1251 25 6
1252 47 19
1253 54 36
1254 19 28
1255 47 20
1256 36 47
1257 52 14
1258 36 45
1259 3 3
1260 27 40
1261 3 14
1262 16 0
1263 4 30
1264 55 33
1265 21 49
1266 33 20
1267 0 26
1268 52 15
1269 47 19
1270 34 15
1271 26 31
1272 51 19
1273 42 45
1274 21 50
1275 37 3
1276 10 18
1277 40 42
1278 53 15
1279 27 41
1280 52 12
1281 4 3
1282 43 49
1283 39 13
1284 30 16
1285 37 4
1286 42 49
1287 18 28
1288 43 49
1289 21 25
1290 40 33
1291 45 51
1292 46 45
1293 43 35
1294 3 3
1295 36 32
1296 47 36
1297 21 49
1298 3 12
1299 53 34
1300 18 21
1301 53 14
1302 21 50
1303 0 49
1304 46 36
1305 26 2
1306 26 1
1307 26 2
1308 3 27
1309 6 2
1310 21 49
1311 55 36
1312 0 48
1313 2 35
1314 40 44
1315 38 13
1316 47 36
1317 21 51
1318 1 38
1319 52 14
1320 1 37
1321 2 32
1322 30 15
1323 24 6
1324 27 40
1325 19 26
1326 42 46
1327 25 6
1328 16 13
1329 55 19
1330 42 45
1331 3 26
1332 38 11
1333 25 25
1334 47 45
1335 38 12
1336 22 9
1337 44 45
1338 36 46
1339 53 14
1340 42 35
1341 54 33
1342 28 39
1343 15 13
1344 35 15
1345 2 27
1346 46 36
1347 38 11
1348 26 14
1349 26 13
1350 16 13
1351 29 14
1352 5 13
1353 35 45
1354 1 35
1355 45 45
1356 43 51
1357 26 14
1358 28 40
1359 26 13
1360 55 37
1361 3 15
1362 37 32
1363 25 15
1364 1 28
1365 17 22
1366 55 36
1367 4 12
1368 2 26
1369 36 47
1370 40 45
1371 41 20
1372 9 31
1373 21 50
1374 3 5
1375 42 46
1376 52 14
1377 26 4
1378 18 20
1379 3 28
1380 54 40
1381 1 2
1382 26 14
1383 43 3
1384 24 26
1385 43 20
1386 20 26
1387 2 31
1388 33 21
1389 27 40
1390 48 48
1391 39 42
1392 33 13
1393 52 13
1394 1 26
1395 22 50
1396 55 37
1397 11 19
1398 21 50
1399 3 26
1400 44 51
1401 26 1
1402 28 42
1403 2 26
1404 43 51
1405 3 12
1406 27 4
1407 2 32
1408 55 22
1409 43 50
1410 34 25
1411 20 19
1412 4 12
1413 36 45
1414 51 15
1415 19 28
1416 53 14
1417 16 33
1418 10 17
1419 25 26
1420 43 35
1421 26 4
1422 40 44
1423 24 27
1424 21 9
1425 43 4
1426 36 50
1427 22 9
1428 3 12
1429 55 21
1430 3 30
1431 11 18
1432 40 45
1433 38 12
1434 47 20
1435 3 14
1436 34 24
1437 52 15
1438 2 31
1439 52 12
1440 43 51
1441 21 21
1442 33 12
1443 24 6
1444 52 13
1445 17 23
1446 54 19
1447 25 11
1448 43 21
1449 11 19
1450 52 12
1451 22 25
1452 44 50
1453 25 31
1454 43 3
1455 55 40
1456 19 26
1457 18 21
1458 26 13
1459 28 40
1460 36 51
1461 18 28
1462 26 31
1463 21 52
1464 55 22
1465 26 2
1466 24 26
1467 15 0
1468 21 19
1469 44 51
1470 4 28
1471 43 20
1472 54 40
1473 3 27
1474 51 20
1475 2 35
1476 36 46
1477 40 44
1478 2 32
1479 21 51
1480 36 10
1481 21 49
1482 21 50
1483 5 14
1484 37 3
1485 1 38
1486 38 11
1487 33 13
1488 44 45
1489 39 53
1490 19 22
1491 40 32
1492 55 36
1493 25 31
1494 42 49
1495 55 21
1496 4 2
1497 17 22
1498 43 49
1499 55 33
1500 25 26
1501 1 26
1502 28 41
1503 43 50
1504 20 26
1505 52 13
1506 26 14
1507 16 34
1508 36 32
1509 30 14
1510 40 20
1511 35 45
1512 43 51
1513 47 19
1514 47 49
1515 40 33
1516 22 49
1517 55 40
1518 34 25
1519 26 1
1520 33 20
1521 5 15
1522 51 15
1523 1 35
1524 42 49
1525 48 47
1526 1 3
1527 44 48
1528 25 6
1529 44 51
1530 36 11
1531 21 25
1532 55 22
1533 5 14
1534 43 21
1535 43 51
1536 43 20
1537 0 49
1538 16 33
1539 4 13
1540 21 20
1541 16 0
1542 24 26
1543 2 26
1544 5 13
1545 55 21
1546 45 45
1547 3 26
1548 1 2
1549 40 42
1550 26 31
1551 43 50
1552 54 15
1553 4 12
1554 43 51
1555 39 52
1556 16 34
1557 38 12
1558 1 29
1559 3 4
1560 28 39
1561 5 2
1562 20 19
1563 25 16
1564 26 11
1565 2 27
1566 34 15
1567 15 0
1568 10 18
1569 21 21
1570 29 15
1571 24 27
1572 52 12
1573 6 2
1574 42 45
1575 3 13
1576 21 19
1577 25 31
1578 54 14
1579 16 33
1580 44 45
1581 2 35
1582 54 15
1583 1 35
1584 16 34
1585 38 11
1586 43 4
1587 22 25
1588 53 33
1589 27 4
1590 1 28
1591 33 12
1592 21 48
1593 36 47
1594 16 33
1595 37 4
1596 40 43
1597 36 50
1598 25 11
1599 38 12
1600 5 2
1601 55 19
1602 55 22
1603 52 15
1604 16 0
1605 54 40
1606 43 49
1607 45 45
1608 28 15
1609 34 24
1610 44 45
1611 26 11
1612 42 48
1613 26 13
1614 42 35
1615 26 2
1616 39 53
1617 29 12
1618 24 26
1619 48 48
1620 54 14
1621 21 20
1622 28 40
1623 37 32
1624 15 13
1625 26 4
1626 48 47
1627 47 36
1628 10 17
1629 54 35
1630 16 34
1631 36 45
1632 37 3
1633 44 51
1634 55 21
1635 3 5
1636 34 25
1637 43 35
1638 38 11
1639 54 36
1640 38 12
1641 19 26
1642 33 21
1643 25 11
1644 44 49
1645 22 50
1646 41 48
1647 54 19
1648 21 25
1649 1 29
1650 29 15
1651 51 15
1652 53 15
1653 46 36
1654 48 49
1655 29 13
1656 33 20
1657 33 21
1658 36 32
1659 21 49
1660 2 35
1661 43 50
1662 26 14
1663 2 26
1664 55 22
1665 0 26
1666 51 19
1667 19 28
1668 53 14
1669 36 46
1670 20 26
1671 15 0
1672 19 26
1673 10 18
1674 34 24
1675 29 14
1676 55 40
1677 19 23
1678 47 20
1679 1 26
1680 34 25
1681 18 28
1682 16 13
1683 3 26
1684 36 47
1685 36 51
1686 24 6
1687 42 51
1688 52 13
1689 36 50
1690 52 15
1691 36 10
1692 44 48
1693 54 33
1694 55 33
1695 11 18
1696 33 20
1697 19 28
1698 48 48
1699 54 40
1700 26 31
1701 3 15
1702 22 25
1703 1 3
1704 51 14
1705 43 51
1706 44 49
1707 39 52
1708 39 53
1709 2 26
1710 52 12
1711 25 6
1712 4 3
1713 39 52
1714 43 21
1715 21 50
1716 10 17
1717 51 15
1718 40 42
1719 0 48
1720 54 15
1721 21 22
1722 5 14
1723 47 49
1724 38 11
1725 37 4
1726 25 15
1727 2 31
1728 16 33
1729 52 13
1730 43 20
1731 42 35
1732 46 17
1733 3 27
1734 1 28
1735 30 12
1736 21 25
1737 1 29
1738 45 45
1739 39 53
1740 3 26
1741 3 4
1742 27 40
1743 21 9
1744 3 12
1745 29 12
1746 40 43
1747 47 19
1748 47 20
1749 40 44
1750 5 13
1751 2 32
1752 36 11
1753 35 15
1754 25 31
1755 11 19
1756 44 52
1757 2 26
1758 3 3
1759 11 18
1760 37 3
1761 36 46
1762 34 15
1763 53 34
1764 52 14
1765 15 13
1766 38 12
1767 37 32
1768 48 47
1769 46 45
1770 31 12
1771 21 49
1772 52 15
1773 36 51
1774 37 4
1775 36 10
1776 44 51
1777 53 33
1778 46 18
1779 48 48
1780 48 47
1781 37 3
1782 46 17
1783 36 32
1784 36 11
1785 1 37
1786 22 25
1787 27 4
1788 36 47
1789 40 43
1790 4 30
1791 20 26
1792 43 35
1793 3 26
1794 11 19
1795 54 14
1796 48 48
1797 16 34
1798 2 27
1799 48 47
1800 48 49
1801 1 2
1802 51 14
1803 35 15
1804 18 20
1805 39 13
1806 1 28
1807 36 10
1808 34 24
1809 3 4
1810 16 0
1811 48 48
1812 16 13
1813 9 32
1814 6 2
1815 4 5
1816 1 35
1817 47 45
1818 26 4
1819 26 1
1820 0 49
1821 3 14
1822 15 0
1823 55 21
1824 51 20
1825 24 27
1826 26 13
1827 26 31
1828 16 0
1829 28 15
1830 16 33
1831 54 33
1832 1 38
1833 28 40
1834 46 45
1835 55 19
1836 26 14
1837 1 29
1838 26 11
1839 44 48
1840 21 50
1841 26 2
1842 47 45
1843 25 31
1844 53 34
1845 21 49
1846 2 35
1847 34 15
1848 41 20
1849 1 28
1850 2 31
1851 35 45
1852 10 18
1853 37 4
1854 54 34
1855 1 35
1856 24 26
1857 30 14
1858 53 15
1859 2 26
1860 29 15
1861 3 13
1862 5 2
1863 16 34
1864 41 51
1865 15 13
1866 19 22
1867 16 13
1868 42 51
1869 33 13
1870 40 32
1871 46 45
1872 3 3
1873 47 19
1874 40 20
1875 55 36
1876 19 23
1877 35 15
1878 3 4
1879 24 28
1880 18 28
1881 28 39
1882 47 20
1883 36 45
1884 33 12
1885 3 3
1886 22 49
1887 19 26
1888 24 29
1889 28 40
1890 36 46
1891 39 52
1892 24 6
1893 23 50
1894 53 14
1895 3 27
1896 28 15
1897 49 47
1898 51 15
1899 40 42
1900 41 20
1901 40 45
1902 29 14
1903 30 14
1904 3 30
1905 3 25
1906 25 26
1907 46 18
1908 33 13
1909 52 14
1910 21 21
1911 54 19
1912 3 15
1913 42 46
1914 48 47
1915 51 19
1916 27 40
1917 22 50
1918 37 3
1919 44 45
1920 54 15
1921 40 20
1922 18 21
1923 55 40
1924 39 53
1925 3 4
1926 38 13
1927 26 1
1928 38 11
1929 39 42
1930 41 47
1931 37 4
1932 1 37
1933 17 23
1934 18 20
1935 29 13
1936 2 32
1937 22 9
1938 19 22
1939 25 16
1940 2 35
1941 42 45
1942 4 6
1943 15 0
1944 36 50
1945 47 45
1946 48 49
1947 3 14
1948 6 2
1949 15 13
1950 3 12
1951 3 3
1952 40 42
1953 30 12
1954 3 26
1955 1 26
1956 19 23
1957 54 40
1958 2 31
1959 2 25
1960 46 45
1961 25 29
1962 40 44
1963 19 28
1964 48 48
1965 36 11
1966 27 4
1967 55 19
1968 47 19
1969 1 29
1970 29 12
1971 21 49
1972 11 18
1973 11 19
1974 54 35
1975 54 14
1976 53 15
1977 41 51
1978 42 51
1979 43 3
1980 24 26
1981 36 47
1982 51 20
1983 40 33
1984 44 52
1985 10 17
1986 16 33
1987 42 46
1988 43 21
1989 42 45
1990 54 19
1991 42 35
1992 25 26
1993 3 15
1994 37 32
1995 16 34
1996 21 51
1997 47 45
1998 36 32
1999 55 22
2000 1 3
2001 44 51
2002 4 2
2003 36 51
2004 43 35
2005 44 49
2006 1 35
2007 55 33
2008 2 26
2009 28 40
2010 54 33
2011 1 26
2012 25 15
2013 45 45
2014 2 32
2015 41 48
2016 51 19
2017 5 2
2018 53 14
2019 6 3
2020 25 16
2021 54 14
2022 28 13
2023 39 52
2024 35 45
2025 52 15
2026 55 40
2027 16 13
2028 18 28
2029 53 14
2030 24 26
2031 52 12
2032 55 19
2033 37 32
2034 19 28
2035 42 35
2036 18 28
2037 28 42
2038 11 18
2039 1 28
2040 1 38
2041 40 43
2042 46 45
2043 29 15
2044 52 14
2045 6 2
2046 20 26
2047 41 42
2048 43 20
2049 5 6
2050 21 22
2051 54 36
2052 33 12
2053 29 13
2054 43 52
2055 9 31
2056 21 50
2057 19 28
2058 53 14
2059 28 13
2060 44 48
2061 21 49
2062 21 25
2063 54 15
2064 0 48
2065 43 4
2066 43 51
2067 41 47
2068 55 33
2069 26 31
2070 29 13
2071 4 12
2072 52 13
2073 38 12
2074 47 20
2075 54 33
2076 46 17
2077 44 52
2078 29 12
2079 55 36
2080 54 14
2081 21 50
2082 34 25
2083 2 26
2084 40 32
2085 40 42
2086 34 24
2087 19 22
2088 3 14
2089 9 32
2090 33 21
2091 2 27
2092 42 46
2093 19 26
2094 25 15
2095 33 20
2096 54 36
2097 51 15
2098 40 43
2099 36 32
2100 43 35
2101 42 35
2102 17 22
2103 25 6
2104 16 33
2105 26 13
2106 25 26
2107 2 31
2108 3 4
2109 2 26
2110 9 31
2111 22 49
2112 52 15
2113 29 13
2114 3 12
2115 40 42
2116 16 34
2117 1 2
2118 43 21
2119 17 23
2120 22 50
2121 37 32
2122 22 25
2123 53 15
2124 36 32
2125 33 13
2126 24 29
2127 5 14
2128 53 14
2129 21 50
2130 4 13
2131 41 48
2132 36 10
2133 3 28
2134 43 20
2135 47 45
2136 22 50
2137 19 23
2138 3 3
2139 36 46
2140 18 21
2141 46 18
2142 26 4
2143 17 22
2144 27 4
2145 39 41
2146 3 15
2147 22 49
2148 47 49
2149 43 50
2150 51 15
2151 40 33
2152 2 27
2153 43 51
2154 44 45
2155 21 52
2156 39 42
2157 47 19
2158 28 41
2159 21 21
2160 19 22
2161 38 41
2162 2 35
2163 4 28
2164 21 25
2165 3 14
2166 39 53
2167 51 12
2168 43 35
2169 26 2
2170 36 11
2171 54 15
2172 19 23
2173 22 50
2174 44 49
2175 20 26
2176 34 15
2177 5 2
2178 4 12
2179 40 32
2180 25 11
2181 42 45
2182 38 13
2183 55 21
2184 53 33
2185 34 25
2186 35 15
2187 43 21
2188 51 20
2189 2 26
2190 38 12
2191 43 20
2192 21 9
2193 21 51
2194 36 47
2195 40 42
2196 3 15
2197 22 9
2198 48 47
2199 51 19
2200 16 0
2201 38 10
2202 19 26
2203 26 14
2204 55 36
2205 52 12
2206 22 25
2207 40 43
2208 9 32
2209 46 45
2210 44 48
2211 6 2
2212 40 42
2213 3 13
2214 41 47
2215 37 32
2216 47 45
2217 19 22
2218 45 45
2219 26 11
2220 27 41
2221 3 14
2222 48 48
2223 37 3
2224 3 27
2225 38 13
2226 1 29
2227 52 15
2228 18 28
2229 1 35
2230 9 31
2231 27 40
2232 28 42
2233 21 52
2234 47 36
2235 25 29
2236 24 6
2237 43 50
2238 37 4
2239 54 14
2240 25 31
2241 3 12
2242 34 24
2243 3 26
2244 21 20
2245 4 30
2246 34 25
2247 28 40
2248 26 31
2249 3 30
2250 21 25
2251 16 33
2252 19 23
2253 36 32
2254 54 40
2255 9 32
2256 38 11
2257 53 34
2258 36 45
2259 20 26
2260 42 35
2261 15 13
2262 46 36
2263 10 18
2264 53 33
2265 17 23
2266 22 25
2267 33 12
2268 21 9
2269 18 20
2270 19 22
2271 41 48
2272 55 33
2273 1 37
2274 25 16
2275 52 14
2276 11 19
2277 54 36
2278 44 45
2279 36 10
2280 36 11
2281 43 35
2282 41 20
2283 43 3
2284 54 19
2285 5 2
2286 51 15
2287 41 47
2288 43 4
2289 4 6
2290 33 13
2291 47 20
2292 40 20
2293 1 3
2294 26 4
2295 55 19
2296 55 36
2297 2 35
2298 1 2
2299 10 17
2300 42 46
2301 33 21
2302 2 26
2303 52 13
2304 54 36
2305 36 10
2306 3 28
2307 54 34
2308 55 22
2309 42 35
2310 43 35
2311 41 48
2312 36 46
2313 43 3
2314 47 36
2315 6 2
2316 0 49
2317 41 20
2318 5 6
2319 4 2
2320 4 28
2321 55 36
2322 3 28
2323 52 12
2324 3 4
2325 3 25
2326 0 48
2327 48 47
2328 25 15
2329 55 40
2330 1 35
2331 4 12
2332 2 35
2333 46 36
2334 43 21
2335 27 40
2336 37 32
2337 15 0
2338 40 33
2339 42 45
2340 38 12
2341 44 49
2342 55 21
2343 25 16
2344 22 9
2345 43 20
2346 36 32
2347 33 20
2348 54 19
2349 3 3
2350 55 19
2351 47 36
2352 40 20
2353 54 33
2354 40 44
2355 33 21
2356 27 4
2357 42 46
2358 48 48
2359 5 13
2360 36 11
2361 0 49
2362 46 36
2363 29 14
2364 3 15
2365 5 2
2366 25 6
2367 1 38
2368 54 40
2369 52 13
2370 4 6
2371 3 26
2372 26 1
2373 26 13
2374 0 48
2375 26 4
2376 33 20
2377 54 19
2378 4 30
2379 34 24
2380 1 35
2381 27 41
2382 4 28
2383 37 3
2384 5 14
2385 39 13
2386 1 28
2387 19 26
2388 5 6
2389 25 15
2390 18 21
2391 36 50
2392 54 36
2393 38 13
2394 27 13
2395 28 41
2396 41 47
2397 28 13
2398 41 48
2399 25 31
2400 27 13
2401 33 12
2402 42 35
2403 46 45
2404 3 12
2405 28 15
2406 25 11
2407 54 15
2408 43 52
2409 6 3
2410 30 14
2411 53 34
2412 51 20
2413 4 12
2414 40 43
2415 46 17
2416 54 14
2417 35 45
2418 3 12
2419 21 21
2420 27 40
2421 40 42
2422 2 25
2423 6 2
2424 6 4
2425 43 51
2426 16 0
2427 26 2
2428 44 48
2429 51 16
2430 21 22
2431 46 18
2432 19 23
2433 47 45
2434 34 25
2435 55 22
2436 43 35
2437 52 15
2438 19 22
2439 20 26
2440 9 31
2441 55 33
2442 1 26
2443 27 4
2444 43 21
2445 43 20
2446 44 49
2447 4 12
2448 51 19
2449 36 10
2450 21 25
2451 21 51
2452 48 49
2453 47 36
2454 19 28
2455 37 4
2456 26 11
2457 48 47
2458 26 4
2459 36 51
2460 28 13
2461 36 47
2462 2 26
2463 54 33
2464 29 14
2465 1 25
2466 22 49
2467 36 11
2468 22 25
2469 39 41
2470 21 25
2471 43 49
2472 39 13
2473 39 52
2474 18 20
2475 18 28
2476 43 21
2477 5 13
2478 28 40
2479 41 47
2480 41 48
2481 28 42
2482 22 25
2483 29 15
2484 52 14
2485 27 40
2486 37 3
2487 2 35
2488 53 33
2489 52 12
2490 51 17
2491 44 52
2492 27 41
2493 1 29
2494 11 18
2495 3 12
2496 21 21
2497 30 14
2498 37 32
2499 50 17
2500 38 41
2501 51 17
2502 5 2
2503 15 0
2504 36 50
2505 19 26
2506 33 21
2507 52 13
2508 44 51
2509 43 20
2510 18 21
2511 46 36
2512 19 28
2513 55 40
2514 46 45
2515 55 19
2516 54 32
2517 17 22
2518 26 1
2519 39 53
2520 4 13
2521 48 48
2522 25 16
2523 4 12
2524 1 35
2525 3 27
2526 24 6
2527 50 17
2528 18 28
2529 43 51
2530 27 13
2531 3 28
2532 41 47
2533 9 32
2534 4 13
2535 43 50
2536 38 13
2537 54 33
2538 25 6
2539 51 17
2540 42 45
2541 20 26
2542 40 32
2543 44 51
2544 26 31
2545 40 43
2546 39 42
2547 2 32
2548 21 52
2549 1 3
2550 21 51
2551 54 19
2552 40 42
2553 21 25
2554 25 15
2555 55 36
2556 39 52
2557 40 43
2558 53 14
2559 1 28
2560 54 40
2561 39 14
2562 5 14
2563 43 21
2564 40 33
2565 39 53
2566 21 19
2567 36 51
2568 16 0
2569 47 45
2570 25 16
2571 24 26
2572 39 52
2573 24 29
2574 16 34
2575 21 20
2576 40 42
2577 38 12
2578 1 29
2579 53 34
2580 39 53
2581 1 2
2582 3 14
2583 22 25
2584 19 23
2585 36 32
2586 1 28
2587 29 12
2588 4 6
2589 9 31
2590 6 2
2591 54 14
2592 21 25
2593 27 40
2594 48 47
2595 25 11
2596 25 26
2597 21 19
2598 9 32
2599 36 10
2600 53 33
2601 5 6
2602 54 33
2603 3 26
2604 2 26
2605 26 14
2606 55 33
2607 18 20
2608 21 52
2609 4 12
2610 1 29
2611 25 31
2612 6 3
2613 43 51
2614 0 49
2615 26 31
2616 21 20
2617 3 4
2618 28 40
2619 3 26
2620 54 34
2621 42 35
2622 2 27
2623 3 15
2624 48 48
2625 55 21
2626 44 48
2627 25 15
2628 47 36
2629 38 13
2630 21 9
2631 5 13
2632 52 12
2633 19 22
2634 19 23
2635 21 19
2636 24 26
2637 3 3
2638 21 20
2639 33 20
2640 41 48
2641 4 6
2642 26 13
2643 54 36
2644 41 47
2645 40 43
2646 41 20
2647 46 17
2648 43 49
2649 2 26
2650 22 50
2651 1 26
2652 5 15
2653 3 30
2654 21 19
2655 3 27
2656 10 18
2657 53 34
2658 40 14
2659 51 20
2660 22 25
2661 1 37
2662 22 9
2663 48 49
2664 54 33
2665 5 14
2666 25 31
2667 3 14
2668 16 13
2669 3 4
2670 33 13
2671 37 4
2672 27 40
2673 51 15
2674 29 13
2675 15 13
2676 3 3
2677 42 46
2678 21 20
2679 47 19
2680 21 49
2681 55 40
2682 4 30
2683 51 19
2684 38 12
2685 11 19
2686 41 48
2687 3 26
2688 36 50
2689 29 14
2690 1 38
2691 19 28
2692 50 17
2693 43 50
2694 36 51
2695 25 26
2696 46 45
2697 1 28
2698 55 36
2699 6 4
2700 45 45
2701 1 29
2702 19 26
2703 44 49
2704 3 4
2705 48 48
2706 1 37
2707 18 28
2708 53 33
2709 5 2
2710 55 22
2711 17 23
2712 38 13
2713 42 45
2714 40 32
2715 6 2
2716 53 14
2717 3 27
2718 28 15
2719 4 13
2720 26 31
2721 25 29
2722 53 34
2723 47 45
2724 54 14
2725 3 12
2726 40 33
2727 36 45
2728 21 9
2729 36 50
2730 44 51
2731 22 9
2732 37 32
2733 1 3
2734 54 34
2735 29 12
2736 46 45
2737 21 50
2738 6 3
2739 5 2
2740 6 2
2741 46 36
2742 28 39
2743 1 2
2744 25 16
2745 40 32
2746 47 20
2747 28 40
2748 29 15
2749 55 33
2750 0 26
2751 9 31
2752 15 0
2753 53 14
2754 35 45
2755 38 12
2756 47 45
2757 3 26
2758 1 3
2759 24 29
2760 3 3
2761 39 41
2762 44 45
2763 43 51
2764 47 36
2765 1 2
2766 1 3
2767 33 21
2768 25 15
2769 2 26
2770 28 41
2771 53 34
2772 1 28
2773 10 17
2774 26 11
2775 43 20
2776 21 51
2777 40 33
2778 38 41
2779 28 42
2780 4 12
2781 21 49
2782 11 18
2783 25 16
2784 10 18
2785 6 4
2786 2 31
2787 25 29
2788 5 13
2789 40 42
2790 16 13
2791 30 14
2792 3 26
2793 1 2
2794 1 26
2795 21 25
2796 0 25
2797 42 46
2798 21 50
2799 2 32
2800 29 14
2801 17 22
2802 46 45
2803 0 24
2804 5 14
2805 24 26
2806 20 26
2807 25 15
2808 20 19
2809 36 11
2810 2 26
2811 15 13
2812 19 26
2813 5 2
2814 46 18
2815 29 39
2816 27 4
2817 21 21
2818 1 38
2819 39 42
2820 47 45
2821 44 48
2822 4 28
2823 27 13
2824 18 21
2825 28 39
2826 39 41
2827 29 39
2828 21 20
2829 54 15
2830 28 39
2831 54 33
2832 21 52
2833 36 32
2834 21 49
2835 38 13
2836 51 17
2837 25 16
2838 28 15
2839 54 14
2840 18 20
2841 46 17
2842 3 28
2843 44 51
2844 48 47
2845 21 51
2846 43 21
2847 47 19
2848 38 41
2849 5 13
2850 3 27
2851 24 6
2852 9 32
2853 16 13
2854 22 25
2855 47 20
2856 39 14
2857 19 22
2858 26 2
2859 36 45
2860 1 29
2861 3 26
2862 38 12
2863 42 51
2864 34 24
2865 21 21
2866 26 4
2867 36 10
2868 16 33
2869 45 45
2870 37 3
2871 46 45
2872 52 13
2873 30 14
2874 21 9
2875 39 41
2876 43 35
2877 10 17
2878 17 23
2879 26 13
2880 21 50
2881 40 42
2882 1 28
2883 2 26
2884 19 23
2885 25 26
2886 55 19
2887 42 35
2888 43 51
2889 38 41
2890 24 29
2891 3 4
2892 27 40
2893 43 4
2894 43 50
2895 0 48
2896 52 15
2897 9 31
2898 20 26
2899 38 13
2900 25 11
2901 55 33
2902 1 3
2903 21 19
2904 41 47
2905 29 13
2906 36 46
2907 1 37
2908 38 12
2909 40 32
2910 16 0
2911 5 6
2912 19 26
2913 38 13
2914 21 25
2915 1 2
2916 43 51
2917 4 28
2918 33 20
2919 44 49
2920 5 14
2921 38 12
2922 0 23
2923 43 3
2924 1 38
2925 22 49
2926 21 20
2927 1 29
2928 48 48
2929 21 49
2930 3 15
2931 37 32
2932 15 0
2933 33 12
2934 20 26
2935 3 14
2936 47 49
2937 3 26
2938 37 4
2939 48 49
2940 1 3
2941 3 13
2942 53 14
2943 11 19
2944 22 9
2945 0 49
2946 44 45
2947 51 15
2948 1 28
2949 26 11
2950 35 45
2951 25 31
2952 44 51
2953 21 19
2954 54 19
2955 21 9
2956 17 22
2957 29 14
2958 46 36
2959 42 45
2960 25 11
2961 18 21
2962 54 40
2963 19 28
2964 53 33
2965 26 1
2966 26 11
2967 22 25
2968 39 41
2969 43 35
2970 44 48
2971 2 27
2972 53 34
2973 54 14
2974 1 2
2975 54 33
2976 23 49
2977 36 45
2978 50 17
2979 24 26
2980 38 13
2981 39 52
2982 44 49
2983 1 3
2984 45 45
2985 54 36
2986 39 53
2987 36 11
2988 25 26
2989 3 12
2990 43 51
2991 47 19
2992 5 13
2993 2 26
2994 6 2
2995 43 4
2996 2 31
2997 42 46
2998 21 25
2999 15 13
3000 44 52
3001 21 20
3002 21 22
3003 21 21
3004 37 3
3005 55 40
3006 1 29
3007 1 26
3008 55 19
3009 36 47
3010 46 18
3011 19 22
3012 4 6
3013 2 26
3014 39 42
3015 29 12
3016 40 20
3017 43 3
3018 54 35
3019 1 28
3020 3 3
3021 36 46
3022 28 40
3023 18 20
3024 47 49
3025 10 18
3026 3 26
3027 47 20
3028 0 24
3029 51 17
3030 16 0
3031 3 30
3032 2 26
3033 40 33
3034 36 32
3035 25 11
3036 47 19
3037 47 20
3038 0 48
3039 16 34
3040 21 22
3041 37 4
3042 26 15
3043 54 19
3044 5 6
3045 21 50
3046 54 15
3047 30 14
3048 15 0
3049 54 40
3050 37 3
3051 40 42
3052 54 14
3053 29 14
3054 52 14
3055 34 25
3056 47 45
3057 55 19
3058 25 15
3059 18 28
3060 25 29
3061 43 49
3062 0 23
3063 17 23
3064 47 19
3065 22 49
3066 22 9
3067 54 34
3068 50 17
3069 16 0
3070 39 52
3071 51 20
3072 55 33
3073 53 14
3074 53 33
3075 24 26
3076 36 10
3077 44 48
3078 2 35
3079 26 11
3080 55 40
3081 36 47
3082 22 25
3083 23 50
3084 54 40
3085 0 24
3086 26 31
3087 37 4
3088 47 20
3089 53 34
3090 53 33
3091 25 11
3092 55 40
3093 28 41
3094 52 12
3095 40 32
3096 55 21
3097 24 29
3098 52 13
3099 43 20
3100 6 3
3101 22 50
3102 19 26
3103 55 36
3104 29 15
3105 1 35
3106 28 42
3107 20 26
3108 1 2
3109 43 4
3110 52 15
3111 25 16
3112 2 35
3113 23 50
3114 41 48
3115 4 12
3116 25 31
3117 39 42
3118 3 28
3119 54 33
3120 47 19
3121 41 20
3122 54 15
3123 26 11
3124 21 21
3125 47 36
3126 41 47
3127 16 33
3128 25 29
3129 3 27
3130 1 3
3131 48 49
3132 36 11
3133 40 20
3134 28 15
3135 24 29
3136 16 13
3137 22 50
3138 24 50
3139 26 2
3140 27 4
3141 16 34
3142 11 18
3143 40 14
3144 25 11
3145 43 21
3146 19 23
3147 53 34
3148 21 49
3149 29 39
3150 4 30
3151 34 24
3152 39 14
3153 37 3
3154 5 14
3155 3 12
3156 26 1
3157 54 19
3158 21 9
3159 4 28
3160 52 12
3161 40 42
3162 0 49
3163 54 14
3164 16 33
3165 36 51
3166 26 11
3167 39 53
3168 21 22
3169 51 15
3170 33 13
3171 29 15
3172 18 21
3173 6 4
3174 40 14
3175 42 45
3176 0 48
3177 48 47
3178 25 29
3179 28 39
3180 46 36
3181 21 50
3182 36 10
3183 22 49
3184 51 19
3185 46 17
3186 9 32
3187 36 11
3188 1 37
3189 3 4
3190 42 35
3191 17 22
3192 36 50
3193 38 12
3194 26 14
3195 15 13
3196 4 6
3197 19 26
3198 46 45
3199 20 26
3200 19 22
3201 47 45
3202 39 42
3203 18 20
3204 5 13
3205 4 13
3206 54 35
3207 43 20
3208 1 38
3209 43 35
3210 23 50
3211 43 3
3212 4 12
3213 40 42
3214 37 4
3215 16 13
3216 21 21
3217 25 11
3218 53 15
3219 53 33
3220 40 33
3221 3 3
3222 5 2
3223 28 41
3224 55 19
3225 30 14
3226 3 13
3227 21 25
3228 1 2
3229 44 51
3230 26 13
3231 42 46
3232 46 45
3233 22 9
3234 53 14
3235 38 13
3236 1 37
3237 28 42
3238 22 50
3239 39 52
3240 26 11
3241 24 29
3242 47 36
3243 29 13
3244 21 22
3245 25 29
3246 55 22
3247 51 17
3248 10 17
3249 39 14
3250 26 14
3251 44 49
3252 3 26
3253 48 48
3254 16 34
3255 26 2
3256 29 14
3257 19 26
3258 49 47
3259 15 0
3260 47 20
3261 2 26
3262 50 17
3263 46 18
3264 24 50
3265 44 52
3266 26 31
3267 1 38
3268 40 14
3269 25 6
3270 21 21
3271 1 3
3272 41 20
3273 21 22
3274 0 49
3275 39 42
3276 37 3
3277 22 25
3278 27 40
3279 37 4
3280 40 42
3281 46 36
3282 37 3
3283 54 36
3284 3 12
3285 44 45
3286 39 53
3287 16 33
3288 26 13
3289 54 40
3290 6 2
3291 16 0
3292 0 48
3293 43 50
3294 30 14
3295 54 19
3296 37 32
3297 1 37
3298 44 48
3299 3 26
3300 21 21
3301 3 30
3302 55 33
3303 29 14
3304 28 15
3305 11 19
3306 26 4
3307 52 13
3308 47 45
3309 0 49
3310 1 35
3311 33 21
3312 3 4
3313 25 11
3314 44 51
3315 21 49
3316 53 34
3317 19 28
3318 48 47
3319 3 15
3320 42 51
3321 42 45
3322 28 41
3323 25 31
3324 30 14
3325 26 11
3326 34 15
3327 25 11
3328 54 33
3329 1 29
3330 3 13
3331 40 43
3332 5 2
3333 41 48
3334 29 15
3335 2 26
3336 15 13
3337 26 1
3338 43 51
3339 55 33
3340 29 12
3341 24 6
3342 0 23
3343 16 13
3344 48 49
3345 46 45
3346 29 13
3347 3 26
3348 41 47
3349 44 51
3350 35 15
3351 29 14
3352 48 48
3353 26 31
3354 36 32
3355 20 26
3356 47 49
3357 19 23
3358 42 46
3359 48 47
3360 2 27
3361 3 3
3362 1 28
3363 54 35
3364 25 31
3365 52 12
3366 52 15
3367 54 33
3368 40 32
3369 29 12
3370 39 14
3371 18 28
3372 47 19
3373 0 48
3374 0 24
3375 28 15
3376 39 52
3377 35 45
3378 55 21
3379 6 3
3380 16 34
3381 6 2
3382 26 31
3383 55 40
3384 40 14
3385 3 14
3386 43 51
3387 55 22
3388 23 50
3389 26 2
3390 24 29
3391 29 15
3392 3 12
3393 24 50
3394 40 42
3395 3 28
3396 3 15
3397 54 15
3398 17 23
3399 33 20
3400 4 28
3401 28 42
3402 5 14
3403 48 49
3404 21 9
3405 54 36
3406 38 42
3407 4 12
3408 1 38
3409 2 26
3410 30 14
3411 10 18
3412 53 33
3413 55 36
3414 11 18
3415 37 4
3416 5 6
3417 4 2
3418 22 9
3419 5 13
3420 23 50
3421 26 1
3422 43 49
3423 25 15
3424 25 29
3425 36 51
3426 43 4
3427 17 22
3428 17 23
3429 43 3
3430 52 13
3431 24 29
3432 46 17
3433 54 14
3434 51 15
3435 52 12
3436 4 30
3437 3 12
3438 21 50
3439 36 50
3440 52 13
3441 26 2
3442 38 12
3443 51 20
3444 46 18
3445 28 41
3446 21 22
3447 37 3
3448 5 14
3449 24 50
3450 22 49
3451 19 26
3452 46 17
3453 43 50
3454 2 35
3455 29 14
3456 47 20
3457 25 26
3458 4 6
3459 3 30
3460 3 13
3461 9 31
3462 43 4
3463 3 12
3464 47 19
3465 1 35
3466 1 26
3467 40 33
3468 51 17
3469 15 0
3470 23 50
3471 4 12
3472 16 33
3473 26 11
3474 34 15
3475 22 50
3476 55 21
3477 54 40
3478 54 36
3479 55 33
3480 20 26
3481 15 13
3482 25 29
3483 54 35
3484 35 15
3485 42 45
3486 3 28
3487 55 22
3488 17 22
3489 3 14
3490 28 40
3491 53 15
3492 38 13
3493 2 32
3494 47 36
3495 55 19
3496 34 15
3497 43 3
3498 51 19
3499 33 21
3500 1 2
3501 38 41
3502 34 25
3503 54 36
3504 36 45
3505 40 32
3506 25 6
3507 18 21
3508 55 40
3509 51 20
3510 26 14
3511 51 19
3512 21 49
3513 43 4
3514 21 50
3515 30 14
3516 54 33
3517 53 14
3518 28 42
3519 42 35
3520 2 26
3521 40 43
3522 39 41
3523 43 21
3524 25 11
3525 19 26
3526 10 17
3527 29 13
3528 40 33
3529 16 34
3530 44 51
3531 54 15
3532 24 26
3533 4 30
3534 45 45
3535 36 51
3536 37 4
3537 28 41
3538 21 21
3539 47 20
3540 42 46
3541 3 27
3542 5 13
3543 28 39
3544 21 49
3545 54 19
3546 46 36
3547 0 49
3548 35 45
3549 37 32
3550 39 53
3551 50 17
3552 23 49
3553 2 31
3554 48 48
3555 40 42
3556 16 33
3557 54 14
3558 36 32
3559 51 20
3560 26 11
3561 5 2
3562 47 36
3563 20 26
3564 47 49
3565 19 28
3566 33 12
3567 18 28
3568 46 36
3569 48 49
3570 43 51
3571 51 19
3572 55 33
3573 25 16
3574 25 11
3575 1 3
3576 47 19
3577 55 21
3578 29 12
3579 3 4
3580 51 20
3581 55 22
3582 51 17
3583 36 10
3584 28 42
3585 19 26
3586 53 14
3587 27 13
3588 25 31
3589 10 18
3590 54 14
3591 26 13
3592 50 17
3593 40 20
3594 26 15
3595 52 14
3596 10 17
3597 25 26
3598 21 20
3599 3 12
3600 43 20
3601 2 32
3602 22 49
3603 3 26
3604 52 12
3605 1 37
3606 24 6
3607 21 25
3608 39 14
3609 36 50
3610 29 14
3611 54 33
3612 9 32
3613 33 13
3614 28 41
3615 44 45
3616 28 42
3617 54 40
3618 3 3
3619 54 34
3620 53 14
3621 11 19
3622 28 41
3623 16 34
3624 55 19
3625 44 52
3626 26 11
3627 55 40
3628 18 20
3629 41 48
3630 4 2
3631 11 18
3632 51 19
3633 38 41
3634 3 4
3635 24 29
3636 16 33
3637 21 21
3638 51 17
3639 2 35
3640 55 36
3641 16 13
3642 50 17
3643 28 15
3644 52 13
3645 35 15
3646 47 20
3647 36 45
3648 34 15
3649 44 51
3650 16 34
3651 48 47
3652 4 12
3653 54 14
3654 43 35
3655 45 45
3656 9 31
3657 0 23
3658 23 49
3659 3 12
3660 5 14
3661 16 0
3662 37 32
3663 55 33
3664 47 45
3665 5 2
3666 35 15
3667 38 42
3668 9 32
3669 41 47
3670 48 48
3671 40 43
3672 1 38
3673 54 40
3674 25 11
3675 18 21
3676 26 11
3677 17 23
3678 39 52
3679 52 15
3680 19 28
3681 51 17
3682 4 28
3683 51 20
3684 30 14
3685 44 49
3686 55 21
3687 2 27
3688 0 48
3689 21 50
3690 37 3
3691 27 4
3692 0 49
3693 39 53
3694 38 41
3695 53 14
3696 48 47
3697 0 24
3698 24 26
3699 22 50
3700 3 28
3701 41 20
3702 43 51
3703 42 45
3704 54 33
3705 43 52
3706 36 32
3707 25 26
3708 44 52
3709 46 45
3710 35 45
3711 28 40
3712 25 6
3713 29 14
3714 53 34
3715 44 48
3716 25 11
3717 42 35
3718 17 22
3719 18 28
3720 51 19
3721 21 19
3722 28 42
3723 34 15
3724 52 12
3725 24 6
3726 3 30
3727 21 9
3728 40 14
3729 43 21
3730 26 11
3731 54 19
3732 21 20
3733 26 1
3734 24 26
3735 51 15
3736 41 48
3737 35 15
3738 36 51
3739 20 26
3740 54 36
3741 22 49
3742 25 11
3743 15 13
3744 3 15
3745 10 18
3746 21 50
3747 4 2
3748 39 14
3749 43 3
3750 25 26
3751 19 22
3752 4 12
3753 23 50
3754 4 28
3755 40 42
3756 11 19
3757 25 6
3758 2 31
3759 16 33
3760 1 35
3761 47 36
3762 39 42
3763 36 46
3764 5 13
3765 5 2
3766 5 6
3767 38 12
3768 45 51
3769 28 41
3770 33 20
3771 44 45
3772 47 45
3773 54 35
3774 2 32
3775 40 32
3776 33 12
3777 24 26
3778 46 45
3779 47 45
3780 26 31
3781 18 20
3782 19 28
3783 37 32
3784 5 14
3785 53 33
3786 10 17
3787 33 21
3788 51 20
3789 55 36
3790 19 26
3791 48 48
3792 4 30
3793 50 17
3794 42 46
3795 53 34
3796 36 47
3797 3 14
3798 55 19
3799 34 15
3800 47 19
3801 4 6
3802 21 22
3803 49 47
3804 33 13
3805 22 50
3806 40 14
3807 39 41
3808 39 52
3809 21 21
3810 36 32
3811 43 35
3812 35 15
3813 39 53
3814 33 20
3815 9 31
3816 48 47
3817 33 12
3818 34 15
3819 43 4
3820 55 33
3821 20 26
3822 10 18
3823 16 13
3824 2 26
3825 36 11
3826 50 47
3827 33 21
3828 44 51
3829 16 34
3830 26 4
3831 2 35
3832 29 13
3833 36 50
3834 1 37
3835 21 20
3836 9 32
3837 40 43
3838 19 26
3839 43 20
3840 54 15
3841 25 15
3842 52 13
3843 43 52
3844 3 3
3845 29 12
3846 39 52
3847 23 50
3848 28 42
3849 55 40
3850 40 42
3851 33 20
3852 29 39
3853 24 6
3854 40 20
3855 4 3
3856 20 26
3857 18 28
3858 39 53
3859 45 45
3860 35 15
3861 37 4
3862 41 47
3863 1 29
3864 44 52
3865 22 50
3866 45 51
3867 36 45
3868 43 21
3869 26 14
3870 26 16
3871 47 20
3872 1 28
3873 1 2
3874 21 21
3875 19 26
3876 34 15
3877 37 3
3878 42 45
3879 36 51
3880 1 38
3881 21 20
3882 47 19
3883 54 14
3884 10 17
3885 25 29
3886 44 51
3887 43 52
3888 25 26
3889 15 13
3890 54 36
3891 21 21
3892 15 0
3893 28 39
3894 26 2
3895 43 20
3896 9 31
3897 49 47
3898 37 4
3899 39 52
3900 47 20
3901 43 21
3902 0 23
3903 18 21
3904 43 20
3905 39 14
3906 19 28
3907 3 4
3908 37 32
3909 33 21
3910 16 13
3911 29 39
3912 1 35
3913 25 31
3914 2 35
3915 16 0
3916 5 13
3917 30 14
3918 5 14
3919 35 45
3920 52 12
3921 38 13
3922 52 13
3923 25 16
3924 26 1
3925 28 39
3926 46 45
3927 37 3
3928 47 45
3929 1 35
3930 54 34
3931 3 3
3932 19 23
3933 6 2
3934 29 14
3935 3 12
3936 33 20
3937 5 13
3938 3 5
3939 19 22
3940 46 36
3941 3 13
3942 20 26
3943 24 29
3944 0 48
3945 54 40
3946 27 40
3947 28 40
3948 19 23
3949 29 13
3950 21 49
3951 2 35
3952 20 22
3953 1 37
3954 21 50
3955 27 40
3956 5 14
3957 0 24
3958 46 45
3959 18 28
3960 35 15
3961 25 15
3962 36 45
3963 29 15
3964 17 23
3965 0 23
3966 42 35
3967 3 12
3968 38 41
3969 1 38
3970 1 29
3971 4 12
3972 19 22
3973 22 25
3974 55 40
3975 15 0
3976 40 43
3977 47 36
3978 27 4
3979 5 13
3980 36 10
3981 54 19
3982 16 33
3983 3 27
3984 19 23
3985 5 6
3986 40 42
3987 50 47
3988 38 12
3989 0 24
3990 21 49
3991 28 15
3992 3 4
3993 36 46
3994 33 21
3995 36 32
3996 28 41
3997 38 13
3998 16 0
3999 29 12
4000 15 13
4001 11 18
4002 43 21
4003 53 15
4004 43 35
4005 26 4
4006 36 11
4007 54 33
4008 4 6
4009 37 32
4010 19 22
4011 3 30
4012 27 4
4013 0 23
4014 33 20
4015 33 21
4016 52 15
4017 46 18
4018 25 29
4019 30 14
4020 5 14
4021 42 35
4022 28 42
4023 15 0
4024 39 42
4025 40 33
4026 36 47
4027 28 40
4028 41 48
4029 33 13
4030 5 6
4031 39 41
4032 24 29
4033 21 25
4034 55 36
4035 26 2
4036 3 15
4037 5 13
4038 43 20
4039 34 24
4040 19 26
4041 41 47
4042 22 25
4043 19 28
4044 44 45
4045 1 3
4046 18 20
4047 39 53
4048 53 33
4049 43 21
4050 53 14
4051 29 15
4052 41 48
4053 46 36
4054 38 12
4055 36 50
4056 51 19
4057 54 33
4058 0 49
4059 48 48
4060 17 22
4061 17 23
4062 1 2
4063 16 34
4064 46 17
4065 40 32
4066 25 16
4067 4 6
4068 28 41
4069 38 41
4070 4 3
4071 40 33
4072 54 40
4073 5 14
4074 54 15
4075 41 20
4076 26 11
4077 44 49
4078 40 14
4079 52 12
4080 49 47
4081 26 13
4082 22 9
4083 3 3
4084 47 36
4085 28 42
4086 3 26
4087 29 39
4088 16 33
4089 28 41
4090 28 42
4091 0 24
4092 34 25
4093 19 23
4094 0 48
4095 26 1
4096 26 31
4097 19 22
4098 48 47
4099 54 34
4100 52 13
4101 5 6
4102 26 2
4103 55 19
4104 47 19
4105 46 18
4106 51 20
4107 0 49
4108 1 37
4109 9 32
4110 54 36
4111 1 35
4112 28 15
4113 2 27
4114 27 40
4115 51 19
4116 17 22
4117 47 45
4118 45 50
4119 36 51
4120 26 14
4121 18 21
4122 45 45
4123 28 41
4124 26 1
4125 0 23
4126 40 42
4127 40 44
4128 43 20
4129 39 52
4130 53 34
4131 24 26
4132 34 15
4133 51 17
4134 50 47
4135 21 22
4136 33 20
4137 25 6
4138 21 20
4139 40 43
4140 55 36
4141 55 40
4142 46 36
4143 5 13
4144 36 10
4145 1 38
4146 47 36
4147 55 22
4148 3 12
4149 1 28
4150 36 50
4151 21 50
4152 35 15
4153 21 21
4154 39 42
4155 17 23
4156 18 28
4157 34 24
4158 43 51
4159 21 19
4160 16 0
4161 1 29
4162 25 11
4163 44 45
4164 26 13
4165 29 14
4166 46 17
4167 19 23
4168 4 13
4169 22 49
4170 54 14
4171 29 13
4172 5 14
4173 18 20
4174 47 20
4175 43 21
4176 19 28
4177 41 47
4178 22 50
4179 49 47
4180 51 20
4181 26 15
4182 21 20
4183 45 45
4184 33 12
4185 36 51
4186 9 31
4187 40 42
4188 39 41
4189 21 25
4190 15 0
4191 2 26
4192 29 15
4193 20 26
4194 46 18
4195 54 19
4196 43 35
4197 39 53
4198 54 35
4199 40 32
4200 36 46
4201 33 13
4202 0 48
4203 55 21
4204 2 35
4205 18 28
4206 16 34
4207 53 33
4208 34 15
4209 26 2
4210 4 6
4211 42 46
4212 40 20
4213 22 25
4214 19 22
4215 25 29
4216 19 23
4217 28 42
4218 48 48
4219 3 14
4220 4 2
4221 3 27
4222 42 45
4223 0 24
4224 21 22
4225 3 15
4226 38 13
4227 1 3
4228 9 32
4229 4 12
4230 44 48
4231 11 19
4232 28 15
4233 43 3
4234 42 46
4235 17 22
4236 1 2
4237 44 45
4238 44 51
4239 29 15
4240 45 45
4241 16 33
4242 54 40
4243 35 45
4244 3 26
4245 33 21
4246 36 32
4247 36 50
4248 52 14
4249 43 20
4250 43 4
4251 44 49
4252 39 14
4253 53 34
4254 21 21
4255 25 15
4256 33 12
4257 5 13
4258 52 12
4259 41 20
4260 46 36
4261 42 45
4262 43 51
4263 40 14
4264 34 25
4265 26 4
4266 55 22
4267 39 14
4268 24 29
4269 3 28
4270 28 41
4271 28 39
4272 54 36
4273 42 35
4274 3 27
4275 25 16
4276 36 45
4277 26 11
4278 9 31
4279 28 40
4280 55 40
4281 44 51
4282 52 13
4283 47 36
4284 17 23
4285 25 29
4286 33 13
4287 46 45
4288 21 9
4289 25 15
4290 16 34
4291 21 49
4292 26 14
4293 2 31
4294 1 35
4295 21 22
4296 26 1
4297 16 0
4298 24 6
4299 26 2
4300 27 40
4301 5 2
4302 37 4
4303 25 6
4304 48 47
4305 55 21
4306 41 48
4307 28 40
4308 22 9
4309 51 19
4310 27 4
4311 2 35
4312 24 6
4313 0 23
4314 29 12
4315 43 51
4316 35 15
4317 48 48
4318 21 50
4319 35 45
4320 19 22
4321 2 32
4322 16 13
4323 38 42
4324 19 28
4325 46 36
4326 54 40
4327 43 50
4328 44 45
4329 16 33
4330 40 14
4331 4 3
4332 3 26
4333 51 15
4334 5 14
4335 47 45
4336 41 47
4337 37 32
4338 15 0
4339 40 33
4340 28 15
4341 22 49
4342 34 15
4343 43 21
4344 3 12
4345 4 12
4346 43 3
4347 0 49
4348 4 30
4349 24 29
4350 47 19
4351 48 47
4352 19 26
4353 3 30
4354 27 41
4355 28 42
4356 52 12
4357 43 20
4358 55 19
4359 25 29
4360 44 48
4361 20 26
4362 3 4
4363 3 3
4364 43 35
4365 21 9
4366 3 14
4367 41 48
4368 36 45
4369 27 40
4370 30 14
4371 42 46
4372 11 18
4373 16 34
4374 11 19
4375 16 33
4376 22 9
4377 47 36
4378 26 4
4379 0 24
4380 21 21
4381 16 34
4382 33 20
4383 21 9
4384 44 49
4385 47 20
4386 15 13
4387 19 26
4388 39 52
4389 11 18
4390 25 31
4391 40 20
4392 16 13
4393 54 19
4394 24 29
4395 25 26
4396 39 53
4397 26 41
4398 50 17
4399 25 6
4400 4 28
4401 6 2
4402 55 33
4403 45 51
4404 5 13
4405 3 28
4406 55 36
4407 28 41
4408 48 49
4409 26 13
4410 34 24
4411 33 12
4412 4 28
4413 4 30
4414 42 35
4415 2 31
4416 35 45
4417 44 48
4418 44 49
4419 24 6
4420 52 13
4421 36 32
4422 28 40
4423 18 21
4424 18 20
4425 4 2
4426 1 3
4427 53 33
4428 29 13
4429 5 14
4430 26 15
4431 53 14
4432 43 51
4433 43 4
4434 48 48
4435 3 4
4436 29 12
4437 26 31
4438 39 52
4439 18 28
4440 35 15
4441 24 26
4442 54 14
4443 5 2
4444 29 13
4445 34 15
4446 25 26
4447 18 21
4448 19 28
4449 55 22
4450 33 13
4451 55 40
4452 54 36
4453 29 14
4454 29 12
4455 30 14
4456 38 41
4457 18 20
4458 25 15
4459 55 21
4460 4 3
4461 1 28
4462 46 17
4463 40 32
4464 55 36
4465 52 15
4466 25 6
4467 46 36
4468 35 15
4469 54 33
4470 53 14
4471 36 45
4472 46 45
4473 3 27
4474 27 40
4475 40 43
4476 47 19
4477 28 40
4478 24 26
4479 16 33
4480 20 26
4481 29 13
4482 3 3
4483 43 50
4484 5 13
4485 48 47
4486 11 19
4487 28 42
4488 18 21
4489 4 3
4490 36 51
4491 16 0
4492 45 45
4493 0 48
4494 26 1
4495 37 32
4496 25 26
4497 29 12
4498 21 20
4499 40 33
4500 18 28
4501 3 3
4502 48 48
4503 1 35
4504 34 15
4505 21 21
4506 51 15
4507 43 51
4508 44 45
4509 25 29
4510 25 11
4511 43 35
4512 9 32
4513 45 45
4514 29 15
4515 25 31
4516 36 11
4517 24 6
4518 26 31
4519 43 3
4520 27 4
4521 47 20
4522 38 12
4523 39 41
4524 11 18
4525 3 4
4526 28 41
4527 5 15
4528 43 4
4529 35 45
4530 3 3
4531 21 25
4532 46 18
4533 25 31
4534 54 40
4535 28 15
4536 43 21
4537 3 30
4538 1 2
4539 44 51
4540 3 12
4541 55 19
4542 3 26
4543 15 0
4544 49 47
4545 24 26
4546 55 33
4547 5 14
4548 52 15
4549 22 50
4550 44 48
4551 42 45
4552 43 3
4553 29 14
4554 40 32
4555 25 16
4556 11 19
4557 55 40
4558 26 42
4559 1 29
4560 4 12
4561 41 47
4562 25 26
4563 34 25
4564 41 20
4565 55 22
4566 48 47
4567 3 12
4568 5 6
4569 54 19
4570 42 35
4571 3 15
4572 21 19
4573 30 14
4574 51 17
4575 4 12
4576 43 51
4577 4 3
4578 10 18
4579 29 14
4580 27 40
4581 43 50
4582 21 49
4583 26 14
4584 2 27
4585 6 15
4586 30 14
4587 54 40
4588 28 40
4589 47 36
4590 36 10
4591 19 26
4592 36 45
4593 3 28
4594 47 19
4595 40 20
4596 5 13
4597 39 14
4598 54 14
4599 51 15
4600 53 34
4601 21 20
4602 19 23
4603 36 47
4604 54 33
4605 36 32
4606 29 13
4607 21 50
4608 36 46
4609 3 3
4610 0 23
4611 36 50
4612 53 14
4613 5 15
4614 43 51
4615 16 0
4616 24 26
4617 44 51
4618 3 14
4619 15 13
4620 40 42
4621 29 12
4622 33 21
4623 34 24
4624 51 20
4625 29 13
4626 24 29
4627 43 35
4628 26 2
4629 44 49
4630 44 45
4631 35 15
4632 33 12
4633 4 28
4634 25 6
4635 44 48
4636 16 34
4637 29 14
4638 25 42
4639 19 28
4640 36 51
4641 33 13
4642 33 12
4643 0 49
4644 18 20
4645 26 4
4646 21 19
4647 48 49
4648 2 32
4649 44 49
4650 20 26
4651 4 3
4652 10 17
4653 35 45
4654 22 9
4655 30 14
4656 44 52
4657 11 18
4658 26 31
4659 26 11
4660 52 12
4661 36 47
4662 4 6
4663 55 33
4664 25 26
4665 2 31
4666 36 45
4667 4 30
4668 1 37
4669 25 31
4670 36 50
4671 42 35
4672 41 20
4673 29 15
4674 54 33
4675 3 15
4676 16 13
4677 28 15
4678 26 42
4679 17 22
4680 55 21
4681 42 46
4682 36 46
4683 19 26
4684 43 4
4685 19 22
4686 17 23
4687 25 29
4688 21 20
4689 24 26
4690 25 42
4691 5 14
4692 54 36
4693 34 25
4694 0 48
4695 34 24
4696 29 15
4697 0 49
4698 54 14
4699 25 26
4700 26 31
4701 10 18
4702 33 13
4703 2 26
4704 50 17
4705 33 20
4706 22 50
4707 18 21
4708 22 49
4709 33 12
4710 1 3
4711 3 14
4712 20 19
4713 20 26
4714 52 15
4715 28 15
4716 25 31
4717 21 21
4718 33 21
4719 40 20
4720 3 3
4721 4 3
4722 36 47
4723 24 6
4724 18 20
4725 26 42
4726 40 33
4727 41 48
4728 29 12
4729 5 13
4730 38 41
4731 28 42
4732 1 38
4733 21 9
4734 45 45
4735 2 32
4736 27 4
4737 34 15
4738 53 33
4739 55 19
4740 33 13
4741 25 6
4742 28 41
4743 19 23
4744 25 15
4745 44 48
4746 35 15
4747 19 22
4748 3 3
4749 34 15
4750 22 9
4751 1 28
4752 0 48
4753 44 51
4754 29 15
4755 40 32
4756 33 20
4757 44 45
4758 47 45
4759 21 49
4760 21 20
4761 54 35
4762 21 19
4763 48 48
4764 22 49
4765 26 16
4766 3 30
4767 22 50
4768 40 43
4769 3 12
4770 48 49
4771 43 51
4772 28 15
4773 53 34
4774 3 26
4775 46 36
4776 25 16
4777 37 3
4778 54 36
4779 0 24
4780 47 20
4781 34 25
4782 43 3
4783 22 25
4784 18 21
4785 9 31
4786 48 48
4787 34 24
4788 46 45
4789 36 46
4790 5 6
4791 36 51
4792 2 35
4793 25 15
4794 44 49
4795 21 25
4796 5 14
4797 44 51
4798 47 49
4799 43 4
4800 52 13
4801 36 47
4802 39 42
4803 52 12
4804 36 46
4805 4 30
4806 43 52
4807 5 13
4808 21 50
4809 34 25
4810 38 13
4811 52 13
4812 52 12
4813 52 13
4814 1 2
4815 18 28
4816 19 26
4817 35 15
4818 54 19
4819 20 26
4820 4 6
4821 9 32
4822 26 4
4823 26 13
4824 47 19
4825 39 53
4826 52 12
4827 51 15
4828 25 16
4829 10 17
4830 43 35
4831 42 35
4832 48 49
4833 55 40
4834 22 25
4835 3 15
4836 29 15
4837 22 50
4838 55 19
4839 44 48
4840 33 21
4841 43 51
4842 39 52
4843 17 22
4844 53 14
4845 34 15
4846 27 40
4847 4 12
4848 29 14
4849 39 41
4850 40 33
4851 4 3
4852 28 40
4853 1 37
4854 39 53
4855 10 18
4856 21 9
4857 0 49
4858 5 14
4859 16 33
4860 55 33
4861 47 45
4862 38 12
4863 10 17
4864 19 26
4865 29 13
4866 55 37
4867 0 23
4868 19 23
4869 3 30
4870 25 15
4871 51 17
4872 11 19
4873 1 29
4874 11 18
4875 35 15
4876 11 19
4877 21 50
4878 1 3
4879 44 49
4880 19 22
4881 47 20
4882 22 9
4883 35 45
4884 20 19
4885 52 13
4886 54 19
4887 46 45
4888 36 50
4889 39 52
4890 54 14
4891 0 24
4892 5 13
4893 37 4
4894 33 20
4895 51 19
4896 21 9
4897 39 53
4898 45 45
4899 40 14
4900 36 51
4901 38 41
4902 3 3
4903 46 17
4904 44 48
4905 26 31
4906 3 28
4907 54 33
4908 37 3
4909 53 14
4910 39 14
4911 44 45
4912 50 17
4913 28 15
4914 29 12
4915 25 11
4916 43 35
4917 42 45
4918 1 38
4919 55 33
4920 24 6
4921 27 40
4922 1 2
4923 4 2
4924 28 42
4925 9 31
4926 3 4
4927 3 12
4928 36 45
4929 43 20
4930 51 17
4931 55 22
4932 0 48
4933 40 32
4934 0 49
4935 46 18
4936 17 23
4937 0 48
4938 44 52
4939 42 35
4940 24 29
4941 40 42
4942 5 6
4943 40 14
4944 9 32
4945 55 36
4946 47 19
4947 2 26
4948 45 45
4949 54 14
4950 54 36
4951 0 49
4952 4 30
4953 3 3
4954 21 25
4955 47 36
4956 40 33
4957 24 26
4958 25 16
4959 25 26
4960 21 19
4961 46 17
4962 3 4
4963 21 21
4964 44 51
4965 46 36
4966 1 35
4967 43 21
4968 39 41
4969 51 20
4970 39 52
4971 18 20
4972 17 22
4973 55 19
4974 25 31
4975 4 12
4976 25 29
4977 47 49
4978 51 19
4979 1 26
4980 29 13
4981 54 40
4982 22 50
4983 24 29
4984 43 35
4985 18 21
4986 19 28
4987 44 45
4988 15 0
4989 34 24
4990 25 6
4991 28 40
4992 3 12
4993 1 37
4994 52 12
4995 2 26
4996 42 35
4997 28 41
4998 43 35
4999 36 50
5000 52 15
5001 30 14
5002 5 14
5003 6 2
5004 10 18
5005 26 14
5006 29 12
5007 55 36
5008 1 3
5009 55 21
5010 3 14
5011 5 13
5012 45 45
5013 3 26
5014 4 6
5015 43 51
5016 0 23
5017 53 14
5018 54 33
5019 10 17
5020 22 49
5021 22 50
5022 11 18
5023 47 36
5024 34 25
5025 1 38
5026 55 38
5027 5 14
5028 25 42
5029 39 53
5030 39 14
5031 37 32
5032 11 19
5033 1 37
5034 22 9
5035 9 31
5036 55 22
5037 29 15
5038 55 40
5039 17 23
5040 53 33
5041 26 15
5042 26 11
5043 3 30
5044 25 11
5045 36 47
5046 41 20
5047 19 23
5048 5 2
5049 2 26
5050 2 31
5051 6 15
5052 1 26
5053 25 15
5054 21 20
5055 35 45
5056 26 42
5057 55 21
5058 22 49
5059 42 52
5060 21 19
5061 50 17
5062 25 42
5063 17 22
5064 20 26
5065 0 24
5066 26 16
5067 38 42
5068 21 20
5069 2 35
5070 3 15
5071 43 3
5072 52 13
5073 42 53
5074 18 20
5075 51 17
5076 38 41
5077 1 38
5078 54 36
5079 52 14
5080 1 2
5081 40 32
5082 33 12
5083 55 36
5084 16 34
5085 33 21
5086 16 33
5087 44 51
5088 48 49
5089 11 18
5090 40 33
5091 24 26
5092 28 15
5093 21 22
5094 34 15
5095 55 39
5096 36 45
5097 51 15
5098 47 20
5099 33 20
5100 46 18
5101 5 13
5102 3 14
5103 47 49
5104 44 49
5105 3 15
5106 26 42
5107 51 20
5108 25 29
5109 37 4
5110 2 26
5111 24 29
5112 29 13
5113 1 35
5114 26 1
5115 21 49
5116 21 21
5117 1 37
5118 29 14
5119 4 2
5120 33 21
5121 33 20
5122 25 16
5123 52 15
5124 53 14
5125 26 11
5126 42 35
5127 52 12
5128 26 2
5129 37 3
5130 26 31
5131 40 14
5132 2 32
5133 24 6
5134 25 11
5135 0 23
5136 41 47
5137 51 19
5138 51 20
5139 52 14
5140 54 39
5141 9 32
5142 25 42
5143 39 14
5144 19 26
5145 23 49
5146 40 32
5147 15 13
5148 26 15
5149 44 48
5150 40 43
5151 16 0
5152 20 26
5153 37 4
5154 26 42
5155 5 14
5156 26 1
5157 4 12
5158 28 42
5159 33 21
5160 36 51
5161 40 33
5162 16 13
5163 52 13
5164 21 22
5165 1 26
5166 37 3
5167 39 42
5168 11 19
5169 35 15
5170 19 26
5171 2 26
5172 36 50
5173 33 20
5174 9 31
5175 5 13
5176 30 14
5177 29 14
5178 25 26
5179 43 50
5180 38 13
5181 2 31
5182 25 15
5183 55 33
5184 53 14
5185 25 29
5186 0 48
5187 40 42
5188 10 18
5189 43 35
5190 54 19
5191 52 12
5192 48 49
5193 17 23
5194 40 20
5195 44 49
5196 54 36
5197 47 19
5198 15 0
5199 47 49
5200 42 46
5201 44 48
5202 30 14
5203 34 24
5204 29 14
5205 25 31
5206 36 46
5207 41 20
5208 34 15
5209 5 6
5210 15 13
5211 21 21
5212 3 26
5213 36 11
5214 43 51
5215 20 26
5216 5 2
5217 22 25
5218 11 18
5219 4 2
5220 19 22
5221 4 6
5222 2 35
5223 5 2
5224 2 26
5225 40 14
5226 33 21
5227 0 49
5228 44 45
5229 25 6
5230 1 38
5231 21 19
5232 0 24
5233 39 52
5234 26 16
5235 26 11
5236 18 28
5237 5 6
5238 39 41
5239 39 53
5240 50 17
5241 24 6
5242 39 52
5243 47 20
5244 52 13
5245 33 20
5246 26 31
5247 42 54
5248 45 45
5249 4 3
5250 46 36
5251 25 6
5252 36 47
5253 48 49
5254 25 42
5255 42 45
5256 36 10
5257 2 32
5258 28 41
5259 47 36
5260 21 50
5261 52 12
5262 44 49
5263 4 28
5264 1 37
5265 4 30
5266 42 35
5267 26 13
5268 51 19
5269 27 40
5270 24 6
5271 2 31
5272 51 17
5273 22 50
5274 16 34
5275 19 26
5276 6 2
5277 54 33
5278 21 20
5279 39 42
5280 9 32
5281 39 53
5282 42 46
5283 28 40
5284 38 41
5285 48 47
5286 1 3
5287 25 31
5288 3 27
5289 17 22
5290 42 45
5291 2 32
5292 26 42
5293 27 40
5294 33 21
5295 5 14
5296 33 20
5297 0 48
5298 3 14
5299 3 15
5300 24 29
5301 33 21
5302 34 25
5303 44 45
5304 39 52
5305 21 25
5306 21 22
5307 28 42
5308 29 12
5309 3 3
5310 54 40
5311 21 50
5312 3 14
5313 5 15
5314 3 26
5315 47 45
5316 22 49
5317 46 17
5318 29 13
5319 39 41
5320 43 20
5321 3 5
5322 50 17
5323 53 34
5324 42 46
5325 45 45
5326 6 15
5327 52 14
5328 51 20
5329 43 21
5330 39 14
5331 28 41
5332 41 48
5333 36 32
5334 34 24
5335 43 4
5336 46 36
5337 3 15
5338 9 31
5339 0 23
5340 40 14
5341 47 36
5342 46 45
5343 28 40
5344 17 23
5345 34 25
5346 16 0
5347 28 42
5348 1 38
5349 0 24
5350 51 19
5351 44 48
5352 2 31
5353 21 9
5354 24 26
5355 33 13
5356 20 26
5357 1 35
5358 53 39
5359 52 13
5360 2 32
5361 51 15
5362 33 20
5363 5 13
5364 38 12
5365 1 2
5366 1 3
5367 38 13
5368 1 2
5369 47 19
5370 16 13
5371 21 48
5372 17 22
5373 48 48
5374 35 15
5375 3 14
5376 3 15
5377 25 29
5378 3 28
5379 38 12
5380 43 20
5381 40 42
5382 55 36
5383 52 15
5384 26 31
5385 36 11
5386 2 35
5387 37 4
5388 42 45
5389 0 23
5390 19 23
5391 36 51
5392 11 19
5393 22 50
5394 21 49
5395 35 45
5396 24 29
5397 34 15
5398 15 13
5399 3 4
5400 18 21
5401 4 5
5402 37 3
5403 37 32
5404 52 12
5405 42 46
5406 55 19
5407 46 18
5408 49 47
5409 21 50
5410 36 46
5411 22 9
5412 53 14
5413 15 0
5414 16 0
5415 4 6
5416 2 31
5417 34 24
5418 52 14
5419 0 24
5420 3 12
5421 26 14
5422 9 32
5423 16 13
5424 21 9
5425 4 28
5426 34 25
5427 43 3
5428 22 25
5429 25 29
5430 40 32
5431 54 36
5432 19 22
5433 0 49
5434 17 23
5435 0 23
5436 36 50
5437 22 49
5438 29 12
5439 51 17
5440 36 45
5441 40 44
5442 43 4
5443 27 4
5444 53 14
5445 33 12
5446 54 19
5447 21 25
5448 47 45
5449 26 13
5450 43 21
5451 24 29
5452 22 9
5453 10 17
5454 19 28
5455 28 41
5456 34 24
5457 54 14
5458 40 20
5459 15 13
5460 21 21
5461 54 39
5462 35 45
5463 28 42
5464 55 36
5465 28 41
5466 26 14
5467 0 24
5468 16 13
5469 18 20
5470 22 25
5471 5 14
5472 53 14
5473 15 13
5474 27 40
5475 35 15
5476 51 15
5477 46 45
5478 19 26
5479 53 39
5480 2 27
5481 36 45
5482 33 13
5483 19 23
5484 25 16
5485 25 26
5486 21 22
5487 43 20
5488 28 42
5489 43 49
5490 48 47
5491 50 17
5492 26 4
5493 25 31
5494 40 33
5495 36 47
5496 38 13
5497 54 36
5498 26 31
5499 2 26
5500 1 3
5501 24 26
5502 36 46
5503 22 50
5504 22 49
5505 55 22
5506 18 28
5507 5 5
5508 47 20
5509 19 28
5510 38 12
5511 44 49
5512 25 15
5513 25 29
5514 29 15
5515 25 31
5516 3 26
5517 21 21
5518 42 45
5519 38 13
5520 55 33
5521 54 14
5522 22 50
5523 3 14
5524 30 14
5525 17 22
5526 55 19
5527 44 51
5528 53 14
5529 41 47
5530 36 51
5531 52 13
5532 40 43
5533 39 42
5534 0 23
5535 42 53
5536 34 15
5537 37 4
5538 15 0
5539 21 25
5540 43 3
5541 21 50
5542 19 22
5543 44 48
5544 3 15
5545 52 14
5546 25 16
5547 43 4
5548 22 50
5549 5 2
5550 54 33
5551 43 51
5552 22 25
5553 46 17
5554 9 31
5555 22 49
5556 4 12
5557 38 41
5558 3 28
5559 5 13
5560 21 9
5561 54 19
5562 40 42
5563 5 6
5564 4 5
5565 5 14
5566 46 18
5567 36 50
5568 25 15
5569 55 33
5570 19 23
5571 29 13
5572 9 32
5573 54 39
5574 16 33
5575 1 35
5576 28 41
5577 22 50
5578 29 12
5579 46 17
5580 40 32
5581 43 50
5582 2 32
5583 54 33
5584 20 26
5585 40 33
5586 25 42
5587 21 49
5588 11 18
5589 2 35
5590 25 16
5591 16 13
5592 33 21
5593 42 54
5594 26 31
5595 39 53
5596 21 50
5597 43 35
5598 26 42
5599 26 13
5600 25 26
5601 55 21
5602 3 14
5603 2 26
5604 3 12
5605 25 15
5606 29 14
5607 41 48
5608 22 50
5609 24 29
5610 42 53
5611 30 14
5612 40 43
5613 10 18
5614 28 42
5615 39 14
5616 28 40
5617 44 45
5618 36 51
5619 55 19
5620 5 15
5621 25 11
5622 40 32
5623 4 6
5624 6 2
5625 5 6
5626 9 31
5627 1 26
5628 19 22
5629 42 35
5630 26 2
5631 4 6
5632 54 19
5633 21 47
5634 28 41
5635 40 42
5636 1 37
5637 1 2
5638 1 28
5639 41 20
5640 16 34
5641 26 1
5642 40 14
5643 3 30
5644 29 14
5645 36 32
5646 10 17
5647 3 15
5648 4 12
5649 44 51
5650 36 10
5651 29 13
5652 54 14
5653 25 16
5654 20 22
5655 33 12
5656 25 29
5657 51 17
5658 45 45
5659 55 22
5660 27 40
5661 37 3
5662 4 30
5663 55 21
5664 41 47
5665 47 19
5666 55 19
5667 1 35
5668 48 48
5669 5 5
5670 10 18
5671 47 20
5672 2 31
5673 33 20
5674 5 6
5675 19 26
5676 3 30
5677 28 15
5678 55 22
5679 4 5
5680 33 13
5681 21 20
5682 9 32
5683 50 17
5684 55 21
5685 26 2
5686 3 12
5687 42 54
5688 24 29
5689 6 15
5690 40 44
5691 25 6
5692 4 12
5693 21 48
5694 52 15
5695 38 12
5696 21 21
5697 51 17
5698 55 40
5699 16 0
5700 27 4
5701 44 45
5702 42 53
5703 53 14
5704 30 14
5705 17 23
5706 44 49
5707 54 40
5708 16 33
5709 43 3
5710 19 23
5711 48 47
5712 47 19
5713 2 32
5714 54 19
5715 4 28
5716 15 13
5717 22 9
5718 39 14
5719 18 21
5720 28 42
5721 41 48
5722 47 20
5723 15 0
5724 26 15
5725 45 45
5726 28 40
5727 28 41
5728 24 6
5729 10 17
5730 47 45
5731 18 20
5732 50 17
5733 24 26
5734 55 33
5735 0 24
5736 46 36
5737 4 6
5738 42 54
5739 25 42
5740 29 15
5741 0 23
5742 5 15
5743 21 9
5744 46 18
5745 26 1
5746 26 2
5747 19 22
5748 29 14
5749 33 12
5750 26 4
5751 3 12
5752 0 24
5753 43 51
5754 40 43
5755 1 38
5756 3 14
5757 43 35
5758 37 4
5759 39 52
5760 16 34
5761 0 23
5762 54 15
5763 22 9
5764 47 36
5765 21 22
5766 44 52
5767 40 20
5768 39 53
5769 28 42
5770 10 18
5771 9 31
5772 46 45
5773 6 15
5774 3 3
5775 40 33
5776 39 52
5777 53 33
5778 51 20
5779 52 13
5780 26 14
5781 36 47
5782 3 15
5783 44 51
5784 39 53
5785 21 9
5786 46 17
5787 25 6
5788 40 42
5789 36 11
5790 28 15
5791 29 15
5792 26 11
5793 2 31
5794 4 30
5795 40 43
5796 21 50
5797 18 28
5798 18 21
5799 53 39
5800 33 13
5801 55 22
5802 54 33
5803 55 33
5804 0 48
5805 25 11
5806 25 29
5807 30 14
5808 22 9
5809 51 19
5810 36 46
5811 21 9
5812 16 13
5813 1 29
5814 17 22
5815 54 14
5816 43 4
5817 3 14
5818 55 40
5819 53 34
5820 3 30
5821 29 12
5822 46 18
5823 36 47
5824 9 32
5825 3 4
5826 25 15
5827 21 20
5828 26 1
5829 22 49
5830 19 23
5831 3 28
5832 17 23
5833 28 41
5834 21 49
5835 21 48
5836 51 17
5837 47 45
5838 17 22
5839 4 30
5840 19 28
5841 27 40
5842 29 14
5843 51 20
5844 40 42
5845 10 17
5846 51 15
5847 15 13
5848 33 12
5849 26 13
5850 47 19
5851 54 15
5852 22 50
5853 35 45
5854 22 9
5855 27 4
5856 26 11
5857 0 49
5858 54 14
5859 52 12
5860 5 6
5861 55 21
5862 3 3
5863 25 11
5864 44 48
5865 4 6
5866 40 43
5867 36 45
5868 18 28
5869 24 29
5870 55 19
5871 10 18
5872 38 13
5873 53 14
5874 37 32
5875 28 42
5876 54 33
5877 5 5
5878 1 37
5879 19 28
5880 28 40
5881 4 12
5882 17 23
5883 51 19
5884 2 35
5885 21 21
5886 54 19
5887 40 42
5888 3 30
5889 18 20
5890 26 11
5891 26 2
5892 55 19
5893 21 9
5894 35 15
5895 42 53
5896 25 16
5897 28 41
5898 39 52
5899 11 19
5900 16 33
5901 37 3
5902 36 50
5903 51 20
5904 21 49
5905 46 36
5906 36 32
5907 19 22
5908 54 39
5909 3 15
5910 18 21
5911 47 36
5912 43 21
5913 40 32
5914 33 13
5915 25 29
5916 16 0
5917 5 6
5918 25 15
5919 44 49
5920 43 51
5921 33 21
5922 4 28
5923 3 14
5924 5 15
5925 1 35
5926 46 45
5927 43 20
5928 40 33
5929 52 15
5930 28 15
5931 29 15
5932 46 17
5933 25 26
5934 46 18
5935 16 13
5936 41 47
5937 47 20
5938 6 15
5939 9 31
5940 55 22
5941 44 51
5942 2 35
5943 40 32
5944 52 13
5945 34 15
5946 2 32
5947 1 3
5948 21 20
5949 47 45
5950 19 23
5951 43 21
5952 16 34
5953 44 52
5954 53 33
5955 24 29
5956 51 15
5957 55 21
5958 1 35
5959 5 2
5960 35 15
5961 4 30
5962 3 28
5963 20 26
5964 48 48
5965 47 19
5966 34 25
5967 15 0
5968 55 22
5969 16 0
5970 25 29
5971 1 28
5972 48 47
5973 39 41
5974 41 20
5975 24 6
5976 54 40
5977 0 48
5978 37 4
5979 6 2
5980 42 35
5981 4 28
5982 40 20
5983 16 33
5984 25 6
5985 26 1
5986 55 36
5987 3 12
5988 41 48
5989 15 13
5990 55 21
5991 21 47
5992 2 35
5993 41 20
5994 27 40
5995 19 26
5996 40 43
5997 38 41
5998 26 42
5999 46 17
6000 49 47
6001 21 25
6002 34 24
6003 43 3
6004 2 31
6005 22 25
6006 43 4
6007 11 18
6008 15 0
6009 48 47
6010 36 51
6011 42 54
6012 37 3
6013 26 16
6014 3 30
6015 4 30
6016 40 42
6017 33 12
6018 43 20
6019 28 40
6020 36 10
6021 16 0
6022 46 45
6023 39 41
6024 40 20
6025 3 15
6026 27 40
6027 41 47
6028 26 4
6029 54 36
6030 9 32
6031 50 17
6032 46 18
6033 25 16
6034 55 36
6035 40 14
6036 43 35
6037 1 38
6038 44 45
6039 40 33
6040 54 36
6041 5 13
6042 0 49
6043 39 14
6044 18 28
6045 5 15
6046 25 15
6047 47 20
6048 11 19
6049 53 39
6050 21 21
6051 21 22
6052 42 46
6053 3 4
6054 55 40
6055 47 19
6056 24 6
6057 9 31
6058 4 12
6059 21 50
6060 22 49
6061 42 53
6062 1 35
6063 38 12
6064 1 37
6065 17 22
6066 30 14
6067 54 14
6068 24 26
6069 26 14
6070 22 50
6071 48 49
6072 2 26
6073 22 9
6074 25 42
6075 54 40
6076 21 21
6077 26 13
6078 17 23
6079 9 32
6080 3 30
6081 43 3
6082 48 48
6083 5 14
6084 55 22
6085 25 26
6086 39 53
6087 26 14
6088 20 22
6089 54 19
6090 17 22
6091 25 16
6092 28 42
6093 48 47
6094 24 26
6095 55 33
6096 4 30
6097 21 48
6098 1 29
6099 43 4
6100 43 3
6101 55 36
6102 47 20
6103 55 19
6104 29 14
6105 22 49
6106 38 13
6107 6 15
6108 21 20
6109 5 2
6110 45 45
6111 39 52
6112 46 17
6113 36 46
6114 43 21
6115 22 50
6116 28 15
6117 51 19
6118 55 40
6119 3 28
6120 3 27
6121 16 13
6122 41 48
6123 34 15
6124 37 4
6125 25 6
6126 5 15
6127 42 54
6128 52 14
6129 54 33
6130 17 23
6131 39 53
6132 33 20
6133 55 21
6134 33 13
6135 38 41
6136 40 14
6137 18 20
6138 28 40
6139 55 33
6140 3 14
6141 9 31
6142 42 35
6143 43 35
6144 3 30
6145 21 21
6146 38 12
6147 42 53
6148 47 45
6149 54 33
6150 39 41
6151 36 11
6152 51 20
6153 4 28
6154 40 43
6155 17 22
6156 53 14
6157 3 28
6158 44 51
6159 37 3
6160 9 32
6161 48 48
6162 46 36
6163 39 52
6164 43 4
6165 47 36
6166 19 28
6167 54 40
6168 36 50
6169 42 45
6170 40 44
6171 35 15
6172 51 19
6173 25 26
6174 55 33
6175 29 15
6176 41 47
6177 55 40
6178 44 48
6179 18 21
6180 46 36
6181 51 17
6182 21 20
6183 43 20
6184 52 12
6185 2 32
6186 40 43
6187 43 52
6188 27 4
6189 3 26
6190 15 13
6191 21 49
6192 25 11
6193 46 18
6194 19 22
6195 33 12
6196 10 17
6197 52 13
6198 33 21
6199 43 3
6200 54 19
6201 54 33
6202 54 36
6203 3 15
6204 53 34
6205 24 6
6206 33 20
6207 4 30
6208 37 4
6209 44 49
6210 21 25
6211 44 48
6212 52 15
6213 47 19
6214 20 26
6215 36 10
6216 21 21
6217 20 23
6218 55 19
6219 54 40
6220 40 45
6221 11 18
6222 16 34
6223 2 35
6224 25 6
6225 50 17
6226 34 15
6227 46 17
6228 28 41
6229 52 12
6230 25 31
6231 28 15
6232 26 4
6233 1 38
6234 26 11
6235 54 14
6236 43 21
6237 4 28
6238 26 15
6239 44 45
6240 0 24
6241 19 26
6242 18 20
6243 5 13
6244 2 31
6245 35 15
6246 37 32
6247 25 15
6248 49 47
6249 26 2
6250 55 33
6251 38 13
6252 1 26
6253 34 15
6254 3 3
6255 1 37
6256 26 42
6257 52 14
6258 9 31
6259 10 18
6260 36 11
6261 20 26
6262 46 18
6263 26 15
6264 52 15
6265 5 14
6266 1 28
6267 27 40
6268 51 20
6269 41 20
6270 25 15
6271 17 23
6272 35 15
6273 40 20
6274 35 45
6275 6 15
6276 24 29
6277 11 19
6278 0 23
6279 26 13
6280 54 19
6281 55 19
6282 51 17
6283 33 21
6284 36 45
6285 33 20
6286 3 30
6287 44 49
6288 45 45
6289 10 17
6290 16 13
6291 21 9
6292 3 12
6293 44 45
6294 36 32
6295 18 21
6296 0 48
6297 22 9
6298 48 47
6299 23 49
6300 48 49
6301 38 41
6302 43 20
6303 4 12
6304 22 25
6305 24 6
6306 4 5
6307 53 14
6308 36 47
6309 9 32
6310 26 16
6311 25 42
6312 18 20
6313 52 13
6314 3 28
6315 26 42
6316 24 26
6317 5 13
6318 29 15
6319 5 15
6320 0 24
6321 36 46
6322 6 2
6323 0 23
6324 1 38
6325 18 21
6326 2 32
6327 39 14
6328 0 49
6329 43 51
6330 45 45
6331 2 31
6332 16 33
6333 3 12
6334 54 19
6335 53 33
6336 47 36
6337 41 48
6338 55 19
6339 21 25
6340 48 48
6341 4 30
6342 18 28
6343 2 26
6344 54 19
6345 33 13
6346 34 25
6347 42 35
6348 35 45
6349 54 33
6350 44 52
6351 1 37
6352 4 28
6353 22 25
6354 18 20
6355 33 12
6356 25 26
6357 36 10
6358 21 50
6359 3 4
6360 4 12
6361 4 6
6362 55 19
6363 21 9
6364 0 24
6365 44 45
6366 28 42
6367 52 12
6368 9 31
6369 43 35
6370 55 40
6371 3 14
6372 43 4
6373 36 51
6374 33 21
6375 22 9
6376 5 5
6377 19 23
6378 40 14
6379 52 13
6380 39 53
6381 18 21
6382 43 3
6383 46 17
6384 10 18
6385 3 12
6386 42 35
6387 44 51
6388 50 17
6389 41 47
6390 26 31
6391 3 27
6392 45 45
6393 34 15
6394 36 50
6395 51 19
6396 43 51
6397 36 45
6398 10 17
6399 42 46
6400 21 49
6401 1 38
6402 21 9
6403 43 35
6404 41 48
6405 28 41
6406 3 26
6407 41 47
6408 42 45
6409 54 19
6410 3 30
6411 3 28
6412 40 42
6413 42 46
6414 21 50
6415 18 20
6416 11 18
6417 55 33
6418 4 12
6419 46 45
6420 25 42
6421 3 15
6422 43 21
6423 35 15
6424 39 52
6425 55 36
6426 47 20
6427 55 19
6428 34 24
6429 15 0
6430 43 4
6431 17 22
6432 22 49
6433 4 30
6434 19 28
6435 39 14
6436 47 19
6437 25 29
6438 36 11
6439 0 23
6440 43 20
6441 1 35
6442 44 48
6443 19 26
6444 40 14
6445 20 22
6446 39 41
6447 5 6
6448 47 45
6449 36 47
6450 53 34
6451 44 49
6452 1 29
6453 54 15
6454 15 13
6455 5 14
6456 42 45
6457 48 49
6458 28 40
6459 26 14
6460 42 54
6461 38 41
6462 54 14
6463 21 49
6464 27 4
6465 5 15
6466 27 40
6467 39 53
6468 2 35
6469 16 34
6470 51 15
6471 34 15
6472 36 51
6473 54 36
6474 33 20
6475 46 36
6476 0 48
6477 44 48
6478 48 48
6479 17 23
6480 19 22
6481 5 5
6482 37 32
6483 26 42
6484 3 30
6485 24 29
6486 9 32
6487 3 14
6488 26 13
6489 21 25
6490 3 15
6491 42 53
6492 55 36
6493 52 15
6494 3 3
6495 47 49
6496 11 19
6497 5 14
6498 16 33
6499 48 49
6500 11 18
6501 4 28
6502 18 21
6503 41 48
6504 43 3
6505 3 14
6506 25 16
6507 44 51
6508 37 3
6509 36 50
6510 20 26
6511 25 15
6512 22 49
6513 40 43
6514 43 50
6515 53 15
6516 25 29
6517 20 23
6518 28 15
6519 1 35
6520 22 25
6521 34 25
6522 36 32
6523 37 4
6524 21 48
6525 16 34
6526 42 46
6527 43 21
6528 25 11
6529 17 22
6530 1 37
6531 26 14
6532 25 6
6533 38 12
6534 37 32
6535 22 50
6536 19 23
6537 44 45
6538 42 54
6539 11 19
6540 3 28
6541 46 18
6542 53 33
6543 53 34
6544 21 20
6545 54 36
6546 18 20
6547 5 6
6548 54 33
6549 43 51
6550 25 16
6551 4 6
6552 26 1
6553 25 31
6554 3 15
6555 0 24
6556 39 14
6557 42 53
6558 35 45
6559 3 12
6560 5 2
6561 5 13
6562 34 24
6563 29 15
6564 47 20
6565 43 49
6566 26 13
6567 21 49
6568 25 42
6569 47 36
6570 46 45
6571 47 19
6572 20 22
6573 51 17
6574 5 6
6575 42 45
6576 33 21
6577 53 14
6578 40 44
6579 51 20
6580 4 5
6581 43 4
6582 21 25
6583 40 42
6584 11 18
6585 42 46
6586 2 35
6587 36 46
6588 55 36
6589 36 47
6590 37 3
6591 46 36
6592 29 13
6593 34 25
6594 4 30
6595 45 45
6596 54 19
6597 29 12
6598 40 43
6599 19 22
6600 55 33
6601 28 42
6602 19 26
6603 10 18
6604 51 19
6605 26 15
6606 4 28
6607 54 33
6608 37 4
6609 50 17
6610 40 45
6611 22 9
6612 36 10
6613 44 49
6614 28 40
6615 3 14
6616 36 51
6617 39 52
6618 42 54
6619 40 42
6620 21 50
6621 38 13
6622 24 26
6623 2 26
6624 3 28
6625 20 26
6626 52 14
6627 1 28
6628 26 14
6629 4 28
6630 5 14
6631 3 26
6632 16 0
6633 11 19
6634 26 42
6635 20 22
6636 26 2
6637 4 12
6638 3 30
6639 42 53
6640 4 30
6641 36 50
6642 34 24
6643 21 21
6644 53 14
6645 9 31
6646 19 22
6647 25 42
6648 1 29
6649 36 11
6650 18 21
6651 55 19
6652 4 6
6653 54 36
6654 0 23
6655 9 32
6656 44 48
6657 1 26
6658 43 3
6659 39 53
6660 26 31
6661 22 50
6662 3 30
6663 37 3
6664 53 33
6665 41 20
6666 25 31
6667 37 4
6668 47 49
6669 10 17
6670 33 13
6671 26 31
6672 40 44
6673 30 14
6674 37 3
6675 43 4
6676 48 47
6677 47 45
6678 5 6
6679 21 20
6680 20 22
6681 43 50
6682 24 6
6683 3 15
6684 0 49
6685 26 1
6686 39 41
6687 38 12
6688 19 26
6689 26 11
6690 4 6
6691 33 12
6692 25 11
6693 43 49
6694 25 31
6695 2 26
6696 44 51
6697 54 14
6698 1 28
6699 53 14
6700 10 18
6701 18 28
6702 28 41
6703 21 21
6704 4 30
6705 43 51
6706 44 45
6707 43 50
6708 1 35
6709 44 51
6710 48 48
6711 3 4
6712 36 46
6713 22 25
6714 43 20
6715 21 25
6716 36 45
6717 28 15
6718 3 28
6719 3 27
6720 21 20
6721 16 13
6722 43 21
6723 15 13
6724 3 12
6725 44 49
6726 40 43
6727 40 14
6728 25 6
6729 19 22
6730 38 13
6731 36 32
6732 42 45
6733 51 20
6734 26 13
6735 1 29
6736 54 19
6737 36 10
6738 16 13
6739 55 19
6740 33 20
6741 3 26
6742 26 42
6743 40 32
6744 25 15
6745 43 3
6746 21 9
6747 26 31
6748 22 9
6749 46 17
6750 42 54
6751 29 14
6752 19 28
6753 26 14
6754 21 21
6755 21 50
6756 52 12
6757 36 51
6758 29 15
6759 30 14
6760 39 52
6761 4 28
6762 16 33
6763 3 3
6764 47 20
6765 28 15
6766 51 19
6767 29 14
6768 3 14
6769 43 4
6770 35 15
6771 22 49
6772 40 33
6773 11 18
6774 42 53
6775 17 23
6776 25 31
6777 54 40
6778 26 31
6779 34 15
6780 39 53
6781 33 21
6782 2 32
6783 54 15
6784 43 51
6785 37 32
6786 22 50
6787 5 6
6788 54 19
6789 22 25
6790 55 33
6791 3 28
6792 11 19
6793 1 28
6794 48 47
6795 3 27
6796 33 13
6797 15 13
6798 24 6
6799 1 2
6800 19 23
6801 25 6
6802 40 45
6803 3 30
6804 52 13
6805 33 20
6806 28 42
6807 55 36
6808 39 52
6809 43 20
6810 43 49
6811 40 44
6812 42 46
6813 33 21
6814 40 32
6815 37 4
6816 26 2
6817 26 13
6818 18 20
6819 40 20
6820 19 22
6821 4 6
6822 48 48
6823 24 29
6824 48 47
6825 15 0
6826 4 30
6827 36 32
6828 43 21
6829 40 45
6830 10 17
6831 43 20
6832 29 13
6833 42 45
6834 54 33
6835 25 31
6836 26 14
6837 25 42
6838 55 33
6839 18 28
6840 55 40
6841 3 4
6842 21 49
6843 19 28
6844 5 13
6845 16 34
6846 39 14
6847 17 22
6848 54 33
6849 42 54
6850 55 33
6851 42 53
6852 26 15
6853 39 53
6854 25 16
6855 46 45
6856 48 49
6857 51 15
6858 51 17
6859 25 26
6860 40 42
6861 25 15
6862 50 17
6863 21 9
6864 3 26
6865 54 36
6866 17 23
6867 39 52
6868 40 43
6869 5 14
6870 21 22
6871 35 45
6872 40 42
6873 16 0
6874 48 48
6875 1 3
6876 3 15
6877 1 29
6878 18 21
6879 43 50
6880 4 12
6881 54 14
6882 37 32
6883 20 26
6884 55 36
6885 42 46
6886 46 18
6887 1 26
6888 5 5
6889 33 20
6890 47 19
6891 9 31
6892 55 22
6893 26 31
6894 54 15
6895 54 14
6896 36 32
6897 35 15
6898 2 35
6899 49 47
6900 48 47
6901 43 21
6902 1 2
6903 4 28
6904 47 20
6905 21 50
6906 34 15
6907 22 49
6908 39 53
6909 37 32
6910 46 17
6911 30 14
6912 24 26
6913 40 14
6914 39 52
6915 6 2
6916 39 14
6917 16 13
6918 18 28
6919 28 41
6920 11 18
6921 51 17
6922 35 15
6923 44 48
6924 36 45
6925 1 38
6926 2 26
6927 17 22
6928 36 50
6929 25 31
6930 34 15
6931 42 45
6932 29 14
6933 36 32
6934 4 13
6935 11 19
6936 1 28
6937 5 13
6938 15 13
6939 55 19
6940 43 20
6941 54 36
6942 42 54
6943 20 22
6944 26 1
6945 5 6
6946 54 33
6947 52 12
6948 50 17
6949 18 20
6950 3 3
6951 9 32
6952 19 23
6953 40 44
6954 0 26
6955 4 13
6956 3 30
6957 51 20
6958 47 19
6959 40 33
6960 44 51
6961 5 13
6962 1 35
6963 49 47
6964 41 20
6965 15 0
6966 55 36
6967 21 20
6968 44 49
6969 22 50
6970 52 13
6971 2 35
6972 22 9
6973 25 26
6974 3 4
6975 45 45
6976 9 31
6977 19 26
6978 29 12
6979 30 14
6980 40 20
6981 16 13
6982 36 47
6983 20 26
6984 53 34
6985 26 15
6986 38 41
6987 25 15
6988 24 6
6989 3 3
6990 26 11
6991 21 49
6992 48 47
6993 27 40
6994 0 24
6995 2 31
6996 5 14
6997 41 47
6998 2 32
6999 54 36
7000 35 45
7001 2 31
7002 5 2
7003 54 39
7004 36 11
7005 48 48
7006 21 21
7007 4 6
7008 46 18
7009 38 12
7010 51 19
7011 16 33
7012 43 3
7013 19 28
7014 54 19
7015 40 43
7016 2 32
7017 55 36
7018 1 35
7019 48 47
7020 5 6
7021 53 33
7022 49 47
7023 43 51
7024 11 18
7025 10 18
7026 21 50
7027 36 46
7028 6 2
7029 25 6
7030 42 35
7031 43 50
7032 28 40
7033 3 28
7034 52 14
7035 17 23
7036 37 32
7037 29 13
7038 33 21
7039 28 42
7040 25 16
7041 51 20
7042 29 12
7043 19 26
7044 21 25
7045 18 21
7046 29 13
7047 26 31
7048 36 47
7049 20 26
7050 51 19
7051 1 37
7052 19 22
7053 34 25
7054 51 20
7055 26 42
7056 26 4
7057 54 36
7058 33 20
7059 47 45
7060 24 26
7061 33 21
7062 39 41
7063 35 15
7064 9 32
7065 38 41
7066 0 23
7067 43 21
7068 48 47
7069 39 41
7070 55 21
7071 36 46
7072 34 24
7073 55 22
7074 55 21
7075 25 42
7076 36 10
7077 19 26
7078 2 35
7079 43 51
7080 21 22
7081 43 49
7082 40 42
7083 27 4
7084 26 42
7085 29 12
7086 1 26
7087 34 15
7088 41 20
7089 34 25
7090 52 15
7091 5 2
7092 21 20
7093 44 51
7094 3 26
7095 21 21
7096 24 6
7097 43 20
7098 16 0
7099 26 4
7100 11 19
7101 55 19
7102 4 5
7103 4 6
7104 26 14
7105 53 39
7106 25 31
7107 40 32
7108 43 35
7109 21 49
7110 38 41
7111 34 24
7112 51 15
7113 6 2
7114 47 36
7115 4 28
7116 40 43
7117 35 15
7118 33 12
7119 5 2
7120 27 40
7121 26 13
7122 46 36
7123 18 28
7124 51 19
7125 25 29
7126 21 22
7127 21 21
7128 52 12
7129 0 24
7130 55 33
7131 36 45
7132 54 40
7133 25 15
7134 21 22
7135 27 4
7136 19 23
7137 3 12
7138 44 48
7139 53 34
7140 21 21
7141 55 22
7142 36 11
7143 55 40
7144 33 20
7145 53 14
7146 43 51
7147 51 20
7148 51 17
7149 16 34
7150 21 50
7151 54 19
7152 39 42
7153 1 29
7154 21 22
7155 43 4
7156 39 53
7157 4 12
7158 25 6
7159 1 3
7160 26 14
7161 44 45
7162 4 30
7163 28 41
7164 25 16
7165 0 23
7166 54 39
7167 18 20
7168 5 5
7169 11 18
7170 1 38
7171 21 49
7172 2 26
7173 1 35
7174 1 28
7175 22 25
7176 26 31
7177 1 37
7178 36 47
7179 55 36
7180 4 13
7181 46 17
7182 28 42
7183 53 33
7184 50 47
7185 34 15
7186 26 15
7187 54 14
7188 2 35
7189 54 40
7190 54 33
7191 1 26
7192 40 14
7193 0 24
7194 0 48
7195 45 45
7196 52 15
7197 21 9
7198 51 15
7199 55 21
7200 43 3
7201 25 11
7202 40 33
7203 53 14
7204 49 47
7205 40 42
7206 37 3
7207 44 51
7208 1 38
7209 21 21
7210 35 45
7211 0 23
7212 47 36
7213 39 14
7214 16 33
7215 26 11
7216 26 2
7217 17 22
7218 26 14
7219 42 46
7220 39 52
7221 0 24
7222 55 33
7223 3 14
7224 52 13
7225 48 48
7226 37 4
7227 51 19
7228 55 19
7229 0 23
7230 37 3
7231 19 28
7232 3 28
7233 16 34
7234 22 49
7235 23 50
7236 36 32
7237 1 2
7238 37 4
7239 51 20
7240 46 36
7241 17 23
7242 18 21
7243 43 21
7244 22 50
7245 52 15
7246 15 0
7247 18 20
7248 54 19
7249 51 15
7250 47 20
7251 28 40
7252 43 4
7253 21 22
7254 21 21
7255 0 24
7256 27 40
7257 36 10
7258 18 21
7259 3 15
7260 1 35
7261 3 30
7262 44 49
7263 29 14
7264 25 15
7265 43 20
7266 0 23
7267 42 35
7268 52 12
7269 28 40
7270 52 15
7271 52 13
7272 18 20
7273 35 15
7274 29 15
7275 18 28
7276 21 19
7277 55 22
7278 43 3
7279 26 16
7280 5 6
7281 1 29
7282 28 41
7283 54 36
7284 4 5
7285 55 19
7286 51 19
7287 53 34
7288 33 13
7289 33 12
7290 53 39
7291 19 28
7292 39 53
7293 15 13
7294 55 21
7295 34 15
7296 52 14
7297 36 46
7298 43 51
7299 25 26
7300 24 29
7301 25 16
7302 43 50
7303 48 47
7304 44 45
7305 29 13
7306 48 48
7307 1 3
7308 10 17
7309 40 32
7310 23 50
7311 2 35
7312 36 11
7313 18 28
7314 17 22
7315 47 36
7316 37 32
7317 54 14
7318 45 45
7319 4 12
7320 16 0
7321 43 49
7322 21 25
7323 54 33
7324 19 22
7325 46 18
7326 9 31
7327 24 6
7328 21 20
7329 37 3
7330 43 4
7331 22 50
7332 53 14
7333 26 13
7334 2 26
7335 40 14
7336 44 51
7337 52 13
7338 25 6
7339 27 40
7340 1 35
7341 1 28
7342 52 12
7343 43 51
7344 44 45
7345 44 51
7346 55 36
7347 25 11
7348 52 13
7349 46 17
7350 50 17
7351 55 33
7352 28 40
7353 24 26
7354 4 28
7355 54 39
7356 20 26
7357 2 31
7358 2 32
7359 39 41
7360 43 21
7361 17 23
7362 55 40
7363 18 21
7364 21 19
7365 24 50
7366 46 36
7367 54 33
7368 43 20
7369 46 45
7370 42 45
7371 19 26
7372 48 47
7373 42 53
7374 46 18
7375 54 40
7376 53 39
7377 40 33
7378 25 29
7379 45 45
7380 42 54
7381 39 14
7382 3 12
7383 21 49
7384 36 32
7385 4 6
7386 0 49
7387 30 14
7388 16 33
7389 54 19
7390 33 13
7391 55 33
7392 4 12
7393 38 13
7394 16 34
7395 37 4
7396 39 52
7397 16 13
7398 20 26
7399 54 36
7400 4 30
7401 55 36
7402 36 51
7403 6 2
7404 26 4
7405 3 27
7406 44 45
7407 24 6
7408 3 4
7409 25 26
7410 3 30
7411 26 14
7412 22 9
7413 43 3
7414 10 18
7415 55 22
7416 21 50
7417 29 12
7418 3 26
7419 33 12
7420 17 22
7421 15 0
7422 53 33
7423 26 13
7424 15 13
7425 1 37
7426 26 14
7427 41 48
7428 55 40
7429 19 28
7430 29 14
7431 51 20
7432 18 28
7433 37 3
7434 33 13
7435 28 15
7436 19 28
7437 45 45
7438 5 13
7439 39 53
7440 25 42
7441 37 32
7442 1 29
7443 46 17
7444 40 43
7445 26 11
7446 26 15
7447 54 40
7448 23 50
7449 53 34
7450 38 12
7451 5 5
7452 46 18
7453 24 26
7454 55 21
7455 11 19
7456 54 33
7457 29 13
7458 26 1
7459 43 51
7460 25 31
7461 43 50
7462 40 42
7463 52 14
7464 5 6
7465 42 53
7466 51 17
7467 21 9
7468 25 6
7469 29 12
7470 16 33
7471 36 10
7472 36 32
7473 36 45
7474 21 20
7475 37 32
7476 46 17
7477 4 6
7478 21 49
7479 38 41
7480 1 2
7481 17 23
7482 47 36
7483 47 19
7484 54 39
7485 9 32
7486 36 47
7487 42 46
7488 19 23
7489 24 6
7490 43 21
7491 46 18
7492 36 46
7493 51 12
7494 42 45
7495 52 13
7496 25 15
7497 24 50
7498 1 38
7499 23 50
7500 55 19
7501 27 40
7502 3 27
7503 3 26
7504 55 22
7505 34 25
7506 2 31
7507 16 34
7508 40 44
7509 33 12
7510 26 13
7511 29 15
7512 5 6
7513 36 32
7514 35 45
7515 25 11
7516 54 19
7517 17 22
7518 44 45
7519 55 40
7520 21 50
7521 42 54
7522 47 45
7523 22 25
7524 22 49
7525 48 48
7526 26 11
7527 40 43
7528 26 31
7529 25 31
7530 27 4
7531 0 24
7532 44 48
7533 42 53
7534 26 31
7535 52 12
7536 55 33
7537 48 47
7538 26 14
7539 1 28
7540 46 17
7541 4 5
7542 40 20
7543 4 6
7544 42 54
7545 16 33
7546 1 37
7547 55 19
7548 0 48
7549 17 23
7550 5 14
7551 51 13
7552 4 13
7553 43 35
7554 21 19
7555 43 4
7556 21 20
7557 36 47
7558 40 45
7559 43 20
7560 26 2
7561 16 0
7562 24 29
7563 5 5
7564 4 12
7565 18 28
7566 54 19
7567 37 4
7568 35 15
7569 36 11
7570 4 30
7571 42 35
7572 1 3
7573 55 19
7574 28 15
7575 22 50
7576 21 25
7577 3 14
7578 5 2
7579 5 6
7580 4 5
7581 40 44
7582 54 36
7583 37 32
7584 2 32
7585 26 16
7586 19 22
7587 3 28
7588 43 49
7589 51 15
7590 28 40
7591 2 26
7592 6 2
7593 27 40
7594 25 31
7595 40 42
7596 25 26
7597 51 19
7598 46 36
7599 26 4
7600 40 14
7601 1 38
7602 36 10
7603 5 2
7604 25 29
7605 43 50
7606 50 47
7607 54 33
7608 3 13
7609 40 32
7610 40 43
7611 11 18
7612 51 20
7613 9 31
7614 41 47
7615 22 9
7616 49 47
7617 19 23
7618 21 9
7619 19 26
7620 6 2
7621 19 22
7622 47 36
7623 44 51
7624 23 50
7625 1 29
7626 53 39
7627 48 48
7628 3 30
7629 36 45
7630 0 23
7631 53 33
7632 43 51
7633 50 17
7634 34 15
7635 53 34
7636 33 21
7637 40 42
7638 54 40
7639 46 18
7640 51 19
7641 39 14
7642 46 45
7643 0 49
7644 39 41
7645 52 13
7646 3 3
7647 20 26
7648 45 45
7649 55 40
7650 3 12
7651 43 49
7652 48 47
7653 19 28
7654 10 17
7655 40 14
7656 16 13
7657 47 20
7658 26 1
7659 2 13
7660 42 53
7661 53 33
7662 42 46
7663 40 43
7664 35 15
7665 25 6
7666 18 28
# colocadas=7667 ocupadas=100 mayor=537
