0 0 25
1 9 43
2 36 28
3 36 27
4 0 24
5 36 28
6 36 27
7 0 25
8 36 28
9 0 23
10 9 44
11 9 43
12 0 24
13 36 27
14 36 28
15 0 25
16 36 27
17 0 24
18 8 44
19 0 22
20 9 44
21 36 28
22 8 43
23 9 43
24 9 44
25 36 27
26 0 23
27 9 43
28 0 25
29 0 24
30 36 28
31 36 27
32 0 22
33 0 25
34 8 42
35 0 24
36 0 23
37 36 28
38 36 27
39 36 28
40 9 44
41 0 22
42 0 25
43 8 43
44 0 24
45 0 23
46 0 25
47 0 24
48 36 27
49 0 25
50 36 28
51 0 24
52 1 25
53 36 27
54 36 28
55 0 25
56 0 23
57 36 27
58 9 43
59 9 44
60 0 24
61 0 25
62 36 28
63 0 24
64 1 25
65 9 43
66 8 44
67 9 44
68 9 43
69 9 44
70 0 25
71 9 43
72 9 44
73 8 43
74 0 24
75 0 25
76 9 43
77 36 27
78 36 28
79 8 42
80 9 44
81 9 43
82 0 23
83 8 43
84 0 24
85 0 25
86 8 42
87 8 43
88 0 24
89 0 23
90 0 24
91 0 25
92 0 24
93 0 22
94 8 42
95 0 25
96 36 27
97 9 44
98 0 23
99 9 43
100 8 43
101 9 44
102 36 28
103 0 24
104 1 25
105 0 25
106 1 25
107 0 25
108 9 43
109 0 24
110 8 43
111 0 25
112 1 25
113 36 27
114 36 28
115 0 25
116 9 43
117 1 25
118 8 44
119 0 25
120 9 44
121 8 44
122 0 24
123 9 44
124 0 25
125 1 25
126 0 25
127 9 43
128 9 44
129 0 23
130 0 24
131 8 43
132 0 25
133 9 43
134 8 43
135 9 43
136 0 24
137 0 23
138 9 44
139 9 43
140 9 44
141 0 24
142 9 43
143 1 25
144 8 44
145 0 25
146 9 44
147 9 43
148 9 44
149 8 43
150 9 43
151 9 44
152 9 43
153 9 44
154 0 24
155 0 25
156 0 23
157 36 27
158 0 24
159 9 43
160 36 28
161 8 42
162 8 43
163 8 42
164 0 23
165 9 44
166 9 43
167 0 24
168 36 27
169 8 43
170 9 44
171 9 43
172 8 44
173 0 22
174 36 28
175 9 44
176 0 25
177 9 43
178 0 23
179 9 44
180 8 44
181 9 44
182 0 24
183 8 43
184 9 43
185 8 43
186 0 23
187 9 43
188 0 24
189 0 22
190 9 44
191 36 27
192 9 43
193 8 44
194 9 44
195 8 43
196 36 28
197 0 23
198 0 25
199 9 43
200 0 24
201 0 23
202 8 42
203 9 44
204 0 24
205 0 22
206 0 23
207 9 43
208 0 25
209 0 24
210 8 43
211 1 25
212 9 44
213 9 43
214 36 27
215 0 25
216 1 25
217 0 25
218 8 44
219 9 44
220 9 43
221 9 44
222 1 25
223 8 44
224 0 25
225 1 25
226 0 25
227 9 44
228 2 25
229 0 24
230 0 25
231 8 43
232 3 25
233 2 25
234 0 24
235 9 43
236 36 28
237 36 27
238 3 25
239 0 25
240 8 42
241 9 44
242 2 25
243 9 43
244 9 44
245 9 43
246 36 28
247 8 43
248 3 25
249 0 24
250 9 44
251 0 25
252 36 27
253 9 43
254 2 25
255 3 25
256 2 25
257 9 44
258 9 43
259 0 24
260 36 28
261 36 27
262 36 28
263 9 44
264 0 25
265 0 24
266 36 27
267 36 28
268 9 43
269 0 25
270 3 25
271 0 24
272 36 27
273 8 42
274 9 44
275 0 25
276 0 24
277 0 25
278 9 43
279 36 28
280 2 25
281 36 27
282 8 43
283 3 25
284 0 24
285 8 42
286 8 43
287 2 25
288 0 25
289 3 25
290 2 25
291 36 28
292 9 44
293 9 43
294 8 42
295 36 27
296 9 44
297 36 28
298 3 25
299 8 43
300 36 27
301 2 25
302 9 43
303 0 24
304 3 25
305 36 28
306 0 25
307 2 25
308 0 24
309 3 25
310 36 27
311 36 28
312 2 25
313 36 27
314 9 44
315 36 28
316 36 27
317 0 25
318 3 25
319 9 43
320 36 28
321 9 44
322 36 27
323 36 28
324 36 27
325 9 43
326 2 25
327 3 25
328 8 43
329 9 43
330 8 43
331 2 25
332 9 43
333 8 44
334 0 24
335 0 25
336 9 44
337 8 43
338 3 25
339 36 28
340 2 25
341 0 24
342 3 25
343 9 43
344 36 27
345 36 28
346 36 27
347 2 25
348 0 25
349 3 25
350 8 42
351 9 44
352 0 24
353 0 25
354 0 24
355 2 25
356 3 25
357 36 28
358 0 25
359 0 24
360 9 43
361 36 27
362 8 43
363 9 44
364 9 43
365 36 28
366 36 27
367 0 25
368 8 43
369 0 24
370 36 28
371 2 25
372 9 43
373 8 42
374 8 43
375 36 27
376 36 28
377 36 27
378 0 25
379 9 44
380 3 25
381 0 24
382 9 43
383 36 28
384 0 25
385 8 42
386 8 43
387 9 44
388 2 25
389 0 24
390 0 25
391 9 43
392 36 27
393 3 25
394 2 25
395 8 44
396 9 44
397 8 43
398 9 43
399 9 44
400 0 24
401 9 43
402 36 28
403 0 25
404 36 27
405 8 43
406 36 28
407 9 43
408 8 43
409 0 24
410 3 25
411 9 43
412 2 25
413 3 25
414 8 43
415 36 27
416 0 25
417 36 28
418 9 43
419 8 43
420 9 43
421 9 44
422 36 27
423 9 43
424 2 25
425 3 25
426 9 44
427 9 43
428 2 25
429 36 28
430 36 27
431 9 44
432 9 43
433 8 43
434 9 43
435 9 44
436 9 43
437 8 42
438 8 43
439 9 44
440 9 43
441 0 24
442 3 25
443 8 42
444 2 25
445 3 25
446 9 44
447 36 28
448 2 25
449 3 25
450 8 43
451 0 25
452 36 27
453 9 43
454 36 28
455 0 24
456 8 44
457 2 25
458 36 27
459 9 44
460 9 43
461 3 25
462 9 44
463 8 44
464 9 44
465 9 43
466 36 28
467 36 27
468 9 44
469 8 43
470 0 25
471 2 25
472 3 25
473 0 24
474 9 43
475 36 28
476 36 27
477 2 25
478 0 25
479 0 24
480 0 25
481 8 42
482 36 28
483 8 43
484 9 44
485 0 24
486 9 43
487 8 43
488 0 25
489 3 25
490 9 43
491 36 27
492 0 24
493 2 25
494 0 25
495 36 28
496 3 25
497 36 27
498 8 44
499 0 24
500 2 25
501 3 25
502 9 44
503 2 25
504 3 25
505 9 43
506 36 28
507 0 25
508 9 44
509 9 43
510 2 25
511 3 25
512 9 44
513 36 27
514 2 25
515 3 25
516 36 28
517 0 24
518 36 27
519 2 25
520 8 44
521 36 28
522 9 44
523 36 27
524 8 43
525 9 43
526 36 28
527 36 27
528 8 44
529 9 44
530 36 28
531 36 27
532 0 25
533 0 24
534 0 25
535 8 44
536 3 25
537 36 28
538 2 25
539 36 27
540 36 28
541 36 27
542 36 28
543 36 27
544 9 44
545 0 24
546 0 25
547 9 43
548 0 24
549 9 44
550 0 25
551 9 43
552 3 25
553 2 25
554 3 25
555 9 44
556 8 43
557 36 28
558 9 43
559 0 24
560 8 42
561 8 43
562 8 42
563 9 44
564 36 27
565 8 43
566 9 43
567 36 28
568 0 25
569 8 44
570 2 25
571 36 27
572 0 24
573 36 28
574 9 44
575 8 43
576 3 25
577 9 43
578 0 25
579 8 43
580 0 24
581 0 25
582 9 43
583 36 27
584 2 25
585 3 25
586 0 24
587 8 43
588 36 28
589 9 43
590 0 25
591 8 43
592 0 24
593 0 25
594 2 25
595 3 25
596 9 43
597 8 42
598 0 24
599 8 43
600 36 27
601 9 44
602 0 25
603 0 24
604 2 25
605 3 25
606 9 43
607 2 25
608 3 25
609 36 28
610 9 44
611 9 43
612 8 44
613 9 44
614 9 43
615 36 27
616 9 44
617 8 43
618 9 43
619 0 25
620 8 42
621 9 44
622 8 43
623 0 24
624 2 25
625 9 43
626 8 44
627 36 28
628 0 25
629 9 44
630 8 43
631 9 43
632 9 44
633 3 25
634 36 27
635 2 25
636 36 28
637 3 25
638 9 43
639 9 44
640 0 24
641 2 25
642 9 43
643 0 25
644 36 27
645 3 25
646 8 44
647 9 44
648 8 44
649 0 24
650 9 44
651 9 43
652 9 44
653 2 25
654 3 25
655 2 25
656 36 28
657 0 25
658 3 25
659 0 24
660 8 44
661 9 44
662 0 25
663 36 27
664 8 43
665 9 43
666 2 25
667 3 25
668 0 24
669 2 25
670 36 28
671 36 27
672 9 44
673 36 28
674 3 25
675 9 43
676 36 27
677 8 43
678 9 43
679 2 25
680 8 44
681 9 44
682 36 28
683 3 25
684 8 43
685 9 43
686 8 42
687 9 44
688 9 43
689 8 43
690 36 27
691 9 44
692 9 43
693 0 25
694 0 24
695 9 44
696 2 25
697 3 25
698 9 43
699 2 25
700 36 28
701 36 27
702 36 28
703 8 42
704 9 44
705 0 25
706 36 27
707 36 28
708 36 27
709 36 28
710 8 43
711 9 43
712 0 24
713 36 27
714 8 42
715 8 43
716 36 28
717 3 25
718 0 25
719 2 25
720 9 44
721 36 27
722 0 24
723 36 28
724 3 25
725 36 27
726 0 25
727 0 24
728 2 25
729 0 25
730 36 28
731 3 25
732 36 27
733 9 43
734 0 24
735 2 25
736 8 43
737 36 28
738 9 43
739 36 27
740 3 25
741 36 28
742 2 25
743 8 43
744 9 43
745 9 44
746 0 25
747 3 25
748 2 25
749 3 25
750 2 25
751 36 27
752 0 24
753 9 43
754 0 25
755 3 25
756 0 24
757 9 44
758 0 25
759 9 43
760 9 44
761 9 43
762 8 42
763 0 24
764 0 25
765 8 43
766 2 25
767 3 25
768 0 24
769 2 25
770 36 28
771 8 42
772 0 25
773 8 43
774 36 27
775 0 24
776 3 25
777 8 42
778 36 28
779 9 44
780 36 27
781 0 25
782 9 43
783 9 44
784 2 25
785 8 43
786 9 43
787 36 28
788 9 44
789 3 25
790 36 27
791 2 25
792 9 43
793 0 24
794 8 43
795 36 28
796 0 25
797 3 25
798 9 43
799 36 27
800 0 24
801 8 43
802 0 25
803 36 28
804 2 25
805 9 43
806 0 24
807 3 25
808 36 27
809 36 28
810 9 44
811 9 43
812 0 25
813 8 43
814 9 43
815 0 24
816 2 25
817 0 25
818 8 43
819 36 27
820 0 24
821 3 25
822 0 25
823 36 28
824 9 43
825 0 24
826 2 25
827 9 44
828 36 27
829 3 25
830 0 25
831 36 28
832 2 25
833 9 43
834 8 43
835 3 25
836 36 27
837 9 43
838 8 42
839 36 28
840 36 27
841 2 25
842 0 24
843 9 44
844 3 25
845 36 28
846 2 25
847 3 25
848 8 43
849 9 43
850 8 44
851 9 44
852 8 43
853 2 25
854 36 27
855 3 25
856 9 43
857 2 25
858 0 25
859 9 44
860 0 24
861 3 25
862 36 28
863 2 25
864 9 43
865 9 44
866 9 43
867 0 25
868 36 27
869 8 44
870 9 44
871 8 43
872 9 43
873 8 42
874 8 43
875 0 24
876 8 42
877 9 44
878 8 43
879 3 25
880 2 25
881 9 43
882 3 25
883 8 44
884 9 44
885 8 43
886 36 28
887 2 25
888 3 25
889 36 27
890 0 25
891 9 43
892 2 25
893 8 43
894 36 28
895 9 43
896 36 27
897 3 25
898 0 24
899 8 43
900 9 43
901 8 44
902 9 44
903 0 25
904 2 25
905 9 43
906 0 24
907 36 28
908 0 25
909 3 25
910 9 44
911 8 43
912 2 25
913 0 24
914 3 25
915 2 25
916 9 43
917 36 27
918 8 42
919 3 25
920 9 44
921 36 28
922 2 25
923 3 25
924 2 25
925 3 25
926 2 25
927 0 25
928 3 25
929 2 25
930 3 25
931 9 43
932 9 44
933 2 25
934 36 27
935 9 43
936 3 25
937 0 24
938 9 44
939 36 28
940 8 43
941 9 43
942 9 44
943 9 43
944 36 27
945 8 44
946 9 44
947 0 25
948 8 44
949 9 44
950 8 43
951 2 25
952 0 24
953 0 25
954 3 25
955 9 43
956 36 28
957 2 25
958 8 44
959 36 27
960 3 25
961 2 25
962 0 24
963 36 28
964 0 25
965 9 44
966 8 43
967 36 27
968 0 24
969 9 43
970 36 28
971 8 44
972 36 27
973 3 25
974 2 25
975 3 25
976 36 28
977 9 44
978 36 27
979 2 25
980 3 25
981 36 28
982 0 25
983 8 43
984 2 25
985 0 24
986 9 43
987 8 42
988 8 43
989 36 27
990 8 42
991 8 43
992 3 25
993 9 44
994 2 25
995 3 25
996 36 28
997 9 43
998 2 25
999 3 25
1000 0 25
1001 0 24
1002 8 42
1003 2 25
1004 8 43
1005 9 44
1006 9 43
1007 3 25
1008 2 25
1009 0 25
1010 0 24
1011 8 44
1012 9 44
1013 0 25
1014 36 27
1015 0 24
1016 8 43
1017 9 43
1018 36 28
1019 0 25
1020 9 44
1021 0 24
1022 9 43
1023 0 25
1024 8 42
1025 36 27
1026 9 44
1027 0 24
1028 8 43
1029 36 28
1030 36 27
1031 36 28
1032 36 27
1033 0 25
1034 0 24
1035 36 28
1036 3 25
1037 9 43
1038 36 27
1039 8 43
1040 9 43
1041 36 28
1042 8 44
1043 0 25
1044 0 24
1045 2 25
1046 3 25
1047 0 25
1048 0 24
1049 0 25
1050 2 25
1051 0 24
1052 9 44
1053 9 43
1054 9 44
1055 36 27
1056 3 25
1057 36 28
1058 0 25
1059 8 43
1060 36 27
1061 9 43
1062 0 24
1063 8 44
1064 9 44
1065 8 44
1066 9 44
1067 36 28
1068 8 43
1069 9 43
1070 8 42
1071 2 25
1072 0 25
1073 9 44
1074 8 43
1075 0 24
1076 0 25
1077 9 43
1078 8 43
1079 0 24
1080 9 43
1081 3 25
1082 2 25
1083 3 25
1084 36 27
1085 2 25
1086 36 28
1087 3 25
1088 0 25
1089 9 44
1090 0 24
1091 0 25
1092 0 24
1093 0 25
1094 9 43
1095 8 44
1096 9 44
1097 0 24
1098 36 27
1099 2 25
1100 0 25
1101 0 24
1102 36 28
1103 8 44
1104 9 44
1105 3 25
1106 0 25
1107 8 43
1108 9 43
1109 2 25
1110 3 25
1111 36 27
1112 36 28
1113 9 44
1114 9 43
1115 0 24
1116 0 25
1117 9 44
1118 9 43
1119 36 27
1120 9 44
1121 9 43
1122 8 42
1123 36 28
1124 9 44
1125 2 25
1126 3 25
1127 2 25
1128 0 24
1129 0 25
1130 8 43
1131 9 43
1132 3 25
1133 36 27
1134 0 24
1135 0 25
1136 0 24
1137 8 42
1138 2 25
1139 36 28
1140 9 44
1141 0 25
1142 36 27
1143 36 28
1144 3 25
1145 0 24
1146 8 43
1147 9 43
1148 0 25
1149 9 44
1150 36 27
1151 0 24
1152 0 25
1153 9 43
1154 2 25
1155 0 24
1156 36 28
1157 3 25
1158 2 25
1159 36 27
1160 3 25
1161 36 28
1162 8 43
1163 9 43
1164 0 25
1165 0 24
1166 2 25
1167 9 44
1168 3 25
1169 36 27
1170 2 25
1171 9 43
1172 3 25
1173 9 44
1174 9 43
1175 8 42
1176 8 43
1177 36 28
1178 0 25
1179 36 27
1180 36 28
1181 0 24
1182 8 42
1183 8 43
1184 36 27
1185 36 28
1186 0 25
1187 36 27
1188 2 25
1189 3 25
1190 2 25
1191 36 28
1192 9 44
1193 0 24
1194 0 25
1195 3 25
1196 9 43
1197 0 24
1198 8 44
1199 9 44
1200 36 27
1201 36 28
1202 36 27
1203 8 44
1204 9 44
1205 36 28
1206 36 27
1207 2 25
1208 8 43
1209 9 43
1210 3 25
1211 0 25
1212 36 28
1213 8 44
1214 36 27
1215 36 28
1216 9 44
1217 9 43
1218 36 27
1219 36 28
1220 36 27
1221 9 44
1222 9 43
1223 0 24
1224 36 28
1225 36 27
1226 36 28
1227 2 25
1228 3 25
1229 9 44
1230 2 25
1231 3 25
1232 2 25
1233 9 43
1234 36 27
1235 0 25
1236 0 24
1237 0 25
1238 9 44
1239 3 25
1240 8 43
1241 9 43
1242 8 42
1243 2 25
1244 0 24
1245 0 25
1246 36 28
1247 0 24
1248 36 27
1249 3 25
1250 0 25
1251 2 25
1252 36 28
1253 8 43
1254 36 27
1255 8 42
1256 36 28
1257 9 44
1258 0 24
1259 0 25
1260 36 27
1261 3 25
1262 8 43
1263 0 24
1264 0 25
1265 0 24
1266 9 43
1267 2 25
1268 0 25
1269 0 24
1270 3 25
1271 2 25
1272 9 44
1273 0 25
1274 0 24
1275 3 25
1276 9 43
1277 0 25
1278 36 28
1279 0 24
1280 0 25
1281 8 42
1282 36 27
1283 9 44
1284 36 28
1285 0 24
1286 9 43
1287 9 44
1288 2 25
1289 9 43
1290 9 44
1291 8 43
1292 36 27
1293 36 28
1294 0 25
1295 9 43
1296 36 27
1297 36 28
1298 3 25
1299 0 24
1300 0 25
1301 0 24
1302 0 25
1303 36 27
1304 2 25
1305 8 44
1306 3 25
1307 9 44
1308 8 43
1309 0 24
1310 9 43
1311 8 43
1312 2 25
1313 0 25
1314 9 43
1315 8 43
1316 0 24
1317 36 28
1318 9 43
1319 0 25
1320 8 42
1321 36 27
1322 36 28
1323 3 25
1324 9 44
1325 2 25
1326 9 43
1327 3 25
1328 2 25
1329 36 27
1330 3 25
1331 36 28
1332 36 27
1333 9 44
1334 2 25
1335 9 43
1336 8 43
1337 0 24
1338 3 25
1339 9 44
1340 36 28
1341 9 43
1342 36 27
1343 2 25
1344 3 25
1345 36 28
1346 2 25
1347 8 42
1348 36 27
1349 8 43
1350 36 28
1351 3 25
1352 8 42
1353 0 25
1354 36 27
1355 2 25
1356 8 43
1357 36 28
1358 3 25
1359 36 27
1360 8 42
1361 9 44
1362 36 28
1363 8 43
1364 9 43
1365 8 43
1366 9 43
1367 0 24
1368 9 44
1369 36 27
1370 2 25
1371 0 25
1372 3 25
1373 9 43
1374 36 28
1375 8 44
1376 2 25
1377 3 25
1378 9 44
1379 8 43
1380 9 43
1381 2 25
1382 3 25
1383 0 24
1384 9 44
1385 9 43
1386 2 25
1387 8 42
1388 0 25
1389 0 24
1390 0 25
1391 3 25
1392 2 25
1393 8 43
1394 8 42
1395 9 44
1396 9 43
1397 36 27
1398 36 28
1399 36 27
1400 0 24
1401 9 44
1402 36 28
1403 8 43
1404 0 25
1405 0 24
1406 9 43
1407 9 44
1408 9 43
1409 0 25
1410 0 24
1411 36 27
1412 36 28
1413 36 27
1414 8 43
1415 0 25
1416 36 28
1417 36 27
1418 3 25
1419 0 24
1420 36 28
1421 9 43
1422 0 25
1423 8 43
1424 0 24
1425 36 27
1426 0 25
1427 9 43
1428 36 28
1429 36 27
1430 36 28
1431 36 27
1432 8 44
1433 36 28
1434 9 44
1435 2 25
1436 36 27
1437 8 43
1438 9 43
1439 0 24
1440 3 25
1441 9 44
1442 9 43
1443 36 28
1444 9 44
1445 0 25
1446 36 27
1447 9 43
1448 2 25
1449 3 25
1450 36 28
1451 2 25
1452 36 27
1453 36 28
1454 0 24
1455 36 27
1456 8 42
1457 8 43
1458 9 44
1459 9 43
1460 8 42
1461 9 44
1462 36 28
1463 8 43
1464 9 43
1465 0 25
1466 3 25
1467 0 24
1468 8 43
1469 2 25
1470 9 43
1471 36 27
1472 0 25
1473 0 24
1474 8 44
1475 36 28
1476 0 25
1477 3 25
1478 9 44
1479 0 24
1480 8 43
1481 0 25
1482 9 43
1483 0 24
1484 2 25
1485 8 44
1486 9 44
1487 0 25
1488 3 25
1489 2 25
1490 9 43
1491 36 27
1492 3 25
1493 0 24
1494 0 25
1495 0 24
1496 2 25
1497 9 44
1498 8 44
1499 9 44
1500 8 43
1501 36 28
1502 0 25
1503 9 43
1504 9 44
1505 0 24
1506 0 25
1507 0 24
1508 3 25
1509 36 27
1510 2 25
1511 36 28
1512 3 25
1513 0 25
1514 9 43
1515 0 24
1516 2 25
1517 3 25
1518 8 44
1519 36 27
1520 2 25
1521 9 44
1522 3 25
1523 36 28
1524 2 25
1525 36 27
1526 8 43
1527 36 28
1528 0 25
1529 3 25
1530 2 25
1531 9 43
1532 0 24
1533 36 27
1534 36 28
1535 3 25
1536 8 42
1537 2 25
1538 3 25
1539 2 25
1540 3 25
1541 0 25
1542 9 44
1543 9 43
1544 8 43
1545 0 24
1546 2 25
1547 0 25
1548 8 42
1549 36 27
1550 8 43
1551 9 44
1552 0 24
1553 9 43
1554 36 28
1555 0 25
1556 8 43
1557 0 24
1558 0 25
1559 3 25
1560 36 27
1561 9 43
1562 2 25
1563 36 28
1564 36 27
1565 36 28
1566 36 27
1567 0 24
1568 8 42
1569 36 28
1570 8 43
1571 8 42
1572 36 27
1573 3 25
1574 9 44
1575 9 43
1576 2 25
1577 0 25
1578 36 28
1579 36 27
1580 36 28
1581 8 43
1582 9 44
1583 9 43
1584 8 42
1585 9 44
1586 0 24
1587 9 43
1588 0 25
1589 9 44
1590 36 27
1591 8 43
1592 3 25
1593 9 43
1594 8 43
1595 9 43
1596 8 44
1597 2 25
1598 3 25
1599 9 44
1600 8 43
1601 0 24
1602 9 43
1603 36 28
1604 0 25
1605 0 24
1606 0 25
1607 36 27
1608 0 24
1609 9 44
1610 2 25
1611 0 25
1612 36 28
1613 9 43
1614 36 27
1615 8 44
1616 36 28
1617 3 25
1618 9 44
1619 9 43
1620 9 44
1621 36 27
1622 36 28
1623 2 25
1624 3 25
1625 2 25
1626 8 43
1627 36 27
1628 9 43
1629 36 28
1630 36 27
1631 0 24
1632 3 25
1633 2 25
1634 8 43
1635 9 43
1636 36 28
1637 8 42
1638 36 27
1639 0 25
1640 9 44
1641 0 24
1642 36 28
1643 0 25
1644 9 43
1645 3 25
1646 9 44
1647 8 43
1648 2 25
1649 0 24
1650 3 25
1651 9 43
1652 8 42
1653 36 27
1654 9 44
1655 36 28
1656 8 43
1657 36 27
1658 2 25
1659 0 25
1660 9 43
1661 8 42
1662 9 44
1663 3 25
1664 0 24
1665 2 25
1666 36 28
1667 8 43
1668 0 25
1669 9 43
1670 0 24
1671 36 27
1672 8 43
1673 3 25
1674 9 43
1675 0 25
1676 0 24
1677 36 28
1678 2 25
1679 36 27
1680 36 28
1681 9 44
1682 0 25
1683 36 27
1684 9 43
1685 9 44
1686 0 24
1687 0 25
1688 36 28
1689 3 25
1690 9 43
1691 36 27
1692 36 28
1693 0 24
1694 8 43
1695 2 25
1696 36 27
1697 9 43
1698 8 44
1699 9 44
1700 3 25
1701 36 28
1702 2 25
1703 8 43
1704 36 27
1705 3 25
1706 9 43
1707 2 25
1708 8 44
1709 36 28
1710 0 25
1711 3 25
1712 0 24
1713 9 44
1714 8 43
1715 2 25
1716 0 25
1717 0 24
1718 36 27
1719 0 25
1720 9 43
1721 8 44
1722 36 28
1723 9 44
1724 8 44
1725 9 44
1726 8 44
1727 9 44
1728 36 27
1729 36 28
1730 0 24
1731 0 25
1732 9 43
1733 9 44
1734 9 43
1735 36 27
1736 9 44
1737 8 43
1738 3 25
1739 0 24
1740 2 25
1741 0 25
1742 3 25
1743 2 25
1744 9 43
1745 8 42
1746 8 43
1747 8 42
1748 8 43
1749 8 42
1750 3 25
1751 2 25
1752 36 28
1753 8 43
1754 9 44
1755 3 25
1756 9 43
1757 36 27
1758 36 28
1759 8 44
1760 9 44
1761 0 24
1762 2 25
1763 3 25
1764 2 25
1765 0 25
1766 8 44
1767 36 27
1768 36 28
1769 9 44
1770 9 43
1771 9 44
1772 8 44
1773 0 24
1774 0 25
1775 9 44
1776 8 43
1777 3 25
1778 36 27
1779 9 43
1780 8 44
1781 0 24
1782 36 28
1783 0 25
1784 36 27
1785 0 24
1786 0 25
1787 9 44
1788 8 44
1789 2 25
1790 9 44
1791 8 43
1792 3 25
1793 9 43
1794 9 44
1795 0 24
1796 0 25
1797 36 28
1798 9 43
1799 8 44
1800 36 27
1801 2 25
1802 36 28
1803 3 25
1804 36 27
1805 9 44
1806 36 28
1807 2 25
1808 9 43
1809 9 44
1810 3 25
1811 8 44
1812 2 25
1813 3 25
1814 9 44
1815 36 27
1816 8 43
1817 0 24
1818 36 28
1819 36 27
1820 36 28
1821 36 27
1822 9 43
1823 8 42
1824 9 44
1825 9 43
1826 9 44
1827 0 25
1828 9 43
1829 9 44
1830 9 43
1831 9 44
1832 2 25
1833 36 28
1834 9 43
1835 9 44
1836 9 43
1837 9 44
1838 36 27
1839 0 24
1840 8 43
1841 3 25
1842 9 43
1843 2 25
1844 8 42
1845 8 43
1846 0 25
1847 9 44
1848 3 25
1849 2 25
1850 0 24
1851 9 43
1852 8 44
1853 36 28
1854 0 25
1855 3 25
1856 36 27
1857 0 24
1858 9 44
1859 36 28
1860 9 43
1861 9 44
1862 8 43
1863 9 43
1864 2 25
1865 3 25
1866 2 25
1867 8 42
1868 36 27
1869 0 25
1870 36 28
1871 36 27
1872 0 24
1873 8 43
1874 8 42
1875 8 43
1876 3 25
1877 36 28
1878 9 44
1879 9 43
1880 36 27
1881 9 44
1882 0 25
1883 9 43
1884 2 25
1885 3 25
1886 8 44
1887 36 28
1888 9 44
1889 0 24
1890 9 43
1891 2 25
1892 3 25
1893 0 25
1894 9 44
1895 2 25
1896 3 25
1897 9 43
1898 36 27
1899 0 24
1900 9 44
1901 2 25
1902 8 43
1903 0 25
1904 3 25
1905 36 28
1906 9 43
1907 0 24
1908 8 43
1909 2 25
1910 0 25
1911 9 43
1912 0 24
1913 0 25
1914 0 24
1915 9 44
1916 36 27
1917 9 43
1918 8 43
1919 9 43
1920 0 25
1921 36 28
1922 8 42
1923 8 43
1924 8 42
1925 8 43
1926 3 25
1927 2 25
1928 0 24
1929 9 44
1930 9 43
1931 36 27
1932 36 28
1933 8 44
1934 9 44
1935 3 25
1936 36 27
1937 36 28
1938 2 25
1939 0 25
1940 36 27
1941 8 43
1942 0 24
1943 9 43
1944 36 28
1945 36 27
1946 36 28
1947 8 42
1948 36 27
1949 0 25
1950 0 24
1951 9 44
1952 3 25
1953 0 25
1954 36 28
1955 8 43
1956 0 24
1957 0 25
1958 9 43
1959 8 42
1960 9 44
1961 0 24
1962 9 43
1963 0 25
1964 0 24
1965 9 44
1966 8 43
1967 0 25
1968 0 24
1969 2 25
1970 0 25
1971 36 27
1972 0 24
1973 0 25
1974 0 24
1975 3 25
1976 9 43
1977 8 43
1978 2 25
1979 0 25
1980 36 28
1981 3 25
1982 0 24
1983 2 25
1984 36 27
1985 9 43
1986 36 28
1987 36 27
1988 3 25
1989 8 42
1990 9 44
1991 0 25
1992 2 25
1993 9 43
1994 36 28
1995 3 25
1996 2 25
1997 3 25
1998 0 24
1999 9 44
2000 8 43
2001 36 27
2002 0 25
2003 36 28
2004 36 27
2005 9 43
2006 8 44
2007 36 28
2008 36 27
2009 36 28
2010 9 44
2011 2 25
2012 36 27
2013 9 43
2014 36 28
2015 9 44
2016 36 27
2017 3 25
2018 36 28
2019 2 25
2020 3 25
2021 0 24
2022 8 43
2023 36 27
2024 36 28
2025 0 25
2026 2 25
2027 9 43
2028 8 43
2029 36 27
2030 9 43
2031 8 42
2032 36 28
2033 36 27
2034 0 24
2035 0 25
2036 9 44
2037 36 28
2038 0 24
2039 9 43
2040 3 25
2041 8 43
2042 8 42
2043 0 25
2044 2 25
2045 36 27
2046 3 25
2047 0 24
2048 9 44
2049 0 25
2050 36 28
2051 36 27
2052 8 43
2053 0 24
2054 9 43
2055 8 42
2056 36 28
2057 0 25
2058 0 24
2059 9 44
2060 8 43
2061 9 43
2062 2 25
2063 8 44
2064 9 44
2065 8 44
2066 0 25
2067 0 24
2068 9 44
2069 36 27
2070 36 28
2071 8 44
2072 0 25
2073 3 25
2074 2 25
2075 9 44
2076 0 24
2077 0 25
2078 9 43
2079 3 25
2080 0 24
2081 36 27
2082 2 25
2083 0 25
2084 0 24
2085 0 25
2086 3 25
2087 9 44
2088 8 43
2089 9 43
2090 36 28
2091 36 27
2092 0 24
2093 36 28
2094 36 27
2095 8 44
2096 0 25
2097 9 44
2098 0 24
2099 36 28
2100 9 43
2101 2 25
2102 9 44
2103 0 25
2104 3 25
2105 0 24
2106 0 25
2107 0 24
2108 8 43
2109 9 43
2110 2 25
2111 0 25
2112 3 25
2113 36 27
2114 36 28
2115 0 24
2116 2 25
2117 8 42
2118 36 27
2119 36 28
2120 0 25
2121 9 44
2122 8 43
2123 9 43
2124 36 27
2125 3 25
2126 0 24
2127 8 43
2128 36 28
2129 9 43
2130 8 42
2131 0 25
2132 36 27
2133 0 24
2134 2 25
2135 0 25
2136 9 44
2137 8 43
2138 0 24
2139 36 28
2140 36 27
2141 9 43
2142 36 28
2143 3 25
2144 36 27
2145 2 25
2146 0 25
2147 0 24
2148 36 28
2149 3 25
2150 2 25
2151 0 25
2152 0 24
2153 9 44
2154 0 25
2155 3 25
2156 36 27
2157 36 28
2158 0 24
2159 0 25
2160 2 25
2161 0 24
2162 9 43
2163 0 25
2164 8 42
2165 8 43
2166 0 24
2167 8 42
2168 8 43
2169 3 25
2170 36 27
2171 8 42
2172 8 43
2173 8 42
2174 36 28
2175 9 44
2176 9 43
2177 9 44
2178 9 43
2179 0 25
2180 9 44
2181 8 43
2182 9 43
2183 36 27
2184 2 25
2185 0 24
2186 36 28
2187 8 44
2188 9 44
2189 0 25
2190 36 27
2191 3 25
2192 36 28
2193 0 24
2194 36 27
2195 9 43
2196 36 28
2197 9 44
2198 2 25
2199 0 25
2200 36 27
2201 36 28
2202 0 24
2203 36 27
2204 3 25
2205 8 43
2206 0 25
2207 2 25
2208 3 25
2209 36 28
2210 9 43
2211 0 24
2212 36 27
2213 2 25
2214 36 28
2215 0 25
2216 0 24
2217 3 25
2218 9 44
2219 9 43
2220 36 27
2221 8 42
2222 36 28
2223 2 25
2224 3 25
2225 0 25
2226 0 24
2227 0 25
2228 8 43
2229 36 27
2230 0 24
2231 8 42
2232 36 28
2233 0 25
2234 2 25
2235 9 44
2236 9 43
2237 8 43
2238 9 44
2239 36 27
2240 9 43
2241 8 43
2242 3 25
2243 36 28
2244 9 43
2245 8 44
2246 9 44
2247 36 27
2248 8 43
2249 2 25
2250 9 43
2251 0 24
2252 3 25
2253 2 25
2254 8 44
2255 0 25
2256 9 44
2257 36 28
2258 9 43
2259 9 44
2260 3 25
2261 36 27
2262 36 28
2263 2 25
2264 36 27
2265 8 43
2266 36 28
2267 36 27
2268 9 43
2269 36 28
2270 3 25
2271 0 24
2272 0 25
2273 36 27
2274 36 28
2275 8 42
2276 36 27
2277 2 25
2278 8 43
2279 36 28
2280 9 44
2281 9 43
2282 8 44
2283 3 25
2284 9 44
2285 2 25
2286 0 24
2287 8 43
2288 0 25
2289 3 25
2290 36 27
2291 2 25
2292 36 28
2293 3 25
2294 36 27
2295 0 24
2296 0 25
2297 0 24
2298 0 25
2299 0 24
2300 0 25
2301 36 28
2302 2 25
2303 36 27
2304 3 25
2305 36 28
2306 9 43
2307 0 24
2308 36 27
2309 8 43
2310 36 28
2311 0 25
2312 36 27
2313 9 43
2314 0 24
2315 2 25
2316 8 43
2317 3 25
2318 2 25
2319 9 43
2320 9 44
2321 9 43
2322 0 25
2323 8 42
2324 0 24
2325 8 43
2326 8 42
2327 0 25
2328 9 44
2329 9 43
2330 36 28
2331 3 25
2332 9 44
2333 0 24
2334 2 25
2335 0 25
2336 0 24
2337 3 25
2338 8 43
2339 9 43
2340 36 27
2341 8 44
2342 0 25
2343 2 25
2344 9 44
2345 8 43
2346 0 24
2347 3 25
2348 36 28
2349 9 43
2350 8 42
2351 0 25
2352 0 24
2353 2 25
2354 9 44
2355 0 25
2356 0 24
2357 9 43
2358 8 43
2359 36 27
2360 3 25
2361 8 42
2362 8 43
2363 9 44
2364 2 25
2365 0 25
2366 36 28
2367 9 43
2368 36 27
2369 8 42
2370 36 28
2371 0 24
2372 36 27
2373 0 25
2374 3 25
2375 0 24
2376 0 25
2377 36 28
2378 9 44
2379 9 43
2380 9 44
2381 0 24
2382 8 43
2383 36 27
2384 36 28
2385 9 43
2386 0 25
2387 0 24
2388 8 44
2389 0 25
2390 9 44
2391 0 24
2392 36 27
2393 8 43
2394 9 43
2395 8 44
2396 2 25
2397 9 44
2398 8 43
2399 9 43
2400 3 25
2401 36 28
2402 8 42
2403 2 25
2404 8 43
2405 0 25
2406 0 24
2407 0 25
2408 36 27
2409 8 42
2410 3 25
2411 2 25
2412 9 44
2413 9 43
2414 8 43
2415 36 28
2416 9 44
2417 3 25
2418 9 43
2419 36 27
2420 36 28
2421 2 25
2422 3 25
2423 0 24
2424 8 42
2425 9 44
2426 9 43
2427 8 43
2428 36 27
2429 2 25
2430 3 25
2431 8 42
2432 0 25
2433 2 25
2434 36 28
2435 8 43
2436 9 44
2437 0 24
2438 36 27
2439 36 28
2440 36 27
2441 9 43
2442 8 43
2443 36 28
2444 9 43
2445 36 27
2446 8 43
2447 3 25
2448 9 43
2449 9 44
2450 9 43
2451 2 25
2452 0 25
2453 8 43
2454 9 43
2455 3 25
2456 8 42
2457 36 28
2458 8 43
2459 9 44
2460 36 27
2461 2 25
2462 9 43
2463 3 25
2464 2 25
2465 8 42
2466 0 24
2467 36 28
2468 0 25
2469 0 24
2470 8 43
2471 9 44
2472 9 43
2473 9 44
2474 36 27
2475 36 28
2476 9 43
2477 3 25
2478 0 25
2479 36 27
2480 9 44
2481 2 25
2482 3 25
2483 9 43
2484 36 28
2485 36 27
2486 36 28
2487 36 27
2488 0 24
2489 8 42
2490 2 25
2491 0 25
2492 36 28
2493 9 44
2494 3 25
2495 36 27
2496 8 43
2497 36 28
2498 36 27
2499 36 28
2500 36 27
2501 0 24
2502 0 25
2503 36 28
2504 9 43
2505 0 24
2506 2 25
2507 3 25
2508 36 27
2509 8 43
2510 36 28
2511 9 43
2512 9 44
2513 36 27
2514 0 25
2515 2 25
2516 36 28
2517 0 24
2518 36 27
2519 36 28
2520 9 43
2521 9 44
2522 9 43
2523 3 25
2524 2 25
2525 8 42
2526 9 44
2527 36 27
2528 9 43
2529 9 44
2530 0 25
2531 8 43
2532 36 28
2533 9 43
2534 36 27
2535 0 24
2536 0 25
2537 36 28
2538 9 44
2539 0 24
2540 3 25
2541 2 25
2542 9 43
2543 36 27
2544 9 44
2545 36 28
2546 0 25
2547 9 43
2548 8 43
2549 3 25
2550 9 43
2551 0 24
2552 9 44
2553 36 27
2554 9 43
2555 2 25
2556 36 28
2557 3 25
2558 2 25
2559 36 27
2560 0 25
2561 8 42
2562 3 25
2563 0 24
2564 2 25
2565 8 43
2566 9 44
2567 3 25
2568 9 43
2569 36 28
2570 36 27
2571 9 44
2572 36 28
2573 2 25
2574 3 25
2575 36 27
2576 36 28
2577 9 43
2578 0 25
2579 8 42
2580 0 24
2581 8 43
2582 9 44
2583 0 25
2584 36 27
2585 36 28
2586 2 25
2587 9 43
2588 8 43
2589 0 24
2590 3 25
2591 36 27
2592 0 25
2593 2 25
2594 3 25
2595 2 25
2596 0 24
2597 0 25
2598 0 24
2599 3 25
2600 9 43
2601 36 28
2602 8 42
2603 0 25
2604 9 44
2605 2 25
2606 8 43
2607 0 24
2608 9 43
2609 3 25
2610 2 25
2611 9 44
2612 9 43
2613 8 44
2614 36 27
2615 36 28
2616 36 27
2617 36 28
2618 9 44
2619 36 27
2620 0 25
2621 9 43
2622 9 44
2623 36 28
2624 0 24
2625 36 27
2626 0 25
2627 36 28
2628 0 24
2629 9 43
2630 36 27
2631 3 25
2632 2 25
2633 0 25
2634 9 44
2635 0 24
2636 0 25
2637 8 44
2638 9 44
2639 36 28
2640 0 24
2641 36 27
2642 8 44
2643 0 25
2644 3 25
2645 36 28
2646 9 44
2647 0 24
2648 8 44
2649 9 44
2650 0 25
2651 0 24
2652 9 43
2653 36 27
2654 0 25
2655 9 44
2656 2 25
2657 0 24
2658 9 43
2659 0 25
2660 36 28
2661 9 44
2662 3 25
2663 8 43
2664 2 25
2665 3 25
2666 9 43
2667 9 44
2668 36 27
2669 2 25
2670 9 43
2671 0 24
2672 36 28
2673 9 44
2674 9 43
2675 3 25
2676 9 44
2677 0 25
2678 9 43
2679 8 42
2680 9 44
2681 36 27
2682 8 43
2683 0 24
2684 9 43
2685 8 43
2686 9 43
2687 36 28
2688 36 27
2689 2 25
2690 0 25
2691 8 44
2692 9 44
2693 3 25
2694 8 44
2695 2 25
2696 0 24
2697 9 44
2698 8 43
2699 36 28
2700 36 27
2701 0 25
2702 36 28
2703 36 27
2704 3 25
2705 9 43
2706 2 25
2707 3 25
2708 36 28
2709 8 42
2710 36 27
2711 36 28
2712 2 25
2713 0 24
2714 9 44
2715 3 25
2716 36 27
2717 9 43
2718 0 25
2719 9 44
2720 9 43
2721 8 43
2722 0 24
2723 36 28
2724 0 25
2725 9 44
2726 9 43
2727 9 44
2728 9 43
2729 0 24
2730 36 27
2731 36 28
2732 2 25
2733 8 42
2734 8 43
2735 0 25
2736 9 44
2737 36 27
2738 9 43
2739 0 24
2740 36 28
2741 36 27
2742 8 44
2743 9 44
2744 3 25
2745 9 43
2746 2 25
2747 0 25
2748 3 25
2749 9 44
2750 9 43
2751 36 28
2752 36 27
2753 2 25
2754 0 24
2755 36 28
2756 9 44
2757 0 25
2758 0 24
2759 36 27
2760 0 25
2761 3 25
2762 2 25
2763 0 24
2764 0 25
2765 8 43
2766 9 43
2767 9 44
2768 36 28
2769 9 43
2770 8 42
2771 36 27
2772 9 44
2773 8 43
2774 3 25
2775 36 28
2776 9 43
2777 36 27
2778 8 44
2779 2 25
2780 36 28
2781 9 44
2782 8 44
2783 3 25
2784 0 24
2785 9 44
2786 8 43
2787 0 25
2788 36 27
2789 9 43
2790 0 24
2791 2 25
2792 8 43
2793 3 25
2794 9 43
2795 8 43
2796 9 43
2797 9 44
2798 9 43
2799 0 25
2800 2 25
2801 0 24
2802 8 44
2803 36 28
2804 9 44
2805 3 25
2806 8 43
2807 0 25
2808 36 27
2809 2 25
2810 3 25
2811 9 43
2812 8 43
2813 0 24
2814 9 43
2815 8 43
2816 0 25
2817 36 28
2818 9 43
2819 36 27
2820 36 28
2821 36 27
2822 8 43
2823 2 25
2824 3 25
2825 2 25
2826 3 25
2827 9 43
2828 2 25
2829 0 24
2830 36 28
2831 0 25
2832 36 27
2833 8 43
2834 9 43
2835 0 24
2836 36 28
2837 36 27
2838 8 42
2839 9 44
2840 3 25
2841 8 43
2842 9 43
2843 0 25
2844 36 28
2845 36 27
2846 8 44
2847 9 44
2848 36 28
2849 2 25
2850 0 24
2851 9 43
2852 9 44
2853 8 43
2854 3 25
2855 0 25
2856 9 43
2857 36 27
2858 2 25
2859 3 25
2860 36 28
2861 8 42
2862 2 25
2863 0 24
2864 36 27
2865 8 43
2866 8 42
2867 9 44
2868 0 25
2869 0 24
2870 8 43
2871 0 25
2872 9 43
2873 3 25
2874 9 44
2875 9 43
2876 8 42
2877 0 24
2878 36 28
2879 0 25
2880 9 44
2881 0 24
2882 0 25
2883 36 27
2884 36 28
2885 8 43
2886 2 25
2887 0 24
2888 9 43
2889 0 25
2890 36 27
2891 0 24
2892 0 25
2893 0 24
2894 8 43
2895 0 25
2896 9 43
2897 36 28
2898 3 25
2899 0 24
2900 9 44
2901 36 27
2902 0 25
2903 36 28
2904 0 24
2905 2 25
2906 9 43
2907 0 25
2908 3 25
2909 36 27
2910 2 25
2911 36 28
2912 3 25
2913 2 25
2914 8 42
2915 8 43
2916 0 24
2917 0 25
2918 3 25
2919 2 25
2920 3 25
2921 9 44
2922 36 27
2923 2 25
2924 9 43
2925 36 28
2926 0 24
2927 8 42
2928 8 43
2929 36 27
2930 36 28
2931 8 42
2932 9 44
2933 36 27
2934 0 25
2935 9 43
2936 0 24
2937 9 44
2938 9 43
2939 36 28
2940 9 44
2941 9 43
2942 36 27
2943 9 44
2944 3 25
2945 8 43
2946 0 25
2947 0 24
2948 36 28
2949 9 43
2950 36 27
2951 0 25
2952 8 42
2953 36 28
2954 36 27
2955 2 25
2956 36 28
2957 8 43
2958 36 27
2959 36 28
2960 3 25
2961 36 27
2962 2 25
2963 0 24
2964 9 44
2965 3 25
2966 0 25
2967 36 28
2968 0 24
2969 9 43
2970 36 27
2971 0 25
2972 36 28
2973 2 25
2974 8 42
2975 0 24
2976 9 44
2977 8 43
2978 9 43
2979 8 44
2980 0 25
2981 0 24
2982 9 44
2983 0 25
2984 36 27
2985 3 25
2986 8 43
2987 2 25
2988 9 43
2989 36 28
2990 36 27
2991 0 24
2992 0 25
2993 9 44
2994 9 43
2995 36 28
2996 8 44
2997 3 25
2998 2 25
2999 3 25
3000 0 24
3001 9 44
3002 8 43
3003 2 25
3004 9 43
3005 8 44
3006 36 27
3007 9 44
3008 36 28
3009 8 43
3010 36 27
3011 3 25
3012 9 43
3013 36 28
3014 8 42
3015 8 43
3016 9 44
3017 9 43
3018 0 25
3019 8 43
3020 0 24
3021 9 43
3022 36 27
3023 36 28
3024 0 25
3025 0 24
3026 0 25
3027 8 42
3028 9 44
3029 0 24
3030 8 43
3031 9 43
3032 8 44
3033 0 25
3034 9 44
3035 2 25
3036 9 43
3037 9 44
3038 9 43
3039 3 25
3040 0 24
3041 9 44
3042 8 43
3043 36 27
3044 9 43
3045 0 25
3046 9 44
3047 9 43
3048 0 24
3049 36 28
3050 0 25
3051 36 27
3052 2 25
3053 3 25
3054 8 42
3055 8 43
3056 0 24
3057 36 28
3058 8 42
3059 2 25
3060 36 27
3061 0 25
3062 8 43
3063 9 44
3064 3 25
3065 9 43
3066 2 25
3067 3 25
3068 2 25
3069 0 24
3070 0 25
3071 9 44
3072 0 24
3073 3 25
3074 9 43
3075 8 42
3076 36 28
3077 0 25
3078 2 25
3079 3 25
3080 8 43
3081 9 44
3082 9 43
3083 2 25
3084 3 25
3085 0 24
3086 2 25
3087 0 25
3088 0 24
3089 0 25
3090 8 43
3091 36 27
3092 36 28
3093 0 24
3094 36 27
3095 0 25
3096 36 28
3097 9 43
3098 3 25
3099 36 27
3100 8 42
3101 36 28
3102 36 27
3103 36 28
3104 8 43
3105 2 25
3106 8 42
3107 3 25
3108 0 24
3109 36 27
3110 9 44
3111 8 43
3112 2 25
3113 3 25
3114 0 25
3115 0 24
3116 36 28
3117 9 43
3118 9 44
3119 9 43
3120 36 27
3121 8 42
3122 8 43
3123 9 44
3124 9 43
3125 0 25
3126 0 24
3127 0 25
3128 36 28
3129 36 27
3130 0 24
3131 2 25
3132 36 28
3133 3 25
3134 8 43
3135 0 25
3136 9 43
3137 0 24
3138 8 42
3139 2 25
3140 36 27
3141 36 28
3142 36 27
3143 3 25
3144 2 25
3145 8 43
3146 0 25
3147 0 24
3148 0 25
3149 36 28
3150 0 24
3151 3 25
3152 36 27
3153 8 42
3154 36 28
3155 8 43
3156 36 27
3157 0 25
3158 0 24
3159 2 25
3160 8 42
3161 8 43
3162 3 25
3163 0 25
3164 8 42
3165 8 43
3166 2 25
3167 0 24
3168 3 25
3169 8 42
3170 8 43
3171 9 44
3172 9 43
3173 2 25
3174 36 28
3175 3 25
3176 8 44
3177 36 27
3178 9 44
3179 0 25
3180 2 25
3181 3 25
3182 0 24
3183 0 25
3184 8 43
3185 2 25
3186 3 25
3187 2 25
3188 0 24
3189 9 43
3190 9 44
3191 3 25
3192 2 25
3193 3 25
3194 2 25
3195 36 28
3196 3 25
3197 2 25
3198 3 25
3199 9 43
3200 8 42
3201 8 43
3202 0 25
3203 2 25
3204 9 44
3205 3 25
3206 36 27
3207 0 24
3208 2 25
3209 36 28
3210 9 43
3211 9 44
3212 9 43
3213 9 44
3214 9 43
3215 0 25
3216 8 44
3217 36 27
3218 3 25
3219 9 44
3220 0 24
3221 2 25
3222 3 25
3223 0 25
3224 9 43
3225 9 44
3226 9 43
3227 2 25
3228 9 44
3229 0 24
3230 3 25
3231 0 25
3232 8 44
3233 9 44
3234 0 24
3235 8 43
3236 9 43
3237 2 25
3238 3 25
3239 0 25
3240 36 28
3241 36 27
3242 2 25
3243 8 43
3244 3 25
3245 2 25
3246 3 25
3247 36 28
3248 9 43
3249 36 27
3250 2 25
3251 8 44
3252 9 44
3253 0 24
3254 0 25
3255 3 25
3256 8 43
3257 9 43
3258 2 25
3259 8 42
3260 36 28
3261 9 44
3262 8 43
3263 3 25
3264 9 43
3265 36 27
3266 0 24
3267 8 43
3268 36 28
3269 36 27
3270 9 43
3271 2 25
3272 8 43
3273 36 28
3274 9 43
3275 0 25
3276 36 27
3277 8 43
3278 9 43
3279 36 28
3280 0 24
3281 0 25
3282 36 27
3283 8 43
3284 9 43
3285 0 24
3286 0 25
3287 8 43
3288 3 25
3289 9 43
3290 8 44
3291 9 44
3292 9 43
3293 2 25
3294 36 28
3295 36 27
3296 36 28
3297 9 44
3298 8 44
3299 9 44
3300 0 24
3301 8 43
3302 9 43
3303 8 44
3304 36 27
3305 9 44
3306 3 25
3307 36 28
3308 2 25
3309 3 25
3310 36 27
3311 36 28
3312 2 25
3313 3 25
3314 8 43
3315 36 27
3316 0 25
3317 36 28
3318 9 43
3319 8 42
3320 8 43
3321 36 27
3322 0 24
3323 0 25
3324 9 44
3325 9 43
3326 2 25
3327 0 24
3328 0 25
3329 8 44
3330 9 44
3331 3 25
3332 9 43
3333 36 28
3334 36 27
3335 0 24
3336 36 28
3337 9 44
3338 9 43
3339 9 44
3340 9 43
3341 36 27
3342 9 44
3343 9 43
3344 9 44
3345 2 25
3346 8 44
3347 3 25
3348 36 28
3349 9 44
3350 2 25
3351 36 27
3352 0 25
3353 8 44
3354 0 24
3355 0 25
3356 3 25
3357 2 25
3358 36 28
3359 9 44
3360 8 43
3361 9 43
3362 0 24
3363 0 25
3364 8 43
3365 3 25
3366 9 43
3367 8 43
3368 0 24
3369 9 43
3370 9 44
3371 2 25
3372 9 43
3373 8 44
3374 36 27
3375 0 25
3376 9 44
3377 8 43
3378 0 24
3379 9 43
3380 3 25
3381 0 25
3382 2 25
3383 3 25
3384 9 44
3385 0 24
3386 9 43
3387 0 25
3388 0 24
3389 2 25
3390 0 25
3391 8 42
3392 3 25
3393 36 28
3394 0 24
3395 8 43
3396 0 25
3397 2 25
3398 9 44
3399 9 43
3400 8 42
3401 0 24
3402 36 27
3403 3 25
3404 2 25
3405 3 25
3406 9 44
3407 36 28
3408 0 25
3409 9 43
3410 36 27
3411 2 25
3412 0 24
3413 9 44
3414 0 25
3415 3 25
3416 9 43
3417 36 28
3418 0 24
3419 8 43
3420 2 25
3421 36 27
3422 0 25
3423 9 44
3424 3 25
3425 36 28
3426 9 43
3427 8 42
3428 0 24
3429 2 25
3430 36 27
3431 3 25
3432 9 44
3433 8 43
3434 0 25
3435 9 43
3436 2 25
3437 8 44
3438 36 28
3439 36 27
3440 36 28
3441 9 44
3442 3 25
3443 2 25
3444 8 44
3445 9 44
3446 36 27
3447 0 24
3448 3 25
3449 2 25
3450 3 25
3451 8 44
3452 0 25
3453 36 28
3454 2 25
3455 9 44
3456 36 27
3457 8 44
3458 9 44
3459 0 24
3460 3 25
3461 0 25
3462 36 28
3463 0 24
3464 2 25
3465 3 25
3466 2 25
3467 8 43
3468 36 27
3469 9 43
3470 3 25
3471 0 25
3472 2 25
3473 0 24
3474 8 42
3475 3 25
3476 0 25
3477 2 25
3478 36 28
3479 36 27
3480 8 43
3481 9 44
3482 9 43
3483 3 25
3484 0 24
3485 0 25
3486 36 28
3487 36 27
3488 2 25
3489 9 44
3490 36 28
3491 9 43
3492 9 44
3493 3 25
3494 2 25
3495 36 27
3496 9 43
3497 3 25
3498 0 24
3499 9 44
3500 36 28
3501 9 43
3502 2 25
3503 8 43
3504 9 43
3505 0 25
3506 0 24
3507 3 25
3508 8 43
3509 36 27
3510 2 25
3511 3 25
3512 9 43
3513 36 28
3514 8 43
3515 2 25
3516 9 43
3517 8 42
3518 9 44
3519 36 27
3520 36 28
3521 0 25
3522 8 43
3523 9 43
3524 3 25
3525 8 42
3526 0 24
3527 0 25
3528 2 25
3529 0 24
3530 3 25
3531 2 25
3532 36 27
3533 3 25
3534 0 25
3535 2 25
3536 8 43
3537 36 28
3538 0 24
3539 36 27
3540 0 25
3541 36 28
3542 8 42
3543 0 24
3544 9 44
3545 36 27
3546 36 28
3547 3 25
3548 0 25
3549 2 25
3550 8 43
3551 36 27
3552 0 24
3553 9 43
3554 36 28
3555 3 25
3556 2 25
3557 0 25
3558 0 24
3559 8 44
3560 9 44
3561 9 43
3562 9 44
3563 36 27
3564 3 25
3565 9 43
3566 9 44
3567 2 25
3568 36 28
3569 8 44
3570 9 44
3571 8 43
3572 9 43
3573 9 44
3574 36 27
3575 9 43
3576 8 42
3577 3 25
3578 2 25
3579 36 28
3580 36 27
3581 36 28
3582 0 25
3583 3 25
3584 0 24
3585 9 44
3586 9 43
3587 36 27
3588 0 25
3589 2 25
3590 0 24
3591 0 25
3592 9 44
3593 0 24
3594 0 25
3595 36 28
3596 8 43
3597 3 25
3598 36 27
3599 9 43
3600 0 24
3601 9 44
3602 0 25
3603 36 28
3604 2 25
3605 0 24
3606 3 25
3607 36 27
3608 9 43
3609 0 25
3610 2 25
3611 8 44
3612 9 44
3613 9 43
3614 9 44
3615 8 44
3616 9 44
3617 8 43
3618 36 28
3619 9 43
3620 3 25
3621 8 44
3622 0 24
3623 36 27
3624 9 44
3625 36 28
3626 36 27
3627 2 25
3628 36 28
3629 0 25
3630 3 25
3631 2 25
3632 36 27
3633 0 24
3634 9 43
3635 36 28
3636 9 44
3637 8 44
3638 9 44
3639 8 43
3640 36 27
3641 9 43
3642 8 42
3643 9 44
3644 0 25
3645 3 25
3646 2 25
3647 8 43
3648 3 25
3649 0 24
3650 0 25
3651 0 24
3652 9 43
3653 8 44
3654 9 44
3655 2 25
3656 9 43
3657 9 44
3658 0 25
3659 9 43
3660 3 25
3661 9 44
3662 8 44
3663 2 25
3664 9 44
3665 3 25
3666 0 24
3667 8 43
3668 0 25
3669 9 43
3670 2 25
3671 3 25
3672 8 42
3673 8 43
3674 36 28
3675 2 25
3676 3 25
3677 9 44
3678 9 43
3679 2 25
3680 9 44
3681 0 24
3682 9 43
3683 0 25
3684 36 27
3685 8 44
3686 3 25
3687 9 44
3688 36 28
3689 36 27
3690 36 28
3691 2 25
3692 8 44
3693 0 24
3694 9 44
3695 8 43
3696 9 43
3697 0 25
3698 8 44
3699 36 27
3700 3 25
3701 9 44
3702 8 43
3703 0 24
3704 36 28
3705 9 43
3706 8 43
3707 9 43
3708 8 43
3709 0 25
3710 0 24
3711 2 25
3712 0 25
3713 0 24
3714 9 43
3715 8 43
3716 36 27
3717 9 43
3718 0 25
3719 8 44
3720 9 44
3721 9 43
3722 0 24
3723 3 25
3724 2 25
3725 0 25
3726 3 25
3727 36 28
3728 9 44
3729 2 25
3730 8 44
3731 0 24
3732 9 44
3733 8 44
3734 3 25
3735 9 44
3736 0 25
3737 2 25
3738 3 25
3739 2 25
3740 8 43
3741 3 25
3742 9 43
3743 9 44
3744 36 27
3745 36 28
3746 36 27
3747 9 43
3748 0 24
3749 0 25
3750 2 25
3751 3 25
3752 0 24
3753 36 28
3754 8 43
3755 2 25
3756 3 25
3757 9 43
3758 8 44
3759 9 44
3760 36 27
3761 0 25
3762 36 28
3763 8 43
3764 0 24
3765 0 25
3766 2 25
3767 9 43
3768 36 27
3769 8 43
3770 9 43
3771 0 24
3772 8 42
3773 0 25
3774 0 24
3775 0 25
3776 36 28
3777 9 44
3778 0 24
3779 8 43
3780 9 43
3781 8 42
3782 36 27
3783 3 25
3784 0 25
3785 9 44
3786 8 43
3787 0 24
3788 9 43
3789 2 25
3790 36 28
3791 3 25
3792 0 25
3793 8 42
3794 9 44
3795 8 43
3796 9 43
3797 2 25
3798 36 27
3799 3 25
3800 8 44
3801 36 28
3802 0 24
3803 2 25
3804 3 25
3805 0 25
3806 9 44
3807 2 25
3808 36 27
3809 36 28
3810 36 27
3811 8 44
3812 9 44
3813 0 24
3814 8 44
3815 9 44
3816 8 43
3817 0 25
3818 9 43
3819 9 44
3820 0 24
3821 0 25
3822 9 43
3823 3 25
3824 2 25
3825 8 42
3826 0 24
3827 3 25
3828 0 25
3829 2 25
3830 9 44
3831 8 43
3832 9 43
3833 0 24
3834 8 44
3835 9 44
3836 8 44
3837 36 28
3838 36 27
3839 3 25
3840 0 25
3841 36 28
3842 9 44
3843 36 27
3844 0 24
3845 0 25
3846 0 24
3847 0 25
3848 36 28
3849 36 27
3850 8 43
3851 0 24
3852 9 43
3853 8 43
3854 9 43
3855 0 25
3856 8 44
3857 36 28
3858 0 24
3859 2 25
3860 36 27
3861 9 44
3862 36 28
3863 36 27
3864 8 43
3865 9 43
3866 36 28
3867 8 44
3868 3 25
3869 9 44
3870 0 25
3871 9 43
3872 36 27
3873 2 25
3874 9 44
3875 9 43
3876 0 24
3877 9 44
3878 3 25
3879 0 25
3880 9 43
3881 9 44
3882 2 25
3883 3 25
3884 9 43
3885 9 44
3886 0 24
3887 0 25
3888 0 24
3889 8 44
3890 9 44
3891 0 25
3892 36 28
3893 8 43
3894 0 24
3895 2 25
3896 36 27
3897 9 43
3898 3 25
3899 8 44
3900 9 44
3901 8 44
3902 2 25
3903 36 28
3904 3 25
3905 9 44
3906 2 25
3907 3 25
3908 0 25
3909 9 43
3910 2 25
3911 3 25
3912 9 44
3913 8 44
3914 9 44
3915 36 27
3916 9 43
3917 0 24
3918 2 25
3919 3 25
3920 0 25
3921 9 44
3922 9 43
3923 0 24
3924 9 44
3925 36 28
3926 36 27
3927 8 43
3928 9 43
3929 8 44
3930 2 25
3931 36 28
3932 9 44
3933 8 43
3934 9 43
3935 8 44
3936 0 25
3937 0 24
3938 9 44
3939 0 25
3940 8 43
3941 9 43
3942 3 25
3943 9 44
3944 9 43
3945 8 43
3946 9 43
3947 9 44
3948 0 24
3949 36 27
3950 0 25
3951 0 24
3952 0 25
3953 2 25
3954 0 24
3955 3 25
3956 0 25
3957 0 24
3958 9 43
3959 0 25
3960 36 28
3961 8 44
3962 0 24
3963 0 25
3964 2 25
3965 0 24
3966 9 44
3967 8 44
3968 3 25
3969 0 25
3970 9 44
3971 36 27
3972 9 43
3973 9 44
3974 9 43
3975 9 44
3976 36 28
3977 8 43
3978 9 43
3979 2 25
3980 0 24
3981 9 44
3982 0 25
3983 3 25
3984 9 43
3985 2 25
3986 36 27
3987 3 25
3988 8 42
3989 36 28
3990 2 25
3991 9 44
3992 0 24
3993 8 43
3994 9 43
3995 8 42
3996 8 43
3997 36 27
3998 3 25
3999 9 44
4000 9 43
4001 36 28
4002 8 42
4003 8 43
4004 2 25
4005 8 42
4006 8 43
4007 3 25
4008 8 42
4009 8 43
4010 0 25
4011 36 27
4012 9 44
4013 0 24
4014 0 25
4015 2 25
4016 0 24
4017 3 25
4018 9 43
4019 36 28
4020 8 43
4021 2 25
4022 0 25
4023 36 27
4024 0 24
4025 9 43
4026 36 28
4027 0 25
4028 36 27
4029 0 24
4030 8 44
4031 9 44
4032 0 25
4033 3 25
4034 0 24
4035 8 43
4036 9 43
4037 8 44
4038 9 44
4039 0 25
4040 8 43
4041 9 43
4042 2 25
4043 8 43
4044 3 25
4045 9 43
4046 2 25
4047 36 28
4048 8 44
4049 36 27
4050 36 28
4051 9 44
4052 8 43
4053 9 43
4054 36 27
4055 9 44
4056 36 28
4057 3 25
4058 9 43
4059 2 25
4060 36 27
4061 0 24
4062 8 42
4063 9 44
4064 3 25
4065 36 28
4066 36 27
4067 36 28
4068 2 25
4069 3 25
4070 0 25
4071 2 25
4072 8 43
4073 36 27
4074 9 43
4075 8 44
4076 3 25
4077 9 44
4078 8 44
4079 9 44
4080 36 28
4081 36 27
4082 8 43
4083 9 43
4084 0 24
4085 2 25
4086 3 25
4087 8 44
4088 9 44
4089 0 25
4090 0 24
4091 2 25
4092 3 25
4093 2 25
4094 0 25
4095 36 28
4096 3 25
4097 8 43
4098 9 43
4099 0 24
4100 8 44
4101 2 25
4102 36 27
4103 9 44
4104 0 25
4105 8 44
4106 3 25
4107 2 25
4108 36 28
4109 0 24
4110 3 25
4111 36 27
4112 36 28
4113 9 44
4114 9 43
4115 2 25
4116 3 25
4117 36 27
4118 36 28
4119 9 44
4120 36 27
4121 8 43
4122 9 43
4123 36 28
4124 0 25
4125 0 24
4126 9 44
4127 9 43
4128 8 44
4129 0 25
4130 9 44
4131 8 43
4132 0 24
4133 0 25
4134 9 43
4135 2 25
4136 0 24
4137 3 25
4138 36 27
4139 8 44
4140 9 44
4141 8 43
4142 9 43
4143 0 25
4144 8 43
4145 0 24
4146 9 43
4147 8 42
4148 2 25
4149 8 43
4150 8 42
4151 0 25
4152 0 24
4153 0 25
4154 9 44
4155 9 43
4156 36 28
4157 8 43
4158 0 24
4159 36 27
4160 9 44
4161 0 25
4162 36 28
4163 9 43
4164 8 44
4165 9 44
4166 36 27
4167 3 25
4168 36 28
4169 8 43
4170 36 27
4171 9 43
4172 0 24
4173 0 25
4174 0 24
4175 8 44
4176 9 44
4177 2 25
4178 9 43
4179 9 44
4180 8 44
4181 36 28
4182 3 25
4183 9 44
4184 36 27
4185 36 28
4186 8 43
4187 2 25
4188 9 43
4189 3 25
4190 36 27
4191 36 28
4192 0 25
4193 36 27
4194 8 44
4195 9 44
4196 0 24
4197 0 25
4198 8 44
4199 0 24
4200 0 25
4201 9 44
4202 8 43
4203 0 24
4204 2 25
4205 3 25
4206 9 43
4207 0 25
4208 8 44
4209 0 24
4210 9 44
4211 0 25
4212 2 25
4213 8 43
4214 3 25
4215 0 24
4216 36 28
4217 9 43
4218 8 44
4219 9 44
4220 8 43
4221 2 25
4222 0 25
4223 9 43
4224 8 42
4225 3 25
4226 9 44
4227 8 43
4228 0 24
4229 2 25
4230 36 27
4231 36 28
4232 9 43
4233 9 44
4234 9 43
4235 8 44
4236 9 44
4237 8 43
4238 3 25
4239 9 43
4240 8 43
4241 9 43
4242 2 25
4243 8 43
4244 9 43
4245 0 25
4246 3 25
4247 36 27
4248 36 28
4249 8 42
4250 9 44
4251 9 43
4252 8 43
4253 9 44
4254 9 43
4255 8 44
4256 0 24
4257 0 25
4258 36 27
4259 2 25
4260 3 25
4261 9 44
4262 0 24
4263 36 28
4264 8 43
4265 0 25
4266 9 43
4267 36 27
4268 2 25
4269 0 24
4270 3 25
4271 0 25
4272 36 28
4273 36 27
4274 8 43
4275 9 43
4276 0 24
4277 0 25
4278 36 28
4279 0 24
4280 2 25
4281 9 44
4282 0 25
4283 0 24
4284 9 43
4285 0 25
4286 3 25
4287 8 43
4288 9 43
4289 2 25
4290 0 24
4291 8 42
4292 0 25
4293 3 25
4294 36 27
4295 36 28
4296 2 25
4297 8 43
4298 0 24
4299 36 27
4300 36 28
4301 3 25
4302 36 27
4303 8 42
4304 0 25
4305 36 28
4306 36 27
4307 36 28
4308 0 24
4309 36 27
4310 9 44
4311 2 25
4312 8 43
4313 9 43
4314 8 43
4315 3 25
4316 0 25
4317 2 25
4318 36 28
4319 0 24
4320 9 43
4321 8 42
4322 0 25
4323 36 27
4324 3 25
4325 8 43
4326 8 42
4327 0 24
4328 9 44
4329 9 43
4330 2 25
4331 36 28
4332 8 43
4333 3 25
4334 0 25
4335 2 25
4336 9 44
4337 0 24
4338 9 43
4339 8 44
4340 0 25
4341 36 27
4342 9 44
4343 3 25
4344 8 43
4345 0 24
4346 2 25
4347 3 25
4348 2 25
4349 9 43
4350 8 42
4351 9 44
4352 0 25
4353 3 25
4354 36 28
4355 36 27
4356 0 24
4357 36 28
4358 2 25
4359 9 43
4360 0 25
4361 9 44
4362 8 43
4363 9 43
4364 8 43
4365 36 27
4366 9 43
4367 3 25
4368 0 24
4369 36 28
4370 0 25
4371 36 27
4372 2 25
4373 3 25
4374 2 25
4375 36 28
4376 0 24
4377 0 25
4378 0 24
4379 0 25
4380 3 25
4381 2 25
4382 0 24
4383 8 44
4384 3 25
4385 0 25
4386 0 24
4387 0 25
4388 0 24
4389 0 25
4390 2 25
4391 0 24
4392 36 27
4393 0 25
4394 9 44
4395 9 43
4396 36 28
4397 9 44
4398 3 25
4399 8 43
4400 0 24
4401 0 25
4402 9 43
4403 8 43
4404 9 43
4405 0 24
4406 36 27
4407 0 25
4408 36 28
4409 36 27
4410 8 42
4411 2 25
4412 8 43
4413 9 44
4414 36 28
4415 36 27
4416 9 43
4417 3 25
4418 8 43
4419 36 28
4420 36 27
4421 36 28
4422 2 25
4423 9 43
4424 3 25
4425 0 24
4426 2 25
4427 0 25
4428 8 43
4429 36 27
4430 9 43
4431 9 44
4432 9 43
4433 0 24
4434 9 44
4435 3 25
4436 0 25
4437 0 24
4438 36 28
4439 9 43
4440 0 25
4441 8 44
4442 2 25
4443 9 44
4444 36 27
4445 36 28
4446 0 24
4447 36 27
4448 9 43
4449 3 25
4450 0 25
4451 2 25
4452 9 44
4453 9 43
4454 3 25
4455 9 44
4456 8 43
4457 0 24
4458 2 25
4459 0 25
4460 36 28
4461 9 43
4462 8 44
4463 3 25
4464 9 44
4465 2 25
4466 8 43
4467 36 27
4468 3 25
4469 9 43
4470 0 24
4471 2 25
4472 3 25
4473 8 44
4474 36 28
4475 9 44
4476 0 25
4477 36 27
4478 8 43
4479 36 28
4480 0 24
4481 9 43
4482 36 27
4483 36 28
4484 36 27
4485 2 25
4486 0 25
4487 36 28
4488 0 24
4489 36 27
4490 3 25
4491 0 25
4492 0 24
4493 9 44
4494 0 25
4495 9 43
4496 2 25
4497 36 28
4498 8 44
4499 9 44
4500 9 43
4501 0 24
4502 0 25
4503 3 25
4504 9 44
4505 36 27
4506 8 43
4507 9 43
4508 9 44
4509 9 43
4510 36 28
4511 8 42
4512 8 43
4513 36 27
4514 36 28
4515 0 24
4516 9 44
4517 2 25
4518 3 25
4519 36 27
4520 9 43
4521 8 44
4522 36 28
4523 36 27
4524 0 25
4525 0 24
4526 9 44
4527 36 28
4528 8 43
4529 9 43
4530 2 25
4531 0 25
4532 0 24
4533 3 25
4534 2 25
4535 8 42
4536 8 43
4537 3 25
4538 2 25
4539 8 42
4540 3 25
4541 0 25
4542 0 24
4543 8 43
4544 9 44
4545 36 27
4546 9 43
4547 36 28
4548 2 25
4549 3 25
4550 36 27
4551 8 42
4552 9 44
4553 0 25
4554 9 43
4555 9 44
4556 36 28
4557 0 24
4558 36 27
4559 8 43
4560 9 43
4561 0 25
4562 36 28
4563 36 27
4564 36 28
4565 8 42
4566 36 27
4567 36 28
4568 36 27
4569 2 25
4570 36 28
4571 0 24
4572 3 25
4573 2 25
4574 9 44
4575 9 43
4576 9 44
4577 9 43
4578 9 44
4579 3 25
4580 0 25
4581 8 43
4582 0 24
4583 0 25
4584 0 24
4585 36 27
4586 9 43
4587 8 42
4588 9 44
4589 36 28
4590 9 43
4591 8 43
4592 8 42
4593 2 25
4594 0 25
4595 36 27
4596 3 25
4597 9 44
4598 36 28
4599 36 27
4600 0 24
4601 36 28
4602 0 25
4603 8 43
4604 2 25
4605 0 24
4606 9 43
4607 8 44
4608 0 25
4609 3 25
4610 9 44
4611 0 24
4612 8 43
4613 36 27
4614 9 43
4615 0 25
4616 9 44
4617 9 43
4618 8 42
4619 0 24
4620 9 44
4621 9 43
4622 9 44
4623 2 25
4624 36 28
4625 0 25
4626 3 25
4627 2 25
4628 8 43
4629 36 27
4630 0 24
4631 3 25
4632 0 25
4633 9 43
4634 0 24
4635 9 44
4636 9 43
4637 9 44
4638 0 25
4639 9 43
4640 0 24
4641 2 25
4642 0 25
4643 3 25
4644 36 28
4645 0 24
4646 8 42
4647 2 25
4648 3 25
4649 2 25
4650 36 27
4651 8 43
4652 36 28
4653 9 44
4654 9 43
4655 8 44
4656 36 27
4657 0 25
4658 3 25
4659 36 28
4660 0 24
4661 2 25
4662 3 25
4663 36 27
4664 2 25
4665 9 44
4666 3 25
4667 0 25
4668 0 24
4669 9 43
4670 2 25
4671 3 25
4672 9 44
4673 2 25
4674 36 28
4675 9 43
4676 3 25
4677 2 25
4678 36 27
4679 9 44
4680 8 43
4681 3 25
4682 0 25
4683 9 43
4684 2 25
4685 3 25
4686 0 24
4687 0 25
4688 0 24
4689 8 42
4690 0 25
4691 36 28
4692 8 43
4693 0 24
4694 0 25
4695 2 25
4696 0 24
4697 8 42
4698 3 25
4699 8 43
4700 0 25
4701 2 25
4702 0 24
4703 36 27
4704 0 25
4705 36 28
4706 36 27
4707 36 28
4708 8 42
4709 9 44
4710 36 27
4711 9 43
4712 9 44
4713 9 43
4714 9 44
4715 0 24
4716 0 25
4717 8 43
4718 36 28
4719 9 43
4720 3 25
4721 0 24
4722 8 42
4723 9 44
4724 8 43
4725 0 25
4726 9 43
4727 2 25
4728 8 44
4729 9 44
4730 3 25
4731 0 24
4732 36 27
4733 2 25
4734 36 28
4735 36 27
4736 36 28
4737 9 43
4738 0 25
4739 0 24
4740 9 44
4741 36 27
4742 0 25
4743 8 44
4744 0 24
4745 9 44
4746 0 25
4747 8 44
4748 9 44
4749 8 43
4750 0 24
4751 3 25
4752 9 43
4753 36 28
4754 2 25
4755 0 25
4756 0 24
4757 9 44
4758 3 25
4759 9 43
4760 0 25
4761 0 24
4762 2 25
4763 0 25
4764 3 25
4765 0 24
4766 36 27
4767 0 25
4768 36 28
4769 0 24
4770 2 25
4771 0 25
4772 0 24
4773 36 27
4774 36 28
4775 8 44
4776 36 27
4777 36 28
4778 3 25
4779 36 27
4780 9 44
4781 0 25
4782 2 25
4783 8 43
4784 9 43
4785 8 44
4786 36 28
4787 36 27
4788 36 28
4789 3 25
4790 9 44
4791 8 44
4792 0 24
4793 36 27
4794 0 25
4795 0 24
4796 9 44
4797 2 25
4798 36 28
4799 3 25
4800 9 43
4801 9 44
4802 0 25
4803 8 43
4804 0 24
4805 2 25
4806 36 27
4807 3 25
4808 0 25
4809 0 24
4810 36 28
4811 0 25
4812 9 43
4813 2 25
4814 9 44
4815 0 24
4816 36 27
4817 36 28
4818 0 25
4819 0 24
4820 9 43
4821 8 43
4822 0 25
4823 0 24
4824 3 25
4825 9 43
4826 2 25
4827 9 44
4828 36 27
4829 9 43
4830 8 44
4831 36 28
4832 9 44
4833 3 25
4834 9 43
4835 9 44
4836 36 27
4837 36 28
4838 36 27
4839 36 28
4840 0 25
4841 0 24
4842 0 25
4843 36 27
4844 36 28
4845 8 43
4846 9 43
4847 8 42
4848 2 25
4849 36 27
4850 3 25
4851 9 44
4852 8 43
4853 2 25
4854 3 25
4855 0 24
4856 0 25
4857 9 43
4858 0 24
4859 2 25
4860 36 28
4861 36 27
4862 0 25
4863 9 44
4864 3 25
4865 36 28
4866 9 43
4867 0 24
4868 2 25
4869 0 25
4870 8 43
4871 9 43
4872 8 44
4873 3 25
4874 2 25
4875 3 25
4876 2 25
4877 0 24
4878 9 44
4879 8 43
4880 0 25
4881 9 43
4882 8 43
4883 9 43
4884 0 24
4885 0 25
4886 0 24
4887 8 44
4888 3 25
4889 9 44
4890 8 43
4891 0 25
4892 9 43
4893 8 43
4894 0 24
4895 9 43
4896 36 27
4897 36 28
4898 8 43
4899 9 43
4900 8 43
4901 36 27
4902 9 43
4903 2 25
4904 3 25
4905 2 25
4906 0 25
4907 3 25
4908 36 28
4909 9 44
4910 36 27
4911 36 28
4912 0 24
4913 9 43
4914 0 25
4915 8 43
4916 9 43
4917 2 25
4918 3 25
4919 0 24
4920 2 25
4921 9 44
4922 9 43
4923 36 27
4924 0 25
4925 9 44
4926 9 43
4927 0 24
4928 8 42
4929 3 25
4930 2 25
4931 9 44
4932 3 25
4933 9 43
4934 0 25
4935 0 24
4936 9 44
4937 9 43
4938 9 44
4939 8 43
4940 2 25
4941 36 28
4942 9 43
4943 0 25
4944 8 42
4945 8 43
4946 0 24
4947 8 42
4948 9 44
4949 36 27
4950 9 43
4951 36 28
4952 3 25
4953 36 27
4954 8 43
4955 2 25
4956 9 44
4957 9 43
4958 36 28
4959 36 27
4960 36 28
4961 0 25
4962 3 25
4963 36 27
4964 2 25
4965 8 42
4966 3 25
4967 8 43
4968 8 42
4969 9 44
4970 36 28
4971 2 25
4972 0 24
4973 9 43
4974 8 43
4975 8 42
4976 0 25
4977 9 44
4978 8 43
4979 9 43
4980 3 25
4981 2 25
4982 9 44
4983 9 43
4984 3 25
4985 8 42
4986 36 27
4987 2 25
4988 3 25
4989 0 24
4990 2 25
4991 9 44
4992 8 43
4993 9 43
4994 36 28
4995 36 27
4996 3 25
4997 9 44
4998 9 43
4999 36 28
5000 8 44
5001 36 27
5002 36 28
5003 36 27
5004 9 44
5005 36 28
5006 36 27
5007 0 25
5008 9 43
5009 36 28
5010 9 44
5011 8 43
5012 2 25
5013 0 24
5014 3 25
5015 2 25
5016 36 27
5017 0 25
5018 9 43
5019 0 24
5020 8 42
5021 0 25
5022 9 44
5023 3 25
5024 2 25
5025 36 28
5026 9 43
5027 8 43
5028 36 27
5029 8 42
5030 36 28
5031 9 44
5032 9 43
5033 0 24
5034 8 43
5035 36 27
5036 9 44
5037 3 25
5038 9 43
5039 0 25
5040 36 28
5041 0 24
5042 2 25
5043 8 44
5044 9 44
5045 0 25
5046 8 44
5047 0 24
5048 9 44
5049 8 43
5050 9 43
5051 8 43
5052 9 43
5053 8 43
5054 36 27
5055 9 43
5056 0 25
5057 0 24
5058 36 28
5059 8 44
5060 9 44
5061 36 27
5062 0 25
5063 8 44
5064 3 25
5065 9 44
5066 9 43
5067 2 25
5068 9 44
5069 8 43
5070 36 28
5071 9 43
5072 3 25
5073 9 44
5074 0 24
5075 9 43
5076 0 25
5077 36 27
5078 36 28
5079 9 44
5080 2 25
5081 0 24
5082 36 27
5083 9 43
5084 3 25
5085 8 42
5086 8 43
5087 0 25
5088 36 28
5089 36 27
5090 9 44
5091 36 28
5092 2 25
5093 9 43
5094 8 43
5095 0 24
5096 9 43
5097 9 44
5098 3 25
5099 2 25
5100 36 27
5101 9 43
5102 36 28
5103 8 43
5104 3 25
5105 36 27
5106 36 28
5107 9 43
5108 2 25
5109 0 25
5110 36 27
5111 9 44
5112 9 43
5113 8 42
5114 0 24
5115 36 28
5116 3 25
5117 9 44
5118 9 43
5119 0 25
5120 2 25
5121 8 43
5122 3 25
5123 9 44
5124 9 43
5125 2 25
5126 0 24
5127 9 44
5128 9 43
5129 8 42
5130 3 25
5131 0 25
5132 36 27
5133 2 25
5134 36 28
5135 9 44
5136 0 24
5137 0 25
5138 8 43
5139 3 25
5140 9 43
5141 2 25
5142 36 27
5143 3 25
5144 0 24
5145 36 28
5146 8 42
5147 9 44
5148 2 25
5149 3 25
5150 0 25
5151 9 43
5152 8 43
5153 2 25
5154 8 42
5155 3 25
5156 9 44
5157 0 24
5158 36 27
5159 2 25
5160 8 43
5161 0 25
5162 0 24
5163 0 25
5164 9 43
5165 8 44
5166 0 24
5167 3 25
5168 0 25
5169 0 24
5170 36 28
5171 2 25
5172 0 25
5173 36 27
5174 0 24
5175 9 44
5176 0 25
5177 0 24
5178 3 25
5179 2 25
5180 8 44
5181 36 28
5182 0 25
5183 36 27
5184 9 44
5185 8 43
5186 0 24
5187 9 43
5188 36 28
5189 8 44
5190 9 44
5191 3 25
5192 36 27
5193 9 43
5194 36 28
5195 9 44
5196 2 25
5197 8 43
5198 9 43
5199 8 44
5200 9 44
5201 9 43
5202 3 25
5203 9 44
5204 8 44
5205 9 44
5206 2 25
5207 9 43
5208 9 44
5209 9 43
5210 36 27
5211 3 25
5212 9 44
5213 8 44
5214 2 25
5215 9 44
5216 36 28
5217 0 25
5218 36 27
5219 36 28
5220 3 25
5221 2 25
5222 36 27
5223 8 43
5224 0 24
5225 9 43
5226 8 44
5227 0 25
5228 3 25
5229 36 28
5230 9 44
5231 0 24
5232 2 25
5233 0 25
5234 8 44
5235 9 44
5236 0 24
5237 9 43
5238 3 25
5239 0 25
5240 0 24
5241 9 44
5242 8 43
5243 36 27
5244 36 28
5245 36 27
5246 2 25
5247 9 43
5248 36 28
5249 36 27
5250 8 42
5251 3 25
5252 36 28
5253 36 27
5254 0 25
5255 0 24
5256 9 44
5257 0 25
5258 0 24
5259 2 25
5260 0 25
5261 36 28
5262 3 25
5263 9 43
5264 8 43
5265 36 27
5266 0 24
5267 8 42
5268 0 25
5269 9 44
5270 8 43
5271 0 24
5272 2 25
5273 3 25
5274 2 25
5275 9 43
5276 8 42
5277 8 43
5278 0 25
5279 0 24
5280 0 25
5281 36 28
5282 8 42
5283 3 25
5284 36 27
5285 8 43
5286 8 42
5287 9 44
5288 8 43
5289 9 43
5290 0 24
5291 36 28
5292 8 42
5293 0 25
5294 8 43
5295 8 42
5296 36 27
5297 36 28
5298 2 25
5299 0 24
5300 3 25
5301 36 27
5302 9 44
5303 0 25
5304 2 25
5305 9 43
5306 3 25
5307 2 25
5308 36 28
5309 36 27
5310 8 43
5311 0 24
5312 3 25
5313 0 25
5314 0 24
5315 9 44
5316 36 28
5317 9 43
5318 8 42
5319 2 25
5320 0 25
5321 9 44
5322 36 27
5323 36 28
5324 3 25
5325 0 24
5326 0 25
5327 8 43
5328 0 24
5329 9 43
5330 2 25
5331 0 25
5332 0 24
5333 8 43
5334 3 25
5335 9 43
5336 2 25
5337 3 25
5338 0 25
5339 8 42
5340 36 27
5341 36 28
5342 8 43
5343 2 25
5344 9 44
5345 9 43
5346 8 44
5347 3 25
5348 9 44
5349 8 43
5350 36 27
5351 2 25
5352 0 24
5353 9 43
5354 8 42
5355 0 25
5356 8 43
5357 0 24
5358 3 25
5359 9 44
5360 9 43
5361 0 25
5362 36 28
5363 2 25
5364 8 42
5365 36 27
5366 3 25
5367 0 24
5368 0 25
5369 9 44
5370 36 28
5371 9 43
5372 8 43
5373 8 42
5374 8 43
5375 36 27
5376 36 28
5377 8 42
5378 0 24
5379 9 44
5380 9 43
5381 9 44
5382 8 43
5383 36 27
5384 9 43
5385 36 28
5386 36 27
5387 9 44
5388 9 43
5389 9 44
5390 2 25
5391 9 43
5392 0 25
5393 0 24
5394 8 43
5395 9 43
5396 9 44
5397 3 25
5398 9 43
5399 8 43
5400 2 25
5401 9 43
5402 9 44
5403 0 25
5404 0 24
5405 9 43
5406 0 25
5407 0 24
5408 36 28
5409 9 44
5410 0 25
5411 9 43
5412 0 24
5413 8 42
5414 8 43
5415 3 25
5416 9 44
5417 0 25
5418 0 24
5419 9 43
5420 2 25
5421 8 43
5422 3 25
5423 2 25
5424 9 43
5425 8 42
5426 9 44
5427 0 25
5428 8 43
5429 0 24
5430 36 27
5431 9 43
5432 3 25
5433 8 43
5434 0 25
5435 2 25
5436 9 43
5437 0 24
5438 36 28
5439 0 25
5440 3 25
5441 2 25
5442 8 42
5443 0 24
5444 9 44
5445 9 43
5446 8 43
5447 3 25
5448 2 25
5449 8 42
5450 0 25
5451 3 25
5452 9 44
5453 0 24
5454 9 43
5455 0 25
5456 9 44
5457 2 25
5458 3 25
5459 9 43
5460 9 44
5461 9 43
5462 8 43
5463 9 44
5464 36 27
5465 36 28
5466 36 27
5467 9 43
5468 0 24
5469 36 28
5470 8 43
5471 36 27
5472 36 28
5473 9 43
5474 8 42
5475 2 25
5476 9 44
5477 36 27
5478 3 25
5479 8 43
5480 2 25
5481 9 43
5482 36 28
5483 36 27
5484 36 28
5485 0 25
5486 8 42
5487 8 43
5488 3 25
5489 9 44
5490 9 43
5491 8 43
5492 9 43
5493 8 44
5494 2 25
5495 3 25
5496 9 44
5497 8 43
5498 2 25
5499 9 43
5500 3 25
5501 36 27
5502 36 28
5503 2 25
5504 36 27
5505 9 44
5506 3 25
5507 2 25
5508 3 25
5509 0 24
5510 2 25
5511 0 25
5512 0 24
5513 3 25
5514 9 43
5515 8 42
5516 36 28
5517 9 44
5518 9 43
5519 2 25
5520 3 25
5521 9 44
5522 0 25
5523 8 43
5524 0 24
5525 9 43
5526 0 25
5527 0 24
5528 0 25
5529 0 24
5530 36 27
5531 36 28
5532 9 44
5533 9 43
5534 8 42
5535 36 27
5536 8 43
5537 8 42
5538 8 43
5539 9 44
5540 0 25
5541 9 43
5542 8 42
5543 0 24
5544 2 25
5545 9 44
5546 3 25
5547 9 43
5548 8 43
5549 8 42
5550 36 28
5551 9 44
5552 36 27
5553 36 28
5554 2 25
5555 9 43
5556 0 25
5557 9 44
5558 36 27
5559 8 43
5560 0 24
5561 3 25
5562 9 43
5563 9 44
5564 36 28
5565 9 43
5566 8 43
5567 0 25
5568 2 25
5569 3 25
5570 9 43
5571 36 27
5572 8 42
5573 8 43
5574 8 42
5575 2 25
5576 3 25
5577 9 44
5578 2 25
5579 36 28
5580 3 25
5581 9 43
5582 9 44
5583 0 24
5584 0 25
5585 36 27
5586 0 24
5587 0 25
5588 36 28
5589 36 27
5590 36 28
5591 8 43
5592 36 27
5593 9 43
5594 2 25
5595 8 44
5596 0 24
5597 0 25
5598 9 44
5599 0 24
5600 9 43
5601 3 25
5602 9 44
5603 36 28
5604 0 25
5605 36 27
5606 2 25
5607 8 44
5608 36 28
5609 3 25
5610 36 27
5611 36 28
5612 9 44
5613 8 43
5614 9 43
5615 8 43
5616 9 43
5617 8 42
5618 2 25
5619 36 27
5620 36 28
5621 0 24
5622 36 27
5623 0 25
5624 8 43
5625 9 44
5626 36 28
5627 36 27
5628 9 43
5629 3 25
5630 0 24
5631 2 25
5632 3 25
5633 36 28
5634 0 25
5635 0 24
5636 0 25
5637 0 24
5638 8 43
5639 9 43
5640 9 44
5641 2 25
5642 0 25
5643 0 24
5644 3 25
5645 0 25
5646 9 43
5647 0 24
5648 8 43
5649 2 25
5650 3 25
5651 9 43
5652 0 25
5653 8 44
5654 36 27
5655 0 24
5656 9 44
5657 8 43
5658 0 25
5659 9 43
5660 36 28
5661 36 27
5662 9 44
5663 0 24
5664 36 28
5665 2 25
5666 36 27
5667 0 25
5668 9 43
5669 0 24
5670 9 44
5671 9 43
5672 8 44
5673 9 44
5674 0 25
5675 8 43
5676 9 43
5677 0 24
5678 3 25
5679 2 25
5680 0 25
5681 3 25
5682 8 43
5683 36 28
5684 0 24
5685 0 25
5686 36 27
5687 9 43
5688 2 25
5689 8 43
5690 9 43
5691 3 25
5692 0 24
5693 8 42
5694 2 25
5695 9 44
5696 36 28
5697 9 43
5698 3 25
5699 9 44
5700 2 25
5701 8 43
5702 0 25
5703 9 43
5704 3 25
5705 9 44
5706 0 24
5707 9 43
5708 0 25
5709 9 44
5710 36 27
5711 36 28
5712 2 25
5713 9 43
5714 0 24
5715 0 25
5716 0 24
5717 8 43
5718 36 27
5719 9 43
5720 8 43
5721 0 25
5722 9 43
5723 3 25
5724 8 44
5725 0 24
5726 9 44
5727 0 25
5728 0 24
5729 0 25
5730 2 25
5731 9 43
5732 9 44
5733 36 28
5734 36 27
5735 3 25
5736 8 43
5737 36 28
5738 9 43
5739 36 27
5740 2 25
5741 36 28
5742 0 24
5743 36 27
5744 0 25
5745 3 25
5746 8 44
5747 2 25
5748 0 24
5749 36 28
5750 9 44
5751 0 25
5752 8 43
5753 9 43
5754 9 44
5755 9 43
5756 36 27
5757 9 44
5758 9 43
5759 36 28
5760 36 27
5761 8 42
5762 36 28
5763 9 44
5764 9 43
5765 9 44
5766 8 43
5767 0 24
5768 3 25
5769 0 25
5770 9 43
5771 2 25
5772 3 25
5773 8 42
5774 9 44
5775 9 43
5776 2 25
5777 8 43
5778 9 44
5779 9 43
5780 3 25
5781 8 43
5782 9 43
5783 2 25
5784 36 27
5785 0 24
5786 8 42
5787 9 44
5788 3 25
5789 9 43
5790 36 28
5791 2 25
5792 0 25
5793 0 24
5794 8 43
5795 8 42
5796 9 44
5797 0 25
5798 0 24
5799 0 25
5800 8 43
5801 9 43
5802 36 27
5803 9 44
5804 9 43
5805 8 44
5806 36 28
5807 0 24
5808 3 25
5809 36 27
5810 36 28
5811 9 44
5812 9 43
5813 9 44
# colocadas=5814 ocupadas=5 mayor=6069
