0 16 3
1 27 56
2 34 45
3 10 7
4 8 57
5 40 9
6 49 4
7 60 39
8 31 60
9 9 63
10 33 1
11 14 41
12 54 13
13 20 46
14 45 15
15 25 7
16 1 34
17 14 40
18 14 41
19 60 31
20 28 19
21 28 20
22 28 19
23 59 0
24 40 63
25 57 42
26 19 26
27 25 4
28 20 13
29 49 13
30 15 36
31 40 13
32 38 47
33 35 16
34 53 13
35 54 13
36 60 38
37 60 39
38 13 41
39 14 41
40 37 31
41 3 52
42 36 54
43 24 7
44 38 46
45 2 52
46 60 40
47 18 26
48 60 39
49 25 7
50 16 4
51 33 2
52 16 3
53 33 1
54 60 32
55 16 36
56 16 5
57 19 13
58 17 5
59 19 26
60 15 36
61 27 55
62 27 56
63 60 31
64 31 61
65 31 60
66 20 13
67 38 47
68 3 52
69 16 36
70 15 36
71 44 3
72 61 33
73 59 40
74 2 51
75 29 37
76 49 44
77 5 30
78 41 4
79 21 41
80 28 32
81 6 45
82 38 48
83 58 40
84 13 40
85 60 40
86 50 44
87 48 13
88 60 39
89 59 32
90 9 7
91 32 60
92 35 45
93 34 45
94 29 20
95 16 37
96 19 12
97 10 7
98 27 54
99 5 29
100 9 8
101 39 13
102 32 1
103 31 60
104 2 52
105 25 5
106 28 20
107 0 34
108 33 1
109 29 19
110 28 31
111 15 40
112 1 34
113 34 46
114 34 45
115 28 19
116 25 4
117 49 13
118 40 13
119 58 0
120 39 9
121 33 0
122 18 26
123 38 47
124 14 40
125 40 9
126 2 50
127 16 4
128 33 1
129 3 50
130 16 3
131 5 45
132 14 41
133 53 14
134 57 43
135 59 0
136 16 40
137 2 50
138 57 42
139 25 8
140 25 7
141 19 26
142 59 33
143 19 27
144 9 7
145 19 26
146 15 40
147 3 52
148 28 18
149 16 39
150 17 3
151 61 38
152 41 9
153 35 46
154 32 61
155 16 3
156 15 3
157 59 40
158 18 27
159 26 5
160 16 3
161 29 38
162 60 38
163 40 9
164 11 7
165 10 7
166 60 39
167 27 55
168 16 5
169 32 59
170 2 51
171 36 53
172 10 63
173 45 14
174 27 56
175 9 63
176 33 0
177 38 48
178 19 13
179 9 8
180 25 5
181 36 54
182 33 1
183 39 63
184 52 14
185 62 38
186 16 4
187 21 13
188 18 28
189 16 3
190 39 14
191 9 7
192 36 53
193 18 27
194 45 15
195 40 63
196 34 46
197 34 1
198 34 45
199 33 1
200 46 14
201 48 12
202 34 0
203 34 2
204 24 4
205 28 19
206 2 52
207 36 31
208 39 13
209 58 40
210 25 4
211 15 4
212 29 20
213 53 14
214 39 63
215 44 2
216 59 40
217 1 35
218 32 2
219 1 34
220 35 47
221 38 47
222 16 38
223 14 40
224 10 6
225 10 7
226 15 3
227 40 63
228 52 14
229 31 61
230 60 33
231 53 14
232 18 26
233 35 46
234 53 13
235 16 3
236 40 62
237 14 4
238 20 13
239 12 7
240 32 1
241 45 14
242 48 13
243 39 48
244 28 20
245 17 28
246 31 60
247 33 1
248 3 50
249 54 13
250 23 7
251 38 48
252 17 4
253 28 56
254 18 27
255 32 0
256 11 7
257 35 48
258 36 45
259 11 63
260 52 14
261 19 13
262 35 45
263 33 3
264 26 5
265 0 35
266 24 8
267 29 20
268 59 32
269 54 14
270 29 37
271 33 2
272 39 14
273 39 9
274 27 56
275 32 3
276 35 47
277 31 61
278 18 28
279 10 5
280 35 17
281 13 4
282 29 19
283 19 46
284 16 39
285 44 3
286 35 16
287 24 3
288 25 5
289 13 41
290 15 4
291 10 63
292 40 4
293 18 26
294 34 45
295 33 0
296 16 4
297 9 7
298 58 1
299 10 7
300 60 41
301 16 36
302 23 3
303 60 42
304 3 53
305 60 40
306 26 55
307 11 62
308 32 58
309 39 48
310 59 42
311 54 13
312 17 28
313 58 40
314 9 63
315 56 43
316 35 46
317 34 2
318 36 46
319 3 52
320 6 45
321 28 32
322 57 43
323 19 27
324 10 4
325 18 28
326 35 49
327 9 7
328 2 35
329 57 41
330 16 38
331 49 12
332 60 42
333 16 3
334 0 34
335 13 5
336 22 7
337 59 33
338 10 63
339 15 3
340 9 63
341 38 48
342 17 5
343 0 35
344 32 61
345 58 0
346 10 63
347 16 37
348 53 14
349 16 3
350 33 2
351 59 42
352 20 13
353 38 46
354 29 20
355 31 61
356 11 4
357 34 46
358 60 42
359 60 39
360 32 59
361 32 1
362 33 1
363 33 0
364 34 3
365 47 14
366 39 13
367 59 1
368 61 38
369 34 45
370 16 39
371 32 4
372 28 20
373 17 28
374 4 53
375 33 1
376 27 55
377 60 38
378 9 63
379 22 13
380 60 40
381 16 36
382 28 31
383 36 45
384 28 19
385 17 6
386 33 2
387 16 5
388 13 40
389 38 47
390 13 41
391 1 35
392 34 49
393 35 45
394 36 44
395 40 12
396 59 0
397 49 44
398 22 3
399 57 42
400 27 56
401 48 4
402 34 45
403 5 45
404 44 2
405 41 4
406 14 41
407 40 9
408 11 63
409 32 3
410 24 7
411 2 50
412 36 45
413 8 56
414 57 40
415 17 5
416 16 6
417 10 7
418 25 4
419 33 46
420 18 4
421 35 47
422 61 38
423 11 62
424 60 0
425 19 13
426 61 33
427 28 21
428 25 5
429 62 38
430 36 43
431 40 13
432 40 63
433 0 34
434 52 13
435 53 13
436 5 30
437 57 43
438 46 14
439 0 35
440 23 7
441 50 44
442 59 32
443 49 4
444 34 50
445 18 28
446 20 46
447 28 20
448 57 41
449 35 48
450 20 41
451 0 34
452 16 4
453 36 54
454 35 2
455 29 19
456 33 1
457 29 20
458 38 48
459 39 9
460 36 53
461 23 13
462 39 13
463 16 38
464 60 32
465 49 13
466 16 5
467 0 36
468 16 3
469 5 53
470 38 63
471 5 52
472 10 63
473 1 34
474 48 4
475 15 36
476 29 19
477 40 4
478 22 7
479 38 62
480 17 4
481 8 57
482 28 32
483 19 26
484 13 4
485 29 20
486 16 39
487 59 42
488 35 43
489 44 3
490 20 13
491 35 46
492 35 45
493 38 47
494 48 12
495 0 35
496 26 5
497 40 13
498 0 34
499 40 9
500 60 31
501 52 14
502 34 2
503 18 26
504 16 4
505 16 36
506 29 38
507 28 31
508 34 45
509 27 55
510 39 14
511 15 3
512 39 48
513 35 2
514 32 58
515 48 13
516 34 49
517 15 2
518 38 48
519 49 4
520 25 5
521 16 3
522 44 2
523 39 13
524 36 54
525 31 60
526 51 14
527 11 63
528 52 14
529 48 12
530 34 2
531 35 17
532 17 28
533 48 13
534 16 38
535 13 5
536 17 5
537 16 37
538 19 13
539 19 26
540 5 29
541 35 47
542 23 7
543 26 5
544 60 33
545 59 0
546 38 46
547 27 57
548 27 56
549 16 4
550 5 30
551 34 50
552 23 12
553 6 45
554 22 7
555 36 46
556 54 13
557 13 42
558 39 63
559 13 41
560 32 2
561 10 6
562 1 34
563 1 35
564 35 1
565 16 6
566 32 1
567 25 5
568 14 40
569 22 4
570 10 4
571 27 54
572 16 3
573 35 2
574 11 62
575 8 56
576 44 3
577 10 7
578 59 33
579 25 4
580 35 1
581 49 12
582 13 4
583 57 42
584 35 46
585 10 6
586 51 15
587 53 14
588 27 55
589 28 21
590 0 36
591 31 61
592 0 37
593 49 13
594 16 5
595 1 37
596 34 3
597 28 20
598 58 1
599 37 31
600 23 13
601 49 12
602 1 34
603 22 3
604 59 40
605 22 4
606 16 4
607 58 0
608 34 49
609 23 12
610 34 2
611 14 42
612 25 5
613 28 56
614 16 36
615 41 4
616 18 27
617 52 14
618 60 39
619 5 53
620 34 3
621 13 5
622 10 7
623 36 53
624 61 33
625 29 37
626 16 5
627 60 0
628 29 19
629 53 14
630 60 32
631 34 50
632 32 60
633 5 29
634 34 43
635 61 38
636 24 9
637 57 41
638 14 41
639 34 2
640 31 60
641 38 47
642 44 2
643 49 13
644 3 50
645 38 63
646 32 4
647 60 42
648 62 37
649 9 63
650 59 32
651 59 0
652 13 4
653 10 5
654 33 1
655 23 13
656 58 1
657 60 38
658 20 13
659 9 5
660 32 59
661 53 13
662 45 15
663 28 19
664 16 4
665 48 12
666 45 14
667 40 63
668 44 3
669 47 14
670 34 47
671 32 58
672 60 39
673 36 31
674 33 43
675 15 42
676 60 38
677 21 41
678 25 7
679 33 47
680 35 49
681 32 59
682 2 37
683 0 34
684 1 34
685 34 49
686 33 2
687 14 2
688 28 32
689 40 13
690 27 56
691 35 16
692 1 37
693 48 13
694 60 31
695 35 47
696 22 3
697 18 28
698 28 31
699 38 62
700 52 14
701 28 55
702 58 0
703 15 36
704 48 4
705 24 8
706 32 2
707 11 4
708 33 2
709 51 14
710 39 48
711 2 50
712 39 63
713 2 52
714 17 28
715 47 12
716 41 9
717 46 14
718 24 7
719 10 63
720 51 15
721 9 8
722 40 9
723 62 36
724 38 46
725 40 4
726 34 43
727 26 6
728 31 61
729 23 12
730 28 22
731 32 58
732 24 9
733 3 52
734 9 7
735 34 50
736 32 3
737 20 41
738 0 34
739 57 42
740 60 32
741 23 7
742 18 28
743 38 63
744 54 13
745 22 4
746 57 41
747 25 7
748 38 47
749 29 38
750 8 57
751 27 6
752 5 52
753 29 20
754 17 4
755 24 8
756 14 40
757 22 3
758 53 14
759 28 20
760 13 2
761 31 60
762 28 56
763 49 44
764 9 9
765 62 37
766 25 4
767 48 12
768 28 19
769 35 45
770 59 33
771 34 45
772 10 7
773 38 62
774 60 0
775 34 49
776 39 13
777 18 26
778 16 5
779 41 4
780 1 34
781 28 32
782 9 7
783 40 13
784 37 31
785 16 39
786 16 38
787 9 8
788 39 13
789 44 2
790 28 31
791 1 35
792 14 41
793 2 37
794 27 7
795 9 63
796 24 7
797 28 32
798 39 9
799 12 2
800 1 34
801 17 5
802 5 30
803 35 48
804 40 9
805 5 53
806 60 33
807 35 45
808 5 52
809 33 43
810 51 14
811 28 31
812 58 40
813 16 5
814 2 52
815 59 0
816 53 13
817 47 12
818 41 8
819 18 3
820 35 47
821 38 63
822 21 41
823 38 46
824 8 56
825 61 33
826 16 4
827 5 53
828 35 49
829 5 52
830 5 29
831 25 55
832 27 56
833 13 5
834 32 59
835 24 9
836 31 61
837 48 12
838 49 4
839 28 32
840 59 42
841 48 4
842 16 36
843 40 4
844 58 0
845 59 0
846 16 6
847 18 4
848 38 47
849 16 5
850 10 7
851 16 37
852 3 52
853 61 0
854 33 0
855 15 37
856 10 4
857 33 46
858 27 55
859 38 48
860 33 1
861 36 31
862 37 31
863 33 47
864 11 4
865 58 0
866 47 12
867 52 14
868 5 53
869 54 13
870 0 35
871 1 37
872 38 62
873 34 48
874 27 56
875 38 14
876 27 55
877 16 3
878 13 40
879 57 42
880 33 46
881 11 63
882 59 40
883 48 12
884 19 13
885 34 49
886 49 13
887 62 36
888 29 37
889 29 38
890 35 48
891 35 2
892 19 27
893 60 33
894 28 55
895 2 37
896 34 45
897 19 26
898 39 14
899 61 38
900 2 52
901 39 9
902 0 34
903 36 54
904 17 4
905 14 36
906 35 50
907 27 6
908 44 3
909 36 53
910 29 37
911 28 31
912 61 33
913 59 0
914 36 31
915 18 4
916 28 21
917 47 14
918 5 45
919 15 36
920 14 40
921 5 30
922 28 20
923 31 1
924 53 14
925 35 49
926 22 7
927 10 5
928 20 13
929 19 27
930 29 19
931 45 15
932 14 42
933 34 0
934 13 41
935 25 54
936 60 38
937 36 54
938 13 2
939 16 4
940 24 8
941 17 4
942 37 31
943 17 28
944 36 53
945 16 3
946 25 53
947 27 7
948 39 48
949 28 32
950 9 7
951 40 63
952 52 14
953 45 14
954 58 0
955 28 56
956 14 41
957 61 1
958 51 15
959 61 0
960 9 8
961 40 13
962 8 57
963 28 19
964 20 41
965 35 17
966 60 42
967 27 54
968 0 35
969 30 19
970 9 7
971 58 40
972 29 38
973 50 44
974 51 14
975 38 48
976 53 14
977 3 52
978 18 28
979 39 48
980 28 31
981 17 28
982 36 31
983 28 55
984 34 2
985 5 29
986 13 4
987 29 37
988 36 50
989 33 0
990 27 55
991 8 56
992 25 5
993 0 34
994 19 13
995 42 8
996 35 50
997 18 4
998 18 28
999 1 35
1000 38 46
1001 8 57
1002 17 28
1003 59 0
1004 30 18
1005 58 0
1006 39 13
1007 31 18
1008 38 14
1009 32 4
1010 2 52
1011 40 13
1012 28 32
1013 14 40
1014 19 46
1015 59 32
1016 33 47
1017 14 36
1018 14 41
1019 11 7
1020 6 45
1021 35 45
1022 34 43
1023 33 2
1024 36 54
1025 5 30
1026 48 13
1027 1 37
1028 33 43
1029 16 4
1030 20 46
1031 49 44
1032 10 7
1033 32 3
1034 25 7
1035 12 2
1036 32 1
1037 35 48
1038 60 33
1039 57 41
1040 38 63
1041 28 31
1042 9 7
1043 5 45
1044 38 47
1045 24 9
1046 19 26
1047 46 14
1048 38 62
1049 34 50
1050 59 42
1051 32 60
1052 11 62
1053 49 13
1054 34 2
1055 53 13
1056 38 48
1057 61 33
1058 59 33
1059 18 27
1060 16 5
1061 27 6
1062 34 45
1063 52 14
1064 40 9
1065 60 42
1066 28 20
1067 1 34
1068 19 4
1069 39 9
1070 34 43
1071 25 4
1072 35 45
1073 59 0
1074 33 46
1075 24 53
1076 5 52
1077 35 49
1078 30 18
1079 61 1
1080 31 60
1081 17 5
1082 40 9
1083 39 13
1084 23 13
1085 31 18
1086 0 35
1087 34 49
1088 59 42
1089 28 56
1090 13 2
1091 33 2
1092 33 1
1093 33 47
1094 24 8
1095 51 14
1096 13 5
1097 10 7
1098 23 7
1099 18 28
1100 28 19
1101 34 45
1102 35 16
1103 30 18
1104 31 4
1105 39 14
1106 57 42
1107 15 36
1108 10 63
1109 45 15
1110 16 37
1111 57 40
1112 38 63
1113 36 53
1114 60 33
1115 16 5
1116 34 50
1117 49 4
1118 35 50
1119 59 32
1120 45 14
1121 39 9
1122 32 60
1123 62 38
1124 17 3
1125 14 37
1126 39 63
1127 38 62
1128 21 41
1129 52 14
1130 61 38
1131 62 38
1132 16 36
1133 17 29
1134 0 34
1135 16 3
1136 57 43
1137 34 50
1138 61 0
1139 47 14
1140 24 9
1141 33 43
1142 28 32
1143 12 2
1144 11 7
1145 9 63
1146 10 4
1147 19 46
1148 37 31
1149 15 37
1150 14 40
1151 31 18
1152 9 5
1153 28 31
1154 30 18
1155 28 20
1156 26 54
1157 60 31
1158 60 42
1159 38 46
1160 31 60
1161 14 36
1162 20 13
1163 15 36
1164 29 38
1165 23 12
1166 35 45
1167 13 2
1168 38 47
1169 10 5
1170 39 48
1171 31 18
1172 27 56
1173 14 37
1174 17 3
1175 32 4
1176 18 26
1177 3 52
1178 5 29
1179 28 32
1180 53 14
1181 8 56
1182 36 49
1183 32 60
1184 13 4
1185 32 2
1186 13 5
1187 36 31
1188 32 59
1189 40 9
1190 3 50
1191 32 1
1192 48 13
1193 32 3
1194 2 50
1195 16 3
1196 35 17
1197 47 12
1198 20 41
1199 14 41
1200 25 53
1201 52 14
1202 58 0
1203 57 42
1204 19 13
1205 2 52
1206 21 41
1207 40 63
1208 34 49
1209 38 63
1210 34 3
1211 34 45
1212 30 18
1213 59 42
1214 61 33
1215 16 4
1216 10 7
1217 29 19
1218 29 37
1219 1 34
1220 5 53
1221 17 28
1222 38 62
1223 28 19
1224 60 39
1225 36 54
1226 57 43
1227 33 1
1228 50 44
1229 36 50
1230 61 1
1231 34 2
1232 27 54
1233 29 19
1234 13 40
1235 9 8
1236 39 63
1237 3 50
1238 60 33
1239 9 7
1240 59 33
1241 35 50
1242 14 40
1243 49 44
1244 20 46
1245 34 0
1246 23 13
1247 59 32
1248 25 5
1249 6 45
1250 40 13
1251 62 37
1252 22 4
1253 34 43
1254 33 0
1255 36 53
1256 57 42
1257 16 3
1258 53 15
1259 61 33
1260 22 3
1261 31 60
1262 12 2
1263 9 9
1264 18 3
1265 13 2
1266 38 48
1267 19 46
1268 38 46
1269 44 2
1270 57 41
1271 25 4
1272 44 3
1273 39 13
1274 2 37
1275 19 26
1276 40 13
1277 5 45
1278 27 7
1279 32 2
1280 35 45
1281 33 2
1282 20 13
1283 22 7
1284 2 50
1285 33 1
1286 38 47
1287 61 0
1288 60 33
1289 27 55
1290 9 5
1291 18 28
1292 40 63
1293 32 3
1294 17 5
1295 61 33
1296 0 34
1297 39 9
1298 10 5
1299 8 57
1300 22 4
1301 32 4
1302 62 36
1303 32 3
1304 57 43
1305 34 0
1306 13 40
1307 34 51
1308 60 33
1309 45 15
1310 33 2
1311 25 5
1312 46 14
1313 1 37
1314 23 12
1315 48 12
1316 6 45
1317 25 54
1318 36 50
1319 17 28
1320 27 6
1321 13 41
1322 3 52
1323 33 0
1324 18 4
1325 28 31
1326 23 7
1327 41 8
1328 22 3
1329 45 14
1330 32 61
1331 34 45
1332 61 38
1333 57 42
1334 38 63
1335 5 52
1336 39 63
1337 38 62
1338 24 8
1339 41 4
1340 29 38
1341 32 0
1342 48 4
1343 49 13
1344 32 1
1345 24 9
1346 23 13
1347 27 56
1348 34 50
1349 25 4
1350 20 41
1351 5 30
1352 1 35
1353 36 54
1354 61 1
1355 13 4
1356 39 13
1357 22 4
1358 25 5
1359 29 37
1360 59 33
1361 17 29
1362 33 43
1363 17 28
1364 62 37
1365 61 33
1366 13 40
1367 61 0
1368 33 46
1369 28 19
1370 22 7
1371 59 40
1372 39 48
1373 60 38
1374 19 3
1375 31 61
1376 25 55
1377 1 34
1378 54 15
1379 11 63
1380 25 54
1381 59 0
1382 53 14
1383 23 12
1384 47 14
1385 24 8
1386 5 45
1387 24 9
1388 62 36
1389 36 49
1390 45 15
1391 32 61
1392 61 1
1393 48 13
1394 35 50
1395 20 4
1396 29 20
1397 34 50
1398 11 62
1399 18 26
1400 34 2
1401 62 37
1402 22 3
1403 40 63
1404 33 47
1405 52 14
1406 33 1
1407 0 35
1408 8 56
1409 21 41
1410 40 12
1411 62 36
1412 28 20
1413 35 16
1414 35 17
1415 27 55
1416 16 5
1417 14 40
1418 2 37
1419 17 4
1420 36 53
1421 1 37
1422 49 4
1423 48 4
1424 31 18
1425 32 4
1426 40 13
1427 17 30
1428 57 41
1429 28 32
1430 13 40
1431 25 55
1432 33 0
1433 58 40
1434 48 12
1435 60 40
1436 34 43
1437 44 2
1438 10 63
1439 16 36
1440 60 33
1441 15 37
1442 40 4
1443 24 7
1444 0 34
1445 33 2
1446 26 54
1447 20 41
1448 29 19
1449 11 63
1450 60 42
1451 24 53
1452 34 3
1453 31 61
1454 38 48
1455 36 50
1456 38 63
1457 35 16
1458 46 14
1459 17 31
1460 27 7
1461 36 54
1462 11 62
1463 2 37
1464 39 13
1465 16 4
1466 48 13
1467 48 12
1468 10 7
1469 19 13
1470 33 43
1471 38 62
1472 48 13
1473 61 33
1474 17 5
1475 1 35
1476 33 1
1477 12 2
1478 24 8
1479 19 4
1480 32 3
1481 50 44
1482 32 60
1483 19 26
1484 42 8
1485 59 32
1486 57 42
1487 21 41
1488 31 60
1489 38 63
1490 14 40
1491 25 7
1492 36 49
1493 36 50
1494 45 14
1495 14 42
1496 35 51
1497 14 41
1498 60 39
1499 59 42
1500 34 43
1501 39 63
1502 44 3
1503 31 4
1504 40 13
1505 16 3
1506 32 4
1507 35 49
1508 18 28
1509 11 63
1510 27 56
1511 49 13
1512 31 61
1513 47 14
1514 31 5
1515 28 19
1516 11 62
1517 16 5
1518 23 13
1519 44 2
1520 24 7
1521 11 4
1522 23 7
1523 45 15
1524 35 17
1525 30 18
1526 10 4
1527 44 3
1528 22 4
1529 18 4
1530 37 31
1531 6 45
1532 53 15
1533 30 5
1534 33 43
1535 8 57
1536 60 42
1537 40 9
1538 58 0
1539 17 5
1540 32 3
1541 49 44
1542 34 2
1543 39 48
1544 15 36
1545 60 38
1546 31 60
1547 2 52
1548 27 54
1549 41 12
1550 16 37
1551 25 54
1552 27 6
1553 20 13
1554 21 4
1555 19 13
1556 34 49
1557 19 4
1558 32 61
1559 27 55
1560 39 9
1561 32 2
1562 35 16
1563 15 42
1564 1 34
1565 14 42
1566 34 43
1567 13 5
1568 31 18
1569 17 32
1570 57 40
1571 0 35
1572 33 43
1573 57 41
1574 20 4
1575 33 2
1576 14 40
1577 29 20
1578 22 3
1579 9 7
1580 27 7
1581 36 31
1582 14 41
1583 35 50
1584 34 51
1585 40 63
1586 28 56
1587 22 7
1588 41 8
1589 36 53
1590 37 31
1591 38 48
1592 25 7
1593 33 1
1594 34 50
1595 13 40
1596 49 4
1597 30 18
1598 34 51
1599 59 42
1600 33 2
1601 39 63
1602 60 39
1603 3 50
1604 5 45
1605 14 40
1606 24 9
1607 61 38
1608 46 14
1609 40 9
1610 13 4
1611 36 54
1612 0 34
1613 32 58
1614 57 40
1615 60 32
1616 41 4
1617 27 56
1618 54 13
1619 22 4
1620 8 56
1621 38 46
1622 60 42
1623 6 45
1624 28 20
1625 5 45
1626 13 41
1627 40 4
1628 38 47
1629 18 26
1630 14 41
1631 45 14
1632 34 50
1633 34 0
1634 45 15
1635 10 5
1636 35 49
1637 62 37
1638 54 15
1639 32 1
1640 45 14
1641 44 2
1642 24 7
1643 22 3
1644 29 20
1645 29 38
1646 23 12
1647 32 2
1648 9 8
1649 28 55
1650 31 18
1651 5 29
1652 48 13
1653 16 36
1654 27 55
1655 35 17
1656 18 4
1657 35 45
1658 25 53
1659 31 61
1660 13 40
1661 24 8
1662 60 33
1663 33 0
1664 34 2
1665 14 37
1666 61 33
1667 15 37
1668 10 4
1669 9 63
1670 46 15
1671 13 5
1672 28 20
1673 9 9
1674 34 45
1675 38 45
1676 45 15
1677 16 32
1678 2 50
1679 41 11
1680 10 7
1681 1 35
1682 42 8
1683 20 46
1684 5 53
1685 25 55
1686 44 3
1687 57 41
1688 25 54
1689 5 52
1690 5 30
1691 34 43
1692 60 31
1693 60 33
1694 27 6
1695 38 46
1696 33 2
1697 13 2
1698 35 50
1699 16 4
1700 9 8
1701 48 12
1702 60 32
1703 9 7
1704 50 44
1705 59 42
1706 48 13
1707 21 4
1708 25 55
1709 59 40
1710 41 4
1711 15 32
1712 35 45
1713 57 40
1714 44 2
1715 62 36
1716 61 33
1717 20 13
1718 14 36
1719 34 0
1720 58 40
1721 23 7
1722 25 4
1723 62 37
1724 28 56
1725 22 4
1726 39 13
1727 32 1
1728 48 4
1729 15 36
1730 23 3
1731 5 29
1732 24 9
1733 14 37
1734 39 9
1735 19 26
1736 33 1
1737 53 14
1738 25 5
1739 19 4
1740 38 45
1741 47 12
1742 48 12
1743 29 20
1744 59 40
1745 36 31
1746 1 34
1747 5 30
1748 1 37
1749 18 26
1750 36 53
1751 60 38
1752 27 7
1753 19 26
1754 35 51
1755 32 59
1756 24 8
1757 36 54
1758 10 63
1759 32 61
1760 32 4
1761 17 28
1762 27 56
1763 23 13
1764 16 5
1765 9 9
1766 14 40
1767 40 63
1768 10 5
1769 35 16
1770 20 41
1771 38 62
1772 18 28
1773 39 63
1774 14 41
1775 21 41
1776 16 3
1777 9 8
1778 24 9
1779 38 46
1780 32 58
1781 17 28
1782 29 37
1783 40 9
1784 60 42
1785 32 59
1786 59 42
1787 38 63
1788 22 3
1789 5 29
1790 38 45
1791 25 7
1792 13 41
1793 19 13
1794 29 38
1795 3 50
1796 61 0
1797 34 51
1798 18 26
1799 10 7
1800 18 4
1801 5 53
1802 6 45
1803 32 58
1804 24 8
1805 21 4
1806 41 10
1807 16 4
1808 58 40
1809 28 20
1810 28 19
1811 22 7
1812 13 40
1813 28 20
1814 3 52
1815 29 19
1816 24 7
1817 24 53
1818 9 63
1819 2 37
1820 61 1
1821 41 11
1822 53 13
1823 39 9
1824 18 28
1825 11 63
1826 22 4
1827 10 4
1828 59 33
1829 11 3
1830 49 4
1831 13 36
1832 5 45
1833 14 36
1834 34 49
1835 19 26
1836 18 26
1837 25 4
1838 60 33
1839 46 15
1840 32 1
1841 31 61
1842 30 18
1843 32 60
1844 25 5
1845 34 45
1846 48 4
1847 35 45
1848 28 31
1849 1 37
1850 49 4
1851 6 45
1852 16 36
1853 25 54
1854 36 50
1855 40 4
1856 62 36
1857 62 37
1858 40 63
1859 28 56
1860 37 31
1861 16 32
1862 34 45
1863 28 19
1864 61 0
1865 41 4
1866 29 19
1867 10 63
1868 32 3
1869 34 50
1870 19 46
1871 40 4
1872 31 5
1873 57 43
1874 34 48
1875 59 0
1876 17 5
1877 25 4
1878 16 3
1879 33 1
1880 33 43
1881 33 2
1882 25 7
1883 54 13
1884 12 2
1885 20 46
1886 31 60
1887 28 32
1888 36 31
1889 32 2
1890 24 7
1891 53 15
1892 27 56
1893 36 53
1894 54 15
1895 16 5
1896 32 59
1897 19 46
1898 2 50
1899 59 32
1900 32 61
1901 34 49
1902 33 0
1903 35 45
1904 38 46
1905 34 43
1906 20 41
1907 40 13
1908 2 37
1909 53 13
1910 33 43
1911 28 31
1912 15 32
1913 21 41
1914 34 0
1915 31 61
1916 57 41
1917 58 0
1918 38 45
1919 60 42
1920 38 46
1921 3 50
1922 39 63
1923 13 41
1924 52 14
1925 19 26
1926 35 17
1927 36 54
1928 13 4
1929 17 4
1930 40 9
1931 47 12
1932 5 30
1933 49 44
1934 18 4
1935 45 15
1936 13 2
1937 38 62
1938 11 4
1939 35 50
1940 23 7
1941 2 50
1942 48 4
1943 41 4
1944 34 50
1945 20 13
1946 1 37
1947 49 13
1948 10 4
1949 61 33
1950 8 57
1951 2 37
1952 59 33
1953 39 9
1954 62 38
1955 48 12
1956 46 14
1957 28 19
1958 20 4
1959 53 15
1960 16 32
1961 54 15
1962 28 55
1963 15 36
1964 40 4
1965 11 4
1966 29 20
1967 62 36
1968 59 42
1969 28 20
1970 41 4
1971 34 2
1972 12 2
1973 53 15
1974 10 5
1975 54 13
1976 49 4
1977 19 13
1978 15 32
1979 22 3
1980 13 2
1981 17 5
1982 27 6
1983 13 40
1984 31 18
1985 34 49
1986 31 60
1987 38 48
1988 11 62
1989 31 61
1990 34 51
1991 35 16
1992 59 32
1993 61 38
1994 25 7
1995 59 33
1996 36 53
1997 24 7
1998 5 29
1999 16 32
2000 17 4
2001 13 41
2002 35 17
2003 9 7
2004 40 63
2005 14 41
2006 29 37
2007 27 7
2008 5 52
2009 34 43
2010 36 54
2011 33 2
2012 15 40
2013 29 20
2014 50 44
2015 54 15
2016 62 37
2017 32 1
2018 25 7
2019 33 0
2020 53 14
2021 15 32
2022 23 12
2023 20 41
2024 3 50
2025 39 63
2026 62 36
2027 60 31
2028 24 9
2029 60 32
2030 38 63
2031 16 5
2032 2 52
2033 24 7
2034 2 50
2035 60 42
2036 3 52
2037 11 63
2038 57 42
2039 5 53
2040 12 2
2041 62 38
2042 62 37
2043 34 3
2044 53 15
2045 9 9
2046 5 30
2047 54 15
2048 24 8
2049 37 31
2050 48 13
2051 25 5
2052 57 41
2053 10 7
2054 11 62
2055 60 31
2056 36 53
2057 25 53
2058 33 43
2059 59 40
2060 40 4
2061 61 1
2062 39 13
2063 29 38
2064 34 50
2065 18 4
2066 57 42
2067 14 40
2068 17 5
2069 19 4
2070 0 35
2071 58 40
2072 22 4
2073 33 1
2074 59 0
2075 11 63
2076 13 41
2077 52 14
2078 34 43
2079 18 4
2080 35 51
2081 24 9
2082 15 37
2083 13 5
2084 28 32
2085 34 2
2086 27 6
2087 10 4
2088 16 4
2089 53 15
2090 56 43
2091 60 32
2092 61 38
2093 13 40
2094 5 45
2095 34 45
2096 53 14
2097 23 53
2098 35 16
2099 15 40
2100 41 10
2101 45 14
2102 57 43
2103 0 34
2104 41 8
2105 21 4
2106 20 13
2107 47 14
2108 14 37
2109 22 7
2110 27 7
2111 22 3
2112 30 18
2113 46 14
2114 62 38
2115 60 33
2116 10 5
2117 13 36
2118 28 20
2119 10 4
2120 16 36
2121 62 36
2122 24 53
2123 27 55
2124 33 46
2125 35 50
2126 3 50
2127 35 45
2128 17 4
2129 5 52
2130 30 5
2131 32 60
2132 13 2
2133 34 50
2134 8 56
2135 24 8
2136 54 15
2137 32 58
2138 34 51
2139 31 5
2140 59 32
2141 47 14
2142 60 31
2143 9 5
2144 22 4
2145 36 49
2146 49 12
2147 2 50
2148 19 13
2149 59 33
2150 40 13
2151 49 13
2152 41 11
2153 25 53
2154 25 7
2155 33 47
2156 17 6
2157 17 3
2158 20 13
2159 33 3
2160 16 3
2161 59 40
2162 11 62
2163 1 35
2164 36 54
2165 42 8
2166 2 52
2167 21 41
2168 60 32
2169 61 38
2170 17 28
2171 52 14
2172 14 36
2173 10 5
2174 34 0
2175 30 5
2176 41 10
2177 23 54
2178 15 36
2179 36 50
2180 18 28
2181 34 49
2182 14 40
2183 59 42
2184 3 52
2185 3 50
2186 17 28
2187 23 7
2188 56 44
2189 11 63
2190 23 13
2191 28 56
2192 40 9
2193 59 32
2194 34 50
2195 46 14
2196 27 56
2197 36 49
2198 24 9
2199 17 5
2200 16 37
2201 38 62
2202 1 34
2203 6 45
2204 36 50
2205 59 33
2206 5 45
2207 58 40
2208 18 28
2209 62 38
2210 44 3
2211 34 45
2212 33 43
2213 57 42
2214 41 8
2215 24 53
2216 35 49
2217 16 36
2218 22 3
2219 20 41
2220 13 4
2221 11 4
2222 18 3
2223 10 4
2224 33 2
2225 15 40
2226 58 0
2227 22 7
2228 59 40
2229 5 53
2230 42 8
2231 24 8
2232 59 0
2233 53 13
2234 13 5
2235 14 40
2236 25 53
2237 19 13
2238 23 12
2239 17 28
2240 22 4
2241 9 8
2242 10 5
2243 32 59
2244 57 43
2245 20 4
2246 35 50
2247 40 63
2248 18 4
2249 57 42
2250 24 7
2251 36 31
2252 36 53
2253 41 8
2254 36 54
2255 16 4
2256 61 38
2257 18 26
2258 16 40
2259 61 0
2260 22 3
2261 29 20
2262 23 55
2263 32 58
2264 1 37
2265 16 5
2266 62 37
2267 60 39
2268 56 43
2269 13 4
2270 11 62
2271 23 13
2272 39 63
2273 42 8
2274 31 60
2275 32 60
2276 2 50
2277 54 13
2278 24 53
2279 39 13
2280 25 4
2281 20 13
2282 61 33
2283 17 5
2284 15 37
2285 38 47
2286 34 3
2287 17 4
2288 33 0
2289 28 56
2290 33 3
2291 35 17
2292 45 15
2293 38 63
2294 25 53
2295 62 36
2296 9 7
2297 23 56
2298 19 26
2299 16 32
2300 40 63
2301 25 5
2302 27 56
2303 2 37
2304 48 4
2305 23 7
2306 61 1
2307 20 46
2308 44 2
2309 5 29
2310 39 9
2311 28 55
2312 16 3
2313 22 7
2314 13 5
2315 18 28
2316 62 37
2317 9 8
2318 33 1
2319 33 46
2320 10 4
2321 13 40
2322 16 4
2323 60 42
2324 15 36
2325 49 4
2326 48 12
2327 39 48
2328 40 13
2329 25 4
2330 44 3
2331 38 62
2332 31 60
2333 32 59
2334 21 4
2335 34 3
2336 32 60
2337 28 20
2338 9 7
2339 38 48
2340 33 3
2341 40 9
2342 38 63
2343 37 31
2344 60 33
2345 24 9
2346 16 5
2347 53 13
2348 31 60
2349 39 48
2350 5 30
2351 48 13
2352 29 19
2353 0 35
2354 60 38
2355 62 36
2356 23 12
2357 22 4
2358 32 1
2359 8 57
2360 28 19
2361 29 37
2362 60 40
2363 45 14
2364 13 4
2365 11 7
2366 31 61
2367 34 43
2368 0 34
2369 23 13
2370 36 31
2371 6 45
2372 33 43
2373 9 63
2374 60 39
2375 16 3
2376 5 52
2377 38 62
2378 39 13
2379 12 2
2380 13 2
2381 39 63
2382 5 53
2383 41 8
2384 49 44
2385 2 52
2386 27 55
2387 18 4
2388 17 5
2389 20 4
2390 12 2
2391 48 4
2392 50 44
2393 11 4
2394 15 32
2395 60 40
2396 60 39
2397 54 13
2398 27 6
2399 57 43
2400 24 53
2401 53 13
2402 10 63
2403 41 4
2404 14 40
2405 40 63
2406 37 31
2407 33 1
2408 28 31
2409 61 0
2410 60 41
2411 60 31
2412 34 43
2413 10 7
2414 28 56
2415 1 37
2416 14 36
2417 59 32
2418 44 2
2419 23 55
2420 38 63
2421 27 56
2422 38 46
2423 19 13
2424 60 32
2425 36 49
2426 34 3
2427 25 5
2428 61 33
2429 3 50
2430 40 13
2431 13 40
2432 59 33
2433 31 60
2434 33 47
2435 33 3
2436 46 15
2437 41 11
2438 14 37
2439 38 47
2440 45 15
2441 2 37
2442 61 1
2443 19 3
2444 36 31
2445 11 63
2446 49 4
2447 49 44
2448 61 0
2449 45 14
2450 38 62
2451 42 8
2452 59 41
2453 3 52
2454 60 38
2455 12 7
2456 31 18
2457 14 40
2458 36 50
2459 50 44
2460 36 53
2461 10 4
2462 31 61
2463 31 60
2464 36 48
2465 45 15
2466 34 3
2467 32 2
2468 44 3
2469 33 2
2470 27 55
2471 48 4
2472 33 46
2473 31 5
2474 49 44
2475 22 3
2476 25 4
2477 16 5
2478 60 31
2479 60 39
2480 39 63
2481 30 18
2482 32 60
2483 13 41
2484 27 56
2485 33 3
2486 2 52
2487 58 40
2488 53 14
2489 11 62
2490 34 3
2491 5 52
2492 13 36
2493 16 36
2494 59 42
2495 19 46
2496 30 5
2497 53 15
2498 16 4
2499 36 54
2500 32 58
2501 24 8
2502 38 46
2503 50 44
2504 14 41
2505 5 45
2506 11 4
2507 60 42
2508 13 2
2509 23 7
2510 15 37
2511 35 45
2512 1 34
2513 33 47
2514 56 44
2515 13 41
2516 5 53
2517 33 43
2518 14 41
2519 22 7
2520 59 40
2521 36 53
2522 58 0
2523 8 56
2524 9 7
2525 5 29
2526 38 48
2527 10 4
2528 54 13
2529 11 7
2530 40 63
2531 9 5
2532 61 1
2533 14 36
2534 24 9
2535 17 4
2536 34 43
2537 0 34
2538 13 41
2539 38 47
2540 60 33
2541 52 14
2542 32 59
2543 40 4
2544 17 28
2545 23 56
2546 29 38
2547 28 20
2548 17 5
2549 13 5
2550 35 50
2551 33 3
2552 28 32
2553 39 9
2554 39 63
2555 1 34
2556 15 36
2557 53 14
2558 10 5
2559 20 13
2560 19 4
2561 40 63
2562 41 8
2563 60 38
2564 24 8
2565 28 56
2566 9 5
2567 60 39
2568 21 41
2569 39 13
2570 14 41
2571 39 63
2572 36 54
2573 13 4
2574 23 7
2575 28 19
2576 6 45
2577 54 15
2578 16 5
2579 34 45
2580 22 4
2581 52 14
2582 23 12
2583 27 56
2584 18 4
2585 60 38
2586 10 7
2587 53 15
2588 0 34
2589 25 5
2590 16 3
2591 42 8
2592 27 55
2593 17 4
2594 32 58
2595 5 52
2596 14 37
2597 32 59
2598 59 32
2599 16 4
2600 46 14
2601 45 14
2602 34 3
2603 29 20
2604 41 4
2605 11 63
2606 46 14
2607 44 2
2608 33 46
2609 59 41
2610 35 16
2611 54 15
2612 10 5
2613 33 47
2614 13 40
2615 53 15
2616 38 63
2617 33 1
2618 12 7
2619 44 3
2620 22 3
2621 36 50
2622 16 3
2623 9 7
2624 23 13
2625 10 7
2626 15 37
2627 27 56
2628 33 43
2629 31 18
2630 13 5
2631 12 2
2632 48 12
2633 23 12
2634 33 46
2635 2 50
2636 35 17
2637 53 13
2638 33 47
2639 41 8
2640 60 32
2641 49 4
2642 14 40
2643 29 37
2644 16 32
2645 23 55
2646 16 39
2647 9 5
2648 11 4
2649 48 13
2650 32 4
2651 8 57
2652 42 8
2653 3 52
2654 28 20
2655 41 10
2656 34 50
2657 40 63
2658 37 31
2659 47 12
2660 41 8
2661 40 4
2662 16 37
2663 8 56
2664 61 0
2665 31 60
2666 33 2
2667 18 4
2668 33 1
2669 38 45
2670 38 62
2671 41 11
2672 40 13
2673 29 38
2674 48 4
2675 11 7
2676 62 37
2677 16 4
2678 35 50
2679 18 26
2680 19 4
2681 28 31
2682 23 13
2683 10 5
2684 1 37
2685 32 3
2686 17 5
2687 19 13
2688 2 52
2689 5 45
2690 10 4
2691 61 33
2692 35 16
2693 29 20
2694 49 13
2695 25 7
2696 16 38
2697 34 49
2698 20 13
2699 34 2
2700 23 56
2701 0 35
2702 40 9
2703 60 31
2704 32 61
2705 41 4
2706 8 57
2707 16 36
2708 25 53
2709 42 8
2710 9 7
2711 49 44
2712 59 40
2713 6 45
2714 41 8
2715 33 2
2716 56 43
2717 5 53
2718 5 52
2719 28 32
2720 59 41
2721 45 14
2722 23 55
2723 13 4
2724 59 0
2725 60 32
2726 18 4
2727 48 13
2728 20 41
2729 38 63
2730 3 50
2731 34 50
2732 42 8
2733 59 33
2734 48 12
2735 13 40
2736 28 20
2737 31 5
2738 24 53
2739 39 13
2740 50 44
2741 59 40
2742 9 63
2743 53 14
2744 32 4
2745 32 1
2746 34 3
2747 32 3
2748 19 26
2749 32 2
2750 38 62
2751 62 36
2752 18 26
2753 29 20
2754 14 40
2755 36 53
2756 54 15
2757 5 45
2758 33 1
2759 39 63
2760 31 61
2761 6 45
2762 0 34
2763 23 56
2764 15 36
2765 23 12
2766 41 8
2767 28 20
2768 61 1
2769 10 7
2770 60 33
2771 27 7
2772 11 7
2773 19 13
2774 40 4
2775 5 53
2776 5 30
2777 24 9
2778 38 46
2779 16 39
2780 27 6
2781 16 5
2782 61 33
2783 19 26
2784 61 0
2785 58 0
2786 27 7
2787 16 3
2788 5 29
2789 36 54
2790 5 30
2791 27 6
2792 47 12
2793 29 20
2794 10 7
2795 18 28
2796 8 56
2797 32 60
2798 60 39
2799 5 52
2800 59 32
2801 31 60
2802 13 2
2803 32 58
2804 59 33
2805 5 53
2806 13 5
2807 3 52
2808 60 38
2809 16 36
2810 11 4
2811 28 31
2812 2 50
2813 34 49
2814 38 63
2815 60 33
2816 16 37
2817 42 8
2818 18 26
2819 62 37
2820 36 31
2821 41 8
2822 15 32
2823 16 4
2824 28 20
2825 54 13
2826 17 5
2827 19 26
2828 32 59
2829 11 62
2830 35 45
2831 2 52
2832 16 36
2833 48 12
2834 27 55
2835 5 52
2836 20 46
2837 32 61
2838 40 63
2839 45 15
2840 19 3
2841 45 14
2842 35 17
2843 42 8
2844 37 31
2845 36 53
2846 1 35
2847 9 7
2848 40 13
2849 53 15
2850 28 32
2851 24 8
2852 8 57
2853 49 44
2854 29 37
2855 10 4
2856 32 58
2857 36 54
2858 32 0
2859 31 61
2860 29 19
2861 1 34
2862 39 9
2863 40 9
2864 17 4
2865 19 46
2866 33 2
2867 17 28
2868 25 53
2869 29 38
2870 35 48
2871 20 46
2872 39 9
2873 36 50
2874 3 52
2875 47 12
2876 59 0
2877 47 14
2878 58 40
2879 38 62
2880 60 31
2881 16 40
2882 39 13
2883 27 56
2884 45 15
2885 18 28
2886 35 49
2887 33 1
2888 16 38
2889 32 60
2890 35 50
2891 23 55
2892 22 7
2893 10 63
2894 35 16
2895 59 32
2896 28 31
2897 34 43
2898 36 31
2899 15 36
2900 34 2
2901 2 52
2902 28 19
2903 36 50
2904 32 1
2905 32 0
2906 35 47
2907 1 35
2908 13 4
2909 62 36
2910 59 42
2911 19 46
2912 21 41
2913 10 7
2914 18 26
2915 16 32
2916 35 17
2917 23 56
2918 13 5
2919 40 13
2920 27 55
2921 31 60
2922 29 20
2923 1 34
2924 16 36
2925 12 2
2926 60 32
2927 49 4
2928 17 28
2929 33 46
2930 30 5
2931 11 4
2932 23 7
2933 40 9
2934 35 48
2935 53 13
2936 3 50
2937 34 49
2938 35 50
2939 25 4
2940 28 32
2941 32 59
2942 2 50
2943 38 48
2944 24 9
2945 32 1
2946 13 2
2947 35 16
2948 18 4
2949 60 42
2950 61 33
2951 13 40
2952 29 37
2953 37 31
2954 34 50
2955 36 31
2956 38 47
2957 28 20
2958 49 13
2959 56 44
2960 38 63
2961 60 31
2962 58 0
2963 27 56
2964 39 9
2965 34 49
2966 33 47
2967 22 4
2968 16 3
2969 28 55
2970 20 41
2971 44 2
2972 0 35
2973 44 3
2974 16 39
2975 15 36
2976 56 43
2977 24 7
2978 50 44
2979 29 38
2980 0 34
2981 12 2
2982 21 4
2983 17 4
2984 1 35
2985 39 13
2986 18 4
2987 38 45
2988 11 7
2989 3 50
2990 31 5
2991 54 15
2992 18 28
2993 36 50
2994 21 41
2995 23 13
2996 16 36
2997 61 1
2998 20 13
2999 41 10
3000 44 2
3001 33 2
3002 27 55
3003 38 46
3004 48 13
3005 39 63
3006 11 63
3007 2 50
3008 28 56
3009 35 47
3010 40 13
3011 40 9
3012 30 18
3013 59 40
3014 19 4
3015 10 4
3016 48 12
3017 24 8
3018 23 55
3019 60 39
3020 5 29
3021 9 5
3022 20 4
3023 60 32
3024 60 31
3025 16 37
3026 35 50
3027 48 4
3028 9 63
3029 32 0
3030 15 36
3031 10 63
3032 58 40
3033 19 13
3034 21 4
3035 60 38
3036 15 32
3037 33 46
3038 16 38
3039 60 39
3040 36 53
3041 5 30
3042 13 2
3043 38 47
3044 14 40
3045 60 32
3046 3 52
3047 17 4
3048 11 4
3049 54 13
3050 24 9
3051 5 45
3052 2 52
3053 53 15
3054 16 36
3055 60 31
3056 60 33
3057 32 60
3058 12 2
3059 31 18
3060 32 3
3061 20 41
3062 23 12
3063 35 48
3064 38 46
3065 49 44
3066 35 49
3067 6 45
3068 31 4
3069 16 39
3070 59 40
3071 8 56
3072 33 43
3073 47 12
3074 54 15
3075 39 13
3076 18 4
3077 23 56
3078 46 14
3079 61 0
3080 3 50
3081 29 19
3082 28 31
3083 59 33
3084 59 42
3085 33 47
3086 20 46
3087 23 13
3088 61 1
3089 59 0
3090 22 7
3091 34 50
3092 48 12
3093 61 0
3094 36 54
3095 13 41
3096 36 53
3097 50 44
3098 34 49
3099 36 54
3100 10 7
3101 35 49
3102 29 37
3103 16 5
3104 62 37
3105 28 32
3106 11 62
3107 60 38
3108 19 3
3109 10 5
3110 27 7
3111 49 44
3112 30 18
3113 14 41
3114 2 37
3115 59 32
3116 39 9
3117 44 3
3118 49 4
3119 25 7
3120 37 31
3121 40 9
3122 10 4
3123 2 50
3124 38 47
3125 41 11
3126 31 60
3127 41 8
3128 34 45
3129 27 6
3130 5 45
3131 1 34
3132 35 17
3133 27 7
3134 13 40
3135 28 19
3136 38 46
3137 19 4
3138 23 55
3139 24 53
3140 36 50
3141 29 38
3142 16 32
3143 52 14
3144 15 32
3145 30 5
3146 31 18
3147 61 33
3148 31 5
3149 34 49
3150 23 7
3151 5 29
3152 29 20
3153 28 20
3154 60 32
3155 32 1
3156 6 45
3157 12 7
3158 45 14
3159 35 50
3160 29 20
3161 5 53
3162 10 5
3163 17 5
3164 33 0
3165 38 62
3166 22 3
3167 53 14
3168 3 52
3169 30 18
3170 8 57
3171 15 36
3172 48 4
3173 59 33
3174 27 56
3175 20 13
3176 13 4
3177 52 14
3178 60 42
3179 16 36
3180 33 1
3181 47 12
3182 30 5
3183 35 48
3184 27 6
3185 22 7
3186 60 31
3187 5 45
3188 17 28
3189 13 5
3190 53 15
3191 40 63
3192 19 46
3193 60 39
3194 36 31
3195 17 4
3196 10 4
3197 5 30
3198 54 15
3199 53 15
3200 22 4
3201 61 1
3202 61 0
3203 34 43
3204 42 8
3205 62 36
3206 50 44
3207 38 45
3208 23 7
3209 53 14
3210 49 44
3211 35 45
3212 28 20
3213 31 18
3214 33 2
3215 53 13
3216 36 50
3217 31 61
3218 25 53
3219 22 3
3220 41 8
3221 39 63
3222 35 50
3223 31 5
3224 13 4
3225 35 49
3226 6 45
3227 30 18
3228 31 60
3229 61 1
3230 10 5
3231 22 7
3232 50 44
3233 28 55
3234 0 34
3235 23 12
3236 11 7
3237 60 33
3238 27 7
3239 18 28
3240 13 5
3241 16 4
3242 33 1
3243 34 45
3244 59 41
3245 54 15
3246 47 14
3247 42 8
3248 35 16
3249 52 14
3250 32 61
3251 32 4
3252 33 46
3253 23 13
3254 60 32
3255 22 4
3256 31 3
3257 5 52
3258 35 48
3259 3 50
3260 12 7
3261 35 45
3262 34 51
3263 31 61
3264 38 63
3265 34 0
3266 33 47
3267 56 44
3268 16 3
3269 41 4
3270 53 15
3271 11 7
3272 19 26
3273 22 3
3274 10 4
3275 23 12
3276 61 0
3277 54 13
3278 60 38
3279 16 38
3280 33 2
3281 33 1
3282 2 50
3283 27 6
3284 34 45
3285 24 8
3286 31 60
3287 9 7
3288 24 9
3289 21 41
3290 16 37
3291 34 2
3292 49 4
3293 41 10
3294 2 52
3295 53 14
3296 48 12
3297 1 34
3298 33 2
3299 29 37
3300 10 7
3301 3 50
3302 23 56
3303 16 32
3304 49 13
3305 22 4
3306 59 32
3307 24 8
3308 18 26
3309 60 31
3310 35 17
3311 20 4
3312 24 9
3313 14 40
3314 31 61
3315 16 38
3316 31 18
3317 29 19
3318 34 50
3319 52 14
3320 53 13
3321 41 11
3322 59 42
3323 32 1
3324 15 32
3325 62 37
3326 32 3
3327 38 46
3328 13 2
3329 0 35
3330 54 13
3331 5 45
3332 6 45
3333 16 37
3334 5 53
3335 16 5
3336 16 32
3337 44 2
3338 40 63
3339 19 26
3340 53 13
3341 5 45
3342 14 41
3343 30 18
3344 6 45
3345 8 56
3346 45 15
3347 0 34
3348 36 53
3349 46 14
3350 58 0
3351 32 58
3352 16 4
3353 45 14
3354 46 14
3355 48 13
3356 32 59
3357 11 3
3358 12 7
3359 12 2
3360 11 4
3361 13 2
3362 20 41
3363 14 40
3364 17 5
3365 16 39
3366 54 15
3367 39 9
3368 40 4
3369 34 49
3370 45 14
3371 40 13
3372 27 55
3373 29 38
3374 8 57
3375 60 39
3376 35 45
3377 12 2
3378 25 5
3379 39 63
3380 9 63
3381 29 37
3382 49 12
3383 33 1
3384 35 16
3385 10 4
3386 23 55
3387 53 14
3388 53 15
3389 60 38
3390 16 5
3391 16 36
3392 44 3
3393 41 4
3394 59 40
3395 21 41
3396 40 63
3397 33 46
3398 11 7
3399 49 44
3400 60 42
3401 35 17
3402 56 43
3403 18 26
3404 8 56
3405 49 13
3406 38 62
3407 59 42
3408 1 37
3409 13 41
3410 33 47
3411 28 31
3412 52 14
3413 28 19
3414 18 4
3415 28 56
3416 48 12
3417 12 7
3418 9 7
3419 2 50
3420 46 14
3421 10 7
3422 10 63
3423 15 32
3424 56 44
3425 34 2
3426 22 3
3427 34 50
3428 35 49
3429 34 45
3430 19 26
3431 22 4
3432 19 3
3433 5 45
3434 3 52
3435 41 8
3436 59 33
3437 33 43
3438 15 36
3439 38 48
3440 33 0
3441 35 45
3442 28 32
3443 20 41
3444 29 20
3445 48 13
3446 31 2
3447 1 35
3448 19 4
3449 60 32
3450 2 37
3451 8 57
3452 45 14
3453 13 2
3454 34 43
3455 48 4
3456 38 47
3457 59 32
3458 17 5
3459 17 4
3460 49 4
3461 5 29
3462 11 63
3463 3 50
3464 23 56
3465 59 0
3466 35 16
3467 44 2
3468 31 18
3469 16 3
3470 20 46
3471 38 46
3472 60 31
3473 30 5
3474 47 12
3475 19 13
3476 9 7
3477 34 0
3478 40 4
3479 39 63
3480 40 9
3481 19 46
3482 61 33
3483 28 31
3484 36 50
3485 10 7
3486 35 50
3487 34 49
3488 39 13
3489 20 13
3490 2 50
3491 20 46
3492 32 60
3493 49 13
3494 53 14
3495 60 32
3496 61 1
3497 40 63
3498 35 48
3499 60 31
3500 33 43
3501 14 41
3502 1 34
3503 50 44
3504 22 3
3505 11 62
3506 60 39
3507 39 63
3508 18 26
3509 34 50
3510 34 45
3511 3 50
3512 21 41
3513 27 7
3514 31 60
3515 36 54
3516 35 17
3517 39 9
3518 16 38
3519 6 45
3520 48 13
3521 33 2
3522 12 2
3523 30 18
3524 14 40
3525 34 51
3526 46 14
3527 32 61
3528 33 46
3529 52 14
3530 28 20
3531 20 41
3532 27 6
3533 38 63
3534 40 63
3535 33 0
3536 41 10
3537 17 36
3538 44 3
3539 32 2
3540 38 47
3541 16 5
3542 44 2
3543 29 19
3544 0 34
3545 61 0
3546 60 42
3547 21 41
3548 23 7
3549 17 28
3550 23 13
3551 19 26
3552 60 33
3553 18 4
3554 54 13
3555 1 37
3556 35 16
3557 17 5
3558 39 63
3559 33 47
3560 2 52
3561 2 37
3562 19 13
3563 27 7
3564 29 38
3565 54 15
3566 31 61
3567 31 18
3568 17 4
3569 13 4
3570 41 4
3571 36 53
3572 58 0
3573 35 49
3574 49 13
3575 33 46
3576 39 48
3577 58 40
3578 29 37
3579 16 36
3580 24 53
3581 5 45
3582 1 37
3583 61 33
3584 59 40
3585 19 46
3586 48 4
3587 17 6
3588 14 41
3589 56 43
3590 45 14
3591 27 56
3592 16 37
3593 46 15
3594 5 52
3595 28 19
3596 60 33
3597 36 54
3598 45 15
3599 40 63
3600 57 42
3601 32 58
3602 27 6
3603 20 46
3604 22 4
3605 48 12
3606 5 53
3607 11 4
3608 16 35
3609 61 1
3610 31 5
3611 49 44
3612 28 56
3613 16 36
3614 36 53
3615 48 13
3616 60 32
3617 2 37
3618 23 55
3619 23 12
3620 38 62
3621 22 3
3622 23 13
3623 18 28
3624 22 4
3625 30 5
3626 49 12
3627 28 32
3628 19 46
3629 20 46
3630 53 15
3631 29 20
3632 8 56
3633 46 15
3634 32 1
3635 35 48
3636 34 43
3637 33 43
3638 44 3
3639 27 56
3640 38 46
3641 10 4
3642 1 34
3643 15 37
3644 57 43
3645 19 46
3646 25 53
3647 20 46
3648 19 46
3649 2 50
3650 59 33
3651 5 30
3652 28 20
3653 8 57
3654 30 18
3655 59 32
3656 28 55
3657 53 13
3658 18 4
3659 11 4
3660 35 17
3661 3 50
3662 42 8
3663 9 63
3664 3 52
3665 0 35
3666 15 36
3667 36 54
3668 25 4
3669 56 43
3670 16 4
3671 34 50
3672 34 43
3673 32 4
3674 35 51
3675 60 38
3676 5 29
3677 20 41
3678 32 3
3679 21 4
3680 11 63
3681 62 36
3682 16 36
3683 10 63
3684 28 19
3685 13 2
3686 22 7
3687 14 37
3688 32 4
3689 15 37
3690 32 60
3691 31 60
3692 11 7
3693 31 18
3694 27 7
3695 33 1
3696 2 52
3697 59 42
3698 41 11
3699 60 39
3700 53 14
3701 29 38
3702 8 56
3703 14 37
3704 14 40
3705 20 4
3706 40 4
3707 24 53
3708 38 48
3709 38 63
3710 59 33
3711 33 47
3712 15 37
3713 41 8
3714 33 2
3715 33 46
3716 44 2
3717 17 5
3718 40 13
3719 21 41
3720 3 52
3721 16 32
3722 59 0
3723 49 13
3724 49 4
3725 14 37
3726 38 62
3727 20 41
3728 17 4
3729 41 10
3730 15 32
3731 58 42
3732 23 7
3733 32 59
3734 38 47
3735 12 2
3736 59 42
3737 0 34
3738 28 20
3739 60 38
3740 15 37
3741 48 4
3742 17 5
3743 23 56
3744 9 7
3745 22 7
3746 41 11
3747 13 2
3748 16 37
3749 19 4
3750 29 37
3751 13 5
3752 21 41
3753 34 51
3754 12 2
3755 14 37
3756 32 3
3757 33 1
3758 17 28
3759 10 7
3760 24 7
3761 48 12
3762 23 7
3763 39 13
3764 54 13
3765 18 4
3766 19 4
3767 1 37
3768 32 0
3769 35 51
3770 25 7
3771 16 36
3772 35 45
3773 22 3
3774 14 41
3775 40 9
3776 54 15
3777 33 2
3778 34 49
3779 32 60
3780 13 2
3781 9 63
3782 20 13
3783 8 57
3784 40 13
3785 49 4
3786 20 41
3787 34 50
3788 15 37
3789 18 4
3790 11 62
3791 48 4
3792 42 8
3793 2 50
3794 34 51
3795 48 13
3796 41 8
3797 45 15
3798 39 13
3799 17 4
3800 35 49
3801 12 7
3802 33 1
3803 41 10
3804 16 3
3805 31 60
3806 62 37
3807 19 13
3808 31 5
3809 29 20
3810 32 58
3811 6 45
3812 32 4
3813 10 63
3814 25 53
3815 42 8
3816 11 7
3817 20 13
3818 18 28
3819 12 7
3820 2 52
3821 18 4
3822 28 20
3823 61 0
3824 32 1
3825 18 26
3826 58 0
3827 11 3
3828 29 38
3829 1 35
3830 19 3
3831 38 63
3832 39 63
3833 57 43
3834 8 56
3835 35 16
3836 49 4
3837 24 53
3838 38 62
3839 34 52
3840 57 42
3841 60 31
3842 57 43
3843 28 31
3844 36 50
3845 31 4
3846 24 7
3847 38 46
3848 25 53
3849 24 53
3850 60 39
3851 32 3
3852 52 14
3853 48 4
3854 28 32
3855 27 55
3856 40 63
3857 33 0
3858 21 4
3859 27 6
3860 53 13
3861 23 55
3862 11 63
3863 14 40
3864 17 4
3865 2 37
3866 34 49
3867 30 18
3868 33 47
3869 56 43
3870 34 50
3871 3 52
3872 1 34
3873 40 13
3874 34 49
3875 3 50
3876 39 63
3877 36 53
3878 11 4
3879 34 50
3880 61 33
3881 53 14
3882 2 52
3883 37 31
3884 52 14
3885 34 49
3886 33 1
3887 60 32
3888 9 7
3889 61 1
3890 16 5
3891 54 13
3892 49 13
3893 36 54
3894 50 44
3895 18 36
3896 11 7
3897 39 9
3898 34 51
3899 0 35
3900 3 52
3901 12 2
3902 22 7
3903 34 45
3904 0 34
3905 32 61
3906 10 7
3907 27 7
3908 17 5
3909 33 43
3910 31 61
3911 36 53
3912 19 4
3913 59 0
3914 49 4
3915 31 18
3916 20 46
3917 8 57
3918 41 8
3919 9 63
3920 19 26
3921 10 4
3922 42 8
3923 25 53
3924 19 46
3925 30 18
3926 57 43
3927 58 40
3928 34 0
3929 28 31
3930 13 2
3931 58 42
3932 1 37
3933 33 2
3934 35 17
3935 53 15
3936 32 4
3937 58 0
3938 23 56
3939 18 4
3940 48 4
3941 59 40
3942 33 46
3943 5 52
3944 15 36
3945 39 13
3946 34 43
3947 40 13
3948 29 37
3949 62 36
3950 33 1
3951 39 13
3952 28 56
3953 12 2
3954 32 60
3955 25 7
3956 38 47
3957 5 30
3958 33 47
3959 24 8
3960 48 13
3961 35 50
3962 22 4
3963 20 46
3964 1 35
3965 60 38
3966 11 62
3967 2 52
3968 23 7
3969 17 4
3970 17 36
3971 58 40
3972 27 6
3973 49 4
3974 11 4
3975 31 4
3976 38 63
3977 8 56
3978 33 50
3979 28 32
3980 21 4
3981 28 19
3982 16 4
3983 57 41
3984 54 15
3985 18 4
3986 60 31
3987 40 63
3988 45 14
3989 17 4
3990 2 50
3991 59 42
3992 16 36
3993 45 15
3994 31 60
3995 59 32
3996 39 63
3997 22 4
3998 11 63
3999 1 34
4000 32 2
4001 38 62
4002 48 4
4003 32 59
4004 5 29
4005 53 14
4006 33 46
4007 0 34
4008 24 7
4009 32 58
4010 22 7
4011 28 31
4012 57 42
4013 16 5
4014 32 59
4015 39 48
4016 60 42
4017 28 20
4018 16 37
4019 59 42
4020 11 62
4021 49 4
4022 46 14
4023 57 41
4024 25 7
4025 5 45
4026 23 3
4027 33 2
4028 40 9
4029 11 63
4030 45 14
4031 32 1
4032 18 4
4033 32 61
4034 22 3
4035 33 0
4036 47 14
4037 27 56
4038 32 58
4039 33 43
4040 16 32
4041 33 1
4042 17 4
4043 36 31
4044 28 19
4045 6 45
4046 30 5
4047 40 13
4048 18 37
4049 31 5
4050 18 4
4051 19 46
4052 53 15
4053 34 43
4054 16 6
4055 17 5
4056 23 2
4057 60 42
4058 34 50
4059 5 30
4060 17 28
4061 32 4
4062 59 42
4063 11 62
4064 10 3
4065 3 50
4066 39 9
4067 62 37
4068 25 5
4069 13 2
4070 18 36
4071 34 2
4072 28 20
4073 49 12
4074 35 16
4075 33 2
4076 20 46
4077 10 4
4078 22 4
4079 31 61
4080 5 53
4081 57 42
4082 23 12
4083 32 61
4084 59 40
4085 33 43
4086 32 2
4087 33 47
4088 1 34
4089 3 52
4090 38 48
4091 29 38
4092 52 14
4093 2 50
4094 3 50
4095 2 50
4096 33 46
4097 33 47
4098 60 32
4099 59 0
4100 16 36
4101 14 41
4102 23 55
4103 23 3
4104 17 4
4105 23 56
4106 10 63
4107 27 7
4108 31 61
4109 54 15
4110 35 45
4111 45 15
4112 23 13
4113 32 61
4114 60 31
4115 15 37
4116 16 38
4117 5 52
4118 12 2
4119 3 50
4120 60 32
4121 29 37
4122 34 51
4123 56 43
4124 58 40
4125 60 31
4126 16 5
4127 25 4
4128 59 33
4129 32 3
4130 60 33
4131 34 43
4132 31 18
4133 5 53
4134 17 36
4135 28 32
4136 19 46
4137 20 46
4138 23 55
4139 32 2
4140 27 6
4141 31 61
4142 15 6
4143 16 3
4144 9 7
4145 61 0
4146 44 3
4147 45 14
4148 61 1
4149 44 2
4150 57 40
4151 39 48
4152 57 41
4153 32 59
4154 22 3
4155 41 11
4156 9 63
4157 10 7
4158 21 41
4159 11 63
4160 24 9
4161 18 28
4162 18 36
4163 15 36
4164 45 15
4165 5 52
4166 29 19
4167 60 42
4168 53 14
4169 38 46
4170 16 37
4171 38 47
4172 34 45
4173 23 2
4174 18 26
4175 29 38
4176 38 46
4177 32 60
4178 36 50
4179 31 60
4180 41 8
4181 17 36
4182 25 5
4183 28 19
4184 30 18
4185 49 13
4186 2 52
4187 31 61
4188 16 4
4189 23 12
4190 31 3
4191 11 4
4192 23 3
4193 18 4
4194 57 40
4195 9 7
4196 61 0
4197 52 14
4198 23 13
4199 38 48
4200 19 26
4201 32 3
4202 23 2
4203 27 7
4204 31 2
4205 35 17
4206 17 5
4207 35 16
4208 10 2
4209 34 50
4210 60 39
4211 14 37
4212 27 6
4213 18 26
4214 59 32
4215 16 5
4216 60 32
4217 10 7
4218 15 32
4219 28 31
4220 32 50
4221 35 50
4222 58 0
4223 13 40
4224 15 37
4225 16 3
4226 59 40
4227 12 7
4228 13 4
4229 40 9
4230 10 63
4231 34 50
4232 39 9
4233 59 42
4234 40 9
4235 53 13
4236 57 41
4237 23 56
4238 8 57
4239 2 50
4240 29 20
4241 17 4
4242 3 52
4243 23 55
4244 28 20
4245 60 38
4246 24 53
4247 60 42
4248 10 4
4249 31 3
4250 5 45
4251 59 42
4252 13 5
4253 48 12
4254 14 37
4255 34 49
4256 36 54
4257 29 37
4258 5 29
4259 42 8
4260 23 12
4261 27 7
4262 46 14
4263 59 33
4264 49 44
4265 32 1
4266 36 49
4267 61 33
4268 33 43
4269 33 1
4270 14 40
4271 24 7
4272 38 47
4273 11 62
4274 36 53
4275 57 43
4276 41 4
4277 32 58
4278 39 13
4279 13 4
4280 17 5
4281 61 1
4282 16 36
4283 48 13
4284 28 32
4285 45 14
4286 31 60
4287 39 9
4288 48 4
4289 32 59
4290 9 63
4291 23 13
4292 28 31
4293 56 44
4294 54 13
4295 23 12
4296 16 5
4297 13 41
4298 32 4
4299 38 48
4300 15 7
4301 35 45
4302 17 5
4303 9 7
4304 25 4
4305 48 12
4306 11 4
4307 35 17
4308 48 13
4309 11 7
4310 11 63
4311 29 38
4312 23 13
4313 10 3
4314 40 9
4315 34 45
4316 47 14
4317 13 5
4318 29 37
4319 19 26
4320 2 52
4321 22 4
4322 49 13
4323 13 4
4324 48 13
4325 53 13
4326 17 28
4327 53 14
4328 38 47
4329 10 2
4330 47 12
4331 31 18
4332 59 32
4333 57 42
4334 37 31
4335 28 56
4336 50 44
4337 25 5
4338 49 4
4339 33 46
4340 31 50
4341 25 4
4342 3 50
4343 32 1
4344 35 16
4345 18 28
4346 11 62
4347 15 37
4348 22 3
4349 17 28
4350 53 15
4351 36 50
4352 11 63
4353 28 19
4354 35 45
4355 32 3
4356 36 31
4357 14 41
4358 16 38
4359 33 1
4360 28 20
4361 25 53
4362 5 53
4363 13 40
4364 16 32
4365 58 40
4366 34 50
4367 23 56
4368 13 2
4369 19 13
4370 49 44
4371 38 46
4372 23 12
4373 29 19
4374 45 15
4375 28 19
4376 10 7
4377 27 56
4378 20 41
4379 10 63
4380 62 36
4381 5 52
4382 16 37
4383 46 14
4384 32 2
4385 35 49
4386 62 37
4387 36 54
4388 56 43
4389 16 36
4390 29 20
4391 18 28
4392 60 42
4393 19 46
4394 57 44
4395 33 2
4396 50 44
4397 48 4
4398 23 13
4399 52 14
4400 29 38
4401 16 5
4402 15 6
4403 5 53
4404 18 4
4405 18 26
4406 30 5
4407 2 37
4408 59 33
4409 16 4
4410 16 3
4411 32 58
4412 33 47
4413 32 59
4414 28 56
4415 40 4
4416 10 3
4417 28 32
4418 1 37
4419 27 56
4420 34 43
4421 15 32
4422 16 4
4423 32 3
4424 35 50
4425 36 53
4426 49 13
4427 25 5
4428 31 61
4429 53 14
4430 35 17
4431 17 5
4432 16 39
4433 10 2
4434 48 12
4435 15 7
4436 28 56
4437 3 52
4438 33 3
4439 59 42
4440 61 0
4441 38 63
4442 41 4
4443 40 13
4444 38 62
4445 32 50
4446 49 4
4447 30 18
4448 17 4
4449 33 1
4450 16 32
4451 21 41
4452 32 3
4453 36 50
4454 15 6
4455 33 2
4456 31 50
4457 28 20
4458 9 63
4459 40 4
4460 32 60
4461 44 3
4462 45 14
4463 23 55
4464 48 13
4465 34 3
4466 52 14
4467 23 12
4468 2 37
4469 44 2
4470 15 36
4471 32 2
4472 16 5
4473 59 32
4474 48 12
4475 9 8
4476 31 18
4477 41 4
4478 54 15
4479 13 5
4480 15 32
4481 48 13
4482 40 4
4483 34 45
4484 48 4
4485 30 18
4486 39 9
4487 37 31
4488 34 49
4489 62 36
4490 38 63
4491 16 36
4492 22 4
4493 38 47
4494 35 50
4495 53 15
4496 40 63
4497 49 44
4498 16 37
4499 57 43
4500 14 40
4501 18 4
4502 19 26
4503 41 8
4504 56 44
4505 23 7
4506 10 3
4507 32 50
4508 41 4
4509 32 59
4510 31 18
4511 27 6
4512 9 7
4513 53 14
4514 44 3
4515 32 1
4516 40 9
4517 60 42
4518 5 52
4519 2 50
4520 56 43
4521 36 50
4522 34 2
4523 35 45
4524 23 13
4525 56 44
4526 23 3
4527 33 43
4528 34 43
4529 18 26
4530 24 53
4531 16 32
4532 27 56
4533 50 44
4534 60 39
4535 25 53
4536 15 7
4537 16 38
4538 22 3
4539 35 16
4540 59 40
4541 60 31
4542 36 31
4543 10 4
4544 49 13
4545 30 18
4546 35 50
4547 16 39
4548 59 33
4549 31 60
4550 58 44
4551 59 32
4552 17 5
4553 20 13
4554 39 9
4555 22 7
4556 59 42
4557 10 2
4558 32 61
4559 16 5
4560 60 42
4561 34 3
4562 54 13
4563 27 7
4564 23 56
4565 49 4
4566 20 46
4567 13 41
4568 23 55
4569 38 46
4570 14 41
4571 17 4
4572 14 40
4573 54 15
4574 44 2
4575 32 58
4576 31 50
4577 61 1
4578 10 3
4579 13 4
4580 20 41
4581 32 4
4582 17 5
4583 19 46
4584 11 62
4585 59 0
4586 31 61
4587 40 4
4588 1 37
4589 29 19
4590 32 59
4591 6 45
4592 33 46
4593 10 2
4594 35 48
4595 2 52
4596 36 54
4597 23 7
4598 60 38
4599 19 26
4600 28 19
4601 60 33
4602 42 8
4603 58 0
4604 21 41
4605 59 33
4606 22 7
4607 53 15
4608 3 52
4609 16 38
4610 18 26
4611 48 4
4612 20 46
4613 24 8
4614 39 63
4615 38 62
4616 41 4
4617 2 37
4618 18 4
4619 40 9
4620 13 5
4621 23 56
4622 33 0
4623 19 46
4624 10 63
4625 14 41
4626 48 13
4627 3 50
4628 41 8
4629 23 55
4630 33 1
4631 2 52
4632 17 28
4633 15 32
4634 32 61
4635 24 53
4636 33 43
4637 34 50
4638 62 37
4639 41 10
4640 0 35
4641 11 4
4642 38 63
4643 25 53
4644 31 61
4645 23 2
4646 24 9
4647 15 6
4648 47 12
4649 25 7
4650 44 3
4651 34 2
4652 16 3
4653 33 2
4654 28 31
4655 60 32
4656 49 4
4657 38 47
4658 39 9
4659 39 48
4660 33 1
4661 49 44
4662 37 31
4663 59 0
4664 34 45
4665 40 63
4666 20 41
4667 57 42
4668 19 26
4669 59 42
4670 60 31
4671 33 0
4672 10 3
4673 48 12
4674 2 50
4675 36 53
4676 9 8
4677 28 32
4678 16 36
4679 21 41
4680 31 5
4681 18 26
4682 15 36
4683 50 44
4684 20 46
4685 36 54
4686 38 62
4687 9 7
4688 33 47
4689 41 11
4690 32 58
4691 23 7
4692 23 56
4693 9 63
4694 45 15
4695 13 40
4696 3 50
4697 11 63
4698 44 2
4699 14 40
4700 24 7
4701 56 43
4702 17 4
4703 40 4
4704 13 40
4705 16 4
4706 18 4
4707 9 8
4708 0 34
4709 41 4
4710 27 55
4711 9 7
4712 24 53
4713 53 13
4714 14 37
4715 25 4
4716 29 19
4717 32 60
4718 29 37
4719 38 46
4720 12 2
4721 58 40
4722 59 32
4723 39 63
4724 47 12
4725 10 2
4726 16 39
4727 5 45
4728 36 53
4729 59 40
4730 33 46
4731 10 7
4732 48 4
4733 32 50
4734 33 47
4735 24 8
4736 22 4
4737 41 10
4738 42 8
4739 13 4
4740 23 3
4741 27 56
4742 28 31
4743 13 2
4744 19 13
4745 54 15
4746 9 7
4747 29 38
4748 48 12
4749 29 37
4750 60 32
4751 49 4
4752 35 45
4753 32 3
4754 12 2
4755 31 50
4756 28 56
4757 34 43
4758 34 49
4759 16 5
4760 23 12
4761 16 32
4762 16 36
4763 22 3
4764 13 5
4765 28 19
4766 25 7
4767 1 37
4768 40 63
4769 23 2
4770 39 13
4771 9 9
4772 18 28
4773 13 2
4774 57 43
4775 23 13
4776 49 44
4777 31 60
4778 9 8
4779 32 59
4780 15 32
4781 27 56
4782 15 37
4783 10 63
4784 60 42
4785 24 7
4786 36 54
4787 16 3
4788 25 5
4789 59 42
4790 33 1
4791 15 7
4792 14 40
4793 23 12
4794 15 6
4795 1 34
4796 35 49
4797 15 7
4798 31 61
4799 59 33
4800 62 36
4801 13 4
4802 38 48
4803 15 36
4804 60 42
4805 33 43
4806 12 2
4807 8 56
4808 44 3
4809 33 2
4810 54 13
4811 31 60
4812 27 55
4813 32 60
4814 61 33
4815 30 5
4816 9 9
4817 25 4
4818 13 2
4819 31 18
4820 60 39
4821 56 43
4822 38 47
4823 40 13
4824 50 44
4825 38 48
4826 48 4
4827 41 11
4828 34 3
4829 58 40
4830 59 40
4831 47 12
4832 15 6
4833 40 4
4834 38 47
4835 39 13
4836 23 13
4837 16 37
4838 19 46
4839 3 52
4840 34 2
4841 2 52
4842 24 9
4843 27 56
4844 10 4
4845 45 14
4846 45 15
4847 11 4
4848 13 41
4849 34 43
4850 44 2
4851 60 31
4852 22 4
4853 22 3
4854 62 37
4855 14 41
4856 60 32
4857 41 10
4858 61 0
4859 38 46
4860 12 2
4861 20 41
4862 58 40
4863 62 36
4864 59 42
4865 49 44
4866 41 11
4867 59 40
4868 16 38
4869 35 17
4870 32 50
4871 41 4
4872 45 14
4873 35 16
4874 50 44
4875 16 32
4876 40 13
4877 31 60
4878 31 50
4879 40 4
4880 36 53
4881 49 4
4882 16 36
4883 29 20
4884 27 55
4885 9 8
4886 23 12
4887 35 17
4888 38 63
4889 23 55
4890 34 45
4891 10 4
4892 11 4
4893 15 37
4894 58 45
4895 13 2
4896 35 16
4897 38 47
4898 32 4
4899 0 34
4900 61 1
4901 38 62
4902 29 38
4903 19 26
4904 41 4
4905 58 0
4906 16 4
4907 32 50
4908 16 3
4909 48 4
4910 25 5
4911 53 15
4912 36 31
4913 23 13
4914 10 4
4915 57 43
4916 34 50
4917 40 4
4918 22 4
4919 39 63
4920 17 28
4921 40 63
4922 40 9
4923 23 3
4924 41 4
4925 41 10
4926 22 3
4927 27 6
4928 6 45
4929 33 1
4930 11 4
4931 13 40
4932 16 37
4933 17 4
4934 25 7
4935 28 20
4936 27 56
4937 9 9
4938 16 4
4939 23 56
4940 39 48
4941 32 60
4942 29 37
4943 60 31
4944 35 45
4945 31 5
4946 62 37
4947 41 8
4948 53 13
4949 17 5
4950 30 18
4951 10 7
4952 49 4
4953 49 44
4954 28 32
4955 18 4
4956 14 40
4957 41 11
4958 21 41
4959 29 38
4960 58 40
4961 31 60
4962 17 4
4963 24 8
4964 60 42
4965 36 50
4966 33 43
4967 3 52
4968 31 50
4969 50 44
4970 33 2
4971 33 46
4972 16 3
4973 35 50
4974 5 45
4975 16 38
4976 38 46
4977 11 62
4978 59 0
4979 60 38
4980 35 17
4981 16 4
4982 32 3
4983 36 50
4984 38 48
4985 49 44
4986 56 44
4987 54 13
4988 18 28
4989 25 4
4990 39 63
4991 39 9
4992 1 35
4993 23 12
4994 15 36
4995 58 46
4996 25 53
4997 25 5
4998 62 36
4999 36 54
5000 59 42
5001 31 18
5002 16 3
5003 27 55
5004 40 63
5005 53 13
5006 36 53
5007 62 37
5008 15 32
5009 16 37
5010 42 8
5011 27 56
5012 10 3
5013 33 47
5014 24 9
5015 58 45
5016 38 63
5017 39 13
5018 16 5
5019 22 7
5020 28 56
5021 38 47
5022 9 7
5023 34 49
5024 23 2
5025 18 26
5026 44 3
5027 32 61
5028 18 4
5029 27 7
5030 23 55
5031 1 34
5032 40 13
5033 30 18
5034 16 36
5035 10 2
5036 12 2
5037 13 41
5038 34 0
5039 20 41
5040 41 8
5041 34 43
5042 16 37
5043 50 44
5044 39 13
5045 37 31
5046 36 54
5047 60 33
5048 32 50
5049 16 4
5050 52 14
5051 60 39
5052 11 63
5053 31 18
5054 24 53
5055 49 44
5056 60 38
5057 62 36
5058 24 8
5059 35 50
5060 36 53
5061 33 0
5062 15 37
5063 50 44
5064 24 9
5065 10 7
5066 48 12
5067 22 4
5068 57 42
5069 59 32
5070 24 8
5071 27 56
5072 60 42
5073 60 32
5074 9 8
5075 17 28
5076 32 2
5077 19 26
5078 14 41
5079 53 14
5080 25 4
5081 25 5
5082 16 38
5083 29 20
5084 40 4
5085 30 5
5086 28 20
5087 14 37
5088 20 13
5089 15 37
5090 49 13
5091 19 13
5092 9 63
5093 9 7
5094 61 33
5095 34 50
5096 34 49
5097 34 2
5098 29 20
5099 28 20
5100 33 2
5101 2 50
5102 38 45
5103 14 37
5104 28 55
5105 60 31
5106 31 50
5107 15 37
5108 48 13
5109 58 46
5110 16 37
5111 20 46
5112 6 45
5113 22 3
5114 44 2
5115 23 7
5116 27 55
5117 62 37
5118 27 56
5119 15 36
5120 59 33
5121 31 5
5122 23 13
5123 11 62
5124 34 50
5125 46 15
5126 49 12
5127 8 57
5128 2 37
5129 35 16
5130 14 36
5131 45 15
5132 23 12
5133 21 41
5134 5 45
5135 25 4
5136 29 37
5137 35 49
5138 33 43
5139 36 31
5140 23 56
5141 27 55
5142 25 5
5143 41 4
5144 57 43
5145 28 56
5146 46 15
5147 17 5
5148 40 9
5149 28 31
5150 18 26
5151 31 61
5152 29 19
5153 52 14
5154 8 56
5155 14 37
5156 3 50
5157 23 3
5158 6 45
5159 13 2
5160 25 4
5161 20 13
5162 15 7
5163 11 7
5164 34 43
5165 34 45
5166 29 38
5167 49 13
5168 16 3
5169 60 33
5170 13 5
5171 10 7
5172 24 7
5173 12 7
5174 38 46
5175 19 26
5176 11 7
5177 28 19
5178 56 43
5179 60 39
5180 61 0
5181 39 63
5182 38 48
5183 59 32
5184 32 4
5185 38 47
5186 32 3
5187 29 37
5188 27 56
5189 29 20
5190 32 58
5191 42 8
5192 30 5
5193 16 36
5194 16 4
5195 35 17
5196 5 30
5197 25 7
5198 2 52
5199 40 4
5200 44 3
5201 57 42
5202 1 37
5203 34 49
5204 14 40
5205 48 13
5206 28 56
5207 31 4
5208 32 50
5209 41 8
5210 41 10
5211 31 60
5212 57 43
5213 34 3
5214 57 41
5215 0 34
5216 37 31
5217 45 15
5218 10 4
5219 12 7
5220 19 46
5221 14 41
5222 36 31
5223 19 13
5224 33 46
5225 23 55
5226 24 7
5227 40 13
5228 58 0
5229 8 57
5230 10 63
5231 27 56
5232 39 9
5233 38 45
5234 10 3
5235 49 13
5236 15 6
5237 23 13
5238 20 46
5239 9 7
5240 31 5
5241 15 37
5242 38 62
5243 29 38
5244 13 40
5245 18 28
5246 33 43
5247 3 52
5248 2 37
5249 1 34
5250 41 11
5251 62 36
5252 22 7
5253 60 38
5254 59 40
5255 25 5
5256 15 36
5257 32 4
5258 16 5
5259 2 50
5260 14 40
5261 23 12
5262 45 14
5263 45 15
5264 57 42
5265 8 56
5266 44 2
5267 16 32
5268 13 4
5269 45 14
5270 45 15
5271 22 4
5272 33 1
5273 61 1
5274 60 32
5275 16 38
5276 13 41
5277 35 50
5278 40 63
5279 22 3
5280 59 42
5281 49 44
5282 28 55
5283 2 52
5284 30 5
5285 32 59
5286 3 50
5287 60 39
5288 28 20
5289 17 28
5290 31 5
5291 49 12
5292 50 44
5293 49 13
5294 14 36
5295 11 7
5296 45 14
5297 61 0
5298 1 35
5299 24 9
5300 42 8
5301 34 43
5302 38 46
5303 34 50
5304 10 2
5305 32 1
5306 23 7
5307 35 45
5308 34 2
5309 25 7
5310 61 33
5311 49 44
5312 60 38
5313 38 48
5314 24 7
5315 16 37
5316 37 31
5317 19 46
5318 27 6
5319 54 15
5320 33 1
5321 14 41
5322 48 12
5323 38 47
5324 60 42
5325 33 43
5326 34 43
5327 48 13
5328 32 3
5329 5 45
5330 15 7
5331 27 7
5332 36 49
5333 15 36
5334 18 26
5335 57 43
5336 15 32
5337 1 34
5338 45 15
5339 20 13
5340 18 28
5341 59 33
5342 5 29
5343 23 13
5344 14 40
5345 16 38
5346 59 0
5347 31 50
5348 57 42
5349 14 36
5350 36 50
5351 15 36
5352 53 15
5353 34 45
5354 58 40
5355 57 41
5356 20 46
5357 19 13
5358 13 5
5359 38 48
5360 17 28
5361 29 37
5362 41 8
5363 11 4
5364 39 63
5365 1 37
5366 42 8
5367 28 19
5368 25 7
5369 41 8
5370 3 52
5371 24 7
5372 22 7
5373 49 13
5374 27 55
5375 35 45
5376 22 4
5377 27 6
5378 33 47
5379 59 32
5380 31 61
5381 33 2
5382 59 42
5383 1 35
5384 35 16
5385 10 7
5386 14 37
5387 38 47
5388 35 49
5389 16 37
5390 28 20
5391 25 7
5392 27 7
5393 42 8
5394 25 53
5395 61 1
5396 57 42
5397 24 8
5398 34 49
5399 40 63
5400 32 4
5401 18 28
5402 46 14
5403 17 4
5404 53 14
5405 24 53
5406 30 5
5407 6 45
5408 32 2
5409 23 56
5410 32 58
5411 12 2
5412 18 4
5413 15 37
5414 30 18
5415 29 20
5416 23 7
5417 16 32
5418 45 14
5419 25 4
5420 27 54
5421 33 1
5422 39 13
5423 44 3
5424 16 3
5425 1 34
5426 32 50
5427 17 5
5428 13 4
5429 15 32
5430 27 6
5431 0 35
5432 14 41
5433 38 63
5434 0 34
5435 39 48
5436 22 3
5437 2 52
5438 31 5
5439 48 13
5440 2 37
5441 60 39
5442 19 26
5443 38 46
5444 13 5
5445 10 3
5446 38 47
5447 40 9
5448 17 36
5449 59 40
5450 28 32
5451 16 32
5452 18 26
5453 12 7
5454 33 2
5455 16 4
5456 14 37
5457 24 9
5458 16 3
5459 24 8
5460 54 13
5461 13 40
5462 32 3
5463 57 41
5464 29 38
5465 34 2
5466 57 42
5467 9 63
5468 14 40
5469 46 14
5470 23 55
5471 31 4
5472 40 13
5473 13 40
5474 33 43
5475 58 45
5476 5 45
5477 13 4
5478 3 52
5479 39 63
5480 36 31
5481 28 20
5482 15 37
5483 1 37
5484 25 5
5485 38 62
5486 60 38
5487 38 46
5488 33 2
5489 58 46
5490 39 13
5491 52 14
5492 9 7
5493 20 13
5494 27 55
5495 31 60
5496 32 59
5497 38 47
5498 35 50
5499 38 48
5500 56 43
5501 32 4
5502 36 49
5503 27 56
5504 17 4
5505 23 12
5506 27 7
5507 23 13
5508 50 44
5509 31 50
5510 16 36
5511 34 43
5512 27 6
5513 34 45
5514 17 28
5515 14 40
5516 48 4
5517 36 54
5518 54 15
5519 19 46
5520 60 42
5521 19 13
5522 36 53
5523 34 50
5524 1 35
5525 31 61
5526 36 54
5527 60 33
5528 25 4
5529 5 53
5530 33 46
5531 49 12
5532 33 0
5533 13 41
5534 18 36
5535 58 45
5536 53 15
5537 61 33
5538 14 37
5539 33 1
5540 23 56
5541 10 7
5542 32 2
5543 27 55
5544 32 58
5545 35 45
5546 23 55
5547 2 52
5548 19 26
5549 25 53
5550 33 43
5551 20 41
5552 10 4
5553 22 7
5554 49 44
5555 25 5
5556 31 18
5557 21 41
5558 22 4
5559 44 2
5560 24 7
5561 17 36
5562 20 41
5563 30 5
5564 50 44
5565 1 34
5566 10 2
5567 27 7
5568 23 7
5569 15 37
5570 57 43
5571 18 4
5572 23 56
5573 41 10
5574 39 9
5575 21 41
5576 45 14
5577 54 15
5578 22 3
5579 37 31
5580 20 46
5581 23 12
5582 39 48
5583 28 31
5584 14 41
5585 15 6
5586 1 35
5587 56 44
5588 60 31
5589 8 57
5590 36 31
5591 24 9
5592 17 4
5593 60 33
5594 32 50
5595 10 3
5596 41 11
5597 11 7
5598 56 43
5599 20 13
5600 20 41
5601 1 34
5602 11 4
5603 2 37
5604 35 17
5605 38 46
5606 32 3
5607 21 41
5608 16 5
5609 40 9
5610 49 44
5611 36 53
5612 34 2
5613 10 63
5614 38 63
5615 60 32
5616 47 14
5617 12 7
5618 32 2
5619 31 50
5620 60 31
5621 29 37
5622 1 37
5623 27 54
5624 61 33
5625 45 15
5626 44 3
5627 58 40
5628 33 2
5629 41 10
5630 0 34
5631 18 36
5632 53 14
5633 1 34
5634 52 14
5635 38 47
5636 28 32
5637 13 41
5638 6 45
5639 59 33
5640 13 5
5641 18 26
5642 34 49
5643 18 4
5644 46 14
5645 10 2
5646 3 52
5647 19 46
5648 9 7
5649 15 32
5650 60 33
5651 10 4
5652 25 7
5653 36 50
5654 34 45
5655 24 53
5656 45 14
5657 59 32
5658 34 50
5659 25 4
5660 19 13
5661 15 36
5662 35 16
5663 22 4
5664 14 36
5665 14 41
5666 32 60
5667 44 2
5668 23 13
5669 11 7
5670 46 15
5671 1 35
5672 17 5
5673 25 5
5674 45 15
5675 25 53
5676 10 3
5677 40 63
5678 38 46
5679 22 3
5680 35 50
5681 49 13
5682 32 1
5683 32 59
5684 17 36
5685 49 4
5686 16 36
5687 59 33
5688 10 7
5689 25 4
5690 5 30
5691 23 2
5692 1 34
5693 22 7
5694 8 56
5695 36 54
5696 62 37
5697 53 15
5698 27 6
5699 59 32
5700 15 36
5701 35 17
5702 31 5
5703 20 46
5704 23 12
5705 14 37
5706 59 42
5707 57 42
5708 24 53
5709 14 40
5710 34 43
5711 27 55
5712 8 57
5713 18 28
5714 29 38
5715 19 46
5716 54 15
5717 31 4
5718 40 13
5719 31 60
5720 41 8
5721 53 15
5722 2 52
5723 39 63
5724 48 4
5725 31 5
5726 48 13
5727 49 4
5728 39 9
5729 54 15
# colocadas=5730 ocupadas=100 mayor=390
