0 0 25
1 9 43
2 36 28
3 36 27
4 36 28
5 36 26
6 50 8
7 7 63
8 14 48
9 9 44
10 9 43
11 60 44
12 13 49
13 63 37
14 13 48
15 13 49
16 3 14
17 2 49
18 5 6
19 36 27
20 40 26
21 40 27
22 5 7
23 5 6
24 4 14
25 62 37
26 63 37
27 3 14
28 40 26
29 4 13
30 13 50
31 4 6
32 8 43
33 2 50
34 9 43
35 36 26
36 41 26
37 5 13
38 13 49
39 14 47
40 14 48
41 12 50
42 4 14
43 2 49
44 13 50
45 40 26
46 36 27
47 5 6
48 61 37
49 62 37
50 41 27
51 5 8
52 13 49
53 40 27
54 2 50
55 8 43
56 9 43
57 12 49
58 6 63
59 50 7
60 0 24
61 6 8
62 35 28
63 0 25
64 12 50
65 36 28
66 4 13
67 12 51
68 11 51
69 13 50
70 7 63
71 10 43
72 41 27
73 13 49
74 15 48
75 9 43
76 12 48
77 14 48
78 10 42
79 5 8
80 40 27
81 3 14
82 10 51
83 15 48
84 63 37
85 2 49
86 11 48
87 61 38
88 10 41
89 36 26
90 4 14
91 5 7
92 59 44
93 36 27
94 3 14
95 41 26
96 36 28
97 14 48
98 13 48
99 0 23
100 40 26
101 11 41
102 11 47
103 13 50
104 61 39
105 10 41
106 2 50
107 50 8
108 11 48
109 0 24
110 0 22
111 0 25
112 14 48
113 5 6
114 41 26
115 5 13
116 0 23
117 13 49
118 8 42
119 8 43
120 62 37
121 0 24
122 36 27
123 4 14
124 8 42
125 8 43
126 37 26
127 11 47
128 5 7
129 36 26
130 60 44
131 5 6
132 63 37
133 59 44
134 60 44
135 36 28
136 11 48
137 50 7
138 11 51
139 36 27
140 40 26
141 41 27
142 15 48
143 62 37
144 13 50
145 9 44
146 6 63
147 9 43
148 59 44
149 3 14
150 40 27
151 0 22
152 6 8
153 60 44
154 4 13
155 50 8
156 0 23
157 4 14
158 14 48
159 40 26
160 9 44
161 5 7
162 3 14
163 9 43
164 0 25
165 13 49
166 13 48
167 4 14
168 35 28
169 8 42
170 63 37
171 11 41
172 11 47
173 62 37
174 5 13
175 12 50
176 13 50
177 14 48
178 59 44
179 36 28
180 0 24
181 12 49
182 40 27
183 10 41
184 60 44
185 13 49
186 59 44
187 3 14
188 35 28
189 14 47
190 11 48
191 9 44
192 12 50
193 5 6
194 41 26
195 13 48
196 14 48
197 13 48
198 40 26
199 5 7
200 60 44
201 59 44
202 41 26
203 4 14
204 7 63
205 40 26
206 13 49
207 50 7
208 9 43
209 14 48
210 13 48
211 5 6
212 36 28
213 0 22
214 2 49
215 15 48
216 11 47
217 63 37
218 0 23
219 5 7
220 14 48
221 6 63
222 0 22
223 0 23
224 41 27
225 5 8
226 7 63
227 40 27
228 62 37
229 4 13
230 63 37
231 14 47
232 9 44
233 11 48
234 5 13
235 9 43
236 11 41
237 10 41
238 50 8
239 62 37
240 36 27
241 61 38
242 8 43
243 0 25
244 8 42
245 8 43
246 0 24
247 9 44
248 9 43
249 63 37
250 41 26
251 14 48
252 2 50
253 2 49
254 11 47
255 40 26
256 36 28
257 41 26
258 60 44
259 6 63
260 61 39
261 1 25
262 6 8
263 61 38
264 62 37
265 5 8
266 5 6
267 13 47
268 13 50
269 63 37
270 7 63
271 3 14
272 8 43
273 62 37
274 9 43
275 35 27
276 36 27
277 13 48
278 50 7
279 63 37
280 40 26
281 2 50
282 9 44
283 9 43
284 0 25
285 11 41
286 50 8
287 50 7
288 59 44
289 0 24
290 35 28
291 4 13
292 5 13
293 11 48
294 9 44
295 50 8
296 14 47
297 2 49
298 9 43
299 14 48
300 8 44
301 62 37
302 0 25
303 36 28
304 5 7
305 11 47
306 63 37
307 10 51
308 4 13
309 6 8
310 9 44
311 35 28
312 4 14
313 3 14
314 13 49
315 11 48
316 15 47
317 11 51
318 5 13
319 11 47
320 5 8
321 60 44
322 4 14
323 12 48
324 10 51
325 13 48
326 59 44
327 3 14
328 50 7
329 13 49
330 8 43
331 36 28
332 6 63
333 4 13
334 13 48
335 10 41
336 35 28
337 2 50
338 11 48
339 9 43
340 50 8
341 7 63
342 36 28
343 61 39
344 61 38
345 5 13
346 61 39
347 8 42
348 6 8
349 5 8
350 11 51
351 12 48
352 11 47
353 5 6
354 11 41
355 36 27
356 10 41
357 2 25
358 2 49
359 40 27
360 14 47
361 13 47
362 13 48
363 2 50
364 11 48
365 50 7
366 6 63
367 36 28
368 35 28
369 60 44
370 12 47
371 12 48
372 11 48
373 11 41
374 13 50
375 62 37
376 61 38
377 8 43
378 7 63
379 50 8
380 50 7
381 36 28
382 6 63
383 12 49
384 8 42
385 11 47
386 7 63
387 59 44
388 6 8
389 8 43
390 12 48
391 9 44
392 9 43
393 6 63
394 10 41
395 63 37
396 5 8
397 13 49
398 10 51
399 6 8
400 40 26
401 12 49
402 13 49
403 11 48
404 41 26
405 60 44
406 4 14
407 3 25
408 7 63
409 5 8
410 12 47
411 36 27
412 40 26
413 59 44
414 3 14
415 4 14
416 50 8
417 36 28
418 50 7
419 41 27
420 5 7
421 12 50
422 35 27
423 13 50
424 60 44
425 9 44
426 36 27
427 2 25
428 14 48
429 59 44
430 9 43
431 36 26
432 62 37
433 13 48
434 50 8
435 11 47
436 3 25
437 8 42
438 12 48
439 61 39
440 14 48
441 12 49
442 2 49
443 2 25
444 6 8
445 4 13
446 36 27
447 35 28
448 40 27
449 11 48
450 11 47
451 50 7
452 61 38
453 8 43
454 41 26
455 9 44
456 11 51
457 6 63
458 61 39
459 3 25
460 13 49
461 13 48
462 13 49
463 5 13
464 13 50
465 40 26
466 9 43
467 3 14
468 2 25
469 4 13
470 3 25
471 2 50
472 2 49
473 4 14
474 2 25
475 13 49
476 11 41
477 50 8
478 13 48
479 8 43
480 9 43
481 11 48
482 3 25
483 2 25
484 60 44
485 8 43
486 3 14
487 4 14
488 41 27
489 12 49
490 59 44
491 2 50
492 9 43
493 3 14
494 61 38
495 2 49
496 40 27
497 13 49
498 5 6
499 36 28
500 50 7
501 60 44
502 5 13
503 0 24
504 3 25
505 61 39
506 59 44
507 5 7
508 10 51
509 60 44
510 2 50
511 2 49
512 0 25
513 40 26
514 59 44
515 10 41
516 35 27
517 11 51
518 12 48
519 0 24
520 2 50
521 9 44
522 40 27
523 10 51
524 50 8
525 11 41
526 12 49
527 63 37
528 0 25
529 11 46
530 9 43
531 4 14
532 5 8
533 41 26
534 3 14
535 11 47
536 13 49
537 36 27
538 11 48
539 61 38
540 12 48
541 61 39
542 2 49
543 14 48
544 35 28
545 40 26
546 7 63
547 40 27
548 10 41
549 12 50
550 36 28
551 8 42
552 36 26
553 40 26
554 6 8
555 2 50
556 13 48
557 6 63
558 9 44
559 2 25
560 11 41
561 36 27
562 13 50
563 12 49
564 5 6
565 41 26
566 5 8
567 61 38
568 5 7
569 4 13
570 2 49
571 7 63
572 10 41
573 0 24
574 11 41
575 13 49
576 8 43
577 5 13
578 11 51
579 50 7
580 11 48
581 12 48
582 13 48
583 9 43
584 8 43
585 61 39
586 6 8
587 50 8
588 4 14
589 10 51
590 4 13
591 14 48
592 9 43
593 0 25
594 5 13
595 2 50
596 40 26
597 12 50
598 4 13
599 5 8
600 36 26
601 50 7
602 13 48
603 0 24
604 0 25
605 41 26
606 3 14
607 0 24
608 6 8
609 50 8
610 14 47
611 5 13
612 13 50
613 13 49
614 11 51
615 61 38
616 40 26
617 11 47
618 11 48
619 8 43
620 62 37
621 13 50
622 36 27
623 50 7
624 11 47
625 5 6
626 35 28
627 4 14
628 3 14
629 50 8
630 63 37
631 9 43
632 41 26
633 5 7
634 61 39
635 36 28
636 35 27
637 14 48
638 12 50
639 3 25
640 61 38
641 5 6
642 40 26
643 8 43
644 13 50
645 4 13
646 0 25
647 36 27
648 12 49
649 13 49
650 0 24
651 9 43
652 35 28
653 8 43
654 36 28
655 10 51
656 40 27
657 62 37
658 40 26
659 12 49
660 2 25
661 60 44
662 13 49
663 61 39
664 59 44
665 35 27
666 4 14
667 0 25
668 41 27
669 61 38
670 13 50
671 9 43
672 11 48
673 40 27
674 2 49
675 5 13
676 14 47
677 5 7
678 14 48
679 8 42
680 8 43
681 50 7
682 3 14
683 11 51
684 4 14
685 5 8
686 11 47
687 10 51
688 13 48
689 5 6
690 41 27
691 2 50
692 11 51
693 14 48
694 50 8
695 40 27
696 3 14
697 8 42
698 2 49
699 4 14
700 61 39
701 6 63
702 50 7
703 11 48
704 36 27
705 13 49
706 5 7
707 61 38
708 13 48
709 3 25
710 3 14
711 41 26
712 4 13
713 13 49
714 8 43
715 8 42
716 8 43
717 0 24
718 12 50
719 40 26
720 13 48
721 10 51
722 13 50
723 11 47
724 7 63
725 10 41
726 0 25
727 9 44
728 11 48
729 36 26
730 11 51
731 63 37
732 50 8
733 50 7
734 6 63
735 9 43
736 11 47
737 13 49
738 61 39
739 50 8
740 4 14
741 14 48
742 7 63
743 8 43
744 5 13
745 6 63
746 2 25
747 36 27
748 61 38
749 3 25
750 9 43
751 2 50
752 6 8
753 13 50
754 9 44
755 36 26
756 7 63
757 3 14
758 10 51
759 4 14
760 12 49
761 4 13
762 9 43
763 6 63
764 5 13
765 11 51
766 5 8
767 11 41
768 61 39
769 0 24
770 60 44
771 2 49
772 13 49
773 59 44
774 8 44
775 36 27
776 50 7
777 50 8
778 3 14
779 60 44
780 11 48
781 11 47
782 40 27
783 10 51
784 61 38
785 4 13
786 50 7
787 4 14
788 9 44
789 0 25
790 50 8
791 3 14
792 61 39
793 62 37
794 6 8
795 11 48
796 5 6
797 0 24
798 4 14
799 14 47
800 50 7
801 13 50
802 14 48
803 40 26
804 63 37
805 59 44
806 13 49
807 12 50
808 62 37
809 8 43
810 2 50
811 5 13
812 2 25
813 41 27
814 12 48
815 13 48
816 13 50
817 50 8
818 3 14
819 50 7
820 12 49
821 61 38
822 3 25
823 40 27
824 14 47
825 10 41
826 41 26
827 63 37
828 13 49
829 5 8
830 61 39
831 2 49
832 12 49
833 14 48
834 13 48
835 35 28
836 9 43
837 0 25
838 8 42
839 62 37
840 40 26
841 60 44
842 9 44
843 9 43
844 50 8
845 8 43
846 14 48
847 0 24
848 41 27
849 13 49
850 7 63
851 12 50
852 12 48
853 8 42
854 13 50
855 50 7
856 13 48
857 0 25
858 14 47
859 50 8
860 11 47
861 8 43
862 11 48
863 13 49
864 40 27
865 0 24
866 36 28
867 11 51
868 41 27
869 12 47
870 10 51
871 13 50
872 14 48
873 5 7
874 11 47
875 13 47
876 6 63
877 7 63
878 6 8
879 9 44
880 2 25
881 63 37
882 61 38
883 4 14
884 61 39
885 40 27
886 2 50
887 50 7
888 12 47
889 50 8
890 0 25
891 40 26
892 11 47
893 35 28
894 12 48
895 13 49
896 9 43
897 61 38
898 11 48
899 2 49
900 4 13
901 5 8
902 50 7
903 36 28
904 12 48
905 62 37
906 13 48
907 6 8
908 36 27
909 50 8
910 59 44
911 3 14
912 11 48
913 5 13
914 36 28
915 6 63
916 35 28
917 50 7
918 11 51
919 40 27
920 12 48
921 60 44
922 11 41
923 7 63
924 0 24
925 36 28
926 8 42
927 14 47
928 14 48
929 2 50
930 50 8
931 10 51
932 3 25
933 36 27
934 4 13
935 8 43
936 0 25
937 9 44
938 6 63
939 5 13
940 2 49
941 9 43
942 2 25
943 13 47
944 59 44
945 11 51
946 3 25
947 8 43
948 36 28
949 13 50
950 60 44
951 13 49
952 63 37
953 10 51
954 0 24
955 9 43
956 50 7
957 2 50
958 11 51
959 8 44
960 2 25
961 5 8
962 9 44
963 13 48
964 8 43
965 14 47
966 9 43
967 15 47
968 5 6
969 41 26
970 40 26
971 4 14
972 41 27
973 3 25
974 5 7
975 14 48
976 13 48
977 59 44
978 2 49
979 2 25
980 10 51
981 12 47
982 4 13
983 14 48
984 11 48
985 5 13
986 35 27
987 3 14
988 8 42
989 4 14
990 10 41
991 3 25
992 11 41
993 7 63
994 40 27
995 11 47
996 2 25
997 9 44
998 3 25
999 40 26
1000 2 50
1001 2 25
1002 36 27
1003 10 41
1004 40 27
1005 2 49
1006 60 44
1007 61 39
1008 36 26
1009 36 27
1010 8 43
1011 6 63
1012 11 51
1013 35 28
1014 3 14
1015 10 48
1016 59 44
1017 61 38
1018 36 28
1019 35 27
1020 2 50
1021 7 63
1022 6 63
1023 62 37
1024 13 48
1025 5 6
1026 7 63
1027 9 43
1028 5 7
1029 6 63
1030 11 41
1031 10 51
1032 2 49
1033 36 27
1034 60 44
1035 50 8
1036 3 25
1037 11 51
1038 9 44
1039 41 26
1040 5 6
1041 11 48
1042 59 44
1043 9 43
1044 36 28
1045 60 44
1046 13 49
1047 0 25
1048 4 13
1049 40 26
1050 61 39
1051 6 8
1052 41 27
1053 5 7
1054 50 7
1055 2 50
1056 14 47
1057 5 13
1058 7 63
1059 6 63
1060 61 38
1061 40 27
1062 50 8
1063 7 63
1064 41 26
1065 40 26
1066 11 47
1067 10 41
1068 63 37
1069 11 48
1070 4 13
1071 59 44
1072 36 27
1073 6 63
1074 8 43
1075 13 48
1076 5 13
1077 5 6
1078 61 39
1079 4 14
1080 41 27
1081 4 13
1082 40 27
1083 3 14
1084 2 49
1085 62 37
1086 5 7
1087 14 48
1088 11 47
1089 5 13
1090 14 47
1091 11 48
1092 14 48
1093 60 44
1094 7 63
1095 13 48
1096 36 26
1097 9 43
1098 8 42
1099 2 50
1100 41 27
1101 36 27
1102 2 25
1103 14 48
1104 3 25
1105 59 44
1106 4 14
1107 8 43
1108 2 49
1109 5 8
1110 36 28
1111 63 37
1112 3 14
1113 60 44
1114 13 47
1115 0 24
1116 2 25
1117 10 51
1118 8 42
1119 11 41
1120 40 27
1121 4 14
1122 36 27
1123 41 26
1124 13 48
1125 5 6
1126 2 50
1127 40 26
1128 41 27
1129 6 8
1130 59 44
1131 11 51
1132 5 8
1133 13 50
1134 13 49
1135 40 27
1136 60 44
1137 6 63
1138 40 26
1139 6 8
1140 9 44
1141 5 7
1142 5 8
1143 4 13
1144 10 51
1145 59 44
1146 37 26
1147 11 47
1148 0 25
1149 62 37
1150 8 43
1151 13 48
1152 63 37
1153 61 38
1154 0 24
1155 12 49
1156 40 27
1157 61 39
1158 62 37
1159 36 26
1160 13 49
1161 0 25
1162 11 51
1163 3 14
1164 12 50
1165 13 50
1166 37 26
1167 3 25
1168 41 26
1169 61 38
1170 40 26
1171 2 49
1172 2 50
1173 60 44
1174 63 37
1175 2 25
1176 7 63
1177 3 25
1178 5 6
1179 9 43
1180 41 27
1181 6 8
1182 40 27
1183 11 48
1184 36 28
1185 0 24
1186 10 51
1187 8 44
1188 62 37
1189 13 49
1190 9 44
1191 2 49
1192 6 63
1193 5 13
1194 9 43
1195 36 26
1196 2 50
1197 36 27
1198 13 50
1199 36 28
1200 5 8
1201 0 25
1202 12 47
1203 36 27
1204 63 37
1205 11 51
1206 7 63
1207 12 49
1208 13 49
1209 61 39
1210 6 63
1211 62 37
1212 35 28
1213 36 28
1214 2 25
1215 10 51
1216 14 48
1217 0 24
1218 13 48
1219 59 44
1220 7 63
1221 9 44
1222 36 27
1223 4 13
1224 8 43
1225 13 49
1226 11 47
1227 60 44
1228 59 44
1229 9 43
1230 36 28
1231 12 47
1232 63 37
1233 3 25
1234 5 13
1235 6 63
1236 8 43
1237 6 8
1238 9 43
1239 7 63
1240 13 50
1241 60 44
1242 11 51
1243 50 7
1244 2 49
1245 50 8
1246 0 25
1247 11 47
1248 2 25
1249 13 49
1250 3 25
1251 2 50
1252 9 44
1253 11 48
1254 2 49
1255 9 43
1256 50 7
1257 50 8
1258 41 26
1259 40 26
1260 62 37
1261 2 25
1262 10 51
1263 41 27
1264 5 7
1265 10 41
1266 35 27
1267 0 24
1268 3 25
1269 9 44
1270 63 37
1271 36 27
1272 9 43
1273 6 63
1274 11 41
1275 2 50
1276 50 7
1277 4 14
1278 8 42
1279 62 37
1280 0 25
1281 40 27
1282 5 6
1283 13 48
1284 10 41
1285 2 49
1286 5 7
1287 2 50
1288 5 6
1289 5 7
1290 12 50
1291 59 44
1292 4 13
1293 11 47
1294 40 26
1295 7 63
1296 11 41
1297 10 41
1298 35 28
1299 13 50
1300 3 14
1301 50 8
1302 11 41
1303 63 37
1304 10 41
1305 9 44
1306 9 43
1307 9 44
1308 36 28
1309 5 6
1310 5 8
1311 6 63
1312 62 37
1313 14 48
1314 12 49
1315 13 48
1316 11 41
1317 10 41
1318 40 27
1319 50 7
1320 40 26
1321 8 43
1322 11 41
1323 2 49
1324 63 37
1325 14 48
1326 7 63
1327 2 50
1328 60 44
1329 11 51
1330 6 63
1331 40 27
1332 10 41
1333 4 14
1334 5 13
1335 11 41
1336 10 51
1337 59 44
1338 50 8
1339 50 7
1340 11 48
1341 5 7
1342 61 38
1343 60 44
1344 62 37
1345 36 27
1346 10 41
1347 11 41
1348 13 48
1349 14 48
1350 59 44
1351 13 49
1352 61 39
1353 41 26
1354 13 48
1355 60 44
1356 11 47
1357 14 48
1358 63 37
1359 13 48
1360 7 63
1361 2 25
1362 6 63
1363 59 44
1364 12 48
1365 11 51
1366 7 63
1367 36 28
1368 40 26
1369 50 8
1370 12 49
1371 11 48
1372 61 38
1373 6 63
1374 40 27
1375 7 63
1376 50 7
1377 12 47
1378 3 14
1379 11 47
1380 13 49
1381 0 24
1382 14 48
1383 6 8
1384 0 25
1385 4 13
1386 13 48
1387 9 43
1388 35 28
1389 62 37
1390 63 37
1391 4 14
1392 8 44
1393 0 24
1394 0 25
1395 6 63
1396 7 63
1397 11 48
1398 5 8
1399 40 26
1400 11 47
1401 9 44
1402 3 25
1403 0 24
1404 36 28
1405 35 27
1406 12 47
1407 8 43
1408 13 50
1409 36 27
1410 2 49
1411 35 28
1412 36 28
1413 41 27
1414 2 25
1415 2 50
1416 13 49
1417 6 8
1418 50 8
1419 3 14
1420 11 47
1421 12 47
1422 12 50
1423 0 25
1424 10 51
1425 5 8
1426 5 13
1427 11 51
1428 35 28
1429 13 50
1430 40 27
1431 11 47
1432 12 49
1433 10 41
1434 9 43
1435 3 25
1436 2 49
1437 2 25
1438 8 42
1439 0 24
1440 12 48
1441 4 13
1442 9 44
1443 2 50
1444 0 25
1445 10 51
1446 11 51
1447 40 26
1448 5 13
1449 11 48
1450 0 24
1451 5 6
1452 36 28
1453 36 27
1454 6 8
1455 13 49
1456 14 48
1457 4 14
1458 13 48
1459 61 39
1460 4 13
1461 2 49
1462 36 28
1463 11 41
1464 13 50
1465 9 43
1466 3 14
1467 10 51
1468 35 27
1469 12 47
1470 11 47
1471 5 13
1472 13 49
1473 36 27
1474 9 44
1475 14 48
1476 50 7
1477 12 48
1478 8 43
1479 10 41
1480 9 43
1481 5 8
1482 11 41
1483 3 25
1484 2 50
1485 40 27
1486 10 41
1487 8 44
1488 60 44
1489 13 48
1490 6 8
1491 12 48
1492 6 63
1493 36 28
1494 5 7
1495 13 48
1496 36 27
1497 11 51
1498 5 6
1499 5 7
1500 4 14
1501 0 25
1502 2 25
1503 36 28
1504 14 47
1505 0 24
1506 14 48
1507 5 8
1508 7 63
1509 11 41
1510 11 46
1511 41 27
1512 11 47
1513 9 44
1514 3 14
1515 11 48
1516 6 63
1517 13 49
1518 2 49
1519 8 44
1520 36 27
1521 3 25
1522 2 25
1523 13 48
1524 5 6
1525 62 37
1526 0 25
1527 36 26
1528 2 50
1529 12 47
1530 9 44
1531 5 7
1532 13 50
1533 3 25
1534 4 13
1535 36 27
1536 5 13
1537 63 37
1538 6 8
1539 61 38
1540 4 13
1541 10 51
1542 0 24
1543 40 27
1544 2 25
1545 13 49
1546 59 44
1547 40 26
1548 0 25
1549 50 8
1550 36 28
1551 36 27
1552 9 43
1553 37 26
1554 11 47
1555 12 48
1556 5 8
1557 10 41
1558 12 46
1559 40 27
1560 61 39
1561 5 6
1562 36 26
1563 60 44
1564 40 26
1565 36 28
1566 62 37
1567 11 51
1568 50 7
1569 5 13
1570 61 38
1571 0 24
1572 0 25
1573 5 7
1574 7 63
1575 61 39
1576 36 27
1577 35 28
1578 9 44
1579 6 8
1580 59 44
1581 14 48
1582 9 43
1583 13 48
1584 5 8
1585 11 41
1586 6 8
1587 5 6
1588 13 50
1589 11 48
1590 12 47
1591 9 44
1592 5 8
1593 50 8
1594 6 8
1595 2 49
1596 50 7
1597 4 13
1598 40 27
1599 10 41
1600 5 7
1601 10 51
1602 13 49
1603 3 25
1604 11 51
1605 13 50
1606 36 28
1607 60 44
1608 61 38
1609 2 50
1610 59 44
1611 40 26
1612 5 6
1613 14 48
1614 11 47
1615 8 44
1616 13 48
1617 9 44
1618 0 24
1619 63 37
1620 9 43
1621 36 26
1622 62 37
1623 6 63
1624 60 44
1625 11 48
1626 63 37
1627 11 41
1628 50 8
1629 11 47
1630 5 8
1631 40 27
1632 2 49
1633 59 44
1634 13 49
1635 41 26
1636 2 50
1637 11 48
1638 10 41
1639 7 63
1640 11 41
1641 14 47
1642 36 27
1643 40 26
1644 36 26
1645 6 63
1646 5 7
1647 10 51
1648 5 6
1649 11 47
1650 61 39
1651 2 25
1652 13 50
1653 10 41
1654 4 14
1655 14 48
1656 36 27
1657 36 26
1658 7 63
1659 11 41
1660 13 47
1661 36 27
1662 13 48
1663 41 26
1664 13 49
1665 0 25
1666 9 44
1667 2 49
1668 8 43
1669 50 7
1670 12 48
1671 11 51
1672 13 48
1673 50 8
1674 2 50
1675 10 41
1676 13 50
1677 6 8
1678 9 43
1679 0 24
1680 2 49
1681 2 50
1682 60 44
1683 40 26
1684 50 7
1685 5 13
1686 2 49
1687 12 48
1688 0 25
1689 4 13
1690 50 8
1691 8 42
1692 37 26
1693 5 7
1694 5 6
1695 11 48
1696 36 26
1697 2 50
1698 62 37
1699 13 49
1700 36 28
1701 3 25
1702 5 7
1703 0 24
1704 2 25
1705 36 27
1706 37 26
1707 14 47
1708 14 48
1709 41 26
1710 0 25
1711 2 49
1712 36 28
1713 14 47
1714 5 13
1715 11 41
1716 50 7
1717 50 8
1718 50 7
1719 63 37
1720 13 50
1721 4 13
1722 3 25
1723 3 14
1724 10 41
1725 2 50
1726 59 44
1727 8 43
1728 5 8
1729 0 24
1730 5 13
1731 12 47
1732 40 26
1733 36 27
1734 11 47
1735 8 42
1736 5 6
1737 11 48
1738 60 44
1739 14 48
1740 41 27
1741 40 27
1742 62 37
1743 10 51
1744 61 38
1745 14 47
1746 14 48
1747 9 44
1748 9 43
1749 14 47
1750 2 25
1751 8 43
1752 8 42
1753 63 37
1754 36 28
1755 11 47
1756 59 44
1757 41 26
1758 40 26
1759 11 48
1760 2 49
1761 50 8
1762 62 37
1763 13 49
1764 3 25
1765 60 44
1766 11 41
1767 6 63
1768 63 37
1769 4 13
1770 8 43
1771 10 41
1772 2 25
1773 5 13
1774 2 50
1775 8 42
1776 59 44
1777 13 50
1778 40 27
1779 62 37
1780 63 37
1781 2 49
1782 40 26
1783 7 63
1784 8 43
1785 40 27
1786 5 7
1787 11 47
1788 50 7
1789 50 8
1790 40 26
1791 14 48
1792 12 47
1793 41 26
1794 11 47
1795 8 42
1796 62 37
1797 6 8
1798 36 27
1799 63 37
1800 4 14
1801 0 25
1802 50 7
1803 62 37
1804 3 14
1805 13 48
1806 11 48
1807 8 43
1808 2 50
1809 40 26
1810 11 51
1811 4 14
1812 60 44
1813 61 39
1814 5 6
1815 41 27
1816 14 48
1817 4 13
1818 11 47
1819 9 44
1820 63 37
1821 3 25
1822 10 51
1823 13 49
1824 9 43
1825 0 24
1826 13 48
1827 36 28
1828 11 51
1829 61 38
1830 5 8
1831 5 7
1832 40 27
1833 61 39
1834 5 13
1835 10 51
1836 14 48
1837 12 48
1838 41 26
1839 36 26
1840 11 41
1841 9 44
1842 4 13
1843 36 27
1844 13 48
1845 6 8
1846 15 48
1847 62 37
1848 11 48
1849 12 48
1850 9 43
1851 40 26
1852 50 8
1853 2 49
1854 11 48
1855 14 48
1856 3 14
1857 10 41
1858 13 49
1859 0 25
1860 61 38
1861 61 39
1862 5 6
1863 5 8
1864 11 47
1865 59 44
1866 6 8
1867 60 44
1868 11 48
1869 8 44
1870 13 47
1871 5 13
1872 40 27
1873 9 44
1874 13 48
1875 6 63
1876 5 8
1877 63 37
1878 40 26
1879 0 24
1880 2 50
1881 61 38
1882 8 44
1883 40 27
1884 9 44
1885 40 26
1886 6 8
1887 14 47
1888 0 25
1889 62 37
1890 50 7
1891 12 47
1892 2 49
1893 7 63
1894 8 43
1895 36 28
1896 61 39
1897 63 37
1898 50 8
1899 4 14
1900 14 48
1901 11 47
1902 11 41
1903 10 41
1904 41 27
1905 40 27
1906 3 14
1907 41 26
1908 9 43
1909 2 25
1910 4 13
1911 11 51
1912 3 25
1913 6 63
1914 62 37
1915 9 44
1916 63 37
1917 7 63
1918 2 50
1919 59 44
1920 13 48
1921 15 48
1922 4 14
1923 14 48
1924 12 47
1925 40 26
1926 13 47
1927 9 43
1928 11 41
1929 3 14
1930 5 7
1931 2 49
1932 41 26
1933 10 51
1934 4 14
1935 11 47
1936 8 42
1937 11 51
1938 5 8
1939 60 44
1940 13 48
1941 6 63
1942 40 26
1943 10 51
1944 5 13
1945 4 13
1946 3 14
1947 2 25
1948 5 6
1949 59 44
1950 36 27
1951 41 27
1952 50 7
1953 8 43
1954 35 28
1955 0 24
1956 6 8
1957 14 47
1958 8 42
1959 40 27
1960 5 13
1961 0 25
1962 12 47
1963 2 50
1964 62 37
1965 8 43
1966 11 47
1967 11 51
1968 9 44
1969 14 48
1970 9 43
1971 5 8
1972 15 48
1973 14 48
1974 11 48
1975 8 43
1976 13 47
1977 11 47
1978 11 48
1979 6 8
1980 4 14
1981 50 8
1982 9 43
1983 11 47
1984 60 44
1985 50 7
1986 5 8
1987 7 63
1988 4 13
1989 6 63
1990 10 51
1991 12 48
1992 3 14
1993 3 25
1994 7 63
1995 6 8
1996 10 41
1997 5 13
1998 6 63
1999 12 47
2000 0 24
2001 36 28
2002 35 28
2003 4 13
2004 11 48
2005 36 28
2006 13 49
2007 5 7
2008 0 25
2009 61 38
2010 5 6
2011 0 24
2012 59 44
2013 60 44
2014 8 42
2015 5 7
2016 9 44
2017 35 27
2018 8 43
2019 5 6
2020 59 44
2021 9 43
2022 11 46
2023 11 47
2024 41 26
2025 50 8
2026 12 48
2027 60 44
2028 2 49
2029 2 25
2030 4 14
2031 0 25
2032 11 51
2033 7 63
2034 2 50
2035 10 48
2036 2 49
2037 3 25
2038 13 48
2039 14 48
2040 40 26
2041 11 48
2042 5 13
2043 61 39
2044 2 25
2045 36 27
2046 13 48
2047 50 7
2048 4 13
2049 41 27
2050 5 13
2051 6 63
2052 8 44
2053 11 47
2054 59 44
2055 61 38
2056 5 8
2057 2 50
2058 11 48
2059 12 47
2060 35 28
2061 6 8
2062 5 7
2063 9 44
2064 63 37
2065 5 8
2066 10 47
2067 5 6
2068 5 7
2069 36 28
2070 9 43
2071 35 27
2072 3 25
2073 13 49
2074 9 44
2075 5 6
2076 40 27
2077 60 44
2078 8 43
2079 7 63
2080 11 47
2081 6 8
2082 2 49
2083 41 26
2084 12 48
2085 13 48
2086 2 50
2087 5 8
2088 2 25
2089 61 39
2090 36 27
2091 40 26
2092 6 63
2093 13 50
2094 59 44
2095 36 26
2096 7 63
2097 50 8
2098 13 49
2099 6 63
2100 10 48
2101 11 48
2102 10 51
2103 2 49
2104 6 8
2105 12 50
2106 3 14
2107 9 43
2108 41 27
2109 40 27
2110 61 38
2111 7 63
2112 50 7
2113 8 43
2114 61 39
2115 50 8
2116 5 8
2117 0 24
2118 4 13
2119 11 51
2120 6 8
2121 6 63
2122 5 7
2123 9 43
2124 7 63
2125 8 44
2126 0 25
2127 3 25
2128 9 44
2129 5 8
2130 36 27
2131 5 6
2132 9 43
2133 13 48
2134 5 13
2135 4 13
2136 6 63
2137 6 8
2138 41 26
2139 50 7
2140 4 14
2141 40 26
2142 12 48
2143 10 51
2144 11 48
2145 3 14
2146 2 25
2147 7 63
2148 4 14
2149 12 48
2150 50 8
2151 13 50
2152 41 27
2153 11 48
2154 60 44
2155 11 41
2156 50 7
2157 9 44
2158 3 25
2159 36 26
2160 5 8
2161 3 14
2162 12 49
2163 14 48
2164 5 7
2165 2 25
2166 13 49
2167 0 24
2168 12 48
2169 8 44
2170 9 44
2171 11 48
2172 6 8
2173 6 63
2174 36 27
2175 12 50
2176 62 37
2177 35 28
2178 36 28
2179 13 48
2180 40 27
2181 7 63
2182 13 50
2183 11 47
2184 11 48
2185 2 50
2186 63 37
2187 5 13
2188 8 43
2189 41 27
2190 12 50
2191 4 13
2192 11 51
2193 10 41
2194 50 8
2195 13 49
2196 3 25
2197 10 51
2198 62 37
2199 9 43
2200 11 51
2201 11 41
2202 13 50
2203 12 50
2204 6 63
2205 0 25
2206 5 6
2207 13 48
2208 61 38
2209 5 13
2210 36 27
2211 36 28
2212 50 7
2213 61 39
2214 5 7
2215 7 63
2216 4 13
2217 5 8
2218 59 44
2219 40 27
2220 63 37
2221 2 25
2222 62 37
2223 2 49
2224 35 28
2225 13 50
2226 14 47
2227 50 8
2228 2 50
2229 13 49
2230 61 38
2231 61 39
2232 3 25
2233 10 41
2234 11 41
2235 0 24
2236 2 49
2237 12 47
2238 2 50
2239 11 47
2240 36 28
2241 36 26
2242 2 49
2243 41 27
2244 36 27
2245 40 27
2246 2 50
2247 61 38
2248 35 28
2249 41 27
2250 5 6
2251 6 8
2252 5 8
2253 6 63
2254 11 48
2255 61 39
2256 10 41
2257 11 47
2258 40 27
2259 13 50
2260 12 48
2261 60 44
2262 11 41
2263 50 7
2264 11 48
2265 10 51
2266 5 7
2267 8 43
2268 11 51
2269 4 14
2270 6 8
2271 5 6
2272 5 7
2273 40 26
2274 59 44
2275 2 25
2276 14 48
2277 7 63
2278 60 44
2279 9 43
2280 9 44
2281 12 47
2282 14 47
2283 5 8
2284 10 51
2285 36 28
2286 50 8
2287 5 6
2288 6 8
2289 40 27
2290 9 43
2291 8 43
2292 14 48
2293 0 25
2294 11 47
2295 11 51
2296 6 63
2297 13 49
2298 0 24
2299 50 7
2300 7 63
2301 36 26
2302 0 25
2303 0 24
2304 6 63
2305 9 43
2306 14 47
2307 12 47
2308 11 47
2309 12 48
2310 11 48
2311 5 7
2312 50 8
2313 5 8
2314 10 41
2315 5 6
2316 63 37
2317 14 48
2318 41 27
2319 36 27
2320 14 47
2321 7 63
2322 14 48
2323 0 25
2324 40 27
2325 41 26
2326 62 37
2327 63 37
2328 59 44
2329 12 47
2330 13 50
2331 37 26
2332 13 49
2333 11 41
2334 5 13
2335 62 37
2336 6 63
2337 10 51
2338 12 48
2339 7 63
2340 10 41
2341 36 26
2342 11 47
2343 60 44
2344 11 51
2345 4 13
2346 6 63
2347 37 26
2348 10 51
2349 40 26
2350 11 51
2351 11 41
2352 13 48
2353 5 7
2354 12 47
2355 36 26
2356 12 48
2357 7 63
2358 63 37
2359 3 25
2360 9 44
2361 62 37
2362 10 41
2363 11 41
2364 2 25
2365 36 28
2366 2 49
2367 40 27
2368 11 46
2369 0 24
2370 40 26
2371 36 27
2372 9 43
2373 13 50
2374 63 37
2375 11 48
2376 37 26
2377 10 51
2378 41 26
2379 2 50
2380 13 49
2381 62 37
2382 14 48
2383 2 49
2384 3 25
2385 13 48
2386 14 47
2387 14 48
2388 40 26
2389 59 44
2390 3 14
2391 5 13
2392 6 63
2393 13 48
2394 11 47
2395 2 25
2396 5 6
2397 12 47
2398 5 7
2399 36 28
2400 11 47
2401 8 43
2402 12 48
2403 4 13
2404 36 26
2405 61 38
2406 41 26
2407 12 46
2408 60 44
2409 5 6
2410 10 41
2411 11 48
2412 9 43
2413 36 27
2414 50 7
2415 40 26
2416 12 47
2417 40 27
2418 36 26
2419 5 13
2420 61 39
2421 50 8
2422 40 26
2423 36 27
2424 5 7
2425 36 28
2426 11 51
2427 8 43
2428 36 27
2429 50 7
2430 4 13
2431 41 27
2432 6 8
2433 5 13
2434 2 50
2435 12 48
2436 10 48
2437 3 25
2438 5 8
2439 14 48
2440 61 38
2441 5 6
2442 0 25
2443 11 48
2444 4 13
2445 5 13
2446 36 26
2447 36 27
2448 9 43
2449 8 44
2450 5 7
2451 11 41
2452 4 14
2453 10 41
2454 2 49
2455 2 50
2456 40 27
2457 63 37
2458 10 48
2459 4 13
2460 11 48
2461 50 8
2462 0 24
2463 13 48
2464 11 41
2465 40 26
2466 7 63
2467 9 44
2468 5 6
2469 3 14
2470 5 7
2471 10 47
2472 15 48
2473 11 47
2474 4 14
2475 2 49
2476 5 13
2477 2 25
2478 61 39
2479 5 6
2480 5 7
2481 3 25
2482 5 6
2483 61 38
2484 8 44
2485 62 37
2486 2 50
2487 14 48
2488 10 48
2489 0 25
2490 50 7
2491 59 44
2492 63 37
2493 13 47
2494 12 47
2495 61 39
2496 4 13
2497 10 41
2498 6 63
2499 50 8
2500 3 14
2501 50 7
2502 35 28
2503 10 51
2504 5 13
2505 14 47
2506 36 28
2507 0 24
2508 35 27
2509 4 13
2510 4 14
2511 11 41
2512 2 49
2513 14 48
2514 5 13
2515 11 51
2516 13 48
2517 10 51
2518 9 44
2519 11 48
2520 36 27
2521 62 37
2522 60 44
2523 36 28
2524 14 48
2525 36 27
2526 2 50
2527 50 8
2528 2 49
2529 36 26
2530 11 47
2531 12 48
2532 5 7
2533 61 38
2534 36 27
2535 11 48
2536 10 41
2537 13 49
2538 2 50
2539 50 7
2540 7 63
2541 13 48
2542 12 47
2543 37 26
2544 36 26
2545 11 47
2546 50 8
2547 8 43
2548 11 41
2549 0 25
2550 10 41
2551 11 51
2552 11 46
2553 5 6
2554 59 44
2555 6 63
2556 11 47
2557 11 46
2558 13 50
2559 12 47
2560 13 49
2561 14 48
2562 2 25
2563 4 13
2564 11 47
2565 11 46
2566 36 28
2567 5 13
2568 10 51
2569 4 13
2570 60 44
2571 3 14
2572 11 47
2573 0 24
2574 6 8
2575 36 27
2576 11 46
2577 11 41
2578 11 47
2579 12 48
2580 12 46
2581 0 25
2582 3 25
2583 5 7
2584 5 8
2585 7 63
2586 11 48
2587 9 43
2588 40 27
2589 61 39
2590 37 26
2591 13 48
2592 5 6
2593 61 38
2594 63 37
2595 40 26
2596 4 14
2597 36 28
2598 61 39
2599 8 43
2600 13 49
2601 40 27
2602 5 7
2603 0 24
2604 0 25
2605 13 48
2606 5 6
2607 3 14
2608 10 41
2609 61 38
2610 11 47
2611 36 26
2612 5 7
2613 36 27
2614 62 37
2615 36 26
2616 36 27
2617 41 26
2618 61 39
2619 0 24
2620 11 48
2621 12 48
2622 37 26
2623 2 25
2624 4 14
2625 13 50
2626 36 28
2627 59 44
2628 11 41
2629 10 41
2630 11 51
2631 36 27
2632 0 25
2633 6 8
2634 5 8
2635 36 28
2636 3 14
2637 40 26
2638 36 27
2639 36 28
2640 5 6
2641 41 27
2642 12 47
2643 6 63
2644 5 7
2645 13 47
2646 11 48
2647 40 27
2648 12 47
2649 36 26
2650 6 8
2651 41 26
2652 3 25
2653 40 26
2654 36 27
2655 0 24
2656 50 7
2657 13 49
2658 14 48
2659 9 43
2660 5 6
2661 41 27
2662 10 51
2663 4 14
2664 5 7
2665 2 25
2666 37 26
2667 3 25
2668 60 44
2669 40 27
2670 9 44
2671 2 49
2672 63 37
2673 2 25
2674 9 43
2675 59 44
2676 41 27
2677 7 63
2678 5 13
2679 8 44
2680 6 63
2681 13 48
2682 40 27
2683 9 44
2684 11 41
2685 11 47
2686 5 6
2687 0 25
2688 4 13
2689 10 41
2690 41 26
2691 2 50
2692 50 8
2693 12 48
2694 5 13
2695 3 14
2696 4 13
2697 11 48
2698 7 63
2699 5 7
2700 60 44
2701 11 47
2702 14 47
2703 36 28
2704 40 26
2705 62 37
2706 41 26
2707 2 49
2708 14 48
2709 36 26
2710 13 48
2711 11 51
2712 11 41
2713 6 63
2714 12 47
2715 36 27
2716 14 48
2717 0 24
2718 61 38
2719 35 28
2720 36 28
2721 0 25
2722 13 48
2723 5 13
2724 15 48
2725 61 39
2726 12 48
2727 40 26
2728 10 51
2729 4 13
2730 36 27
2731 11 51
2732 7 63
2733 0 24
2734 14 48
2735 8 43
2736 5 13
2737 6 63
2738 5 6
2739 36 28
2740 36 27
2741 10 41
2742 61 38
2743 0 25
2744 59 44
2745 13 48
2746 9 43
2747 63 37
2748 61 39
2749 5 7
2750 41 27
2751 61 38
2752 10 51
2753 8 42
2754 40 27
2755 11 41
2756 4 13
2757 36 28
2758 0 24
2759 0 25
2760 40 26
2761 4 14
2762 60 44
2763 36 27
2764 10 41
2765 0 24
2766 0 25
2767 36 28
2768 59 44
2769 36 26
2770 3 25
2771 15 47
2772 11 48
2773 50 7
2774 40 27
2775 5 13
2776 11 41
2777 13 49
2778 3 14
2779 2 25
2780 36 27
2781 7 63
2782 11 47
2783 60 44
2784 50 8
2785 5 6
2786 8 43
2787 0 24
2788 3 25
2789 50 7
2790 59 44
2791 10 41
2792 0 25
2793 0 24
2794 37 26
2795 5 7
2796 41 27
2797 6 63
2798 7 63
2799 8 42
2800 11 41
2801 11 51
2802 4 13
2803 40 27
2804 2 25
2805 4 14
2806 13 47
2807 60 44
2808 36 28
2809 8 43
2810 36 26
2811 59 44
2812 13 48
2813 36 27
2814 41 26
2815 61 39
2816 14 47
2817 5 13
2818 40 26
2819 50 8
2820 4 13
2821 35 28
2822 11 48
2823 13 50
2824 3 14
2825 61 38
2826 4 14
2827 61 39
2828 5 13
2829 15 48
2830 61 38
2831 5 6
2832 10 41
2833 6 63
2834 7 63
2835 11 41
2836 50 7
2837 60 44
2838 61 39
2839 8 42
2840 3 14
2841 41 26
2842 11 47
2843 59 44
2844 62 37
2845 10 41
2846 4 13
2847 9 44
2848 4 14
2849 3 25
2850 0 25
2851 2 50
2852 61 38
2853 60 44
2854 5 7
2855 9 43
2856 14 48
2857 5 8
2858 9 44
2859 40 26
2860 11 48
2861 36 28
2862 11 41
2863 36 27
2864 2 49
2865 5 13
2866 13 47
2867 8 43
2868 6 8
2869 59 44
2870 2 50
2871 4 13
2872 0 24
2873 10 41
2874 10 51
2875 3 14
2876 13 48
2877 50 8
2878 11 51
2879 13 49
2880 11 41
2881 50 7
2882 11 47
2883 36 28
2884 5 8
2885 4 14
2886 10 51
2887 12 48
2888 13 48
2889 3 14
2890 0 25
2891 41 26
2892 63 37
2893 6 8
2894 12 48
2895 62 37
2896 2 25
2897 61 39
2898 13 48
2899 10 41
2900 40 26
2901 5 6
2902 0 24
2903 35 27
2904 5 7
2905 9 43
2906 50 8
2907 41 27
2908 11 41
2909 13 50
2910 11 51
2911 40 27
2912 14 48
2913 10 41
2914 5 6
2915 0 25
2916 60 44
2917 11 48
2918 36 27
2919 36 26
2920 3 25
2921 11 41
2922 40 26
2923 5 8
2924 40 27
2925 6 63
2926 36 27
2927 11 47
2928 63 37
2929 10 41
2930 2 25
2931 7 63
2932 10 51
2933 8 44
2934 13 48
2935 3 25
2936 4 14
2937 35 28
2938 2 49
2939 3 14
2940 0 24
2941 61 38
2942 9 44
2943 11 48
2944 11 51
2945 62 37
2946 59 44
2947 2 25
2948 11 47
2949 41 26
2950 40 26
2951 36 28
2952 60 44
2953 36 26
2954 10 51
2955 11 51
2956 10 51
2957 11 41
2958 10 41
2959 6 63
2960 41 27
2961 4 14
2962 14 48
2963 2 50
2964 14 47
2965 8 43
2966 40 27
2967 5 7
2968 3 14
2969 11 48
2970 36 27
2971 0 25
2972 14 48
2973 14 47
2974 0 24
2975 5 6
2976 7 63
2977 41 26
2978 50 7
2979 4 14
2980 11 41
2981 13 49
2982 36 26
2983 0 25
2984 59 44
2985 6 63
2986 13 50
2987 9 43
2988 3 14
2989 36 27
2990 35 28
2991 8 42
2992 3 25
2993 0 24
2994 36 28
2995 6 8
2996 9 44
2997 7 63
2998 5 7
2999 60 44
3000 59 44
3001 36 26
3002 5 13
3003 4 13
3004 2 49
3005 14 48
3006 12 47
3007 0 25
3008 11 51
3009 50 8
3010 40 26
3011 5 8
3012 41 27
3013 36 27
3014 50 7
3015 9 43
3016 11 47
3017 6 8
3018 12 48
3019 11 48
3020 40 27
3021 50 8
3022 63 37
3023 4 14
3024 3 14
3025 50 7
3026 36 28
3027 8 43
3028 41 26
3029 50 8
3030 10 51
3031 40 26
3032 0 24
3033 12 50
3034 6 63
3035 41 26
3036 8 42
3037 8 43
3038 62 37
3039 5 8
3040 5 13
3041 2 50
3042 13 49
3043 11 51
3044 40 26
3045 6 8
3046 13 48
3047 10 41
3048 10 51
3049 14 48
3050 2 49
3051 50 7
3052 13 48
3053 11 41
3054 9 44
3055 2 50
3056 4 13
3057 11 51
3058 60 44
3059 2 49
3060 0 25
3061 12 47
3062 41 26
3063 10 51
3064 9 43
3065 10 41
3066 11 51
3067 11 47
3068 50 8
3069 10 51
3070 13 50
3071 8 43
3072 5 6
3073 9 43
3074 14 48
3075 4 14
3076 9 44
3077 36 27
3078 13 48
3079 40 26
3080 14 47
3081 50 7
3082 5 7
3083 7 63
3084 14 48
3085 41 26
3086 35 28
3087 2 50
3088 9 43
3089 14 47
3090 14 48
3091 40 26
3092 14 47
3093 2 25
3094 0 24
3095 13 49
3096 14 48
3097 0 25
3098 0 24
3099 5 13
3100 5 6
3101 6 63
3102 12 48
3103 7 63
3104 61 39
3105 13 48
3106 3 25
3107 12 48
3108 0 25
3109 5 8
3110 2 25
3111 59 44
3112 13 48
3113 6 63
3114 5 7
3115 36 28
3116 35 27
3117 50 8
3118 12 48
3119 5 6
3120 8 43
3121 11 48
3122 14 47
3123 41 26
3124 4 13
3125 11 41
3126 5 7
3127 6 8
3128 0 24
3129 36 27
3130 0 25
3131 3 14
3132 9 43
3133 12 48
3134 61 38
3135 0 24
3136 60 44
3137 10 41
3138 7 63
3139 8 42
3140 11 48
3141 5 8
3142 12 47
3143 14 48
3144 40 26
3145 5 13
3146 6 8
3147 13 47
3148 5 8
3149 61 39
3150 41 26
3151 2 49
3152 13 48
3153 2 50
3154 3 25
3155 61 38
3156 8 43
3157 11 51
3158 10 51
3159 11 47
3160 0 25
3161 50 7
3162 63 37
3163 9 44
3164 6 8
3165 4 13
3166 40 26
3167 13 50
3168 5 13
3169 2 25
3170 9 43
3171 61 39
3172 4 14
3173 5 6
3174 14 48
3175 6 63
3176 62 37
3177 63 37
3178 0 24
3179 61 38
3180 11 41
3181 5 8
3182 8 44
3183 10 41
3184 9 44
3185 41 27
3186 61 39
3187 8 43
3188 40 27
3189 41 27
3190 12 48
3191 11 51
3192 4 13
3193 11 41
3194 13 49
3195 59 44
3196 40 27
3197 14 47
3198 5 13
3199 14 48
3200 6 8
3201 4 13
3202 50 8
3203 3 14
3204 3 25
3205 35 28
3206 11 48
3207 5 13
3208 41 26
3209 12 48
3210 7 63
3211 5 8
3212 61 38
3213 50 7
3214 2 49
3215 60 44
3216 4 13
3217 40 26
3218 12 47
3219 13 47
3220 13 50
3221 41 27
3222 36 28
3223 2 25
3224 10 51
3225 10 41
3226 35 27
3227 5 7
3228 0 25
3229 59 44
3230 13 49
3231 6 63
3232 5 13
3233 11 51
3234 9 43
3235 11 41
3236 40 27
3237 3 25
3238 6 8
3239 13 48
3240 41 26
3241 0 24
3242 10 41
3243 8 43
3244 4 13
3245 0 25
3246 12 47
3247 50 8
3248 50 7
3249 14 47
3250 14 48
3251 36 27
3252 0 24
3253 4 14
3254 5 8
3255 9 43
3256 11 41
3257 13 47
3258 62 37
3259 10 51
3260 9 44
3261 0 25
3262 50 8
3263 40 26
3264 7 63
3265 60 44
3266 35 28
3267 40 27
3268 13 48
3269 2 50
3270 5 13
3271 0 24
3272 11 48
3273 4 13
3274 63 37
3275 50 7
3276 2 49
3277 5 6
3278 62 37
3279 2 50
3280 14 47
3281 10 41
3282 2 49
3283 12 49
3284 36 28
3285 59 44
3286 14 48
3287 6 8
3288 14 47
3289 11 47
3290 35 27
3291 11 51
3292 63 37
3293 13 49
3294 11 41
3295 10 51
3296 6 63
3297 40 26
3298 36 27
3299 0 25
3300 5 13
3301 41 27
3302 5 7
3303 10 41
3304 61 39
3305 12 48
3306 13 50
3307 0 24
3308 4 13
3309 62 37
3310 14 48
3311 36 28
3312 40 27
3313 41 26
3314 60 44
3315 11 41
3316 11 48
3317 2 50
3318 63 37
3319 2 25
3320 36 27
3321 7 63
3322 3 25
3323 36 26
3324 10 41
3325 40 26
3326 62 37
3327 41 26
3328 5 6
3329 13 48
3330 36 27
3331 13 47
3332 37 26
3333 5 7
3334 61 38
3335 0 25
3336 59 44
3337 9 43
3338 60 44
3339 5 6
3340 8 42
3341 2 49
3342 40 26
3343 59 44
3344 3 14
3345 5 13
3346 8 43
3347 0 24
3348 5 7
3349 60 44
3350 63 37
3351 11 41
3352 62 37
3353 36 26
3354 6 63
3355 14 47
3356 4 14
3357 5 8
3358 7 63
3359 63 37
3360 37 26
3361 41 27
3362 14 48
3363 13 49
3364 36 26
3365 0 25
3366 2 25
3367 5 6
3368 13 48
3369 8 42
3370 15 47
3371 2 50
3372 9 44
3373 62 37
3374 40 27
3375 61 39
3376 12 48
3377 41 26
3378 11 47
3379 5 7
3380 6 8
3381 5 6
3382 37 26
3383 11 48
3384 14 47
3385 3 25
3386 59 44
3387 11 47
3388 6 63
3389 9 43
3390 0 24
3391 61 38
3392 61 39
3393 7 63
3394 13 48
3395 15 48
3396 2 25
3397 11 48
3398 11 51
3399 36 28
3400 14 48
3401 3 25
3402 2 25
3403 3 14
3404 10 51
3405 6 63
3406 50 8
3407 61 38
3408 40 26
3409 36 26
3410 10 41
3411 50 7
3412 11 47
3413 7 63
3414 15 48
3415 2 49
3416 41 27
3417 36 27
3418 11 51
3419 3 25
3420 6 63
3421 9 44
3422 13 50
3423 60 44
3424 0 25
3425 4 13
3426 5 8
3427 10 51
3428 11 51
3429 6 8
3430 0 24
3431 0 25
3432 40 27
3433 8 43
3434 2 25
3435 0 24
3436 41 26
3437 35 28
3438 11 41
3439 5 13
3440 0 25
3441 9 43
3442 10 41
3443 9 44
3444 40 26
3445 3 25
3446 4 13
3447 2 50
3448 2 25
3449 7 63
3450 5 8
3451 14 48
3452 40 27
3453 13 49
3454 14 47
3455 11 41
3456 9 43
3457 4 14
3458 40 26
3459 41 26
3460 36 28
3461 61 39
3462 6 8
3463 61 38
3464 9 44
3465 14 48
3466 36 26
3467 12 48
3468 50 8
3469 10 51
3470 6 63
3471 61 39
3472 5 8
3473 40 26
3474 63 37
3475 7 63
3476 11 48
3477 11 47
3478 13 48
3479 5 7
3480 14 47
3481 59 44
3482 0 24
3483 14 48
3484 62 37
3485 6 63
3486 15 47
3487 11 48
3488 11 51
3489 3 25
3490 61 38
3491 11 47
3492 10 41
3493 9 43
3494 11 41
3495 10 51
3496 63 37
3497 6 8
3498 8 44
3499 36 27
3500 0 25
3501 3 14
3502 2 49
3503 7 63
3504 41 27
3505 13 48
3506 2 50
3507 4 14
3508 11 48
3509 9 44
3510 13 47
3511 8 44
3512 10 41
3513 5 8
3514 11 41
3515 10 41
3516 5 6
3517 11 47
3518 2 25
3519 14 47
3520 37 26
3521 14 48
3522 3 14
3523 5 13
3524 40 27
3525 13 48
3526 50 7
3527 9 44
3528 15 48
3529 6 8
3530 60 44
3531 9 43
3532 4 14
3533 40 26
3534 59 44
3535 4 13
3536 2 49
3537 3 25
3538 36 28
3539 9 44
3540 6 63
3541 0 24
3542 2 25
3543 61 39
3544 11 41
3545 11 51
3546 10 41
3547 62 37
3548 40 27
3549 7 63
3550 14 48
3551 50 8
3552 5 8
3553 8 43
3554 63 37
3555 15 48
3556 6 8
3557 11 48
3558 6 63
3559 9 43
3560 41 26
3561 36 26
3562 11 41
3563 14 48
3564 3 14
3565 2 50
3566 9 44
3567 2 49
3568 10 41
3569 4 14
3570 36 27
3571 9 43
3572 5 7
3573 60 44
3574 40 26
3575 0 25
3576 9 44
3577 11 47
3578 9 43
3579 41 27
3580 8 44
3581 11 48
3582 50 7
3583 9 44
3584 3 25
3585 13 48
3586 11 47
3587 14 48
3588 36 26
3589 50 8
3590 9 43
3591 15 48
3592 50 7
3593 15 46
3594 14 48
3595 11 48
3596 50 8
3597 3 14
3598 36 27
3599 61 38
3600 5 13
3601 9 44
3602 5 8
3603 37 26
3604 0 24
3605 40 27
3606 2 50
3607 5 6
3608 13 48
3609 4 13
3610 11 41
3611 5 7
3612 61 39
3613 8 43
3614 2 25
3615 59 44
3616 3 25
3617 11 47
3618 41 27
3619 14 48
3620 9 43
3621 15 47
3622 2 25
3623 6 8
3624 10 51
3625 60 44
3626 40 27
3627 11 48
3628 4 14
3629 5 6
3630 36 26
3631 14 47
3632 8 42
3633 50 7
3634 41 26
3635 0 25
3636 5 8
3637 5 13
3638 50 8
3639 13 49
3640 7 63
3641 59 44
3642 50 7
3643 61 38
3644 0 24
3645 62 37
3646 8 43
3647 40 26
3648 63 37
3649 37 26
3650 6 8
3651 62 37
3652 61 39
3653 9 44
3654 13 48
3655 60 44
3656 61 38
3657 41 27
3658 5 8
3659 61 39
3660 3 25
3661 11 51
3662 6 63
3663 5 7
3664 4 13
3665 36 26
3666 63 37
3667 50 8
3668 61 38
3669 5 6
3670 62 37
3671 14 48
3672 40 27
3673 11 47
3674 41 26
3675 3 14
3676 40 26
3677 10 51
3678 15 48
3679 2 25
3680 2 49
3681 50 7
3682 14 48
3683 9 43
3684 10 41
3685 36 28
3686 11 48
3687 0 25
3688 63 37
3689 7 63
3690 2 50
3691 12 48
3692 62 37
3693 15 47
3694 4 14
3695 11 47
3696 63 37
3697 41 26
3698 3 14
3699 6 63
3700 13 48
3701 14 48
3702 13 48
3703 7 63
3704 5 7
3705 59 44
3706 6 63
3707 4 14
3708 60 44
3709 5 13
3710 40 26
3711 62 37
3712 2 49
3713 11 41
3714 11 48
3715 36 27
3716 41 27
3717 12 48
3718 11 51
3719 2 50
3720 8 43
3721 36 28
3722 3 25
3723 63 37
3724 0 24
3725 2 49
3726 40 27
3727 10 51
3728 13 48
3729 4 13
3730 41 27
3731 11 51
3732 36 27
3733 9 43
3734 3 14
3735 2 25
3736 5 6
3737 62 37
3738 5 13
3739 13 49
3740 7 63
3741 6 8
3742 40 27
3743 59 44
3744 3 25
3745 50 8
3746 10 41
3747 37 26
3748 13 48
3749 5 8
3750 4 14
3751 6 8
3752 61 39
3753 6 63
3754 14 47
3755 15 48
3756 14 48
3757 2 50
3758 8 44
3759 5 8
3760 13 49
3761 11 41
3762 50 7
3763 50 8
3764 2 25
3765 5 7
3766 41 27
3767 10 41
3768 36 26
3769 3 25
3770 36 28
3771 60 44
3772 4 13
3773 13 48
3774 9 44
3775 15 47
3776 8 43
3777 3 14
3778 5 13
3779 4 13
3780 36 27
3781 4 14
3782 2 49
3783 7 63
3784 2 25
3785 11 47
3786 50 7
3787 35 28
3788 9 43
3789 6 63
3790 13 50
3791 3 14
3792 40 27
3793 50 8
3794 7 63
3795 11 48
3796 50 7
3797 3 25
3798 10 51
3799 63 37
3800 8 43
3801 41 27
3802 5 13
3803 62 37
3804 9 43
3805 6 63
3806 13 49
3807 4 14
3808 14 47
3809 36 28
3810 7 63
3811 12 48
3812 63 37
3813 13 47
3814 35 28
3815 61 38
3816 3 14
3817 8 43
3818 62 37
3819 6 8
3820 5 6
3821 13 50
3822 50 8
3823 59 44
3824 0 25
3825 9 43
3826 63 37
3827 36 28
3828 36 26
3829 5 8
3830 13 48
3831 13 49
3832 9 44
3833 4 13
3834 40 27
3835 36 27
3836 61 39
3837 12 47
3838 13 50
3839 5 13
3840 9 43
3841 13 49
3842 0 24
3843 60 44
3844 40 26
3845 9 44
3846 11 47
3847 6 63
3848 2 25
3849 12 48
3850 11 48
3851 36 28
3852 61 38
3853 2 50
3854 14 47
3855 36 27
3856 13 50
3857 2 49
3858 11 47
3859 59 44
3860 62 37
3861 2 50
3862 5 7
3863 14 48
3864 60 44
3865 11 41
3866 36 26
3867 40 27
3868 4 13
3869 11 48
3870 59 44
3871 9 43
3872 14 47
3873 0 25
3874 36 27
3875 13 49
3876 63 37
3877 2 49
3878 7 63
3879 5 13
3880 40 26
3881 36 28
3882 8 43
3883 12 47
3884 50 7
3885 0 24
3886 14 48
3887 60 44
3888 4 14
3889 59 44
3890 6 63
3891 36 27
3892 11 51
3893 61 39
3894 9 43
3895 4 13
3896 61 38
3897 62 37
3898 2 50
3899 11 47
3900 8 43
3901 5 13
3902 40 27
3903 3 14
3904 4 13
3905 13 48
3906 2 49
3907 41 26
3908 7 63
3909 36 28
3910 60 44
3911 61 39
3912 13 49
3913 36 27
3914 13 48
3915 10 51
3916 3 25
3917 10 41
3918 2 25
3919 40 26
3920 0 25
3921 11 41
3922 0 24
3923 13 49
3924 9 43
3925 61 38
3926 5 13
3927 2 50
3928 4 13
3929 13 48
3930 15 48
3931 36 26
3932 6 8
3933 5 6
3934 10 41
3935 36 27
3936 36 28
3937 3 25
3938 41 26
3939 5 8
3940 11 41
3941 36 27
3942 14 48
3943 0 25
3944 63 37
3945 12 48
3946 62 37
3947 63 37
3948 6 8
3949 8 44
3950 5 8
3951 13 48
3952 5 13
3953 40 26
3954 6 8
3955 62 37
3956 2 25
3957 41 27
3958 4 13
3959 2 49
3960 63 37
3961 14 48
3962 40 27
3963 61 39
3964 11 51
3965 41 26
3966 15 47
3967 61 38
3968 4 14
3969 40 26
3970 13 47
3971 61 39
3972 5 8
3973 5 7
3974 13 48
3975 10 51
3976 11 48
3977 10 41
3978 14 47
3979 3 25
3980 9 44
3981 11 51
3982 6 8
3983 37 26
3984 5 8
3985 41 27
3986 50 8
3987 62 37
3988 11 41
3989 40 27
3990 6 8
3991 61 38
3992 41 26
3993 50 7
3994 36 28
3995 6 63
3996 2 25
3997 10 41
3998 10 51
3999 8 44
4000 59 44
4001 12 47
4002 5 13
4003 9 44
4004 13 47
4005 13 46
4006 8 44
4007 13 47
4008 40 26
4009 7 63
4010 5 8
4011 40 27
4012 13 46
4013 40 26
4014 36 27
4015 36 28
4016 3 25
4017 41 27
4018 0 24
4019 11 41
4020 2 25
4021 13 47
4022 3 25
4023 11 51
4024 50 8
4025 11 47
4026 50 7
4027 63 37
4028 5 6
4029 9 44
4030 40 27
4031 3 14
4032 0 25
4033 5 7
4034 6 63
4035 9 43
4036 2 25
4037 3 25
4038 4 13
4039 2 50
4040 15 48
4041 5 6
4042 5 7
4043 2 49
4044 60 44
4045 0 24
4046 4 14
4047 11 48
4048 13 46
4049 5 13
4050 9 44
4051 61 39
4052 5 6
4053 10 41
4054 11 41
4055 4 13
4056 8 43
4057 5 7
4058 62 37
4059 3 14
4060 10 51
4061 11 51
4062 0 25
4063 6 8
4064 41 26
4065 11 47
4066 59 44
4067 40 26
4068 2 25
4069 4 14
4070 36 26
4071 11 48
4072 14 48
4073 3 25
4074 13 48
4075 11 47
4076 40 27
4077 36 27
4078 14 48
4079 0 24
4080 63 37
4081 12 48
4082 10 51
4083 40 26
4084 10 41
4085 2 25
4086 0 25
4087 61 38
4088 5 8
4089 3 25
4090 2 25
4091 41 27
4092 2 50
4093 6 8
4094 62 37
4095 9 43
4096 37 26
4097 5 8
4098 3 14
4099 13 49
4100 0 24
4101 40 27
4102 8 43
4103 11 51
4104 9 43
4105 41 26
4106 8 43
4107 63 37
4108 40 26
4109 61 39
4110 7 63
4111 13 48
4112 61 38
4113 36 26
4114 62 37
4115 9 43
4116 10 51
4117 5 13
4118 37 26
4119 4 13
4120 11 48
4121 4 14
4122 60 44
4123 3 25
4124 8 43
4125 41 27
4126 50 8
4127 12 48
4128 5 13
4129 11 48
4130 13 47
4131 3 14
4132 63 37
4133 50 7
4134 62 37
4135 4 13
4136 36 28
4137 2 49
4138 36 27
4139 12 48
4140 6 63
4141 13 50
4142 11 41
4143 2 25
4144 9 43
4145 40 27
4146 10 41
4147 13 49
4148 36 28
4149 11 48
4150 5 13
4151 11 41
4152 63 37
4153 4 13
4154 50 8
4155 11 51
4156 2 50
4157 2 49
4158 13 46
4159 36 27
4160 10 51
4161 11 47
4162 41 26
4163 59 44
4164 11 48
4165 10 41
4166 40 26
4167 6 8
4168 61 39
4169 5 8
4170 13 50
4171 9 44
4172 3 25
4173 4 14
4174 9 43
4175 5 13
4176 2 50
4177 5 6
4178 11 41
4179 62 37
4180 8 43
4181 14 48
4182 36 28
4183 60 44
4184 9 43
4185 4 13
4186 61 38
4187 12 48
4188 50 7
4189 5 7
4190 11 51
4191 0 25
4192 61 39
4193 13 48
4194 40 27
4195 10 51
4196 13 47
4197 11 48
4198 13 49
4199 10 48
4200 50 8
4201 8 43
4202 63 37
4203 13 50
4204 14 48
4205 2 49
4206 6 8
4207 13 48
4208 62 37
4209 9 43
4210 40 26
4211 7 63
4212 11 48
4213 5 6
4214 5 8
4215 0 24
4216 6 8
4217 2 25
4218 3 14
4219 3 25
4220 36 26
4221 36 27
4222 6 63
4223 41 26
4224 5 13
4225 2 25
4226 10 41
4227 0 25
4228 61 38
4229 35 28
4230 36 28
4231 11 47
4232 61 39
4233 5 8
4234 7 63
4235 11 51
4236 0 24
4237 59 44
4238 13 49
4239 61 38
4240 60 44
4241 6 8
4242 12 50
4243 40 26
4244 36 26
4245 36 27
4246 6 63
4247 4 13
4248 8 44
4249 5 13
4250 5 8
4251 36 28
4252 13 48
4253 13 50
4254 4 13
4255 59 44
4256 9 44
4257 3 25
4258 0 25
4259 11 48
4260 11 41
4261 7 63
4262 13 49
4263 14 48
4264 2 50
4265 13 48
4266 13 50
4267 14 47
4268 0 24
4269 11 47
4270 2 25
4271 61 39
4272 6 63
4273 14 48
4274 36 27
4275 60 44
4276 40 27
4277 40 26
4278 61 38
4279 63 37
4280 13 49
4281 13 48
4282 0 25
4283 10 41
4284 10 51
4285 0 24
4286 9 43
4287 5 13
4288 11 51
4289 14 48
4290 6 8
4291 5 8
4292 11 48
4293 9 44
4294 14 47
4295 4 13
4296 8 43
4297 10 51
4298 2 49
4299 9 43
4300 62 37
4301 5 7
4302 2 50
4303 2 49
4304 4 14
4305 13 50
4306 5 6
4307 61 39
4308 11 51
4309 8 43
4310 14 48
4311 13 47
4312 2 50
4313 41 26
4314 9 43
4315 59 44
4316 63 37
4317 3 14
4318 11 41
4319 40 26
4320 6 8
4321 9 44
4322 60 44
4323 4 14
4324 2 49
4325 10 41
4326 13 49
4327 59 44
4328 60 44
4329 5 8
4330 13 48
4331 36 26
4332 36 27
4333 3 25
4334 2 25
4335 5 13
4336 5 7
4337 7 63
4338 10 51
4339 12 48
4340 61 38
4341 6 8
4342 62 37
4343 4 13
4344 35 28
4345 36 28
4346 5 8
4347 63 37
4348 41 27
4349 0 25
4350 9 43
4351 62 37
4352 13 47
4353 40 27
4354 63 37
4355 3 25
4356 0 24
4357 5 13
4358 11 51
4359 0 25
4360 35 28
4361 13 48
4362 41 26
4363 40 26
4364 14 47
4365 10 51
4366 2 25
4367 5 6
4368 41 26
4369 61 39
4370 11 41
4371 6 63
4372 11 48
4373 6 8
4374 11 47
4375 5 8
4376 11 51
4377 10 41
4378 15 47
4379 40 26
4380 36 28
4381 6 8
4382 35 28
4383 10 51
4384 36 28
4385 8 43
4386 59 44
4387 14 48
4388 13 48
4389 11 48
4390 36 26
4391 11 47
4392 60 44
4393 11 51
4394 0 24
4395 3 14
4396 12 48
4397 62 37
4398 50 7
4399 2 50
4400 11 48
4401 5 7
4402 5 6
4403 36 27
4404 3 25
4405 11 47
4406 7 63
4407 2 25
4408 4 14
4409 13 48
4410 2 49
4411 9 43
4412 11 48
4413 40 27
4414 14 47
4415 8 44
4416 40 26
4417 35 28
4418 36 28
4419 2 50
4420 0 25
4421 6 63
4422 61 38
4423 3 14
4424 4 14
4425 36 26
4426 0 24
4427 13 47
4428 9 44
4429 3 25
4430 14 47
4431 13 50
4432 59 44
4433 5 8
4434 63 37
4435 41 26
4436 8 44
4437 36 27
4438 14 48
4439 2 49
4440 62 37
4441 3 14
4442 13 49
4443 5 7
4444 9 44
4445 63 37
4446 4 14
4447 3 14
4448 2 50
4449 13 48
4450 8 43
4451 13 49
4452 7 63
4453 11 41
4454 9 43
4455 10 41
4456 50 8
4457 4 14
4458 60 44
4459 13 48
4460 36 26
4461 11 47
4462 40 26
4463 15 48
4464 6 63
4465 2 25
4466 2 49
4467 11 41
4468 62 37
4469 5 6
4470 14 48
4471 41 26
4472 4 13
4473 36 27
4474 61 39
4475 16 48
4476 8 42
4477 61 38
4478 3 14
4479 6 8
4480 15 47
4481 9 44
4482 36 26
4483 59 44
4484 61 39
4485 63 37
4486 11 48
4487 3 25
4488 4 14
4489 36 27
4490 5 13
4491 10 51
4492 60 44
4493 62 37
4494 8 43
4495 7 63
4496 3 14
4497 9 43
4498 35 28
4499 17 48
4500 2 50
4501 40 26
4502 4 14
4503 14 47
4504 63 37
4505 4 13
4506 2 25
4507 13 48
4508 59 44
4509 0 25
4510 41 27
4511 13 49
4512 61 38
4513 60 44
4514 61 39
4515 36 28
4516 9 44
4517 2 49
4518 36 27
4519 5 8
4520 13 48
4521 9 43
4522 10 41
4523 50 7
4524 11 47
4525 40 27
4526 3 25
4527 2 25
4528 6 8
4529 40 26
4530 36 28
4531 5 7
4532 40 27
4533 36 27
4534 15 48
4535 61 38
4536 5 13
4537 41 26
4538 0 24
4539 14 48
4540 36 28
4541 11 51
4542 0 25
4543 10 51
4544 62 37
4545 3 14
4546 5 6
4547 61 39
4548 3 25
4549 6 63
4550 35 28
4551 7 63
4552 5 8
4553 11 41
4554 17 47
4555 59 44
4556 11 48
4557 15 47
4558 63 37
4559 11 47
4560 36 28
4561 5 7
4562 4 14
4563 2 50
4564 11 48
4565 15 48
4566 62 37
4567 35 28
4568 40 26
4569 11 51
4570 13 48
4571 2 25
4572 36 28
4573 10 41
4574 50 8
4575 35 28
4576 60 44
4577 36 28
4578 50 7
4579 11 41
4580 61 38
4581 59 44
4582 10 41
4583 18 47
4584 36 27
4585 3 25
4586 11 41
4587 14 48
4588 61 39
4589 10 41
4590 8 44
4591 13 47
4592 41 27
4593 11 47
4594 9 44
4595 11 48
4596 61 38
4597 12 47
4598 14 47
4599 2 25
4600 14 48
4601 36 28
4602 6 8
4603 50 8
4604 5 6
4605 6 63
4606 8 43
4607 7 63
4608 50 7
4609 36 26
4610 40 27
4611 4 13
4612 13 47
4613 3 25
4614 13 48
4615 10 51
4616 3 14
4617 36 27
4618 2 25
4619 60 44
4620 17 47
4621 9 43
4622 35 28
4623 2 49
4624 8 44
4625 9 44
4626 0 24
4627 14 48
4628 8 43
4629 36 28
4630 59 44
4631 63 37
4632 9 43
4633 11 47
4634 2 50
4635 35 28
4636 5 8
4637 11 41
4638 62 37
4639 2 49
4640 5 13
4641 8 43
4642 9 43
4643 63 37
4644 4 14
4645 13 48
4646 36 28
4647 3 14
4648 8 44
4649 35 28
4650 12 48
4651 36 28
4652 50 8
4653 41 26
4654 11 51
4655 10 41
4656 36 27
4657 11 48
4658 36 28
4659 40 26
4660 0 25
4661 50 7
4662 40 27
4663 5 7
4664 4 14
4665 9 44
4666 40 26
4667 41 27
4668 40 27
4669 36 27
4670 4 13
4671 14 48
4672 11 47
4673 61 39
4674 5 6
4675 3 25
4676 60 44
4677 61 38
4678 62 37
4679 10 51
4680 13 48
4681 6 63
4682 50 8
4683 11 48
4684 6 8
4685 5 8
4686 11 51
4687 0 24
4688 5 13
4689 3 14
4690 63 37
4691 61 39
4692 13 49
4693 2 50
4694 62 37
4695 2 49
4696 61 38
4697 63 37
4698 13 48
4699 4 14
4700 36 28
4701 50 7
4702 8 43
4703 0 25
4704 50 8
4705 35 27
4706 6 8
4707 3 14
4708 11 41
4709 9 43
4710 0 24
4711 2 25
4712 36 27
4713 12 48
4714 3 25
4715 61 39
4716 35 28
4717 4 13
4718 36 28
4719 11 48
4720 35 27
4721 36 27
4722 50 7
4723 2 50
4724 4 14
4725 62 37
4726 18 47
4727 5 7
4728 8 44
4729 61 38
4730 50 8
4731 2 25
4732 40 26
4733 10 51
4734 59 44
4735 9 44
4736 14 47
4737 63 37
4738 14 48
4739 11 51
4740 8 43
4741 2 49
4742 3 25
4743 5 8
4744 60 44
4745 35 28
4746 62 37
4747 6 8
4748 36 28
4749 63 37
4750 10 51
4751 11 47
4752 62 37
4753 14 47
4754 61 39
4755 17 47
4756 35 27
4757 59 44
4758 5 13
4759 10 41
4760 4 13
4761 14 48
4762 36 27
4763 3 14
4764 5 8
4765 13 48
4766 40 27
4767 7 63
4768 18 47
4769 36 26
4770 4 14
4771 13 47
4772 61 38
4773 12 47
4774 0 25
4775 11 41
4776 60 44
4777 2 50
4778 14 47
4779 41 27
4780 9 43
4781 2 49
4782 6 8
4783 5 6
4784 3 14
4785 61 39
4786 63 37
4787 2 50
4788 5 13
4789 50 7
4790 40 27
4791 4 13
4792 14 48
4793 59 44
4794 36 27
4795 5 7
4796 61 38
4797 12 48
4798 4 14
4799 5 8
4800 0 24
4801 50 8
4802 3 14
4803 0 25
4804 50 7
4805 41 27
4806 35 28
4807 61 39
4808 6 63
4809 2 49
4810 10 41
4811 0 24
4812 0 25
4813 0 24
4814 0 25
4815 2 50
4816 13 48
4817 62 37
4818 11 51
4819 14 48
4820 40 27
4821 61 38
4822 13 48
4823 17 47
4824 8 43
4825 18 47
4826 0 24
4827 2 25
4828 60 44
4829 50 8
4830 13 49
4831 13 48
4832 4 14
4833 13 47
4834 5 6
4835 3 25
4836 61 39
4837 7 63
4838 10 51
4839 36 28
4840 36 27
4841 59 44
4842 17 47
4843 11 51
4844 12 47
4845 63 37
4846 61 38
4847 36 28
4848 11 41
4849 50 7
4850 18 47
4851 35 27
4852 61 39
4853 41 26
4854 17 47
4855 50 8
4856 10 51
4857 62 37
4858 61 38
4859 6 8
4860 5 7
4861 5 13
4862 10 41
4863 50 7
4864 14 47
4865 9 43
4866 6 63
4867 40 26
4868 5 8
4869 40 27
4870 60 44
4871 50 8
4872 11 48
4873 11 47
4874 11 48
4875 63 37
4876 11 47
4877 7 63
4878 0 25
4879 36 27
4880 6 8
4881 8 42
4882 11 51
4883 40 26
4884 36 28
4885 0 24
4886 10 51
4887 4 13
4888 5 13
4889 18 47
4890 12 48
4891 41 27
4892 61 39
4893 2 49
4894 36 27
4895 8 43
4896 11 51
4897 17 47
4898 59 44
4899 14 48
4900 4 13
4901 50 7
4902 40 27
4903 40 26
4904 36 28
4905 36 27
4906 11 48
4907 5 6
4908 2 50
4909 12 47
4910 14 47
4911 60 44
4912 50 8
4913 61 38
4914 9 44
4915 40 27
4916 14 48
4917 6 63
4918 41 26
4919 5 7
4920 2 49
4921 61 39
4922 0 25
4923 36 26
4924 2 25
4925 61 38
4926 40 26
4927 36 27
4928 41 26
4929 5 13
4930 50 7
4931 11 47
4932 62 37
4933 18 47
4934 63 37
4935 40 26
4936 10 51
4937 62 37
4938 13 48
4939 14 48
4940 0 24
4941 17 47
4942 41 27
4943 13 47
4944 61 39
4945 12 47
4946 9 43
4947 37 26
4948 59 44
4949 11 47
4950 12 47
4951 63 37
4952 40 27
4953 41 26
4954 5 6
4955 11 41
4956 18 47
4957 3 14
4958 13 48
4959 4 14
4960 36 28
4961 40 26
4962 41 26
4963 4 13
4964 60 44
4965 10 41
4966 13 49
4967 5 13
4968 50 8
4969 8 43
4970 17 47
4971 3 14
4972 11 51
4973 10 51
4974 36 26
4975 36 27
4976 0 25
4977 4 14
4978 9 43
4979 37 26
4980 8 44
4981 11 47
4982 5 8
4983 0 24
4984 13 48
4985 3 14
4986 2 50
4987 59 44
4988 11 51
4989 2 49
4990 2 50
4991 61 38
4992 36 28
4993 40 26
4994 0 25
4995 0 24
4996 14 48
4997 3 25
4998 13 48
4999 4 13
5000 2 25
5001 11 41
5002 61 39
5003 5 7
5004 50 7
5005 18 47
5006 9 44
5007 12 47
5008 0 25
5009 11 47
5010 3 25
5011 61 38
5012 60 44
5013 0 24
5014 41 27
5015 59 44
5016 40 27
5017 8 44
5018 5 6
5019 50 8
5020 6 8
5021 5 8
5022 12 48
5023 10 41
5024 2 49
5025 41 26
5026 7 63
5027 61 39
5028 62 37
5029 17 47
5030 13 50
5031 6 63
5032 11 48
5033 40 26
5034 10 51
5035 61 38
5036 12 47
5037 61 39
5038 11 47
5039 11 51
5040 14 48
5041 60 44
5042 41 27
5043 40 27
5044 41 27
5045 50 7
5046 12 48
5047 6 8
5048 36 26
5049 36 27
5050 9 44
5051 2 25
5052 36 26
5053 13 49
5054 36 27
5055 40 27
5056 63 37
5057 11 48
5058 11 41
5059 37 26
5060 36 28
5061 50 8
5062 62 37
5063 10 51
5064 13 48
5065 41 26
5066 59 44
5067 4 14
5068 36 27
5069 13 49
5070 3 25
5071 5 8
5072 0 25
5073 36 26
5074 3 14
5075 50 7
5076 50 8
5077 40 26
5078 11 47
5079 8 44
5080 0 24
5081 18 47
5082 9 44
5083 11 48
5084 6 8
5085 36 28
5086 5 8
5087 13 48
5088 4 14
5089 12 47
5090 17 47
5091 3 14
5092 61 38
5093 5 13
5094 63 37
5095 7 63
5096 40 27
5097 2 25
5098 9 43
5099 36 27
5100 40 26
5101 61 39
5102 3 25
5103 4 14
5104 36 28
5105 2 25
5106 62 37
5107 9 44
5108 0 25
5109 2 50
5110 36 27
5111 0 24
5112 8 43
5113 13 50
5114 9 43
5115 6 63
5116 4 13
5117 40 27
5118 10 41
5119 36 26
5120 36 27
5121 36 28
5122 60 44
5123 3 25
5124 8 42
5125 40 26
5126 14 48
5127 0 25
5128 9 44
5129 2 49
5130 36 27
5131 13 49
5132 8 43
5133 2 50
5134 41 26
5135 40 26
5136 5 7
5137 9 43
5138 9 44
5139 9 43
5140 7 63
5141 61 38
5142 63 37
5143 13 48
5144 13 49
5145 11 41
5146 18 47
5147 59 44
5148 13 48
5149 35 28
5150 17 47
5151 11 51
5152 13 49
5153 2 49
5154 62 37
5155 61 39
5156 8 44
5157 36 28
5158 2 25
5159 35 28
5160 5 13
5161 18 47
5162 60 44
5163 0 24
5164 4 13
5165 36 28
5166 2 50
5167 3 14
5168 11 47
5169 63 37
5170 13 48
5171 0 25
5172 5 13
5173 35 27
5174 61 38
5175 61 39
5176 10 41
5177 11 41
5178 4 14
5179 59 44
5180 10 41
5181 9 44
5182 60 44
5183 5 6
5184 9 43
5185 0 24
5186 62 37
5187 3 14
5188 50 7
5189 14 47
5190 10 51
5191 0 25
5192 4 14
5193 11 51
5194 12 47
5195 36 27
5196 11 47
5197 9 44
5198 10 51
5199 3 14
5200 6 63
5201 36 26
5202 11 41
5203 2 49
5204 10 41
5205 36 27
5206 50 8
5207 12 48
5208 63 37
5209 41 26
5210 59 44
5211 4 13
5212 0 24
5213 8 43
5214 14 48
5215 13 49
5216 36 28
5217 5 7
5218 13 48
5219 36 27
5220 6 8
5221 40 26
5222 13 50
5223 5 6
5224 36 28
5225 13 49
5226 36 27
5227 62 37
5228 60 44
5229 2 50
5230 41 27
5231 36 26
5232 40 27
5233 17 47
5234 13 50
5235 40 26
5236 2 49
5237 40 27
5238 50 7
5239 18 47
5240 50 8
5241 2 50
5242 17 47
5243 9 43
5244 0 25
5245 36 27
5246 35 28
5247 36 28
5248 59 44
5249 35 28
5250 11 41
5251 2 49
5252 50 7
5253 4 14
5254 63 37
5255 7 63
5256 8 42
5257 8 43
5258 3 25
5259 10 41
5260 5 8
5261 0 24
5262 36 28
5263 13 49
5264 41 26
5265 40 26
5266 13 48
5267 18 47
5268 9 44
5269 61 38
5270 2 50
5271 9 43
5272 50 8
5273 6 8
5274 5 8
5275 12 50
5276 5 7
5277 5 6
5278 36 27
5279 3 14
5280 61 39
5281 17 47
5282 6 63
5283 61 38
5284 50 7
5285 62 37
5286 0 25
5287 36 28
5288 0 24
5289 11 51
5290 7 63
5291 8 43
5292 63 37
5293 61 39
5294 36 26
5295 61 38
5296 36 27
5297 62 37
5298 2 25
5299 3 25
5300 0 25
5301 36 26
5302 2 49
5303 60 44
5304 18 47
5305 5 7
5306 5 13
5307 2 25
5308 9 43
5309 36 27
5310 11 48
5311 6 8
5312 3 25
5313 2 25
5314 36 28
5315 4 13
5316 11 41
5317 41 27
5318 8 43
5319 50 8
5320 5 13
5321 40 27
5322 50 7
5323 14 48
5324 6 63
5325 59 44
5326 3 25
5327 9 43
5328 8 44
5329 4 13
5330 13 50
5331 2 25
5332 5 6
5333 7 63
5334 2 50
5335 5 8
5336 10 41
5337 3 25
5338 61 39
5339 41 26
5340 12 50
5341 11 41
5342 5 13
5343 61 38
5344 10 51
5345 2 49
5346 11 51
5347 2 25
5348 40 26
5349 41 27
5350 9 44
5351 36 27
5352 8 43
5353 10 51
5354 4 14
5355 9 43
5356 13 50
5357 12 50
5358 6 63
5359 0 24
5360 8 42
5361 3 25
5362 36 26
5363 61 39
5364 10 41
5365 0 25
5366 0 24
5367 11 41
5368 0 25
5369 9 44
5370 60 44
5371 7 63
5372 11 51
5373 3 14
5374 63 37
5375 2 25
5376 3 25
5377 0 24
5378 13 48
5379 10 41
5380 4 13
5381 4 14
5382 11 47
5383 2 25
5384 36 27
5385 8 43
5386 13 50
5387 2 50
5388 6 63
5389 40 27
5390 6 8
5391 5 13
5392 13 49
5393 5 8
5394 11 41
5395 41 26
5396 0 25
5397 62 37
5398 59 44
5399 36 28
5400 3 14
5401 40 26
5402 2 49
5403 7 63
5404 0 24
5405 6 63
5406 10 51
5407 41 26
5408 63 37
5409 10 41
5410 50 8
5411 11 51
5412 9 43
5413 10 51
5414 11 51
5415 40 26
5416 8 43
5417 2 50
5418 9 43
5419 41 27
5420 36 27
5421 17 47
5422 61 38
5423 60 44
5424 10 51
5425 13 48
5426 2 49
5427 6 8
5428 5 7
5429 0 25
5430 18 47
5431 11 48
5432 5 8
5433 62 37
5434 11 51
5435 40 27
5436 4 13
5437 6 8
5438 8 43
5439 50 7
5440 41 26
5441 17 47
5442 5 8
5443 14 47
5444 11 47
5445 9 43
5446 10 51
5447 5 6
5448 5 13
5449 18 47
5450 4 13
5451 0 24
5452 11 51
5453 50 8
5454 2 50
5455 3 25
5456 2 49
5457 11 48
5458 14 48
5459 59 44
5460 5 13
5461 7 63
5462 40 26
5463 2 25
5464 11 47
5465 3 25
5466 17 47
5467 41 27
5468 60 44
5469 4 14
5470 5 7
5471 61 39
5472 11 48
5473 59 44
5474 61 38
5475 63 37
5476 2 25
5477 4 13
5478 13 49
5479 6 63
5480 0 25
5481 40 27
5482 9 44
5483 6 8
5484 60 44
5485 3 14
5486 5 13
5487 4 13
5488 3 25
5489 59 44
5490 4 14
5491 50 7
5492 13 47
5493 35 28
5494 18 47
5495 50 8
5496 11 41
5497 11 47
5498 36 28
5499 35 28
5500 0 24
5501 3 14
5502 50 7
5503 5 8
5504 6 8
5505 11 48
5506 2 50
5507 41 26
5508 9 43
5509 2 49
5510 10 41
5511 36 28
5512 60 44
5513 0 25
5514 61 39
5515 35 27
5516 36 27
5517 35 28
5518 7 63
5519 11 41
5520 5 6
5521 11 47
5522 10 41
5523 2 25
5524 11 41
5525 10 51
5526 11 51
5527 13 48
5528 11 48
5529 5 7
5530 5 13
5531 8 42
5532 17 47
5533 4 14
5534 40 26
5535 36 28
5536 62 37
5537 2 50
5538 10 51
5539 5 6
5540 5 8
5541 10 41
5542 6 8
5543 35 27
5544 3 25
5545 8 43
5546 59 44
5547 5 8
5548 6 8
5549 5 7
5550 5 6
5551 12 48
5552 5 7
5553 41 27
5554 61 38
5555 5 8
5556 36 27
5557 50 8
5558 13 48
5559 61 39
5560 11 51
5561 10 51
5562 18 47
5563 40 27
5564 41 26
5565 61 38
5566 40 26
5567 4 13
5568 60 44
5569 5 6
5570 6 8
5571 8 42
5572 61 39
5573 6 63
5574 5 8
5575 13 50
5576 2 25
5577 6 8
5578 8 43
5579 40 27
5580 17 47
5581 59 44
5582 8 42
5583 5 7
5584 13 49
5585 18 47
5586 63 37
5587 11 41
5588 14 48
5589 13 48
5590 60 44
5591 59 44
5592 36 26
5593 36 27
5594 36 28
5595 17 47
5596 5 8
5597 12 47
5598 62 37
5599 18 47
5600 3 14
5601 11 47
5602 3 25
5603 0 24
5604 36 27
5605 60 44
5606 10 41
5607 5 6
5608 6 8
5609 0 25
5610 35 28
5611 11 41
5612 17 47
5613 50 7
5614 2 25
5615 13 49
5616 61 38
5617 59 44
5618 5 13
5619 11 51
5620 3 25
5621 40 26
5622 18 47
5623 41 27
5624 5 7
5625 40 27
5626 61 39
5627 0 24
5628 5 8
5629 12 48
5630 9 44
5631 41 27
5632 10 51
5633 7 63
5634 2 25
5635 4 14
5636 40 27
5637 0 25
5638 13 48
5639 14 48
5640 6 8
5641 9 43
5642 13 48
5643 41 26
5644 10 41
5645 6 63
5646 50 8
5647 3 25
5648 36 28
5649 11 48
5650 8 43
5651 8 42
5652 12 47
5653 13 49
5654 4 13
5655 9 44
5656 0 24
5657 50 7
5658 60 44
5659 11 47
5660 61 38
5661 2 49
5662 40 26
5663 12 47
5664 5 6
5665 9 43
5666 11 51
5667 13 48
5668 3 14
5669 41 26
5670 50 8
5671 9 44
5672 8 43
5673 36 27
5674 40 26
5675 13 49
5676 41 27
5677 61 39
5678 11 47
5679 40 27
5680 9 43
5681 36 28
5682 61 38
5683 50 7
5684 12 47
5685 9 44
5686 36 27
5687 36 28
5688 0 25
5689 2 25
5690 17 47
5691 2 50
5692 36 26
5693 7 63
5694 3 25
5695 11 41
5696 36 27
5697 50 8
5698 11 47
5699 10 51
5700 12 48
5701 59 44
5702 35 28
5703 9 43
5704 10 41
5705 11 51
5706 36 28
5707 11 48
5708 5 8
5709 6 8
5710 5 8
5711 4 14
5712 8 44
5713 9 44
5714 10 51
5715 13 48
5716 60 44
5717 11 51
5718 13 50
5719 3 14
5720 2 25
5721 5 7
5722 8 43
5723 10 51
5724 59 44
5725 60 44
5726 61 39
5727 3 25
5728 2 49
5729 50 7
5730 5 13
5731 4 14
5732 50 8
5733 3 14
5734 5 6
5735 41 27
# colocadas=5736 ocupadas=25 mayor=1268
