# semilla=1
10 40
300
9 2
17 2
32 8
31 7
14 2
32 1
25 7
39 1
29 5
15 2
21 1
2 1
35 1
25 4
28 1
34 4
29 8
36 4
23 4
15 8
19 1
27 9
7 3
19 2
22 9
28 9
13 5
19 8
33 7
38 1
31 4
26 7
12 6
36 6
6 8
33 2
11 9
26 6
32 1
31 1
20 7
11 3
33 4
1 4
35 9
15 7
33 6
37 6
30 5
36 1
25 9
9 9
36 4
28 1
31 6
37 9
13 9
27 8
23 7
23 1
35 9
40 6
30 1
15 3
36 3
6 9
17 1
5 2
2 8
1 5
16 5
8 3
23 5
5 3
11 5
34 3
18 5
30 6
32 8
8 1
20 7
22 7
13 5
7 5
33 4
39 7
2 4
2 7
10 1
11 8
33 7
35 4
34 8
15 9
2 7
37 6
28 1
20 3
14 1
20 2
5 5
20 3
27 5
9 1
36 1
38 4
37 8
11 9
3 7
13 6
7 4
37 7
38 4
32 2
25 5
33 8
2 6
40 7
19 1
11 4
21 3
22 7
14 5
7 7
36 6
35 8
35 4
5 1
6 3
11 3
35 4
18 6
39 9
17 6
22 6
8 5
16 8
9 9
7 6
3 7
5 7
10 3
22 2
40 7
5 9
15 2
18 6
19 9
8 8
18 2
3 5
1 1
6 7
8 1
13 4
38 7
11 2
29 3
16 3
7 7
25 9
19 9
17 8
21 2
14 6
3 1
1 5
39 6
29 7
21 7
5 2
21 8
8 5
14 9
31 6
17 3
35 4
20 4
16 6
6 5
6 8
6 6
15 7
20 1
21 3
21 5
16 6
7 9
40 2
16 4
2 4
26 2
18 9
5 2
2 1
19 6
32 8
10 2
33 6
5 9
12 3
10 3
21 5
7 9
39 5
9 4
10 9
3 6
40 9
14 3
20 7
35 3
4 4
17 2
29 7
36 5
35 8
35 8
1 7
22 3
17 8
2 7
37 1
4 6
38 3
38 3
9 5
18 7
37 7
12 2
15 8
1 3
34 6
33 8
15 4
21 8
31 4
27 6
36 5
15 1
5 9
24 3
33 4
20 5
20 9
24 3
30 2
8 9
37 7
12 3
17 7
14 1
32 7
23 7
33 3
35 1
34 2
17 2
18 2
9 2
29 4
25 7
26 3
21 8
9 8
14 2
28 9
27 2
19 5
16 7
36 1
13 9
29 1
2 4
17 4
12 5
10 9
13 5
20 5
29 3
35 6
32 7
8 4
37 7
14 5
7 1
8 1
35 5
9 2
33 6
37 5
28 9
23 9
21 1
8 8
29 6
20 9
26 6
37 8
8 7
