0 6 4
1 7 6
2 0 1
3 9 1
4 3 8
5 2 5
6 8 1
7 8 7
8 0 7
9 1 9
10 6 9
11 4 9
12 2 8
13 8 5
14 8 4
15 0 9
16 5 6
17 3 8
18 4 5
19 3 1
20 5 7
21 2 1
22 7 2
23 2 4
24 2 8
25 3 7
26 4 2
27 8 9
28 9 9
29 0 3
30 6 6
31 7 5
32 4 8
33 7 6
34 5 3
35 0 0
36 3 3
37 5 1
38 2 5
39 3 0
40 9 6
41 4 9
42 9 0
43 6 0
44 9 2
45 0 5
46 7 0
47 4 0
48 4 6
49 5 5
50 5 8
51 9 3
52 7 8
53 4 4
54 1 6
55 1 2
56 3 9
57 7 9
58 7 5
59 6 3
60 9 8
61 2 3
62 9 1
63 4 7
64 5 9
65 5 3
66 1 4
67 6 8
68 1 7
69 5 8
70 3 8
71 3 5
72 6 3
73 3 6
74 6 0
75 0 6
76 2 4
77 7 6
78 4 6
79 3 3
80 8 0
81 7 7
82 1 4
83 4 9
84 2 4
85 8 3
86 9 3
87 0 4
88 3 0
89 7 1
90 5 2
91 2 5
92 3 6
93 5 9
94 7 5
95 4 6
96 5 4
97 3 7
98 6 7
99 4 4
100 4 8
101 6 9
102 3 4
103 0 7
104 0 8
105 3 1
106 7 6
107 0 6
108 2 8
109 4 9
110 7 4
111 5 4
112 2 1
113 4 0
114 7 5
115 5 8
116 8 2
117 4 8
118 7 3
119 9 0
120 5 9
121 3 1
122 7 2
123 6 1
124 2 0
125 5 0
126 8 1
127 1 9
128 2 3
129 3 9
130 5 3
131 8 2
132 8 5
133 6 4
134 8 7
135 3 2
136 5 7
137 4 9
138 1 6
139 3 3
140 8 9
141 8 8
142 1 7
143 4 1
144 9 8
145 6 7
146 2 1
147 0 2
148 7 9
149 1 6
150 5 6
151 5 8
152 3 8
153 1 1
154 2 7
155 7 0
156 4 5
157 1 0
158 7 1
159 2 8
160 7 5
161 9 1
162 8 0
163 7 2
164 1 3
165 7 6
166 5 2
167 9 0
168 8 2
169 2 4
170 8 9
171 3 8
172 9 9
173 0 7
174 2 0
175 7 0
176 8 8
177 7 5
178 0 8
179 7 1
180 4 3
181 7 2
182 3 5
183 6 1
184 8 7
185 2 9
186 4 6
187 0 1
188 2 3
189 3 7
190 0 3
191 1 9
192 4 0
193 6 6
194 7 9
195 7 6
196 1 4
197 8 8
198 5 6
199 6 3
200 4 8
201 0 5
202 2 1
203 4 6
204 2 4
205 7 3
206 8 1
207 8 5
208 9 4
209 9 7
210 5 8
211 3 9
212 1 3
213 8 2
214 6 5
215 0 3
216 7 4
217 2 3
218 2 9
219 0 6
220 8 9
221 2 4
222 3 3
223 9 5
224 6 9
225 3 8
226 4 2
227 2 5
228 5 2
229 3 5
230 0 9
231 9 1
232 6 0
233 5 9
234 2 2
235 0 7
236 0 6
237 8 3
238 9 0
239 6 1
240 1 2
241 1 9
242 7 8
243 7 3
244 5 6
245 9 1
246 2 5
247 9 4
248 7 7
249 2 8
250 8 6
251 0 0
252 8 4
253 3 8
254 3 4
255 7 2
256 5 8
257 0 4
258 8 2
259 5 9
260 3 1
261 1 5
262 6 7
263 4 6
264 7 1
265 0 2
266 6 0
267 3 0
268 2 6
269 2 4
270 7 5
271 4 2
272 8 1
273 2 7
274 9 1
275 7 6
276 5 7
277 0 1
278 2 1
279 7 7
280 8 0
281 2 8
282 9 0
283 7 2
284 3 1
285 0 7
286 2 5
287 4 9
288 2 4
289 0 3
290 3 7
291 5 9
292 8 2
293 5 3
294 6 1
295 8 7
296 3 8
297 7 2
298 0 9
299 6 4
# colocadas=300 ocupadas=40 mayor=90
