0 0 9
1 0 0
2 9 0
3 9 9
4 8 0
5 0 3
6 0 5
7 2 0
8 0 7
9 0 2
10 2 9
11 3 9
12 4 0
13 5 9
14 8 9
15 6 0
16 9 1
17 9 0
18 9 3
19 9 5
20 0 1
21 9 8
22 1 1
23 0 0
24 8 3
25 1 3
26 4 1
27 1 7
28 7 9
29 2 2
30 9 2
31 2 4
32 9 6
33 0 1
34 9 4
35 4 9
36 0 3
37 2 6
38 1 4
39 2 8
40 7 3
41 3 3
42 8 0
43 4 0
44 0 6
45 3 1
46 3 5
47 3 7
48 9 9
49 2 5
50 0 4
51 4 2
52 2 9
53 3 2
54 4 4
55 5 0
56 4 6
57 4 0
58 9 8
59 9 1
60 0 8
61 6 3
62 5 1
63 0 5
64 3 8
65 6 9
66 1 8
67 5 2
68 8 9
69 4 7
70 3 6
71 5 5
72 6 8
73 2 8
74 6 6
75 6 1
76 7 2
77 8 2
78 5 4
79 6 0
80 8 8
81 9 7
82 7 0
83 6 0
84 0 9
85 7 2
86 8 7
87 9 0
88 2 2
89 7 5
90 8 3
91 0 2
92 9 2
93 4 3
94 6 1
95 3 4
96 9 1
97 9 3
98 6 9
99 1 4
100 7 1
101 5 7
102 2 4
103 1 4
104 2 6
105 1 9
106 3 9
107 5 1
108 6 2
109 5 0
110 4 7
111 9 5
112 2 3
113 5 9
114 4 2
115 2 5
116 3 2
117 6 3
118 4 9
119 4 3
120 3 1
121 0 8
122 8 1
123 0 4
124 5 2
125 2 2
126 6 7
127 1 3
128 2 6
129 1 0
130 0 7
131 6 1
132 9 2
133 3 9
134 9 8
135 9 9
136 1 8
137 5 1
138 8 0
139 8 9
140 2 4
141 7 9
142 3 5
143 8 9
144 0 3
145 8 3
146 3 0
147 2 3
148 2 4
149 1 6
150 4 1
151 4 4
152 0 0
153 6 4
154 1 0
155 4 9
156 7 3
157 3 6
158 3 7
159 3 1
160 5 2
161 9 9
162 5 6
163 1 4
164 4 7
165 0 8
166 1 7
167 7 9
168 5 4
169 6 4
170 3 8
171 4 5
172 6 8
173 5 7
174 8 1
175 7 7
176 9 7
177 7 6
178 1 3
179 0 9
180 2 6
181 8 3
182 4 1
183 2 8
184 3 3
185 4 3
186 9 4
187 7 3
188 9 6
189 8 0
190 7 7
191 7 6
192 9 8
193 3 4
194 6 9
195 7 1
196 4 7
197 5 8
198 9 1
199 0 6
200 0 4
201 3 1
202 0 8
203 6 0
204 9 7
205 1 4
206 8 8
207 6 1
208 5 5
209 9 0
210 8 9
211 1 1
212 1 0
213 9 9
214 2 4
215 0 7
216 0 3
217 0 1
218 2 9
219 1 3
220 0 0
221 9 6
222 0 9
223 1 4
224 0 2
225 8 1
226 3 7
227 2 8
228 6 8
229 3 6
230 6 0
231 6 9
232 5 7
233 1 0
234 1 2
235 4 2
236 4 7
237 2 6
238 7 2
239 8 3
240 5 3
241 5 7
242 2 5
243 8 5
244 3 9
245 2 3
246 7 4
247 6 5
248 0 0
249 7 8
250 1 7
251 4 3
252 5 9
253 5 3
254 8 0
255 7 7
256 3 5
257 8 4
258 4 7
259 3 3
260 9 0
261 7 5
262 0 7
263 9 3
264 2 9
265 3 6
266 5 2
267 0 4
268 2 3
269 0 3
270 7 3
271 1 5
272 6 3
273 7 6
274 0 4
275 9 7
276 0 8
277 9 1
278 3 2
279 2 2
280 0 5
281 9 2
282 3 1
283 3 3
284 9 4
285 4 9
286 6 5
287 1 9
288 8 9
289 5 1
290 6 4
291 9 6
292 7 7
293 9 9
294 6 7
295 0 7
296 7 1
297 2 0
298 2 6
299 2 9
# colocadas=300 ocupadas=40 mayor=67
