# semilla=3
10 40
300
16 9
9 6
39 8
38 2
39 1
31 5
36 4
13 8
35 9
31 7
10 4
10 9
25 1
5 3
38 1
20 1
18 8
39 7
28 7
37 8
9 6
7 1
9 8
14 5
28 5
27 9
25 6
35 7
38 4
22 1
18 3
21 9
37 2
14 5
19 2
5 8
31 2
23 2
27 3
2 5
28 7
8 1
39 1
25 6
36 5
33 4
3 5
1 2
7 9
3 4
27 5
40 5
10 1
22 6
24 3
25 7
30 9
25 9
7 9
18 7
16 5
28 5
34 5
36 6
1 7
38 6
2 7
40 3
4 6
30 6
23 5
32 1
38 1
2 6
17 8
20 6
12 6
12 6
24 5
20 7
7 1
37 3
20 9
15 5
16 6
12 7
7 2
39 6
22 4
29 3
6 6
14 8
18 4
8 1
34 4
21 3
18 6
6 6
38 3
27 5
34 5
30 6
27 5
27 7
3 7
10 4
1 8
40 9
28 9
15 1
30 9
19 9
22 4
5 5
8 4
3 1
33 4
28 1
1 8
8 3
33 5
16 1
34 9
27 1
40 2
22 3
17 9
31 1
23 4
13 2
35 2
11 4
18 3
1 8
37 7
4 5
16 5
40 9
34 7
4 8
21 1
4 3
3 2
4 2
31 1
6 9
33 8
21 3
21 2
23 7
25 5
24 5
13 6
28 2
9 9
1 7
6 3
3 6
30 9
25 1
40 7
4 6
32 6
27 7
30 1
16 4
35 5
38 2
28 4
28 3
2 6
24 9
17 2
30 2
34 7
7 6
37 9
7 1
31 3
16 7
3 9
6 2
25 3
2 6
8 1
8 8
19 5
6 1
37 9
34 4
7 9
7 9
4 9
21 3
5 4
12 4
30 7
17 6
39 7
23 9
27 2
25 9
16 7
11 7
37 9
31 3
26 3
11 2
32 8
34 8
38 3
9 5
13 3
38 9
21 4
35 5
27 5
14 5
2 5
31 7
13 3
37 6
16 6
31 3
27 8
39 4
30 9
2 8
5 7
3 8
15 4
5 4
17 4
13 5
9 3
40 1
17 3
3 6
12 7
6 2
8 2
17 5
3 6
29 6
1 1
22 6
28 7
32 2
14 8
26 3
35 6
8 5
5 7
8 8
34 5
7 9
24 6
29 5
17 2
22 9
34 2
32 9
23 1
19 3
10 3
24 8
8 2
36 3
22 7
36 5
12 8
31 5
12 2
7 3
36 9
37 7
23 2
18 5
25 1
9 1
31 9
18 4
33 6
22 7
29 9
5 6
32 2
10 5
38 2
8 2
12 4
37 7
26 3
38 3
26 4
35 9
11 3
13 5
24 5
2 8
