0 5 3
1 0 4
2 9 0
3 7 6
4 2 4
5 5 9
6 2 2
7 3 9
8 9 2
9 4 6
10 9 7
11 3 4
12 6 2
13 6 0
14 2 8
15 8 6
16 7 3
17 5 4
18 5 3
19 5 2
20 6 9
21 1 0
22 7 7
23 9 9
24 6 4
25 8 1
26 0 7
27 5 0
28 1 3
29 4 1
30 3 1
31 6 2
32 4 8
33 6 6
34 9 5
35 7 4
36 5 5
37 3 6
38 0 6
39 5 9
40 5 7
41 1 2
42 6 1
43 4 2
44 4 6
45 2 6
46 2 1
47 8 5
48 4 7
49 5 7
50 4 7
51 6 4
52 1 8
53 4 5
54 0 9
55 7 2
56 7 6
57 9 3
58 2 7
59 9 2
60 2 8
61 5 5
62 0 7
63 3 2
64 0 2
65 4 0
66 8 0
67 5 8
68 8 3
69 4 8
70 4 2
71 1 8
72 9 4
73 9 5
74 4 5
75 8 8
76 2 5
77 5 5
78 0 6
79 7 8
80 2 2
81 9 8
82 5 2
83 3 1
84 7 4
85 6 3
86 0 1
87 8 7
88 9 7
89 1 2
90 7 1
91 0 7
92 8 7
93 6 6
94 9 1
95 6 4
96 2 1
97 7 6
98 7 9
99 6 0
100 2 2
101 6 7
102 5 0
103 3 0
104 9 7
105 1 6
106 3 1
107 4 1
108 0 0
109 4 3
110 7 2
111 6 9
112 9 4
113 7 0
114 5 9
115 2 9
116 2 4
117 3 2
118 7 8
119 8 8
120 2 2
121 8 6
122 1 0
123 6 1
124 8 5
125 3 7
126 3 1
127 7 3
128 7 9
129 0 5
130 3 3
131 9 8
132 7 4
133 2 7
134 0 3
135 0 6
136 6 9
137 8 2
138 3 6
139 3 8
140 8 6
141 5 9
142 2 0
143 1 3
144 5 8
145 7 8
146 3 9
147 4 9
148 6 4
149 7 1
150 4 6
151 0 2
152 5 7
153 9 6
154 9 9
155 6 6
156 2 6
157 9 8
158 8 7
159 0 7
160 8 0
161 7 6
162 1 9
163 9 5
164 6 6
165 2 8
166 3 6
167 9 2
168 4 6
169 3 4
170 5 9
171 6 1
172 3 0
173 9 3
174 8 6
175 4 3
176 9 0
177 7 6
178 1 6
179 6 8
180 0 3
181 2 4
182 4 7
183 4 5
184 8 9
185 3 9
186 5 5
187 9 4
188 9 7
189 4 8
190 7 9
191 2 6
192 6 6
193 5 3
194 2 7
195 7 1
196 7 5
197 9 1
198 9 0
199 5 4
200 2 8
201 0 8
202 2 0
203 9 3
204 4 7
205 3 5
206 6 2
207 1 5
208 1 2
209 8 5
210 6 0
211 2 9
212 5 3
213 0 9
214 7 8
215 0 0
216 5 2
217 5 4
218 3 2
219 9 1
220 1 8
221 2 1
222 9 8
223 2 7
224 0 4
225 9 7
226 7 4
227 0 6
228 5 0
229 0 3
230 8 4
231 5 3
232 2 3
233 7 7
234 9 0
235 3 6
236 7 3
237 2 6
238 8 3
239 0 5
240 6 5
241 0 4
242 8 1
243 4 2
244 9 3
245 9 1
246 7 4
247 3 8
248 1 3
249 4 9
250 7 0
251 1 6
252 6 9
253 4 6
254 1 2
255 1 7
256 8 0
257 0 3
258 7 9
259 1 0
260 2 4
261 6 6
262 2 2
263 9 0
264 4 1
265 7 2
266 1 3
267 8 1
268 1 2
269 4 4
270 0 7
271 8 9
272 7 8
273 4 2
274 2 8
275 3 2
276 9 1
277 6 0
278 4 5
279 3 8
280 8 8
281 9 9
282 3 6
283 9 8
284 1 9
285 6 4
286 6 7
287 3 3
288 3 2
289 6 3
290 0 0
291 7 6
292 2 0
293 6 2
294 0 4
295 3 9
296 8 6
297 0 8
298 2 6
299 2 2
# colocadas=300 ocupadas=40 mayor=60
