0 0 0
1 11 11
2 0 11
3 11 0
4 0 2
5 0 10
6 0 4
7 0 6
8 0 8
9 1 11
10 2 0
11 10 0
12 0 5
13 4 0
14 3 11
15 5 11
16 6 0
17 7 11
18 8 0
19 2 1
20 0 7
21 9 11
22 11 1
23 11 3
24 11 5
25 11 10
26 11 7
27 1 3
28 1 6
29 1 8
30 2 4
31 2 7
32 0 11
33 2 9
34 3 2
35 1 2
36 3 5
37 0 1
38 3 8
39 1 11
40 0 6
41 11 0
42 4 3
43 4 6
44 2 5
45 4 9
46 5 1
47 0 8
48 5 4
49 5 7
50 3 0
51 6 2
52 3 10
53 6 5
54 6 8
55 6 3
56 6 10
57 10 5
58 6 2
59 1 8
60 7 1
61 7 3
62 4 0
63 7 9
64 11 11
65 3 11
66 3 0
67 3 10
68 11 5
69 11 9
70 10 0
71 11 0
72 4 7
73 7 6
74 5 5
75 5 10
76 1 9
77 6 4
78 8 1
79 8 4
80 8 8
81 1 3
82 0 2
83 8 10
84 5 4
85 1 2
86 9 2
87 10 1
88 6 11
89 9 5
90 9 6
91 10 8
92 3 5
93 7 11
94 10 5
95 2 6
96 6 11
97 1 5
98 1 0
99 8 6
100 9 7
101 11 5
102 9 5
103 10 4
104 5 9
105 8 11
106 11 2
107 11 10
108 9 9
109 5 2
110 0 1
111 4 1
112 4 0
113 8 5
114 5 1
115 2 9
116 0 8
117 6 6
118 7 8
119 10 0
120 3 3
121 2 7
122 6 2
123 6 3
124 4 10
125 2 3
126 5 7
127 11 1
128 7 2
129 2 4
130 4 3
131 7 5
132 3 0
133 3 4
134 9 5
135 6 2
136 4 2
137 11 0
138 5 2
139 1 7
140 4 11
141 8 10
142 5 0
143 7 11
144 6 11
145 6 5
146 0 9
147 0 11
148 7 4
149 0 3
150 2 2
151 10 6
152 0 0
153 2 11
154 6 0
155 10 9
156 0 10
157 7 0
158 0 11
159 8 3
160 2 0
161 8 0
162 6 6
163 8 2
164 8 9
165 3 5
166 2 6
167 7 2
168 8 3
169 3 2
170 3 4
171 6 9
172 1 11
173 5 0
174 3 6
175 4 10
176 1 9
177 9 1
178 0 1
179 4 7
180 10 11
181 3 11
182 11 9
183 0 7
184 7 1
185 6 8
186 4 11
187 9 0
188 8 2
189 10 1
190 10 9
191 0 8
192 7 8
193 1 0
194 2 10
195 2 8
196 4 1
197 0 5
198 11 11
199 10 0
200 8 1
201 11 8
202 8 5
203 3 8
204 6 0
205 10 8
206 5 11
207 2 1
208 1 7
209 11 4
210 2 2
211 0 0
212 7 0
213 4 9
214 5 10
215 7 6
216 7 3
217 6 4
218 1 3
219 1 4
220 2 9
221 4 0
222 7 1
223 5 6
224 11 5
225 7 10
226 11 0
227 9 2
228 8 8
229 7 0
230 1 0
231 8 7
232 6 8
233 0 4
234 0 3
235 9 6
236 0 9
237 5 11
238 0 0
239 1 5
240 0 8
241 1 2
242 6 2
243 4 2
244 5 1
245 0 11
246 0 9
247 9 4
248 10 11
249 9 9
250 5 2
251 9 8
252 3 3
253 2 5
254 4 10
255 1 3
256 11 3
257 8 11
258 11 9
259 5 0
260 0 2
261 1 8
262 1 0
263 2 3
264 0 7
265 2 8
266 5 8
267 5 4
268 3 1
269 3 4
270 11 8
271 6 8
272 3 2
273 7 7
274 10 7
275 0 0
276 2 6
277 11 11
278 8 0
279 2 2
280 4 1
281 8 8
282 3 7
283 2 1
284 7 5
285 0 3
286 6 1
287 8 4
288 2 11
289 6 3
290 4 7
291 1 11
292 11 7
293 10 11
294 1 10
295 6 5
296 3 5
297 6 4
298 11 2
299 0 10
300 11 4
301 2 7
302 1 1
303 9 10
304 5 3
305 11 5
306 1 0
307 4 6
308 4 11
309 5 9
310 9 3
311 1 1
312 6 7
313 7 5
314 11 1
315 6 5
316 10 0
317 6 2
318 7 7
319 4 5
320 6 7
321 5 8
322 7 11
323 1 6
324 11 4
325 9 9
326 2 10
327 8 6
328 11 10
329 6 11
330 2 0
331 6 0
332 5 10
333 0 1
334 9 6
335 9 11
336 3 10
337 9 5
338 4 4
339 5 2
340 2 10
341 1 0
342 1 9
343 7 6
344 1 8
345 3 11
346 7 1
347 2 9
348 3 0
349 4 0
350 2 10
351 4 2
352 1 2
353 8 2
354 6 4
355 3 2
356 6 1
357 7 8
358 3 3
359 9 1
360 3 6
361 3 2
362 7 4
363 2 0
364 11 5
365 1 10
366 4 6
367 1 1
368 11 9
369 10 7
370 7 1
371 11 0
372 5 5
373 4 11
374 10 11
375 11 8
376 7 0
377 6 4
378 8 0
379 5 11
380 1 11
381 5 4
382 8 8
383 3 1
384 2 8
385 4 10
386 1 7
387 7 9
388 5 0
389 10 0
390 2 1
391 3 7
392 0 11
393 10 5
394 0 8
395 4 3
396 2 7
397 8 11
398 2 2
399 3 10
400 11 7
401 7 10
402 5 7
403 9 10
404 8 3
405 4 7
406 3 0
407 7 2
408 8 4
409 7 3
410 0 6
411 4 0
412 0 4
413 6 2
414 3 11
415 5 2
416 4 4
417 1 9
418 5 10
419 9 0
420 11 11
421 0 3
422 8 3
423 6 6
424 1 6
425 7 11
426 7 8
427 7 0
428 0 0
429 6 0
430 1 11
431 0 9
# colocadas=432 ocupadas=60 mayor=83
