# semilla=5
12 60
432
40 5
48 6
51 9
2 8
50 4
42 1
58 3
8 6
31 4
25 9
7 4
1 4
27 5
12 7
11 2
9 8
9 3
1 1
14 4
11 3
19 6
13 9
57 4
12 4
58 7
20 1
24 7
11 3
17 2
22 5
53 1
39 6
5 5
23 5
31 6
12 8
31 3
4 5
2 6
55 7
2 9
51 7
24 7
38 1
29 1
46 3
40 4
8 4
60 8
23 9
23 9
17 8
7 6
56 5
3 7
6 4
22 9
40 6
59 3
22 5
60 9
6 5
44 6
20 3
52 2
41 3
47 5
31 3
47 1
6 9
60 7
3 4
48 6
53 5
30 7
10 1
59 1
52 8
22 4
9 3
41 7
7 3
28 6
10 1
55 7
19 3
30 3
34 8
32 6
31 5
19 8
26 3
8 7
53 9
12 8
56 6
12 2
32 5
33 9
56 9
24 2
51 6
45 1
49 5
24 9
46 5
54 8
17 5
22 3
38 1
31 9
50 5
21 5
30 5
53 9
42 6
23 5
42 6
48 7
23 3
56 8
24 6
34 3
34 3
13 6
60 8
19 2
47 7
11 9
43 7
20 9
50 5
47 1
13 3
38 8
40 3
15 3
41 1
31 4
11 1
58 3
8 6
12 8
13 9
3 7
30 6
25 2
38 4
16 6
1 6
26 5
55 7
56 2
45 9
24 1
36 5
7 5
35 9
22 5
23 3
27 7
53 9
24 8
10 3
39 7
37 8
13 3
39 2
23 1
25 2
21 9
10 6
41 7
28 7
15 8
19 8
46 7
25 3
39 5
48 5
32 5
27 1
21 5
32 5
10 8
2 2
43 8
16 5
3 3
53 7
1 8
35 9
18 4
60 8
51 1
16 8
18 3
47 5
19 8
39 8
34 2
2 3
20 5
35 6
40 5
47 9
2 8
23 6
44 3
3 1
17 9
30 2
57 9
13 1
28 7
39 8
55 7
31 7
44 4
58 5
30 2
20 1
45 7
38 5
42 8
59 5
10 3
31 9
57 8
22 9
10 7
38 9
52 1
5 4
18 2
51 2
43 1
22 7
5 7
45 8
4 2
54 2
15 2
46 3
19 8
10 3
40 3
27 3
5 4
3 9
7 7
48 2
18 1
37 2
48 7
57 3
1 7
6 6
44 8
32 6
42 6
59 1
9 5
10 9
19 9
36 4
17 2
36 4
17 5
34 3
52 4
56 6
30 7
12 3
46 1
42 6
6 1
6 2
33 8
16 7
57 8
31 6
7 9
2 9
47 7
4 3
28 4
48 2
6 8
53 4
9 7
23 4
19 6
60 6
51 7
25 3
47 6
42 5
52 7
55 6
34 1
38 4
48 3
26 2
7 1
3 3
13 4
3 8
57 8
43 6
1 7
31 5
57 7
21 8
30 2
13 3
42 3
5 6
56 7
56 8
10 9
17 2
18 3
49 5
44 4
3 8
58 1
23 6
21 1
45 1
44 8
31 3
8 6
19 8
44 4
47 3
3 4
46 1
37 4
43 2
40 7
59 6
44 5
12 8
24 5
5 8
11 4
12 4
3 7
47 5
1 8
4 8
50 7
11 1
3 9
54 9
37 6
7 2
16 8
6 8
4 4
42 1
32 7
51 1
4 5
54 7
29 5
41 1
57 1
13 3
45 9
41 7
13 9
15 2
60 6
51 2
6 9
59 3
39 2
55 4
40 1
29 9
23 8
28 7
34 3
47 1
59 5
45 8
58 4
36 2
9 5
31 2
50 5
53 7
21 3
9 9
6 8
16 2
52 7
37 4
18 1
32 4
4 4
51 5
57 6
57 2
5 7
50 6
25 9
1 5
42 3
37 1
29 3
53 1
47 1
45 7
18 2
52 7
36 3
21 2
20 3
9 5
32 6
19 1
5 9
49 9
2 1
8 1
9 6
28 5
40 1
15 9
