0 0 0
1 0 11
2 11 0
3 11 11
4 0 2
5 0 4
6 0 6
7 0 8
8 2 0
9 2 11
10 4 0
11 4 11
12 6 0
13 6 11
14 1 6
15 8 0
16 8 11
17 11 2
18 10 11
19 11 4
20 11 6
21 11 8
22 10 0
23 11 11
24 6 10
25 1 1
26 1 3
27 1 9
28 8 1
29 2 2
30 3 2
31 2 4
32 7 11
33 4 1
34 10 11
35 11 10
36 2 7
37 3 5
38 3 8
39 3 10
40 4 3
41 4 6
42 11 1
43 1 11
44 4 9
45 5 2
46 11 2
47 8 0
48 0 10
49 5 4
50 2 11
51 5 7
52 5 0
53 6 1
54 0 1
55 5 9
56 6 3
57 6 2
58 0 2
59 7 1
60 2 10
61 6 5
62 7 0
63 7 3
64 7 1
65 5 11
66 4 10
67 6 8
68 7 6
69 11 11
70 7 7
71 7 0
72 7 9
73 2 2
74 4 7
75 8 2
76 5 2
77 4 11
78 4 10
79 3 0
80 6 1
81 8 4
82 5 7
83 7 1
84 2 5
85 11 0
86 1 0
87 8 6
88 8 8
89 9 6
90 0 0
91 6 11
92 8 10
93 9 8
94 4 11
95 1 0
96 9 1
97 8 6
98 2 9
99 9 2
100 0 3
101 1 3
102 6 3
103 9 10
104 9 11
105 10 1
106 5 8
107 10 4
108 0 6
109 3 1
110 1 7
111 1 5
112 6 8
113 8 10
114 1 10
115 11 3
116 8 8
117 7 3
118 2 6
119 10 5
120 6 6
121 3 7
122 0 3
123 4 2
124 4 0
125 10 0
126 10 1
127 0 1
128 4 7
129 0 5
130 3 5
131 1 4
132 3 4
133 2 3
134 2 1
135 2 5
136 4 5
137 6 9
138 10 11
139 3 6
140 9 10
141 6 5
142 3 10
143 8 9
144 9 11
145 6 3
146 7 10
147 3 1
148 8 11
149 10 11
150 10 0
151 11 10
152 3 8
153 1 11
154 0 11
155 5 7
156 11 5
157 9 6
158 3 3
159 11 2
160 5 0
161 1 2
162 0 6
163 2 2
164 6 6
165 11 7
166 7 4
167 6 5
168 5 11
169 5 3
170 4 4
171 0 0
172 4 7
173 5 7
174 8 3
175 2 7
176 1 7
177 8 6
178 4 9
179 2 6
180 6 6
181 9 4
182 9 7
183 2 0
184 7 3
185 4 0
186 8 3
187 9 8
188 10 3
189 4 11
190 10 6
191 5 10
192 7 11
193 9 5
194 7 2
195 7 0
196 9 4
197 2 3
198 2 5
199 5 8
200 6 4
201 7 9
202 3 11
203 2 7
204 0 5
205 0 6
206 2 1
207 6 0
208 9 6
209 2 8
210 11 8
211 8 4
212 8 8
213 1 10
214 3 3
215 5 2
216 3 4
217 7 10
218 0 9
219 3 0
220 6 8
221 11 4
222 3 2
223 7 1
224 8 5
225 5 11
226 5 1
227 11 11
228 9 8
229 10 4
230 8 8
231 3 9
232 1 3
233 11 1
234 4 11
235 5 5
236 1 8
237 8 0
238 11 2
239 5 2
240 2 9
241 2 3
242 4 10
243 2 0
244 7 3
245 4 4
246 5 10
247 1 7
248 2 1
249 10 1
250 6 3
251 4 7
252 8 2
253 9 8
254 10 11
255 1 5
256 3 10
257 0 4
258 3 5
259 9 11
260 2 8
261 7 5
262 9 1
263 10 0
264 2 4
265 2 0
266 5 6
267 11 5
268 3 1
269 6 6
270 5 7
271 11 9
272 1 1
273 1 11
274 7 9
275 8 11
276 3 7
277 0 8
278 0 5
279 9 0
280 11 7
281 10 11
282 4 7
283 7 11
284 5 0
285 0 10
286 10 8
287 6 9
288 3 11
289 2 2
290 5 11
291 7 2
292 11 1
293 0 7
294 5 1
295 5 2
296 2 3
297 8 6
298 2 11
299 2 7
300 3 9
301 11 6
302 9 9
303 3 0
304 8 8
305 7 4
306 4 6
307 2 5
308 3 6
309 3 3
310 7 10
311 1 4
312 10 7
313 9 7
314 2 3
315 0 1
316 3 5
317 9 2
318 0 0
319 3 2
320 1 9
321 11 0
322 8 9
323 8 5
324 0 4
325 6 5
326 5 9
327 2 5
328 6 2
329 3 4
330 6 4
331 9 3
332 8 0
333 4 1
334 4 7
335 10 0
336 6 3
337 4 11
338 11 4
339 1 2
340 5 11
341 7 5
342 10 7
343 7 11
344 9 7
345 2 4
346 3 1
347 9 6
348 2 2
349 1 7
350 1 4
351 0 2
352 1 3
353 1 0
354 0 1
355 8 10
356 3 7
357 6 1
358 4 5
359 8 6
360 5 3
361 1 6
362 7 4
363 6 11
364 6 0
365 11 0
366 5 2
367 0 0
368 1 5
369 7 2
370 1 0
371 7 5
372 3 3
373 0 11
374 0 6
375 10 5
376 3 11
377 9 8
378 6 4
379 2 1
380 8 11
381 1 6
382 11 5
383 2 9
384 7 1
385 6 7
386 10 7
387 11 10
388 4 0
389 0 9
390 2 10
391 5 0
392 1 1
393 3 8
394 6 1
395 4 0
396 7 9
397 0 7
398 0 0
399 11 9
400 1 10
401 0 3
402 2 3
403 6 9
404 4 2
405 8 3
406 3 7
407 2 11
408 7 1
409 9 0
410 7 4
411 7 2
412 8 10
413 2 10
414 2 9
415 9 11
416 11 10
417 0 10
418 10 6
419 3 11
420 2 10
421 0 9
422 4 3
423 5 0
424 1 0
425 3 0
426 9 6
427 5 11
428 4 0
429 5 0
430 6 6
431 9 7
# colocadas=432 ocupadas=60 mayor=72
