0 0 0
1 0 11
2 11 0
3 11 11
4 0 2
5 0 5
6 0 7
7 0 9
8 2 0
9 10 0
10 3 11
11 4 0
12 5 11
13 0 1
14 11 0
15 3 10
16 2 11
17 1 9
18 6 0
19 7 11
20 8 0
21 8 11
22 7 11
23 4 1
24 10 0
25 9 11
26 7 10
27 11 1
28 11 10
29 2 10
30 11 2
31 11 0
32 5 0
33 11 4
34 11 6
35 11 8
36 1 6
37 3 1
38 1 3
39 2 2
40 4 11
41 6 11
42 2 4
43 2 8
44 3 3
45 3 5
46 3 7
47 4 2
48 1 0
49 4 4
50 3 0
51 4 1
52 1 8
53 10 0
54 11 1
55 1 4
56 2 11
57 11 11
58 4 6
59 2 6
60 8 11
61 4 8
62 5 2
63 11 9
64 2 5
65 0 9
66 5 6
67 11 0
68 11 8
69 0 10
70 2 9
71 5 9
72 10 0
73 5 3
74 10 11
75 11 10
76 6 1
77 11 2
78 6 4
79 6 7
80 7 2
81 7 5
82 1 7
83 4 2
84 4 5
85 5 11
86 3 8
87 0 0
88 7 8
89 0 11
90 0 3
91 1 10
92 11 1
93 11 11
94 1 8
95 3 4
96 0 1
97 1 2
98 0 6
99 10 6
100 8 3
101 4 3
102 0 2
103 5 3
104 4 0
105 8 6
106 3 1
107 11 7
108 11 3
109 3 9
110 0 10
111 6 2
112 1 2
113 1 6
114 4 8
115 5 4
116 6 0
117 3 0
118 2 1
119 11 8
120 11 5
121 7 9
122 11 4
123 1 11
124 2 3
125 8 7
126 5 1
127 7 1
128 0 4
129 1 9
130 0 11
131 1 5
132 4 10
133 0 8
134 3 11
135 2 4
136 11 0
137 11 10
138 6 3
139 6 5
140 3 2
141 0 0
142 11 5
143 4 2
144 0 2
145 2 0
146 4 6
147 2 10
148 8 6
149 2 5
150 5 7
151 1 11
152 3 2
153 9 0
154 7 4
155 9 2
156 9 4
157 4 3
158 9 5
159 1 3
160 9 7
161 6 2
162 11 6
163 8 1
164 0 11
165 2 7
166 0 5
167 6 6
168 7 6
169 1 0
170 1 5
171 11 11
172 0 4
173 4 11
174 0 1
175 8 5
176 4 0
177 0 7
178 5 5
179 7 3
180 0 9
181 3 8
182 7 10
183 5 3
184 5 10
185 2 0
186 2 11
187 4 2
188 7 0
189 10 3
190 8 9
191 11 10
192 8 7
193 5 0
194 11 4
195 11 11
196 11 3
197 1 2
198 4 10
199 7 5
200 9 5
201 10 1
202 7 6
203 0 3
204 1 0
205 2 6
206 8 5
207 3 6
208 0 5
209 1 3
210 11 2
211 10 0
212 9 4
213 4 7
214 5 1
215 9 5
216 1 6
217 4 4
218 11 10
219 10 6
220 9 8
221 1 11
222 7 1
223 3 10
224 1 5
225 6 0
226 2 6
227 0 4
228 1 7
229 5 8
230 6 8
231 2 0
232 7 5
233 4 6
234 5 11
235 3 9
236 5 0
237 4 7
238 4 10
239 7 6
240 0 5
241 7 5
242 0 11
243 6 10
244 1 2
245 3 5
246 1 6
247 7 6
248 4 3
249 5 6
250 6 6
251 11 0
252 5 1
253 8 2
254 7 0
255 1 5
256 7 8
257 11 3
258 2 8
259 9 7
260 3 1
261 11 6
262 10 6
263 11 11
264 2 1
265 8 5
266 9 10
267 2 0
268 1 10
269 3 2
270 8 0
271 5 4
272 11 10
273 3 6
274 7 7
275 9 9
276 7 1
277 4 11
278 9 3
279 10 0
280 1 6
281 1 0
282 6 5
283 3 11
284 2 10
285 4 9
286 4 5
287 11 5
288 6 8
289 4 8
290 6 11
291 4 1
292 9 0
293 3 0
294 2 11
295 8 6
296 1 4
297 0 8
298 11 11
299 4 7
300 5 2
301 11 0
302 8 5
303 7 11
304 3 8
305 7 9
306 0 10
307 3 5
308 5 1
309 11 4
310 4 1
311 2 7
312 4 8
313 4 5
314 8 7
315 5 3
316 5 8
317 11 1
318 8 4
319 11 5
320 10 2
321 9 2
322 3 3
323 11 0
324 0 11
325 9 4
326 11 2
327 0 2
328 9 1
329 9 6
330 0 0
331 6 11
332 2 9
333 2 5
334 5 0
335 10 10
336 10 1
337 8 0
338 7 5
339 1 5
340 4 3
341 0 9
342 5 3
343 8 5
344 4 2
345 7 0
346 7 10
347 0 4
348 7 9
349 7 8
350 3 10
351 2 8
352 2 2
353 2 0
354 1 3
355 2 3
356 9 0
357 1 10
358 1 9
359 10 0
360 2 6
361 11 7
362 6 8
363 4 4
364 6 0
365 5 2
366 2 7
367 5 1
368 7 7
369 10 1
370 0 3
371 5 0
372 0 5
373 6 0
374 8 8
375 11 6
376 8 1
377 5 2
378 1 11
379 10 0
380 3 7
381 3 1
382 3 2
383 1 1
384 2 11
385 5 11
386 9 3
387 10 1
388 4 3
389 5 0
390 3 5
391 3 0
392 3 4
393 5 8
394 5 7
395 4 6
396 0 4
397 3 8
398 6 3
399 3 3
400 0 10
401 4 7
402 8 0
403 8 4
404 9 5
405 1 11
406 10 11
407 5 3
408 4 1
409 11 11
410 0 1
411 0 6
412 5 10
413 11 5
414 1 10
415 4 10
416 4 6
417 7 11
418 1 11
419 8 1
420 7 8
421 5 4
422 8 9
423 8 3
424 3 9
425 2 3
426 5 5
427 3 3
428 1 10
429 3 10
430 8 0
431 10 0
# colocadas=432 ocupadas=60 mayor=77
