0 10 9
1 9 5
2 9 10
3 6 0
4 1 0
5 11 0
6 2 1
7 0 11
8 4 10
9 5 4
10 7 4
11 10 1
12 2 2
13 2 1
14 3 2
15 11 10
16 1 11
17 2 4
18 4 0
19 9 11
20 0 3
21 0 2
22 3 0
23 5 7
24 11 2
25 8 8
26 10 4
27 11 8
28 9 1
29 8 9
30 5 1
31 6 5
32 7 3
33 3 6
34 6 11
35 7 0
36 2 9
37 11 3
38 8 2
39 3 11
40 9 3
41 5 9
42 11 1
43 1 4
44 7 2
45 8 6
46 6 0
47 6 6
48 0 10
49 7 10
50 0 3
51 0 5
52 3 4
53 0 2
54 4 1
55 3 7
56 10 7
57 6 9
58 8 4
59 1 6
60 2 3
61 0 4
62 1 8
63 0 7
64 7 5
65 8 0
66 4 5
67 11 2
68 2 5
69 11 3
70 4 2
71 3 3
72 9 7
73 1 3
74 10 6
75 7 8
76 6 5
77 1 4
78 1 3
79 11 5
80 9 2
81 4 8
82 4 0
83 10 0
84 11 7
85 9 10
86 2 4
87 7 11
88 0 3
89 5 9
90 0 9
91 9 8
92 10 11
93 11 8
94 5 6
95 0 11
96 0 0
97 8 5
98 9 5
99 2 8
100 2 6
101 1 2
102 5 11
103 11 6
104 4 7
105 11 11
106 3 2
107 10 7
108 4 8
109 0 2
110 6 11
111 6 9
112 0 8
113 11 9
114 3 10
115 6 6
116 3 6
117 5 6
118 2 10
119 11 2
120 10 9
121 7 7
122 6 3
123 8 1
124 7 10
125 11 5
126 4 4
127 11 0
128 7 0
129 7 3
130 9 11
131 5 9
132 4 7
133 8 11
134 6 8
135 9 1
136 2 0
137 4 5
138 0 3
139 0 10
140 2 9
141 11 10
142 10 11
143 8 8
144 9 9
145 9 11
146 10 1
147 9 6
148 9 3
149 7 9
150 8 10
151 2 8
152 5 0
153 7 4
154 10 10
155 8 2
156 1 10
157 5 7
158 6 6
159 11 9
160 1 5
161 6 9
162 11 3
163 0 6
164 10 11
165 0 10
166 6 2
167 3 4
168 1 1
169 5 3
170 9 0
171 7 1
172 8 7
173 8 8
174 11 1
175 2 7
176 4 3
177 9 2
178 10 8
179 5 5
180 1 0
181 7 10
182 4 7
183 11 11
184 7 9
185 0 11
186 0 4
187 7 10
188 7 6
189 2 3
190 6 8
191 3 8
192 11 6
193 4 4
194 8 6
195 4 8
196 6 9
197 2 4
198 8 10
199 8 4
200 11 8
201 2 8
202 6 5
203 5 10
204 9 6
205 2 2
206 4 6
207 10 2
208 9 3
209 9 2
210 9 3
211 0 1
212 4 7
213 6 8
214 6 9
215 10 1
216 11 0
217 5 2
218 10 2
219 3 0
220 7 11
221 6 3
222 6 6
223 8 5
224 2 0
225 5 8
226 9 10
227 6 7
228 11 1
229 1 6
230 2 5
231 5 11
232 10 5
233 10 1
234 4 6
235 3 3
236 9 11
237 10 9
238 9 1
239 7 10
240 1 5
241 1 7
242 8 11
243 10 4
244 1 11
245 7 8
246 3 2
247 9 5
248 11 10
249 0 3
250 7 5
251 2 3
252 3 7
253 8 9
254 6 11
255 8 8
256 9 11
257 0 0
258 7 0
259 1 8
260 7 2
261 7 3
262 10 10
263 8 10
264 7 11
265 11 4
266 1 1
267 3 4
268 1 2
269 3 1
270 8 6
271 10 1
272 10 11
273 0 1
274 0 11
275 6 2
276 0 10
277 1 9
278 4 0
279 0 9
280 7 8
281 1 4
282 3 6
283 5 10
284 4 7
285 9 2
286 4 10
287 9 4
288 3 7
289 10 0
290 8 0
291 10 4
292 10 5
293 2 9
294 9 11
295 4 2
296 0 5
297 4 7
298 2 2
299 1 1
300 0 2
301 9 7
302 6 4
303 10 9
304 3 8
305 4 6
306 0 3
307 6 11
308 7 11
309 3 7
310 6 1
311 2 8
312 1 10
313 11 2
314 5 10
315 5 4
316 0 6
317 3 3
318 1 2
319 7 2
320 2 1
321 7 10
322 2 9
323 4 8
324 2 3
325 4 4
326 7 3
327 8 10
328 1 0
329 2 4
330 10 11
331 4 7
332 1 5
333 8 1
334 2 8
335 0 4
336 11 0
337 10 8
338 2 3
339 11 9
340 2 4
341 8 2
342 1 11
343 11 10
344 5 0
345 5 9
346 11 8
347 5 2
348 9 10
349 1 3
350 0 10
351 10 8
352 0 7
353 7 4
354 4 3
355 5 4
356 9 5
357 11 3
358 4 11
359 3 8
360 5 5
361 0 2
362 11 9
363 6 3
364 6 10
365 6 6
366 11 11
367 10 7
368 9 7
369 11 2
370 10 7
371 2 0
372 5 7
373 0 5
374 1 6
375 9 11
376 0 3
377 6 5
378 3 7
379 9 9
380 11 10
381 9 10
382 11 5
383 3 2
384 1 10
385 1 4
386 2 4
387 2 2
388 3 1
389 3 11
390 6 11
391 9 4
392 2 9
393 2 8
394 2 10
395 4 4
396 1 4
397 4 10
398 9 9
399 7 3
400 8 8
401 0 8
402 3 4
403 7 1
404 5 11
405 6 11
406 7 0
407 6 6
408 4 2
409 10 6
410 4 7
411 5 7
412 5 10
413 9 6
414 1 0
415 5 4
416 9 7
417 6 5
418 6 2
419 9 5
420 9 10
421 8 9
422 0 6
423 10 0
424 7 2
425 6 0
426 10 2
427 4 1
428 4 0
429 2 4
430 0 0
431 5 9
# colocadas=432 ocupadas=60 mayor=75
