0 0 0
1 0 11
2 11 0
3 11 11
4 0 2
5 0 4
6 0 6
7 0 8
8 2 0
9 2 11
10 4 0
11 4 11
12 6 0
13 6 11
14 8 0
15 8 11
16 9 11
17 4 10
18 11 2
19 9 0
20 11 3
21 10 2
22 11 5
23 5 11
24 0 7
25 7 11
26 11 7
27 8 0
28 11 9
29 1 1
30 1 3
31 1 5
32 1 9
33 2 2
34 3 0
35 4 11
36 2 0
37 2 4
38 10 11
39 2 6
40 11 11
41 11 1
42 10 7
43 10 0
44 2 8
45 3 1
46 1 0
47 0 9
48 3 3
49 3 2
50 2 2
51 11 8
52 5 0
53 3 5
54 3 7
55 3 9
56 0 1
57 0 0
58 4 2
59 1 1
60 4 3
61 3 10
62 4 6
63 6 11
64 4 8
65 5 4
66 5 7
67 3 0
68 6 7
69 3 9
70 4 4
71 2 7
72 0 10
73 0 3
74 3 3
75 5 9
76 5 2
77 4 7
78 1 0
79 8 11
80 5 5
81 4 0
82 6 3
83 6 9
84 3 6
85 11 4
86 4 3
87 5 8
88 7 1
89 2 0
90 11 3
91 7 4
92 0 8
93 1 3
94 3 11
95 2 5
96 4 11
97 7 2
98 7 6
99 3 5
100 9 7
101 11 0
102 7 8
103 7 10
104 8 7
105 3 2
106 8 3
107 11 7
108 1 1
109 9 0
110 3 0
111 0 1
112 11 9
113 3 3
114 0 3
115 0 5
116 1 2
117 0 4
118 0 11
119 1 3
120 2 5
121 9 7
122 4 8
123 5 8
124 9 2
125 4 3
126 10 3
127 6 6
128 8 1
129 8 5
130 5 11
131 0 2
132 6 7
133 10 2
134 8 0
135 1 0
136 8 9
137 5 4
138 2 0
139 9 1
140 0 6
141 0 7
142 3 11
143 9 2
144 1 7
145 3 4
146 2 10
147 7 0
148 6 5
149 4 9
150 8 4
151 2 6
152 3 5
153 8 8
154 9 6
155 9 10
156 4 1
157 10 8
158 0 1
159 1 2
160 6 1
161 1 3
162 9 7
163 6 8
164 0 5
165 5 0
166 10 2
167 1 5
168 2 2
169 2 11
170 11 10
171 6 9
172 5 5
173 6 4
174 9 9
175 11 3
176 3 1
177 2 10
178 0 5
179 0 10
180 7 3
181 6 2
182 11 9
183 7 2
184 7 9
185 10 11
186 9 5
187 7 5
188 1 6
189 0 3
190 4 10
191 11 8
192 1 11
193 3 3
194 11 1
195 6 5
196 0 11
197 6 8
198 11 4
199 1 5
200 5 9
201 11 11
202 6 11
203 10 8
204 0 0
205 6 7
206 10 11
207 1 2
208 5 6
209 1 7
210 11 8
211 4 4
212 11 6
213 10 3
214 6 3
215 0 5
216 3 6
217 1 0
218 4 6
219 1 6
220 4 3
221 5 11
222 7 8
223 8 0
224 1 4
225 4 2
226 6 9
227 2 0
228 10 6
229 1 1
230 6 10
231 7 0
232 4 8
233 0 9
234 1 11
235 11 0
236 8 5
237 0 1
238 1 9
239 8 8
240 2 3
241 8 2
242 10 9
243 3 0
244 11 5
245 6 11
246 1 0
247 6 1
248 0 9
249 1 8
250 5 1
251 0 11
252 1 10
253 6 0
254 1 11
255 10 7
256 4 11
257 2 9
258 4 7
259 6 2
260 2 4
261 3 2
262 7 11
263 6 10
264 11 4
265 9 11
266 11 7
267 9 10
268 11 6
269 4 9
270 5 8
271 2 5
272 4 4
273 3 10
274 4 0
275 1 4
276 3 9
277 3 8
278 7 7
279 6 4
280 11 7
281 2 1
282 4 1
283 11 11
284 6 6
285 2 4
286 5 3
287 0 11
288 3 7
289 0 4
290 8 11
291 1 3
292 11 3
293 2 3
294 11 1
295 2 11
296 6 7
297 1 5
298 5 9
299 3 5
300 3 9
301 7 1
302 0 10
303 9 4
304 5 1
305 0 8
306 9 3
307 1 8
308 11 8
309 8 4
310 4 10
311 1 1
312 11 7
313 11 8
314 4 3
315 10 3
316 1 4
317 0 8
318 2 6
319 2 5
320 6 11
321 11 5
322 1 11
323 6 10
324 4 6
325 1 9
326 2 6
327 0 3
328 11 9
329 7 8
330 4 7
331 2 1
332 1 7
333 11 4
334 4 6
335 5 7
336 0 9
337 3 0
338 7 0
339 8 5
340 0 0
341 4 2
342 4 5
343 3 11
344 8 7
345 0 7
346 9 0
347 4 11
348 1 9
349 6 7
350 3 10
351 3 4
352 1 2
353 10 0
354 0 9
355 8 1
356 6 0
357 5 0
358 7 4
359 4 7
360 4 4
361 1 5
362 7 2
363 11 0
364 3 4
365 8 0
366 1 8
367 5 6
368 11 6
369 9 3
370 8 8
371 5 5
372 8 3
373 9 9
374 2 4
375 11 1
376 4 6
377 3 2
378 0 6
379 3 6
380 1 0
381 1 9
382 0 2
383 5 4
384 3 8
385 5 7
386 4 2
387 7 8
388 2 7
389 10 10
390 7 11
391 3 1
392 1 3
393 0 3
394 11 8
395 8 11
396 5 6
397 8 4
398 4 9
399 7 0
400 0 11
401 6 2
402 3 5
403 11 0
404 10 6
405 11 6
406 0 8
407 1 2
408 3 11
409 2 10
410 0 5
411 6 0
412 1 10
413 0 4
414 6 7
415 6 8
416 1 11
417 3 9
418 10 9
419 11 9
420 5 10
421 7 11
422 5 2
423 11 3
424 0 7
425 6 9
426 11 10
427 1 6
428 8 11
429 4 4
430 0 0
431 9 8
# colocadas=432 ocupadas=60 mayor=70
