0 0 0
1 1 0
2 0 0
3 0 4
4 0 6
5 0 7
6 0 6
7 0 8
8 1 8
9 2 8
10 1 1
11 0 3
12 0 4
13 0 7
14 1 0
15 0 0
16 1 0
17 0 0
18 1 0
19 1 8
20 0 3
21 2 8
22 0 6
23 1 8
24 2 8
25 0 4
26 0 0
27 0 7
28 1 0
29 0 3
30 1 8
31 0 4
32 0 6
33 2 8
34 0 7
35 0 0
36 1 0
37 0 6
38 0 3
39 1 8
40 2 8
41 0 4
42 0 7
43 0 3
44 0 4
45 0 0
46 2 1
47 0 3
48 1 1
49 1 0
50 0 0
51 2 1
52 1 1
53 0 4
54 1 0
55 2 1
56 1 1
57 2 1
58 1 1
59 0 3
60 0 0
61 1 8
62 0 6
63 1 0
64 2 1
65 0 4
66 0 3
67 0 7
68 0 4
69 2 8
70 0 3
71 1 8
72 0 6
73 1 1
74 2 1
75 0 7
76 2 8
77 0 6
78 0 4
79 0 3
80 0 4
81 1 1
82 0 0
83 0 3
84 1 0
85 0 0
86 0 7
87 1 8
88 1 0
89 0 6
90 0 4
91 2 8
92 1 8
93 0 3
94 0 4
95 2 1
96 1 1
97 0 7
98 2 1
99 1 1
100 2 1
101 1 1
102 0 0
103 1 0
104 2 8
105 0 6
106 1 8
107 0 0
108 0 7
109 2 8
110 1 8
111 0 6
112 2 8
113 2 1
114 0 3
115 1 8
116 2 8
117 0 4
118 0 3
119 0 7
120 1 1
121 1 0
122 0 6
123 0 7
124 0 6
125 1 8
126 2 1
127 1 1
128 0 4
129 0 0
130 1 0
131 2 8
132 0 7
133 0 0
134 0 6
135 0 3
136 1 0
137 1 8
138 0 7
139 1 1
140 2 8
141 2 1
142 0 4
143 0 6
144 0 3
145 0 7
146 0 6
147 0 7
148 0 6
149 1 0
150 1 8
151 2 8
152 1 1
153 2 1
154 0 0
155 1 0
156 1 1
157 2 1
158 0 4
159 0 0
160 0 7
161 1 8
162 1 1
163 2 8
164 2 1
165 1 8
166 2 8
167 1 0
168 0 6
169 0 7
170 1 8
171 0 6
172 1 1
173 0 0
174 2 8
175 0 7
176 0 6
177 0 7
178 0 3
179 0 4
180 1 0
181 1 8
182 0 6
183 2 1
184 0 7
185 0 6
186 1 1
187 0 7
188 2 8
189 0 0
190 0 6
191 1 0
192 1 8
193 0 7
194 2 1
195 0 6
196 2 8
197 0 7
198 1 1
199 2 1
200 1 8
201 2 8
202 0 3
203 0 4
204 0 6
205 1 1
206 0 0
207 0 3
208 2 1
209 0 7
210 0 6
211 1 0
212 0 4
213 0 7
214 0 3
215 1 8
216 2 8
217 0 0
218 0 6
219 0 7
220 0 4
221 0 3
222 0 4
223 0 3
224 1 8
225 2 8
226 0 6
227 1 0
228 1 1
229 2 1
230 0 7
231 0 0
232 0 4
233 1 1
234 0 6
235 1 0
236 0 3
237 0 4
238 0 3
239 0 7
240 0 4
241 0 0
242 1 0
243 0 3
244 2 1
245 0 6
246 0 4
247 0 3
248 0 0
249 0 4
250 0 7
251 0 3
252 1 8
253 2 8
254 0 6
255 1 8
256 0 4
257 0 7
258 1 0
259 0 3
260 0 6
261 0 0
262 0 7
263 1 1
264 0 4
265 0 3
266 0 6
267 2 8
268 1 0
269 1 8
270 0 7
271 0 4
272 0 0
273 2 1
274 1 0
275 0 3
276 0 6
277 0 4
278 0 3
279 0 0
280 2 8
281 0 4
282 1 8
283 1 0
284 1 1
285 0 7
286 0 0
287 2 8
288 0 3
289 1 0
290 0 6
291 0 7
292 1 8
293 2 8
294 1 8
295 0 6
296 0 0
297 0 7
298 0 6
299 1 0
# colocadas=300 ocupadas=5 mayor=382
