0 0 0
1 0 4
2 0 6
3 7 4
4 8 7
5 1 8
6 0 7
7 9 9
8 5 9
9 0 5
10 9 7
11 1 3
12 2 8
13 1 0
14 0 6
15 9 6
16 0 0
17 9 8
18 9 9
19 1 5
20 9 7
21 2 5
22 1 5
23 1 2
24 1 6
25 0 6
26 2 5
27 1 5
28 6 4
29 0 1
30 0 5
31 1 5
32 8 9
33 0 0
34 7 4
35 9 9
36 1 3
37 1 1
38 3 7
39 0 8
40 2 9
41 2 8
42 3 5
43 8 5
44 0 9
45 9 5
46 6 6
47 5 6
48 4 9
49 5 9
50 2 1
51 5 5
52 8 4
53 1 4
54 1 5
55 3 6
56 1 1
57 6 5
58 3 5
59 1 2
60 1 6
61 0 6
62 5 6
63 4 0
64 8 5
65 8 8
66 3 4
67 1 3
68 9 8
69 0 3
70 0 4
71 9 9
72 2 3
73 5 7
74 6 4
75 1 3
76 3 5
77 1 4
78 1 5
79 9 5
80 5 6
81 5 1
82 8 3
83 6 5
84 6 9
85 3 9
86 0 5
87 2 0
88 0 6
89 0 2
90 4 7
91 5 9
92 2 4
93 0 3
94 8 2
95 1 9
96 3 0
97 7 7
98 1 7
99 8 4
100 7 4
101 5 8
102 8 7
103 5 7
104 7 9
105 3 7
106 3 1
107 5 0
108 1 0
109 1 4
110 0 1
111 5 5
112 7 7
113 1 3
114 0 4
115 0 5
116 4 5
117 8 9
118 3 2
119 4 0
120 9 1
121 1 5
122 9 2
123 5 8
124 1 8
125 3 8
126 0 0
127 5 9
128 3 7
129 8 7
130 6 8
131 7 5
132 8 6
133 0 8
134 2 1
135 0 7
136 3 3
137 0 2
138 5 6
139 5 2
140 5 5
141 3 1
142 9 1
143 5 4
144 4 6
145 4 8
146 3 5
147 2 5
148 0 9
149 6 5
150 8 5
151 7 8
152 5 3
153 9 6
154 9 7
155 9 5
156 5 1
157 4 7
158 5 0
159 7 6
160 1 1
161 5 5
162 8 3
163 4 9
164 7 7
165 6 7
166 2 7
167 4 2
168 3 7
169 3 8
170 2 3
171 1 2
172 2 6
173 5 9
174 5 6
175 5 1
176 8 8
177 2 7
178 6 8
179 8 4
180 7 4
181 1 3
182 1 4
183 1 5
184 2 9
185 4 8
186 2 2
187 5 7
188 4 4
189 2 0
190 8 9
191 0 2
192 2 1
193 1 0
194 9 2
195 1 2
196 3 0
197 6 6
198 3 9
199 4 7
200 5 2
201 3 4
202 3 7
203 3 6
204 4 7
205 7 5
206 5 1
207 4 5
208 2 4
209 6 5
210 2 0
211 2 3
212 3 5
213 0 3
214 0 0
215 5 2
216 7 6
217 2 9
218 1 1
219 9 3
220 5 1
221 7 8
222 4 8
223 4 9
224 7 5
225 5 4
226 6 6
227 9 1
228 7 2
229 7 1
230 0 5
231 3 3
232 1 9
233 0 2
234 3 8
235 3 9
236 1 0
237 1 2
238 6 9
239 0 9
240 7 6
241 1 9
242 0 2
243 0 4
244 7 5
245 4 4
246 8 2
247 0 9
248 1 4
249 4 1
250 1 9
251 5 9
252 0 0
253 9 4
254 4 9
255 7 2
256 0 6
257 3 0
258 0 3
259 5 0
260 6 3
261 8 3
262 8 2
263 1 0
264 3 2
265 5 1
266 8 0
267 4 6
268 1 5
269 5 3
270 9 5
271 5 8
272 1 1
273 4 3
274 2 0
275 7 0
276 4 8
277 2 8
278 4 5
279 3 3
280 6 2
281 2 1
282 0 9
283 2 3
284 2 5
285 6 8
286 1 9
287 9 3
288 0 5
289 1 3
290 0 6
291 6 7
292 9 6
293 4 7
294 1 5
295 5 2
296 2 5
297 7 3
298 7 4
299 1 2
# colocadas=300 ocupadas=68 mayor=60
