0 8 1
1 7 0
2 7 3
3 8 3
4 7 3
5 8 4
6 8 5
7 0 4
8 2 5
9 4 9
10 4 4
11 9 6
12 0 7
13 9 5
14 8 5
15 0 8
16 3 5
17 1 7
18 2 5
19 4 8
20 4 9
21 7 5
22 0 7
23 5 9
24 5 4
25 7 6
26 8 3
27 4 9
28 1 8
29 7 3
30 7 4
31 8 5
32 4 4
33 1 6
34 0 8
35 1 7
36 4 3
37 9 5
38 7 5
39 8 5
40 5 9
41 4 4
42 2 7
43 8 6
44 1 7
45 4 9
46 2 8
47 7 2
48 3 4
49 1 6
50 9 6
51 9 1
52 1 7
53 7 5
54 9 5
55 7 3
56 8 4
57 8 5
58 3 5
59 2 5
60 1 6
61 0 5
62 3 5
63 4 8
64 2 6
65 1 8
66 6 0
67 0 8
68 8 7
69 8 8
70 4 9
71 1 7
72 2 4
73 0 7
74 4 3
75 3 8
76 7 0
77 2 5
78 9 4
79 1 6
80 5 8
81 4 4
82 8 3
83 1 7
84 4 8
85 0 4
86 8 7
87 8 8
88 8 1
89 5 3
90 3 8
91 3 6
92 4 8
93 5 9
94 8 7
95 7 2
96 7 5
97 6 8
98 7 3
99 7 8
100 0 8
101 8 8
102 8 5
103 9 1
104 3 7
105 6 2
106 6 1
107 5 4
108 8 1
109 8 3
110 0 7
111 6 0
112 6 1
113 9 5
114 8 6
115 4 9
116 7 7
117 0 5
118 8 7
119 6 4
120 5 4
121 4 4
122 7 3
123 1 7
124 3 8
125 4 8
126 3 8
127 0 7
128 0 8
129 5 4
130 4 8
131 6 0
132 0 4
133 7 0
134 4 3
135 0 7
136 5 8
137 9 2
138 1 7
139 9 1
140 0 7
141 9 3
142 4 4
143 0 5
144 0 8
145 6 8
146 6 0
147 8 8
148 0 7
149 7 0
150 8 1
151 8 7
152 1 8
153 0 8
154 8 3
155 6 0
156 6 4
157 3 5
158 7 8
159 0 7
160 9 6
161 8 9
162 7 1
163 5 4
164 7 3
165 9 1
166 8 8
167 0 4
168 2 5
169 4 4
170 0 8
171 5 4
172 1 7
173 8 3
174 9 4
175 8 1
176 3 8
177 9 9
178 6 8
179 0 7
180 0 8
181 0 7
182 7 8
183 8 9
184 4 4
185 5 4
186 6 8
187 1 6
188 0 5
189 7 8
190 8 7
191 8 6
192 7 1
193 0 8
194 8 8
195 9 9
196 9 5
197 9 4
198 4 8
199 0 7
200 6 5
201 8 4
202 4 4
203 1 7
204 0 4
205 9 4
206 8 4
207 8 1
208 0 5
209 7 3
210 8 9
211 2 8
212 9 1
213 8 1
214 3 5
215 3 8
216 2 8
217 3 8
218 8 7
219 5 4
220 7 1
221 8 8
222 7 0
223 8 1
224 6 0
225 7 0
226 8 3
227 6 1
228 6 0
229 6 4
230 6 8
231 8 7
232 4 9
233 4 8
234 7 8
235 4 4
236 9 6
237 9 5
238 2 8
239 8 8
240 0 8
241 2 5
242 4 9
243 9 9
244 8 9
245 2 6
246 2 5
247 0 7
248 7 0
249 5 4
250 6 0
251 7 2
252 9 7
253 3 6
254 4 8
255 3 8
256 4 9
257 6 1
258 6 0
259 7 3
260 3 5
261 8 5
262 7 5
263 4 3
264 8 3
265 7 3
266 8 5
267 9 5
268 9 9
269 7 8
270 4 8
271 7 2
272 2 5
273 8 8
274 6 1
275 4 4
276 7 3
277 6 2
278 8 9
279 3 5
280 3 8
281 9 6
282 1 7
283 6 0
284 7 2
285 0 7
286 1 7
287 4 8
288 8 3
289 5 9
290 7 0
291 8 5
292 3 7
293 5 3
294 0 7
295 2 5
296 9 9
297 7 6
298 6 0
299 1 7
# colocadas=300 ocupadas=20 mayor=110
