0 8 1
1 7 0
2 7 3
3 8 5
4 0 4
5 2 5
6 4 9
7 4 4
8 9 6
9 0 7
10 0 8
11 4 8
12 5 9
13 4 9
14 8 7
15 7 6
16 5 4
17 4 4
18 6 1
19 8 3
20 7 3
21 7 2
22 6 0
23 7 3
24 6 1
25 9 4
26 1 7
27 9 9
28 3 8
29 9 5
30 4 8
31 9 4
32 1 8
33 0 8
34 0 5
35 7 5
36 8 5
37 6 2
38 6 1
39 4 3
40 3 0
41 2 0
42 3 5
43 3 4
44 5 1
45 2 5
46 6 5
47 8 4
48 4 4
49 6 1
50 8 2
51 9 4
52 8 8
53 9 2
54 5 8
55 0 9
56 0 8
57 1 0
58 4 8
59 2 0
60 6 8
61 2 4
62 3 4
63 7 8
64 3 2
65 3 6
66 1 9
67 7 2
68 7 9
69 6 2
70 8 6
71 8 7
72 8 8
73 6 7
74 6 8
75 1 1
76 3 3
77 5 7
78 6 7
79 3 2
80 4 0
81 3 0
82 5 0
83 0 1
84 9 8
85 0 6
86 2 8
87 6 0
88 2 3
89 0 0
90 4 5
91 8 9
92 9 3
93 9 9
94 8 3
95 6 1
96 0 3
97 7 1
98 7 0
99 4 4
100 6 9
101 9 1
102 0 4
103 2 2
104 3 1
105 7 5
106 8 8
107 8 7
108 3 0
109 1 3
110 0 5
111 1 0
112 7 9
113 7 1
114 5 3
115 8 2
116 0 4
117 8 3
118 8 4
119 5 2
120 8 1
121 2 1
122 7 6
123 3 7
124 8 5
125 3 2
126 2 9
127 3 4
128 4 6
129 7 7
130 9 2
131 1 1
132 7 2
133 9 3
134 7 3
135 3 8
136 5 9
137 1 9
138 5 7
139 6 2
140 4 3
141 7 6
142 4 9
143 7 8
144 1 6
145 9 2
146 0 0
147 3 5
148 4 1
149 6 1
150 2 5
151 4 4
152 6 0
153 4 7
154 3 9
155 5 0
156 6 3
157 7 1
158 4 3
159 8 2
160 9 3
161 7 2
162 6 2
163 1 0
164 4 9
165 7 3
166 4 8
167 2 7
168 8 1
169 0 6
170 2 8
171 3 6
172 9 4
173 0 7
174 2 4
175 0 8
176 3 8
177 4 0
178 9 8
179 2 9
180 0 2
181 9 5
182 2 0
183 7 5
184 8 5
185 6 4
186 6 7
187 1 5
188 2 2
189 7 6
190 4 1
191 5 4
192 3 3
193 3 9
194 3 4
195 3 0
196 5 1
197 3 7
198 2 5
199 4 6
200 9 9
201 5 5
202 4 4
203 2 1
204 8 0
205 9 8
206 5 7
207 0 1
208 4 1
209 3 1
210 3 2
211 9 1
212 5 6
213 4 1
214 4 0
215 1 1
216 1 4
217 3 8
218 0 1
219 1 1
220 1 5
221 0 5
222 4 3
223 3 5
224 1 2
225 8 1
226 7 0
227 4 4
228 2 4
229 4 3
230 4 7
231 2 0
232 2 7
233 2 1
234 5 7
235 6 6
236 4 8
237 5 4
238 1 1
239 2 6
240 4 2
241 4 3
242 4 9
243 1 7
244 6 3
245 9 5
246 7 6
247 9 0
248 8 5
249 6 6
250 2 1
251 9 7
252 1 9
253 8 8
254 2 5
255 5 1
256 7 1
257 0 3
258 3 7
259 8 9
260 6 7
261 7 7
262 6 4
263 4 8
264 1 5
265 2 7
266 7 5
267 4 9
268 1 4
269 2 5
270 7 9
271 0 0
272 7 0
273 7 4
274 1 7
275 3 9
276 0 1
277 5 4
278 6 1
279 0 2
280 4 1
281 5 2
282 6 7
283 1 3
284 0 9
285 5 1
286 2 3
287 5 6
288 1 9
289 3 8
290 3 6
291 2 8
292 8 0
293 3 4
294 6 0
295 7 5
296 7 0
297 0 9
298 9 8
299 1 3
# colocadas=300 ocupadas=83 mayor=46
