0 0 6
1 8 8
2 5 3
3 6 7
4 5 4
5 5 3
6 0 3
7 6 9
8 0 2
9 4 3
10 7 8
11 8 8
12 5 3
13 0 3
14 7 7
15 6 7
16 1 2
17 5 5
18 5 4
19 7 8
20 9 8
21 8 8
22 9 9
23 5 9
24 4 4
25 5 4
26 6 3
27 0 1
28 7 7
29 6 9
30 1 1
31 6 8
32 7 8
33 6 9
34 7 7
35 1 3
36 5 3
37 6 7
38 4 4
39 0 3
40 5 4
41 9 8
42 5 6
43 6 2
44 0 0
45 1 2
46 9 0
47 0 2
48 8 8
49 9 1
50 5 5
51 4 6
52 9 8
53 5 8
54 6 6
55 6 1
56 6 7
57 6 2
58 8 7
59 2 1
60 0 5
61 5 4
62 1 1
63 0 1
64 0 3
65 8 8
66 0 2
67 3 6
68 9 0
69 6 8
70 6 7
71 4 3
72 8 9
73 0 3
74 2 2
75 7 8
76 0 6
77 1 6
78 7 7
79 8 8
80 8 6
81 9 9
82 8 7
83 0 6
84 0 5
85 0 6
86 9 6
87 3 5
88 4 8
89 6 7
90 1 2
91 5 9
92 3 2
93 8 6
94 2 1
95 4 7
96 3 3
97 1 1
98 8 9
99 5 3
100 2 2
101 6 6
102 5 4
103 5 3
104 9 1
105 9 9
106 0 2
107 3 6
108 5 4
109 1 5
110 6 7
111 8 8
112 4 6
113 2 1
114 9 6
115 9 0
116 3 2
117 5 3
118 0 3
119 8 6
120 2 2
121 0 5
122 1 2
123 5 4
124 3 5
125 3 6
126 3 2
127 5 3
128 7 8
129 6 9
130 0 0
131 1 6
132 3 3
133 0 2
134 7 9
135 9 1
136 0 6
137 2 5
138 1 1
139 9 0
140 3 5
141 9 1
142 9 0
143 9 1
144 4 3
145 2 2
146 1 2
147 3 6
148 3 5
149 7 7
150 6 1
151 7 8
152 5 9
153 5 3
154 9 8
155 0 3
156 3 2
157 9 0
158 7 7
159 6 2
160 1 5
161 9 1
162 4 4
163 5 4
164 6 7
165 0 5
166 0 1
167 6 9
168 5 3
169 5 4
170 0 2
171 7 7
172 4 3
173 6 6
174 1 1
175 9 6
176 6 8
177 8 6
178 3 4
179 0 6
180 9 0
181 3 3
182 6 1
183 0 3
184 9 6
185 8 6
186 7 8
187 3 2
188 6 7
189 1 2
190 9 6
191 8 6
192 9 1
193 3 6
194 3 3
195 1 7
196 5 6
197 5 3
198 0 5
199 7 6
200 5 5
201 6 2
202 1 6
203 1 8
204 7 7
205 3 5
206 6 1
207 0 8
208 2 5
209 1 1
210 6 7
211 8 8
212 6 9
213 7 7
214 3 5
215 0 0
216 5 4
217 5 9
218 0 2
219 1 5
220 6 9
221 6 7
222 1 7
223 1 6
224 5 5
225 0 6
226 6 6
227 0 3
228 3 2
229 9 0
230 1 8
231 3 3
232 5 4
233 5 9
234 9 8
235 0 5
236 5 3
237 9 1
238 0 9
239 3 2
240 9 6
241 5 4
242 9 0
243 5 6
244 0 2
245 3 6
246 6 5
247 0 6
248 6 9
249 6 2
250 0 1
251 8 6
252 3 3
253 9 6
254 1 2
255 8 6
256 7 7
257 5 5
258 5 3
259 3 5
260 1 3
261 1 6
262 7 6
263 8 8
264 9 9
265 7 7
266 9 6
267 0 0
268 3 6
269 0 1
270 0 8
271 0 6
272 0 9
273 8 6
274 0 0
275 6 6
276 6 7
277 5 4
278 6 1
279 9 8
280 1 6
281 5 3
282 0 3
283 3 5
284 5 4
285 3 2
286 0 6
287 9 9
288 5 6
289 9 6
290 0 8
291 5 5
292 6 2
293 5 6
294 6 1
295 1 0
296 0 9
297 5 9
298 7 7
299 1 2
# colocadas=300 ocupadas=20 mayor=107
