0 8 1
1 7 0
2 7 3
3 8 3
4 9 1
5 7 3
6 8 3
7 8 1
8 7 3
9 9 2
10 6 0
11 7 0
12 9 1
13 8 3
14 7 3
15 8 1
16 8 3
17 9 1
18 6 1
19 9 3
20 6 0
21 7 3
22 7 1
23 7 0
24 6 0
25 8 3
26 9 4
27 7 0
28 8 1
29 9 1
30 7 3
31 8 3
32 9 5
33 8 1
34 6 1
35 9 1
36 8 5
37 7 3
38 8 3
39 7 3
40 6 0
41 9 5
42 8 1
43 6 2
44 9 1
45 8 5
46 8 1
47 9 1
48 8 3
49 8 1
50 7 3
51 9 5
52 9 1
53 8 3
54 7 3
55 8 1
56 8 5
57 8 3
58 7 0
59 6 0
60 9 1
61 8 1
62 7 3
63 9 5
64 9 1
65 6 1
66 7 0
67 6 0
68 6 1
69 6 0
70 8 5
71 6 1
72 6 0
73 6 2
74 9 5
75 8 1
76 7 0
77 8 3
78 7 3
79 6 1
80 6 0
81 7 0
82 8 5
83 6 0
84 9 1
85 8 1
86 6 1
87 6 0
88 9 5
89 8 5
90 9 1
91 8 1
92 9 1
93 9 5
94 6 1
95 8 1
96 8 3
97 6 0
98 8 5
99 7 0
100 6 0
101 7 1
102 7 3
103 9 5
104 9 1
105 8 1
106 9 1
107 8 5
108 7 0
109 9 5
110 6 0
111 8 1
112 9 1
113 8 3
114 7 3
115 8 1
116 7 0
117 9 1
118 8 1
119 8 5
120 7 1
121 8 1
122 9 5
123 6 0
124 9 2
125 9 1
126 9 2
127 7 0
128 6 0
129 8 5
130 9 1
131 7 1
132 8 1
133 7 0
134 7 1
135 7 0
136 9 5
137 8 5
138 6 0
139 7 0
140 6 0
141 9 5
142 7 0
143 9 1
144 6 1
145 8 5
146 6 0
147 7 0
148 6 0
149 7 1
150 7 0
151 6 0
152 7 0
153 6 0
154 9 5
155 8 1
156 8 5
157 8 3
158 9 5
159 7 0
160 7 3
161 6 1
162 6 0
163 6 1
164 8 5
165 6 0
166 7 0
167 9 1
168 8 3
169 6 0
170 7 1
171 7 0
172 8 1
173 9 5
174 7 3
175 6 0
176 9 2
177 7 0
178 8 5
179 9 1
180 8 1
181 9 1
182 9 5
183 6 0
184 7 0
185 6 0
186 8 5
187 8 1
188 9 1
189 9 5
190 7 1
191 8 3
192 7 0
193 8 1
194 7 1
195 6 0
196 7 3
197 8 5
198 8 1
199 7 0
200 9 5
201 8 5
202 6 1
203 6 0
204 9 1
205 9 5
206 8 5
207 7 0
208 8 1
209 9 5
210 6 0
211 9 1
212 7 1
213 7 0
214 8 3
215 8 1
216 9 1
217 8 1
218 6 1
219 6 0
220 7 0
221 6 0
222 9 1
223 6 1
224 8 1
225 9 1
226 8 5
227 6 0
228 8 1
229 9 5
230 8 5
231 6 2
232 9 1
233 8 1
234 9 5
235 7 0
236 7 3
237 8 3
238 9 1
239 8 5
240 6 1
241 6 0
242 8 1
243 7 0
244 6 0
245 7 0
246 7 3
247 6 0
248 9 1
249 9 5
250 7 1
251 8 5
252 8 3
253 8 1
254 9 2
255 9 1
256 9 2
257 9 1
258 8 1
259 9 5
260 7 3
261 8 3
262 7 3
263 9 1
264 8 5
265 9 5
266 8 3
267 7 3
268 8 1
269 8 5
270 9 1
271 9 5
272 8 3
273 7 0
274 7 1
275 8 5
276 9 5
277 8 5
278 8 1
279 7 3
280 9 2
281 8 3
282 6 0
283 9 1
284 9 5
285 7 0
286 6 0
287 9 2
288 8 5
289 9 1
290 9 2
291 7 3
292 9 1
293 8 1
294 7 0
295 8 3
296 9 1
297 7 3
298 9 3
299 6 0
# colocadas=300 ocupadas=5 mayor=350
