0 7 10
1 8 10
2 7 10
3 7 11
4 7 10
5 4 14
6 7 11
7 7 10
8 7 12
9 4 13
10 8 10
11 7 10
12 4 14
13 4 11
14 7 11
15 14 3
16 14 2
17 7 12
18 4 13
19 7 11
20 8 10
21 4 12
22 7 10
23 8 10
24 4 14
25 4 13
26 4 14
27 7 10
28 7 11
29 14 3
30 14 2
31 14 3
32 7 10
33 8 9
34 14 2
35 4 11
36 4 13
37 14 3
38 4 14
39 4 12
40 4 13
41 4 11
42 8 10
43 4 14
44 7 10
45 8 10
46 4 12
47 4 11
48 4 12
49 4 11
50 4 13
51 7 10
52 8 10
53 14 2
54 14 3
55 4 14
56 4 13
57 4 14
58 4 12
59 14 2
60 8 9
61 4 13
62 8 10
63 7 10
64 4 11
65 8 10
66 4 12
67 7 10
68 4 11
69 4 14
70 14 3
71 4 13
72 8 10
73 4 12
74 14 2
75 14 3
76 9 9
77 8 9
78 14 2
79 14 3
80 4 11
81 7 10
82 14 2
83 8 10
84 8 9
85 8 10
86 4 12
87 7 11
88 14 3
89 4 14
90 4 11
91 7 10
92 14 2
93 4 12
94 7 12
95 14 3
96 14 2
97 4 11
98 7 11
99 4 13
100 7 12
101 4 14
102 4 13
103 4 14
104 4 12
105 8 10
106 4 11
107 7 11
108 4 13
109 7 10
110 4 14
111 14 3
112 14 2
113 4 12
114 4 11
115 4 12
116 7 12
117 4 13
118 4 11
119 4 12
120 7 11
121 8 10
122 7 10
123 4 14
124 7 11
125 14 3
126 14 2
127 4 13
128 14 3
129 7 10
130 7 12
131 8 10
132 14 2
133 4 11
134 7 11
135 4 12
136 7 10
137 7 12
138 7 11
139 4 11
140 14 3
141 4 12
142 4 11
143 4 12
144 4 14
145 4 11
146 7 12
147 14 2
148 14 3
149 14 2
150 4 13
151 14 3
152 8 10
153 4 14
154 7 10
155 4 12
156 4 11
157 4 12
158 4 13
159 4 14
160 7 11
161 4 11
162 4 13
163 4 14
164 4 13
165 8 10
166 7 10
167 7 11
168 4 14
169 4 13
170 4 12
171 14 2
172 14 3
173 4 14
174 7 10
175 4 11
176 7 11
177 4 12
178 4 13
179 7 10
180 4 11
181 4 12
182 4 14
183 4 11
184 4 12
185 4 11
186 14 2
187 4 12
188 7 12
189 7 11
190 4 11
191 4 12
192 4 11
193 14 3
194 4 12
195 8 10
196 4 13
197 14 2
198 7 10
199 14 3
200 4 14
201 4 13
202 8 9
203 8 10
204 7 11
205 4 14
206 4 13
207 7 10
208 4 14
209 7 12
210 7 11
211 8 10
212 7 10
213 7 12
214 14 2
215 7 11
216 4 13
217 8 10
218 4 11
219 4 14
220 7 10
221 7 12
222 8 10
223 4 13
224 4 14
225 7 11
226 4 13
227 4 12
228 4 11
229 4 12
230 7 10
231 4 11
232 14 3
233 8 10
234 7 10
235 7 12
236 14 2
237 4 12
238 8 10
239 4 11
240 4 12
241 14 3
242 4 11
243 4 14
244 4 12
245 14 2
246 4 13
247 4 14
248 7 10
249 4 13
250 7 11
251 4 11
252 4 12
253 4 11
254 7 12
255 4 12
256 14 3
257 4 14
258 14 2
259 14 3
260 7 11
261 4 13
262 14 2
263 14 3
264 8 10
265 14 2
266 4 11
267 7 10
268 14 3
269 7 11
270 7 10
271 4 14
272 8 10
273 4 12
274 7 10
275 7 11
276 14 2
277 14 3
278 4 13
279 7 10
280 4 14
281 14 2
282 7 12
283 14 3
284 4 13
285 4 11
286 4 14
287 8 10
288 7 11
289 4 12
290 7 10
291 7 12
292 4 13
293 7 11
294 4 14
295 7 12
296 8 10
297 7 10
298 14 2
299 4 11
300 4 13
301 14 3
302 7 11
303 4 14
304 14 2
305 4 12
306 4 11
307 8 10
308 7 10
309 4 13
310 8 10
311 7 10
312 7 12
313 4 12
314 8 10
315 4 14
316 7 11
317 4 11
318 7 10
319 7 11
320 4 13
321 4 12
322 14 3
323 14 2
324 4 11
325 4 12
326 7 10
327 8 10
328 7 10
329 14 3
330 4 11
331 4 12
332 8 10
333 4 14
334 4 11
335 4 13
336 4 14
337 4 12
338 4 13
339 4 14
340 4 13
341 14 2
342 14 3
343 7 10
344 7 11
345 7 10
346 8 10
347 14 2
348 4 14
349 7 10
350 8 10
351 7 10
352 7 12
353 4 11
354 4 12
355 4 13
356 8 10
357 4 11
358 4 14
359 4 13
360 4 12
361 4 14
362 4 13
363 4 11
364 7 10
365 4 14
366 8 10
367 14 3
368 14 2
369 7 11
370 14 3
371 4 13
372 4 14
373 7 10
374 4 12
375 14 2
376 4 11
377 4 13
378 7 11
379 4 12
380 4 11
381 7 10
382 4 12
383 4 11
384 7 12
385 8 10
386 14 3
387 14 2
388 4 14
389 7 11
390 4 12
391 7 10
392 4 11
393 4 13
394 14 3
395 4 14
396 4 13
397 14 2
398 14 3
399 4 14
400 4 13
401 14 2
402 8 10
403 7 10
404 4 14
405 8 9
406 4 12
407 4 11
408 14 3
409 8 10
410 7 10
411 4 13
412 14 2
413 4 12
414 8 10
415 4 11
416 7 11
417 4 12
418 4 11
419 7 10
420 8 10
421 7 10
422 4 12
423 14 3
424 8 9
425 8 10
426 7 10
427 8 10
428 4 14
429 7 10
430 4 11
431 8 10
432 4 12
433 14 2
434 4 11
435 4 13
436 7 10
437 4 14
438 4 13
439 4 12
440 8 10
441 4 14
442 4 11
443 4 12
444 14 3
445 14 2
446 9 9
447 4 11
448 14 3
449 4 12
450 8 9
451 14 2
452 14 3
453 4 13
454 4 11
455 9 9
456 8 9
457 9 9
458 7 10
459 14 2
460 8 10
461 4 14
462 4 13
463 14 3
464 8 9
465 4 12
466 14 2
467 7 10
468 4 14
469 8 10
470 14 3
471 4 13
472 14 2
473 8 9
474 8 10
475 4 14
476 4 13
477 4 11
478 8 9
479 14 3
480 14 2
481 4 14
482 4 13
483 8 10
484 9 9
485 14 3
486 4 12
487 14 2
488 14 3
489 7 10
490 4 11
491 8 10
492 7 10
493 8 9
494 4 12
495 4 14
496 14 2
497 4 11
498 8 10
499 4 12
500 4 13
501 4 11
502 4 12
503 14 3
504 8 9
505 4 14
506 14 2
507 4 11
508 4 12
509 8 10
510 9 9
511 7 10
512 8 10
513 14 3
514 8 9
515 4 11
516 4 12
517 4 13
518 7 10
519 4 14
520 8 10
521 14 2
522 4 11
523 7 10
524 4 13
525 4 14
526 14 3
527 4 13
528 8 10
529 7 10
530 8 10
531 4 12
532 4 14
533 4 13
534 4 11
535 7 11
536 4 12
537 7 10
538 14 2
539 4 14
540 14 3
541 7 12
542 4 13
543 14 2
544 8 10
545 4 14
546 4 11
547 7 10
548 14 3
549 7 11
550 7 12
551 4 12
552 4 13
553 4 14
554 4 13
555 8 10
556 7 11
557 4 11
558 14 2
559 4 14
560 4 13
561 14 3
562 7 10
563 4 12
564 8 9
565 8 10
566 8 9
567 4 14
568 4 11
569 4 13
570 8 10
571 14 2
572 8 9
573 4 12
574 8 10
575 8 9
576 4 11
577 4 14
578 4 12
579 4 11
580 4 12
581 14 3
582 4 13
583 8 10
584 9 9
585 14 2
586 4 14
587 4 11
588 7 10
589 4 12
590 4 13
591 14 3
592 4 14
593 4 13
594 8 10
595 4 14
596 7 10
597 4 13
598 8 10
599 8 9
600 9 9
601 14 2
602 8 9
603 7 10
604 4 14
605 4 11
606 8 10
607 4 13
608 7 11
609 4 12
610 7 10
611 14 3
612 7 11
613 14 2
614 7 10
615 14 3
616 7 11
617 14 2
618 14 3
619 7 10
620 7 12
621 8 10
622 7 10
623 4 14
624 4 13
625 4 14
626 7 11
627 7 12
628 7 11
629 7 12
630 4 11
631 4 13
632 7 11
633 4 12
634 4 14
635 8 10
636 14 2
637 7 10
638 7 12
639 4 11
640 4 13
641 14 3
642 14 2
643 7 11
644 4 14
645 14 3
646 7 12
647 8 10
648 7 10
649 14 2
650 7 11
651 8 10
652 7 10
653 4 13
654 8 10
655 4 12
656 14 3
657 4 14
658 7 10
659 14 2
660 7 12
661 8 10
662 7 10
663 14 3
664 8 10
665 7 10
666 4 13
667 14 2
668 4 11
669 8 10
670 14 3
671 4 14
672 7 11
673 7 10
674 4 13
# colocadas=675 ocupadas=5 mayor=768
