0 7 10
1 4 14
2 4 11
3 14 3
4 4 12
5 4 11
6 7 12
7 8 14
8 7 11
9 5 11
10 4 13
11 4 14
12 4 11
13 7 12
14 14 2
15 14 3
16 2 8
17 4 13
18 12 6
19 14 1
20 3 14
21 4 14
22 2 14
23 7 14
24 11 6
25 12 6
26 4 12
27 6 11
28 14 2
29 4 11
30 2 7
31 4 10
32 14 1
33 8 14
34 14 2
35 7 11
36 4 11
37 14 3
38 11 6
39 7 12
40 12 6
41 3 14
42 5 13
43 4 13
44 5 11
45 2 8
46 2 5
47 7 13
48 4 14
49 2 6
50 11 6
51 5 12
52 2 13
53 3 10
54 14 4
55 4 12
56 14 3
57 4 13
58 3 14
59 3 7
60 8 10
61 12 6
62 2 7
63 6 11
64 7 12
65 13 1
66 7 13
67 4 12
68 2 5
69 13 3
70 14 5
71 5 11
72 14 1
73 7 12
74 4 7
75 14 3
76 7 10
77 7 9
78 13 5
79 14 2
80 4 14
81 13 1
82 14 3
83 8 9
84 8 10
85 8 9
86 3 14
87 4 11
88 2 10
89 12 3
90 7 10
91 7 14
92 3 7
93 4 14
94 2 8
95 3 10
96 2 7
97 7 11
98 14 1
99 11 6
100 1 8
101 13 3
102 12 6
103 11 6
104 2 6
105 1 13
106 7 13
107 4 12
108 12 6
109 7 10
110 12 3
111 14 2
112 2 10
113 7 12
114 3 14
115 2 5
116 2 8
117 11 6
118 8 13
119 4 14
120 1 8
121 8 10
122 2 8
123 12 6
124 4 11
125 3 10
126 3 7
127 5 12
128 14 5
129 8 14
130 7 11
131 9 9
132 2 7
133 9 13
134 13 1
135 2 6
136 7 10
137 4 12
138 1 8
139 2 5
140 2 10
141 2 6
142 2 5
143 2 6
144 5 11
145 7 13
146 2 8
147 3 10
148 2 10
149 13 5
150 5 13
151 14 5
152 7 14
153 11 6
154 1 12
155 9 12
156 7 12
157 2 5
158 13 3
159 4 13
160 4 11
161 2 6
162 5 12
163 12 6
164 14 3
165 8 10
166 7 10
167 14 1
168 11 6
169 12 6
170 9 13
171 13 5
172 3 7
173 14 4
174 2 7
175 3 14
176 13 1
177 4 14
178 4 12
179 8 9
180 2 5
181 7 11
182 5 13
183 9 12
184 4 13
185 4 14
186 14 3
187 7 12
188 14 1
189 2 8
190 4 13
191 4 14
192 2 6
193 3 10
194 7 11
195 9 8
196 14 5
197 2 7
198 5 11
199 12 5
200 11 6
201 4 13
202 8 10
203 9 9
204 14 2
205 4 11
206 4 12
207 8 9
208 4 10
209 1 8
210 14 1
211 0 12
212 8 14
213 14 2
214 2 10
215 7 9
216 12 6
217 7 14
218 9 13
219 4 11
220 8 14
221 14 1
222 7 10
223 4 10
224 11 6
225 4 11
226 13 5
227 9 12
228 7 12
229 2 5
230 8 10
231 7 11
232 2 8
233 7 14
234 1 12
235 5 11
236 2 7
237 2 6
238 9 9
239 7 10
240 4 13
241 2 8
242 2 5
243 14 5
244 9 13
245 3 10
246 12 6
247 4 11
248 8 14
249 5 12
250 8 9
251 4 14
252 7 11
253 4 13
254 1 7
255 4 14
256 13 5
257 14 6
258 2 7
259 2 10
260 1 6
261 4 12
262 14 5
263 14 2
264 0 12
265 13 5
266 4 13
267 8 8
268 3 10
269 8 9
270 9 8
271 4 11
272 9 9
273 4 14
274 8 8
275 13 1
276 14 5
277 2 8
278 4 12
279 1 12
280 4 10
281 2 7
282 2 6
283 2 10
284 14 7
285 7 10
286 4 11
287 0 12
288 14 1
289 4 13
290 8 9
291 13 1
292 5 12
293 14 1
294 4 12
295 7 8
296 9 9
297 7 14
298 13 5
299 9 12
300 11 6
301 3 10
302 13 1
303 4 10
304 14 3
305 9 13
306 9 12
307 8 9
308 9 8
309 13 7
310 8 14
311 7 14
312 1 6
313 4 14
314 1 12
315 12 7
316 4 11
317 9 13
318 5 11
319 2 6
320 4 11
321 9 12
322 2 10
323 14 5
324 8 10
325 7 10
326 8 14
327 7 14
328 8 10
329 3 10
330 2 4
331 7 11
332 9 9
333 4 10
334 7 10
335 12 6
336 4 11
337 9 13
338 12 8
339 12 7
340 12 8
341 2 8
342 13 5
343 2 5
344 6 11
345 8 9
346 8 14
347 14 5
348 12 7
349 7 14
350 8 14
351 9 8
352 2 6
353 9 12
354 4 13
355 12 8
356 9 9
357 9 13
358 12 7
359 11 6
360 2 5
361 5 12
362 4 12
363 9 12
364 8 10
365 5 12
366 7 14
367 2 10
368 13 5
369 7 11
370 14 2
371 12 6
372 4 12
373 7 7
374 9 13
375 14 5
376 7 9
377 10 6
378 14 1
379 4 14
380 7 10
381 8 9
382 2 4
383 2 5
384 2 7
385 8 14
386 3 10
387 13 5
388 5 11
389 7 12
390 7 11
391 9 9
392 4 13
393 4 11
394 2 10
395 5 11
396 4 11
397 14 5
398 13 5
399 11 6
400 12 6
401 14 5
402 8 9
403 7 13
404 5 12
405 0 12
406 9 12
407 7 10
408 3 10
409 7 12
410 7 11
411 11 6
412 2 10
413 9 13
414 7 14
415 4 14
416 13 1
417 4 13
418 7 9
419 7 10
420 1 12
421 14 1
422 4 14
423 14 3
424 8 10
425 3 7
426 2 7
427 7 8
428 12 6
429 7 10
430 2 6
431 7 11
432 4 13
433 1 8
434 4 14
435 4 12
436 7 10
437 5 11
438 4 11
439 4 13
440 7 11
441 4 12
442 4 14
443 9 12
444 14 2
445 3 10
446 8 14
447 7 10
448 13 5
449 7 9
450 7 14
451 14 5
452 2 10
453 11 6
454 7 10
455 8 14
456 9 9
457 7 14
458 7 7
459 13 5
460 7 12
461 4 11
462 5 11
463 14 3
464 8 9
465 9 13
466 14 2
467 2 8
468 4 11
469 8 14
470 1 7
471 10 6
472 14 5
473 7 14
474 0 12
475 11 6
476 9 6
477 7 11
478 1 12
479 14 3
480 13 5
481 10 6
482 12 6
483 2 7
484 7 10
485 14 2
486 9 12
487 14 5
488 14 3
489 2 8
490 9 13
491 2 7
492 7 8
493 8 10
494 9 12
495 11 6
496 13 5
497 2 5
498 8 9
499 9 13
500 9 6
501 2 6
502 4 13
503 14 2
504 8 10
505 10 6
506 3 10
507 9 12
508 2 5
509 13 1
510 0 12
511 2 8
512 7 7
513 2 7
514 9 9
515 9 13
516 2 6
517 12 6
518 7 13
519 11 6
520 1 8
521 14 3
522 7 10
523 7 8
524 10 6
525 11 6
526 2 8
527 12 6
528 1 7
529 14 1
530 1 12
531 2 5
532 5 11
533 11 6
534 9 12
535 14 2
536 4 14
537 0 12
538 2 7
539 9 6
540 14 5
541 1 6
542 12 6
543 14 4
544 8 9
545 4 11
546 2 6
547 8 14
548 2 10
549 7 12
550 7 7
551 2 5
552 10 6
553 11 6
554 6 11
555 7 14
556 2 6
557 4 13
558 14 3
559 10 6
560 7 11
561 2 8
562 7 8
563 2 4
564 8 11
565 8 10
566 1 12
567 11 6
568 9 13
569 4 12
570 8 9
571 14 4
572 0 12
573 2 5
574 1 12
575 8 14
576 4 14
577 4 11
578 9 12
579 4 13
580 4 14
581 14 3
582 4 12
583 7 13
584 7 14
585 13 5
586 7 12
587 8 10
588 7 7
589 4 13
590 7 11
591 14 5
592 12 6
593 11 6
594 7 8
595 12 6
596 7 7
597 4 11
598 7 12
599 9 9
600 8 9
601 2 7
602 0 12
603 7 13
604 11 6
605 4 14
606 9 9
607 4 12
608 1 6
609 7 10
610 7 8
611 3 10
612 14 1
613 2 10
614 2 6
615 3 10
616 8 13
617 2 10
618 14 2
619 8 9
620 8 14
621 8 10
622 8 11
623 10 6
624 11 6
625 7 12
626 7 7
627 8 13
628 1 6
629 8 14
630 8 10
631 9 6
632 8 13
633 2 6
634 4 11
635 8 14
636 13 5
637 7 14
638 7 8
639 4 13
640 4 12
641 14 5
642 14 3
643 1 7
644 4 11
645 13 5
646 14 2
647 1 12
648 7 11
649 14 5
650 8 14
651 0 12
652 6 14
653 10 6
654 7 14
655 9 13
656 3 10
657 12 6
658 6 14
659 2 10
660 1 6
661 7 10
662 1 12
663 14 4
664 7 14
665 9 9
666 11 6
667 13 5
668 9 12
669 8 9
670 2 8
671 4 12
672 1 7
673 14 3
674 10 6
# colocadas=675 ocupadas=20 mayor=234
