0 5 4
1 8 5
2 5 11
3 6 2
4 6 9
5 5 12
6 12 1
7 12 13
8 5 14
9 13 13
10 5 3
11 5 4
12 12 13
13 12 2
14 5 10
15 5 11
16 12 1
17 5 10
18 5 11
19 13 12
20 4 4
21 6 14
22 5 4
23 13 13
24 5 13
25 4 5
26 5 12
27 4 4
28 13 1
29 6 1
30 13 12
31 4 6
32 5 4
33 5 14
34 4 4
35 12 1
36 5 11
37 5 4
38 6 2
39 6 13
40 13 13
41 6 3
42 5 5
43 4 5
44 11 13
45 5 4
46 4 3
47 6 2
48 5 12
49 12 13
50 13 1
51 5 3
52 4 3
53 4 6
54 5 10
55 5 11
56 5 13
57 5 12
58 5 11
59 6 1
60 5 9
61 13 12
62 6 2
63 12 1
64 5 3
65 4 5
66 7 3
67 6 5
68 7 4
69 6 14
70 7 1
71 7 9
72 7 5
73 8 4
74 5 12
75 4 3
76 13 13
77 8 5
78 11 12
79 11 13
80 6 1
81 5 10
82 12 12
83 7 1
84 12 13
85 6 9
86 4 4
87 13 12
88 13 1
89 4 3
90 6 1
91 5 13
92 7 8
93 7 1
94 6 1
95 5 11
96 6 3
97 12 1
98 4 12
99 9 4
100 5 12
101 5 10
102 13 0
103 5 3
104 13 13
105 4 4
106 5 14
107 5 4
108 12 2
109 13 12
110 4 13
111 12 1
112 3 13
113 5 11
114 4 6
115 13 13
116 8 8
117 7 3
118 7 4
119 12 2
120 5 12
121 5 3
122 5 4
123 12 1
124 4 4
125 3 14
126 5 11
127 5 10
128 7 3
129 14 0
130 5 4
131 2 14
132 7 2
133 12 12
134 6 2
135 7 1
136 5 11
137 7 8
138 6 1
139 5 12
140 8 8
141 6 2
142 7 4
143 4 5
144 4 7
145 7 5
146 8 5
147 7 5
148 5 1
149 5 9
150 7 8
151 6 14
152 9 3
153 9 2
154 6 9
155 12 13
156 8 2
157 6 1
158 7 3
159 13 0
160 4 4
161 13 12
162 5 11
163 5 14
164 5 12
165 13 13
166 13 12
167 5 9
168 4 5
169 5 0
170 3 14
171 4 4
172 5 11
173 6 9
174 13 13
175 8 5
176 4 0
177 12 2
178 5 7
179 11 12
180 14 0
181 8 8
182 5 0
183 5 10
184 4 5
185 4 4
186 5 11
187 4 0
188 2 14
189 5 3
190 5 0
191 5 4
192 3 14
193 7 5
194 5 9
195 8 5
196 13 12
197 4 5
198 9 2
199 5 8
200 6 14
201 2 14
202 11 13
203 7 0
204 4 4
205 8 2
206 5 9
207 8 0
208 6 2
209 7 5
210 4 5
211 13 13
212 7 4
213 4 4
214 4 7
215 5 14
216 3 14
217 5 3
218 8 5
219 7 5
220 7 3
221 7 0
222 7 4
223 7 3
224 14 12
225 14 11
226 4 0
227 12 13
228 9 2
229 6 1
230 5 4
231 13 0
232 8 0
233 5 12
234 5 0
235 4 3
236 5 7
237 11 12
238 4 7
239 8 5
240 7 4
241 13 13
242 5 3
243 11 13
244 5 11
245 7 5
246 5 7
247 4 7
248 12 13
249 7 0
250 4 0
251 11 12
252 7 8
253 2 14
254 5 0
255 6 14
256 5 7
257 4 0
258 6 9
259 4 7
260 8 5
261 5 9
262 5 0
263 5 7
264 4 6
265 4 5
266 12 1
267 5 14
268 14 0
269 6 14
270 7 5
271 4 4
272 4 3
273 5 12
274 5 3
275 8 0
276 12 2
277 7 0
278 11 13
279 13 0
280 8 8
281 11 12
282 7 8
283 13 13
284 8 2
285 5 5
286 12 13
287 14 12
288 11 13
289 14 0
290 4 0
291 8 5
292 5 14
293 3 14
294 6 14
295 5 0
296 6 9
297 4 0
298 5 4
299 5 11
300 2 14
301 5 12
302 5 9
303 5 0
304 5 5
305 8 0
306 5 4
307 6 9
308 13 13
309 9 2
310 6 5
311 7 5
312 8 2
313 12 13
314 5 8
315 14 11
316 6 2
317 4 3
318 5 7
319 11 12
320 13 0
321 5 3
322 5 8
323 5 14
324 14 0
325 5 5
326 6 1
327 4 0
328 8 8
329 14 12
330 5 9
331 5 11
332 4 4
333 5 0
334 7 3
335 12 1
336 12 2
337 4 0
338 7 4
339 6 14
340 8 5
341 7 3
342 7 5
343 13 0
344 13 13
345 5 12
346 7 8
347 5 4
348 4 4
349 3 14
350 12 13
351 7 0
352 5 14
353 14 0
354 8 8
355 6 2
356 5 11
357 6 14
358 9 2
359 7 4
360 6 9
361 8 0
362 2 14
363 12 1
364 6 1
365 7 3
366 7 0
367 5 4
368 11 13
369 5 14
370 3 14
371 4 4
372 13 13
373 5 4
374 4 3
375 8 5
376 7 8
377 2 14
378 5 3
379 7 5
380 7 4
381 5 9
382 8 8
383 13 0
384 7 3
385 6 14
386 5 12
387 5 7
388 12 13
389 11 13
390 8 0
391 5 4
392 12 2
393 5 8
394 3 14
395 4 5
396 6 9
397 8 2
398 7 0
399 8 5
400 14 0
401 2 14
402 13 0
403 7 8
404 3 14
405 14 11
406 14 0
407 5 14
408 8 0
409 12 13
410 12 1
411 5 3
412 5 0
413 4 0
414 4 4
415 13 0
416 6 14
417 9 2
418 5 7
419 5 0
420 4 0
421 14 12
422 5 11
423 14 11
424 14 12
425 2 14
426 5 4
427 7 0
428 5 8
429 6 2
430 13 13
431 12 13
432 5 14
433 8 8
434 7 4
435 6 14
436 8 2
437 12 2
438 6 1
439 14 11
440 7 5
441 5 14
442 11 13
443 7 8
444 5 12
445 5 3
446 8 5
447 14 12
448 5 7
449 12 13
450 5 8
451 6 14
452 9 2
453 14 11
454 12 1
455 14 0
456 5 9
457 5 7
458 6 9
459 5 8
460 13 0
461 5 0
462 4 3
463 8 8
464 14 0
465 5 14
466 5 11
467 4 0
468 14 12
469 3 14
470 6 2
471 14 11
472 5 0
473 13 12
474 12 2
475 5 3
476 6 1
477 14 12
478 12 1
479 5 9
480 7 8
481 3 3
482 5 7
483 6 9
484 12 2
485 5 4
486 5 3
487 12 1
488 8 0
489 4 3
490 4 0
491 12 2
492 5 8
493 7 5
494 7 0
495 5 4
496 5 3
497 8 8
498 13 0
499 6 14
500 5 5
501 5 4
502 5 12
503 14 0
504 5 11
505 7 8
506 8 8
507 6 5
508 5 0
509 7 8
510 5 14
511 5 9
512 13 0
513 12 1
514 8 5
515 12 2
516 13 13
517 7 3
518 12 13
519 4 0
520 4 5
521 5 12
522 5 7
523 13 13
524 5 0
525 12 13
526 14 11
527 4 0
528 7 5
529 8 8
530 5 3
531 7 4
532 13 13
533 5 8
534 5 0
535 7 8
536 8 4
537 14 0
538 6 9
539 7 3
540 2 14
541 8 5
542 8 2
543 4 4
544 13 0
545 5 4
546 14 0
547 8 8
548 4 5
549 13 0
550 8 0
551 14 12
552 5 7
553 7 4
554 5 9
555 7 8
556 7 5
557 13 12
558 4 4
559 8 8
560 8 4
561 6 9
562 4 0
563 5 8
564 5 11
565 6 2
566 8 5
567 5 12
568 7 4
569 13 13
570 9 2
571 13 12
572 6 14
573 14 11
574 6 3
575 5 14
576 4 5
577 12 1
578 5 9
579 7 3
580 6 1
581 7 4
582 13 13
583 7 8
584 6 2
585 4 4
586 14 0
587 11 13
588 7 0
589 5 3
590 14 12
591 5 4
592 12 2
593 6 3
594 5 7
595 12 13
596 8 2
597 6 2
598 7 5
599 5 3
600 7 3
601 9 2
602 5 11
603 8 2
604 5 4
605 6 3
606 13 12
607 13 0
608 13 13
609 6 9
610 4 5
611 6 1
612 12 1
613 6 14
614 5 9
615 5 12
616 12 12
617 12 13
618 14 0
619 8 8
620 5 11
621 14 11
622 4 4
623 5 14
624 11 13
625 13 0
626 7 3
627 7 4
628 12 13
629 6 2
630 5 12
631 5 8
632 8 0
633 6 14
634 13 13
635 14 0
636 12 13
637 11 13
638 5 0
639 5 11
640 12 2
641 5 7
642 12 1
643 5 12
644 4 5
645 5 8
646 4 0
647 12 13
648 7 0
649 8 0
650 14 12
651 7 3
652 8 5
653 5 0
654 4 0
655 12 2
656 3 14
657 14 11
658 2 14
659 5 14
660 3 14
661 7 0
662 2 14
663 9 2
664 6 14
665 14 12
666 6 9
667 5 3
668 13 0
669 12 1
670 14 11
671 14 12
672 5 9
673 6 3
674 11 13
# colocadas=675 ocupadas=20 mayor=219
