0 7 10
1 4 14
2 4 11
3 14 3
4 7 12
5 4 12
6 4 11
7 8 14
8 2 8
9 12 6
10 2 5
11 14 2
12 7 14
13 14 3
14 8 14
15 11 9
16 12 8
17 8 9
18 0 2
19 2 6
20 2 7
21 2 8
22 2 5
23 7 8
24 2 2
25 4 13
26 4 14
27 0 0
28 14 5
29 9 2
30 0 9
31 6 14
32 11 6
33 12 6
34 3 3
35 0 1
36 1 12
37 7 11
38 7 12
39 10 6
40 3 7
41 14 1
42 0 0
43 9 4
44 0 12
45 1 12
46 3 10
47 10 2
48 9 2
49 11 10
50 14 2
51 14 3
52 8 13
53 8 14
54 7 4
55 14 4
56 9 13
57 2 3
58 13 4
59 10 3
60 2 2
61 1 1
62 14 3
63 8 10
64 5 13
65 7 13
66 14 2
67 6 13
68 2 4
69 14 3
70 13 1
71 1 5
72 12 10
73 2 5
74 8 13
75 9 12
76 11 6
77 10 2
78 2 3
79 8 14
80 12 6
81 2 2
82 6 11
83 9 2
84 11 2
85 2 1
86 2 2
87 14 1
88 9 9
89 8 9
90 8 8
91 8 9
92 0 11
93 10 9
94 1 4
95 5 14
96 9 9
97 6 14
98 7 11
99 9 8
100 7 10
101 0 4
102 11 10
103 9 13
104 0 12
105 10 2
106 7 7
107 14 4
108 7 8
109 13 5
110 9 2
111 2 10
112 14 3
113 11 11
114 3 10
115 11 7
116 10 4
117 2 4
118 11 6
119 14 2
120 1 0
121 12 6
122 12 5
123 1 2
124 10 12
125 0 8
126 11 10
127 2 5
128 13 5
129 0 9
130 0 0
131 11 12
132 13 3
133 1 11
134 14 3
135 12 5
136 3 2
137 1 5
138 3 3
139 12 7
140 9 12
141 10 3
142 11 8
143 9 10
144 10 9
145 2 5
146 11 4
147 4 13
148 10 12
149 5 11
150 2 7
151 4 11
152 10 2
153 9 6
154 11 9
155 6 8
156 4 12
157 0 3
158 12 6
159 7 14
160 8 11
161 2 4
162 3 5
163 8 14
164 2 5
165 1 12
166 13 5
167 12 4
168 7 14
169 2 6
170 1 13
171 8 4
172 12 5
173 12 9
174 10 4
175 7 13
176 11 8
177 2 3
178 9 2
179 11 9
180 4 13
181 9 11
182 7 8
183 12 6
184 12 3
185 10 6
186 6 13
187 1 4
188 8 14
189 14 1
190 9 9
191 12 4
192 11 6
193 7 11
194 10 6
195 7 13
196 2 10
197 7 14
198 5 13
199 1 6
200 2 2
201 6 8
202 14 2
203 7 12
204 0 2
205 7 8
206 10 10
207 14 3
208 6 14
209 0 3
210 2 7
211 8 11
212 12 2
213 1 12
214 11 10
215 8 8
216 11 12
217 10 2
218 1 1
219 0 8
220 12 8
221 3 10
222 12 1
223 4 5
224 0 4
225 9 3
226 2 6
227 9 14
228 8 9
229 0 3
230 8 12
231 8 10
232 11 7
233 5 12
234 7 11
235 5 11
236 11 4
237 7 13
238 8 11
239 0 9
240 11 3
241 0 1
242 1 1
243 2 3
244 12 10
245 12 4
246 4 11
247 9 12
248 4 13
249 9 8
250 2 1
251 2 4
252 0 13
253 12 5
254 11 11
255 7 10
256 6 7
257 9 9
258 14 5
259 2 10
260 9 1
261 11 6
262 7 11
263 1 7
264 10 3
265 6 12
266 12 7
267 9 2
268 14 4
269 0 12
270 7 7
271 12 6
272 3 3
273 8 11
274 3 14
275 7 12
276 13 5
277 4 14
278 1 3
279 2 3
280 11 10
281 2 5
282 10 9
283 13 4
284 14 3
285 4 12
286 11 1
287 9 13
288 9 12
289 10 12
290 11 9
291 12 5
292 2 14
293 2 7
294 9 6
295 14 2
296 9 4
297 14 3
298 6 6
299 4 10
300 0 5
301 6 11
302 0 2
303 10 8
304 1 0
305 0 4
306 0 1
307 4 4
308 11 12
309 7 4
310 10 14
311 0 2
312 8 10
313 7 8
314 6 7
315 14 2
316 1 6
317 1 1
318 8 11
319 8 14
320 8 10
321 12 7
322 9 8
323 4 7
324 0 5
325 10 9
326 10 6
327 4 11
328 14 6
329 8 13
330 14 3
331 12 1
332 8 4
333 7 11
334 5 11
335 2 8
336 9 6
337 4 11
338 0 11
339 2 1
340 11 8
341 0 1
342 12 6
343 6 8
344 11 6
345 11 11
346 0 2
347 12 8
348 14 4
349 3 10
350 10 6
351 12 10
352 8 1
353 3 2
354 10 2
355 2 2
356 0 3
357 2 6
358 2 3
359 13 1
360 4 5
361 2 2
362 9 2
363 13 3
364 0 6
365 12 6
366 4 4
367 8 0
368 7 8
369 3 14
370 0 2
371 1 5
372 14 3
373 11 10
374 4 13
375 7 7
376 2 3
377 10 2
378 3 3
379 7 4
380 12 5
381 11 2
382 2 5
383 13 4
384 5 11
385 0 12
386 3 7
387 9 2
388 2 10
389 1 6
390 14 4
391 11 8
392 12 6
393 0 5
394 10 4
395 1 11
396 2 7
397 3 8
398 1 8
399 9 6
400 4 14
401 9 9
402 13 7
403 11 9
404 10 13
405 12 7
406 12 3
407 4 2
408 9 13
409 3 2
410 7 13
411 3 10
412 5 12
413 1 1
414 10 6
415 13 10
416 10 2
417 13 8
418 8 4
419 14 1
420 4 12
421 7 9
422 9 14
423 7 8
424 0 8
425 2 8
426 2 6
427 11 1
428 7 12
429 12 1
430 12 5
431 4 9
432 7 11
433 9 13
434 8 1
435 11 12
436 4 10
437 7 10
438 2 10
439 14 5
440 8 7
441 12 6
442 7 14
443 10 3
444 14 2
445 2 5
446 10 13
447 1 12
448 0 4
449 0 0
450 10 2
451 7 4
452 1 7
453 8 0
454 2 3
455 8 1
456 10 12
457 3 9
458 12 10
459 8 13
460 11 10
461 0 12
462 7 7
463 13 3
464 8 14
465 11 12
466 0 1
467 7 8
468 0 9
469 4 11
470 2 2
471 9 13
472 8 13
473 4 10
474 0 3
475 8 4
476 12 5
477 2 1
478 3 7
479 0 2
480 1 12
481 2 6
482 7 9
483 7 7
484 9 13
485 2 4
486 2 3
487 9 3
488 2 7
489 10 12
490 13 2
491 0 12
492 7 10
493 2 2
494 12 8
495 13 1
496 0 0
497 7 12
498 9 4
499 8 4
500 8 6
501 8 7
502 12 6
503 3 2
504 11 1
505 6 9
506 1 12
507 8 0
508 0 11
509 12 7
510 7 11
511 8 11
512 11 9
513 2 8
514 13 6
515 1 0
516 0 3
517 4 13
518 9 6
519 12 6
520 13 3
521 11 12
522 8 1
523 11 10
524 0 6
525 0 2
526 11 9
527 6 8
528 4 14
529 4 11
530 10 12
531 10 9
532 0 12
533 4 13
534 14 10
535 12 3
536 14 3
537 1 6
538 1 13
539 3 3
540 2 5
541 1 8
542 1 7
543 0 0
544 8 8
545 10 3
546 0 1
547 4 5
548 14 1
549 12 1
550 10 2
551 13 5
552 11 9
553 4 10
554 9 2
555 10 2
556 2 3
557 8 13
558 3 10
559 9 13
560 4 14
561 12 4
562 8 13
563 14 11
564 9 8
565 2 7
566 10 6
567 3 4
568 0 0
569 12 5
570 7 8
571 1 10
572 9 2
573 1 7
574 9 11
575 4 11
576 2 2
577 10 2
578 10 14
579 4 13
580 4 9
581 8 14
582 11 4
583 8 10
584 14 5
585 2 4
586 0 8
587 6 9
588 2 10
589 9 12
590 4 12
591 0 1
592 9 4
593 11 12
594 10 3
595 11 1
596 3 9
597 4 10
598 7 4
599 7 14
600 13 5
601 14 10
602 10 4
603 8 12
604 2 5
605 12 6
606 13 10
607 8 4
608 4 4
609 1 0
610 9 4
611 0 9
612 0 5
613 13 7
614 9 13
615 14 5
616 9 12
617 4 5
618 11 7
619 4 11
620 12 1
621 12 4
622 0 2
623 1 6
624 10 3
625 11 6
626 13 0
627 4 10
628 7 7
629 0 4
630 12 10
631 3 3
632 7 3
633 2 4
634 8 0
635 3 10
636 8 7
637 0 8
638 2 5
639 13 5
640 11 1
641 2 6
642 8 14
643 12 1
644 7 4
645 8 4
646 12 5
647 8 1
648 4 11
649 13 1
650 14 2
651 2 0
652 10 9
653 1 7
654 14 5
655 9 6
656 9 14
657 7 10
658 14 11
659 2 3
660 5 11
661 0 0
662 7 12
663 2 2
664 9 13
665 11 9
666 9 9
667 7 13
668 14 4
669 9 14
670 2 3
671 4 14
672 12 7
673 10 10
674 8 6
# colocadas=675 ocupadas=62 mayor=108
