0 4 2
1 4 3
2 4 2
3 5 2
4 4 2
5 1 2
6 5 2
7 4 2
8 5 3
9 2 2
10 4 3
11 4 2
12 1 2
13 4 4
14 4 3
15 2 2
16 2 3
17 3 3
18 2 2
19 3 4
20 4 3
21 4 5
22 4 2
23 4 3
24 1 2
25 2 2
26 1 2
27 4 4
28 3 4
29 2 2
30 2 3
31 2 2
32 4 4
33 4 2
34 2 3
35 5 5
36 2 2
37 3 3
38 1 2
39 4 5
40 2 2
41 5 5
42 3 4
43 1 2
44 4 4
45 3 4
46 4 5
47 4 4
48 4 5
49 4 4
50 2 2
51 2 4
52 4 3
53 2 3
54 3 3
55 1 2
56 2 2
57 1 2
58 3 4
59 2 3
60 4 2
61 2 2
62 1 4
63 0 4
64 4 4
65 1 4
66 3 4
67 0 4
68 4 4
69 1 2
70 2 2
71 0 2
72 1 4
73 3 4
74 1 2
75 2 2
76 4 3
77 4 2
78 1 2
79 2 2
80 4 4
81 0 4
82 1 2
83 4 3
84 4 2
85 4 3
86 3 4
87 1 4
88 2 2
89 1 2
90 4 4
91 4 2
92 2 3
93 3 4
94 0 4
95 2 2
96 2 3
97 4 4
98 1 4
99 2 2
100 0 4
101 1 2
102 2 2
103 1 2
104 3 4
105 4 3
106 4 4
107 1 4
# colocadas=108 ocupadas=5 mayor=126
