0 0 0
1 0 15
2 15 0
3 15 15
4 0 2
5 0 4
6 14 15
7 0 6
8 0 8
9 0 10
10 0 12
11 2 0
12 1 2
13 2 15
14 4 0
15 4 15
16 6 0
17 6 15
18 8 0
19 8 15
20 6 1
21 9 15
22 10 0
23 11 15
24 7 15
25 12 0
26 15 2
27 15 4
28 15 6
29 15 8
30 0 14
31 15 10
32 2 1
33 15 12
34 15 14
35 1 5
36 1 7
37 1 9
38 12 15
39 1 11
40 1 13
41 2 0
42 2 3
43 2 6
44 2 8
45 2 10
46 3 6
47 2 12
48 7 0
49 3 1
50 5 1
51 3 8
52 3 4
53 3 11
54 3 13
55 4 2
56 4 5
57 4 7
58 14 10
59 4 9
60 14 6
61 2 7
62 4 12
63 5 3
64 5 6
65 15 15
66 5 8
67 6 1
68 5 10
69 0 11
70 6 15
71 0 3
72 15 14
73 8 0
74 5 13
75 6 4
76 6 7
77 15 10
78 7 0
79 1 7
80 6 9
81 6 11
82 6 8
83 1 0
84 7 7
85 2 8
86 7 2
87 15 7
88 1 12
89 7 5
90 7 10
91 8 7
92 8 0
93 4 4
94 14 12
95 5 2
96 3 10
97 7 12
98 0 15
99 3 11
100 0 12
101 4 5
102 11 15
103 5 4
104 3 10
105 8 15
106 15 9
107 15 11
108 6 14
109 6 6
110 0 1
111 6 3
112 7 15
113 2 12
114 0 0
115 9 15
116 8 3
117 9 14
118 3 9
119 5 9
120 2 0
121 8 9
122 8 11
123 2 6
124 8 13
125 2 11
126 4 11
127 5 15
128 0 7
129 0 13
130 0 9
131 9 11
132 4 14
133 9 1
134 0 5
135 9 4
136 1 15
137 5 6
138 4 10
139 0 2
140 2 4
141 13 6
142 5 10
143 8 15
144 15 5
145 9 6
146 7 13
147 9 8
148 3 4
149 4 10
150 10 2
151 9 13
152 7 0
153 7 14
154 1 1
155 9 0
156 5 1
157 1 4
158 6 5
159 8 12
160 14 9
161 2 2
162 13 15
163 8 2
164 7 4
165 15 9
166 6 10
167 14 15
168 9 10
169 7 7
170 3 7
171 6 0
172 15 4
173 5 3
174 1 3
175 8 0
176 6 12
177 4 15
178 2 10
179 1 6
180 10 15
181 9 11
182 5 0
183 4 13
184 0 4
185 0 11
186 10 3
187 10 0
188 7 5
189 7 0
190 15 6
191 6 15
192 1 10
193 13 12
194 2 4
195 15 8
196 5 8
197 5 12
198 10 2
199 2 9
200 12 15
201 15 10
202 14 0
203 10 3
204 0 6
205 3 9
206 2 3
207 3 15
208 2 14
209 15 12
210 1 0
211 0 14
212 15 5
213 8 3
214 7 11
215 10 5
216 15 15
217 0 5
218 0 12
219 3 12
220 12 6
221 6 7
222 0 1
223 2 13
224 3 6
225 6 0
226 0 10
227 12 1
228 0 9
229 5 1
230 5 4
231 5 11
232 4 14
233 3 5
234 0 3
235 14 10
236 3 13
237 7 1
238 4 11
239 1 7
240 10 8
241 2 9
242 1 4
243 3 8
244 10 2
245 4 9
246 7 7
247 2 14
248 0 15
249 5 0
250 2 15
251 11 0
252 1 14
253 6 0
254 10 14
255 9 10
256 2 0
257 15 6
258 9 11
259 1 0
260 9 15
261 6 7
262 8 6
263 10 3
264 9 0
265 9 8
266 1 6
267 7 9
268 1 2
269 0 2
270 12 12
271 0 10
272 5 9
273 1 1
274 4 12
275 15 9
276 8 7
277 4 3
278 0 4
279 11 12
280 2 2
281 7 0
282 3 12
283 9 10
284 15 0
285 13 10
286 11 14
287 2 0
288 10 14
289 15 7
290 0 1
291 4 5
292 8 2
293 7 3
294 1 7
295 1 12
296 6 13
297 8 10
298 5 3
299 10 1
300 4 12
301 2 13
302 3 7
303 4 7
304 7 6
305 3 7
306 0 13
307 6 4
308 9 10
309 3 5
310 0 6
311 5 11
312 12 10
313 7 12
314 1 3
315 11 6
316 13 0
317 15 11
318 0 14
319 11 3
320 5 2
321 0 11
322 0 12
323 0 9
324 1 15
325 14 9
326 12 2
327 3 3
328 5 0
329 11 10
330 14 14
331 10 3
332 3 10
333 4 8
334 4 7
335 8 11
336 9 1
337 5 5
338 8 14
339 5 15
340 4 0
341 15 10
342 0 5
343 10 2
344 6 12
345 7 10
346 10 8
347 5 4
348 0 15
349 3 8
350 8 12
351 15 6
352 6 10
353 14 0
354 4 6
355 1 14
356 12 1
357 11 15
358 10 3
359 10 13
360 15 1
361 0 10
362 1 11
363 10 1
364 1 9
365 1 4
366 3 0
367 2 1
368 3 2
369 12 15
370 11 7
371 5 13
372 4 7
373 4 11
374 6 8
375 6 11
376 5 6
377 6 0
378 8 10
379 13 9
380 7 5
381 13 1
382 2 10
383 8 0
384 6 2
385 3 12
386 0 14
387 14 15
388 1 6
389 2 4
390 3 13
391 7 14
392 9 1
393 6 5
394 7 12
395 9 8
396 12 12
397 1 0
398 8 15
399 0 11
400 2 7
401 10 0
402 3 3
403 3 15
404 2 8
405 6 1
406 0 3
407 1 12
408 15 15
409 1 4
410 10 12
411 5 2
412 8 12
413 10 6
414 2 14
415 2 15
416 4 4
417 3 10
418 9 6
419 1 14
420 7 7
421 5 0
422 4 2
423 2 2
424 8 4
425 9 3
426 6 15
427 7 13
428 1 10
429 3 15
430 11 0
431 6 12
432 1 2
433 10 1
434 7 1
435 6 3
436 5 12
437 0 12
438 9 14
439 4 9
440 0 13
441 11 15
442 12 9
443 10 7
444 9 0
445 2 10
446 15 3
447 2 1
448 15 0
449 5 8
450 3 9
451 15 4
452 3 1
453 8 8
454 15 2
455 14 15
456 1 15
457 8 6
458 6 9
459 12 0
460 2 15
461 10 2
462 7 9
463 5 9
464 14 2
465 0 2
466 0 7
467 9 8
468 0 8
469 10 11
470 15 7
471 6 0
472 1 2
473 4 15
474 15 14
475 0 2
476 7 14
477 2 3
478 3 0
479 4 8
480 7 4
481 6 7
482 0 4
483 12 8
484 9 15
485 7 13
486 7 0
487 2 14
488 8 0
489 8 4
490 5 2
491 3 7
492 4 6
493 7 3
494 1 5
495 10 1
496 11 8
497 2 0
498 11 0
499 2 13
500 0 15
501 12 10
502 0 5
503 1 4
504 5 0
505 4 14
506 4 2
507 2 7
508 7 8
509 0 10
510 5 2
511 3 10
512 2 9
513 2 8
514 5 5
515 4 1
516 13 0
517 4 7
518 3 1
519 0 9
520 7 4
521 9 1
522 9 4
523 2 2
524 5 6
525 7 9
526 1 14
527 9 11
528 5 15
529 5 13
530 8 5
531 7 14
532 0 12
533 8 15
534 5 8
535 10 6
536 0 14
537 3 12
538 10 11
539 0 10
540 9 3
541 6 3
542 1 2
543 14 0
544 7 0
545 5 10
546 8 13
547 6 11
548 2 2
549 1 2
550 0 9
551 3 13
552 12 2
553 0 3
554 12 0
555 3 12
556 13 15
557 0 11
558 3 7
559 7 1
560 5 4
561 6 1
562 8 11
563 7 6
564 6 10
565 15 9
566 7 11
567 0 2
568 4 10
569 7 13
570 5 12
571 1 13
572 13 0
573 0 0
574 10 0
575 9 0
576 1 2
577 1 14
578 7 7
579 4 8
580 3 10
581 3 9
582 7 2
583 3 13
584 7 5
585 1 1
586 11 2
587 11 7
588 2 2
589 4 0
590 5 0
591 5 13
592 10 2
593 2 5
594 3 10
595 0 14
596 1 2
597 4 15
598 1 15
599 8 2
600 2 12
601 2 2
602 0 10
603 2 15
604 5 11
605 15 6
606 7 2
607 4 14
608 1 10
609 15 7
610 1 2
611 4 4
612 4 15
613 9 1
614 8 8
615 4 9
616 7 14
617 13 1
618 2 3
619 4 14
620 3 5
621 11 10
622 15 10
623 4 6
624 7 15
625 5 7
626 7 1
627 0 8
628 2 4
629 3 2
630 2 10
631 6 1
632 13 0
633 3 11
634 3 6
635 4 0
636 8 0
637 8 15
638 8 3
639 4 2
640 4 7
641 5 8
642 7 6
643 7 12
644 1 12
645 3 8
646 12 1
647 15 2
648 11 0
649 14 2
650 4 5
651 7 0
652 0 13
653 15 6
654 9 0
655 2 1
656 10 0
657 0 12
658 2 7
659 9 5
660 2 6
661 2 11
662 7 1
663 2 10
664 9 11
665 2 8
666 7 13
667 15 15
668 3 15
669 11 0
670 0 4
671 3 3
672 5 3
673 1 9
674 7 3
675 5 0
676 1 15
677 2 0
678 8 7
679 8 5
680 4 4
681 2 9
682 15 9
683 0 9
684 4 1
685 5 12
686 4 13
687 1 7
688 0 15
689 4 14
690 15 8
691 1 15
692 4 12
693 0 13
694 1 0
695 0 0
696 6 13
697 1 13
698 0 15
699 0 3
700 0 2
701 15 1
702 0 8
703 4 8
704 15 3
705 14 3
706 14 15
707 1 14
708 3 6
709 2 6
710 4 0
711 6 9
712 6 15
713 0 1
714 3 6
715 2 6
716 6 6
717 5 1
718 2 15
719 0 0
720 5 15
721 11 8
722 2 1
723 10 15
724 6 15
725 0 1
726 5 12
727 5 2
728 0 7
729 11 1
730 11 15
731 0 10
732 3 10
733 5 1
734 4 3
735 9 13
736 2 2
737 9 6
738 15 9
739 9 2
740 5 15
741 6 3
742 3 9
743 5 9
744 7 13
745 4 15
746 11 12
747 7 0
748 8 6
749 1 15
750 1 1
751 3 4
752 5 2
753 15 5
754 7 15
755 5 10
756 2 13
757 9 12
758 6 15
759 6 2
760 8 0
761 10 1
762 5 11
763 10 0
764 12 0
765 1 7
766 0 4
767 15 0
# colocadas=768 ocupadas=80 mayor=126
