0 0 0
1 8 7
2 5 5
3 15 3
4 4 5
5 0 10
6 9 5
7 3 4
8 13 0
9 0 11
10 8 4
11 8 3
12 13 3
13 9 0
14 0 13
15 6 10
16 2 11
17 2 8
18 15 5
19 9 8
20 1 6
21 3 13
22 1 5
23 2 1
24 9 10
25 12 1
26 12 3
27 1 14
28 14 3
29 10 4
30 9 14
31 15 12
32 10 8
33 3 1
34 4 10
35 9 1
36 7 15
37 13 6
38 4 14
39 7 11
40 14 5
41 4 12
42 5 5
43 7 9
44 8 5
45 2 3
46 5 8
47 11 13
48 0 3
49 4 8
50 4 15
51 14 13
52 7 3
53 10 3
54 6 7
55 8 9
56 14 15
57 12 4
58 0 2
59 3 11
60 1 0
61 9 11
62 8 0
63 9 5
64 8 4
65 15 3
66 7 12
67 13 13
68 13 3
69 14 2
70 7 5
71 12 15
72 1 13
73 7 11
74 2 15
75 6 9
76 5 11
77 2 6
78 6 13
79 6 10
80 0 3
81 5 3
82 5 1
83 6 4
84 0 0
85 3 6
86 3 14
87 2 7
88 8 13
89 6 2
90 0 15
91 2 1
92 2 11
93 4 13
94 3 0
95 11 5
96 9 15
97 0 14
98 2 13
99 12 2
100 7 0
101 14 1
102 12 1
103 12 2
104 5 8
105 8 3
106 10 13
107 2 9
108 9 10
109 6 3
110 15 15
111 4 9
112 10 4
113 9 0
114 4 12
115 10 11
116 8 1
117 8 10
118 7 4
119 4 13
120 2 4
121 1 0
122 4 0
123 5 15
124 14 13
125 10 3
126 1 15
127 7 14
128 7 6
129 13 12
130 1 13
131 1 8
132 9 14
133 11 13
134 9 8
135 10 9
136 11 0
137 2 10
138 6 0
139 11 9
140 15 11
141 13 2
142 9 11
143 10 9
144 7 15
145 9 2
146 2 3
147 11 6
148 11 5
149 12 6
150 13 4
151 6 8
152 4 4
153 15 5
154 8 6
155 10 13
156 0 13
157 10 11
158 14 15
159 7 9
160 2 9
161 11 9
162 11 7
163 12 1
164 15 15
165 11 1
166 1 12
167 2 14
168 14 5
169 15 5
170 12 3
171 6 12
172 12 8
173 15 1
174 3 0
175 0 2
176 4 3
177 0 3
178 0 10
179 0 0
180 9 11
181 10 2
182 8 9
183 11 3
184 4 12
185 6 14
186 4 10
187 9 2
188 4 2
189 4 0
190 0 2
191 3 13
192 14 2
193 15 12
194 4 14
195 4 6
196 14 15
197 0 15
198 2 6
199 13 6
200 12 2
201 7 9
202 1 0
203 11 14
204 3 2
205 8 15
206 0 4
207 11 13
208 10 7
209 7 0
210 1 14
211 1 6
212 12 12
213 15 4
214 11 6
215 0 12
216 6 15
217 3 1
218 7 12
219 7 15
220 13 12
221 4 2
222 0 0
223 8 15
224 12 1
225 2 7
226 15 0
227 12 3
228 4 15
229 10 11
230 2 15
231 10 0
232 1 15
233 3 4
234 1 5
235 3 9
236 0 15
237 9 11
238 3 6
239 9 1
240 4 13
241 13 8
242 4 8
243 1 1
244 10 12
245 7 13
246 9 10
247 11 15
248 5 9
249 14 9
250 12 0
251 4 12
252 4 14
253 7 14
254 3 0
255 2 13
256 6 13
257 2 1
258 12 8
259 10 4
260 4 0
261 10 8
262 7 7
263 14 7
264 9 3
265 5 13
266 3 12
267 12 5
268 8 13
269 11 5
270 4 6
271 9 15
272 5 12
273 1 2
274 8 5
275 8 8
276 6 7
277 2 10
278 13 3
279 1 6
280 8 15
281 2 11
282 8 2
283 9 13
284 2 0
285 9 0
286 10 7
287 8 3
288 1 13
289 6 14
290 3 6
291 4 3
292 15 9
293 1 14
294 14 9
295 13 0
296 0 8
297 12 12
298 6 13
299 11 3
300 5 15
301 11 7
302 15 3
303 10 8
304 6 11
305 12 3
306 10 11
307 3 15
308 4 12
309 15 15
310 4 4
311 3 2
312 2 4
313 7 14
314 9 3
315 15 1
316 2 9
317 11 3
318 1 9
319 2 3
320 9 8
321 8 12
322 15 11
323 12 6
324 1 13
325 0 13
326 5 10
327 13 12
328 7 3
329 10 7
330 8 11
331 3 14
332 12 13
333 10 8
334 10 0
335 14 5
336 12 15
337 7 12
338 14 15
339 6 3
340 15 15
341 1 15
342 5 13
343 3 0
344 2 8
345 7 2
346 5 9
347 6 13
348 14 15
349 3 4
350 5 10
351 0 7
352 2 4
353 12 3
354 7 15
355 5 3
356 3 7
357 7 13
358 2 1
359 4 15
360 11 10
361 0 3
362 15 9
363 11 3
364 1 0
365 13 4
366 3 5
367 10 13
368 13 6
369 2 7
370 15 7
371 15 0
372 11 15
373 11 6
374 12 3
375 13 7
376 9 0
377 9 9
378 0 14
379 0 2
380 9 1
381 0 8
382 5 8
383 12 10
384 8 3
385 13 11
386 10 5
387 13 6
388 7 10
389 5 6
390 8 1
391 3 8
392 6 15
393 13 3
394 11 13
395 0 4
396 13 4
397 7 7
398 6 9
399 6 3
400 5 3
401 13 7
402 0 7
403 5 5
404 12 15
405 10 3
406 8 13
407 9 1
408 9 7
409 2 8
410 14 12
411 2 2
412 10 13
413 11 11
414 3 6
415 0 1
416 4 4
417 7 15
418 1 13
419 0 0
420 10 2
421 15 4
422 6 15
423 4 9
424 6 2
425 8 2
426 2 5
427 0 11
428 15 1
429 2 9
430 9 11
431 2 7
432 2 14
433 2 15
434 0 2
435 1 4
436 14 13
437 11 15
438 0 4
439 7 15
440 2 8
441 8 10
442 6 15
443 10 11
444 7 11
445 10 4
446 4 6
447 3 13
448 7 9
449 9 0
450 3 3
451 13 6
452 11 13
453 9 10
454 1 12
455 3 4
456 0 8
457 3 3
458 0 12
459 6 12
460 1 9
461 7 15
462 0 11
463 14 7
464 3 7
465 11 3
466 15 7
467 6 0
468 0 10
469 5 6
470 9 15
471 9 9
472 13 7
473 13 12
474 10 13
475 6 3
476 4 14
477 2 13
478 10 3
479 3 9
480 6 13
481 9 10
482 15 0
483 3 1
484 7 2
485 4 9
486 12 3
487 6 12
488 8 11
489 7 0
490 8 4
491 3 0
492 0 13
493 0 7
494 11 11
495 15 1
496 6 9
497 4 8
498 3 6
499 7 4
500 9 9
501 13 10
502 1 14
503 6 1
504 11 0
505 12 2
506 9 4
507 13 3
508 5 8
509 3 4
510 1 5
511 8 3
512 9 5
513 9 14
514 1 7
515 7 13
516 14 3
517 15 0
518 4 5
519 12 1
520 8 0
521 15 6
522 3 13
523 10 5
524 3 14
525 5 3
526 9 15
527 2 1
528 4 0
529 7 8
530 1 6
531 4 8
532 12 15
533 15 15
534 12 3
535 8 8
536 6 14
537 8 5
538 2 10
539 9 10
540 6 11
541 8 2
542 3 1
543 5 1
544 3 7
545 14 9
546 12 10
547 2 3
548 9 6
549 15 13
550 11 7
551 5 8
552 12 2
553 4 14
554 10 9
555 14 12
556 3 0
557 3 11
558 4 8
559 9 9
560 6 15
561 2 11
562 13 1
563 13 10
564 1 0
565 0 7
566 10 2
567 14 0
568 6 4
569 15 9
570 3 6
571 6 1
572 7 5
573 13 9
574 10 3
575 3 3
576 0 1
577 12 4
578 11 3
579 0 2
580 6 13
581 15 7
582 12 5
583 4 4
584 5 5
585 7 11
586 7 15
587 10 0
588 13 0
589 0 1
590 0 11
591 13 6
592 5 2
593 15 0
594 1 13
595 5 3
596 2 13
597 12 4
598 2 7
599 5 12
600 0 8
601 2 10
602 8 5
603 4 5
604 3 14
605 6 14
606 13 13
607 0 3
608 2 0
609 9 2
610 14 0
611 14 11
612 0 13
613 15 11
614 2 4
615 8 6
616 2 8
617 8 4
618 8 12
619 3 7
620 4 4
621 7 3
622 12 0
623 9 8
624 4 1
625 6 15
626 2 12
627 1 8
628 7 0
629 1 9
630 9 0
631 15 5
632 14 13
633 13 3
634 9 10
635 3 2
636 7 9
637 3 3
638 9 5
639 4 11
640 12 5
641 6 9
642 9 12
643 1 4
644 0 2
645 8 11
646 15 3
647 10 14
648 7 2
649 7 11
650 15 13
651 2 6
652 4 10
653 9 7
654 14 13
655 11 4
656 7 6
657 5 2
658 2 3
659 9 4
660 8 3
661 7 3
662 1 6
663 4 9
664 5 6
665 4 12
666 9 8
667 13 7
668 10 11
669 2 7
670 8 15
671 12 6
672 8 2
673 0 14
674 9 7
675 1 15
676 9 1
677 15 12
678 6 5
679 7 15
680 1 14
681 11 2
682 15 11
683 15 8
684 14 9
685 11 5
686 2 1
687 9 8
688 2 6
689 0 10
690 15 9
691 14 7
692 2 0
693 14 12
694 8 4
695 15 2
696 6 10
697 8 7
698 15 3
699 5 10
700 12 3
701 6 2
702 10 8
703 2 7
704 14 15
705 1 5
706 2 4
707 2 6
708 15 12
709 12 1
710 13 3
711 0 3
712 13 6
713 5 12
714 1 15
715 13 8
716 8 3
717 4 10
718 10 12
719 4 12
720 12 0
721 5 10
722 6 9
723 5 12
724 15 10
725 14 5
726 9 12
727 8 11
728 1 13
729 15 15
730 8 13
731 2 11
732 11 3
733 6 3
734 1 4
735 14 8
736 2 9
737 4 12
738 12 3
739 9 14
740 0 0
741 2 1
742 10 12
743 14 1
744 3 1
745 10 9
746 15 4
747 14 13
748 9 4
749 15 3
750 14 2
751 4 14
752 6 4
753 11 6
754 15 5
755 7 11
756 13 0
757 5 5
758 6 13
759 9 5
760 8 6
761 5 12
762 15 11
763 14 12
764 9 4
765 0 1
766 4 5
767 14 13
# colocadas=768 ocupadas=80 mayor=98
