# semilla=3
16 80
768
31 9
17 6
78 8
75 2
78 1
61 5
71 4
25 8
70 9
61 7
20 4
20 9
50 1
9 3
76 1
39 1
35 8
77 7
55 7
74 8
18 6
13 1
18 8
28 5
56 5
54 9
50 6
69 7
75 4
44 1
36 3
42 9
74 2
28 5
37 2
9 8
62 2
45 2
53 3
3 5
55 7
16 1
78 1
49 6
71 5
65 4
5 5
1 2
14 9
5 4
53 5
79 5
20 1
44 6
47 3
49 7
59 9
50 9
14 9
35 7
31 5
56 5
67 5
71 6
2 7
75 6
3 7
79 3
8 6
60 6
46 5
63 1
76 1
3 6
33 8
39 6
23 6
24 6
48 5
39 7
14 1
73 3
40 9
29 5
31 6
24 7
13 2
77 6
43 4
57 3
11 6
28 8
35 4
16 1
68 4
41 3
36 6
11 6
76 3
54 5
67 5
60 6
54 5
54 7
5 7
20 4
1 8
80 9
56 9
29 1
59 9
37 9
44 4
9 5
16 4
6 1
66 4
56 1
2 8
16 3
65 5
31 1
68 9
53 1
79 2
44 3
33 9
62 1
46 4
26 2
69 2
22 4
36 3
1 8
74 7
7 5
32 5
80 9
67 7
7 8
42 1
8 3
6 2
7 2
62 1
12 9
65 8
41 3
41 2
45 7
50 5
47 5
25 6
55 2
17 9
1 7
11 3
6 6
59 9
49 1
80 7
7 6
64 6
54 7
59 1
32 4
69 5
76 2
55 4
55 3
4 6
48 9
34 2
60 2
68 7
14 6
73 9
14 1
61 3
31 7
6 9
12 2
49 3
4 6
16 1
15 8
37 5
12 1
73 9
68 4
14 9
13 9
8 9
42 3
10 4
24 4
59 7
33 6
77 7
45 9
54 2
49 9
31 7
21 7
73 9
62 3
52 3
21 2
64 8
67 8
76 3
18 5
26 3
75 9
41 4
69 5
53 5
28 5
3 5
62 7
26 3
73 6
31 6
62 3
54 8
77 4
60 9
4 8
10 7
6 8
30 4
9 4
33 4
25 5
18 3
80 1
33 3
6 6
24 7
12 2
16 2
34 5
5 6
58 6
1 1
43 6
56 7
63 2
27 8
51 3
70 6
16 5
10 7
15 8
68 5
13 9
48 6
58 5
34 2
44 9
68 2
64 9
46 1
38 3
20 3
48 8
16 2
72 3
43 7
72 5
24 8
62 5
23 2
14 3
71 9
74 7
46 2
35 5
50 1
18 1
62 9
35 4
66 6
43 7
58 9
9 6
64 2
20 5
76 2
15 2
24 4
73 7
51 3
76 3
51 4
70 9
22 3
26 5
48 5
4 8
53 7
41 9
75 5
64 9
39 8
4 4
1 2
30 8
23 9
59 4
25 9
28 1
65 8
15 5
20 3
60 2
80 1
4 6
80 4
65 2
64 9
3 6
42 6
45 3
11 1
11 6
27 2
26 7
29 8
41 2
6 7
10 4
21 7
64 8
9 9
55 4
63 5
3 8
59 7
57 3
59 1
33 6
48 8
68 6
77 7
29 1
27 5
48 3
59 9
25 3
27 1
22 7
65 3
4 3
15 3
57 8
24 1
3 7
58 6
53 1
7 4
52 1
51 8
4 4
31 2
50 8
25 3
43 2
45 2
77 1
38 5
60 5
63 4
72 5
4 6
45 6
12 1
56 2
76 1
14 1
12 1
22 9
5 8
7 4
66 6
26 8
44 8
45 1
49 5
78 7
12 5
24 7
15 9
50 9
43 9
52 3
50 9
46 3
47 7
57 4
57 8
45 5
22 9
78 7
63 1
20 3
3 8
12 2
41 4
77 1
79 1
58 8
43 6
1 2
25 7
14 6
73 5
15 8
11 4
31 1
20 3
75 1
15 4
37 4
29 9
66 7
65 6
69 4
60 3
80 2
6 2
77 1
13 4
33 2
14 8
52 4
79 2
63 6
52 8
15 5
77 8
49 4
15 9
1 8
39 2
44 6
25 8
10 9
47 7
9 9
28 4
45 1
43 4
56 8
11 5
28 6
22 4
28 8
69 7
48 4
80 7
62 7
61 1
38 1
24 2
4 3
38 9
67 1
61 1
25 4
36 8
56 1
45 8
26 5
19 2
57 5
53 8
10 4
20 8
37 7
48 3
56 5
60 8
68 9
29 6
37 5
4 8
48 6
39 4
67 1
2 3
68 3
69 1
22 1
1 4
60 6
47 9
5 8
24 4
2 5
56 6
7 9
13 8
40 5
32 8
54 5
44 1
4 7
5 3
73 4
18 7
66 6
71 3
36 1
22 1
3 8
8 8
60 9
78 9
54 6
67 3
38 3
10 3
71 2
53 6
57 8
36 5
58 5
68 3
74 6
18 9
5 7
63 4
59 5
4 6
74 9
15 8
17 5
35 2
56 2
48 1
66 8
58 4
40 6
24 7
51 6
7 5
28 1
41 6
79 7
72 5
5 3
54 5
53 2
64 4
26 2
68 2
16 1
37 2
56 5
62 8
35 5
70 9
7 3
31 8
22 3
20 3
60 7
2 3
51 1
24 3
40 4
17 3
7 9
20 9
28 7
14 7
50 3
4 5
14 3
15 3
38 3
50 6
78 2
25 1
48 3
62 4
9 6
70 8
14 6
61 1
45 9
57 7
60 9
69 5
57 3
69 8
50 4
77 5
23 5
22 6
35 4
17 1
78 1
53 3
15 1
21 2
52 6
68 5
12 8
70 8
42 3
76 4
42 8
65 6
41 6
77 6
44 5
39 5
24 2
78 9
29 6
32 5
56 5
58 3
62 6
69 3
80 9
67 8
80 1
9 7
55 9
79 5
8 4
49 7
28 2
47 9
28 1
71 8
16 7
50 9
47 1
39 6
65 6
52 8
48 2
75 8
19 6
29 1
48 2
79 1
18 2
27 6
56 5
26 1
4 9
41 9
57 6
28 8
44 2
66 7
29 8
18 5
37 9
25 2
23 2
56 1
45 7
1 8
24 8
36 3
50 4
66 7
76 5
56 5
13 2
9 8
42 2
2 6
62 7
13 6
54 4
42 4
51 2
7 9
4 9
68 4
74 2
24 4
61 9
51 5
45 8
68 4
26 5
44 3
75 9
47 9
46 6
75 9
27 8
8 7
40 4
64 4
24 2
59 2
65 7
28 6
24 1
42 8
32 7
8 4
52 6
50 4
23 5
33 6
34 1
44 2
27 4
39 8
23 3
32 8
27 4
47 4
23 9
51 9
55 3
39 8
48 1
11 9
59 8
3 3
35 9
54 8
29 7
65 8
45 7
80 8
23 2
54 6
19 6
14 6
68 3
39 8
70 3
58 6
64 1
75 6
26 2
71 5
75 5
70 6
53 5
2 7
72 6
55 8
48 3
32 5
25 7
15 6
71 3
41 8
23 9
51 8
26 7
71 6
14 1
78 8
26 3
