0 0 0
1 0 15
2 15 0
3 15 15
4 14 0
5 0 2
6 0 4
7 0 6
8 0 8
9 1 2
10 0 10
11 0 11
12 0 13
13 2 0
14 2 15
15 4 15
16 4 0
17 6 0
18 6 15
19 8 0
20 8 15
21 10 0
22 9 15
23 11 15
24 12 0
25 13 15
26 1 13
27 15 1
28 15 14
29 15 3
30 15 5
31 15 7
32 8 1
33 11 14
34 15 9
35 2 1
36 15 11
37 1 5
38 1 7
39 1 9
40 7 15
41 2 3
42 15 0
43 2 6
44 0 3
45 2 8
46 2 10
47 2 12
48 3 2
49 3 10
50 0 7
51 3 4
52 0 10
53 14 3
54 0 12
55 3 6
56 1 11
57 1 14
58 4 2
59 3 0
60 0 1
61 13 0
62 4 5
63 0 4
64 1 0
65 15 13
66 2 9
67 2 4
68 15 15
69 3 13
70 4 7
71 4 9
72 3 15
73 2 10
74 1 9
75 5 15
76 4 11
77 4 14
78 5 1
79 6 15
80 3 2
81 4 3
82 5 8
83 5 4
84 0 0
85 5 14
86 9 0
87 7 0
88 11 0
89 5 6
90 5 10
91 11 15
92 4 0
93 1 3
94 5 12
95 6 2
96 15 4
97 6 10
98 2 15
99 13 14
100 3 5
101 3 14
102 13 15
103 13 14
104 3 9
105 0 9
106 2 13
107 4 15
108 13 1
109 6 4
110 0 11
111 14 9
112 13 3
113 2 0
114 0 3
115 3 12
116 4 13
117 13 2
118 1 1
119 0 2
120 2 7
121 0 1
122 6 12
123 1 7
124 2 3
125 12 3
126 1 10
127 15 10
128 3 7
129 13 0
130 15 2
131 6 7
132 15 5
133 1 13
134 8 2
135 7 3
136 7 5
137 3 15
138 3 4
139 8 3
140 15 8
141 14 15
142 2 12
143 7 3
144 15 11
145 4 5
146 2 8
147 5 2
148 6 2
149 2 5
150 0 14
151 0 13
152 0 5
153 7 14
154 1 15
155 1 12
156 5 10
157 2 13
158 0 10
159 2 6
160 4 15
161 8 3
162 3 12
163 12 14
164 0 11
165 7 6
166 15 3
167 3 15
168 7 13
169 7 14
170 6 9
171 5 0
172 7 8
173 2 14
174 5 12
175 3 1
176 4 2
177 3 2
178 1 3
179 0 0
180 1 13
181 4 4
182 1 6
183 6 10
184 0 1
185 5 3
186 13 9
187 4 5
188 4 1
189 6 12
190 2 2
191 9 1
192 15 15
193 15 7
194 13 15
195 5 13
196 0 10
197 1 9
198 8 0
199 2 6
200 12 13
201 0 6
202 1 0
203 15 9
204 3 1
205 14 11
206 4 2
207 15 10
208 2 12
209 2 4
210 3 14
211 8 15
212 12 0
213 15 12
214 6 1
215 15 2
216 0 7
217 10 15
218 2 11
219 13 11
220 13 0
221 3 0
222 0 0
223 12 11
224 11 13
225 7 0
226 2 15
227 6 9
228 12 15
229 2 13
230 7 10
231 1 0
232 1 10
233 1 5
234 9 15
235 5 15
236 1 9
237 1 13
238 5 12
239 3 5
240 0 2
241 8 8
242 3 10
243 4 4
244 0 12
245 10 0
246 12 2
247 3 9
248 8 5
249 8 11
250 1 8
251 0 1
252 13 15
253 5 2
254 6 11
255 9 0
256 6 0
257 4 3
258 7 8
259 11 3
260 6 12
261 3 12
262 4 7
263 8 7
264 0 8
265 5 0
266 0 2
267 8 9
268 11 0
269 9 9
270 5 13
271 11 11
272 5 11
273 2 1
274 0 3
275 8 1
276 3 7
277 4 1
278 0 15
279 8 15
280 10 11
281 4 0
282 4 12
283 11 1
284 4 4
285 2 0
286 2 12
287 0 9
288 3 13
289 5 3
290 5 14
291 3 1
292 8 12
293 3 14
294 8 11
295 1 7
296 5 7
297 12 0
298 5 1
299 5 9
300 0 8
301 6 2
302 15 13
303 2 13
304 7 15
305 6 9
306 0 11
307 7 11
308 6 11
309 1 10
310 0 5
311 11 15
312 2 9
313 4 3
314 0 10
315 3 15
316 4 15
317 7 9
318 5 15
319 2 8
320 2 12
321 3 11
322 15 8
323 1 6
324 4 10
325 5 10
326 9 5
327 13 0
328 6 5
329 6 3
330 1 12
331 13 14
332 15 11
333 2 13
334 1 0
335 7 13
336 4 9
337 2 11
338 2 10
339 4 6
340 1 10
341 2 9
342 6 1
343 7 12
344 6 0
345 5 5
346 8 5
347 5 1
348 1 9
349 0 4
350 9 5
351 6 7
352 3 8
353 7 10
354 5 3
355 4 7
356 5 13
357 3 11
358 3 4
359 0 7
360 8 4
361 3 2
362 8 10
363 7 9
364 0 1
365 0 14
366 0 5
367 11 0
368 2 6
369 7 0
370 9 7
371 2 15
372 4 10
373 10 9
374 6 9
375 1 6
376 2 5
377 12 1
378 4 14
379 2 0
380 2 6
381 6 6
382 2 10
383 7 4
384 3 12
385 14 0
386 10 3
387 1 5
388 1 6
389 15 1
390 3 6
391 5 12
392 4 3
393 0 15
394 10 0
395 2 2
396 0 14
397 2 7
398 0 12
399 4 6
400 4 7
401 2 5
402 6 7
403 15 0
404 4 9
405 0 9
406 4 11
407 4 6
408 6 2
409 6 0
410 3 3
411 3 5
412 11 0
413 1 11
414 0 4
415 3 0
416 2 1
417 4 2
418 4 10
419 0 0
420 0 10
421 14 13
422 4 3
423 12 9
424 5 4
425 3 11
426 2 8
427 15 3
428 3 15
429 6 15
430 1 13
431 7 0
432 10 0
433 3 9
434 3 1
435 3 2
436 2 3
437 4 8
438 4 2
439 3 3
440 6 0
441 0 6
442 3 2
443 1 12
444 7 14
445 9 3
446 0 5
447 13 15
448 0 13
449 2 0
450 10 15
451 2 6
452 12 0
453 11 1
454 5 10
455 11 15
456 6 6
457 10 15
458 15 2
459 5 0
460 5 15
461 9 11
462 1 4
463 8 7
464 5 13
465 7 9
466 9 7
467 3 4
468 1 5
469 0 4
470 15 4
471 12 1
472 2 5
473 13 0
474 15 6
475 3 7
476 0 8
477 12 15
478 0 11
479 12 8
480 5 1
481 11 1
482 2 15
483 8 12
484 5 3
485 11 8
486 6 9
487 5 0
488 6 14
489 4 4
490 1 2
491 7 12
492 14 2
493 6 5
494 1 11
495 3 15
496 0 12
497 1 10
498 5 12
499 1 1
500 12 1
501 8 4
502 9 0
503 5 9
504 8 6
505 10 13
506 9 2
507 6 8
508 2 10
509 2 2
510 7 15
511 2 11
512 1 3
513 15 3
514 5 5
515 3 11
516 14 15
517 2 15
518 15 1
519 9 13
520 3 4
521 9 8
522 12 14
523 0 3
524 0 7
525 3 6
526 15 4
527 4 5
528 8 12
529 7 1
530 8 15
531 1 10
532 4 7
533 0 9
534 6 7
535 8 1
536 3 3
537 0 15
538 3 0
539 11 1
540 5 1
541 2 10
542 4 4
543 5 8
544 4 12
545 7 10
546 7 4
547 11 15
548 7 2
549 1 3
550 10 10
551 1 9
552 9 14
553 0 8
554 2 12
555 14 0
556 7 12
557 0 1
558 11 7
559 11 0
560 9 10
561 4 0
562 0 7
563 6 4
564 1 0
565 5 6
566 0 10
567 3 15
568 1 2
569 7 9
570 5 12
571 4 8
572 1 15
573 6 5
574 0 11
575 12 15
576 2 1
577 0 13
578 5 7
579 3 1
580 3 2
581 9 7
582 0 14
583 15 0
584 0 5
585 5 0
586 8 10
587 2 1
588 1 7
589 3 0
590 1 4
591 1 5
592 3 7
593 2 15
594 15 2
595 3 6
596 14 2
597 0 13
598 7 0
599 6 10
600 5 5
601 4 1
602 0 15
603 15 1
604 0 7
605 3 3
606 15 10
607 3 2
608 8 12
609 4 5
610 1 8
611 15 9
612 3 14
613 15 8
614 2 9
615 6 2
616 6 0
617 9 3
618 6 15
619 4 12
620 15 0
621 5 4
622 8 7
623 11 1
624 4 3
625 8 11
626 15 2
627 4 15
628 3 5
629 3 15
630 2 0
631 6 13
632 2 3
633 15 15
634 1 6
635 11 15
636 1 12
637 12 15
638 0 2
639 0 0
640 0 14
641 0 12
642 5 15
643 2 8
644 3 1
645 5 1
646 15 13
647 14 6
648 4 4
649 5 0
650 2 4
651 7 15
652 9 6
653 11 0
654 13 0
655 5 6
656 6 1
657 4 6
658 11 15
659 8 3
660 1 10
661 5 4
662 8 15
663 10 7
664 0 6
665 6 11
666 11 1
667 2 5
668 1 12
669 4 13
670 15 3
671 1 14
672 1 11
673 2 14
674 11 0
675 10 0
676 2 1
677 15 9
678 1 1
679 8 10
680 9 0
681 9 15
682 15 8
683 7 10
684 7 5
685 5 7
686 8 11
687 8 0
688 3 13
689 0 4
690 7 9
691 1 5
692 8 12
693 13 1
694 7 3
695 15 12
696 0 13
697 2 6
698 15 11
699 10 6
700 14 15
701 5 8
702 2 13
703 3 14
704 0 10
705 2 7
706 12 15
707 4 14
708 15 9
709 8 6
710 13 15
711 3 2
712 1 15
713 5 11
714 2 9
715 6 8
716 7 4
717 10 5
718 5 14
719 5 12
720 7 6
721 10 6
722 0 12
723 4 12
724 7 10
725 6 12
726 5 15
727 4 0
728 5 9
729 0 9
730 2 11
731 3 1
732 10 15
733 6 4
734 3 7
735 2 5
736 3 14
737 4 13
738 9 15
739 15 6
740 2 0
741 8 11
742 4 15
743 2 8
744 4 2
745 2 12
746 15 12
747 13 0
748 0 3
749 15 11
750 2 7
751 0 8
752 0 1
753 9 10
754 6 11
755 4 1
756 6 6
757 0 5
758 2 3
759 0 2
760 5 1
761 3 13
762 6 10
763 13 1
764 0 3
765 3 0
766 15 1
767 13 0
# colocadas=768 ocupadas=80 mayor=98
