0 0 12
1 12 7
2 2 12
3 3 4
4 8 9
5 15 6
6 14 3
7 6 6
8 1 10
9 3 6
10 8 14
11 11 6
12 6 12
13 14 15
14 2 3
15 4 4
16 8 3
17 8 12
18 9 12
19 13 5
20 15 7
21 9 10
22 15 13
23 14 6
24 4 10
25 4 15
26 9 4
27 7 13
28 3 13
29 1 4
30 1 5
31 12 5
32 3 2
33 10 11
34 15 9
35 4 9
36 0 14
37 11 10
38 9 5
39 13 11
40 14 8
41 14 4
42 13 5
43 12 14
44 3 7
45 10 2
46 1 4
47 0 5
48 13 8
49 14 8
50 13 8
51 4 10
52 2 4
53 1 14
54 10 7
55 5 3
56 2 0
57 1 11
58 10 1
59 1 10
60 2 3
61 0 14
62 9 8
63 5 1
64 14 3
65 14 14
66 5 11
67 13 15
68 13 13
69 14 8
70 11 14
71 2 4
72 15 10
73 15 9
74 1 14
75 14 10
76 0 2
77 0 14
78 9 7
79 15 2
80 11 8
81 2 15
82 8 12
83 2 9
84 1 7
85 13 1
86 7 1
87 15 11
88 15 12
89 1 3
90 8 2
91 9 4
92 15 14
93 10 12
94 15 5
95 1 8
96 12 0
97 10 11
98 15 1
99 12 5
100 2 3
101 6 8
102 6 13
103 14 15
104 15 11
105 11 12
106 11 0
107 12 0
108 8 0
109 5 0
110 6 3
111 15 6
112 15 8
113 5 12
114 12 11
115 6 15
116 11 5
117 11 9
118 13 10
119 2 14
120 1 3
121 1 5
122 9 0
123 11 3
124 0 5
125 10 2
126 3 9
127 8 3
128 14 10
129 2 6
130 5 1
131 13 6
132 1 7
133 4 0
134 12 2
135 9 8
136 13 11
137 10 15
138 4 7
139 13 8
140 10 12
141 12 15
142 14 14
143 4 13
144 13 15
145 14 9
146 7 15
147 7 6
148 5 10
149 14 12
150 12 10
151 7 2
152 12 15
153 15 10
154 8 7
155 9 13
156 9 6
157 2 15
158 10 11
159 10 4
160 6 12
161 6 7
162 3 14
163 15 7
164 6 8
165 7 4
166 3 7
167 9 15
168 4 7
169 7 9
170 6 15
171 15 12
172 7 14
173 12 13
174 15 15
175 6 1
176 3 12
177 6 7
178 10 12
179 15 9
180 4 12
181 2 11
182 3 3
183 3 1
184 8 8
185 5 2
186 1 14
187 0 15
188 3 15
189 13 15
190 13 12
191 11 12
192 6 8
193 14 11
194 5 0
195 12 3
196 5 4
197 2 12
198 2 13
199 13 11
200 4 0
201 13 4
202 7 13
203 12 14
204 4 3
205 7 10
206 8 11
207 3 6
208 11 8
209 1 5
210 5 13
211 3 13
212 14 11
213 14 4
214 13 13
215 10 10
216 13 11
217 4 10
218 11 0
219 2 12
220 5 0
221 15 14
222 2 15
223 9 5
224 13 2
225 1 0
226 9 3
227 9 9
228 13 5
229 12 2
230 0 5
231 7 1
232 3 11
233 14 6
234 1 12
235 12 9
236 7 3
237 5 7
238 0 14
239 12 6
240 6 9
241 3 12
242 4 14
243 12 0
244 12 15
245 2 12
246 1 5
247 5 1
248 11 9
249 5 15
250 14 12
251 6 7
252 15 2
253 14 15
254 11 8
255 8 4
256 6 11
257 4 12
258 7 8
259 11 10
260 0 1
261 5 9
262 10 8
263 1 12
264 11 0
265 8 12
266 13 2
267 6 12
268 11 8
269 5 10
270 4 0
271 13 7
272 12 13
273 3 8
274 14 8
275 12 0
276 2 12
277 13 4
278 4 10
279 13 8
280 3 15
281 12 7
282 11 6
283 7 14
284 15 4
285 5 5
286 5 8
287 11 0
288 12 0
289 8 1
290 10 0
291 14 10
292 15 13
293 8 11
294 2 6
295 6 1
296 13 10
297 7 4
298 11 5
299 3 7
300 10 8
301 2 0
302 7 12
303 13 0
304 8 2
305 14 4
306 15 1
307 15 8
308 9 6
309 4 15
310 15 2
311 14 8
312 9 4
313 11 8
314 13 9
315 13 12
316 3 4
317 1 11
318 5 9
319 10 3
320 5 3
321 0 2
322 11 3
323 4 3
324 6 10
325 10 14
326 2 4
327 14 14
328 2 3
329 9 5
330 10 6
331 5 8
332 12 3
333 10 10
334 10 7
335 11 4
336 12 0
337 1 0
338 4 14
339 8 3
340 2 13
341 6 15
342 12 9
343 4 15
344 4 14
345 7 10
346 9 3
347 13 15
348 5 9
349 10 6
350 6 11
351 3 10
352 5 1
353 8 15
354 12 2
355 14 15
356 8 14
357 5 3
358 15 14
359 1 10
360 15 1
361 10 15
362 4 15
363 7 13
364 13 6
365 4 14
366 4 3
367 0 5
368 6 12
369 14 14
370 9 14
371 3 4
372 13 5
373 15 6
374 5 15
375 10 7
376 1 8
377 11 10
378 6 15
379 6 4
380 9 4
381 8 9
382 3 12
383 15 7
384 14 7
385 5 6
386 10 10
387 8 6
388 5 15
389 5 0
390 7 6
391 15 12
392 12 8
393 14 3
394 4 0
395 8 4
396 11 6
397 15 8
398 10 12
399 9 7
400 12 15
401 6 11
402 7 12
403 6 13
404 9 9
405 0 15
406 12 11
407 1 11
408 9 2
409 5 8
410 15 13
411 12 14
412 12 4
413 14 10
414 8 14
415 2 0
416 13 3
417 6 1
418 5 1
419 5 3
420 5 9
421 5 13
422 15 12
423 2 5
424 1 0
425 6 8
426 2 6
427 10 8
428 11 10
429 10 10
430 6 7
431 9 11
432 10 5
433 0 13
434 9 4
435 8 8
436 10 13
437 2 5
438 14 2
439 11 10
440 8 12
441 3 3
442 1 2
443 10 12
444 11 2
445 10 10
446 1 10
447 7 2
448 15 10
449 13 15
450 13 7
451 11 5
452 4 6
453 10 4
454 3 8
455 3 6
456 2 4
457 14 4
458 2 14
459 4 9
460 11 13
461 10 5
462 11 12
463 12 7
464 15 9
465 7 15
466 14 15
467 8 9
468 11 15
469 4 3
470 8 6
471 9 14
472 2 12
473 7 6
474 9 9
475 1 7
476 10 15
477 10 1
478 13 11
479 14 5
480 13 0
481 1 11
482 7 14
483 13 10
484 4 15
485 15 10
486 1 12
487 5 10
488 11 8
489 2 15
490 5 3
491 8 10
492 13 15
493 15 4
494 11 10
495 10 12
496 6 1
497 2 1
498 13 5
499 5 0
500 1 14
501 9 10
502 14 6
503 4 0
504 9 13
505 6 8
506 10 10
507 12 6
508 0 2
509 8 9
510 15 7
511 8 14
512 14 15
513 10 11
514 9 14
515 7 14
516 14 3
517 14 2
518 5 0
519 9 11
520 15 9
521 1 10
522 1 5
523 3 1
524 12 7
525 11 5
526 13 1
527 15 13
528 5 2
529 15 6
530 0 10
531 9 12
532 6 13
533 5 13
534 14 10
535 3 13
536 7 12
537 13 12
538 10 3
539 14 4
540 8 14
541 13 13
542 15 14
543 4 11
544 0 5
545 9 1
546 6 15
547 14 5
548 14 8
549 8 0
550 12 15
551 6 13
552 5 13
553 11 6
554 1 10
555 15 10
556 14 12
557 9 13
558 14 13
559 10 8
560 13 12
561 4 7
562 15 8
563 9 14
564 0 10
565 9 5
566 1 10
567 6 3
568 15 11
569 8 14
570 7 0
571 2 14
572 15 12
573 1 5
574 7 14
575 2 3
576 9 15
577 8 12
578 12 8
579 10 2
580 6 7
581 7 1
582 9 12
583 4 2
584 12 12
585 9 0
586 9 2
587 2 0
588 2 8
589 13 15
590 13 6
591 10 7
592 15 0
593 3 15
594 15 4
595 8 4
596 0 7
597 9 13
598 1 14
599 10 4
600 8 2
601 8 7
602 3 9
603 14 14
604 5 15
605 7 13
606 11 9
607 14 3
608 12 10
609 15 1
610 10 8
611 5 9
612 9 10
613 4 9
614 15 0
615 12 5
616 9 7
617 13 5
618 3 0
619 15 9
620 15 15
621 14 13
622 10 10
623 2 15
624 8 3
625 15 2
626 9 8
627 14 11
628 0 12
629 2 4
630 3 15
631 3 9
632 8 2
633 4 8
634 3 1
635 15 7
636 6 8
637 10 2
638 5 3
639 6 6
640 13 12
641 5 2
642 7 14
643 4 7
644 1 0
645 15 10
646 7 12
647 11 2
648 1 2
649 9 14
650 4 15
651 7 15
652 3 0
653 1 7
654 14 14
655 0 2
656 3 12
657 10 7
658 2 14
659 14 9
660 2 3
661 0 14
662 4 0
663 6 10
664 12 11
665 9 4
666 0 10
667 1 4
668 15 1
669 6 12
670 10 2
671 2 6
672 12 7
673 11 5
674 3 7
675 7 9
676 11 8
677 6 1
678 15 5
679 14 4
680 13 14
681 7 8
682 1 14
683 4 9
684 14 15
685 5 11
686 15 15
687 3 15
688 11 11
689 4 10
690 9 9
691 4 3
692 12 8
693 14 15
694 2 4
695 2 9
696 8 14
697 4 15
698 2 5
699 10 6
700 9 14
701 6 8
702 14 14
703 10 11
704 4 13
705 15 6
706 7 1
707 6 0
708 3 14
709 4 11
710 6 7
711 5 1
712 6 15
713 3 15
714 5 0
715 3 13
716 5 2
717 2 14
718 2 12
719 3 6
720 15 7
721 15 13
722 14 10
723 6 6
724 12 14
725 9 3
726 7 10
727 15 12
728 4 14
729 2 7
730 5 1
731 7 12
732 11 0
733 5 15
734 12 15
735 11 15
736 6 1
737 1 12
738 11 12
739 3 10
740 13 10
741 14 15
742 14 14
743 4 13
744 6 15
745 14 3
746 12 10
747 8 9
748 8 0
749 6 7
750 12 0
751 8 3
752 9 0
753 2 12
754 14 4
755 12 12
756 13 12
757 1 2
758 12 12
759 15 9
760 13 0
761 14 0
762 5 15
763 15 6
764 14 6
765 2 13
766 4 15
767 15 2
# colocadas=768 ocupadas=80 mayor=90
