# semilla=1
16 80
768
18 2
33 2
64 8
61 7
27 2
63 1
50 7
78 1
58 5
30 2
41 1
3 1
70 1
49 4
55 1
68 4
57 8
71 4
45 4
29 8
38 1
54 9
13 3
38 2
43 9
55 9
25 5
37 8
65 7
76 1
62 4
52 7
23 6
71 6
12 8
66 2
21 9
51 6
63 1
61 1
40 7
22 3
65 4
2 4
70 9
30 7
66 6
74 6
59 5
71 1
50 9
17 9
72 4
55 1
62 6
73 9
26 9
53 8
46 7
45 1
69 9
80 6
59 1
30 3
71 3
12 9
33 1
10 2
3 8
2 5
32 5
15 3
45 5
9 3
21 5
68 3
35 5
59 6
64 8
15 1
40 7
44 7
25 5
14 5
66 4
78 7
3 4
3 7
19 1
21 8
65 7
70 4
67 8
29 9
4 7
74 6
55 1
39 3
28 1
40 2
10 5
39 3
54 5
17 1
72 1
76 4
73 8
22 9
5 7
26 6
13 4
74 7
76 4
64 2
50 5
65 8
3 6
79 7
37 1
21 4
42 3
44 7
28 5
13 7
71 6
69 8
69 4
9 1
11 3
22 3
69 4
35 6
77 9
33 6
44 6
15 5
31 8
18 9
14 6
6 7
10 7
19 3
44 2
79 7
10 9
29 2
35 6
38 9
15 8
36 2
6 5
2 1
12 7
15 1
25 4
76 7
21 2
58 3
31 3
14 7
49 9
38 9
33 8
41 2
27 6
6 1
2 5
77 6
58 7
41 7
9 2
41 8
15 5
28 9
61 6
34 3
70 4
40 4
32 6
11 5
12 8
12 6
30 7
40 1
42 3
41 5
32 6
13 9
79 2
32 4
3 4
52 2
35 9
10 2
3 1
38 6
64 8
20 2
65 6
10 9
23 3
20 3
41 5
14 9
78 5
17 4
19 9
5 6
80 9
27 3
39 7
69 3
7 4
33 2
58 7
71 5
70 8
69 8
2 7
44 3
34 8
4 7
74 1
8 6
75 3
76 3
18 5
36 7
73 7
23 2
30 8
1 3
68 6
65 8
29 4
41 8
62 4
53 6
72 5
29 1
10 9
48 3
66 4
40 5
39 9
48 3
60 2
16 9
74 7
23 3
33 7
28 1
64 7
45 7
66 3
70 1
68 2
33 2
35 2
18 2
57 4
49 7
51 3
42 8
17 8
28 2
56 9
53 2
38 5
32 7
72 1
25 9
57 1
4 4
34 4
23 5
19 9
26 5
40 5
58 3
70 6
63 7
16 4
74 7
27 5
14 1
16 1
70 5
18 2
65 6
74 5
56 9
46 9
42 1
16 8
58 6
40 9
52 6
74 8
15 7
49 4
72 1
36 9
26 8
77 9
53 5
22 8
80 9
26 6
68 1
50 7
52 6
80 2
64 4
38 1
53 3
51 5
23 2
78 1
45 5
53 9
39 3
60 5
63 3
60 9
6 5
66 2
76 7
9 6
9 8
3 3
65 3
12 7
36 5
27 9
27 4
43 5
9 2
67 6
60 9
72 1
22 5
72 5
46 4
51 9
52 3
62 5
79 6
29 5
79 4
4 7
41 7
32 5
25 2
22 8
75 3
78 5
59 9
21 3
18 8
47 5
52 4
15 4
40 2
14 4
51 6
64 2
24 1
8 1
28 1
64 9
79 8
44 5
16 3
13 4
52 4
64 8
49 3
30 4
37 8
71 7
28 8
34 6
64 2
28 2
6 1
1 8
41 7
75 5
26 7
21 3
4 1
50 3
70 1
73 7
33 3
11 8
39 1
5 9
8 9
17 1
36 2
56 2
25 1
64 3
36 4
58 7
43 5
34 4
32 1
76 3
45 7
78 9
67 1
46 9
53 9
26 9
55 2
35 2
33 3
13 3
8 4
55 1
7 2
66 8
65 6
13 6
6 3
69 1
57 3
51 8
4 9
35 2
33 6
11 5
5 7
8 5
41 3
34 7
15 5
13 7
32 9
72 4
43 6
66 7
75 8
14 3
58 9
72 9
69 1
38 3
26 6
50 9
42 2
53 6
17 2
6 5
69 6
54 5
41 6
35 6
67 9
2 9
16 3
41 6
42 2
58 5
62 8
47 7
11 1
18 1
68 8
74 5
32 6
47 6
52 5
60 6
69 9
22 1
19 5
29 3
15 3
53 1
13 9
35 2
27 5
9 9
11 2
28 3
66 7
3 6
63 5
29 4
77 8
31 7
58 6
70 4
62 2
33 7
26 1
69 7
66 8
10 7
79 9
75 7
6 6
59 1
25 5
1 9
16 5
66 6
70 9
37 9
53 9
67 7
78 5
58 5
17 9
57 3
71 3
33 1
55 1
48 7
52 5
3 2
12 1
50 5
60 5
48 8
44 7
59 2
62 6
19 7
19 1
23 5
48 3
76 5
53 5
66 5
54 5
56 6
63 4
63 7
55 2
9 3
27 3
30 1
14 5
20 8
13 7
24 1
12 7
79 1
71 4
69 7
45 1
14 9
54 2
34 5
23 8
7 4
12 7
16 8
38 9
64 7
15 8
14 3
50 4
22 9
33 7
69 5
64 9
28 6
63 2
2 6
35 1
70 8
39 2
30 9
36 5
32 7
19 3
33 4
53 9
77 1
69 9
20 7
35 5
62 5
35 8
28 8
48 8
31 6
23 3
75 8
69 3
8 9
42 9
18 4
41 8
62 6
16 3
18 5
29 2
69 1
73 3
15 4
73 4
65 5
55 6
1 1
40 4
11 4
36 6
35 9
49 1
16 6
45 3
15 5
19 1
45 2
12 2
39 6
32 5
68 1
47 1
11 3
52 6
31 2
43 5
2 9
42 2
46 3
78 5
52 2
74 9
61 7
69 7
39 4
39 9
18 1
77 9
15 3
31 4
56 5
70 1
33 9
35 9
34 8
17 7
14 6
9 9
47 9
72 9
75 1
80 5
58 3
20 2
75 3
28 8
43 6
38 3
20 7
57 7
16 3
35 5
78 1
69 1
17 7
72 2
59 1
56 7
36 6
53 7
78 8
7 2
61 1
1 1
15 3
68 9
46 9
35 6
61 4
80 4
14 9
46 3
15 1
41 7
45 5
8 7
54 7
46 5
44 8
31 9
19 1
44 2
66 3
70 8
44 2
75 1
62 4
50 3
51 4
13 4
43 6
32 8
61 6
64 4
56 8
52 9
16 8
35 3
20 1
49 7
14 1
10 3
59 7
65 5
20 3
68 2
33 1
60 7
30 9
51 1
70 4
55 3
23 6
31 2
69 9
21 3
49 1
66 4
55 4
6 9
25 9
79 9
10 4
51 8
16 1
50 2
72 2
62 1
67 4
2 1
40 8
36 7
22 3
72 6
69 8
65 7
71 3
51 7
26 8
36 6
20 5
73 5
23 2
47 6
19 5
33 5
45 7
36 8
2 3
17 5
29 4
10 9
80 4
70 7
