0 0 0
1 15 0
2 0 15
3 15 15
4 0 2
5 0 4
6 0 6
7 0 8
8 0 10
9 0 12
10 2 0
11 2 15
12 4 0
13 4 15
14 6 0
15 6 15
16 8 0
17 8 15
18 10 15
19 10 0
20 12 0
21 12 15
22 15 2
23 13 0
24 15 4
25 6 1
26 15 6
27 15 8
28 15 11
29 15 13
30 1 1
31 1 3
32 1 7
33 8 14
34 1 5
35 1 9
36 1 11
37 1 14
38 0 3
39 14 15
40 2 2
41 2 4
42 15 10
43 2 6
44 5 0
45 0 13
46 2 9
47 2 12
48 3 1
49 8 15
50 0 5
51 3 3
52 3 5
53 6 2
54 0 1
55 3 8
56 3 10
57 3 13
58 4 2
59 10 14
60 4 4
61 4 6
62 3 0
63 0 12
64 9 15
65 1 4
66 14 0
67 4 9
68 3 15
69 1 6
70 4 11
71 5 3
72 10 13
73 5 5
74 1 10
75 6 14
76 7 15
77 3 1
78 0 14
79 6 3
80 2 1
81 5 7
82 15 5
83 5 10
84 1 9
85 0 7
86 2 15
87 1 15
88 5 12
89 1 11
90 15 11
91 4 0
92 6 0
93 11 0
94 5 1
95 2 11
96 7 2
97 6 6
98 6 8
99 2 2
100 4 8
101 7 6
102 11 15
103 4 3
104 2 5
105 15 14
106 2 8
107 3 4
108 3 7
109 3 9
110 15 1
111 2 10
112 15 13
113 0 13
114 0 4
115 15 10
116 2 15
117 0 15
118 15 7
119 1 12
120 6 11
121 6 7
122 6 9
123 15 2
124 9 14
125 5 4
126 6 4
127 4 5
128 7 8
129 3 3
130 5 4
131 8 15
132 6 5
133 15 0
134 5 7
135 6 2
136 7 4
137 1 0
138 4 10
139 7 10
140 5 8
141 5 13
142 6 7
143 0 14
144 4 8
145 10 0
146 7 15
147 12 0
148 6 3
149 7 12
150 8 10
151 0 6
152 1 5
153 6 2
154 14 5
155 15 12
156 1 11
157 0 9
158 8 4
159 5 10
160 5 15
161 13 0
162 14 0
163 3 0
164 1 2
165 7 10
166 0 5
167 6 4
168 0 10
169 2 0
170 3 5
171 3 0
172 6 3
173 5 9
174 15 15
175 13 15
176 5 0
177 2 1
178 3 11
179 8 8
180 1 6
181 2 6
182 1 12
183 2 2
184 5 11
185 2 0
186 3 12
187 15 1
188 0 15
189 3 11
190 3 15
191 1 4
192 8 15
193 5 8
194 2 15
195 12 0
196 0 12
197 4 12
198 15 9
199 4 8
200 1 6
201 3 12
202 3 0
203 4 10
204 0 8
205 4 4
206 4 13
207 2 7
208 5 6
209 0 2
210 7 5
211 5 3
212 8 6
213 15 0
214 0 9
215 9 15
216 4 0
217 5 2
218 0 6
219 6 8
220 13 14
221 6 1
222 1 10
223 7 7
224 8 11
225 15 11
226 0 0
227 6 12
228 1 8
229 1 5
230 1 13
231 15 13
232 7 14
233 14 9
234 10 1
235 2 0
236 1 1
237 3 14
238 2 4
239 10 0
240 4 7
241 8 13
242 2 9
243 1 2
244 6 5
245 7 13
246 9 1
247 9 3
248 0 10
249 0 5
250 14 0
251 5 8
252 0 13
253 9 13
254 2 10
255 5 0
256 6 14
257 15 0
258 7 15
259 0 1
260 7 0
261 4 15
262 0 14
263 5 10
264 4 5
265 4 8
266 8 14
267 2 14
268 13 0
269 4 11
270 2 3
271 13 5
272 8 0
273 7 1
274 13 15
275 1 5
276 5 13
277 2 9
278 2 2
279 1 9
280 4 0
281 1 3
282 10 3
283 0 11
284 0 3
285 3 10
286 9 3
287 5 0
288 0 0
289 15 9
290 0 10
291 8 15
292 4 1
293 5 9
294 10 3
295 0 9
296 1 2
297 2 4
298 0 11
299 5 3
300 5 15
301 2 2
302 6 11
303 3 9
304 5 4
305 3 14
306 4 3
307 5 7
308 2 9
309 6 15
310 0 5
311 3 4
312 5 6
313 0 12
314 12 0
315 4 14
316 1 14
317 1 4
318 0 7
319 9 12
320 3 14
321 7 5
322 9 2
323 2 3
324 9 1
325 7 9
326 1 10
327 14 11
328 2 5
329 1 5
330 3 15
331 15 10
332 3 6
333 6 10
334 0 2
335 0 3
336 15 3
337 2 5
338 6 1
339 9 2
340 3 2
341 3 3
342 2 2
343 4 0
344 0 14
345 4 4
346 0 1
347 1 15
348 10 1
349 0 15
350 7 0
351 1 0
352 5 11
353 12 5
354 3 4
355 7 11
356 0 8
357 3 0
358 2 11
359 15 5
360 6 12
361 4 3
362 6 3
363 0 2
364 4 10
365 1 14
366 0 13
367 8 10
368 6 7
369 3 8
370 0 12
371 0 14
372 5 8
373 10 4
374 14 1
375 4 2
376 1 12
377 4 15
378 2 13
379 15 8
380 9 14
381 3 9
382 13 14
383 0 12
384 3 8
385 7 8
386 15 12
387 2 0
388 8 11
389 3 9
390 2 10
391 6 0
392 0 4
393 5 1
394 1 7
395 14 0
396 9 8
397 6 5
398 2 8
399 7 7
400 4 4
401 6 9
402 9 15
403 11 5
404 1 12
405 6 10
406 1 9
407 15 2
408 13 15
409 4 11
410 13 11
411 10 12
412 0 9
413 7 1
414 5 0
415 4 14
416 3 10
417 7 3
418 8 15
419 15 0
420 13 1
421 6 7
422 7 2
423 7 6
424 0 10
425 14 10
426 13 2
427 7 9
428 5 3
429 9 0
430 1 15
431 7 0
432 7 15
433 14 0
434 8 8
435 2 7
436 6 8
437 1 0
438 13 14
439 6 2
440 12 2
441 5 11
442 2 1
443 15 1
444 1 10
445 7 11
446 4 9
447 1 8
448 2 2
449 6 3
450 11 0
451 3 11
452 0 5
453 5 10
454 3 14
455 4 5
456 6 9
457 5 3
458 12 15
459 2 0
460 8 15
461 8 1
462 0 7
463 10 3
464 1 0
465 4 10
466 2 8
467 1 1
468 5 12
469 8 7
470 15 4
471 6 14
472 0 12
473 4 11
474 6 12
475 5 2
476 9 3
477 4 3
478 3 3
479 4 13
480 10 2
481 6 3
482 2 14
483 12 1
484 7 15
485 0 4
486 2 6
487 8 8
488 3 9
489 0 10
490 3 14
491 1 3
492 10 1
493 4 4
494 7 4
495 1 8
496 4 1
497 2 1
498 13 0
499 2 11
500 4 2
501 0 11
502 3 7
503 0 15
504 8 11
505 7 9
506 2 0
507 10 5
508 15 13
509 11 3
510 0 10
511 4 0
512 15 7
513 2 15
514 8 0
515 1 9
516 2 8
517 3 5
518 9 1
519 8 14
520 14 0
521 7 1
522 7 12
523 5 1
524 3 15
525 4 6
526 0 6
527 8 3
528 7 13
529 4 8
530 3 0
531 1 1
532 5 13
533 4 13
534 1 5
535 7 12
536 12 11
537 2 14
538 0 9
539 11 15
540 10 15
541 0 3
542 1 3
543 7 2
544 2 5
545 0 3
546 1 13
547 5 9
548 3 13
549 12 2
550 9 10
551 3 6
552 0 14
553 8 13
554 5 2
555 9 12
556 5 8
557 12 15
558 13 13
559 0 5
560 7 7
561 2 6
562 10 3
563 12 0
564 1 11
565 5 3
566 5 9
567 1 6
568 3 2
569 15 0
570 4 2
571 0 11
572 3 10
573 1 4
574 0 8
575 8 15
576 4 1
577 5 5
578 1 12
579 6 11
580 4 12
581 5 13
582 14 0
583 2 15
584 3 4
585 4 3
586 3 14
587 7 15
588 2 1
589 8 15
590 3 9
591 7 13
592 6 4
593 0 4
594 8 10
595 4 4
596 6 7
597 4 11
598 15 3
599 1 1
600 2 0
601 11 3
602 15 4
603 10 0
604 4 3
605 0 7
606 5 2
607 0 6
608 15 10
609 7 1
610 15 12
611 0 1
612 9 8
613 6 10
614 7 15
615 5 15
616 10 3
617 9 11
618 6 2
619 6 13
620 9 12
621 3 6
622 4 5
623 3 12
624 7 14
625 7 12
626 9 9
627 5 2
628 5 4
629 15 2
630 0 7
631 4 10
632 6 0
633 1 8
634 5 1
635 0 13
636 14 15
637 5 3
638 4 6
639 4 5
640 15 5
641 2 4
642 6 3
643 4 4
644 9 15
645 4 0
646 15 0
647 6 15
648 12 13
649 3 4
650 5 10
651 3 5
652 7 11
653 2 3
654 8 9
655 4 6
656 2 9
657 4 14
658 8 10
659 3 10
660 15 3
661 13 0
662 3 14
663 9 2
664 10 2
665 7 15
666 2 8
667 4 3
668 3 3
669 1 3
670 3 1
671 10 15
672 6 9
673 2 14
674 1 8
675 7 8
676 15 15
677 15 13
678 6 2
679 6 14
680 5 0
681 8 15
682 15 14
683 5 6
684 5 11
685 6 0
686 6 3
687 1 0
688 9 11
689 7 7
690 12 14
691 5 0
692 4 9
693 5 4
694 5 13
695 3 9
696 1 9
697 3 0
698 4 9
699 8 9
700 2 1
701 2 6
702 2 15
703 12 1
704 15 4
705 3 11
706 15 15
707 0 10
708 11 15
709 5 2
710 10 3
711 7 15
712 3 13
713 4 15
714 4 11
715 3 8
716 4 1
717 15 9
718 3 14
719 6 15
720 14 0
721 7 3
722 0 12
723 1 15
724 4 0
725 7 2
726 0 5
727 6 4
728 5 3
729 1 10
730 5 15
731 0 9
732 6 2
733 7 10
734 9 5
735 0 15
736 2 8
737 2 15
738 9 3
739 2 5
740 2 3
741 2 0
742 8 1
743 1 7
744 0 2
745 7 9
746 4 2
747 1 3
748 5 4
749 15 10
750 8 12
751 1 15
752 2 10
753 6 9
754 3 13
755 0 7
756 0 4
757 7 12
758 4 13
759 15 0
760 8 11
761 7 9
762 1 6
763 2 3
764 9 0
765 3 8
766 4 6
767 3 0
# colocadas=768 ocupadas=81 mayor=110
