0 6 10
1 3 13
2 9 2
3 7 12
4 6 3
5 7 7
6 13 2
7 13 14
8 8 3
9 15 0
10 4 14
11 8 14
12 4 12
13 7 1
14 9 1
15 2 0
16 4 3
17 3 0
18 2 0
19 12 14
20 8 15
21 9 4
22 6 15
23 15 13
24 0 0
25 8 14
26 0 10
27 1 4
28 1 1
29 15 15
30 14 0
31 3 1
32 2 4
33 0 8
34 5 4
35 3 11
36 9 2
37 9 0
38 5 13
39 10 4
40 15 0
41 5 9
42 11 13
43 8 15
44 7 14
45 13 7
46 6 11
47 15 10
48 13 5
49 4 7
50 1 2
51 6 10
52 4 15
53 9 15
54 3 0
55 9 8
56 15 2
57 9 9
58 2 7
59 7 11
60 1 10
61 10 7
62 8 12
63 1 1
64 4 14
65 1 13
66 15 4
67 10 13
68 5 8
69 4 5
70 6 12
71 14 1
72 11 5
73 0 14
74 13 4
75 5 15
76 11 7
77 11 13
78 10 1
79 8 14
80 6 13
81 2 6
82 3 7
83 7 12
84 13 11
85 8 2
86 5 5
87 13 14
88 1 2
89 12 15
90 7 11
91 0 1
92 14 0
93 7 12
94 14 15
95 2 9
96 3 14
97 12 0
98 14 2
99 0 15
100 13 5
101 1 6
102 3 3
103 6 6
104 10 7
105 5 4
106 4 10
107 6 5
108 13 3
109 13 13
110 8 7
111 13 9
112 7 7
113 14 12
114 10 15
115 11 7
116 12 6
117 11 10
118 5 9
119 12 1
120 14 5
121 5 7
122 6 15
123 12 0
124 1 4
125 0 0
126 2 8
127 9 8
128 6 9
129 2 11
130 14 7
131 2 5
132 9 10
133 3 6
134 8 10
135 7 11
136 10 9
137 13 6
138 9 10
139 13 5
140 14 1
141 9 13
142 12 10
143 5 3
144 10 11
145 8 0
146 9 0
147 11 12
148 8 10
149 0 10
150 7 4
151 4 4
152 2 13
153 8 6
154 2 0
155 4 0
156 4 8
157 4 14
158 11 10
159 2 3
160 12 14
161 15 14
162 15 2
163 9 3
164 15 12
165 12 7
166 14 13
167 9 2
168 0 4
169 10 7
170 2 4
171 0 5
172 8 8
173 11 8
174 13 13
175 8 0
176 9 7
177 13 0
178 9 15
179 12 1
180 3 11
181 14 2
182 10 7
183 1 11
184 0 4
185 0 5
186 14 12
187 9 7
188 0 7
189 6 6
190 7 12
191 4 7
192 0 1
193 11 13
194 1 10
195 9 0
196 13 14
197 0 4
198 8 5
199 2 7
200 5 10
201 0 0
202 12 2
203 14 10
204 5 2
205 3 13
206 2 1
207 6 11
208 2 9
209 5 5
210 0 5
211 1 8
212 15 5
213 0 4
214 10 15
215 4 10
216 0 8
217 14 4
218 5 4
219 8 0
220 5 14
221 5 13
222 5 15
223 5 9
224 11 7
225 13 13
226 9 10
227 2 8
228 0 14
229 9 12
230 4 2
231 3 3
232 13 15
233 15 3
234 6 8
235 6 5
236 3 0
237 12 1
238 9 15
239 5 3
240 12 10
241 3 5
242 6 6
243 10 0
244 15 12
245 12 5
246 11 11
247 2 0
248 3 6
249 15 10
250 6 9
251 7 14
252 7 3
253 7 6
254 9 6
255 3 10
256 10 11
257 8 10
258 3 1
259 2 1
260 9 0
261 12 8
262 6 8
263 9 8
264 1 12
265 2 0
266 12 3
267 8 3
268 8 7
269 8 2
270 11 5
271 8 15
272 5 7
273 14 12
274 13 4
275 5 11
276 14 9
277 6 11
278 8 14
279 1 1
280 12 6
281 7 14
282 13 6
283 5 0
284 4 7
285 12 15
286 13 10
287 10 7
288 8 14
289 2 3
290 9 10
291 10 13
292 8 3
293 0 1
294 4 10
295 9 5
296 10 2
297 7 13
298 6 14
299 14 5
300 0 0
301 11 9
302 4 1
303 8 10
304 3 2
305 7 11
306 1 13
307 3 1
308 4 0
309 0 15
310 0 5
311 12 5
312 4 8
313 4 6
314 9 9
315 15 1
316 6 11
317 4 7
318 3 7
319 9 14
320 8 8
321 10 10
322 2 7
323 8 2
324 1 2
325 0 4
326 3 9
327 6 9
328 13 2
329 15 13
330 0 11
331 14 4
332 13 5
333 6 8
334 6 15
335 11 3
336 7 0
337 8 11
338 5 15
339 9 4
340 11 5
341 15 6
342 11 13
343 3 3
344 3 6
345 13 4
346 6 2
347 5 7
348 13 7
349 7 7
350 4 6
351 5 12
352 8 1
353 2 11
354 8 3
355 3 14
356 14 4
357 8 2
358 0 14
359 12 11
360 0 12
361 14 15
362 0 9
363 14 0
364 4 14
365 6 15
366 15 11
367 6 5
368 12 0
369 5 10
370 0 1
371 5 6
372 13 11
373 7 14
374 1 14
375 11 6
376 12 6
377 7 6
378 12 14
379 11 5
380 6 9
381 9 2
382 6 1
383 3 11
384 7 9
385 5 9
386 14 13
387 9 8
388 4 11
389 4 10
390 7 12
391 12 15
392 14 10
393 0 6
394 7 7
395 6 4
396 0 11
397 4 7
398 15 15
399 5 2
400 8 7
401 0 8
402 4 3
403 13 3
404 0 0
405 15 14
406 8 6
407 10 4
408 4 12
409 3 6
410 11 2
411 3 3
412 8 10
413 5 8
414 6 3
415 2 11
416 6 9
417 0 13
418 1 7
419 8 13
420 9 4
421 13 14
422 14 12
423 13 13
424 11 7
425 6 7
426 3 2
427 14 15
428 9 9
429 10 12
430 4 1
431 10 1
432 6 10
433 12 5
434 12 10
435 10 3
436 1 13
437 12 2
438 5 14
439 13 14
440 11 4
441 11 3
442 10 14
443 7 1
444 15 4
445 9 15
446 10 0
447 13 13
448 9 8
449 10 15
450 1 9
451 6 9
452 7 5
453 15 0
454 8 0
455 8 7
456 0 10
457 0 5
458 13 8
459 0 6
460 1 1
461 9 5
462 8 15
463 8 4
464 1 2
465 5 4
466 14 4
467 9 6
468 15 1
469 7 7
470 3 8
471 10 7
472 9 5
473 12 11
474 9 0
475 3 3
476 3 9
477 11 7
478 13 2
479 0 11
480 8 3
481 0 14
482 0 5
483 13 9
484 15 0
485 12 14
486 0 3
487 8 0
488 15 10
489 3 0
490 8 11
491 7 0
492 9 9
493 9 0
494 15 9
495 1 3
496 9 15
497 12 3
498 1 1
499 6 10
500 3 2
501 8 15
502 15 2
503 2 1
504 15 3
505 8 4
506 13 3
507 2 2
508 9 13
509 12 6
510 11 2
511 9 3
512 3 3
513 14 0
514 4 2
515 15 0
516 5 10
517 5 15
518 4 10
519 9 6
520 14 5
521 15 12
522 1 10
523 9 1
524 9 5
525 10 1
526 15 15
527 9 6
528 12 15
529 6 1
530 0 15
531 6 15
532 2 6
533 1 9
534 9 5
535 12 5
536 9 1
537 3 11
538 10 3
539 5 15
540 0 9
541 0 3
542 3 14
543 7 3
544 8 6
545 9 10
546 8 7
547 12 3
548 13 5
549 8 6
550 15 8
551 13 14
552 0 7
553 11 5
554 13 8
555 6 2
556 11 14
557 3 6
558 6 3
559 13 3
560 1 2
561 13 9
562 8 12
563 1 10
564 15 2
565 5 13
566 11 4
567 10 9
568 1 3
569 5 1
570 3 7
571 5 0
572 6 9
573 15 14
574 15 5
575 4 4
576 13 6
577 15 10
578 14 9
579 0 3
580 11 12
581 1 1
582 1 8
583 12 3
584 7 10
585 13 8
586 2 11
587 10 0
588 15 7
589 9 11
590 14 1
591 0 14
592 7 1
593 8 10
594 1 5
595 9 15
596 6 5
597 2 9
598 4 1
599 2 0
600 13 10
601 4 7
602 15 3
603 2 13
604 3 0
605 6 15
606 13 11
607 3 2
608 13 0
609 14 8
610 14 6
611 5 14
612 7 0
613 11 1
614 14 9
615 11 9
616 13 12
617 4 0
618 3 11
619 13 5
620 11 10
621 13 15
622 6 6
623 7 9
624 13 13
625 8 7
626 1 2
627 1 1
628 5 10
629 3 9
630 14 3
631 0 5
632 4 13
633 4 3
634 10 15
635 2 2
636 2 6
637 14 13
638 8 13
639 14 4
640 7 1
641 0 6
642 7 0
643 14 12
644 13 7
645 0 7
646 5 9
647 2 8
648 15 8
649 7 11
650 10 7
651 8 9
652 5 1
653 10 13
654 8 12
655 15 11
656 1 4
657 15 13
658 2 4
659 9 2
660 0 8
661 7 12
662 7 8
663 1 13
664 8 2
665 15 14
666 0 12
667 9 10
668 2 11
669 13 3
670 13 14
671 14 2
672 0 11
673 8 10
674 4 1
675 2 13
676 14 8
677 3 3
678 13 2
679 5 15
680 9 2
681 1 2
682 9 6
683 7 6
684 15 2
685 4 3
686 7 2
687 0 12
688 13 3
689 13 13
690 6 10
691 12 7
692 11 0
693 12 12
694 14 0
695 6 14
696 13 6
697 7 11
698 4 12
699 7 12
700 10 0
701 15 10
702 13 8
703 9 0
704 6 0
705 5 5
706 3 10
707 5 7
708 6 8
709 1 5
710 8 14
711 0 9
712 11 5
713 12 5
714 13 4
715 5 4
716 0 5
717 15 13
718 2 9
719 13 11
720 12 10
721 0 1
722 0 13
723 14 4
724 13 9
725 1 11
726 5 3
727 12 3
728 8 2
729 1 4
730 13 4
731 7 8
732 3 11
733 9 7
734 12 2
735 9 3
736 6 8
737 9 8
738 14 1
739 14 6
740 0 10
741 13 5
742 12 14
743 13 6
744 11 13
745 0 8
746 1 3
747 9 11
748 9 2
749 11 12
750 1 13
751 14 2
752 8 2
753 15 4
754 8 3
755 15 12
756 13 10
757 12 1
758 4 7
759 3 13
760 9 1
761 2 8
762 13 7
763 10 11
764 2 5
765 7 7
766 9 15
767 9 10
# colocadas=768 ocupadas=80 mayor=82
