0 12 15
1 9 8
2 14 1
3 9 14
4 11 12
5 6 11
6 10 14
7 15 4
8 1 8
9 8 7
10 7 4
11 9 6
12 11 13
13 0 0
14 14 14
15 10 3
16 1 11
17 11 6
18 3 0
19 13 6
20 1 10
21 13 5
22 7 2
23 6 13
24 12 6
25 5 0
26 7 6
27 8 5
28 3 10
29 3 14
30 9 9
31 8 10
32 10 6
33 14 11
34 0 3
35 3 5
36 13 0
37 3 8
38 6 14
39 11 8
40 0 14
41 9 6
42 1 1
43 12 10
44 0 5
45 13 12
46 13 10
47 10 7
48 2 0
49 2 4
50 1 11
51 0 6
52 6 7
53 12 2
54 0 9
55 9 2
56 15 0
57 8 12
58 7 10
59 4 6
60 2 10
61 12 0
62 7 15
63 5 5
64 11 4
65 1 3
66 10 10
67 0 11
68 10 12
69 6 4
70 11 6
71 5 11
72 0 3
73 3 0
74 12 7
75 5 15
76 8 3
77 8 10
78 2 0
79 13 0
80 9 0
81 7 13
82 11 10
83 9 5
84 7 3
85 0 5
86 15 13
87 3 13
88 9 7
89 3 15
90 9 11
91 8 3
92 3 0
93 15 1
94 15 11
95 6 5
96 13 2
97 14 6
98 10 9
99 12 2
100 7 4
101 15 0
102 6 13
103 5 14
104 14 12
105 12 5
106 7 10
107 13 13
108 10 6
109 10 4
110 12 14
111 13 15
112 13 5
113 9 8
114 12 15
115 11 5
116 8 9
117 11 6
118 5 6
119 8 0
120 9 6
121 9 15
122 6 3
123 14 10
124 4 12
125 8 8
126 6 15
127 11 3
128 12 0
129 6 4
130 3 9
131 5 3
132 0 7
133 15 2
134 14 4
135 4 10
136 10 10
137 9 4
138 11 12
139 6 11
140 6 8
141 1 10
142 10 12
143 12 5
144 7 5
145 15 15
146 5 12
147 2 12
148 6 7
149 11 12
150 15 5
151 11 5
152 2 0
153 4 12
154 12 13
155 6 2
156 5 5
157 3 6
158 2 15
159 13 6
160 8 10
161 1 2
162 11 14
163 7 9
164 3 1
165 7 10
166 10 11
167 10 14
168 4 3
169 7 3
170 9 12
171 3 0
172 8 5
173 4 14
174 3 5
175 5 2
176 7 12
177 0 6
178 13 12
179 13 10
180 5 13
181 3 3
182 4 5
183 11 7
184 14 3
185 9 7
186 15 4
187 14 9
188 2 1
189 2 0
190 3 14
191 10 3
192 12 8
193 14 11
194 6 8
195 8 10
196 11 9
197 7 13
198 15 5
199 5 7
200 9 9
201 13 14
202 13 1
203 15 4
204 11 0
205 5 6
206 1 1
207 0 7
208 0 1
209 14 5
210 8 6
211 6 5
212 3 13
213 7 10
214 13 4
215 1 6
216 1 3
217 11 1
218 9 8
219 0 8
220 2 10
221 7 4
222 5 11
223 0 0
224 8 12
225 3 0
226 3 8
227 6 0
228 3 9
229 4 4
230 4 15
231 6 14
232 10 7
233 14 0
234 3 6
235 12 14
236 0 9
237 15 12
238 6 15
239 12 10
240 1 12
241 13 13
242 13 3
243 5 7
244 15 5
245 9 0
246 7 3
247 1 0
248 9 10
249 4 0
250 0 8
251 15 9
252 0 0
253 3 0
254 5 14
255 3 2
256 8 7
257 3 14
258 3 3
259 7 7
260 12 6
261 7 4
262 15 14
263 15 4
264 6 2
265 2 12
266 13 10
267 8 15
268 11 13
269 6 11
270 14 12
271 3 8
272 8 0
273 10 13
274 6 14
275 8 11
276 15 15
277 9 1
278 3 5
279 14 11
280 1 2
281 4 0
282 6 15
283 3 2
284 14 1
285 12 13
286 5 13
287 8 7
288 5 14
289 3 13
290 9 13
291 13 0
292 7 9
293 13 14
294 12 10
295 0 15
296 9 6
297 4 2
298 3 15
299 15 1
300 6 14
301 1 9
302 5 6
303 4 6
304 2 0
305 5 6
306 5 5
307 2 14
308 3 2
309 12 0
310 11 2
311 6 13
312 11 13
313 12 4
314 14 3
315 3 10
316 8 3
317 13 5
318 8 10
319 15 5
320 4 15
321 10 8
322 0 14
323 4 8
324 0 1
325 9 11
326 5 0
327 9 2
328 15 14
329 12 13
330 11 14
331 15 4
332 13 2
333 11 10
334 4 6
335 14 6
336 15 0
337 10 4
338 5 12
339 11 3
340 14 14
341 14 5
342 2 5
343 15 5
344 13 4
345 10 10
346 2 11
347 2 15
348 0 0
349 11 9
350 14 7
351 3 14
352 10 11
353 13 1
354 3 6
355 7 10
356 6 0
357 9 10
358 15 4
359 5 15
360 6 6
361 9 8
362 13 8
363 14 0
364 13 12
365 6 7
366 2 3
367 1 1
368 9 1
369 8 10
370 3 9
371 10 6
372 4 6
373 7 13
374 6 4
375 12 4
376 9 4
377 0 12
378 3 1
379 9 10
380 3 0
381 7 3
382 12 2
383 5 2
384 4 14
385 6 13
386 6 10
387 0 3
388 10 2
389 6 8
390 6 14
391 4 12
392 15 0
393 2 0
394 15 7
395 1 11
396 14 10
397 13 15
398 13 6
399 9 9
400 0 6
401 14 9
402 9 2
403 0 9
404 0 5
405 15 13
406 13 3
407 0 15
408 0 2
409 6 7
410 6 15
411 4 15
412 15 6
413 0 6
414 1 10
415 0 8
416 1 15
417 13 2
418 1 6
419 2 10
420 15 14
421 0 13
422 3 15
423 1 2
424 4 11
425 15 3
426 10 3
427 4 13
428 14 12
429 0 9
430 15 9
431 11 4
432 7 11
433 14 0
434 5 0
435 13 13
436 9 6
437 4 5
438 11 6
439 10 12
440 5 5
441 8 11
442 8 10
443 3 10
444 6 2
445 12 2
446 7 5
447 8 6
448 14 1
449 9 0
450 11 12
451 8 5
452 3 3
453 0 11
454 7 6
455 0 3
456 0 1
457 0 6
458 9 15
459 15 8
460 0 8
461 15 0
462 8 15
463 8 0
464 7 5
465 6 11
466 1 9
467 1 11
468 3 8
469 5 15
470 2 14
471 0 12
472 6 12
473 10 8
474 10 14
475 13 4
476 3 13
477 2 2
478 14 15
479 11 8
480 5 11
481 7 4
482 3 5
483 9 10
484 12 6
485 4 13
486 4 0
487 2 11
488 5 0
489 4 11
490 3 14
491 4 7
492 9 3
493 13 12
494 6 8
495 14 0
496 8 10
497 8 7
498 15 9
499 2 12
500 5 10
501 12 14
502 6 7
503 2 5
504 4 5
505 10 7
506 3 15
507 4 6
508 7 15
509 10 9
510 3 14
511 13 2
512 0 4
513 3 6
514 1 0
515 4 3
516 7 2
517 8 3
518 4 2
519 9 9
520 5 11
521 6 3
522 15 4
523 6 11
524 2 0
525 8 15
526 0 0
527 4 15
528 10 4
529 9 5
530 1 6
531 4 12
532 5 4
533 13 6
534 11 9
535 2 10
536 0 1
537 5 14
538 3 15
539 9 8
540 15 3
541 13 13
542 6 12
543 7 1
544 4 0
545 10 10
546 15 7
547 11 3
548 6 11
549 6 12
550 3 9
551 6 14
552 5 0
553 12 4
554 15 8
555 5 14
556 1 3
557 9 9
558 9 3
559 15 12
560 1 14
561 15 11
562 3 0
563 15 13
564 10 11
565 14 4
566 11 2
567 6 11
568 13 3
569 4 13
570 9 6
571 0 14
572 7 2
573 12 15
574 15 0
575 6 2
576 6 12
577 0 0
578 15 14
579 11 8
580 11 13
581 11 12
582 6 9
583 3 12
584 4 11
585 6 11
586 6 0
587 7 10
588 2 3
589 4 6
590 4 5
591 9 5
592 5 0
593 13 0
594 11 13
595 4 10
596 3 3
597 9 7
598 0 7
599 5 9
600 7 8
601 3 4
602 13 12
603 0 8
604 6 13
605 2 13
606 5 8
607 10 7
608 14 12
609 2 12
610 3 3
611 1 15
612 9 7
613 6 3
614 0 11
615 10 8
616 3 13
617 7 1
618 9 1
619 10 7
620 7 12
621 13 14
622 14 5
623 2 1
624 13 5
625 7 3
626 15 12
627 1 8
628 2 4
629 5 2
630 11 12
631 15 13
632 6 1
633 5 15
634 9 2
635 3 5
636 4 1
637 13 6
638 15 4
639 2 14
640 7 2
641 9 0
642 5 11
643 12 2
644 12 8
645 4 6
646 15 9
647 7 4
648 15 1
649 7 5
650 0 15
651 3 1
652 5 5
653 2 13
654 6 4
655 8 8
656 15 0
657 5 6
658 11 10
659 0 6
660 9 3
661 11 13
662 4 1
663 0 3
664 3 14
665 12 10
666 13 2
667 11 14
668 0 9
669 14 0
670 12 5
671 5 3
672 13 12
673 3 8
674 15 3
675 1 12
676 1 0
677 8 7
678 1 11
679 0 5
680 1 15
681 11 10
682 14 4
683 1 7
684 4 5
685 9 6
686 11 7
687 11 2
688 0 0
689 10 7
690 14 5
691 1 0
692 8 6
693 0 15
694 12 14
695 9 14
696 13 1
697 11 8
698 4 9
699 12 4
700 3 2
701 15 1
702 1 8
703 7 3
704 9 5
705 9 6
706 1 2
707 0 0
708 9 2
709 9 3
710 14 14
711 7 15
712 11 4
713 10 14
714 10 3
715 9 3
716 4 11
717 15 12
718 0 8
719 9 14
720 10 4
721 7 9
722 5 11
723 8 10
724 10 3
725 3 3
726 7 6
727 15 13
728 12 2
729 15 8
730 7 10
731 9 8
732 5 14
733 15 12
734 4 3
735 11 5
736 6 11
737 3 10
738 14 4
739 6 0
740 10 4
741 15 4
742 12 10
743 8 15
744 14 1
745 11 7
746 14 11
747 3 1
748 0 6
749 0 9
750 12 15
751 2 3
752 15 13
753 1 13
754 13 5
755 6 14
756 4 12
757 11 6
758 10 3
759 15 5
760 7 4
761 15 9
762 8 6
763 14 9
764 6 2
765 13 2
766 6 8
767 15 0
# colocadas=768 ocupadas=80 mayor=126
