# semilla=2
16 80
768
8 2
11 6
22 5
33 4
78 1
75 3
56 7
66 6
70 8
65 5
5 1
47 8
41 7
55 9
22 9
23 4
30 1
23 6
23 3
66 9
47 9
72 3
58 7
68 6
76 6
47 8
21 7
60 9
32 8
36 8
65 9
46 8
60 6
73 9
59 8
29 6
22 5
62 5
39 9
72 9
65 7
40 4
63 9
47 2
44 1
25 2
8 1
35 4
14 9
18 5
32 4
8 7
5 1
47 6
23 4
4 2
15 2
4 1
3 6
33 3
21 3
67 1
50 1
32 3
5 1
45 2
37 6
63 1
40 8
71 1
34 7
80 3
61 4
12 6
14 1
58 3
67 7
63 9
42 3
44 5
34 7
3 9
18 1
33 1
17 3
22 2
59 4
66 1
32 4
57 2
33 2
76 4
80 6
33 7
36 9
1 3
5 7
53 3
15 9
12 4
14 2
3 3
30 2
28 1
67 8
59 5
69 7
28 4
56 7
66 1
75 1
54 9
75 3
13 8
47 1
67 2
79 6
38 6
40 1
53 2
14 5
26 1
58 1
53 8
60 4
76 2
1 5
4 6
40 2
29 8
25 2
74 6
51 8
18 6
51 2
33 2
16 2
79 6
51 4
14 1
80 8
6 8
38 6
59 3
48 5
62 9
62 7
63 5
51 4
21 8
77 5
71 7
11 2
10 6
23 9
19 7
9 2
5 3
38 7
30 6
57 3
68 5
15 3
70 7
13 6
67 4
66 5
22 3
60 4
52 6
74 3
60 8
4 7
24 7
66 1
62 5
52 5
53 8
47 9
43 2
29 9
80 4
52 7
2 6
60 9
60 3
13 1
52 4
73 7
28 2
50 9
26 5
76 4
63 3
2 7
62 5
66 3
60 4
10 6
1 8
69 2
76 8
43 8
35 9
59 1
11 6
23 7
33 3
7 3
64 7
60 5
20 1
37 9
60 1
47 1
69 7
73 8
27 5
64 3
62 9
39 2
34 6
39 6
40 7
67 2
66 4
51 9
20 9
12 5
6 4
59 9
30 9
36 1
15 2
49 6
28 6
46 2
43 8
47 3
64 8
38 8
18 8
28 5
42 3
13 4
61 4
48 3
46 3
18 4
35 9
49 7
44 5
77 9
75 6
52 5
69 2
48 5
51 8
23 5
46 8
62 2
24 6
49 3
4 2
45 3
46 2
56 1
70 6
31 7
70 5
61 3
47 6
26 8
13 3
27 6
33 3
54 6
33 2
44 4
32 4
79 1
44 6
79 1
19 3
9 7
57 5
17 6
67 2
44 7
30 1
51 8
63 6
70 2
76 9
69 8
52 8
22 7
50 9
58 1
14 8
76 3
16 9
23 2
51 5
59 1
33 2
45 4
23 1
19 7
12 6
60 1
61 4
9 8
18 9
4 3
65 9
8 1
26 9
1 9
44 9
31 3
48 8
1 3
70 2
32 2
60 4
7 4
49 6
80 7
68 9
21 9
14 3
27 3
49 4
39 6
56 3
55 3
51 6
39 2
72 2
61 5
37 9
63 5
30 7
18 9
14 1
78 9
26 4
25 7
75 1
18 1
34 8
70 1
29 3
77 6
5 4
14 3
70 3
12 8
38 4
21 6
36 9
73 2
53 7
5 8
39 2
35 1
28 7
43 5
69 7
76 9
26 7
17 3
58 8
45 7
61 5
79 4
75 8
57 4
61 6
40 2
22 6
78 8
29 3
40 4
69 5
13 1
4 4
41 1
41 9
33 6
57 2
54 8
3 5
75 3
28 3
21 7
9 8
36 2
64 8
31 3
73 5
30 4
80 6
76 7
68 7
31 4
72 1
34 4
18 7
56 2
59 7
51 8
49 5
28 4
29 1
69 9
12 9
1 1
50 7
52 4
66 5
13 6
66 6
67 8
75 2
59 4
36 1
4 8
6 3
19 4
42 4
69 1
79 3
38 2
72 9
12 3
56 3
5 5
66 5
61 1
72 6
44 2
78 6
14 6
47 5
62 5
66 3
4 1
44 7
2 6
69 1
10 9
65 7
55 7
31 3
21 1
3 6
24 5
3 1
32 4
52 2
47 2
77 2
32 4
71 4
14 1
52 2
65 5
75 4
7 9
67 9
52 7
17 3
55 3
59 6
7 3
67 8
56 8
21 8
77 3
45 3
3 5
24 3
53 5
57 8
60 4
55 7
35 4
46 1
51 1
55 5
4 9
62 5
35 4
60 8
47 9
80 8
32 9
69 3
59 5
47 7
15 9
32 7
15 7
77 8
80 9
59 2
50 8
79 6
72 6
22 3
30 3
53 8
64 3
53 5
41 7
39 5
41 1
52 1
27 8
13 2
2 6
42 6
52 3
42 2
68 8
52 4
57 2
78 1
45 1
39 8
18 1
2 6
52 8
79 1
62 4
29 6
22 6
39 7
73 8
60 5
11 9
28 6
31 6
48 3
31 9
80 4
27 8
31 7
35 4
66 3
1 7
61 6
24 4
78 3
63 1
18 4
28 1
80 2
59 4
24 5
51 1
2 6
15 5
5 6
61 7
16 2
60 3
19 8
9 5
19 8
69 2
68 5
37 1
71 9
27 2
54 3
24 5
60 4
6 6
59 1
20 4
80 6
40 2
25 3
29 1
42 2
35 2
48 2
65 3
45 3
55 4
40 9
3 1
44 3
10 9
7 3
64 7
46 8
38 5
9 3
15 1
12 3
46 3
39 9
17 2
30 4
43 2
24 7
27 7
5 6
55 8
72 6
24 9
16 1
17 7
19 7
29 5
79 9
16 2
66 3
26 2
69 6
17 9
31 4
59 7
59 2
41 4
7 6
14 7
3 2
34 6
71 4
44 7
30 1
18 3
17 3
51 3
14 5
55 8
1 2
55 1
13 1
25 7
1 4
49 6
20 3
35 5
33 4
67 5
40 7
64 8
50 5
51 3
54 5
74 8
68 7
74 6
70 2
73 1
33 7
75 8
12 9
70 8
68 5
21 4
48 2
29 4
56 3
66 4
65 7
21 2
40 8
19 9
12 6
24 4
71 1
56 9
5 7
70 5
30 3
52 4
26 4
65 5
71 5
78 5
21 1
80 7
66 1
8 8
25 9
42 5
6 8
43 3
58 1
27 6
33 8
34 9
33 1
42 1
54 4
24 7
62 3
55 5
10 3
7 7
9 9
75 3
3 1
47 4
73 9
61 7
79 6
14 1
10 4
3 9
68 1
20 1
38 5
16 1
76 1
45 5
14 7
24 7
2 4
28 3
80 7
70 1
74 5
14 4
75 4
7 4
31 3
80 1
22 2
75 4
31 5
43 2
27 3
73 4
14 6
63 3
27 4
50 5
1 2
30 5
48 5
70 5
6 5
12 8
65 3
78 6
37 7
77 7
13 9
24 4
80 3
9 8
11 3
62 1
20 7
25 8
48 9
18 7
26 2
44 6
40 7
